/*--------------------------------*- C++ -*----------------------------------*\
| =========                 |                                                 |
| \\      /  F ield         | foam-extend: Open Source CFD                    |
|  \\    /   O peration     | Version:     4.0                                |
|   \\  /    A nd           | Web:         http://www.foam-extend.org         |
|    \\/     M anipulation  |                                                 |
\*---------------------------------------------------------------------------*/
FoamFile
{
    version 2.0;
    format ascii;
    class volVectorField;
    location "964";
    object      H;
}
// * * * * * * * * * * * * * * * * * * * * * * * * * * * * * * * * * * * * * //

dimensions      [0 1 -1 0 0 0 0];

internalField   nonuniform List<vector>
4096
(
(0,0,0)
(0,0,0)
(0,0,0)
(0,0,0)
(0,0,0)
(0,0,0)
(0,0,0)
(0,0,0)
(0,0,0)
(0,0,0)
(0,0,0)
(0,0,0)
(0,0,0)
(0,0,0)
(0,0,0)
(0,0,0)
(0,0,0)
(0,0,0)
(0,0,0)
(0,0,0)
(0,0,0)
(0,0,0)
(0,0,0)
(0,0,0)
(0,0,0)
(0,0,0)
(0,0,0)
(0,0,0)
(0,0,0)
(0,0,0)
(0,0,0)
(0,0,0)
(0,0,0)
(0,0,0)
(0,0,0)
(0,0,0)
(0,0,0)
(0,0,0)
(0,0,0)
(0,0,0)
(0,0,0)
(0,0,0)
(0,0,0)
(0,0,0)
(0,0,0)
(0,0,0)
(0,0,0)
(0,0,0)
(0,0,0)
(0,0,0)
(0,0,0)
(0,0,0)
(0,0,0)
(0,0,0)
(0,0,0)
(0,0,0)
(0,0,0)
(0,0,0)
(0,0,0)
(0,0,0)
(0,0,0)
(0,0,0)
(0,0,0)
(0,0,0)
(0,0,0)
(0,0,0)
(0,0,0)
(0,0,0)
(0,0,0)
(0,0,0)
(0,0,0)
(0,0,0)
(0,0,0)
(0,0,0)
(0,0,0)
(0,0,0)
(0,0,0)
(0,0,0)
(0,0,0)
(0,0,0)
(0,0,0)
(0,0,0)
(0,0,0)
(0,0,0)
(0,0,0)
(0,0,0)
(0,0,0)
(0,0,0)
(0,0,0)
(0,0,0)
(0,0,0)
(0,0,0)
(0,0,0)
(0,0,0)
(0,0,0)
(0,0,0)
(0,0,0)
(0,0,0)
(0,0,0)
(0,0,0)
(0,0,0)
(0,0,0)
(0,0,0)
(0,0,0)
(0,0,0)
(0,0,0)
(0,0,0)
(0,0,0)
(0,0,0)
(0,0,0)
(0,0,0)
(0,0,0)
(0,0,0)
(0,0,0)
(0,0,0)
(0,0,0)
(0,0,0)
(0,0,0)
(0,0,0)
(0,0,0)
(0,0,0)
(0,0,0)
(0,0,0)
(0,0,0)
(0,0,0)
(0,0,0)
(0,0,0)
(0,0,0)
(0,0,0)
(0,0,0)
(0,0,0)
(0,0,0)
(0,0,0)
(0,0,0)
(0,0,0)
(0,0,0)
(0,0,0)
(0,0,0)
(0,0,0)
(0,0,0)
(0,0,0)
(0,0,0)
(0,0,0)
(0,0,0)
(0,0,0)
(0,0,0)
(0,0,0)
(0,0,0)
(0,0,0)
(0,0,0)
(0,0,0)
(0,0,0)
(0,0,0)
(0,0,0)
(0,0,0)
(0,0,0)
(0,0,0)
(0,0,0)
(0,0,0)
(0,0,0)
(0,0,0)
(0,0,0)
(0,0,0)
(0,0,0)
(0,0,0)
(0,0,0)
(0,0,0)
(0,0,0)
(0,0,0)
(0,0,0)
(0,0,0)
(0,0,0)
(0,0,0)
(0,0,0)
(0,0,0)
(0,0,0)
(0,0,0)
(0,0,0)
(0,0,0)
(0,0,0)
(0,0,0)
(0,0,0)
(0,0,0)
(0,0,0)
(0,0,0)
(0,0,0)
(0,0,0)
(0,0,0)
(0,0,0)
(0,0,0)
(0,0,0)
(0,0,0)
(0,0,0)
(0,0,0)
(0,0,0)
(0,0,0)
(0,0,0)
(0,0,0)
(0,0,0)
(0,0,0)
(0,0,0)
(0,0,0)
(0,0,0)
(0,0,0)
(0,0,0)
(0,0,0)
(0,0,0)
(0,0,0)
(0,0,0)
(0,0,0)
(0,0,0)
(0,0,0)
(0,0,0)
(0,0,0)
(0,0,0)
(0,0,0)
(0,0,0)
(0,0,0)
(0,0,0)
(0,0,0)
(0,0,0)
(0,0,0)
(0,0,0)
(0,0,0)
(0,0,0)
(0,0,0)
(0,0,0)
(0,0,0)
(0,0,0)
(0,0,0)
(0,0,0)
(0,0,0)
(0,0,0)
(0,0,0)
(0,0,0)
(0,0,0)
(0,0,0)
(0,0,0)
(0,0,0)
(0,0,0)
(0,0,0)
(0,0,0)
(0,0,0)
(0,0,0)
(0,0,0)
(0,0,0)
(0,0,0)
(0,0,0)
(0,0,0)
(0,0,0)
(0,0,0)
(0,0,0)
(0,0,0)
(0,0,0)
(0,0,0)
(0,0,0)
(0,0,0)
(0,0,0)
(0,0,0)
(0,0,0)
(0,0,0)
(0,0,0)
(0,0,0)
(0,0,0)
(0,0,0)
(0,0,0)
(0,0,0)
(0,0,0)
(0,0,0)
(0,0,0)
(0,0,0)
(0,0,0)
(0,0,0)
(0,0,0)
(0,0,0)
(0,0,0)
(0,0,0)
(0,0,0)
(0,0,0)
(0,0,0)
(0,0,0)
(0,0,0)
(0,0,0)
(0,0,0)
(0,0,0)
(0,0,0)
(0,0,0)
(0,0,0)
(0,0,0)
(0,0,0)
(0,0,0)
(0,0,0)
(0,0,0)
(0,0,0)
(0,0,0)
(0,0,0)
(0,0,0)
(0,0,0)
(0,0,0)
(0,0,0)
(0,0,0)
(0,0,0)
(0,0,0)
(0,0,0)
(0,0,0)
(0,0,0)
(0,0,0)
(0,0,0)
(0,0,0)
(0,0,0)
(0,0,0)
(0,0,0)
(0,0,0)
(0,0,0)
(0,0,0)
(0,0,0)
(0,0,0)
(0,0,0)
(0,0,0)
(0,0,0)
(0,0,0)
(0,0,0)
(0,0,0)
(0,0,0)
(0,0,0)
(0,0,0)
(0,0,0)
(0,0,0)
(0,0,0)
(0,0,0)
(0,0,0)
(0,0,0)
(0,0,0)
(0,0,0)
(0,0,0)
(0,0,0)
(0,0,0)
(0,0,0)
(0,0,0)
(0,0,0)
(0,0,0)
(0,0,0)
(0,0,0)
(0,0,0)
(0,0,0)
(0,0,0)
(0,0,0)
(0,0,0)
(0,0,0)
(0,0,0)
(0,0,0)
(0,0,0)
(0,0,0)
(0,0,0)
(0,0,0)
(0,0,0)
(0,0,0)
(0,0,0)
(0,0,0)
(0,0,0)
(0,0,0)
(0,0,0)
(0,0,0)
(0,0,0)
(0,0,0)
(0,0,0)
(0,0,0)
(0,0,0)
(0,0,0)
(0,0,0)
(0,0,0)
(0,0,0)
(0,0,0)
(0,0,0)
(0,0,0)
(0,0,0)
(0,0,0)
(0,0,0)
(0,0,0)
(0,0,0)
(0,0,0)
(0,0,0)
(0,0,0)
(0,0,0)
(0,0,0)
(0,0,0)
(0,0,0)
(0,0,0)
(0,0,0)
(0,0,0)
(0,0,0)
(0,0,0)
(0,0,0)
(0,0,0)
(0,0,0)
(0,0,0)
(0,0,0)
(0,0,0)
(0,0,0)
(0,0,0)
(0,0,0)
(0,0,0)
(0,0,0)
(0,0,0)
(0,0,0)
(0,0,0)
(0,0,0)
(0,0,0)
(0,0,0)
(0,0,0)
(0,0,0)
(0,0,0)
(0,0,0)
(0,0,0)
(0,0,0)
(0,0,0)
(0,0,0)
(0,0,0)
(0,0,0)
(0,0,0)
(0,0,0)
(0,0,0)
(0,0,0)
(0,0,0)
(0,0,0)
(0,0,0)
(0,0,0)
(0,0,0)
(0,0,0)
(0,0,0)
(0,0,0)
(0,0,0)
(0,0,0)
(0,0,0)
(0,0,0)
(0,0,0)
(0,0,0)
(0,0,0)
(0,0,0)
(0,0,0)
(0,0,0)
(0,0,0)
(0,0,0)
(0,0,0)
(0,0,0)
(0,0,0)
(0,0,0)
(0,0,0)
(0,0,0)
(0,0,0)
(0,0,0)
(0,0,0)
(0,0,0)
(0,0,0)
(0,0,0)
(0,0,0)
(0,0,0)
(0,0,0)
(0,0,0)
(0,0,0)
(0,0,0)
(0,0,0)
(0,0,0)
(0,0,0)
(0,0,0)
(0,0,0)
(0,0,0)
(0,0,0)
(0,0,0)
(0,0,0)
(0,0,0)
(0,0,0)
(0,0,0)
(0,0,0)
(0,0,0)
(0,0,0)
(0,0,0)
(0,0,0)
(0,0,0)
(0,0,0)
(0,0,0)
(0,0,0)
(0,0,0)
(0,0,0)
(0,0,0)
(0,0,0)
(0,0,0)
(0,0,0)
(0,0,0)
(0,0,0)
(0,0,0)
(0,0,0)
(0,0,0)
(0,0,0)
(0,0,0)
(0,0,0)
(0,0,0)
(0,0,0)
(0,0,0)
(0,0,0)
(0,0,0)
(0,0,0)
(0,0,0)
(0,0,0)
(0,0,0)
(0,0,0)
(0,0,0)
(0,0,0)
(0,0,0)
(0,0,0)
(0,0,0)
(0,0,0)
(0,0,0)
(0,0,0)
(0,0,0)
(0,0,0)
(0,0,0)
(0,0,0)
(0,0,0)
(0,0,0)
(0,0,0)
(0,0,0)
(0,0,0)
(0,0,0)
(0,0,0)
(0,0,0)
(0,0,0)
(0,0,0)
(0,0,0)
(0,0,0)
(0,0,0)
(0,0,0)
(0,0,0)
(0,0,0)
(0,0,0)
(0,0,0)
(0,0,0)
(0,0,0)
(0,0,0)
(0,0,0)
(0,0,0)
(0,0,0)
(0,0,0)
(0,0,0)
(0,0,0)
(0,0,0)
(0,0,0)
(0,0,0)
(0,0,0)
(0,0,0)
(0,0,0)
(0,0,0)
(0,0,0)
(0,0,0)
(0,0,0)
(0,0,0)
(0,0,0)
(0,0,0)
(0,0,0)
(0,0,0)
(0,0,0)
(0,0,0)
(0,0,0)
(0,0,0)
(0,0,0)
(0,0,0)
(0,0,0)
(0,0,0)
(0,0,0)
(0,0,0)
(0,0,0)
(0,0,0)
(0,0,0)
(0,0,0)
(0,0,0)
(0,0,0)
(0,0,0)
(0,0,0)
(0,0,0)
(0,0,0)
(0,0,0)
(0,0,0)
(0,0,0)
(0,0,0)
(0,0,0)
(0,0,0)
(0,0,0)
(0,0,0)
(0,0,0)
(0,0,0)
(0,0,0)
(0,0,0)
(0,0,0)
(0,0,0)
(0,0,0)
(0,0,0)
(0,0,0)
(0,0,0)
(0,0,0)
(0,0,0)
(0,0,0)
(0,0,0)
(0,0,0)
(0,0,0)
(0,0,0)
(0,0,0)
(0,0,0)
(0,0,0)
(0,0,0)
(0,0,0)
(0,0,0)
(0,0,0)
(0,0,0)
(0,0,0)
(0,0,0)
(0,0,0)
(0,0,0)
(0,0,0)
(0,0,0)
(0,0,0)
(0,0,0)
(0,0,0)
(0,0,0)
(0,0,0)
(0,0,0)
(0,0,0)
(0,0,0)
(0,0,0)
(0,0,0)
(0,0,0)
(0,0,0)
(0,0,0)
(0,0,0)
(0,0,0)
(0,0,0)
(0,0,0)
(0,0,0)
(0,0,0)
(0,0,0)
(0,0,0)
(0,0,0)
(0,0,0)
(0,0,0)
(0,0,0)
(0,0,0)
(0,0,0)
(0,0,0)
(0,0,0)
(0,0,0)
(0,0,0)
(0,0,0)
(0,0,0)
(0,0,0)
(0,0,0)
(0,0,0)
(0,0,0)
(0,0,0)
(0,0,0)
(0,0,0)
(0,0,0)
(0,0,0)
(0,0,0)
(0,0,0)
(0,0,0)
(0,0,0)
(0,0,0)
(0,0,0)
(0,0,0)
(0,0,0)
(0,0,0)
(0,0,0)
(0,0,0)
(0,0,0)
(0,0,0)
(0,0,0)
(0,0,0)
(0,0,0)
(0,0,0)
(0,0,0)
(0,0,0)
(0,0,0)
(0,0,0)
(0,0,0)
(0,0,0)
(0,0,0)
(0,0,0)
(0,0,0)
(0,0,0)
(0,0,0)
(0,0,0)
(0,0,0)
(0,0,0)
(0,0,0)
(0,0,0)
(0,0,0)
(0,0,0)
(0,0,0)
(0,0,0)
(0,0,0)
(0,0,0)
(0,0,0)
(0,0,0)
(0,0,0)
(0,0,0)
(0,0,0)
(0,0,0)
(0,0,0)
(0,0,0)
(0,0,0)
(0,0,0)
(0,0,0)
(0,0,0)
(0,0,0)
(0,0,0)
(0,0,0)
(0,0,0)
(0,0,0)
(0,0,0)
(0,0,0)
(0,0,0)
(0,0,0)
(0,0,0)
(0,0,0)
(0,0,0)
(0,0,0)
(0,0,0)
(0,0,0)
(0,0,0)
(0,0,0)
(0,0,0)
(0,0,0)
(0,0,0)
(0,0,0)
(0,0,0)
(0,0,0)
(0,0,0)
(0,0,0)
(0,0,0)
(0,0,0)
(0,0,0)
(0,0,0)
(0,0,0)
(0,0,0)
(0,0,0)
(0,0,0)
(0,0,0)
(0,0,0)
(0,0,0)
(0,0,0)
(0,0,0)
(0,0,0)
(0,0,0)
(0,0,0)
(0,0,0)
(0,0,0)
(0,0,0)
(0,0,0)
(0,0,0)
(0,0,0)
(0,0,0)
(0,0,0)
(0,0,0)
(0,0,0)
(0,0,0)
(0,0,0)
(0,0,0)
(0,0,0)
(0,0,0)
(0,0,0)
(0,0,0)
(0,0,0)
(0,0,0)
(0,0,0)
(0,0,0)
(0,0,0)
(0,0,0)
(0,0,0)
(0,0,0)
(0,0,0)
(0,0,0)
(0,0,0)
(0,0,0)
(0,0,0)
(0,0,0)
(0,0,0)
(0,0,0)
(0,0,0)
(0,0,0)
(0,0,0)
(0,0,0)
(0,0,0)
(0,0,0)
(0,0,0)
(0,0,0)
(0,0,0)
(0,0,0)
(0,0,0)
(0,0,0)
(0,0,0)
(0,0,0)
(0,0,0)
(0,0,0)
(0,0,0)
(0,0,0)
(0,0,0)
(0,0,0)
(0,0,0)
(0,0,0)
(0,0,0)
(0,0,0)
(0,0,0)
(0,0,0)
(0,0,0)
(0,0,0)
(0,0,0)
(0,0,0)
(0,0,0)
(0,0,0)
(0,0,0)
(-2.40029077138311e-12,-4.18289105422763e-12,6.58041350631921e-12)
(-4.02773055280489e-12,-1.22940956544187e-11,6.29675179149982e-12)
(-4.36341407140241e-12,-2.17653828991399e-11,5.25997217762109e-12)
(-3.27918999074674e-12,-3.37699754908355e-11,4.02099718296088e-12)
(-2.3291457776937e-12,-5.19219042833e-11,2.84824885600263e-12)
(-8.50606412316409e-13,-8.17721778380205e-11,1.8936625834978e-12)
(5.42403907376606e-13,-1.31157995206723e-10,1.05751311374062e-12)
(2.13240174898539e-12,-2.12081599313853e-10,3.77894899104916e-13)
(2.61059768053293e-12,-3.45810946247716e-10,2.30644089842554e-13)
(2.16305844943475e-12,-5.32409095864559e-10,2.89748466231327e-13)
(0,0,0)
(0,0,0)
(0,0,0)
(0,0,0)
(0,0,0)
(0,0,0)
(-3.02027154053051e-12,-4.51692498994497e-12,1.47269331391e-11)
(-5.59723388722732e-12,-1.19967619650342e-11,1.38510127315194e-11)
(-6.85473474139465e-12,-2.12529240775714e-11,1.20872175291317e-11)
(-5.42468895571237e-12,-3.32008673164819e-11,9.78308250546883e-12)
(-3.70316863527062e-12,-5.16110123542639e-11,7.58821904353354e-12)
(-1.69750513446949e-12,-8.16237801817549e-11,5.42737084514993e-12)
(5.84105904640252e-13,-1.31057327424381e-10,3.42689610883735e-12)
(2.58213379497524e-12,-2.12029139837693e-10,1.93530845464388e-12)
(2.62649777603966e-12,-3.45636238008795e-10,1.45901063092462e-12)
(1.63776049995916e-12,-5.3191500193429e-10,1.08940255586811e-12)
(0,0,0)
(0,0,0)
(0,0,0)
(0,0,0)
(0,0,0)
(0,0,0)
(-5.10134525344297e-12,-4.41387308190213e-12,2.5151700534017e-11)
(-7.48337003925665e-12,-1.10332156791294e-11,2.37652535353503e-11)
(-8.41680206024813e-12,-1.97799954533703e-11,2.1870202003597e-11)
(-6.93523063619096e-12,-3.18275814485336e-11,1.90670572004658e-11)
(-5.13217408931524e-12,-5.0071039109936e-11,1.56462828616808e-11)
(-3.1026240329235e-12,-7.988188797964e-11,1.17973094479317e-11)
(-8.35551859652994e-13,-1.2973931487431e-10,8.41184469736144e-12)
(1.46099504166646e-12,-2.11753606027196e-10,6.09486550911681e-12)
(2.10900019740842e-12,-3.45831901869833e-10,4.67754886264618e-12)
(1.72974269825807e-12,-5.31834663616234e-10,2.80419961416915e-12)
(0,0,0)
(0,0,0)
(0,0,0)
(0,0,0)
(0,0,0)
(0,0,0)
(-5.92849280607827e-12,-4.25957563803308e-12,3.7764584444398e-11)
(-7.98031175076601e-12,-1.00468649274146e-11,3.61164718424389e-11)
(-8.43362656512791e-12,-1.74400717596424e-11,3.42144076679462e-11)
(-7.19480229724908e-12,-2.87038467756759e-11,3.15290452540892e-11)
(-6.11637971072227e-12,-4.6398360950676e-11,2.76686665455769e-11)
(-4.32261252701508e-12,-7.629362869968e-11,2.28690839989197e-11)
(-2.57966766329461e-12,-1.2732422562144e-10,1.81455087206947e-11)
(-2.01654988225506e-13,-2.10938010571874e-10,1.40466966706516e-11)
(1.48688121906272e-12,-3.45063577558137e-10,1.01990227733014e-11)
(2.71924837222413e-12,-5.30451746175286e-10,5.47595830257109e-12)
(0,0,0)
(0,0,0)
(0,0,0)
(0,0,0)
(0,0,0)
(0,0,0)
(-5.11433331360564e-12,-3.87412175546678e-12,5.48944913056654e-11)
(-7.11728906260773e-12,-8.87710877427999e-12,5.37056084733928e-11)
(-7.708470283716e-12,-1.47278082687982e-11,5.19638334910023e-11)
(-7.50534887332247e-12,-2.41915065364286e-11,4.94197180155088e-11)
(-7.16768804136352e-12,-4.08096622195812e-11,4.58913942360998e-11)
(-5.56067055634884e-12,-7.04924024667491e-11,4.14150315703948e-11)
(-4.05313453391881e-12,-1.22628626989039e-10,3.63372196256631e-11)
(-2.39083523802056e-12,-2.07879446082253e-10,2.91743373854223e-11)
(-1.0934883473202e-13,-3.41282966304969e-10,2.03813865823962e-11)
(1.55350034125782e-12,-5.25860271747964e-10,1.06118928380148e-11)
(0,0,0)
(0,0,0)
(0,0,0)
(0,0,0)
(0,0,0)
(0,0,0)
(-4.07620571113478e-12,-3.41215270159083e-12,8.32973911724069e-11)
(-6.07647135965852e-12,-7.06308664385934e-12,8.20498182025206e-11)
(-7.29567735761763e-12,-1.14968633060614e-11,8.05467087262735e-11)
(-7.7569230676378e-12,-1.9697591264117e-11,7.85953655017702e-11)
(-7.30178889764254e-12,-3.52831529978668e-11,7.58771533016947e-11)
(-6.77188100473775e-12,-6.41214237787666e-11,7.15556511869524e-11)
(-5.91294502322714e-12,-1.16500558374695e-10,6.45558444875345e-11)
(-4.43189632061799e-12,-2.00623699111688e-10,5.35529724738158e-11)
(-2.11015721064811e-12,-3.32224665784592e-10,3.83752727745428e-11)
(-1.04741341767805e-12,-5.15609525401089e-10,2.04536398546305e-11)
(0,0,0)
(0,0,0)
(0,0,0)
(0,0,0)
(0,0,0)
(0,0,0)
(-2.84037539972627e-12,-2.61219884512756e-12,1.30220040122474e-10)
(-4.27967562074987e-12,-5.08926230817702e-12,1.29001536353816e-10)
(-6.12173334105677e-12,-8.67508342502776e-12,1.27803587670992e-10)
(-7.01959707531871e-12,-1.58121544520034e-11,1.25995775555705e-10)
(-7.00580803591638e-12,-2.97090505587437e-11,1.23584856342711e-10)
(-7.45541403194661e-12,-5.61472123872786e-11,1.18985691515906e-10)
(-7.78044397318124e-12,-1.05818370415343e-10,1.09499545828054e-10)
(-6.48249959007646e-12,-1.86053058132107e-10,9.42731320603015e-11)
(-5.08250226313024e-12,-3.14092345225697e-10,7.03868989831861e-11)
(-4.77844733082847e-12,-4.95164056006542e-10,3.86595701032649e-11)
(0,0,0)
(0,0,0)
(0,0,0)
(0,0,0)
(0,0,0)
(0,0,0)
(-1.53704329016148e-12,-1.6203853028898e-12,2.07974899495383e-10)
(-2.89888482915687e-12,-3.31308654578304e-12,2.07336306410439e-10)
(-4.88711957929702e-12,-6.1176939867312e-12,2.06789517330487e-10)
(-6.54884539627048e-12,-1.23976396379463e-11,2.05475328003857e-10)
(-8.27794592263422e-12,-2.45370851148311e-11,2.02789916338688e-10)
(-9.30956133472649e-12,-4.77176483917793e-11,1.96977579360213e-10)
(-9.94345104540822e-12,-9.05828450633062e-11,1.85087102988886e-10)
(-8.91809202439523e-12,-1.61893113458942e-10,1.62691241141944e-10)
(-8.5062676886831e-12,-2.81911377281898e-10,1.25864153064194e-10)
(-8.33930207724016e-12,-4.56724899323671e-10,7.13318784122476e-11)
(0,0,0)
(0,0,0)
(0,0,0)
(0,0,0)
(0,0,0)
(0,0,0)
(-1.18584626503385e-12,-8.93296560334263e-13,3.40081993985848e-10)
(-3.37426728826943e-12,-2.08540400685594e-12,3.39362149899104e-10)
(-5.35011325312555e-12,-3.94337520794212e-12,3.38664608640066e-10)
(-6.52846764744229e-12,-8.64110493165369e-12,3.37485576716419e-10)
(-7.99656508459666e-12,-1.79468312866101e-11,3.34247088857241e-10)
(-8.82203219838599e-12,-3.56508009761104e-11,3.26858085892132e-10)
(-1.03511798789882e-11,-6.78181389663142e-11,3.11450800336358e-10)
(-1.13236769395534e-11,-1.24403200368816e-10,2.81143222915633e-10)
(-1.23334385614463e-11,-2.27063758209241e-10,2.26969502745286e-10)
(-1.19026101845621e-11,-3.85523340171617e-10,1.35994686116849e-10)
(0,0,0)
(0,0,0)
(0,0,0)
(0,0,0)
(0,0,0)
(0,0,0)
(-6.15512425841964e-13,-3.38899988497504e-13,5.2561632064476e-10)
(-2.9847795631553e-12,-1.16464784091367e-12,5.24952200511201e-10)
(-5.37988905985898e-12,-2.01871409181451e-12,5.2387984088436e-10)
(-6.52077198314594e-12,-4.4805500654074e-12,5.2252011979361e-10)
(-7.43015707827688e-12,-9.65428688675612e-12,5.18773124258773e-10)
(-7.3215073055433e-12,-1.92413019661808e-11,5.0983802450164e-10)
(-9.35599705402427e-12,-3.68448060915826e-11,4.91777087739708e-10)
(-1.25190307739166e-11,-7.01091436018004e-11,4.55672371324631e-10)
(-1.45996086667251e-11,-1.36178392414508e-10,3.85111065656277e-10)
(-1.35794878726478e-11,-2.49112386554785e-10,2.48532030768469e-10)
(0,0,0)
(0,0,0)
(0,0,0)
(0,0,0)
(0,0,0)
(0,0,0)
(0,0,0)
(0,0,0)
(0,0,0)
(0,0,0)
(0,0,0)
(0,0,0)
(0,0,0)
(0,0,0)
(0,0,0)
(0,0,0)
(0,0,0)
(0,0,0)
(0,0,0)
(0,0,0)
(0,0,0)
(0,0,0)
(0,0,0)
(0,0,0)
(0,0,0)
(0,0,0)
(0,0,0)
(0,0,0)
(0,0,0)
(0,0,0)
(0,0,0)
(0,0,0)
(0,0,0)
(0,0,0)
(0,0,0)
(0,0,0)
(0,0,0)
(0,0,0)
(0,0,0)
(0,0,0)
(0,0,0)
(0,0,0)
(0,0,0)
(0,0,0)
(0,0,0)
(0,0,0)
(0,0,0)
(0,0,0)
(0,0,0)
(0,0,0)
(0,0,0)
(0,0,0)
(0,0,0)
(0,0,0)
(0,0,0)
(0,0,0)
(0,0,0)
(0,0,0)
(0,0,0)
(0,0,0)
(0,0,0)
(0,0,0)
(0,0,0)
(0,0,0)
(0,0,0)
(0,0,0)
(0,0,0)
(0,0,0)
(0,0,0)
(0,0,0)
(0,0,0)
(0,0,0)
(0,0,0)
(0,0,0)
(0,0,0)
(0,0,0)
(0,0,0)
(0,0,0)
(0,0,0)
(0,0,0)
(0,0,0)
(0,0,0)
(0,0,0)
(0,0,0)
(0,0,0)
(0,0,0)
(0,0,0)
(0,0,0)
(0,0,0)
(0,0,0)
(0,0,0)
(0,0,0)
(0,0,0)
(0,0,0)
(0,0,0)
(0,0,0)
(0,0,0)
(0,0,0)
(0,0,0)
(0,0,0)
(0,0,0)
(0,0,0)
(-1.78259512084241e-12,-9.87173214274636e-12,1.12870682726103e-11)
(-3.28828462831519e-12,-2.38200606159362e-11,1.09655259058361e-11)
(-3.63689789831054e-12,-3.99457397267408e-11,9.53095563768453e-12)
(-2.67554983815451e-12,-6.1152313053546e-11,7.37663890797487e-12)
(-1.68545143422769e-12,-9.38704381716584e-11,5.43805795264984e-12)
(-1.62854598759396e-13,-1.45893759765981e-10,3.44662603178703e-12)
(1.12135433976627e-12,-2.29163942767877e-10,1.42217069517549e-12)
(2.22719308186317e-12,-3.69622980514419e-10,1.59486842927033e-13)
(2.3767850651012e-12,-6.36138484253451e-10,-7.40219278137458e-14)
(1.95871298484979e-12,-1.24711626504337e-09,8.65877086265772e-14)
(0,0,0)
(0,0,0)
(0,0,0)
(0,0,0)
(0,0,0)
(0,0,0)
(-2.24740304099317e-12,-9.68050180241439e-12,2.604190194338e-11)
(-4.79698497073944e-12,-2.26936334089572e-11,2.50066038303165e-11)
(-6.02352834192721e-12,-3.83490024240481e-11,2.22148421015297e-11)
(-4.60311136173032e-12,-5.95117765864586e-11,1.77104021372341e-11)
(-3.08229368120398e-12,-9.22632038150675e-11,1.30932389922529e-11)
(-1.43892260025773e-12,-1.44383897255336e-10,8.27936795929935e-12)
(7.57681008747637e-13,-2.28696355363638e-10,3.92911118096935e-12)
(2.7828978082922e-12,-3.69817038199493e-10,1.49424039495313e-12)
(3.19176971255927e-12,-6.3646194855689e-10,9.71861799791014e-13)
(2.64682473796214e-12,-1.24764723239947e-09,9.16615274820728e-13)
(0,0,0)
(0,0,0)
(0,0,0)
(0,0,0)
(0,0,0)
(0,0,0)
(-3.86919569864426e-12,-8.62747216159839e-12,4.49528447603398e-11)
(-6.57466925921745e-12,-2.03049713506156e-11,4.3229560081857e-11)
(-7.95358095083651e-12,-3.49182493740262e-11,3.96469499675947e-11)
(-6.63819097026489e-12,-5.58916105555632e-11,3.38258549608059e-11)
(-4.9558788348756e-12,-8.82329570813256e-11,2.64630062414055e-11)
(-3.30541856236307e-12,-1.40357505226516e-10,1.77680479635712e-11)
(-9.33661924331583e-13,-2.26823279264375e-10,1.00865028387968e-11)
(2.06271623280638e-12,-3.70231125056259e-10,6.62114604105298e-12)
(3.2140251340425e-12,-6.37672391389336e-10,5.3617175437616e-12)
(3.1510248713424e-12,-1.24892170713965e-09,3.53970716599355e-12)
(0,0,0)
(0,0,0)
(0,0,0)
(0,0,0)
(0,0,0)
(0,0,0)
(-4.66583408668628e-12,-7.62195385725012e-12,6.90002683569406e-11)
(-7.24800372940773e-12,-1.76230143040046e-11,6.66398337961697e-11)
(-8.46052764212167e-12,-2.99753584348385e-11,6.24893269961781e-11)
(-7.84676382798155e-12,-4.90651129544632e-11,5.66846611925772e-11)
(-6.90549589516843e-12,-7.9705669024582e-11,4.8424579010446e-11)
(-5.40026348169607e-12,-1.31893456633001e-10,3.76570145104583e-11)
(-3.17645424569943e-12,-2.22183204320146e-10,2.6848680658933e-11)
(5.87454419455141e-13,-3.70056229276605e-10,2.06507317752298e-11)
(2.42933443682882e-12,-6.37926269353384e-10,1.53306031036724e-11)
(3.60373224755361e-12,-1.24822968661824e-09,8.514209205603e-12)
(0,0,0)
(0,0,0)
(0,0,0)
(0,0,0)
(0,0,0)
(0,0,0)
(-4.38741953520937e-12,-6.5490965043361e-12,1.00760724629975e-10)
(-7.18953621064072e-12,-1.4614582409278e-11,9.86561595585055e-11)
(-8.39529977096378e-12,-2.44721954803818e-11,9.46484410472536e-11)
(-8.47094036621909e-12,-4.03223915136111e-11,8.93844107786638e-11)
(-8.21783459734919e-12,-6.76438497765694e-11,8.22979214453482e-11)
(-6.85383729964572e-12,-1.17784094048412e-10,7.33793539662413e-11)
(-3.01832090797273e-12,-2.11001464100575e-10,6.54936521581299e-11)
(-8.53631405501253e-13,-3.66261630899349e-10,5.11252942493901e-11)
(6.01844389333811e-13,-6.33574475864428e-10,3.55444167431178e-11)
(1.91464683209128e-12,-1.24212966703761e-09,1.85206662047779e-11)
(0,0,0)
(0,0,0)
(0,0,0)
(0,0,0)
(0,0,0)
(0,0,0)
(-3.62858659771195e-12,-5.19662064928889e-12,1.48607417749968e-10)
(-6.54718621909284e-12,-1.08164919631494e-11,1.4696724691573e-10)
(-8.16611401414806e-12,-1.8336380069187e-11,1.43886333446875e-10)
(-8.92414767967952e-12,-3.14200053645205e-11,1.40068501421481e-10)
(-8.55438922201741e-12,-5.54171608497345e-11,1.35002460767668e-10)
(-7.74628569680186e-12,-1.03913915460794e-10,1.27476176167664e-10)
(-5.59226096887159e-12,-2.02331394938996e-10,1.16495330023651e-10)
(-3.82483760092318e-12,-3.55654862902478e-10,9.66336260759562e-11)
(-2.32084484957771e-12,-6.19203576093032e-10,6.89816447202082e-11)
(-1.03924295730442e-12,-1.22499425963264e-09,3.62516164783131e-11)
(0,0,0)
(0,0,0)
(0,0,0)
(0,0,0)
(0,0,0)
(0,0,0)
(-2.61368517330524e-12,-3.60907111195027e-12,2.26474801899253e-10)
(-4.85790270032164e-12,-7.47356254334095e-12,2.25276359768129e-10)
(-6.87131066406603e-12,-1.32543980334585e-11,2.2325118291034e-10)
(-8.02319267638164e-12,-2.38060269340148e-11,2.20689321535522e-10)
(-7.57860865301985e-12,-4.37850051055051e-11,2.17844004895966e-10)
(-6.3988323395738e-12,-8.69714979344146e-11,2.1199497101915e-10)
(-7.78955555750484e-12,-1.83850727839526e-10,1.94278221321359e-10)
(-6.75621118608217e-12,-3.31188359183271e-10,1.70037171905037e-10)
(-5.53614132733016e-12,-5.8819257449143e-10,1.25592416163608e-10)
(-4.55803391006608e-12,-1.18957169062659e-09,6.78454900787829e-11)
(0,0,0)
(0,0,0)
(0,0,0)
(0,0,0)
(0,0,0)
(0,0,0)
(-1.62553894777329e-12,-2.09812194827673e-12,3.60246178685591e-10)
(-3.57977828813172e-12,-4.71421640331944e-12,3.59804753012092e-10)
(-5.74724903145453e-12,-9.112344148228e-12,3.58817472827014e-10)
(-7.61996843739364e-12,-1.87376487838168e-11,3.57579979500932e-10)
(-9.05586277239896e-12,-3.74036727569711e-11,3.55407565699076e-10)
(-9.48593237905992e-12,-7.74374149042056e-11,3.48821879634962e-10)
(-1.03122952954587e-11,-1.59339139846523e-10,3.30280251108956e-10)
(-9.5809170368766e-12,-2.87770997407994e-10,2.90052832057897e-10)
(-8.82161210925894e-12,-5.31441801765925e-10,2.23513963808078e-10)
(-8.20898281746686e-12,-1.12284198280259e-09,1.27154738741155e-10)
(0,0,0)
(0,0,0)
(0,0,0)
(0,0,0)
(0,0,0)
(0,0,0)
(-1.02039875012623e-12,-1.17031571164477e-12,6.24123066897075e-10)
(-3.59748219517246e-12,-2.8326073213585e-12,6.23805672672753e-10)
(-6.09574244560439e-12,-5.90218355253335e-12,6.22785097573831e-10)
(-7.45053465450876e-12,-1.39706205643655e-11,6.21306630086304e-10)
(-8.90010651933271e-12,-2.91209600442063e-11,6.17519417640667e-10)
(-9.82424565255641e-12,-5.9900926223935e-11,6.07430596360232e-10)
(-1.10169353329918e-11,-1.18720660502369e-10,5.82407219579535e-10)
(-1.14440135362244e-11,-2.20944682846905e-10,5.29658756075338e-10)
(-1.22439877278041e-11,-4.35207184661582e-10,4.35042171889811e-10)
(-1.23188776842749e-11,-9.96330392946537e-10,2.71546331819939e-10)
(0,0,0)
(0,0,0)
(0,0,0)
(0,0,0)
(0,0,0)
(0,0,0)
(-2.902922807803e-13,-6.02612417269723e-13,1.23492059114709e-09)
(-3.0770677772282e-12,-1.61727052552843e-12,1.23472922589151e-09)
(-6.03888206092466e-12,-3.17068477411245e-12,1.23328360009715e-09)
(-7.25432651371489e-12,-7.92978892552141e-12,1.23086403516055e-09)
(-8.14934420790287e-12,-1.65660261423525e-11,1.22500894232395e-09)
(-8.50187250979714e-12,-3.29325525877766e-11,1.21151380558242e-09)
(-1.00960867305368e-11,-6.43514920676397e-11,1.18177075901705e-09)
(-1.20668687073545e-11,-1.25442128153748e-10,1.11991074998286e-09)
(-1.41989661934268e-11,-2.71626909629733e-10,9.95631104264415e-10)
(-1.41598436589197e-11,-7.24740615878288e-10,7.24094794844955e-10)
(0,0,0)
(0,0,0)
(0,0,0)
(0,0,0)
(0,0,0)
(0,0,0)
(0,0,0)
(0,0,0)
(0,0,0)
(0,0,0)
(0,0,0)
(0,0,0)
(0,0,0)
(0,0,0)
(0,0,0)
(0,0,0)
(0,0,0)
(0,0,0)
(0,0,0)
(0,0,0)
(0,0,0)
(0,0,0)
(0,0,0)
(0,0,0)
(0,0,0)
(0,0,0)
(0,0,0)
(0,0,0)
(0,0,0)
(0,0,0)
(0,0,0)
(0,0,0)
(0,0,0)
(0,0,0)
(0,0,0)
(0,0,0)
(0,0,0)
(0,0,0)
(0,0,0)
(0,0,0)
(0,0,0)
(0,0,0)
(0,0,0)
(0,0,0)
(0,0,0)
(0,0,0)
(0,0,0)
(0,0,0)
(0,0,0)
(0,0,0)
(0,0,0)
(0,0,0)
(0,0,0)
(0,0,0)
(0,0,0)
(0,0,0)
(0,0,0)
(0,0,0)
(0,0,0)
(0,0,0)
(0,0,0)
(0,0,0)
(0,0,0)
(0,0,0)
(0,0,0)
(0,0,0)
(0,0,0)
(0,0,0)
(0,0,0)
(0,0,0)
(0,0,0)
(0,0,0)
(0,0,0)
(0,0,0)
(0,0,0)
(0,0,0)
(0,0,0)
(0,0,0)
(0,0,0)
(0,0,0)
(0,0,0)
(0,0,0)
(0,0,0)
(0,0,0)
(0,0,0)
(0,0,0)
(0,0,0)
(0,0,0)
(0,0,0)
(0,0,0)
(0,0,0)
(0,0,0)
(0,0,0)
(0,0,0)
(0,0,0)
(0,0,0)
(0,0,0)
(0,0,0)
(0,0,0)
(0,0,0)
(0,0,0)
(0,0,0)
(-1.65228309429088e-12,-1.37429507907369e-11,1.6687429319292e-11)
(-2.98014156764372e-12,-3.20466898153261e-11,1.57701389037642e-11)
(-3.07931847086077e-12,-5.2944327410875e-11,1.35006231492941e-11)
(-2.37750534944818e-12,-7.97006335339911e-11,1.02933246715203e-11)
(-1.30125387043664e-12,-1.1945855161734e-10,6.71673243310799e-12)
(3.51738227472529e-13,-1.79428655890039e-10,2.8274017275909e-12)
(1.91645078734152e-12,-2.68343376912106e-10,-6.95504957809591e-13)
(2.65475953764857e-12,-3.97384385417418e-10,-1.54613125378023e-12)
(2.53963973199608e-12,-5.79569236653175e-10,-1.09519408831384e-12)
(2.57626804983409e-12,-8.00758387994924e-10,-5.55778642069329e-13)
(0,0,0)
(0,0,0)
(0,0,0)
(0,0,0)
(0,0,0)
(0,0,0)
(-2.26513456840795e-12,-1.31811340935883e-11,3.74269891149872e-11)
(-4.39388530097418e-12,-3.02531826842585e-11,3.53740690756283e-11)
(-4.9498414280303e-12,-5.02815785698552e-11,3.1101313639443e-11)
(-3.60611424740537e-12,-7.64524607159042e-11,2.45118560990341e-11)
(-2.29866938141662e-12,-1.15962487461366e-10,1.63781994365286e-11)
(-1.11505785075969e-12,-1.76446146253707e-10,7.05602158709612e-12)
(1.3194756941547e-12,-2.68424147627383e-10,-1.60623404013042e-12)
(3.71936326193028e-12,-3.99307213510514e-10,-3.5488762516736e-12)
(4.45745906941066e-12,-5.81611876661667e-10,-2.23790877854161e-12)
(4.83791475326981e-12,-8.02777933811911e-10,-8.30212958722723e-13)
(0,0,0)
(0,0,0)
(0,0,0)
(0,0,0)
(0,0,0)
(0,0,0)
(-3.15142932506583e-12,-1.13256709689771e-11,6.23275207852888e-11)
(-5.67401619093461e-12,-2.6539700891648e-11,5.95958915290998e-11)
(-7.07537688303444e-12,-4.47539746437826e-11,5.39465368345744e-11)
(-6.10183985210968e-12,-6.93311329994636e-11,4.4810278075153e-11)
(-4.78820861389954e-12,-1.07805069903172e-10,3.1990651413649e-11)
(-4.08792203155756e-12,-1.6923781788424e-10,1.52759321036802e-11)
(-2.10838006978432e-12,-2.68117694483686e-10,-2.20438451308007e-12)
(3.14724895000024e-12,-4.03338359769342e-10,-3.58611496168867e-12)
(5.28991347613384e-12,-5.8567890210835e-10,-2.81381337681499e-13)
(5.99871151548149e-12,-8.06021799122731e-10,9.20994377994722e-13)
(0,0,0)
(0,0,0)
(0,0,0)
(0,0,0)
(0,0,0)
(0,0,0)
(-3.37825687936273e-12,-9.41791928501095e-12,9.17935590068478e-11)
(-6.10592882345847e-12,-2.20160101814927e-11,8.89758940081654e-11)
(-8.15902479333041e-12,-3.71823598783684e-11,8.29538611521605e-11)
(-8.32940308697369e-12,-5.81338016817528e-11,7.32065288278544e-11)
(-8.19975064266676e-12,-9.25097157297094e-11,5.84865789831876e-11)
(-8.70129221467241e-12,-1.52790094529026e-10,3.66837087327919e-11)
(-8.16024558170103e-12,-2.65333698646158e-10,8.06963710073315e-12)
(2.11298471331211e-12,-4.10434030108001e-10,8.43245684251482e-12)
(4.89393484631594e-12,-5.9080661172993e-10,1.03805294549532e-11)
(6.01792187270404e-12,-8.08259023717684e-10,6.88884484998777e-12)
(0,0,0)
(0,0,0)
(0,0,0)
(0,0,0)
(0,0,0)
(0,0,0)
(-3.63533031829877e-12,-7.50976150265234e-12,1.28905300214864e-10)
(-6.97990814554436e-12,-1.67514873284482e-11,1.26487698537733e-10)
(-9.26708491388115e-12,-2.82142986816171e-11,1.21446483660109e-10)
(-1.02868371824012e-11,-4.40241652161218e-11,1.13428236327628e-10)
(-1.15259560441039e-11,-7.01441035968304e-11,1.01765816926923e-10)
(-1.28383140797002e-11,-1.19177309444256e-10,8.71690490852323e-11)
(2.6799678392015e-12,-2.34495294479062e-10,8.95820044984714e-11)
(4.12047810336919e-12,-4.1693852006477e-10,5.83145025655983e-11)
(3.25469515742776e-12,-5.92235463402742e-10,3.9980423136665e-11)
(3.29990563132795e-12,-8.04359261722295e-10,2.09851855231518e-11)
(0,0,0)
(0,0,0)
(0,0,0)
(0,0,0)
(0,0,0)
(0,0,0)
(-3.57596530076335e-12,-5.48541208998533e-12,1.82390991284404e-10)
(-6.8092021700163e-12,-1.16045466377415e-11,1.8078457032355e-10)
(-9.43026402477692e-12,-1.95660333242032e-11,1.77576073896973e-10)
(-1.14720854555297e-11,-3.03362987389718e-11,1.72412519006977e-10)
(-1.26602603669323e-11,-4.86806545971878e-11,1.65296442656116e-10)
(-1.37078570790363e-11,-9.41424407919939e-11,1.55283041941575e-10)
(-4.2112241204193e-12,-2.40426828021731e-10,1.50904872396639e-10)
(-6.39359965006631e-13,-4.119597259049e-10,1.21459886655713e-10)
(-6.01818209013198e-13,-5.78897914000432e-10,8.47969262380262e-11)
(-2.10195485211075e-13,-7.85855509726921e-10,4.34870715017027e-11)
(0,0,0)
(0,0,0)
(0,0,0)
(0,0,0)
(0,0,0)
(0,0,0)
(-2.92619220551021e-12,-3.46292446210254e-12,2.63586500151227e-10)
(-5.59207198226912e-12,-7.42226222683501e-12,2.62610223435248e-10)
(-8.45150317507157e-12,-1.25264745946506e-11,2.61096597912179e-10)
(-1.02462541865575e-11,-1.91587912790698e-11,2.59264163299928e-10)
(-8.11090712475644e-12,-2.86336342411401e-11,2.59585966254043e-10)
(1.78383432783288e-12,-5.64043897000922e-11,2.62377670866992e-10)
(-8.06009413395162e-12,-2.1712587929208e-10,2.25610194857264e-10)
(-5.72881722020719e-12,-3.83948554331481e-10,2.19326942733594e-10)
(-4.53998796774476e-12,-5.41817084495706e-10,1.52626668981314e-10)
(-3.44225165525284e-12,-7.43951595704789e-10,7.82838341928478e-11)
(0,0,0)
(0,0,0)
(0,0,0)
(0,0,0)
(0,0,0)
(0,0,0)
(-2.11191951065052e-12,-1.98904221631703e-12,3.84366755521191e-10)
(-4.47410718525378e-12,-4.65866639038012e-12,3.84210764745844e-10)
(-7.71991630143238e-12,-8.20794145285546e-12,3.84087470874404e-10)
(-1.0214582854272e-11,-1.53115322739876e-11,3.84296004956279e-10)
(-1.07528894214655e-11,-2.95968528904161e-11,3.86199856017214e-10)
(-8.48079253341482e-12,-7.23389403159533e-11,3.88937373079823e-10)
(-1.07033555878906e-11,-1.97249243818382e-10,3.79829348975567e-10)
(-9.8683633492691e-12,-3.18300706947286e-10,3.2398906148688e-10)
(-8.69700414648171e-12,-4.69097572912997e-10,2.36360668303006e-10)
(-7.56583393204603e-12,-6.66388238773889e-10,1.27545028997182e-10)
(0,0,0)
(0,0,0)
(0,0,0)
(0,0,0)
(0,0,0)
(0,0,0)
(-1.27070782059884e-12,-1.12556425820045e-12,5.62287423612906e-10)
(-3.79224389224089e-12,-3.01090827298008e-12,5.62923960702812e-10)
(-7.3487737363467e-12,-5.71821544213863e-12,5.63182570800391e-10)
(-9.70415384785037e-12,-1.29218115438855e-11,5.63097229052274e-10)
(-1.13662191401256e-11,-2.73338582920844e-11,5.61757400925041e-10)
(-1.17692425079512e-11,-6.32016455561844e-11,5.55357465235023e-10)
(-1.26376402637634e-11,-1.38284945196576e-10,5.31818637530873e-10)
(-1.2329984044176e-11,-2.30238195016924e-10,4.67807286197854e-10)
(-1.2328422689522e-11,-3.60450740170076e-10,3.62342168752929e-10)
(-1.23623229327337e-11,-5.39365281060342e-10,2.08138937828134e-10)
(0,0,0)
(0,0,0)
(0,0,0)
(0,0,0)
(0,0,0)
(0,0,0)
(-7.01539442797506e-13,-6.15069225337908e-13,7.83210658944601e-10)
(-3.24871250886473e-12,-1.65092770075053e-12,7.84075591570128e-10)
(-6.79000189800229e-12,-3.27927549270642e-12,7.83941624567085e-10)
(-9.32902260329033e-12,-7.86418347146854e-12,7.82331779296409e-10)
(-1.12202336081697e-11,-1.65264766745652e-11,7.77392163711056e-10)
(-1.16913785326654e-11,-3.57109477164287e-11,7.64279442117759e-10)
(-1.2587569763514e-11,-7.17976210551171e-11,7.32082829463068e-10)
(-1.32293511433543e-11,-1.23822331356235e-10,6.62512998514381e-10)
(-1.42895664035046e-11,-2.064146643336e-10,5.39760578550084e-10)
(-1.48056646919192e-11,-3.32184246355739e-10,3.3298665230386e-10)
(0,0,0)
(0,0,0)
(0,0,0)
(0,0,0)
(0,0,0)
(0,0,0)
(0,0,0)
(0,0,0)
(0,0,0)
(0,0,0)
(0,0,0)
(0,0,0)
(0,0,0)
(0,0,0)
(0,0,0)
(0,0,0)
(0,0,0)
(0,0,0)
(0,0,0)
(0,0,0)
(0,0,0)
(0,0,0)
(0,0,0)
(0,0,0)
(0,0,0)
(0,0,0)
(0,0,0)
(0,0,0)
(0,0,0)
(0,0,0)
(0,0,0)
(0,0,0)
(0,0,0)
(0,0,0)
(0,0,0)
(0,0,0)
(0,0,0)
(0,0,0)
(0,0,0)
(0,0,0)
(0,0,0)
(0,0,0)
(0,0,0)
(0,0,0)
(0,0,0)
(0,0,0)
(0,0,0)
(0,0,0)
(0,0,0)
(0,0,0)
(0,0,0)
(0,0,0)
(0,0,0)
(0,0,0)
(0,0,0)
(0,0,0)
(0,0,0)
(0,0,0)
(0,0,0)
(0,0,0)
(0,0,0)
(0,0,0)
(0,0,0)
(0,0,0)
(0,0,0)
(0,0,0)
(0,0,0)
(0,0,0)
(0,0,0)
(0,0,0)
(0,0,0)
(0,0,0)
(0,0,0)
(0,0,0)
(0,0,0)
(0,0,0)
(0,0,0)
(0,0,0)
(0,0,0)
(0,0,0)
(0,0,0)
(0,0,0)
(0,0,0)
(0,0,0)
(0,0,0)
(0,0,0)
(0,0,0)
(0,0,0)
(0,0,0)
(0,0,0)
(0,0,0)
(0,0,0)
(0,0,0)
(0,0,0)
(0,0,0)
(0,0,0)
(0,0,0)
(0,0,0)
(0,0,0)
(0,0,0)
(0,0,0)
(0,0,0)
(-1.29680937590202e-12,-1.64275308700631e-11,2.03324297020656e-11)
(-2.50413294425881e-12,-3.69976787375691e-11,1.90046494363099e-11)
(-2.53476883410358e-12,-6.01155546212016e-11,1.60185629641922e-11)
(-2.04908592910626e-12,-8.88907779516197e-11,1.19840948492233e-11)
(-9.07987320873086e-13,-1.29313819894928e-10,7.0022477581606e-12)
(8.92135276510828e-13,-1.87310878577216e-10,6.53013677574073e-13)
(2.84784779859984e-12,-2.66918757454344e-10,-5.25433913210313e-12)
(4.12665046529494e-12,-3.67449090970147e-10,-6.05073849429092e-12)
(4.042864294155e-12,-4.79599504266972e-10,-4.1923563601355e-12)
(4.04003522487399e-12,-5.75420231826909e-10,-1.94917736007572e-12)
(0,0,0)
(0,0,0)
(0,0,0)
(0,0,0)
(0,0,0)
(0,0,0)
(-2.06767765365703e-12,-1.5260087518724e-11,4.36036654728703e-11)
(-3.83461165739102e-12,-3.42713815829925e-11,4.12293893178994e-11)
(-3.88798781370768e-12,-5.64842562752108e-11,3.61077499764866e-11)
(-2.59378530131841e-12,-8.43757252118652e-11,2.81296633132554e-11)
(-1.13390909018393e-12,-1.23880609323413e-10,1.67186459059977e-11)
(3.38869406984725e-13,-1.82687317697188e-10,1.43476960928159e-12)
(2.95566476197796e-12,-2.67922132166189e-10,-1.49899150640602e-11)
(6.43954204768805e-12,-3.71091248491645e-10,-1.56625719426403e-11)
(7.11678869621589e-12,-4.83283899429423e-10,-9.72929360764656e-12)
(7.2515671054438e-12,-5.78462075948927e-10,-4.081725466953e-12)
(0,0,0)
(0,0,0)
(0,0,0)
(0,0,0)
(0,0,0)
(0,0,0)
(-2.32755175285107e-12,-1.32751915997664e-11,7.13411021358644e-11)
(-4.54835220657798e-12,-2.9800069151199e-11,6.83106499626089e-11)
(-5.51073288900812e-12,-4.93434417737497e-11,6.1537159003071e-11)
(-4.4795445083135e-12,-7.40325194543448e-11,5.01187992025422e-11)
(-3.36884347739419e-12,-1.10731944494065e-10,3.1671474942283e-11)
(-3.05532877004859e-12,-1.70379471118158e-10,2.34436627052208e-12)
(-3.51064545863892e-12,-2.7353532999876e-10,-4.13207526573264e-11)
(6.93818566459405e-12,-3.81898394627844e-10,-3.18625286045494e-11)
(9.21524738199677e-12,-4.91888648945832e-10,-1.44008407988064e-11)
(9.15693048868667e-12,-5.84405948564352e-10,-4.47159965785964e-12)
(0,0,0)
(0,0,0)
(0,0,0)
(0,0,0)
(0,0,0)
(0,0,0)
(-2.46874966300957e-12,-1.0758347503285e-11,1.02785574781234e-10)
(-5.348418820498e-12,-2.39209076163673e-11,9.99170979431326e-11)
(-7.37975366577394e-12,-3.93271769815075e-11,9.29998962484936e-11)
(-7.71908970796406e-12,-5.78675924954903e-11,8.01640993920529e-11)
(-8.76249252511962e-12,-8.57971896330804e-11,5.76497299202565e-11)
(-1.3700005667413e-11,-1.37446548901406e-10,1.28646740265689e-11)
(-3.93614694905516e-11,-3.02648594788923e-10,-1.12139526228529e-10)
(6.66940205758604e-12,-4.11899439228667e-10,-4.5891330721954e-11)
(9.81447112411983e-12,-5.07292918083332e-10,-9.99556013284679e-12)
(9.00700472717209e-12,-5.91622075194985e-10,3.07993391447662e-13)
(0,0,0)
(0,0,0)
(0,0,0)
(0,0,0)
(0,0,0)
(0,0,0)
(-3.242078053841e-12,-7.99029150804614e-12,1.40168276341873e-10)
(-7.08563395860162e-12,-1.70391220593613e-11,1.37861601446816e-10)
(-9.89710293882534e-12,-2.72629535393907e-11,1.32426013850795e-10)
(-1.23122842588494e-11,-3.76704696680301e-11,1.21629728766801e-10)
(-1.83926372020159e-11,-4.79840490752257e-11,1.02409110115133e-10)
(-4.0286138145266e-11,-4.40449010410454e-11,6.64358479678363e-11)
(3.98790033148226e-11,-5.64139680711885e-10,-2.93746544705517e-18)
(1.74757633723116e-11,-4.83854013020355e-10,3.90419638933054e-11)
(8.91238336864168e-12,-5.27093949299475e-10,2.99061412469005e-11)
(5.78133915935288e-12,-5.94542771553319e-10,1.74430633192032e-11)
(0,0,0)
(0,0,0)
(0,0,0)
(0,0,0)
(0,0,0)
(0,0,0)
(-3.99203196777042e-12,-5.43419086446687e-12,1.90160009935306e-10)
(-7.78299015436453e-12,-1.11345246067597e-11,1.88929666452879e-10)
(-1.13062678642961e-11,-1.63982979949015e-11,1.85725610860218e-10)
(-1.5533516564593e-11,-1.88238879491672e-11,1.78917769739071e-10)
(-2.26938800084329e-11,-1.45299838860596e-11,1.6694014540792e-10)
(-4.70677386260347e-11,4.17812552112979e-12,1.37801831090367e-10)
(1.93281289092785e-12,-5.63302636531696e-10,-3.52313879464722e-17)
(8.01242887929365e-12,-4.92895911007628e-10,1.19475644183254e-10)
(3.6272070225615e-12,-5.20504822170661e-10,8.39091656084789e-11)
(1.37296199419658e-12,-5.79079122261789e-10,4.30645735750376e-11)
(0,0,0)
(0,0,0)
(0,0,0)
(0,0,0)
(0,0,0)
(0,0,0)
(-3.42379773531742e-12,-3.75424007583417e-12,2.5941289449765e-10)
(-6.84204229566228e-12,-6.84059779421366e-12,2.59206109127984e-10)
(-1.09376017046016e-11,-7.92577561819661e-12,2.58634154188215e-10)
(-1.44153161457488e-11,-3.1648942759136e-12,2.58355846155428e-10)
(-9.93939308853541e-12,2.48759972634524e-11,2.67812785622051e-10)
(5.44858609534585e-11,1.59304639410332e-10,3.34339040099372e-10)
(-2.16534774838628e-11,-6.80845502589622e-10,7.46165483974839e-10)
(-4.67639085215879e-12,-4.81447815260085e-10,3.21813643333666e-10)
(-2.91666476197835e-12,-4.84290563890335e-10,1.71278895273868e-10)
(-2.721774393294e-12,-5.36542316922749e-10,7.96469996694188e-11)
(0,0,0)
(0,0,0)
(0,0,0)
(0,0,0)
(0,0,0)
(0,0,0)
(-2.81940669339357e-12,-2.74248124308245e-12,3.51076812258781e-10)
(-5.99857143125025e-12,-4.54171069301175e-12,3.51630960341368e-10)
(-1.04181763939819e-11,-4.57396400531764e-12,3.52640932285755e-10)
(-1.45081546453948e-11,-2.83569281735544e-12,3.54972732227392e-10)
(-1.57534010823746e-11,2.76371970464673e-12,3.65148536119141e-10)
(-8.51006318908506e-12,-1.07047434698046e-11,3.99382652847437e-10)
(-1.38273667208891e-11,-2.78147144674682e-10,4.76295662869041e-10)
(-1.03024820957439e-11,-3.38144037309397e-10,3.4782838471389e-10)
(-8.52819758348689e-12,-3.93615721699894e-10,2.26511735141474e-10)
(-7.04376264850852e-12,-4.56318605303576e-10,1.14175733538899e-10)
(0,0,0)
(0,0,0)
(0,0,0)
(0,0,0)
(0,0,0)
(0,0,0)
(-2.41773994344039e-12,-2.08705442046653e-12,4.59345762220658e-10)
(-5.41083456201235e-12,-3.55911547890362e-12,4.60088661778856e-10)
(-9.70237193760371e-12,-4.15370923073305e-12,4.60907208557583e-10)
(-1.34219537930735e-11,-6.43284084826761e-12,4.62463598679863e-10)
(-1.57736650676654e-11,-1.30605374283605e-11,4.65813756506999e-10)
(-1.57211126435482e-11,-4.48691650407149e-11,4.71688066092474e-10)
(-1.51136130722319e-11,-1.48993016491292e-10,4.68134872583311e-10)
(-1.32807302598554e-11,-2.17646733969458e-10,3.91877749833097e-10)
(-1.2161267601282e-11,-2.81539092952449e-10,2.83990075880301e-10)
(-1.14044198092567e-11,-3.42163027799908e-10,1.52663466686528e-10)
(0,0,0)
(0,0,0)
(0,0,0)
(0,0,0)
(0,0,0)
(0,0,0)
(-2.18154129366232e-12,-1.28545816664201e-12,5.54756258377248e-10)
(-4.76567320657224e-12,-2.22071968674786e-12,5.54838953848734e-10)
(-8.45943212002908e-12,-3.09730543185883e-12,5.54668679633855e-10)
(-1.22535904894017e-11,-5.45404735012e-12,5.54382423744148e-10)
(-1.46339886894437e-11,-1.13333907690948e-11,5.52264413675824e-10)
(-1.52057135943969e-11,-2.99691985403125e-11,5.44750040730778e-10)
(-1.48153598699052e-11,-7.03686837388399e-11,5.19431053258364e-10)
(-1.42992625352372e-11,-1.09407872070929e-10,4.51016275469353e-10)
(-1.39303044911079e-11,-1.50707280763218e-10,3.42494314647464e-10)
(-1.40032587436414e-11,-1.9070137463661e-10,1.91715063028839e-10)
(0,0,0)
(0,0,0)
(0,0,0)
(0,0,0)
(0,0,0)
(0,0,0)
(0,0,0)
(0,0,0)
(0,0,0)
(0,0,0)
(0,0,0)
(0,0,0)
(0,0,0)
(0,0,0)
(0,0,0)
(0,0,0)
(0,0,0)
(0,0,0)
(0,0,0)
(0,0,0)
(0,0,0)
(0,0,0)
(0,0,0)
(0,0,0)
(0,0,0)
(0,0,0)
(0,0,0)
(0,0,0)
(0,0,0)
(0,0,0)
(0,0,0)
(0,0,0)
(0,0,0)
(0,0,0)
(0,0,0)
(0,0,0)
(0,0,0)
(0,0,0)
(0,0,0)
(0,0,0)
(0,0,0)
(0,0,0)
(0,0,0)
(0,0,0)
(0,0,0)
(0,0,0)
(0,0,0)
(0,0,0)
(0,0,0)
(0,0,0)
(0,0,0)
(0,0,0)
(0,0,0)
(0,0,0)
(0,0,0)
(0,0,0)
(0,0,0)
(0,0,0)
(0,0,0)
(0,0,0)
(0,0,0)
(0,0,0)
(0,0,0)
(0,0,0)
(0,0,0)
(0,0,0)
(0,0,0)
(0,0,0)
(0,0,0)
(0,0,0)
(0,0,0)
(0,0,0)
(0,0,0)
(0,0,0)
(0,0,0)
(0,0,0)
(0,0,0)
(0,0,0)
(0,0,0)
(0,0,0)
(0,0,0)
(0,0,0)
(0,0,0)
(0,0,0)
(0,0,0)
(0,0,0)
(0,0,0)
(0,0,0)
(0,0,0)
(0,0,0)
(0,0,0)
(0,0,0)
(0,0,0)
(0,0,0)
(0,0,0)
(0,0,0)
(0,0,0)
(0,0,0)
(0,0,0)
(0,0,0)
(0,0,0)
(0,0,0)
(-1.13647246148348e-12,-1.81933223669756e-11,2.17113226774315e-11)
(-2.24434362669962e-12,-3.88451427277392e-11,2.04639860421083e-11)
(-2.13159906513885e-12,-6.17410665996963e-11,1.74194286827522e-11)
(-1.58229157778827e-12,-9.00706302322211e-11,1.28969599207472e-11)
(8.03618817273801e-15,-1.27413250441461e-10,6.89522743291891e-12)
(2.17592720619669e-12,-1.78485960346346e-10,-1.26028441458863e-12)
(4.64762187264315e-12,-2.44527729086887e-10,-9.48621301648709e-12)
(5.91042585258573e-12,-3.20103449824683e-10,-1.02168432740084e-11)
(5.48408045657416e-12,-3.91257825538687e-10,-7.09071062045903e-12)
(5.13270198682815e-12,-4.40307553026292e-10,-3.4501163823745e-12)
(0,0,0)
(0,0,0)
(0,0,0)
(0,0,0)
(0,0,0)
(0,0,0)
(-1.6782974176293e-12,-1.66956746727756e-11,4.55559906866629e-11)
(-3.18428474777994e-12,-3.58222795562631e-11,4.34294899195633e-11)
(-3.05071565192348e-12,-5.7708247811915e-11,3.8223419663379e-11)
(-1.52597365160978e-12,-8.45493670902778e-11,2.94661727531591e-11)
(1.00130237719568e-12,-1.19871864016307e-10,1.61770646383286e-11)
(4.45570750131633e-12,-1.71020450489007e-10,-3.35652898370701e-12)
(9.24151947313794e-12,-2.44767079111039e-10,-2.85782169547096e-11)
(1.13134098488528e-11,-3.24169994221713e-10,-2.76537071632158e-11)
(1.00739700719343e-11,-3.95596984613703e-10,-1.64016983760759e-11)
(9.11371425390542e-12,-4.44000854613012e-10,-6.96176848537447e-12)
(0,0,0)
(0,0,0)
(0,0,0)
(0,0,0)
(0,0,0)
(0,0,0)
(-1.81394367610202e-12,-1.43345800168317e-11,7.33822138721226e-11)
(-3.65402278185632e-12,-3.07699012169462e-11,7.05171019860392e-11)
(-4.10863788071635e-12,-4.95463747001099e-11,6.34158712921048e-11)
(-2.19714720694117e-12,-7.17445387843183e-11,5.11753387079283e-11)
(1.02351033336878e-12,-1.01293684982161e-10,3.05121376863369e-11)
(7.67686794105638e-12,-1.47739169514034e-10,-6.27693154897126e-12)
(1.61443952788121e-11,-2.49388574403465e-10,-8.90916896164551e-11)
(1.94775424596607e-11,-3.37987216958252e-10,-6.91733487359526e-11)
(1.4690275378502e-11,-4.0637565740726e-10,-3.01285172206892e-11)
(1.19014574615914e-11,-4.51259842845999e-10,-9.92061073556163e-12)
(0,0,0)
(0,0,0)
(0,0,0)
(0,0,0)
(0,0,0)
(0,0,0)
(-2.36832882015133e-12,-1.10568355210464e-11,1.0466811875812e-10)
(-5.31300268284106e-12,-2.39570111710116e-11,1.01933668788735e-10)
(-6.60818025145691e-12,-3.8401764848495e-11,9.43603248378981e-11)
(-5.40184306363201e-12,-5.25484130723725e-11,8.03975952502412e-11)
(-1.79057718928683e-12,-6.65294269214701e-11,5.78333412918468e-11)
(1.79025467272943e-11,-6.79260024160788e-11,2.50149144043726e-11)
(1.55881420925865e-10,-2.82106135878626e-10,1.04731267844985e-17)
(4.27282052601748e-11,-3.83843705674097e-10,-1.68032992504459e-10)
(1.93119488159356e-11,-4.28851596961501e-10,-4.13135333592181e-11)
(1.22356944767221e-11,-4.61600762448263e-10,-8.34731986099531e-12)
(0,0,0)
(0,0,0)
(0,0,0)
(0,0,0)
(0,0,0)
(0,0,0)
(-3.49150380237302e-12,-8.04488599985436e-12,1.39810870894015e-10)
(-7.55464381516204e-12,-1.67952706077129e-11,1.37587881944068e-10)
(-9.96547339934805e-12,-2.56428051396962e-11,1.31269656365559e-10)
(-1.19382473260278e-11,-3.20749280034866e-11,1.1834092825215e-10)
(-1.58734402438874e-11,-3.53633175913818e-11,9.55975698125255e-11)
(-2.20733138021442e-11,-3.17333162487324e-11,5.71315351070603e-11)
(-7.69613718966809e-18,4.33404158576394e-17,-1.72568688363833e-18)
(3.56534840060131e-11,-5.25074037696228e-10,3.46069217978475e-18)
(1.47863341674894e-11,-4.64727531803895e-10,1.01675347847312e-11)
(7.76075318711842e-12,-4.70412714110614e-10,1.03412498348499e-11)
(0,0,0)
(0,0,0)
(0,0,0)
(0,0,0)
(0,0,0)
(0,0,0)
(-4.44163927397575e-12,-5.7896877692181e-12,1.83224950290385e-10)
(-8.87286137424782e-12,-1.10913143036259e-11,1.81827627258513e-10)
(-1.29709491198419e-11,-1.42672416723568e-11,1.773814789765e-10)
(-1.92148859066921e-11,-1.26331555539288e-11,1.67500170653231e-10)
(-3.29615468404095e-11,-3.31347973990332e-12,1.47895572304498e-10)
(-6.4392386193418e-11,1.33697388993777e-11,1.03907477846327e-10)
(-4.65788153309315e-19,3.28015926676961e-17,-3.1804799679577e-18)
(3.2130811706477e-11,-5.15918088203862e-10,-1.60492161226809e-17)
(8.25754077575834e-12,-4.60830166562282e-10,5.66018182218571e-11)
(1.9007302301673e-12,-4.58809608128984e-10,3.53981223022222e-11)
(0,0,0)
(0,0,0)
(0,0,0)
(0,0,0)
(0,0,0)
(0,0,0)
(-4.22877119840771e-12,-4.5512351561325e-12,2.39303098262506e-10)
(-8.56897445709797e-12,-7.03252831386359e-12,2.3875699583047e-10)
(-1.40111052846809e-11,-5.85836946663082e-12,2.36913954304056e-10)
(-2.42014570709505e-11,3.16885154314758e-12,2.32707259866326e-10)
(-5.43533700070679e-11,3.05295179463948e-11,2.24600479176161e-10)
(-1.87331200041865e-10,8.72675158088016e-11,1.95062190859221e-10)
(5.24242115281783e-18,4.50967888529043e-17,-5.56760265725122e-17)
(2.55457925687415e-12,-5.45273525755669e-10,3.4053481668005e-10)
(-1.95961134793252e-12,-4.3220901406232e-10,1.6401472454752e-10)
(-3.29848634314545e-12,-4.20862802655012e-10,7.29774903868641e-11)
(0,0,0)
(0,0,0)
(0,0,0)
(0,0,0)
(0,0,0)
(0,0,0)
(-4.02898159867068e-12,-3.44687333550841e-12,3.05200186630212e-10)
(-7.99113858965449e-12,-4.46105596268683e-12,3.05244577119376e-10)
(-1.3170231110236e-11,-1.87736377145351e-12,3.05623906607437e-10)
(-2.10868105062107e-11,8.52450807774749e-12,3.07165406838351e-10)
(-3.41632606776807e-11,4.38830003479069e-11,3.16460293415767e-10)
(-5.12586516398254e-11,1.67827339159296e-10,3.59249991305632e-10)
(-1.45142167490396e-11,-3.40534823879533e-10,5.56931024321038e-10)
(-9.48313586331208e-12,-3.38466425786391e-10,3.44108340441619e-10)
(-8.26882472834669e-12,-3.32862411394487e-10,2.04561437928956e-10)
(-7.02360661327954e-12,-3.44605577568236e-10,9.79176232386085e-11)
(0,0,0)
(0,0,0)
(0,0,0)
(0,0,0)
(0,0,0)
(0,0,0)
(-3.96223575545833e-12,-2.76365700769015e-12,3.71976338899338e-10)
(-7.56777713291345e-12,-3.70957665225915e-12,3.71992876282817e-10)
(-1.23151658587102e-11,-2.35872792476692e-12,3.72240932806891e-10)
(-1.77509051183949e-11,6.1902075783174e-13,3.73850090708377e-10)
(-2.33751213124071e-11,5.50465985475007e-12,3.79004220534847e-10)
(-2.70678856348251e-11,-4.76873964799099e-12,3.92924731885099e-10)
(-1.74808230744218e-11,-1.45289766479616e-10,4.13568598398548e-10)
(-1.36319182056052e-11,-1.96205828218718e-10,3.29405385572448e-10)
(-1.16664705967476e-11,-2.24116895885498e-10,2.25974828537154e-10)
(-1.02026062859696e-11,-2.45009594935788e-10,1.15903746182634e-10)
(0,0,0)
(0,0,0)
(0,0,0)
(0,0,0)
(0,0,0)
(0,0,0)
(-3.54969493178986e-12,-1.81527346514447e-12,4.21197048298581e-10)
(-6.81611867844131e-12,-2.56993163741019e-12,4.20280178493627e-10)
(-1.12704816621809e-11,-2.46844679935561e-12,4.19311966521522e-10)
(-1.55896277711976e-11,-2.64743699099272e-12,4.19174511944164e-10)
(-1.84530065134935e-11,-5.02861205456848e-12,4.18884132019687e-10)
(-1.98559246622958e-11,-1.92473406984906e-11,4.16381515350946e-10)
(-1.6769265819734e-11,-6.3225045483754e-11,3.99670617691483e-10)
(-1.51851737842762e-11,-9.2875230965594e-11,3.36679284987918e-10)
(-1.38583336356942e-11,-1.1414290808636e-10,2.43764166070642e-10)
(-1.29895703514376e-11,-1.28970171563346e-10,1.29374360205113e-10)
(0,0,0)
(0,0,0)
(0,0,0)
(0,0,0)
(0,0,0)
(0,0,0)
(0,0,0)
(0,0,0)
(0,0,0)
(0,0,0)
(0,0,0)
(0,0,0)
(0,0,0)
(0,0,0)
(0,0,0)
(0,0,0)
(0,0,0)
(0,0,0)
(0,0,0)
(0,0,0)
(0,0,0)
(0,0,0)
(0,0,0)
(0,0,0)
(0,0,0)
(0,0,0)
(0,0,0)
(0,0,0)
(0,0,0)
(0,0,0)
(0,0,0)
(0,0,0)
(0,0,0)
(0,0,0)
(0,0,0)
(0,0,0)
(0,0,0)
(0,0,0)
(0,0,0)
(0,0,0)
(0,0,0)
(0,0,0)
(0,0,0)
(0,0,0)
(0,0,0)
(0,0,0)
(0,0,0)
(0,0,0)
(0,0,0)
(0,0,0)
(0,0,0)
(0,0,0)
(0,0,0)
(0,0,0)
(0,0,0)
(0,0,0)
(0,0,0)
(0,0,0)
(0,0,0)
(0,0,0)
(0,0,0)
(0,0,0)
(0,0,0)
(0,0,0)
(0,0,0)
(0,0,0)
(0,0,0)
(0,0,0)
(0,0,0)
(0,0,0)
(0,0,0)
(0,0,0)
(0,0,0)
(0,0,0)
(0,0,0)
(0,0,0)
(0,0,0)
(0,0,0)
(0,0,0)
(0,0,0)
(0,0,0)
(0,0,0)
(0,0,0)
(0,0,0)
(0,0,0)
(0,0,0)
(0,0,0)
(0,0,0)
(0,0,0)
(0,0,0)
(0,0,0)
(0,0,0)
(0,0,0)
(0,0,0)
(0,0,0)
(0,0,0)
(0,0,0)
(0,0,0)
(0,0,0)
(0,0,0)
(0,0,0)
(0,0,0)
(-1.38678352034749e-12,-1.8682634777043e-11,2.20196291146117e-11)
(-2.22264943883079e-12,-3.8661502333803e-11,2.06319976649852e-11)
(-1.64194909090737e-12,-6.06934453071883e-11,1.79953992197505e-11)
(-1.10182223192563e-12,-8.66430935488944e-11,1.35663887804232e-11)
(6.22161610537026e-13,-1.1918241694873e-10,7.23561960773985e-12)
(2.93634595074248e-12,-1.61419085489794e-10,-9.30407848110635e-13)
(5.61760215433366e-12,-2.15546027651539e-10,-9.50457660007337e-12)
(6.8508375960556e-12,-2.73635740999611e-10,-1.07485960830182e-11)
(6.18264529354599e-12,-3.22273359240629e-10,-7.80250901792658e-12)
(5.3758871911738e-12,-3.51028241180257e-10,-3.94871871518589e-12)
(0,0,0)
(0,0,0)
(0,0,0)
(0,0,0)
(0,0,0)
(0,0,0)
(-1.91289130646227e-12,-1.75844067541593e-11,4.57319208970282e-11)
(-3.03059283092789e-12,-3.6453646098065e-11,4.33561484593037e-11)
(-2.45534185349481e-12,-5.67689549885122e-11,3.84176893676937e-11)
(-1.04169384274463e-12,-8.0471852214948e-11,2.98496807779754e-11)
(1.95671696508161e-12,-1.10676584266317e-10,1.66582968441834e-11)
(6.39611449732132e-12,-1.52385562407636e-10,-2.60230799642011e-12)
(1.29385049740835e-11,-2.13512804101026e-10,-2.80378583680258e-11)
(1.38786237982795e-11,-2.7565133830456e-10,-2.79010589236085e-11)
(1.14127129747463e-11,-3.25226111257351e-10,-1.70935506129018e-11)
(9.41093400153549e-12,-3.54247731268605e-10,-7.53007473920424e-12)
(0,0,0)
(0,0,0)
(0,0,0)
(0,0,0)
(0,0,0)
(0,0,0)
(-2.22657628578191e-12,-1.54252418393211e-11,7.23647979963679e-11)
(-3.36568213387103e-12,-3.1820820030351e-11,6.91478735344619e-11)
(-3.01271514815463e-12,-4.85967673707834e-11,6.23459201804377e-11)
(-7.30071897285928e-13,-6.72832532438959e-11,5.09773021130838e-11)
(3.04832150797748e-12,-9.11017813688944e-11,3.14282750198002e-11)
(1.06784589105779e-11,-1.26588063053005e-10,-3.98508921874678e-12)
(2.89436158734777e-11,-2.12793049322591e-10,-8.44337965278536e-11)
(2.62891996601943e-11,-2.84549457563073e-10,-6.78500339145547e-11)
(1.69583084476278e-11,-3.32900513573979e-10,-3.08902163981401e-11)
(1.23217663281704e-11,-3.60038406315036e-10,-1.06716840188654e-11)
(0,0,0)
(0,0,0)
(0,0,0)
(0,0,0)
(0,0,0)
(0,0,0)
(-2.64582837195406e-12,-1.21662804768686e-11,1.01389188712026e-10)
(-4.90139929531626e-12,-2.52285192835498e-11,9.81362642532836e-11)
(-5.40441037257454e-12,-3.79815999399455e-11,9.06817318930297e-11)
(-3.31107417412365e-12,-4.84328682208981e-11,7.76408930995514e-11)
(-1.38259631918195e-13,-5.63655366887014e-11,5.7170286513875e-11)
(6.72476449118204e-12,-4.7490017263416e-11,2.84098083302393e-11)
(4.18082446844104e-11,-2.33012494430806e-10,6.32304576058479e-18)
(5.72390781370686e-11,-3.17286471815091e-10,-1.56094988063498e-10)
(2.22216701601202e-11,-3.49726787965528e-10,-4.22879412473664e-11)
(1.27003262781136e-11,-3.6814704201976e-10,-9.68791982078627e-12)
(0,0,0)
(0,0,0)
(0,0,0)
(0,0,0)
(0,0,0)
(0,0,0)
(-3.52371308307057e-12,-8.7880799986917e-12,1.3292301422269e-10)
(-6.94037454072989e-12,-1.80190868839847e-11,1.30207610730947e-10)
(-8.41230875329006e-12,-2.61692048386566e-11,1.23527372745306e-10)
(-8.63666133595971e-12,-3.0208876346655e-11,1.10482002954407e-10)
(-9.45724338990577e-12,-3.12299381356371e-11,8.85890977933847e-11)
(-1.00448321175137e-11,-2.74019056187319e-11,5.27120062127183e-11)
(-2.34369306314636e-18,2.16360122917836e-17,-1.59285450014327e-18)
(1.63300031896081e-11,-4.15798736847765e-10,4.32252594145782e-18)
(1.07152538757799e-11,-3.7587103749401e-10,6.14077148336648e-12)
(6.49889704030418e-12,-3.74221893325212e-10,7.71364875472466e-12)
(0,0,0)
(0,0,0)
(0,0,0)
(0,0,0)
(0,0,0)
(0,0,0)
(-4.28276885518821e-12,-6.2285245684449e-12,1.70191403716709e-10)
(-8.48549908200337e-12,-1.20164298745101e-11,1.68047258694806e-10)
(-1.14985130022727e-11,-1.52381442198789e-11,1.62690252306454e-10)
(-1.54122946550763e-11,-1.29125130671882e-11,1.51500478934997e-10)
(-2.28164500684998e-11,-4.29672400304935e-12,1.30457155204214e-10)
(-3.43826820760782e-11,8.99736963866605e-12,8.68129577544223e-11)
(1.07751816205754e-19,1.27883376375887e-17,-2.67145426804801e-18)
(4.8844149872123e-12,-4.08588405574867e-10,-1.15205040578593e-17)
(8.40084195443757e-13,-3.71205598347956e-10,4.68585805586428e-11)
(-6.47952941618297e-13,-3.63173487665582e-10,3.01183457481851e-11)
(0,0,0)
(0,0,0)
(0,0,0)
(0,0,0)
(0,0,0)
(0,0,0)
(-4.78703058699504e-12,-4.51137112497472e-12,2.1488941147956e-10)
(-9.2974052818431e-12,-7.64696268570899e-12,2.13464996004934e-10)
(-1.37854165421426e-11,-6.91580905133153e-12,2.10305771202832e-10)
(-2.14503329153863e-11,1.65841759347133e-12,2.03339588993195e-10)
(-3.81685640916395e-11,2.46787159530341e-11,1.88967852530694e-10)
(-7.28287768571146e-11,6.51009028050836e-11,1.48776836025868e-10)
(1.86266774407209e-18,2.06195049832428e-17,-2.76655523591124e-17)
(-2.7732428579891e-11,-4.37379165437286e-10,2.81881798843672e-10)
(-1.02689798551007e-11,-3.47878366950757e-10,1.38165082269267e-10)
(-6.57822104304996e-12,-3.30363843357404e-10,6.1842218413009e-11)
(0,0,0)
(0,0,0)
(0,0,0)
(0,0,0)
(0,0,0)
(0,0,0)
(-4.7565884156424e-12,-3.43759213987805e-12,2.63960924225117e-10)
(-9.12194738818265e-12,-4.98342785593712e-12,2.63185483303038e-10)
(-1.42303671878585e-11,-2.20909587976108e-12,2.62035307549227e-10)
(-2.24762097636639e-11,9.38642464702685e-12,2.60766182884245e-10)
(-3.85746180743825e-11,4.64231533667398e-11,2.64226970737503e-10)
(-7.63436058479258e-11,1.66951402788544e-10,2.93714066111424e-10)
(3.0634097304252e-12,-2.81881804941317e-10,4.52709617755013e-10)
(-1.21968309183378e-11,-2.7868604885822e-10,2.84956225897271e-10)
(-1.03705255469485e-11,-2.66500697686263e-10,1.68944174254119e-10)
(-8.70196600715641e-12,-2.66254247142857e-10,8.01256165322519e-11)
(0,0,0)
(0,0,0)
(0,0,0)
(0,0,0)
(0,0,0)
(0,0,0)
(-4.92715668144944e-12,-2.96600715815731e-12,3.0818522923242e-10)
(-8.95547867183215e-12,-3.99449919262135e-12,3.07394071712195e-10)
(-1.38146048856655e-11,-1.94069693669786e-12,3.06150177598511e-10)
(-1.96385771960287e-11,2.46227402416452e-12,3.05582858424428e-10)
(-2.67623607533341e-11,1.02860998940727e-11,3.07706052390355e-10)
(-3.32331510977833e-11,7.11161624171691e-12,3.17334556830073e-10)
(-1.53823312441724e-11,-1.18745608291939e-10,3.34255972385221e-10)
(-1.3531958423441e-11,-1.60230626096673e-10,2.64663963304282e-10)
(-1.1569376041369e-11,-1.76158373281784e-10,1.78528346291091e-10)
(-1.03382834757321e-11,-1.85020577150016e-10,8.99289400089655e-11)
(0,0,0)
(0,0,0)
(0,0,0)
(0,0,0)
(0,0,0)
(0,0,0)
(-4.44809859198122e-12,-2.03633418537523e-12,3.36867966678991e-10)
(-8.41783834374604e-12,-2.50410889084622e-12,3.35457012523547e-10)
(-1.36014738841781e-11,-1.77467202872736e-12,3.33702839922081e-10)
(-1.79466848377131e-11,-1.32528442768429e-12,3.32064373282636e-10)
(-2.09790018993209e-11,-2.20836649422179e-12,3.30217696808395e-10)
(-2.23923677013237e-11,-1.23564513285993e-11,3.2681583923909e-10)
(-1.70029785999229e-11,-5.10004915357773e-11,3.12838316836446e-10)
(-1.51452858325944e-11,-7.4403425662888e-11,2.6007157448655e-10)
(-1.36114358565185e-11,-8.7569723077597e-11,1.84126208364171e-10)
(-1.25853817096917e-11,-9.48126521496114e-11,9.56175420968017e-11)
(0,0,0)
(0,0,0)
(0,0,0)
(0,0,0)
(0,0,0)
(0,0,0)
(0,0,0)
(0,0,0)
(0,0,0)
(0,0,0)
(0,0,0)
(0,0,0)
(0,0,0)
(0,0,0)
(0,0,0)
(0,0,0)
(0,0,0)
(0,0,0)
(0,0,0)
(0,0,0)
(0,0,0)
(0,0,0)
(0,0,0)
(0,0,0)
(0,0,0)
(0,0,0)
(0,0,0)
(0,0,0)
(0,0,0)
(0,0,0)
(0,0,0)
(0,0,0)
(0,0,0)
(0,0,0)
(0,0,0)
(0,0,0)
(0,0,0)
(0,0,0)
(0,0,0)
(0,0,0)
(0,0,0)
(0,0,0)
(0,0,0)
(0,0,0)
(0,0,0)
(0,0,0)
(0,0,0)
(0,0,0)
(0,0,0)
(0,0,0)
(0,0,0)
(0,0,0)
(0,0,0)
(0,0,0)
(0,0,0)
(0,0,0)
(0,0,0)
(0,0,0)
(0,0,0)
(0,0,0)
(0,0,0)
(0,0,0)
(0,0,0)
(0,0,0)
(0,0,0)
(0,0,0)
(0,0,0)
(0,0,0)
(0,0,0)
(0,0,0)
(0,0,0)
(0,0,0)
(0,0,0)
(0,0,0)
(0,0,0)
(0,0,0)
(0,0,0)
(0,0,0)
(0,0,0)
(0,0,0)
(0,0,0)
(0,0,0)
(0,0,0)
(0,0,0)
(0,0,0)
(0,0,0)
(0,0,0)
(0,0,0)
(0,0,0)
(0,0,0)
(0,0,0)
(0,0,0)
(0,0,0)
(0,0,0)
(0,0,0)
(0,0,0)
(0,0,0)
(0,0,0)
(0,0,0)
(0,0,0)
(0,0,0)
(0,0,0)
(-1.0973800935696e-12,-1.78778029196455e-11,2.13449591771678e-11)
(-1.79390722934936e-12,-3.63053870290708e-11,2.00787808060263e-11)
(-1.1374289702643e-12,-5.72333069960435e-11,1.76558378125762e-11)
(-9.42294393172694e-13,-8.10847287835158e-11,1.38121078706505e-11)
(2.82356383954935e-13,-1.09739031036789e-10,8.21664984567968e-12)
(2.47699162055635e-12,-1.44932836048529e-10,1.01224668316664e-12)
(4.82839808674868e-12,-1.87875284203322e-10,-6.46859183699083e-12)
(5.92034783593822e-12,-2.32723790140018e-10,-8.09145144571441e-12)
(5.28160700752212e-12,-2.68415315186334e-10,-6.03911444925923e-12)
(4.64665856431191e-12,-2.87508521534138e-10,-3.13657859701655e-12)
(0,0,0)
(0,0,0)
(0,0,0)
(0,0,0)
(0,0,0)
(0,0,0)
(-1.69628378360604e-12,-1.70665029058848e-11,4.35284657074188e-11)
(-2.72495980703776e-12,-3.45807305178889e-11,4.14726584960891e-11)
(-2.0595208814973e-12,-5.34734416850015e-11,3.69681958832451e-11)
(-1.03890888000226e-12,-7.51239421966664e-11,2.9635308880621e-11)
(1.64251890826227e-12,-1.01868554778396e-10,1.83674909585527e-11)
(6.03416551428571e-12,-1.36233389964878e-10,2.55379486308992e-12)
(1.20819507512222e-11,-1.83695608323295e-10,-1.71275184451431e-11)
(1.19692347460763e-11,-2.32447065147691e-10,-1.88136329092937e-11)
(9.52363941766523e-12,-2.69510583288427e-10,-1.20019564100582e-11)
(7.67153430872824e-12,-2.8931555372688e-10,-5.55718623016325e-12)
(0,0,0)
(0,0,0)
(0,0,0)
(0,0,0)
(0,0,0)
(0,0,0)
(-2.26861318631842e-12,-1.54515637291628e-11,6.8960759177894e-11)
(-3.15602952666196e-12,-3.08398037701489e-11,6.59345617445102e-11)
(-2.25926451163365e-12,-4.63862579912593e-11,5.96750301934202e-11)
(-3.14298270077146e-14,-6.3361224571821e-11,5.00578669798013e-11)
(3.72544106635328e-12,-8.45457094921208e-11,3.41963217454335e-11)
(1.20291204300682e-11,-1.12882138160329e-10,7.34276952943232e-12)
(3.25792983683985e-11,-1.73548309027028e-10,-4.7809790323569e-11)
(2.20663963957943e-11,-2.33255194777159e-10,-4.1736230828882e-11)
(1.35660504599745e-11,-2.72352012058136e-10,-1.96809040166048e-11)
(9.75871801400797e-12,-2.92409579710236e-10,-7.09326245639135e-12)
(0,0,0)
(0,0,0)
(0,0,0)
(0,0,0)
(0,0,0)
(0,0,0)
(-2.77110439137328e-12,-1.29299213569678e-11,9.64975101219013e-11)
(-4.65629933462483e-12,-2.52157822163406e-11,9.29830703983115e-11)
(-4.17596668040929e-12,-3.71784697807462e-11,8.58205215194886e-11)
(-1.06445946265325e-12,-4.69435840384041e-11,7.463598746943e-11)
(3.48661999862186e-12,-5.52458339436778e-11,5.83869228790468e-11)
(1.50464548536769e-11,-4.85602819960954e-11,3.88877898328766e-11)
(-3.51092769958641e-11,-1.46295556625309e-10,4.36447053279006e-11)
(4.19442963536157e-11,-2.3912063688911e-10,-8.89683888708065e-11)
(1.57658982620456e-11,-2.7794071685953e-10,-2.28514755757193e-11)
(9.08725776277845e-12,-2.95441608812653e-10,-4.4924041717187e-12)
(0,0,0)
(0,0,0)
(0,0,0)
(0,0,0)
(0,0,0)
(0,0,0)
(-3.36786502159969e-12,-9.78546930133883e-12,1.26052135947596e-10)
(-6.26279356453146e-12,-1.86744545556051e-11,1.23065333952971e-10)
(-6.29799958116851e-12,-2.70246743881689e-11,1.16292214558051e-10)
(-4.04011945440787e-12,-3.13835429868415e-11,1.04429888570186e-10)
(-5.13365941825177e-13,-3.45199120265249e-11,8.62645190660267e-11)
(6.26790043066378e-12,-3.83276310509126e-11,5.64508811989398e-11)
(5.88601149447716e-19,2.17016522605278e-17,-5.16397623666357e-18)
(2.97890475587152e-12,-2.62160849201446e-10,2.37923812036919e-11)
(4.47693745833054e-12,-2.84509401888735e-10,1.54413666566737e-11)
(3.16414013545175e-12,-2.94656371264291e-10,1.00130539245862e-11)
(0,0,0)
(0,0,0)
(0,0,0)
(0,0,0)
(0,0,0)
(0,0,0)
(-3.85577727676749e-12,-7.44914556437761e-12,1.58789783517408e-10)
(-7.49795988244182e-12,-1.33995674439114e-11,1.56336352269517e-10)
(-8.63107479937797e-12,-1.75087714961458e-11,1.50458225804161e-10)
(-8.93990158492601e-12,-1.66482195158021e-11,1.39667327488992e-10)
(-8.14769257481243e-12,-1.21089987084075e-11,1.21745604871211e-10)
(-3.67325481661381e-12,-4.09934542237924e-12,8.51927038881336e-11)
(1.12563426036264e-18,1.45482437958626e-17,-7.46772045430949e-18)
(-1.3183417229516e-11,-2.43840663634118e-10,4.9192108455896e-11)
(-5.74691239122317e-12,-2.73580673281318e-10,4.97029280705515e-11)
(-3.33925150160013e-12,-2.81325299776395e-10,2.7920564896605e-11)
(0,0,0)
(0,0,0)
(0,0,0)
(0,0,0)
(0,0,0)
(0,0,0)
(-4.43639409749059e-12,-5.54700729154333e-12,1.95040888198917e-10)
(-8.80171530951877e-12,-9.25605015081366e-12,1.93058220643529e-10)
(-1.15259475040876e-11,-9.92047191708881e-12,1.88537753662956e-10)
(-1.4806603506441e-11,-4.71814612436027e-12,1.80325166502242e-10)
(-1.97219850004963e-11,8.99002550257458e-12,1.65979660419142e-10)
(-2.59024131491642e-11,3.33092688277754e-11,1.29914071639832e-10)
(9.14265197959992e-19,1.82067363108061e-17,-2.47477397606021e-17)
(-4.27088285845589e-11,-2.40426011687396e-10,1.80432699066041e-10)
(-1.53237852633632e-11,-2.5023068204442e-10,1.04791534299758e-10)
(-8.84559884460702e-12,-2.52024317282069e-10,4.95083082194349e-11)
(0,0,0)
(0,0,0)
(0,0,0)
(0,0,0)
(0,0,0)
(0,0,0)
(-4.45273247529112e-12,-4.02706469088862e-12,2.32944136770133e-10)
(-8.9607002976927e-12,-6.20188098530015e-12,2.31415820631301e-10)
(-1.32296414659159e-11,-5.09291309455471e-12,2.28155091911249e-10)
(-1.90128469940868e-11,2.02256820668151e-12,2.23546840627324e-10)
(-3.19246599756347e-11,2.38734818567753e-11,2.19732092691376e-10)
(-7.54993709447014e-11,9.27853095401702e-11,2.22859438309737e-10)
(7.68060493882113e-12,-1.58306073934375e-10,2.56174642881384e-10)
(-1.46402020367332e-11,-1.88242222943368e-10,1.99636103554186e-10)
(-1.1894292229577e-11,-1.98724192104666e-10,1.28361897830913e-10)
(-9.81001946778433e-12,-2.02949678170162e-10,6.25080473979606e-11)
(0,0,0)
(0,0,0)
(0,0,0)
(0,0,0)
(0,0,0)
(0,0,0)
(-5.06567213401841e-12,-3.00682305682478e-12,2.64104631556326e-10)
(-9.20197485990936e-12,-4.2915927468344e-12,2.6242202124331e-10)
(-1.34133106195595e-11,-3.53923833454756e-12,2.59080162204447e-10)
(-1.79742127101202e-11,-1.22689424829248e-12,2.551866334495e-10)
(-2.38963988047502e-11,2.29367147328747e-12,2.52052915394896e-10)
(-3.06864990826158e-11,-2.54049494178617e-12,2.50458596834023e-10)
(-1.35354389194212e-11,-8.32748191154438e-11,2.45946405859424e-10)
(-1.32235418440468e-11,-1.18567121959118e-10,2.00915075808024e-10)
(-1.15586199634407e-11,-1.34267992776711e-10,1.37882076375366e-10)
(-1.0617268467151e-11,-1.41137289226285e-10,6.96398548101143e-11)
(0,0,0)
(0,0,0)
(0,0,0)
(0,0,0)
(0,0,0)
(0,0,0)
(-5.07347862191283e-12,-1.92772772612861e-12,2.81773814430485e-10)
(-9.16777463312621e-12,-2.30658619321306e-12,2.79961683612145e-10)
(-1.37376792734601e-11,-2.19151760408569e-12,2.77028922620554e-10)
(-1.74252927911563e-11,-2.40885164084455e-12,2.72674546364951e-10)
(-1.9785510824238e-11,-3.98009068103982e-12,2.67352691316839e-10)
(-2.07712966272784e-11,-1.17906588378697e-11,2.59409251077205e-10)
(-1.52367277858049e-11,-3.90055590009053e-11,2.4254229174525e-10)
(-1.36033453731019e-11,-5.69432646893239e-11,2.00697751446549e-10)
(-1.26724926667589e-11,-6.7125251629332e-11,1.41438287828443e-10)
(-1.17804917625147e-11,-7.20292409278662e-11,7.28119011902596e-11)
(0,0,0)
(0,0,0)
(0,0,0)
(0,0,0)
(0,0,0)
(0,0,0)
(0,0,0)
(0,0,0)
(0,0,0)
(0,0,0)
(0,0,0)
(0,0,0)
(0,0,0)
(0,0,0)
(0,0,0)
(0,0,0)
(0,0,0)
(0,0,0)
(0,0,0)
(0,0,0)
(0,0,0)
(0,0,0)
(0,0,0)
(0,0,0)
(0,0,0)
(0,0,0)
(0,0,0)
(0,0,0)
(0,0,0)
(0,0,0)
(0,0,0)
(0,0,0)
(0,0,0)
(0,0,0)
(0,0,0)
(0,0,0)
(0,0,0)
(0,0,0)
(0,0,0)
(0,0,0)
(0,0,0)
(0,0,0)
(0,0,0)
(0,0,0)
(0,0,0)
(0,0,0)
(0,0,0)
(0,0,0)
(0,0,0)
(0,0,0)
(0,0,0)
(0,0,0)
(0,0,0)
(0,0,0)
(0,0,0)
(0,0,0)
(0,0,0)
(0,0,0)
(0,0,0)
(0,0,0)
(0,0,0)
(0,0,0)
(0,0,0)
(0,0,0)
(0,0,0)
(0,0,0)
(0,0,0)
(0,0,0)
(0,0,0)
(0,0,0)
(0,0,0)
(0,0,0)
(0,0,0)
(0,0,0)
(0,0,0)
(0,0,0)
(0,0,0)
(0,0,0)
(0,0,0)
(0,0,0)
(0,0,0)
(0,0,0)
(0,0,0)
(0,0,0)
(0,0,0)
(0,0,0)
(0,0,0)
(0,0,0)
(0,0,0)
(0,0,0)
(0,0,0)
(0,0,0)
(0,0,0)
(0,0,0)
(0,0,0)
(0,0,0)
(0,0,0)
(0,0,0)
(0,0,0)
(0,0,0)
(0,0,0)
(0,0,0)
(-6.42501736160435e-13,-1.622111567751e-11,2.08627956422353e-11)
(-1.09562074710407e-12,-3.29209726686999e-11,1.98261759889518e-11)
(-1.05356433935597e-12,-5.29453306365549e-11,1.76544490799386e-11)
(-1.30762295505672e-12,-7.61514427119068e-11,1.44496851424235e-11)
(-3.83716711931283e-13,-1.03638440291668e-10,9.91598316598035e-12)
(1.25838405705401e-12,-1.34394921396249e-10,4.13387475020322e-12)
(2.27158181541682e-12,-1.67644673390837e-10,-1.56404001649636e-12)
(3.59128584718534e-12,-2.01960460619923e-10,-3.66209775323725e-12)
(3.47433925736262e-12,-2.29678417179142e-10,-2.99499169725726e-12)
(3.31711216002924e-12,-2.43893935003876e-10,-1.41886953249903e-12)
(0,0,0)
(0,0,0)
(0,0,0)
(0,0,0)
(0,0,0)
(0,0,0)
(-1.25541574898558e-12,-1.56492858164456e-11,4.23757419222741e-11)
(-1.96142394190835e-12,-3.16754871400607e-11,4.07341331073776e-11)
(-1.8138175726373e-12,-5.01403006226085e-11,3.6778220614362e-11)
(-1.53380858279341e-12,-7.15033586951054e-11,3.06037899548583e-11)
(1.33369717452232e-13,-9.72487491013365e-11,2.1459821237482e-11)
(2.36422701797784e-12,-1.27487344660341e-10,9.665334902013e-12)
(3.62076591911743e-12,-1.63865092177409e-10,-2.86954530882726e-12)
(5.96568787630587e-12,-2.00759540214038e-10,-6.52864759394213e-12)
(5.9202980075228e-12,-2.29405792324183e-10,-4.64185507955317e-12)
(5.20837406197835e-12,-2.43970474645987e-10,-2.11282585513115e-12)
(0,0,0)
(0,0,0)
(0,0,0)
(0,0,0)
(0,0,0)
(0,0,0)
(-1.76405812510161e-12,-1.43814874868715e-11,6.61757652332788e-11)
(-2.52051952939676e-12,-2.87275937291309e-11,6.37839556430387e-11)
(-1.84988950850288e-12,-4.45634890778188e-11,5.85284680577406e-11)
(-5.87525126042603e-13,-6.21469178643311e-11,5.04993319671041e-11)
(1.27911773389125e-12,-8.42299389152298e-11,3.78542022485901e-11)
(2.8598241188056e-12,-1.12644605252072e-10,1.89464917655719e-11)
(-7.47013527998243e-13,-1.57073250132266e-10,-6.74381763025181e-12)
(5.87651169549689e-12,-1.99029384419555e-10,-1.01064515583688e-11)
(6.56711370111536e-12,-2.28896144343089e-10,-4.82705791587564e-12)
(5.69748466001284e-12,-2.44028062791578e-10,-1.42728914129452e-12)
(0,0,0)
(0,0,0)
(0,0,0)
(0,0,0)
(0,0,0)
(0,0,0)
(-2.40111672343155e-12,-1.24596311842552e-11,9.22763396543574e-11)
(-4.03507811654782e-12,-2.40907723010391e-11,8.91767670292229e-11)
(-3.14522802291562e-12,-3.67694100270511e-11,8.31531336628856e-11)
(-3.75435923848578e-13,-4.90431591132009e-11,7.37947235909307e-11)
(2.25983112765767e-12,-6.39492320236818e-11,6.01214292172089e-11)
(5.68884134616129e-14,-8.45714523328155e-11,3.8249832091151e-11)
(-4.87917611240964e-11,-1.53036678062224e-10,-1.26581405906032e-11)
(-1.13240462911813e-12,-1.99762542468688e-10,-8.0265974437204e-12)
(3.97551188726569e-12,-2.28610012051534e-10,1.62637727753926e-12)
(3.8096160426818e-12,-2.42867290673887e-10,2.91044540381373e-12)
(0,0,0)
(0,0,0)
(0,0,0)
(0,0,0)
(0,0,0)
(0,0,0)
(-2.71738676391523e-12,-9.99356572486592e-12,1.20774449898281e-10)
(-4.76456128131953e-12,-1.89587399397631e-11,1.17966781673077e-10)
(-3.95157648532634e-12,-2.81059369266296e-11,1.11951280597086e-10)
(-6.10073421283896e-13,-3.51334408897093e-11,1.02181101654614e-10)
(6.88935860714645e-12,-4.07919983382987e-11,8.97195408938522e-11)
(2.84905011650714e-11,-3.32807440928993e-11,7.62705269735744e-11)
(-2.37923786256586e-11,-1.96114519604788e-10,7.9341312363285e-11)
(-6.990266264474e-12,-2.07963644291734e-10,4.20540858929807e-11)
(-1.02347841704522e-12,-2.26580245149416e-10,2.65898363223239e-11)
(-1.53877427827516e-13,-2.37302788800412e-10,1.39210793590514e-11)
(0,0,0)
(0,0,0)
(0,0,0)
(0,0,0)
(0,0,0)
(0,0,0)
(-3.30448430172965e-12,-8.10034679797236e-12,1.51299669254818e-10)
(-5.76335071018096e-12,-1.4609448177009e-11,1.48628485630498e-10)
(-5.4284760632379e-12,-1.99410623271625e-11,1.4281026154341e-10)
(-2.94825235861161e-12,-2.28457086845433e-11,1.33828322671005e-10)
(7.30618419728995e-12,-2.33621239049824e-11,1.2326861766067e-10)
(4.41108422891027e-11,-1.35512431822253e-11,1.14636568174831e-10)
(-4.91921184564745e-11,-1.75456506082121e-10,1.32210614177019e-10)
(-1.71088887908869e-11,-1.95104097734003e-10,8.2071813628393e-11)
(-7.31454045412489e-12,-2.13117398253628e-10,5.37364430000244e-11)
(-4.719669099358e-12,-2.21939494381919e-10,2.73263900789598e-11)
(0,0,0)
(0,0,0)
(0,0,0)
(0,0,0)
(0,0,0)
(0,0,0)
(-3.97366914274891e-12,-6.53967292797127e-12,1.8266358352811e-10)
(-7.3354174944871e-12,-1.07829134628125e-11,1.8003617214945e-10)
(-8.14091916590029e-12,-1.32284596199704e-11,1.74671786720154e-10)
(-7.20181175439664e-12,-1.34678555937606e-11,1.67060734204243e-10)
(1.46014742462807e-12,-1.00628830244495e-11,1.58929207357147e-10)
(4.45356425260103e-11,4.48280784958535e-12,1.57534182776381e-10)
(-2.21266307583863e-11,-1.63903581420404e-10,2.12435496918198e-10)
(-1.92514525623452e-11,-1.76253488680093e-10,1.35611683058209e-10)
(-1.15470491227309e-11,-1.89173360416109e-10,8.42993336420983e-11)
(-8.41192973709444e-12,-1.95103283152786e-10,4.11135790711866e-11)
(0,0,0)
(0,0,0)
(0,0,0)
(0,0,0)
(0,0,0)
(0,0,0)
(-3.94465797050961e-12,-5.28742794331801e-12,2.12316991164332e-10)
(-7.61025981613018e-12,-7.94431443593726e-12,2.09898226806374e-10)
(-1.01750649420025e-11,-8.9999550584528e-12,2.0525981151899e-10)
(-1.19486366031614e-11,-8.56668456906954e-12,1.98936300769745e-10)
(-1.34721952105016e-11,-6.74901423600019e-12,1.92441944248892e-10)
(-1.34887710343906e-11,-1.21995102634702e-11,1.89114329717789e-10)
(-1.08121105528953e-11,-1.01370800271074e-10,1.9159613964147e-10)
(-1.30410972977138e-11,-1.35141965515431e-10,1.50446836976342e-10)
(-1.04966411245988e-11,-1.50273167755368e-10,1.00331423254902e-10)
(-9.11436101371263e-12,-1.56068187086403e-10,5.00025235906769e-11)
(0,0,0)
(0,0,0)
(0,0,0)
(0,0,0)
(0,0,0)
(0,0,0)
(-4.46215715166675e-12,-3.95022532440932e-12,2.35910191919989e-10)
(-7.84512237467651e-12,-5.58369495578055e-12,2.33105325706003e-10)
(-1.08675025950624e-11,-6.26313324871224e-12,2.28303177301093e-10)
(-1.36585372629708e-11,-6.82164554052599e-12,2.22075378204048e-10)
(-1.60283180895519e-11,-9.72593323491312e-12,2.15039862121265e-10)
(-1.69241442119612e-11,-2.19261101906276e-11,2.06666044808727e-10)
(-1.2773368982529e-11,-6.30423109293721e-11,1.92443804592141e-10)
(-1.18143996811775e-11,-8.92258468313015e-11,1.56954842430933e-10)
(-1.04591395455687e-11,-1.03020504593471e-10,1.08858661047167e-10)
(-1.00854619554484e-11,-1.08372345016542e-10,5.53877430033375e-11)
(0,0,0)
(0,0,0)
(0,0,0)
(0,0,0)
(0,0,0)
(0,0,0)
(-5.18907552970124e-12,-1.96906508021896e-12,2.48104032609587e-10)
(-8.541599834748e-12,-2.47738808402243e-12,2.45280649591776e-10)
(-1.15748206219431e-11,-3.10554033283585e-12,2.40995404946838e-10)
(-1.45122893838883e-11,-4.08456944760189e-12,2.34326342408596e-10)
(-1.58221612656444e-11,-7.1520208827631e-12,2.25789227141783e-10)
(-1.56949961331916e-11,-1.45080976428245e-11,2.13747772017862e-10)
(-1.23977464880125e-11,-3.12465700705668e-11,1.93940177273447e-10)
(-1.12871464443211e-11,-4.42519466038771e-11,1.58852551280089e-10)
(-1.11713576579118e-11,-5.20944369007908e-11,1.11658253020081e-10)
(-1.09978315001209e-11,-5.51118293893555e-11,5.72466136552835e-11)
(0,0,0)
(0,0,0)
(0,0,0)
(0,0,0)
(0,0,0)
(0,0,0)
(0,0,0)
(0,0,0)
(0,0,0)
(0,0,0)
(0,0,0)
(0,0,0)
(0,0,0)
(0,0,0)
(0,0,0)
(0,0,0)
(0,0,0)
(0,0,0)
(0,0,0)
(0,0,0)
(0,0,0)
(0,0,0)
(0,0,0)
(0,0,0)
(0,0,0)
(0,0,0)
(0,0,0)
(0,0,0)
(0,0,0)
(0,0,0)
(0,0,0)
(0,0,0)
(0,0,0)
(0,0,0)
(0,0,0)
(0,0,0)
(0,0,0)
(0,0,0)
(0,0,0)
(0,0,0)
(0,0,0)
(0,0,0)
(0,0,0)
(0,0,0)
(0,0,0)
(0,0,0)
(0,0,0)
(0,0,0)
(0,0,0)
(0,0,0)
(0,0,0)
(0,0,0)
(0,0,0)
(0,0,0)
(0,0,0)
(0,0,0)
(0,0,0)
(0,0,0)
(0,0,0)
(0,0,0)
(0,0,0)
(0,0,0)
(0,0,0)
(0,0,0)
(0,0,0)
(0,0,0)
(0,0,0)
(0,0,0)
(0,0,0)
(0,0,0)
(0,0,0)
(0,0,0)
(0,0,0)
(0,0,0)
(0,0,0)
(0,0,0)
(0,0,0)
(0,0,0)
(0,0,0)
(0,0,0)
(0,0,0)
(0,0,0)
(0,0,0)
(0,0,0)
(0,0,0)
(0,0,0)
(0,0,0)
(0,0,0)
(0,0,0)
(0,0,0)
(0,0,0)
(0,0,0)
(0,0,0)
(0,0,0)
(0,0,0)
(0,0,0)
(0,0,0)
(0,0,0)
(0,0,0)
(0,0,0)
(0,0,0)
(0,0,0)
(-1.77711943915953e-13,-1.4857716439403e-11,2.03349991310027e-11)
(-1.69379366741021e-13,-3.10272573090888e-11,1.94744310452773e-11)
(-6.53830415785193e-13,-5.06172234454735e-11,1.76638728696253e-11)
(-1.42200499541591e-12,-7.24727191128654e-11,1.50236043441196e-11)
(-9.91299486496574e-13,-9.80108136311875e-11,1.10577097440087e-11)
(4.87220878692168e-14,-1.26141023746791e-10,6.28251096930209e-12)
(5.90058338739027e-13,-1.54759797206386e-10,1.83271567041392e-12)
(1.72325938528338e-12,-1.81881001878496e-10,-6.6210686409087e-13)
(1.62559223764373e-12,-2.03968972080447e-10,-1.08008561460271e-12)
(1.97478226965863e-12,-2.150757554366e-10,-7.87038641531109e-13)
(0,0,0)
(0,0,0)
(0,0,0)
(0,0,0)
(0,0,0)
(0,0,0)
(-8.81605263655903e-13,-1.37965970299936e-11,4.17741969903138e-11)
(-9.53404859849485e-13,-2.93116805893955e-11,4.04480748889052e-11)
(-1.21619845792714e-12,-4.83353674103864e-11,3.70840959808444e-11)
(-1.74628069617128e-12,-6.90953592596328e-11,3.16315403588749e-11)
(-1.09095413320128e-12,-9.35671543713353e-11,2.38136959762692e-11)
(5.63678205563555e-14,-1.2155899825459e-10,1.48373990078588e-11)
(4.88026159109683e-13,-1.51889030941807e-10,6.07985761643683e-12)
(2.34873956740689e-12,-1.80471461810964e-10,1.12010287006695e-12)
(2.88162080202319e-12,-2.03276832038042e-10,-9.43151989325844e-14)
(3.153136352434e-12,-2.14841992998674e-10,-2.88004905284427e-13)
(0,0,0)
(0,0,0)
(0,0,0)
(0,0,0)
(0,0,0)
(0,0,0)
(-1.29410483746506e-12,-1.26432806216165e-11,6.4392178525828e-11)
(-1.90185337219029e-12,-2.65093968305307e-11,6.24749775659582e-11)
(-1.61483246864015e-12,-4.34916658053607e-11,5.79443391355003e-11)
(-1.04615415865388e-12,-6.17650381287063e-11,5.05732088726564e-11)
(-9.38786746251988e-14,-8.45255495209953e-11,4.03261137581546e-11)
(4.76980595404053e-13,-1.12278298436207e-10,2.73810137204859e-11)
(-1.42095167001959e-12,-1.46282521709789e-10,1.35065941525318e-11)
(1.33027610217059e-12,-1.77510887939605e-10,6.54084647812804e-12)
(2.88121263497996e-12,-2.01202632558174e-10,4.30660855007729e-12)
(3.10942340102749e-12,-2.13381773680579e-10,2.31933741071268e-12)
(0,0,0)
(0,0,0)
(0,0,0)
(0,0,0)
(0,0,0)
(0,0,0)
(-1.76760955768927e-12,-1.14488590389613e-11,8.98838258146195e-11)
(-3.14347711147979e-12,-2.30280662016217e-11,8.70043490081981e-11)
(-2.45029105136515e-12,-3.68776628690821e-11,8.17658321191712e-11)
(-6.11859773625914e-13,-5.16888449360043e-11,7.35841849902797e-11)
(9.74194568313669e-13,-7.11088688734624e-11,6.27154051425296e-11)
(-3.25847144698492e-13,-9.78939310611035e-11,4.81053023648883e-11)
(-1.03454627284075e-11,-1.40139052574018e-10,2.92406330112584e-11)
(-2.58427752736244e-12,-1.7405473046206e-10,1.98724124207868e-11)
(6.61676858836196e-13,-1.97472234339618e-10,1.4519962070848e-11)
(1.15555957301524e-12,-2.09404312310877e-10,7.77641048927594e-12)
(0,0,0)
(0,0,0)
(0,0,0)
(0,0,0)
(0,0,0)
(0,0,0)
(-1.80293746560319e-12,-9.6759070647365e-12,1.17730572983457e-10)
(-3.09835196808471e-12,-1.94280692177422e-11,1.14821418631453e-10)
(-2.34627214231612e-12,-2.99867586376098e-11,1.0919420434183e-10)
(-4.36244865697467e-13,-4.09544284769284e-11,1.00894309435075e-10)
(2.90849809411508e-12,-5.56499408727565e-11,9.05661949919983e-11)
(5.69021486469537e-12,-7.9312068670341e-11,7.92164690723938e-11)
(-7.16316567800016e-12,-1.38891974711563e-10,6.82931604797822e-11)
(-4.38556325154533e-12,-1.70199552740484e-10,4.92304010359983e-11)
(-1.81756834952647e-12,-1.90324879388577e-10,3.28977788693985e-11)
(-1.59609248728833e-12,-2.00852250588819e-10,1.67762588331196e-11)
(0,0,0)
(0,0,0)
(0,0,0)
(0,0,0)
(0,0,0)
(0,0,0)
(-2.19397454738515e-12,-7.96097181189062e-12,1.4671675861933e-10)
(-3.77166133728229e-12,-1.5607786462032e-11,1.43807987024895e-10)
(-3.15913989804239e-12,-2.32869199357058e-11,1.37884314062493e-10)
(-1.76640043905107e-12,-3.09672428807705e-11,1.29882728554156e-10)
(2.63899280260311e-12,-4.21364134570432e-11,1.20619955367498e-10)
(8.5027452551483e-12,-6.38527718236348e-11,1.11858167819518e-10)
(-1.06062425694903e-11,-1.25396195952296e-10,1.05001639907111e-10)
(-7.62412721644753e-12,-1.56732335050096e-10,7.901097997645e-11)
(-4.84852537056414e-12,-1.75099187745211e-10,5.29813954803973e-11)
(-4.22949024951878e-12,-1.84349455814705e-10,2.68857352561151e-11)
(0,0,0)
(0,0,0)
(0,0,0)
(0,0,0)
(0,0,0)
(0,0,0)
(-2.59850274876524e-12,-6.50533572464959e-12,1.74323079347733e-10)
(-4.80963109204883e-12,-1.17818451493882e-11,1.71601653311959e-10)
(-4.75837121150926e-12,-1.71584323309476e-11,1.65757553793639e-10)
(-3.97145593200583e-12,-2.25965106301939e-11,1.58111104318612e-10)
(-4.58696783028129e-13,-3.0974612068127e-11,1.49913071860611e-10)
(6.3166464972454e-12,-4.96522253594378e-11,1.4293012308661e-10)
(-7.83559804769299e-12,-1.07357148240095e-10,1.39915882610175e-10)
(-9.05062631093498e-12,-1.3562767674917e-10,1.07398633095504e-10)
(-7.26148721259179e-12,-1.51590804878339e-10,7.20192764899152e-11)
(-6.33344673227199e-12,-1.59228018978392e-10,3.63093928806569e-11)
(0,0,0)
(0,0,0)
(0,0,0)
(0,0,0)
(0,0,0)
(0,0,0)
(-2.86309623145488e-12,-5.26920943824744e-12,1.99405012382403e-10)
(-5.33246400891886e-12,-8.45747772978182e-12,1.96513203400687e-10)
(-6.58837600248901e-12,-1.21365888998571e-11,1.91119275846505e-10)
(-7.19931911084361e-12,-1.65026900638318e-11,1.83508934430582e-10)
(-7.16766168047725e-12,-2.34645340488535e-11,1.74776039564822e-10)
(-6.24398103086997e-12,-4.02006044990717e-11,1.65285389611079e-10)
(-7.9912972295248e-12,-7.95047888011596e-11,1.52464578734479e-10)
(-8.8418022603996e-12,-1.05443906970639e-10,1.21821454158758e-10)
(-7.42040462225188e-12,-1.19584364268752e-10,8.32655037656651e-11)
(-6.80767949290165e-12,-1.25716984215817e-10,4.22776267538059e-11)
(0,0,0)
(0,0,0)
(0,0,0)
(0,0,0)
(0,0,0)
(0,0,0)
(-3.63845118187947e-12,-3.79339509520467e-12,2.19075101333134e-10)
(-6.14928084151412e-12,-5.71669486405769e-12,2.15417880956532e-10)
(-7.79729641387863e-12,-7.97545806678717e-12,2.09649874314722e-10)
(-9.36009727311597e-12,-1.13297234183483e-11,2.0197868607172e-10)
(-1.02284131291868e-11,-1.74179676148339e-11,1.92255848488384e-10)
(-1.01199165432008e-11,-3.01404105194255e-11,1.79440833603936e-10)
(-9.08014768009068e-12,-5.28815036255834e-11,1.60629757303887e-10)
(-8.69211852484429e-12,-7.14167048720716e-11,1.30126054543516e-10)
(-7.91428919441131e-12,-8.22683667309417e-11,9.04258208420361e-11)
(-7.95823457930254e-12,-8.65274494517859e-11,4.61655810600508e-11)
(0,0,0)
(0,0,0)
(0,0,0)
(0,0,0)
(0,0,0)
(0,0,0)
(-4.33475759210966e-12,-1.84449492359292e-12,2.28873854305967e-10)
(-6.73374327383257e-12,-2.71015767342044e-12,2.24972913503403e-10)
(-8.01129841653706e-12,-4.09000604860949e-12,2.19400449305158e-10)
(-1.00597435646763e-11,-6.05003759292887e-12,2.11504014300473e-10)
(-1.09327270244849e-11,-9.63567006269155e-12,2.00722867274485e-10)
(-1.03954990316028e-11,-1.62319414198057e-11,1.85893123177071e-10)
(-8.55669056522969e-12,-2.67610814279408e-11,1.64719802625683e-10)
(-8.3447947881904e-12,-3.59474255891749e-11,1.33777093716844e-10)
(-8.85415519391111e-12,-4.16599016996586e-11,9.36635269765106e-11)
(-8.86304723420195e-12,-4.37308884748195e-11,4.79040539297439e-11)
(0,0,0)
(0,0,0)
(0,0,0)
(0,0,0)
(0,0,0)
(0,0,0)
(0,0,0)
(0,0,0)
(0,0,0)
(0,0,0)
(0,0,0)
(0,0,0)
(0,0,0)
(0,0,0)
(0,0,0)
(0,0,0)
(0,0,0)
(0,0,0)
(0,0,0)
(0,0,0)
(0,0,0)
(0,0,0)
(0,0,0)
(0,0,0)
(0,0,0)
(0,0,0)
(0,0,0)
(0,0,0)
(0,0,0)
(0,0,0)
(0,0,0)
(0,0,0)
(0,0,0)
(0,0,0)
(0,0,0)
(0,0,0)
(0,0,0)
(0,0,0)
(0,0,0)
(0,0,0)
(0,0,0)
(0,0,0)
(0,0,0)
(0,0,0)
(0,0,0)
(0,0,0)
(0,0,0)
(0,0,0)
(0,0,0)
(0,0,0)
(0,0,0)
(0,0,0)
(0,0,0)
(0,0,0)
(0,0,0)
(0,0,0)
(0,0,0)
(0,0,0)
(0,0,0)
(0,0,0)
(0,0,0)
(0,0,0)
(0,0,0)
(0,0,0)
(0,0,0)
(0,0,0)
(0,0,0)
(0,0,0)
(0,0,0)
(0,0,0)
(0,0,0)
(0,0,0)
(0,0,0)
(0,0,0)
(0,0,0)
(0,0,0)
(0,0,0)
(0,0,0)
(0,0,0)
(0,0,0)
(0,0,0)
(0,0,0)
(0,0,0)
(0,0,0)
(0,0,0)
(0,0,0)
(0,0,0)
(0,0,0)
(0,0,0)
(0,0,0)
(0,0,0)
(0,0,0)
(0,0,0)
(0,0,0)
(0,0,0)
(0,0,0)
(0,0,0)
(0,0,0)
(0,0,0)
(0,0,0)
(0,0,0)
(0,0,0)
(-3.78263267568505e-13,-1.51082048376026e-11,2.11093516741993e-11)
(-7.43979108106838e-14,-3.05375859413643e-11,1.97537872560428e-11)
(-2.95417925369495e-13,-4.97130335356505e-11,1.81796066550338e-11)
(-8.33470248527981e-13,-7.06954840421933e-11,1.57563732856691e-11)
(-6.59759971655041e-13,-9.49648982405539e-11,1.18812989465582e-11)
(-8.35081054235418e-14,-1.22321673414559e-10,7.70999606398942e-12)
(2.14114608655722e-13,-1.4934422811826e-10,4.01670463354183e-12)
(7.31698068267761e-13,-1.73503106935907e-10,1.29246954763543e-12)
(6.40405222170235e-13,-1.91946315421062e-10,-3.25725427094858e-13)
(9.53981190190743e-13,-2.00064720480332e-10,-9.75028551873926e-13)
(0,0,0)
(0,0,0)
(0,0,0)
(0,0,0)
(0,0,0)
(0,0,0)
(-7.08799570620645e-13,-1.41309036870263e-11,4.19670188096239e-11)
(-3.9170971064603e-13,-2.9037803251159e-11,4.02418051999466e-11)
(-6.0734444096514e-13,-4.75852180916748e-11,3.74396701414516e-11)
(-1.25875744450902e-12,-6.76538799515941e-11,3.24391366335067e-11)
(-1.15626201513615e-12,-9.14533553296519e-11,2.49963370363946e-11)
(-4.66790606403522e-13,-1.18711890089512e-10,1.72526186094072e-11)
(-1.58728326537693e-13,-1.46405878423713e-10,1.00904206413815e-11)
(6.0258376505566e-13,-1.71153213892898e-10,4.72643452390181e-12)
(1.00111102851582e-12,-1.90656607074114e-10,1.76406025321661e-12)
(1.40491212906114e-12,-2.00085767842013e-10,6.97883085211963e-14)
(0,0,0)
(0,0,0)
(0,0,0)
(0,0,0)
(0,0,0)
(0,0,0)
(-5.713254602249e-13,-1.31144896479589e-11,6.3794925254611e-11)
(-8.52545570644779e-13,-2.6627377903316e-11,6.19787909019087e-11)
(-8.57705142085865e-13,-4.31920290246788e-11,5.77483119220809e-11)
(-8.75252236859051e-13,-6.14698377990001e-11,5.07348831793032e-11)
(-5.65459284479797e-13,-8.48658989177882e-11,4.15343607732308e-11)
(-3.29672117556122e-14,-1.12016482727905e-10,3.09050180959456e-11)
(-5.98673131363171e-13,-1.41200620632774e-10,2.06114527092821e-11)
(1.08356552656521e-13,-1.67588255857152e-10,1.29668295193895e-11)
(1.13808555576226e-12,-1.87961224100902e-10,7.97907268245046e-12)
(1.45129944204527e-12,-1.98611067404434e-10,3.83924950333264e-12)
(0,0,0)
(0,0,0)
(0,0,0)
(0,0,0)
(0,0,0)
(0,0,0)
(-6.6108472547041e-13,-1.18696807554874e-11,8.91938866946024e-11)
(-1.50495720634982e-12,-2.324944449413e-11,8.65831923695626e-11)
(-1.15954815392919e-12,-3.70363054239891e-11,8.15714683201926e-11)
(-4.77496384949473e-13,-5.31445676297882e-11,7.43502251477151e-11)
(1.2536934523781e-13,-7.48020155249885e-11,6.49052554026784e-11)
(-4.30401818211174e-14,-1.01755884552974e-10,5.29113515329121e-11)
(-2.22432000037073e-12,-1.34154670574267e-10,3.97240450112399e-11)
(-1.08700489902981e-12,-1.62492142467548e-10,2.89257945692427e-11)
(2.57873489392592e-13,-1.82683315366022e-10,1.97012325096668e-11)
(3.79908340227735e-13,-1.93320518459059e-10,1.02601070195578e-11)
(0,0,0)
(0,0,0)
(0,0,0)
(0,0,0)
(0,0,0)
(0,0,0)
(-6.08718366437037e-13,-9.92007115590402e-12,1.16463299454283e-10)
(-1.2914204341634e-12,-1.97426776511e-11,1.13808308004251e-10)
(-7.462159374788e-13,-3.09746104054552e-11,1.08452248429067e-10)
(-9.53160187609876e-14,-4.41770942696981e-11,1.0150114714081e-10)
(7.44696598014174e-13,-6.26827423100001e-11,9.20477565759308e-11)
(1.154226610592e-12,-8.86116182131046e-11,8.05612562782013e-11)
(-1.5961849935066e-12,-1.25580740132656e-10,6.74888676215893e-11)
(-1.52015877537526e-12,-1.54354585306982e-10,5.19688471842053e-11)
(-9.21739956596899e-13,-1.72984316386522e-10,3.58172150894286e-11)
(-1.32262842827248e-12,-1.8268050309928e-10,1.87792967101057e-11)
(0,0,0)
(0,0,0)
(0,0,0)
(0,0,0)
(0,0,0)
(0,0,0)
(-7.4083904018923e-13,-7.87379807232203e-12,1.44486680352475e-10)
(-1.67392968751222e-12,-1.56780385100775e-11,1.42077633785809e-10)
(-1.2860419944589e-12,-2.476972505469e-11,1.36376462453154e-10)
(-8.74359502973724e-13,-3.48190197235607e-11,1.29140888210693e-10)
(2.38978961657147e-13,-5.04515454142613e-11,1.2016168390306e-10)
(1.15872670335727e-12,-7.43850029458757e-11,1.09688777314182e-10)
(-2.65463035103379e-12,-1.11656904688774e-10,9.66841825582448e-11)
(-2.69920102130595e-12,-1.39723111987608e-10,7.56887222428491e-11)
(-2.26124801317283e-12,-1.56868137963783e-10,5.18811793173901e-11)
(-2.46519182970655e-12,-1.65223834817448e-10,2.66203588873126e-11)
(0,0,0)
(0,0,0)
(0,0,0)
(0,0,0)
(0,0,0)
(0,0,0)
(-1.11320299937667e-12,-6.20559054585735e-12,1.70294082665503e-10)
(-2.28989899334571e-12,-1.16507968649334e-11,1.68107165305037e-10)
(-2.133765167538e-12,-1.88201928066795e-11,1.624332277547e-10)
(-1.86724404039362e-12,-2.67141749189084e-11,1.54656013054052e-10)
(-9.85826028289432e-13,-3.97396598637129e-11,1.45899091218014e-10)
(-1.20733886700153e-13,-6.02216814865754e-11,1.35100011156056e-10)
(-3.17070797199387e-12,-9.33160747244206e-11,1.21035669511346e-10)
(-3.85503948389664e-12,-1.18614770083471e-10,9.58698900989975e-11)
(-3.55804421289376e-12,-1.33868565546869e-10,6.58843803788998e-11)
(-3.53508861421318e-12,-1.41068667759843e-10,3.36362610612699e-11)
(0,0,0)
(0,0,0)
(0,0,0)
(0,0,0)
(0,0,0)
(0,0,0)
(-1.4471015927735e-12,-5.13187618477895e-12,1.93409308800283e-10)
(-2.67931932047531e-12,-8.26675830791965e-12,1.90725479585902e-10)
(-3.13916541961638e-12,-1.31767432735799e-11,1.85268897544058e-10)
(-3.63939089057865e-12,-1.98244971232366e-11,1.77055346705925e-10)
(-3.72357816075591e-12,-2.99264058300497e-11,1.66932193302516e-10)
(-3.48336413391647e-12,-4.62780737285847e-11,1.53922947151615e-10)
(-3.97145782937012e-12,-7.13210032840757e-11,1.3604574676649e-10)
(-4.31305396589097e-12,-9.24842998472467e-11,1.08648702422638e-10)
(-3.74852514820515e-12,-1.05178490442139e-10,7.49232575986514e-11)
(-3.71958750312528e-12,-1.10967495312788e-10,3.83363487021452e-11)
(0,0,0)
(0,0,0)
(0,0,0)
(0,0,0)
(0,0,0)
(0,0,0)
(-1.93013097688523e-12,-3.89514856317151e-12,2.10902648208992e-10)
(-3.38781139033313e-12,-5.48949558654889e-12,2.07165546175186e-10)
(-4.01156018905903e-12,-8.10235785506032e-12,2.01013886173127e-10)
(-4.91694551520388e-12,-1.33407346104003e-11,1.9294841794345e-10)
(-5.19569579688574e-12,-2.06407378399188e-11,1.81625450685268e-10)
(-5.21730934276981e-12,-3.18842374773692e-11,1.66337828260334e-10)
(-4.69686711734744e-12,-4.78954167696092e-11,1.45515914351733e-10)
(-4.46116410626842e-12,-6.30719089891361e-11,1.17260757530298e-10)
(-4.26251444371173e-12,-7.23401066938414e-11,8.16067633993627e-11)
(-4.58921449621499e-12,-7.63507341137674e-11,4.17798064698441e-11)
(0,0,0)
(0,0,0)
(0,0,0)
(0,0,0)
(0,0,0)
(0,0,0)
(-2.27831171313859e-12,-2.08817750623886e-12,2.19651650955963e-10)
(-3.8714367490085e-12,-2.7256469748303e-12,2.15285161736586e-10)
(-4.20486946046023e-12,-4.04844981443675e-12,2.08688078012747e-10)
(-5.32863413161718e-12,-6.93471286742582e-12,2.0043475873785e-10)
(-5.73865298975988e-12,-1.0548811211879e-11,1.88171411738807e-10)
(-5.45411990002815e-12,-1.62796329115378e-11,1.71883947537168e-10)
(-4.3750630843261e-12,-2.43371270655192e-11,1.50150194725602e-10)
(-4.17865363703073e-12,-3.18790789644672e-11,1.21438004575757e-10)
(-4.75458384680264e-12,-3.67756642080381e-11,8.53802719742589e-11)
(-4.68988177928004e-12,-3.91601421401381e-11,4.38500239194182e-11)
(0,0,0)
(0,0,0)
(0,0,0)
(0,0,0)
(0,0,0)
(0,0,0)
(0,0,0)
(0,0,0)
(0,0,0)
(0,0,0)
(0,0,0)
(0,0,0)
(0,0,0)
(0,0,0)
(0,0,0)
(0,0,0)
(0,0,0)
(0,0,0)
(0,0,0)
(0,0,0)
(0,0,0)
(0,0,0)
(0,0,0)
(0,0,0)
(0,0,0)
(0,0,0)
(0,0,0)
(0,0,0)
(0,0,0)
(0,0,0)
(0,0,0)
(0,0,0)
(0,0,0)
(0,0,0)
(0,0,0)
(0,0,0)
(0,0,0)
(0,0,0)
(0,0,0)
(0,0,0)
(0,0,0)
(0,0,0)
(0,0,0)
(0,0,0)
(0,0,0)
(0,0,0)
(0,0,0)
(0,0,0)
(0,0,0)
(0,0,0)
(0,0,0)
(0,0,0)
(0,0,0)
(0,0,0)
(0,0,0)
(0,0,0)
(0,0,0)
(0,0,0)
(0,0,0)
(0,0,0)
(0,0,0)
(0,0,0)
(0,0,0)
(0,0,0)
(0,0,0)
(0,0,0)
(0,0,0)
(0,0,0)
(0,0,0)
(0,0,0)
(0,0,0)
(0,0,0)
(0,0,0)
(0,0,0)
(0,0,0)
(0,0,0)
(0,0,0)
(0,0,0)
(0,0,0)
(0,0,0)
(0,0,0)
(0,0,0)
(0,0,0)
(0,0,0)
(0,0,0)
(0,0,0)
(0,0,0)
(0,0,0)
(0,0,0)
(0,0,0)
(0,0,0)
(0,0,0)
(0,0,0)
(0,0,0)
(0,0,0)
(0,0,0)
(0,0,0)
(0,0,0)
(0,0,0)
(0,0,0)
(0,0,0)
(0,0,0)
(0,0,0)
(0,0,0)
(0,0,0)
(0,0,0)
(0,0,0)
(0,0,0)
(0,0,0)
(0,0,0)
(0,0,0)
(0,0,0)
(0,0,0)
(0,0,0)
(0,0,0)
(0,0,0)
(0,0,0)
(0,0,0)
(0,0,0)
(0,0,0)
(0,0,0)
(0,0,0)
(0,0,0)
(0,0,0)
(0,0,0)
(0,0,0)
(0,0,0)
(0,0,0)
(0,0,0)
(0,0,0)
(0,0,0)
(0,0,0)
(0,0,0)
(0,0,0)
(0,0,0)
(0,0,0)
(0,0,0)
(0,0,0)
(0,0,0)
(0,0,0)
(0,0,0)
(0,0,0)
(0,0,0)
(0,0,0)
(0,0,0)
(0,0,0)
(0,0,0)
(0,0,0)
(0,0,0)
(0,0,0)
(0,0,0)
(0,0,0)
(0,0,0)
(0,0,0)
(0,0,0)
(0,0,0)
(0,0,0)
(0,0,0)
(0,0,0)
(0,0,0)
(0,0,0)
(0,0,0)
(0,0,0)
(0,0,0)
(0,0,0)
(0,0,0)
(0,0,0)
(0,0,0)
(0,0,0)
(0,0,0)
(0,0,0)
(0,0,0)
(0,0,0)
(0,0,0)
(0,0,0)
(0,0,0)
(0,0,0)
(0,0,0)
(0,0,0)
(0,0,0)
(0,0,0)
(0,0,0)
(0,0,0)
(0,0,0)
(0,0,0)
(0,0,0)
(0,0,0)
(0,0,0)
(0,0,0)
(0,0,0)
(0,0,0)
(0,0,0)
(0,0,0)
(0,0,0)
(0,0,0)
(0,0,0)
(0,0,0)
(0,0,0)
(0,0,0)
(0,0,0)
(0,0,0)
(0,0,0)
(0,0,0)
(0,0,0)
(0,0,0)
(0,0,0)
(0,0,0)
(0,0,0)
(0,0,0)
(0,0,0)
(0,0,0)
(0,0,0)
(0,0,0)
(0,0,0)
(0,0,0)
(0,0,0)
(0,0,0)
(0,0,0)
(0,0,0)
(0,0,0)
(0,0,0)
(0,0,0)
(0,0,0)
(0,0,0)
(0,0,0)
(0,0,0)
(0,0,0)
(0,0,0)
(0,0,0)
(0,0,0)
(0,0,0)
(0,0,0)
(0,0,0)
(0,0,0)
(0,0,0)
(0,0,0)
(0,0,0)
(0,0,0)
(0,0,0)
(0,0,0)
(0,0,0)
(0,0,0)
(0,0,0)
(0,0,0)
(0,0,0)
(0,0,0)
(0,0,0)
(0,0,0)
(0,0,0)
(0,0,0)
(0,0,0)
(0,0,0)
(0,0,0)
(0,0,0)
(0,0,0)
(0,0,0)
(0,0,0)
(0,0,0)
(0,0,0)
(0,0,0)
(0,0,0)
(0,0,0)
(0,0,0)
(0,0,0)
(0,0,0)
(0,0,0)
(0,0,0)
(0,0,0)
(0,0,0)
(0,0,0)
(0,0,0)
(0,0,0)
(0,0,0)
(0,0,0)
(0,0,0)
(0,0,0)
(0,0,0)
(0,0,0)
(0,0,0)
(0,0,0)
(0,0,0)
(0,0,0)
(0,0,0)
(0,0,0)
(0,0,0)
(0,0,0)
(0,0,0)
(0,0,0)
(0,0,0)
(0,0,0)
(0,0,0)
(0,0,0)
(0,0,0)
(0,0,0)
(0,0,0)
(0,0,0)
(0,0,0)
(0,0,0)
(0,0,0)
(0,0,0)
(0,0,0)
(0,0,0)
(0,0,0)
(0,0,0)
(0,0,0)
(0,0,0)
(0,0,0)
(0,0,0)
(0,0,0)
(0,0,0)
(0,0,0)
(0,0,0)
(0,0,0)
(0,0,0)
(0,0,0)
(0,0,0)
(0,0,0)
(0,0,0)
(0,0,0)
(0,0,0)
(0,0,0)
(0,0,0)
(0,0,0)
(0,0,0)
(0,0,0)
(0,0,0)
(0,0,0)
(0,0,0)
(0,0,0)
(0,0,0)
(0,0,0)
(0,0,0)
(0,0,0)
(0,0,0)
(0,0,0)
(0,0,0)
(0,0,0)
(0,0,0)
(0,0,0)
(0,0,0)
(0,0,0)
(0,0,0)
(0,0,0)
(0,0,0)
(0,0,0)
(0,0,0)
(0,0,0)
(0,0,0)
(0,0,0)
(0,0,0)
(0,0,0)
(0,0,0)
(0,0,0)
(0,0,0)
(0,0,0)
(0,0,0)
(0,0,0)
(0,0,0)
(0,0,0)
(0,0,0)
(0,0,0)
(0,0,0)
(0,0,0)
(0,0,0)
(0,0,0)
(0,0,0)
(0,0,0)
(0,0,0)
(0,0,0)
(0,0,0)
(0,0,0)
(0,0,0)
(0,0,0)
(0,0,0)
(0,0,0)
(0,0,0)
(0,0,0)
(0,0,0)
(0,0,0)
(0,0,0)
(0,0,0)
(0,0,0)
(0,0,0)
(0,0,0)
(0,0,0)
(0,0,0)
(0,0,0)
(0,0,0)
(0,0,0)
(0,0,0)
(0,0,0)
(0,0,0)
(0,0,0)
(0,0,0)
(0,0,0)
(0,0,0)
(0,0,0)
(0,0,0)
(0,0,0)
(0,0,0)
(0,0,0)
(0,0,0)
(0,0,0)
(0,0,0)
(0,0,0)
(0,0,0)
(0,0,0)
(0,0,0)
(0,0,0)
(0,0,0)
(0,0,0)
(0,0,0)
(0,0,0)
(0,0,0)
(0,0,0)
(0,0,0)
(0,0,0)
(0,0,0)
(0,0,0)
(0,0,0)
(0,0,0)
(0,0,0)
(0,0,0)
(0,0,0)
(0,0,0)
(0,0,0)
(0,0,0)
(0,0,0)
(0,0,0)
(0,0,0)
(0,0,0)
(0,0,0)
(0,0,0)
(0,0,0)
(0,0,0)
(0,0,0)
(0,0,0)
(0,0,0)
(0,0,0)
(0,0,0)
(0,0,0)
(0,0,0)
(0,0,0)
(0,0,0)
(0,0,0)
(0,0,0)
(0,0,0)
(0,0,0)
(0,0,0)
(0,0,0)
(0,0,0)
(0,0,0)
(0,0,0)
(0,0,0)
(0,0,0)
(0,0,0)
(0,0,0)
(0,0,0)
(0,0,0)
(0,0,0)
(0,0,0)
(0,0,0)
(0,0,0)
(0,0,0)
(0,0,0)
(0,0,0)
(0,0,0)
(0,0,0)
(0,0,0)
(0,0,0)
(0,0,0)
(0,0,0)
(0,0,0)
(0,0,0)
(0,0,0)
(0,0,0)
(0,0,0)
(0,0,0)
(0,0,0)
(0,0,0)
(0,0,0)
(0,0,0)
(0,0,0)
(0,0,0)
(0,0,0)
(0,0,0)
(0,0,0)
(0,0,0)
(0,0,0)
(0,0,0)
(0,0,0)
(0,0,0)
(0,0,0)
(0,0,0)
(0,0,0)
(0,0,0)
(0,0,0)
(0,0,0)
(0,0,0)
(0,0,0)
(0,0,0)
(0,0,0)
(0,0,0)
(0,0,0)
(0,0,0)
(0,0,0)
(0,0,0)
(0,0,0)
(0,0,0)
(0,0,0)
(0,0,0)
(0,0,0)
(0,0,0)
(0,0,0)
(0,0,0)
(0,0,0)
(0,0,0)
(0,0,0)
(0,0,0)
(0,0,0)
(0,0,0)
(0,0,0)
(0,0,0)
(0,0,0)
(0,0,0)
(0,0,0)
(0,0,0)
(0,0,0)
(0,0,0)
(0,0,0)
(0,0,0)
(0,0,0)
(0,0,0)
(0,0,0)
(0,0,0)
(0,0,0)
(0,0,0)
(0,0,0)
(0,0,0)
(0,0,0)
(0,0,0)
(0,0,0)
(0,0,0)
(0,0,0)
(0,0,0)
(0,0,0)
(0,0,0)
(0,0,0)
(0,0,0)
(0,0,0)
(0,0,0)
(0,0,0)
(0,0,0)
(0,0,0)
(0,0,0)
(0,0,0)
(0,0,0)
(0,0,0)
(0,0,0)
(0,0,0)
(0,0,0)
(0,0,0)
(0,0,0)
(0,0,0)
(0,0,0)
(0,0,0)
(0,0,0)
(0,0,0)
(0,0,0)
(0,0,0)
(0,0,0)
(0,0,0)
(0,0,0)
(0,0,0)
(0,0,0)
(0,0,0)
(0,0,0)
(0,0,0)
(0,0,0)
(0,0,0)
(0,0,0)
(0,0,0)
(0,0,0)
(0,0,0)
(0,0,0)
(0,0,0)
(0,0,0)
(0,0,0)
(0,0,0)
(0,0,0)
(0,0,0)
(0,0,0)
(0,0,0)
(0,0,0)
(0,0,0)
(0,0,0)
(0,0,0)
(0,0,0)
(0,0,0)
(0,0,0)
(0,0,0)
(0,0,0)
(0,0,0)
(0,0,0)
(0,0,0)
(0,0,0)
(0,0,0)
(0,0,0)
(0,0,0)
(0,0,0)
(0,0,0)
(0,0,0)
(0,0,0)
(0,0,0)
(0,0,0)
(0,0,0)
(0,0,0)
(0,0,0)
(0,0,0)
(0,0,0)
(0,0,0)
(0,0,0)
(0,0,0)
(0,0,0)
(0,0,0)
(0,0,0)
(0,0,0)
(0,0,0)
(0,0,0)
(0,0,0)
(0,0,0)
(0,0,0)
(0,0,0)
(0,0,0)
(0,0,0)
(0,0,0)
(0,0,0)
(0,0,0)
(0,0,0)
(0,0,0)
(0,0,0)
(0,0,0)
(0,0,0)
(0,0,0)
(0,0,0)
(0,0,0)
(0,0,0)
(0,0,0)
(0,0,0)
(0,0,0)
(0,0,0)
(0,0,0)
(0,0,0)
(0,0,0)
(0,0,0)
(0,0,0)
(0,0,0)
(0,0,0)
(0,0,0)
(0,0,0)
(0,0,0)
(0,0,0)
(0,0,0)
(0,0,0)
(0,0,0)
(0,0,0)
(0,0,0)
(0,0,0)
(0,0,0)
(0,0,0)
(0,0,0)
(0,0,0)
(0,0,0)
(0,0,0)
(0,0,0)
(0,0,0)
(0,0,0)
(0,0,0)
(0,0,0)
(0,0,0)
(0,0,0)
(0,0,0)
(0,0,0)
(0,0,0)
(0,0,0)
(0,0,0)
(0,0,0)
(0,0,0)
(0,0,0)
(0,0,0)
(0,0,0)
(0,0,0)
(0,0,0)
(0,0,0)
(0,0,0)
(0,0,0)
(0,0,0)
(0,0,0)
(0,0,0)
(0,0,0)
(0,0,0)
(0,0,0)
(0,0,0)
(0,0,0)
(0,0,0)
(0,0,0)
(0,0,0)
(0,0,0)
(0,0,0)
(0,0,0)
(0,0,0)
(0,0,0)
(0,0,0)
(0,0,0)
(0,0,0)
(0,0,0)
(0,0,0)
(0,0,0)
(0,0,0)
(0,0,0)
(0,0,0)
(0,0,0)
(0,0,0)
(0,0,0)
(0,0,0)
(0,0,0)
(0,0,0)
(0,0,0)
(0,0,0)
(0,0,0)
(0,0,0)
(0,0,0)
(0,0,0)
(0,0,0)
(0,0,0)
(0,0,0)
(0,0,0)
(0,0,0)
(0,0,0)
(0,0,0)
(0,0,0)
(0,0,0)
(0,0,0)
(0,0,0)
(0,0,0)
(0,0,0)
(0,0,0)
(0,0,0)
(0,0,0)
(0,0,0)
(0,0,0)
(0,0,0)
(0,0,0)
(0,0,0)
(0,0,0)
(0,0,0)
(0,0,0)
(0,0,0)
(0,0,0)
(0,0,0)
(0,0,0)
(0,0,0)
(0,0,0)
(0,0,0)
(0,0,0)
(0,0,0)
(0,0,0)
(0,0,0)
(0,0,0)
(0,0,0)
(0,0,0)
(0,0,0)
(0,0,0)
(0,0,0)
(0,0,0)
(0,0,0)
(0,0,0)
(0,0,0)
(0,0,0)
(0,0,0)
(0,0,0)
(0,0,0)
(0,0,0)
(0,0,0)
(0,0,0)
(0,0,0)
(0,0,0)
(0,0,0)
(0,0,0)
(0,0,0)
(0,0,0)
(0,0,0)
(0,0,0)
(0,0,0)
(0,0,0)
(0,0,0)
(0,0,0)
(0,0,0)
(0,0,0)
(0,0,0)
(0,0,0)
(0,0,0)
(0,0,0)
(0,0,0)
(0,0,0)
(0,0,0)
(0,0,0)
(0,0,0)
(0,0,0)
(0,0,0)
(0,0,0)
(0,0,0)
(0,0,0)
(0,0,0)
(0,0,0)
(0,0,0)
(0,0,0)
(0,0,0)
(0,0,0)
)
;

boundaryField
{
    fuel
    {
        type            fixedValue;
        value           uniform (0.1 0 0);
    }
    air
    {
        type            fixedValue;
        value           uniform (-0.1 0 0);
    }
    outlet
    {
        type            zeroGradient;
    }
    frontAndBack
    {
        type            empty;
    }
}


// ************************************************************************* //
 