/*--------------------------------*- C++ -*----------------------------------*\
| =========                 |                                                 |
| \\      /  F ield         | foam-extend: Open Source CFD                    |
|  \\    /   O peration     | Version:     4.0                                |
|   \\  /    A nd           | Web:         http://www.foam-extend.org         |
|    \\/     M anipulation  |                                                 |
\*---------------------------------------------------------------------------*/
FoamFile
{
    version 2.0;
    format ascii;
    class volVectorField;
    location "3925";
    object      E;
}
// * * * * * * * * * * * * * * * * * * * * * * * * * * * * * * * * * * * * * //

dimensions      [0 1 -1 0 0 0 0];

internalField   nonuniform List<vector>
4096
(
(0,0,0)
(0,0,0)
(0,0,0)
(0,0,0)
(0,0,0)
(0,0,0)
(0,0,0)
(0,0,0)
(0,0,0)
(0,0,0)
(0,0,0)
(0,0,0)
(0,0,0)
(0,0,0)
(0,0,0)
(0,0,0)
(0,0,0)
(0,0,0)
(0,0,0)
(0,0,0)
(0,0,0)
(0,0,0)
(0,0,0)
(0,0,0)
(0,0,0)
(0,0,0)
(0,0,0)
(0,0,0)
(0,0,0)
(0,0,0)
(0,0,0)
(0,0,0)
(0,0,0)
(0,0,0)
(0,0,0)
(0,0,0)
(0,0,0)
(0,0,0)
(0,0,0)
(0,0,0)
(0,0,0)
(0,0,0)
(0,0,0)
(0,0,0)
(0,0,0)
(0,0,0)
(0,0,0)
(0,0,0)
(0,0,0)
(0,0,0)
(0,0,0)
(0,0,0)
(0,0,0)
(0,0,0)
(0,0,0)
(0,0,0)
(0,0,0)
(0,0,0)
(0,0,0)
(0,0,0)
(0,0,0)
(0,0,0)
(0,0,0)
(0,0,0)
(0,0,0)
(0,0,0)
(0,0,0)
(0,0,0)
(0,0,0)
(0,0,0)
(0,0,0)
(0,0,0)
(0,0,0)
(0,0,0)
(0,0,0)
(0,0,0)
(0,0,0)
(0,0,0)
(0,0,0)
(0,0,0)
(0,0,0)
(0,0,0)
(0,0,0)
(0,0,0)
(0,0,0)
(0,0,0)
(0,0,0)
(0,0,0)
(0,0,0)
(0,0,0)
(0,0,0)
(0,0,0)
(0,0,0)
(0,0,0)
(0,0,0)
(0,0,0)
(0,0,0)
(0,0,0)
(0,0,0)
(0,0,0)
(0,0,0)
(0,0,0)
(0,0,0)
(0,0,0)
(0,0,0)
(0,0,0)
(0,0,0)
(0,0,0)
(0,0,0)
(0,0,0)
(0,0,0)
(0,0,0)
(0,0,0)
(0,0,0)
(0,0,0)
(0,0,0)
(0,0,0)
(0,0,0)
(0,0,0)
(0,0,0)
(0,0,0)
(0,0,0)
(0,0,0)
(0,0,0)
(0,0,0)
(0,0,0)
(0,0,0)
(0,0,0)
(0,0,0)
(0,0,0)
(0,0,0)
(0,0,0)
(0,0,0)
(0,0,0)
(0,0,0)
(0,0,0)
(0,0,0)
(0,0,0)
(0,0,0)
(0,0,0)
(0,0,0)
(0,0,0)
(0,0,0)
(0,0,0)
(0,0,0)
(0,0,0)
(0,0,0)
(0,0,0)
(0,0,0)
(0,0,0)
(0,0,0)
(0,0,0)
(0,0,0)
(0,0,0)
(0,0,0)
(0,0,0)
(0,0,0)
(0,0,0)
(0,0,0)
(0,0,0)
(0,0,0)
(0,0,0)
(0,0,0)
(0,0,0)
(0,0,0)
(0,0,0)
(0,0,0)
(0,0,0)
(0,0,0)
(0,0,0)
(0,0,0)
(0,0,0)
(0,0,0)
(0,0,0)
(0,0,0)
(0,0,0)
(0,0,0)
(0,0,0)
(0,0,0)
(0,0,0)
(0,0,0)
(0,0,0)
(0,0,0)
(0,0,0)
(0,0,0)
(0,0,0)
(0,0,0)
(0,0,0)
(0,0,0)
(0,0,0)
(0,0,0)
(0,0,0)
(0,0,0)
(0,0,0)
(0,0,0)
(0,0,0)
(0,0,0)
(0,0,0)
(0,0,0)
(0,0,0)
(0,0,0)
(0,0,0)
(0,0,0)
(0,0,0)
(0,0,0)
(0,0,0)
(0,0,0)
(0,0,0)
(0,0,0)
(0,0,0)
(0,0,0)
(0,0,0)
(0,0,0)
(0,0,0)
(0,0,0)
(0,0,0)
(0,0,0)
(0,0,0)
(0,0,0)
(0,0,0)
(0,0,0)
(0,0,0)
(0,0,0)
(0,0,0)
(0,0,0)
(0,0,0)
(0,0,0)
(0,0,0)
(0,0,0)
(0,0,0)
(0,0,0)
(0,0,0)
(0,0,0)
(0,0,0)
(0,0,0)
(0,0,0)
(0,0,0)
(0,0,0)
(0,0,0)
(0,0,0)
(0,0,0)
(0,0,0)
(0,0,0)
(0,0,0)
(0,0,0)
(0,0,0)
(0,0,0)
(0,0,0)
(0,0,0)
(0,0,0)
(0,0,0)
(0,0,0)
(0,0,0)
(0,0,0)
(0,0,0)
(0,0,0)
(0,0,0)
(0,0,0)
(0,0,0)
(0,0,0)
(0,0,0)
(0,0,0)
(0,0,0)
(0,0,0)
(0,0,0)
(0,0,0)
(0,0,0)
(0,0,0)
(0,0,0)
(0,0,0)
(0,0,0)
(0,0,0)
(0,0,0)
(0,0,0)
(0,0,0)
(0,0,0)
(0,0,0)
(0,0,0)
(0,0,0)
(0,0,0)
(0,0,0)
(0,0,0)
(0,0,0)
(0,0,0)
(0,0,0)
(0,0,0)
(0,0,0)
(0,0,0)
(0,0,0)
(0,0,0)
(0,0,0)
(0,0,0)
(0,0,0)
(0,0,0)
(0,0,0)
(0,0,0)
(0,0,0)
(0,0,0)
(0,0,0)
(0,0,0)
(0,0,0)
(0,0,0)
(0,0,0)
(0,0,0)
(0,0,0)
(0,0,0)
(0,0,0)
(0,0,0)
(0,0,0)
(0,0,0)
(0,0,0)
(0,0,0)
(0,0,0)
(0,0,0)
(0,0,0)
(0,0,0)
(0,0,0)
(0,0,0)
(0,0,0)
(0,0,0)
(0,0,0)
(0,0,0)
(0,0,0)
(0,0,0)
(0,0,0)
(0,0,0)
(0,0,0)
(0,0,0)
(0,0,0)
(0,0,0)
(0,0,0)
(0,0,0)
(0,0,0)
(0,0,0)
(0,0,0)
(0,0,0)
(0,0,0)
(0,0,0)
(0,0,0)
(0,0,0)
(0,0,0)
(0,0,0)
(0,0,0)
(0,0,0)
(0,0,0)
(0,0,0)
(0,0,0)
(0,0,0)
(0,0,0)
(0,0,0)
(0,0,0)
(0,0,0)
(0,0,0)
(0,0,0)
(0,0,0)
(0,0,0)
(0,0,0)
(0,0,0)
(0,0,0)
(0,0,0)
(0,0,0)
(0,0,0)
(0,0,0)
(0,0,0)
(0,0,0)
(0,0,0)
(0,0,0)
(0,0,0)
(0,0,0)
(0,0,0)
(0,0,0)
(0,0,0)
(0,0,0)
(0,0,0)
(0,0,0)
(0,0,0)
(0,0,0)
(0,0,0)
(0,0,0)
(0,0,0)
(0,0,0)
(0,0,0)
(0,0,0)
(0,0,0)
(0,0,0)
(0,0,0)
(0,0,0)
(0,0,0)
(0,0,0)
(0,0,0)
(0,0,0)
(0,0,0)
(0,0,0)
(0,0,0)
(0,0,0)
(0,0,0)
(0,0,0)
(0,0,0)
(0,0,0)
(0,0,0)
(0,0,0)
(0,0,0)
(0,0,0)
(0,0,0)
(0,0,0)
(0,0,0)
(0,0,0)
(0,0,0)
(0,0,0)
(0,0,0)
(0,0,0)
(0,0,0)
(0,0,0)
(0,0,0)
(0,0,0)
(0,0,0)
(0,0,0)
(0,0,0)
(0,0,0)
(0,0,0)
(0,0,0)
(0,0,0)
(0,0,0)
(0,0,0)
(0,0,0)
(0,0,0)
(0,0,0)
(0,0,0)
(0,0,0)
(0,0,0)
(0,0,0)
(0,0,0)
(0,0,0)
(0,0,0)
(0,0,0)
(0,0,0)
(0,0,0)
(0,0,0)
(0,0,0)
(0,0,0)
(0,0,0)
(0,0,0)
(0,0,0)
(0,0,0)
(0,0,0)
(0,0,0)
(0,0,0)
(0,0,0)
(0,0,0)
(0,0,0)
(0,0,0)
(0,0,0)
(0,0,0)
(0,0,0)
(0,0,0)
(0,0,0)
(0,0,0)
(0,0,0)
(0,0,0)
(0,0,0)
(0,0,0)
(0,0,0)
(0,0,0)
(0,0,0)
(0,0,0)
(0,0,0)
(0,0,0)
(0,0,0)
(0,0,0)
(0,0,0)
(0,0,0)
(0,0,0)
(0,0,0)
(0,0,0)
(0,0,0)
(0,0,0)
(0,0,0)
(0,0,0)
(0,0,0)
(0,0,0)
(0,0,0)
(0,0,0)
(0,0,0)
(0,0,0)
(0,0,0)
(0,0,0)
(0,0,0)
(0,0,0)
(0,0,0)
(0,0,0)
(0,0,0)
(0,0,0)
(0,0,0)
(0,0,0)
(0,0,0)
(0,0,0)
(0,0,0)
(0,0,0)
(0,0,0)
(0,0,0)
(0,0,0)
(0,0,0)
(0,0,0)
(0,0,0)
(0,0,0)
(0,0,0)
(0,0,0)
(0,0,0)
(0,0,0)
(0,0,0)
(0,0,0)
(0,0,0)
(0,0,0)
(0,0,0)
(0,0,0)
(0,0,0)
(0,0,0)
(0,0,0)
(0,0,0)
(0,0,0)
(0,0,0)
(0,0,0)
(0,0,0)
(0,0,0)
(0,0,0)
(0,0,0)
(0,0,0)
(0,0,0)
(0,0,0)
(0,0,0)
(0,0,0)
(0,0,0)
(0,0,0)
(0,0,0)
(0,0,0)
(0,0,0)
(0,0,0)
(0,0,0)
(0,0,0)
(0,0,0)
(0,0,0)
(0,0,0)
(0,0,0)
(0,0,0)
(0,0,0)
(0,0,0)
(0,0,0)
(0,0,0)
(0,0,0)
(0,0,0)
(0,0,0)
(0,0,0)
(0,0,0)
(0,0,0)
(0,0,0)
(0,0,0)
(0,0,0)
(0,0,0)
(0,0,0)
(0,0,0)
(0,0,0)
(0,0,0)
(0,0,0)
(0,0,0)
(0,0,0)
(0,0,0)
(0,0,0)
(0,0,0)
(0,0,0)
(0,0,0)
(0,0,0)
(0,0,0)
(0,0,0)
(0,0,0)
(0,0,0)
(0,0,0)
(0,0,0)
(0,0,0)
(0,0,0)
(0,0,0)
(0,0,0)
(0,0,0)
(0,0,0)
(0,0,0)
(0,0,0)
(0,0,0)
(0,0,0)
(0,0,0)
(0,0,0)
(0,0,0)
(0,0,0)
(0,0,0)
(0,0,0)
(0,0,0)
(0,0,0)
(0,0,0)
(0,0,0)
(0,0,0)
(0,0,0)
(0,0,0)
(0,0,0)
(0,0,0)
(0,0,0)
(0,0,0)
(0,0,0)
(0,0,0)
(0,0,0)
(0,0,0)
(0,0,0)
(0,0,0)
(0,0,0)
(0,0,0)
(0,0,0)
(0,0,0)
(0,0,0)
(0,0,0)
(0,0,0)
(0,0,0)
(0,0,0)
(0,0,0)
(0,0,0)
(0,0,0)
(0,0,0)
(0,0,0)
(0,0,0)
(0,0,0)
(0,0,0)
(0,0,0)
(0,0,0)
(0,0,0)
(0,0,0)
(0,0,0)
(0,0,0)
(0,0,0)
(0,0,0)
(0,0,0)
(0,0,0)
(0,0,0)
(0,0,0)
(0,0,0)
(0,0,0)
(0,0,0)
(0,0,0)
(0,0,0)
(0,0,0)
(0,0,0)
(0,0,0)
(0,0,0)
(0,0,0)
(0,0,0)
(0,0,0)
(0,0,0)
(0,0,0)
(0,0,0)
(0,0,0)
(0,0,0)
(0,0,0)
(0,0,0)
(0,0,0)
(0,0,0)
(0,0,0)
(0,0,0)
(0,0,0)
(0,0,0)
(0,0,0)
(0,0,0)
(0,0,0)
(0,0,0)
(0,0,0)
(0,0,0)
(0,0,0)
(0,0,0)
(0,0,0)
(0,0,0)
(0,0,0)
(0,0,0)
(0,0,0)
(0,0,0)
(0,0,0)
(0,0,0)
(0,0,0)
(0,0,0)
(0,0,0)
(0,0,0)
(0,0,0)
(0,0,0)
(0,0,0)
(0,0,0)
(0,0,0)
(0,0,0)
(0,0,0)
(0,0,0)
(0,0,0)
(0,0,0)
(0,0,0)
(0,0,0)
(0,0,0)
(0,0,0)
(0,0,0)
(0,0,0)
(0,0,0)
(0,0,0)
(0,0,0)
(0,0,0)
(0,0,0)
(0,0,0)
(0,0,0)
(0,0,0)
(0,0,0)
(0,0,0)
(0,0,0)
(0,0,0)
(0,0,0)
(0,0,0)
(0,0,0)
(0,0,0)
(0,0,0)
(0,0,0)
(0,0,0)
(0,0,0)
(0,0,0)
(0,0,0)
(0,0,0)
(0,0,0)
(0,0,0)
(0,0,0)
(0,0,0)
(0,0,0)
(0,0,0)
(0,0,0)
(0,0,0)
(0,0,0)
(0,0,0)
(0,0,0)
(0,0,0)
(0,0,0)
(0,0,0)
(0,0,0)
(0,0,0)
(0,0,0)
(0,0,0)
(0,0,0)
(0,0,0)
(0,0,0)
(0,0,0)
(0,0,0)
(0,0,0)
(0,0,0)
(0,0,0)
(0,0,0)
(0,0,0)
(0,0,0)
(0,0,0)
(0,0,0)
(0,0,0)
(0,0,0)
(0,0,0)
(0,0,0)
(0,0,0)
(0,0,0)
(0,0,0)
(0,0,0)
(0,0,0)
(0,0,0)
(0,0,0)
(0,0,0)
(0,0,0)
(0,0,0)
(0,0,0)
(0,0,0)
(0,0,0)
(0,0,0)
(0,0,0)
(0,0,0)
(0,0,0)
(0,0,0)
(0,0,0)
(0,0,0)
(0,0,0)
(0,0,0)
(0,0,0)
(0,0,0)
(0,0,0)
(0,0,0)
(0,0,0)
(0,0,0)
(0,0,0)
(0,0,0)
(0,0,0)
(0,0,0)
(0,0,0)
(0,0,0)
(0,0,0)
(0,0,0)
(0,0,0)
(0,0,0)
(0,0,0)
(0,0,0)
(0,0,0)
(0,0,0)
(0,0,0)
(0,0,0)
(0,0,0)
(0,0,0)
(0,0,0)
(0,0,0)
(0,0,0)
(0,0,0)
(0,0,0)
(0,0,0)
(0,0,0)
(0,0,0)
(0,0,0)
(0,0,0)
(0,0,0)
(0,0,0)
(0,0,0)
(0,0,0)
(0,0,0)
(-89577.1679416666,47630.009286451,41947.1586552141)
(-94786.2328230074,45657.0961345893,91076.2953436303)
(-106798.028340914,41565.4118556166,156308.911828923)
(-129442.669367773,35165.7108904714,250585.870306238)
(-170224.09550858,26514.4571476407,394295.508667172)
(-243445.902864333,16568.1681378354,621173.243393676)
(-375990.062428364,7474.01401940547,989689.291802663)
(-615576.04007408,1928.15099945077,1603337.18087729)
(-1015378.6538831,110.556335661223,2618605.27842471)
(-1414818.49915539,-76.336310275313,4033500.11389043)
(0,0,0)
(0,0,0)
(0,0,0)
(0,0,0)
(0,0,0)
(0,0,0)
(-94742.26767019,102392.416497201,39979.8604594398)
(-99997.7769317836,98653.9016710767,86980.8318547364)
(-112214.839193232,90890.7172030934,149870.365700491)
(-135410.762380815,78563.9485140282,241882.890457748)
(-177333.442059526,61434.2488930252,384296.540771887)
(-252303.745754077,41085.3305695092,612083.124094282)
(-386293.254037618,21767.2239159073,984083.168235382)
(-624965.195954587,9548.75127330179,1601427.76391607)
(-1021631.85290795,4731.77559872561,2618438.39756104)
(-1417728.77147982,2415.66786568912,4033675.16486474)
(0,0,0)
(0,0,0)
(0,0,0)
(0,0,0)
(0,0,0)
(0,0,0)
(-106583.342021501,172698.558829782,36277.1996889196)
(-111932.597356545,167697.077913101,79166.6208034431)
(-124537.504131364,157181.117622319,137413.724515587)
(-148869.265021976,140138.675587152,224708.262464439)
(-193448.220193019,115740.210426735,363850.521123735)
(-273044.105478498,85248.6395462861,592731.317625463)
(-411655.114428521,54325.735729979,971827.920239936)
(-648325.273250966,33088.139189225,1596613.80557494)
(-1036679.55819263,21832.3582101697,2616192.78115614)
(-1424549.45266955,11831.4947092993,4031326.40698216)
(0,0,0)
(0,0,0)
(0,0,0)
(0,0,0)
(0,0,0)
(0,0,0)
(-128768.04824097,270112.993256959,31353.6138137929)
(-134171.752797477,264540.673171404,68681.7713529712)
(-147220.690810811,252770.576478144,120313.003307949)
(-173191.240468329,233390.090531842,200252.828831574)
(-222167.803197643,204903.870824641,333256.97163133)
(-310650.857408517,167400.20987218,561756.258713948)
(-460248.551125407,125744.058124902,950586.487444402)
(-693511.723538556,91747.1966746055,1585439.15349755)
(-1064239.35414539,65210.4577946297,2606300.40805843)
(-1436569.95776942,35088.2911931541,4019613.56934425)
(0,0,0)
(0,0,0)
(0,0,0)
(0,0,0)
(0,0,0)
(0,0,0)
(-168363.08276144,412664.434454978,25811.6415634135)
(-173732.639143856,407231.116814137,56853.8370645296)
(-187012.048605172,395783.431494327,100853.030653522)
(-214372.958107955,376883.219951931,171732.859341394)
(-267904.543274435,348776.659126501,295764.614313957)
(-367422.680641927,310482.504454654,520105.0003734)
(-534307.590498687,263559.104679336,916597.544317675)
(-762354.946673169,211698.576192069,1559001.11147336)
(-1104317.42023267,152193.836977291,2576335.15252348)
(-1453960.3422497,80686.4330788489,3984697.35288752)
(0,0,0)
(0,0,0)
(0,0,0)
(0,0,0)
(0,0,0)
(0,0,0)
(-239736.549660553,631998.234657548,20402.7494579878)
(-244859.711950933,627175.213742465,45318.3644805893)
(-257698.914654803,616961.655722009,81839.0549077132)
(-284764.837461962,599908.098590261,143579.013731335)
(-338870.608289474,573713.420234669,257512.860912662)
(-440304.136386906,535065.860194155,473233.641560067)
(-607698.291459814,479721.800027965,864769.237671258)
(-825409.225959809,402366.56072498,1499510.47909819)
(-1147792.81147839,294648.962166636,2504848.16538721)
(-1475860.37498304,157325.541538248,3904069.43191084)
(0,0,0)
(0,0,0)
(0,0,0)
(0,0,0)
(0,0,0)
(0,0,0)
(-370760.508825879,987180.55645621,15578.1870272164)
(-375308.204071125,982991.239268291,35070.3655725308)
(-386839.804943531,974083.767523723,64788.0587143475)
(-411556.499564686,958823.672227232,117428.984642056)
(-461828.511122027,933997.868672905,218973.04732585)
(-557164.541146557,893175.486159237,418027.962507349)
(-714267.458845189,824535.553496397,787481.667884112)
(-912275.271183648,710391.751048393,1391731.74874433)
(-1212636.23439689,531596.348790726,2367420.59651715)
(-1511615.58261836,289684.06750154,3746677.65317226)
(0,0,0)
(0,0,0)
(0,0,0)
(0,0,0)
(0,0,0)
(0,0,0)
(-610398.785125301,1586110.89102727,11468.4505542234)
(-614045.866738478,1582321.95495317,26183.6016078291)
(-623341.938894263,1574062.34295965,49546.9650661687)
(-643466.453843972,1559208.16871581,92628.922421533)
(-684812.42975447,1533241.62398346,178197.596865444)
(-764094.474013433,1486034.08235331,349433.474684775)
(-895672.542618537,1396314.25663882,673327.314160841)
(-1055997.09270822,1226894.19069159,1212821.9672259)
(-1330283.84372347,949265.045105539,2125437.11463456)
(-1579971.81221206,538081.786602484,3457011.20774563)
(0,0,0)
(0,0,0)
(0,0,0)
(0,0,0)
(0,0,0)
(0,0,0)
(-1011754.65663854,2590131.00977716,7734.53788864645)
(-1014245.50607195,2586401.59350136,17900.4054123848)
(-1020574.8352627,2577842.81857169,34694.7650630115)
(-1034160.92840118,2561411.68164777,66652.1805322303)
(-1061509.7605019,2530408.48931004,130995.075707596)
(-1112836.37179244,2470126.73530094,259738.794552422)
(-1198991.88372831,2351130.44679958,503914.48812)
(-1327039.44735891,2122695.43140235,935152.694768166)
(-1547223.42454706,1717352.54961046,1714288.61481018)
(-1699166.71040011,1032580.26400726,2918956.84780548)
(0,0,0)
(0,0,0)
(0,0,0)
(0,0,0)
(0,0,0)
(0,0,0)
(-1413114.33290181,3999294.92614872,3950.41653024289)
(-1414346.36030756,3995463.77787765,9234.59246148787)
(-1417502.37899148,3986370.01817763,18209.7718470317)
(-1424193.82746428,3968235.07416177,35580.2067973631)
(-1437441.0789754,3932779.71027612,70650.0648067138)
(-1462169.91026307,3862261.28120214,140685.429168532)
(-1505290.48269894,3721658.20153795,275448.157129112)
(-1577974.11118689,3446292.7357292,529824.963989111)
(-1698807.11987353,2916394.79376496,1029589.83970803)
(-1710880.57194521,1886609.1151918,1886441.5604688)
(0,0,0)
(0,0,0)
(0,0,0)
(0,0,0)
(0,0,0)
(0,0,0)
(0,0,0)
(0,0,0)
(0,0,0)
(0,0,0)
(0,0,0)
(0,0,0)
(0,0,0)
(0,0,0)
(0,0,0)
(0,0,0)
(0,0,0)
(0,0,0)
(0,0,0)
(0,0,0)
(0,0,0)
(0,0,0)
(0,0,0)
(0,0,0)
(0,0,0)
(0,0,0)
(0,0,0)
(0,0,0)
(0,0,0)
(0,0,0)
(0,0,0)
(0,0,0)
(0,0,0)
(0,0,0)
(0,0,0)
(0,0,0)
(0,0,0)
(0,0,0)
(0,0,0)
(0,0,0)
(0,0,0)
(0,0,0)
(0,0,0)
(0,0,0)
(0,0,0)
(0,0,0)
(0,0,0)
(0,0,0)
(0,0,0)
(0,0,0)
(0,0,0)
(0,0,0)
(0,0,0)
(0,0,0)
(0,0,0)
(0,0,0)
(0,0,0)
(0,0,0)
(0,0,0)
(0,0,0)
(0,0,0)
(0,0,0)
(0,0,0)
(0,0,0)
(0,0,0)
(0,0,0)
(0,0,0)
(0,0,0)
(0,0,0)
(0,0,0)
(0,0,0)
(0,0,0)
(0,0,0)
(0,0,0)
(0,0,0)
(0,0,0)
(0,0,0)
(0,0,0)
(0,0,0)
(0,0,0)
(0,0,0)
(0,0,0)
(0,0,0)
(0,0,0)
(0,0,0)
(0,0,0)
(0,0,0)
(0,0,0)
(0,0,0)
(0,0,0)
(0,0,0)
(0,0,0)
(0,0,0)
(0,0,0)
(0,0,0)
(0,0,0)
(0,0,0)
(0,0,0)
(0,0,0)
(0,0,0)
(0,0,0)
(0,0,0)
(13269645.8992513,42463.495653245,36796.1405508075)
(13260925.9288625,40446.6189988996,79120.0632634896)
(13240956.0867524,36151.8348205312,133696.816746515)
(13203738.3482122,29212.3905962443,209786.111967264)
(13137527.1004864,19439.0125547222,321078.606814566)
(13019772.4635464,7768.10110869916,488574.842691942)
(12803785.9102482,-2775.0588808994,750056.632293057)
(12376895.2129396,-7434.67122395216,1203502.75390028)
(11413602.4251637,-6143.85569982513,2219148.23395024)
(8797501.92067837,-3011.2875838834,5448321.80509755)
(0,0,0)
(0,0,0)
(0,0,0)
(0,0,0)
(0,0,0)
(0,0,0)
(13260837.9064238,90584.7664284175,34781.2585278814)
(13252109.0935719,86771.9968419291,74831.71357814)
(13231942.5409848,78588.6047659684,126720.266851607)
(13193992.5022562,65068.5928252115,199943.50338269)
(13125962.9215257,45275.0469730996,309293.808776129)
(13004920.1037044,20313.6169983943,478007.146824969)
(12785651.2099107,-3593.52233279122,745363.849725624)
(12360534.4699505,-13817.3075709255,1204729.52356447)
(11403442.9585565,-10319.4293740131,2222312.98917092)
(8793083.60733732,-4403.21769084259,5451375.2438575)
(0,0,0)
(0,0,0)
(0,0,0)
(0,0,0)
(0,0,0)
(0,0,0)
(13240819.4812588,150689.248632139,30975.3979128347)
(13232053.5208377,145604.096619072,66639.8833383717)
(13211486.9899086,134564.320507968,113122.376953481)
(13171905.5878641,115803.082485481,180095.737804195)
(13099205.500638,86999.0048138136,284200.762529447)
(12968286.4146755,47608.2239298585,454058.338841062)
(12736470.2452933,5695.06043089181,735127.099752587)
(12315386.0262754,-12150.6632680202,1208231.85932037)
(11377185.7391021,-5766.2285319239,2228296.06458026)
(8782203.02289624,-207.373080295821,5455830.44780085)
(0,0,0)
(0,0,0)
(0,0,0)
(0,0,0)
(0,0,0)
(0,0,0)
(13203872.0823988,230603.378138643,25928.4432506065)
(13195162.0765399,225037.463199317,55643.9507299512)
(13174162.8097208,212966.39126104,94341.0828421998)
(13132048.6982029,192148.324851119,151238.605202354)
(13050696.3011987,159134.641600455,244721.567416439)
(12897397.5523096,110627.813113602,412136.271911585)
(12627068.7630456,51669.1837385996,717327.537829824)
(12212577.8594124,22857.2319569708,1214712.76305094)
(11324134.8188424,25097.2474419951,2233957.81748615)
(8761842.01600918,17683.6649320315,5456137.5090923)
(0,0,0)
(0,0,0)
(0,0,0)
(0,0,0)
(0,0,0)
(0,0,0)
(13139028.114876,341293.965898129,20400.9180000564)
(13130534.4631953,336105.618184625,43548.3640724946)
(13109462.4300682,325049.921822377,73473.0582349113)
(13065178.4925008,306387.73107118,118164.904802931)
(12973935.1175509,277755.828750287,196186.760224846)
(12787039.7771503,237631.592545754,353203.226397477)
(12430289.8621602,190205.190512151,688552.470362048)
(12021826.600219,148675.295614085,1217035.56320983)
(11240899.8880196,108742.344353091,2226655.86144329)
(8731499.46735096,58781.181947271,5438581.23822424)
(0,0,0)
(0,0,0)
(0,0,0)
(0,0,0)
(0,0,0)
(0,0,0)
(13023810.7727504,500953.225360739,15276.1215232455)
(13015868.3944756,496680.680367082,32455.6563111637)
(12995806.8641771,487742.83257633,54739.6701223115)
(12952370.6004617,473014.352977881,89460.3136890016)
(12860079.1792851,450706.328881553,156042.729380083)
(12667793.6018685,418245.330717917,305813.956349429)
(12306506.7759953,373229.130907403,647067.651896173)
(11916067.0567955,315606.0275466,1177143.34060527)
(11169929.0076903,229885.231255052,2176761.33793179)
(8696687.37666427,121589.982412687,5379887.48921591)
(0,0,0)
(0,0,0)
(0,0,0)
(0,0,0)
(0,0,0)
(0,0,0)
(12810100.8320871,747510.773386662,11063.8144580541)
(12803179.310212,744194.546039304,23545.1378996959)
(12785387.9482742,737494.715793047,40048.204862268)
(12745968.278725,726848.927984761,67171.5549626216)
(12659900.1232555,711004.59275848,123627.360105102)
(12475991.7464929,686312.926235147,260886.180345352)
(12125576.2752738,643241.773939498,589512.506591003)
(11773156.5962747,566764.972320838,1091404.39775544)
(11064738.3793847,413979.212387963,2068418.50623769)
(8637247.81463823,221338.819930301,5258288.97486056)
(0,0,0)
(0,0,0)
(0,0,0)
(0,0,0)
(0,0,0)
(0,0,0)
(12382936.0598562,1184788.51767903,7870.11412316361)
(12377462.9407678,1182121.46507745,16917.0909756892)
(12363272.8388103,1176821.246203,29458.4862580907)
(12331398.8916586,1168565.82414366,51358.9479934925)
(12260447.0881338,1156626.94248872,98959.7837718604)
(12104416.1668676,1137399.00648677,217845.766036277)
(11797697.9208054,1093128.34341665,513071.436532078)
(11567782.5448987,955940.149524152,938599.325118567)
(10852692.430845,732323.918637679,1875761.04769737)
(8499734.10803852,418879.353456915,5036997.29731719)
(0,0,0)
(0,0,0)
(0,0,0)
(0,0,0)
(0,0,0)
(0,0,0)
(11417247.2570297,2188966.15160537,5303.15580248217)
(11413566.2033804,2186461.46886305,11634.1459614455)
(11404064.1184861,2181088.7373808,21210.4044317601)
(11383138.1303668,2171543.05745578,39416.8157485249)
(11338686.0340265,2154595.06753372,79735.5995720017)
(11248306.3619733,2120880.53123117,173594.044458974)
(11085428.2498566,2044883.74125122,375901.216436626)
(10856537.547942,1871768.64926108,714978.424795843)
(10210449.7764642,1565760.17670397,1562351.66911532)
(8081513.84793034,1020885.20027205,4618147.96736667)
(0,0,0)
(0,0,0)
(0,0,0)
(0,0,0)
(0,0,0)
(0,0,0)
(8798914.55663718,5412674.37954662,2745.58591665693)
(8797107.81709249,5410095.63390385,6139.9468725945)
(8792433.40582084,5404166.05948214,11609.5433559196)
(8782356.33427179,5392673.2152129,22411.9272598351)
(8761681.52295809,5370398.36689184,45968.7293652823)
(8721044.01014665,5324547.94881749,97570.0947663098)
(8645853.40069073,5227006.25061325,202786.40541157)
(8501825.28019121,5024224.25357305,409014.113118637)
(8081781.83061523,4615129.45682497,1017538.58590596)
(6571228.94893156,3597471.49870079,3597325.46999741)
(0,0,0)
(0,0,0)
(0,0,0)
(0,0,0)
(0,0,0)
(0,0,0)
(0,0,0)
(0,0,0)
(0,0,0)
(0,0,0)
(0,0,0)
(0,0,0)
(0,0,0)
(0,0,0)
(0,0,0)
(0,0,0)
(0,0,0)
(0,0,0)
(0,0,0)
(0,0,0)
(0,0,0)
(0,0,0)
(0,0,0)
(0,0,0)
(0,0,0)
(0,0,0)
(0,0,0)
(0,0,0)
(0,0,0)
(0,0,0)
(0,0,0)
(0,0,0)
(0,0,0)
(0,0,0)
(0,0,0)
(0,0,0)
(0,0,0)
(0,0,0)
(0,0,0)
(0,0,0)
(0,0,0)
(0,0,0)
(0,0,0)
(0,0,0)
(0,0,0)
(0,0,0)
(0,0,0)
(0,0,0)
(0,0,0)
(0,0,0)
(0,0,0)
(0,0,0)
(0,0,0)
(0,0,0)
(0,0,0)
(0,0,0)
(0,0,0)
(0,0,0)
(0,0,0)
(0,0,0)
(0,0,0)
(0,0,0)
(0,0,0)
(0,0,0)
(0,0,0)
(0,0,0)
(0,0,0)
(0,0,0)
(0,0,0)
(0,0,0)
(0,0,0)
(0,0,0)
(0,0,0)
(0,0,0)
(0,0,0)
(0,0,0)
(0,0,0)
(0,0,0)
(0,0,0)
(0,0,0)
(0,0,0)
(0,0,0)
(0,0,0)
(0,0,0)
(0,0,0)
(0,0,0)
(0,0,0)
(0,0,0)
(0,0,0)
(0,0,0)
(0,0,0)
(0,0,0)
(0,0,0)
(0,0,0)
(0,0,0)
(0,0,0)
(0,0,0)
(0,0,0)
(0,0,0)
(0,0,0)
(0,0,0)
(0,0,0)
(-230665.228085469,33645.0595476271,28183.3643921229)
(-240284.564845109,31623.0212262675,59288.1334763744)
(-261955.430355482,27151.4233081843,96565.5238792035)
(-301308.778907335,19495.4620005838,143634.485601178)
(-368591.479063435,7904.53547676396,203365.826277259)
(-480842.274866082,-7060.47203982375,272558.333332747)
(-664388.037651179,-20886.4244934097,323136.002328711)
(-954889.285775751,-23767.9388472932,240205.736494418)
(-1371466.90446042,-16298.5831038364,-396909.054174557)
(-1681325.09474718,-7457.77799596167,-3349106.96414994)
(0,0,0)
(0,0,0)
(0,0,0)
(0,0,0)
(0,0,0)
(0,0,0)
(-240759.808335205,70610.2947139341,26149.7761956501)
(-250224.644302604,66797.4047936299,54826.4271058169)
(-271687.464107273,58215.6604602998,88909.4916488408)
(-311087.958814817,43001.7307646651,132000.980558713)
(-379382.314224788,18493.6284100902,188274.419978849)
(-494666.720057012,-16369.0721384896,258687.140441904)
(-682484.286173262,-52786.1208209784,320239.629456374)
(-970165.745474578,-58956.5805889103,247645.783226077)
(-1379100.58960106,-36567.5442173007,-388024.410899584)
(-1683985.23993884,-15283.7362173537,-3341612.3087989)
(0,0,0)
(0,0,0)
(0,0,0)
(0,0,0)
(0,0,0)
(0,0,0)
(-263355.13315622,113997.739235903,22304.4664961971)
(-272508.336218469,108935.495616708,46245.5293323588)
(-293573.200042549,97370.686528037,73667.9898186951)
(-333328.444756982,75974.6891233571,107446.360684035)
(-405115.968653857,38497.9786457015,153280.776343286)
(-532217.696176779,-23283.8074169086,222216.919076893)
(-742970.15878606,-103686.987555344,314075.486493588)
(-1023076.77455395,-114962.296743635,270061.300080607)
(-1402283.29424206,-58844.5297722492,-366675.384416998)
(-1691390.77177974,-20582.1202213318,-3326265.90913401)
(0,0,0)
(0,0,0)
(0,0,0)
(0,0,0)
(0,0,0)
(0,0,0)
(-303794.773946175,165933.754473626,17248.1377103622)
(-312420.987443689,160559.855079535,34724.1388341569)
(-332828.008303774,148327.329532901,52275.610456928)
(-373345.157602848,125259.010424067,69902.4415649421)
(-453120.729369792,82334.4199116437,91400.3274704324)
(-615013.858080933,257.141633279125,141788.085413791)
(-931075.834322236,-145092.219282984,302855.211112283)
(-1196403.9633151,-167890.638554418,326282.6722535)
(-1460421.7948077,-58144.9024950503,-328343.044770476)
(-1707317.59280873,-12642.9922397075,-3305605.26733134)
(0,0,0)
(0,0,0)
(0,0,0)
(0,0,0)
(0,0,0)
(0,0,0)
(-371575.689937497,226123.842558999,11931.0133311432)
(-379477.965066369,221493.926365618,22526.666909828)
(-398740.886605099,211384.424930354,29190.1847885442)
(-439228.666425448,193494.882036432,26878.7687055891)
(-528406.414936433,163834.287614187,9237.73009330032)
(-756806.890800175,118413.588879129,-3554.7525990675)
(-1503450.36801953,66492.1270474472,280118.427853173)
(-1783559.11295216,42989.8679112433,436140.931161665)
(-1574663.11992478,37823.7069458085,-282747.373731669)
(-1733515.69163143,23992.0577307568,-3292849.96811657)
(0,0,0)
(0,0,0)
(0,0,0)
(0,0,0)
(0,0,0)
(0,0,0)
(-483195.484638942,287263.25586581,7384.14068572655)
(-490138.213544532,283974.25770218,12427.7139723884)
(-507401.539197771,277276.656244892,11261.1826357118)
(-545017.455161269,266549.111399714,-2887.6945016439)
(-631707.81859656,250524.13575094,-36273.2481536516)
(-859604.144680095,226534.167751192,-55478.7838740308)
(-1570063.31861363,192438.994327834,256661.740057381)
(-1826711.2902042,172873.067944744,431074.183626579)
(-1628055.46681051,124840.032599593,-296440.370923575)
(-1759773.65355842,62203.8753161629,-3316673.86168321)
(0,0,0)
(0,0,0)
(0,0,0)
(0,0,0)
(0,0,0)
(0,0,0)
(-665634.486428939,320310.916270191,4204.9547146885)
(-671358.00753828,318426.371942165,5807.45482800012)
(-685896.880672951,315311.977449292,574.259173716258)
(-718685.271784402,312252.873687973,-18958.6560020537)
(-798324.527565652,311603.459385125,-60296.0322120184)
(-1021565.4399347,314852.729126287,-89540.1105564442)
(-1762697.22615902,315527.530601187,237162.151206275)
(-1999910.23319894,361547.969179185,383071.376048519)
(-1708800.82354151,202020.655486839,-359052.74730926)
(-1803130.22806057,83863.5204588736,-3378817.05315023)
(0,0,0)
(0,0,0)
(0,0,0)
(0,0,0)
(0,0,0)
(0,0,0)
(-956850.264304733,219154.890724264,2459.6463098303)
(-961182.253488335,218244.624662719,2803.88444845591)
(-972308.115793307,217630.242123854,-2416.12901942089)
(-998050.677452123,220415.618006094,-19612.0076236987)
(-1064007.55033109,235032.651900675,-57069.2650712283)
(-1268867.89580018,281463.084586076,-88878.2612602852)
(-2078398.16853012,381041.930848895,283220.72443065)
(-1694321.48942162,244819.843933496,223570.180599836)
(-1773125.63333466,90122.5657589865,-477196.36888951)
(-1870147.42496866,685.916976347201,-3462619.93579675)
(0,0,0)
(0,0,0)
(0,0,0)
(0,0,0)
(0,0,0)
(0,0,0)
(-1374697.47177364,-429032.904174569,1649.82030513101)
(-1377514.69843211,-429714.774443778,2207.41782725753)
(-1384676.63532828,-430276.932181982,372.64255055059)
(-1400578.42845282,-428982.767774815,-4995.11624578548)
(-1436939.77552744,-422182.044697394,-10637.3134906724)
(-1523867.56353489,-406181.960326584,10698.9535330622)
(-1713806.81650088,-394540.929205662,147034.176547989)
(-1776114.65170298,-482869.430255809,68892.9469851749)
(-1939564.5298016,-562854.490780845,-566598.393606159)
(-1970279.05782537,-489334.830407401,-3463267.44386362)
(0,0,0)
(0,0,0)
(0,0,0)
(0,0,0)
(0,0,0)
(0,0,0)
(-1683817.18552771,-3385715.42505575,931.559649142493)
(-1685176.80852945,-3386497.70841749,1516.41584779967)
(-1688617.89005629,-3387795.29783536,1603.37398138518)
(-1695997.0865189,-3389280.60297775,1771.92657789928)
(-1711622.26157576,-3390945.5807079,5356.54372523608)
(-1744397.03718575,-3396249.53992317,22382.4672571425)
(-1804904.35507105,-3418664.98618024,58781.5765965716)
(-1872221.52715597,-3477517.67658996,-11006.0731192118)
(-1970934.12742864,-3466619.54966309,-493007.759590171)
(-1902043.44236351,-2973708.29160213,-2973844.61049739)
(0,0,0)
(0,0,0)
(0,0,0)
(0,0,0)
(0,0,0)
(0,0,0)
(0,0,0)
(0,0,0)
(0,0,0)
(0,0,0)
(0,0,0)
(0,0,0)
(0,0,0)
(0,0,0)
(0,0,0)
(0,0,0)
(0,0,0)
(0,0,0)
(0,0,0)
(0,0,0)
(0,0,0)
(0,0,0)
(0,0,0)
(0,0,0)
(0,0,0)
(0,0,0)
(0,0,0)
(0,0,0)
(0,0,0)
(0,0,0)
(0,0,0)
(0,0,0)
(0,0,0)
(0,0,0)
(0,0,0)
(0,0,0)
(0,0,0)
(0,0,0)
(0,0,0)
(0,0,0)
(0,0,0)
(0,0,0)
(0,0,0)
(0,0,0)
(0,0,0)
(0,0,0)
(0,0,0)
(0,0,0)
(0,0,0)
(0,0,0)
(0,0,0)
(0,0,0)
(0,0,0)
(0,0,0)
(0,0,0)
(0,0,0)
(0,0,0)
(0,0,0)
(0,0,0)
(0,0,0)
(0,0,0)
(0,0,0)
(0,0,0)
(0,0,0)
(0,0,0)
(0,0,0)
(0,0,0)
(0,0,0)
(0,0,0)
(0,0,0)
(0,0,0)
(0,0,0)
(0,0,0)
(0,0,0)
(0,0,0)
(0,0,0)
(0,0,0)
(0,0,0)
(0,0,0)
(0,0,0)
(0,0,0)
(0,0,0)
(0,0,0)
(0,0,0)
(0,0,0)
(0,0,0)
(0,0,0)
(0,0,0)
(0,0,0)
(0,0,0)
(0,0,0)
(0,0,0)
(0,0,0)
(0,0,0)
(0,0,0)
(0,0,0)
(0,0,0)
(0,0,0)
(0,0,0)
(0,0,0)
(0,0,0)
(0,0,0)
(-272933.383326553,23553.6628632033,18714.4923778816)
(-281059.380690555,21690.2212781968,37799.0869451328)
(-298970.270949997,17455.2292680782,57358.6982715718)
(-330192.295110148,9779.82037400556,76462.3941003814)
(-380486.438594809,-2828.71389674485,91186.0675285008)
(-457839.725794214,-20850.5693669316,89034.0878235611)
(-569038.273241071,-38961.0835983933,32645.4070118463)
(-706893.031624335,-39008.6265375259,-176342.220602039)
(-817157.93236321,-23917.0386153299,-706734.154083879)
(-710122.283660656,-10140.325883865,-1667796.63928649)
(0,0,0)
(0,0,0)
(0,0,0)
(0,0,0)
(0,0,0)
(0,0,0)
(-282138.341368858,48094.325746159,16837.8701506933)
(-289837.749249752,44588.3395271318,33552.8568489099)
(-306760.703027595,36415.2843777684,49666.040659543)
(-336295.989496148,20847.9390615895,63805.9526532858)
(-384281.128845218,-7178.32849763207,73054.3818745982)
(-459409.823311396,-53929.548027678,70876.4637897336)
(-569851.794834498,-113279.495051623,32562.383904204)
(-703491.259258637,-111836.417699932,-161284.311149333)
(-811681.474233805,-59717.7510698089,-692902.714062082)
(-706737.737315809,-22689.9864247069,-1657600.55614437)
(0,0,0)
(0,0,0)
(0,0,0)
(0,0,0)
(0,0,0)
(0,0,0)
(-302293.471974807,73751.4916191636,13281.1729455845)
(-309130.896280589,69164.2063168222,25327.8662180128)
(-324064.181231623,58206.7810261656,34027.3507586885)
(-350165.382092246,36014.1442063876,35698.0829491511)
(-393330.496962476,-9447.92098721855,26182.2037473554)
(-465329.84650628,-106074.65542287,11439.461472033)
(-586937.015407425,-291809.687368477,33936.5104102483)
(-703496.353102212,-288293.126621378,-109187.202120056)
(-798409.47712268,-116975.807557508,-655802.962751741)
(-698544.885726162,-36512.1603467811,-1634826.67488329)
(0,0,0)
(0,0,0)
(0,0,0)
(0,0,0)
(0,0,0)
(0,0,0)
(-337035.738751331,98324.5930667981,8667.86335753132)
(-342608.259638717,93668.6866433506,14350.6552260377)
(-354616.10212868,82554.6528849166,11790.8771921972)
(-375159.575838709,59468.600653202,-9849.16101875173)
(-408979.403187479,7075.50654679126,-70513.9147350738)
(-475732.683221493,-141534.294973857,-174335.450043538)
(-717225.11433991,-717417.743978783,37421.8865844481)
(-754430.521317709,-755011.715258249,62167.0332239059)
(-767593.887961154,-172345.13632046,-575291.544859679)
(-682080.396202422,-38813.2803301466,-1598227.62148271)
(0,0,0)
(0,0,0)
(0,0,0)
(0,0,0)
(0,0,0)
(0,0,0)
(-391893.739458759,114583.783104633,4058.85948342391)
(-395993.251753328,110954.036875914,3288.79593782284)
(-404401.313697549,102820.680874614,-11316.8049594202)
(-416472.266845441,87737.2543373467,-62341.8582235689)
(-425020.045224137,60529.4982217447,-219182.219610821)
(-382975.459678298,15647.4360925647,-750195.381799116)
(8.50898488932861e-05,2.33357989253203e-05,-5.53729812801705e-05)
(43.9962411362317,-56.4909260752105,644992.956039899)
(-644900.650934012,-15477.2550721571,-441637.394199215)
(-652478.82274144,-2213.59439205305,-1559273.94902728)
(0,0,0)
(0,0,0)
(0,0,0)
(0,0,0)
(0,0,0)
(0,0,0)
(-473909.503245259,104804.126094034,493.675616918944)
(-476644.154805619,102747.844905145,-4794.19115122394)
(-481758.355824206,98780.9444534678,-26397.6381036353)
(-486916.909686098,92875.9498598278,-89636.879101291)
(-480608.693497701,83957.5897600511,-264164.095738474)
(-406879.780178689,64680.1067017481,-765921.130849063)
(7.73624421360648e-05,2.85389675208242e-05,-4.13250127865038e-05)
(-35.6917461376295,-130.729966691725,629759.706774305)
(-629869.506524282,44262.4591611719,-428165.967745252)
(-652255.906218467,18934.8398019637,-1556832.14927909)
(0,0,0)
(0,0,0)
(0,0,0)
(0,0,0)
(0,0,0)
(0,0,0)
(-588374.218261081,29004.0328161232,-1460.17488993303)
(-589957.67802716,28545.123088442,-8657.78258435571)
(-592403.753299357,28867.232387913,-32237.1978923876)
(-592321.668696383,32889.8548330424,-98614.7059536183)
(-575478.099901671,45998.7378683472,-283502.281725907)
(-477383.85651283,67665.6570673128,-830669.415513335)
(0.000212234335769341,-7.8286263490635e-05,-5.94062928242687e-05)
(-144.584098133306,667320.909665053,674289.774115831)
(-674672.297223264,137797.220285829,-453373.513327068)
(-678827.920023083,16887.2558444044,-1575628.23740702)
(0,0,0)
(0,0,0)
(0,0,0)
(0,0,0)
(0,0,0)
(0,0,0)
(-727352.178845219,-198694.296725876,-1799.75591752254)
(-728121.536423664,-198082.614704377,-8232.73518938034)
(-728800.992477552,-194717.757565897,-28154.8685513231)
(-725756.208884945,-182004.993390796,-85554.4888946717)
(-703937.90201762,-137741.559189659,-261883.840150138)
(-591324.02081687,26621.6312891773,-898383.689355305)
(-375.996110873906,745818.260584652,667326.734054146)
(-667677.033189388,163183.060373254,144820.127113693)
(-840047.459745647,-76249.3944390383,-574211.431750451)
(-735646.761010198,-99415.0187568904,-1592409.82110767)
(0,0,0)
(0,0,0)
(0,0,0)
(0,0,0)
(0,0,0)
(0,0,0)
(-834352.350383047,-737928.985705452,-1110.43241100991)
(-834679.20403615,-737173.865981502,-4854.67552982752)
(-834747.173823531,-734047.177375034,-15454.7172254127)
(-832480.740928718,-724224.897577796,-41332.5005625079)
(-821838.865814817,-696654.90655812,-97520.0629066627)
(-789071.98375992,-626505.051544724,-179188.959847742)
(-746483.08429594,-485465.387803399,84770.9563353707)
(-854767.942470729,-578860.504860069,-94532.1876635355)
(-918911.475891232,-594133.617609159,-597301.018403758)
(-753039.996808505,-421032.022580124,-1492923.07559744)
(0,0,0)
(0,0,0)
(0,0,0)
(0,0,0)
(0,0,0)
(0,0,0)
(-719771.176058321,-1701567.37544176,-407.619733068087)
(-719888.582856387,-1701002.36332338,-1867.34806424504)
(-719886.955282107,-1698915.96674456,-5729.49346889179)
(-719024.757963592,-1693065.64882968,-13861.0707722887)
(-715692.844671681,-1679061.18305291,-27384.2111815918)
(-708569.529745867,-1651638.4855071,-38078.2846591125)
(-706325.340908595,-1613625.15299013,-8497.53363480259)
(-744665.226060122,-1605225.62331111,-109688.716279598)
(-754990.722382696,-1495656.66977685,-424109.069157822)
(-603725.661807551,-1071671.54318257,-1071787.32911132)
(0,0,0)
(0,0,0)
(0,0,0)
(0,0,0)
(0,0,0)
(0,0,0)
(0,0,0)
(0,0,0)
(0,0,0)
(0,0,0)
(0,0,0)
(0,0,0)
(0,0,0)
(0,0,0)
(0,0,0)
(0,0,0)
(0,0,0)
(0,0,0)
(0,0,0)
(0,0,0)
(0,0,0)
(0,0,0)
(0,0,0)
(0,0,0)
(0,0,0)
(0,0,0)
(0,0,0)
(0,0,0)
(0,0,0)
(0,0,0)
(0,0,0)
(0,0,0)
(0,0,0)
(0,0,0)
(0,0,0)
(0,0,0)
(0,0,0)
(0,0,0)
(0,0,0)
(0,0,0)
(0,0,0)
(0,0,0)
(0,0,0)
(0,0,0)
(0,0,0)
(0,0,0)
(0,0,0)
(0,0,0)
(0,0,0)
(0,0,0)
(0,0,0)
(0,0,0)
(0,0,0)
(0,0,0)
(0,0,0)
(0,0,0)
(0,0,0)
(0,0,0)
(0,0,0)
(0,0,0)
(0,0,0)
(0,0,0)
(0,0,0)
(0,0,0)
(0,0,0)
(0,0,0)
(0,0,0)
(0,0,0)
(0,0,0)
(0,0,0)
(0,0,0)
(0,0,0)
(0,0,0)
(0,0,0)
(0,0,0)
(0,0,0)
(0,0,0)
(0,0,0)
(0,0,0)
(0,0,0)
(0,0,0)
(0,0,0)
(0,0,0)
(0,0,0)
(0,0,0)
(0,0,0)
(0,0,0)
(0,0,0)
(0,0,0)
(0,0,0)
(0,0,0)
(0,0,0)
(0,0,0)
(0,0,0)
(0,0,0)
(0,0,0)
(0,0,0)
(0,0,0)
(0,0,0)
(0,0,0)
(0,0,0)
(0,0,0)
(-297994.807748504,14433.5206347535,10627.9037872008)
(-303455.438274112,13022.6578789125,20001.3034918508)
(-315025.640563134,9768.57052232205,26288.1025826597)
(-333895.120347094,3739.78390903975,26251.1439105658)
(-361582.87738784,-6569.45418641502,13917.0368900145)
(-399479.924926959,-22383.7509672218,-22059.0130100268)
(-446181.086869639,-39762.7616511137,-105153.437730347)
(-489825.325848674,-35615.8487073325,-286605.294798684)
(-485565.16382371,-18483.9840361625,-599714.079302044)
(-345313.322485671,-6806.44722538506,-957716.593251637)
(0,0,0)
(0,0,0)
(0,0,0)
(0,0,0)
(0,0,0)
(0,0,0)
(-304995.832755709,28080.2015499227,9210.81047168407)
(-309792.232969764,25453.7759636955,16734.1761069059)
(-319706.330113403,19234.3662984562,20214.0074165796)
(-335247.402298585,7048.72462067383,15856.4795073874)
(-356832.502971559,-16179.9670879526,-1981.63346473728)
(-384430.144458141,-59872.5645399635,-39472.4987452495)
(-417652.270547414,-130391.735912654,-101043.04877079)
(-458809.683952964,-111848.000609586,-269492.472174197)
(-465208.991529473,-46479.7311843519,-587969.20773036)
(-336133.725509405,-14547.2078190434,-950832.458943062)
(0,0,0)
(0,0,0)
(0,0,0)
(0,0,0)
(0,0,0)
(0,0,0)
(-319949.531951168,39204.7153112657,6531.54621501923)
(-323454.446617336,35849.6780923844,10459.1944230831)
(-330092.083201656,27771.546705141,7949.915986435)
(-338759.986495885,11071.7752180047,-7478.53020725092)
(-346148.91347897,-25066.1304662427,-45773.9503124696)
(-344345.402880337,-116514.339940928,-110116.618537432)
(-322627.992278485,-422173.83941183,-82643.5381671791)
(-354549.185455618,-339283.539737801,-204155.166685563)
(-406944.112777183,-86162.7724848428,-555937.489730585)
(-312757.356283953,-20065.676290593,-936206.550701264)
(0,0,0)
(0,0,0)
(0,0,0)
(0,0,0)
(0,0,0)
(0,0,0)
(-344612.347253128,43648.0441542423,3133.27965881982)
(-346387.188631602,40422.9168737889,2338.96987029597)
(-348603.663153291,32886.8928802192,-8788.81528017057)
(-347404.604931295,18219.9616632675,-43691.9726328513)
(-331509.926530993,-8957.09194450849,-137270.487811079)
(-264891.720539485,-48760.8637987195,-415864.926635299)
(4.27711596644969e-05,9.12929364069449e-06,-2.27220540052847e-05)
(-316.62919401145,-535.436766967479,48954.1204752277)
(-265407.783902193,-49639.1595460846,-489755.596522497)
(-266617.087831777,-9226.73621271961,-916057.84497101)
(0,0,0)
(0,0,0)
(0,0,0)
(0,0,0)
(0,0,0)
(0,0,0)
(-380911.101840538,32708.0002701373,-42.5937341137449)
(-380926.744079275,30437.206972634,-5123.39150701935)
(-378773.508534521,25587.6245255168,-23451.9283153477)
(-368126.619532787,17372.1090714979,-70949.7230362369)
(-332751.335816451,4963.4631246501,-177138.987513075)
(-233438.278875804,-8255.92982623548,-367181.102288023)
(-4.25863166567496e-06,2.68247685660202e-06,0.000102715876113021)
(9.08324031147886e-05,1.2123419888086e-05,-1.18700485275146e-06)
(-626.215129062472,-371.548247767423,-449171.211728288)
(-202233.842686266,-1958.59515938372,-906684.332836793)
(0,0,0)
(0,0,0)
(0,0,0)
(0,0,0)
(0,0,0)
(0,0,0)
(-429408.535275908,-9583.97526705516,-2208.9924321618)
(-428038.15618639,-10514.9715232055,-9862.8125555536)
(-422585.166335327,-11822.7756272568,-31625.6018916616)
(-405294.511708909,-12483.1067606257,-83392.784036722)
(-357774.544400437,-10831.4351291554,-190432.034880163)
(-240783.854294727,-5740.77919725532,-359043.111393092)
(1.75841062325525e-06,8.12876995106965e-06,7.68496635381154e-05)
(6.78482176552536e-05,2.30369992104787e-05,-1.79819107347104e-06)
(-20.8472248335448,-380.915148366747,-450505.340618795)
(-192687.224585716,-7548.62558127739,-904483.991829673)
(0,0,0)
(0,0,0)
(0,0,0)
(0,0,0)
(0,0,0)
(0,0,0)
(-485018.837931025,-109927.222834615,-3012.13276249723)
(-482826.563010862,-109597.664931734,-11060.5543702632)
(-475535.348874784,-107518.961994388,-32232.7724277102)
(-454752.060577773,-100494.963963286,-81790.5233436561)
(-400364.025254465,-82356.0561241602,-185379.976995852)
(-269022.088422101,-46111.7747656719,-353370.749518181)
(1.17917082205208e-05,0.000123594634251839,9.15892211813388e-05)
(0.000119255698185348,-1.44646353576303e-06,-3.48905166842889e-06)
(248.131729341329,-27466.9295639256,-457461.401237464)
(-207222.458143544,-39886.4211930675,-896729.067505217)
(0,0,0)
(0,0,0)
(0,0,0)
(0,0,0)
(0,0,0)
(0,0,0)
(-529059.540991215,-305662.584220736,-2557.27646789656)
(-526736.340422291,-304623.575299237,-8916.56210177632)
(-519397.461742933,-300638.057657739,-25200.9971730349)
(-499074.626788756,-288636.347046795,-63741.1961857121)
(-445272.179953403,-255530.220818019,-149232.753556056)
(-308260.751245747,-170952.796868856,-307455.001024)
(0.000144042354244598,-6.99018211324473e-06,-8.20365163368117e-06)
(-133.44058376076,-23692.3975224214,-27503.9948286225)
(-270261.79355306,-154988.630207927,-469767.960377203)
(-271846.315497445,-116752.499314882,-856702.327768154)
(0,0,0)
(0,0,0)
(0,0,0)
(0,0,0)
(0,0,0)
(0,0,0)
(-515341.39663273,-623239.001139778,-1434.5368312787)
(-513527.879930487,-622291.948829852,-4917.48740633638)
(-507989.061643496,-619104.668767572,-13208.9884765381)
(-492999.885991151,-610644.244027133,-30681.9464337712)
(-453011.547209931,-590360.765240775,-64678.7206158973)
(-342336.383338923,-545821.322420713,-136545.79548503)
(-352.177261546682,-445105.033299295,-23496.5441181117)
(-274702.125094535,-468589.406838914,-158665.352177828)
(-371113.507977706,-430051.04273546,-431400.907563818)
(-289749.427436419,-271609.635558996,-739834.340691802)
(0,0,0)
(0,0,0)
(0,0,0)
(0,0,0)
(0,0,0)
(0,0,0)
(-360891.323384034,-981573.493747561,-545.360066515604)
(-359933.625109514,-980920.612130225,-1871.6545130341)
(-357144.082436787,-978875.198933296,-4843.99719263913)
(-350091.856317313,-973905.863423414,-10515.2794426352)
(-333155.451045601,-963209.654337794,-20203.7839716732)
(-295885.308760509,-942908.203501473,-35801.1238762795)
(-233264.924705976,-907143.64878488,-46822.9245933358)
(-279651.722820296,-860445.165336196,-119980.669335897)
(-291618.759797355,-740575.584962191,-272828.089694511)
(-212181.112020512,-467903.582936126,-468078.692104418)
(0,0,0)
(0,0,0)
(0,0,0)
(0,0,0)
(0,0,0)
(0,0,0)
(0,0,0)
(0,0,0)
(0,0,0)
(0,0,0)
(0,0,0)
(0,0,0)
(0,0,0)
(0,0,0)
(0,0,0)
(0,0,0)
(0,0,0)
(0,0,0)
(0,0,0)
(0,0,0)
(0,0,0)
(0,0,0)
(0,0,0)
(0,0,0)
(0,0,0)
(0,0,0)
(0,0,0)
(0,0,0)
(0,0,0)
(0,0,0)
(0,0,0)
(0,0,0)
(0,0,0)
(0,0,0)
(0,0,0)
(0,0,0)
(0,0,0)
(0,0,0)
(0,0,0)
(0,0,0)
(0,0,0)
(0,0,0)
(0,0,0)
(0,0,0)
(0,0,0)
(0,0,0)
(0,0,0)
(0,0,0)
(0,0,0)
(0,0,0)
(0,0,0)
(0,0,0)
(0,0,0)
(0,0,0)
(0,0,0)
(0,0,0)
(0,0,0)
(0,0,0)
(0,0,0)
(0,0,0)
(0,0,0)
(0,0,0)
(0,0,0)
(0,0,0)
(0,0,0)
(0,0,0)
(0,0,0)
(0,0,0)
(0,0,0)
(0,0,0)
(0,0,0)
(0,0,0)
(0,0,0)
(0,0,0)
(0,0,0)
(0,0,0)
(0,0,0)
(0,0,0)
(0,0,0)
(0,0,0)
(0,0,0)
(0,0,0)
(0,0,0)
(0,0,0)
(0,0,0)
(0,0,0)
(0,0,0)
(0,0,0)
(0,0,0)
(0,0,0)
(0,0,0)
(0,0,0)
(0,0,0)
(0,0,0)
(0,0,0)
(0,0,0)
(0,0,0)
(0,0,0)
(0,0,0)
(0,0,0)
(0,0,0)
(0,0,0)
(-310653.836011792,7493.9110553046,5165.11720798758)
(-313539.331141963,6756.53574951957,8492.47432631846)
(-319226.116631988,5156.19171803673,7536.75867713623)
(-327395.756281897,2415.5713584403,-1378.17674650745)
(-337273.79766968,-1798.42201802353,-23888.8344466463)
(-347415.61383957,-7317.83311858702,-68635.312415438)
(-354894.080774243,-11238.9344663163,-148683.384044524)
(-351643.137288513,-4629.54018081637,-282236.032423864)
(-310218.774652912,1834.99600454278,-459417.417599179)
(-194671.623258596,2348.95055448567,-612408.0673808)
(0,0,0)
(0,0,0)
(0,0,0)
(0,0,0)
(0,0,0)
(0,0,0)
(-315134.369479714,13215.0044129015,4417.44336641109)
(-317327.183127853,11864.8320147197,6844.09725930375)
(-321293.187017571,8875.44741926391,4711.69846224652)
(-325953.278389239,3521.0973205581,-5687.95140922015)
(-329310.902900221,-5541.76725539509,-29466.2062431812)
(-328742.793200005,-19888.9421603126,-72582.4484595931)
(-323872.507756597,-35491.8471758255,-142109.2985409)
(-322052.156020555,-7702.1018977851,-275794.264756332)
(-291997.813566723,11681.7473677915,-458852.19408231)
(-186721.890627793,8771.3110654467,-614686.389474889)
(0,0,0)
(0,0,0)
(0,0,0)
(0,0,0)
(0,0,0)
(0,0,0)
(-324381.357596821,14595.4172009167,3051.41285764234)
(-325282.277745905,12935.325573872,3808.75042706075)
(-325922.861914855,9240.31588845563,-725.339328931015)
(-323468.97501777,2355.76930306792,-14851.0227895615)
(-312096.739900818,-10552.7648816896,-43892.1987414167)
(-282545.98934492,-37265.6054184943,-88314.9490186658)
(-232097.139744908,-99889.7082734428,-114447.940454626)
(-234952.958802361,14704.1908620436,-256450.459867716)
(-245315.841692613,55266.5737572422,-461663.557341745)
(-168327.811539183,26042.9886129605,-623364.779634004)
(0,0,0)
(0,0,0)
(0,0,0)
(0,0,0)
(0,0,0)
(0,0,0)
(-338722.627016666,7326.53587836719,1379.16108608416)
(-337989.144388329,5835.34680061715,81.0956160687609)
(-334345.533290858,2689.65876330629,-7626.37712121887)
(-322302.185243534,-2572.23954289579,-27800.7879630146)
(-288912.6304548,-10309.3749761507,-70641.4739447455)
(-204367.948514782,-17398.336599451,-151032.51478849)
(3.63881329067532e-05,7.929898697596e-06,3.8153246184198e-06)
(-330.342540754406,-521.234851040058,-215880.966351114)
(-150263.834169455,215032.45200632,-490790.794332941)
(-137151.159581822,55117.6963692867,-649331.430339202)
(0,0,0)
(0,0,0)
(0,0,0)
(0,0,0)
(0,0,0)
(0,0,0)
(-357779.86372674,-15740.8007142892,-63.9015211364589)
(-355518.374646091,-16634.3128199515,-3002.61133374977)
(-348079.886687952,-18148.5264952521,-12858.0479217623)
(-328237.283950966,-19734.0225197369,-35585.6005267438)
(-280780.235462188,-20054.6883243712,-77811.3875327844)
(-179270.785636157,-15623.0675337217,-133754.149838161)
(-3.68332673464155e-06,1.19953048460877e-06,8.89781133727386e-06)
(8.04329257187183e-05,4.16901997436015e-06,1.49990442985297e-05)
(-236.424769879344,182.055987483718,-650545.836630716)
(-100886.207043836,7550.91581418062,-704326.691718036)
(0,0,0)
(0,0,0)
(0,0,0)
(0,0,0)
(0,0,0)
(0,0,0)
(-379144.558500677,-65155.9193187086,-848.858170816129)
(-375825.846451632,-65282.9897095801,-4412.4910159451)
(-365992.431037114,-64757.8917840928,-14395.8610253226)
(-341625.768171318,-61890.1404596368,-35908.4866230161)
(-286933.074391415,-53364.2408586651,-73440.4040977439)
(-177633.774108056,-33930.343880817,-118283.207937322)
(1.22225448491907e-06,4.23296967571215e-06,-1.08436346931734e-11)
(5.60572596818346e-05,3.90665147861647e-06,1.20533156255286e-05)
(-130.44753779245,-75.6195623262365,-643080.612469139)
(-94436.5130654696,-22060.300024753,-711720.108150448)
(0,0,0)
(0,0,0)
(0,0,0)
(0,0,0)
(0,0,0)
(0,0,0)
(-395386.015138294,-153942.15457122,-846.587540231511)
(-391696.771915122,-153479.473890639,-3779.89445491665)
(-381212.940985237,-151352.59445402,-11507.5996745358)
(-355976.788307922,-144740.652718883,-27432.3596851356)
(-299979.830343838,-127150.423962179,-54030.3714922491)
(-187370.964966126,-85214.0917600615,-84397.7470689771)
(8.95788883990769e-06,8.88077865470632e-06,-1.28222531348039e-11)
(9.88439567843475e-05,5.14167302643507e-06,1.91767070309291e-05)
(-274.669262902545,-297832.715473136,-664896.843704192)
(-100352.391599401,-104412.509285348,-689414.700987757)
(0,0,0)
(0,0,0)
(0,0,0)
(0,0,0)
(0,0,0)
(0,0,0)
(-390788.762350846,-291934.045819354,-278.887392235207)
(-387479.595340068,-291394.918821327,-1620.18754376572)
(-378263.453468111,-289181.776084128,-4925.01418848933)
(-356345.326166685,-282463.242742563,-9931.72478687981)
(-307026.509236129,-263137.53351195,-12190.2859543879)
(-201544.405854476,-204817.423888468,696.700782750554)
(0.000125281623687352,2.1613951750285e-05,6.14587989010498e-06)
(-185.726252160246,-298029.968937369,-297582.290197025)
(-138762.788176267,-255659.306575508,-471254.704471437)
(-128178.029933535,-134574.096260185,-584761.403060498)
(0,0,0)
(0,0,0)
(0,0,0)
(0,0,0)
(0,0,0)
(0,0,0)
(-338886.582074604,-468717.840904492,328.980527019571)
(-336529.50025232,-468649.814937681,585.4969651972)
(-330141.798535513,-468218.712801601,1775.17057467463)
(-315377.441300119,-467641.940195187,9331.42333627701)
(-282508.584509968,-470384.549729673,46075.4768540361)
(-207284.600211632,-499242.503729273,205448.773567542)
(-378.502647380807,-677833.876126417,-297835.426594104)
(-142203.168391049,-473336.069566937,-255028.282668006)
(-181465.997657388,-350374.386236897,-349960.713326939)
(-130338.529771377,-193952.636631407,-449993.07062078)
(0,0,0)
(0,0,0)
(0,0,0)
(0,0,0)
(0,0,0)
(0,0,0)
(-209354.466819062,-620614.813211627,360.11574216882)
(-208161.030813201,-620936.868260258,874.574768434216)
(-205038.108564064,-621674.16237625,2224.05047035884)
(-198202.571607182,-623744.579021995,6437.40458702672)
(-184221.673029972,-629988.159898732,17107.2367404654)
(-157874.135607967,-646962.546087634,26816.1059462766)
(-117316.701093266,-673742.528504744,-93223.4652880945)
(-133695.565248407,-580608.435019314,-131907.257407607)
(-131705.438671457,-448838.233064662,-193356.731705734)
(-87939.957856698,-255676.749790501,-255873.772710461)
(0,0,0)
(0,0,0)
(0,0,0)
(0,0,0)
(0,0,0)
(0,0,0)
(0,0,0)
(0,0,0)
(0,0,0)
(0,0,0)
(0,0,0)
(0,0,0)
(0,0,0)
(0,0,0)
(0,0,0)
(0,0,0)
(0,0,0)
(0,0,0)
(0,0,0)
(0,0,0)
(0,0,0)
(0,0,0)
(0,0,0)
(0,0,0)
(0,0,0)
(0,0,0)
(0,0,0)
(0,0,0)
(0,0,0)
(0,0,0)
(0,0,0)
(0,0,0)
(0,0,0)
(0,0,0)
(0,0,0)
(0,0,0)
(0,0,0)
(0,0,0)
(0,0,0)
(0,0,0)
(0,0,0)
(0,0,0)
(0,0,0)
(0,0,0)
(0,0,0)
(0,0,0)
(0,0,0)
(0,0,0)
(0,0,0)
(0,0,0)
(0,0,0)
(0,0,0)
(0,0,0)
(0,0,0)
(0,0,0)
(0,0,0)
(0,0,0)
(0,0,0)
(0,0,0)
(0,0,0)
(0,0,0)
(0,0,0)
(0,0,0)
(0,0,0)
(0,0,0)
(0,0,0)
(0,0,0)
(0,0,0)
(0,0,0)
(0,0,0)
(0,0,0)
(0,0,0)
(0,0,0)
(0,0,0)
(0,0,0)
(0,0,0)
(0,0,0)
(0,0,0)
(0,0,0)
(0,0,0)
(0,0,0)
(0,0,0)
(0,0,0)
(0,0,0)
(0,0,0)
(0,0,0)
(0,0,0)
(0,0,0)
(0,0,0)
(0,0,0)
(0,0,0)
(0,0,0)
(0,0,0)
(0,0,0)
(0,0,0)
(0,0,0)
(0,0,0)
(0,0,0)
(0,0,0)
(0,0,0)
(0,0,0)
(0,0,0)
(-315885.958179502,3005.56449829019,2226.5576694094)
(-316986.0743248,2945.02075958683,2728.28009265497)
(-318894.702525936,3071.03780708596,-674.171820479565)
(-320627.75020195,3817.55387826919,-11259.7317786903)
(-320665.508118278,6094.63817617916,-33962.659506274)
(-316651.146606791,11313.8308850347,-76040.9576240907)
(-305342.481303985,19744.2076299438,-145336.764724285)
(-281135.278509,24887.5543441069,-240732.177847908)
(-227057.047837682,19994.2021244339,-343888.106787584)
(-131021.828998977,10276.2559399712,-417814.156987162)
(0,0,0)
(0,0,0)
(0,0,0)
(0,0,0)
(0,0,0)
(0,0,0)
(-318201.277326024,3912.79717472743,2159.67516987138)
(-318857.997188506,3855.61149165181,2779.89849845723)
(-319612.03219463,4194.96446125657,-25.1829786607591)
(-319050.901123509,5940.39774857823,-9050.40411469656)
(-314989.211548535,11531.4323568375,-28808.8896470445)
(-304721.197583919,26118.0130320135,-67634.6674101153)
(-287623.857121396,56070.2751233496,-140209.385538735)
(-270927.936250239,79209.5456441114,-245655.596609068)
(-222327.394502078,58236.3599053338,-353568.173454633)
(-129123.420141609,27126.4049867537,-428016.792987577)
(0,0,0)
(0,0,0)
(0,0,0)
(0,0,0)
(0,0,0)
(0,0,0)
(-322693.798877737,118.365207686903,2106.87324794885)
(-322495.688420017,118.823557165992,3057.07185653964)
(-321014.272511096,710.860686713962,1632.58622732062)
(-315769.75743667,3401.33441829163,-3527.56802349571)
(-302203.433128331,12442.2299896619,-14331.6724288128)
(-273563.974315084,40646.5434908045,-37842.2179174373)
(-228476.848634575,131794.277787228,-117186.511691657)
(-255309.304595296,249085.846396093,-266706.466650706)
(-219341.673530318,150180.219127425,-384624.494035083)
(-127956.415084056,57167.7249189929,-455037.210422442)
(0,0,0)
(0,0,0)
(0,0,0)
(0,0,0)
(0,0,0)
(0,0,0)
(-328710.738941058,-12013.6849846785,2120.16211675446)
(-327429.190869978,-11944.8095167936,3623.84167235795)
(-323085.249408768,-11243.1596487946,4317.57812577703)
(-311386.431814452,-8690.1022729638,5493.2613879528)
(-282420.224502399,-2343.37160751679,13786.4570327395)
(-210657.568220192,7565.07654914457,53157.5436798092)
(2.11539764686764e-05,-2.26462877362389e-06,1.52116525855748e-05)
(-296251.261058667,-406.783971055643,-365615.310695212)
(-253076.822810413,364943.950012966,-477566.052939788)
(-136718.220291401,91329.1145431548,-512160.381854351)
(0,0,0)
(0,0,0)
(0,0,0)
(0,0,0)
(0,0,0)
(0,0,0)
(-334717.992972626,-37312.7580407707,2237.20230197612)
(-332463.654735453,-37137.3283871239,4375.00126167578)
(-325651.135373872,-36193.7619866635,6896.8522854695)
(-308600.94354678,-33225.5401660056,11795.9497743307)
(-268633.979463421,-26287.765807805,23594.0879758426)
(-179506.900799462,-14024.5971622851,45419.8768505755)
(-5.54882584535357e-06,-7.11419780430136e-07,-1.32932704440551e-07)
(5.36295482813574e-05,-9.58528020245393e-07,2.75673712394661e-05)
(-461101.417462748,234.626507616377,-751035.991076109)
(-171156.216961088,13953.0231499571,-603389.889765644)
(0,0,0)
(0,0,0)
(0,0,0)
(0,0,0)
(0,0,0)
(0,0,0)
(-337469.852055526,-81476.907781111,2489.44329519632)
(-334651.96645502,-81222.80116333,5401.03607479803)
(-326629.537254104,-80060.6965702114,9905.07687533763)
(-307334.216898717,-76322.6896722176,18710.6751089456)
(-263841.194981764,-66464.9395507073,35795.9694421974)
(-171540.881397433,-43660.2154213785,59338.6949906699)
(-4.73535307211613e-07,3.60547278710827e-07,8.33123672232763e-13)
(3.78798331078449e-05,-3.44719808300252e-06,2.06660974698703e-05)
(-436862.610212351,-237.526668216554,-737246.995043668)
(-172508.177640099,-28008.5769285023,-617213.730390577)
(0,0,0)
(0,0,0)
(0,0,0)
(0,0,0)
(0,0,0)
(0,0,0)
(-330400.100789891,-149289.027033315,2826.20490381013)
(-327602.195583819,-149172.884833357,6681.71224252794)
(-319929.763482634,-148349.112765034,13686.950934749)
(-302029.010130826,-145087.688401345,28504.1714867758)
(-262343.918917963,-134148.59093596,58551.9114461537)
(-176163.08670802,-99288.0165409146,102971.834307578)
(4.91064813668101e-06,2.86407143659587e-06,-9.28797505552192e-13)
(5.29458976092429e-05,9.93997063357388e-06,3.25108895297305e-05)
(-478535.159841774,-436244.139156923,-764846.342499445)
(-172052.359787029,-132175.812172925,-588979.139067394)
(0,0,0)
(0,0,0)
(0,0,0)
(0,0,0)
(0,0,0)
(0,0,0)
(-303129.717431138,-239927.488652298,2979.41669928502)
(-300902.804245957,-240323.519235807,7553.2600076307)
(-295081.177425338,-240961.802996281,16983.6741961044)
(-282423.057754339,-241414.261260222,39387.9786426321)
(-256600.039948115,-238510.403608486,93323.322027142)
(-199324.288098313,-210366.9921077,202182.179837763)
(7.13987938880157e-05,4.02323408210303e-05,1.28552134227564e-05)
(-351745.382511433,-439833.267358853,-436005.825022738)
(-252203.577775978,-298232.406290937,-460576.768289016)
(-127680.970650073,-136672.529030581,-456577.110714822)
(0,0,0)
(0,0,0)
(0,0,0)
(0,0,0)
(0,0,0)
(0,0,0)
(-242426.367303014,-339016.390894504,2628.68747061365)
(-241021.852374161,-340127.133402103,6924.65375875007)
(-237700.48069819,-343024.068389062,16545.601314213)
(-232056.541688058,-350406.102931297,42216.5433732276)
(-228130.984194324,-372028.450932762,121356.990381862)
(-258911.613917705,-449759.483750553,412376.495730775)
(-535086.191751718,-794641.961766228,-439625.663947939)
(-262801.519386825,-464653.406898518,-294207.173412493)
(-174639.722766068,-300473.707835694,-298792.146759061)
(-94654.0926189628,-151481.208228557,-319667.904713497)
(0,0,0)
(0,0,0)
(0,0,0)
(0,0,0)
(0,0,0)
(0,0,0)
(-138791.807024815,-411082.83391019,1503.78322144083)
(-138137.884162104,-412584.033311747,3937.53647999344)
(-136688.371075905,-416483.432299299,9047.16290206976)
(-134528.09532428,-425447.16024293,20413.7439307998)
(-133589.360754173,-445725.195701865,43478.1764240966)
(-142463.828934574,-489078.873866059,67387.259866213)
(-178597.233164158,-556369.453432566,-109604.716396553)
(-131285.862352925,-446788.389476103,-129879.436714451)
(-95418.6781036258,-317050.451579126,-149589.453538847)
(-53389.8389980996,-167676.186526109,-167944.594099894)
(0,0,0)
(0,0,0)
(0,0,0)
(0,0,0)
(0,0,0)
(0,0,0)
(0,0,0)
(0,0,0)
(0,0,0)
(0,0,0)
(0,0,0)
(0,0,0)
(0,0,0)
(0,0,0)
(0,0,0)
(0,0,0)
(0,0,0)
(0,0,0)
(0,0,0)
(0,0,0)
(0,0,0)
(0,0,0)
(0,0,0)
(0,0,0)
(0,0,0)
(0,0,0)
(0,0,0)
(0,0,0)
(0,0,0)
(0,0,0)
(0,0,0)
(0,0,0)
(0,0,0)
(0,0,0)
(0,0,0)
(0,0,0)
(0,0,0)
(0,0,0)
(0,0,0)
(0,0,0)
(0,0,0)
(0,0,0)
(0,0,0)
(0,0,0)
(0,0,0)
(0,0,0)
(0,0,0)
(0,0,0)
(0,0,0)
(0,0,0)
(0,0,0)
(0,0,0)
(0,0,0)
(0,0,0)
(0,0,0)
(0,0,0)
(0,0,0)
(0,0,0)
(0,0,0)
(0,0,0)
(0,0,0)
(0,0,0)
(0,0,0)
(0,0,0)
(0,0,0)
(0,0,0)
(0,0,0)
(0,0,0)
(0,0,0)
(0,0,0)
(0,0,0)
(0,0,0)
(0,0,0)
(0,0,0)
(0,0,0)
(0,0,0)
(0,0,0)
(0,0,0)
(0,0,0)
(0,0,0)
(0,0,0)
(0,0,0)
(0,0,0)
(0,0,0)
(0,0,0)
(0,0,0)
(0,0,0)
(0,0,0)
(0,0,0)
(0,0,0)
(0,0,0)
(0,0,0)
(0,0,0)
(0,0,0)
(0,0,0)
(0,0,0)
(0,0,0)
(0,0,0)
(0,0,0)
(0,0,0)
(0,0,0)
(0,0,0)
(-317477.478450382,608.015725191209,983.504545695793)
(-317697.855303939,1036.2130343102,659.072490525345)
(-317948.085727492,2323.51724419099,-2611.06155211403)
(-317161.356041001,5341.91099968622,-11419.3667127485)
(-313745.185326227,11684.6113201145,-30024.3008249115)
(-305026.797319301,23167.5571174574,-64816.2072298612)
(-286480.723168581,37400.4904671325,-121078.455832402)
(-250567.31118395,34991.6084605749,-186638.031618013)
(-190455.454706862,24630.3460577946,-247869.970806638)
(-104263.680917356,12122.0093992514,-286750.128287505)
(0,0,0)
(0,0,0)
(0,0,0)
(0,0,0)
(0,0,0)
(0,0,0)
(-318290.417399509,-692.29385190577,1389.44965057751)
(-318464.162703302,161.996039832953,1869.83215985382)
(-318480.73908155,2744.66451979145,317.391771179852)
(-317413.047264856,9163.94450515878,-5142.49559295174)
(-314011.278801899,24194.1476732308,-18629.9646927023)
(-306682.373251655,57113.2731521969,-50614.5050597008)
(-292391.426116395,115054.173274467,-123500.618872035)
(-257078.048214931,94679.5533395822,-197038.451786336)
(-195478.386235369,61108.699732973,-260365.813728224)
(-106779.353774952,28249.0360564751,-298836.906752108)
(0,0,0)
(0,0,0)
(0,0,0)
(0,0,0)
(0,0,0)
(0,0,0)
(-319473.857602084,-6134.77034853173,2222.5352209757)
(-319483.678846089,-5000.77171823054,4373.29340511271)
(-319051.50288753,-1521.57206130894,6676.76036265574)
(-317468.699788087,7667.41391471959,9872.2333045197)
(-314408.324841548,32076.4750888561,14194.7976021126)
(-312770.913235715,103325.125189061,7189.88448588065)
(-322247.85215437,359982.227838099,-143967.166557945)
(-281891.459935803,207972.250187553,-230677.70806541)
(-212033.297210589,116319.017929249,-293196.40258142)
(-114256.168326248,48356.4267288446,-327004.040011593)
(0,0,0)
(0,0,0)
(0,0,0)
(0,0,0)
(0,0,0)
(0,0,0)
(-319799.614939166,-18403.275922904,3357.38157248303)
(-319567.594555509,-17324.1435979127,7819.15713770453)
(-318552.583841255,-14098.7272369571,15863.6467458429)
(-316017.910901669,-6118.92525641696,34281.4650041919)
(-312679.035624385,11254.7124242433,85362.0387907862)
(-324166.315879532,38482.1638551806,263713.747783999)
(-478259.472205494,-400.67009651092,-296069.798420392)
(-357643.26220358,295642.68602359,-322348.233111512)
(-254785.588862504,156807.542780177,-361127.991910365)
(-130982.536257151,56865.7674674631,-375373.016683218)
(0,0,0)
(0,0,0)
(0,0,0)
(0,0,0)
(0,0,0)
(0,0,0)
(-317251.512821042,-40360.6461843435,4490.89010985541)
(-316789.337329209,-39616.7747840824,11109.2038897747)
(-315101.629464516,-37410.5126524176,23871.4833958682)
(-310336.346201031,-32163.8333320884,51651.7941257828)
(-296582.560337337,-21696.5043780582,112551.591802012)
(-247033.601964814,-6212.78977688172,224773.246599422)
(3.85151930394279e-05,-1.59554574511243e-05,-3.21228845461326e-05)
(-472620.506348174,-161.754274698887,-461129.164588245)
(-328826.443333417,24402.2755809358,-460998.871518327)
(-155667.206725523,12574.7715971272,-432196.88588356)
(0,0,0)
(0,0,0)
(0,0,0)
(0,0,0)
(0,0,0)
(0,0,0)
(-308523.721306126,-74609.9342607056,5303.15732695813)
(-307994.792742341,-74373.3755630463,13402.5843932429)
(-306234.49716544,-73565.1961707414,29162.2278229057)
(-301230.387324342,-71237.9181843059,62132.483100749)
(-286247.608753768,-65163.4210884804,128005.813583178)
(-232192.245565343,-48384.2529122577,230828.640886461)
(2.7424247479572e-05,-2.49075403722846e-05,-2.25329772248566e-05)
(-444140.47326671,-126.23308495599,-436537.62151538)
(-334291.716786981,-41973.1624301874,-472733.076929606)
(-160439.184645963,-27581.901799262,-444645.396527348)
(0,0,0)
(0,0,0)
(0,0,0)
(0,0,0)
(0,0,0)
(0,0,0)
(-288612.476438992,-122006.309512787,5608.7509011754)
(-288249.732980692,-122460.987694478,14343.9004294764)
(-287168.644832669,-123533.772925834,31551.3585346013)
(-284296.84232308,-125574.879931916,68156.1524744581)
(-275565.995222099,-128495.439931318,144710.247621427)
(-236453.233167264,-122484.432016398,279100.573184822)
(4.22101195029672e-05,-3.81276122056553e-05,-2.86924376768321e-05)
(-489036.160995819,-351725.13362168,-478281.863202187)
(-330662.780264457,-209913.031950901,-458214.37325878)
(-153192.838600392,-87782.9279479459,-416872.868296731)
(0,0,0)
(0,0,0)
(0,0,0)
(0,0,0)
(0,0,0)
(0,0,0)
(-251234.175924189,-179090.289906999,5188.43888726055)
(-251193.939965901,-180346.370544945,13364.9574576697)
(-251294.153527137,-183551.530211581,29595.6908452129)
(-252561.207854808,-191040.184066038,65199.1450798035)
(-260473.782821243,-210053.963975989,150631.411997605)
(-302708.806170931,-269975.220358602,401506.718412433)
(-546785.853885752,-535165.800590826,-351664.080480183)
(-367934.285546075,-350858.524940405,-336341.786126823)
(-241897.579122941,-220634.254546567,-335926.56218418)
(-118883.340022375,-103633.075159492,-328874.04560034)
(0,0,0)
(0,0,0)
(0,0,0)
(0,0,0)
(0,0,0)
(0,0,0)
(-190354.702952152,-235176.558540671,4014.6042828107)
(-190508.191393545,-237084.483995356,10239.0567526028)
(-191251.008471285,-241938.520328394,22176.5746425143)
(-194216.253022341,-252844.043396836,46140.1453076004)
(-205170.369968801,-277490.725618232,90616.2927243158)
(-241140.877550189,-333352.902125867,136223.238124073)
(-328492.647855177,-438199.439879694,-167336.666483597)
(-241903.394364304,-333120.713141827,-205972.603304696)
(-161329.434859998,-221204.249690931,-218712.896066396)
(-81829.3502667105,-110193.086349964,-224977.627228166)
(0,0,0)
(0,0,0)
(0,0,0)
(0,0,0)
(0,0,0)
(0,0,0)
(-104109.122071822,-272018.45289352,2159.20939985868)
(-104247.149393746,-274211.762430453,5395.75306659545)
(-104805.490614361,-279644.76182902,11219.11410567)
(-106673.528150842,-290846.514127259,21367.0176626582)
(-112226.787448925,-312120.115434891,34633.8341740823)
(-125828.933683432,-346627.727131791,31273.7639288676)
(-145405.904152188,-377806.295172539,-62310.7097902644)
(-117252.978560638,-315486.481411538,-93977.8253128405)
(-81501.1051990484,-221585.973856289,-107513.674052057)
(-42323.1670125361,-114256.773811051,-114516.658576543)
(0,0,0)
(0,0,0)
(0,0,0)
(0,0,0)
(0,0,0)
(0,0,0)
(0,0,0)
(0,0,0)
(0,0,0)
(0,0,0)
(0,0,0)
(0,0,0)
(0,0,0)
(0,0,0)
(0,0,0)
(0,0,0)
(0,0,0)
(0,0,0)
(0,0,0)
(0,0,0)
(0,0,0)
(0,0,0)
(0,0,0)
(0,0,0)
(0,0,0)
(0,0,0)
(0,0,0)
(0,0,0)
(0,0,0)
(0,0,0)
(0,0,0)
(0,0,0)
(0,0,0)
(0,0,0)
(0,0,0)
(0,0,0)
(0,0,0)
(0,0,0)
(0,0,0)
(0,0,0)
(0,0,0)
(0,0,0)
(0,0,0)
(0,0,0)
(0,0,0)
(0,0,0)
(0,0,0)
(0,0,0)
(0,0,0)
(0,0,0)
(0,0,0)
(0,0,0)
(0,0,0)
(0,0,0)
(0,0,0)
(0,0,0)
(0,0,0)
(0,0,0)
(0,0,0)
(0,0,0)
(0,0,0)
(0,0,0)
(0,0,0)
(0,0,0)
(0,0,0)
(0,0,0)
(0,0,0)
(0,0,0)
(0,0,0)
(0,0,0)
(0,0,0)
(0,0,0)
(0,0,0)
(0,0,0)
(0,0,0)
(0,0,0)
(0,0,0)
(0,0,0)
(0,0,0)
(0,0,0)
(0,0,0)
(0,0,0)
(0,0,0)
(0,0,0)
(0,0,0)
(0,0,0)
(0,0,0)
(0,0,0)
(0,0,0)
(0,0,0)
(0,0,0)
(0,0,0)
(0,0,0)
(0,0,0)
(0,0,0)
(0,0,0)
(0,0,0)
(0,0,0)
(0,0,0)
(0,0,0)
(0,0,0)
(0,0,0)
(-317676.407097299,-294.105904310635,493.03455121936)
(-317655.738354403,269.025308189852,181.892293493595)
(-317498.007518941,1794.88173252434,-2063.06764757429)
(-316141.798661466,5100.7552927328,-8183.38031984832)
(-311908.786137566,11410.096205784,-21429.8757142952)
(-301515.03580808,21441.1398206929,-46382.7770462002)
(-279166.421913137,31430.3030247495,-85127.3813263928)
(-237607.623057771,28422.4243759379,-126509.493828507)
(-174822.041632436,19562.8999272259,-161705.806830155)
(-93134.9208962053,9584.08899190079,-182418.655843212)
(0,0,0)
(0,0,0)
(0,0,0)
(0,0,0)
(0,0,0)
(0,0,0)
(-317634.840369168,-1989.33073766974,1039.6478030196)
(-317914.406249219,-899.915202647858,1658.83185977109)
(-318338.536223129,2133.06420975911,1178.4465241163)
(-318311.973619035,9083.14299816769,-1905.0148271344)
(-316808.649088144,23755.4672143142,-11453.0155494211)
(-311183.387116506,50927.1048781331,-36437.9667420153)
(-294323.323484149,85099.143034728,-88174.909384236)
(-251211.621416854,69774.8915287987,-135393.803335182)
(-184110.671875131,44463.8542993193,-171662.472067503)
(-97642.8946591796,20741.7695244076,-191956.611715788)
(0,0,0)
(0,0,0)
(0,0,0)
(0,0,0)
(0,0,0)
(0,0,0)
(-316850.933626865,-6735.16624785099,2122.91153496489)
(-317610.680085179,-5299.53621282615,4649.53378423215)
(-319209.315733833,-1182.51399252902,8122.92483282062)
(-322056.934184016,8988.30102567611,12806.0012012374)
(-327192.291695631,33670.9035958039,15674.5316738323)
(-335576.996308804,91771.7312291283,-2364.01160407134)
(-339738.956376025,203817.172006898,-103590.936354588)
(-287067.431757111,132104.40890509,-160744.481909586)
(-206408.140179365,73452.4531278433,-195358.237769335)
(-107870.771202534,31605.9899562978,-212607.85532493)
(0,0,0)
(0,0,0)
(0,0,0)
(0,0,0)
(0,0,0)
(0,0,0)
(-313858.768685214,-16224.207719069,3548.19521727271)
(-315183.891364765,-14866.208818916,8731.16463261572)
(-318407.946041893,-10912.4291322798,18316.4419730007)
(-325537.212975901,-679.766315229464,37503.8113881432)
(-342337.364644961,27119.5695277799,73713.4744767452)
(-383633.304348053,115370.872819991,109581.321354418)
(-467104.082144309,477643.443607218,-175400.340307099)
(-362025.853994592,180507.887920158,-219421.227531136)
(-246200.785650796,82669.0571698968,-237222.634784907)
(-124524.74972725,32164.2568152783,-244238.68817379)
(0,0,0)
(0,0,0)
(0,0,0)
(0,0,0)
(0,0,0)
(0,0,0)
(-306428.873825758,-31998.3775400969,4951.53082574393)
(-308281.453719243,-31172.9230833833,12750.361480248)
(-313038.781173878,-28836.8356816787,28611.9197390154)
(-324387.280144168,-23355.3369728969,65338.4243398186)
(-354423.730713981,-11673.4251751042,161972.589419349)
(-449825.887821148,8315.82174868037,471819.926346988)
(-830141.700312861,-480.979853956115,-472596.701612101)
(-475534.803233497,28110.4198953911,-317284.936702006)
(-294542.879403619,18836.1910870903,-287735.634548993)
(-142573.662973964,7757.91508447054,-276422.836569747)
(0,0,0)
(0,0,0)
(0,0,0)
(0,0,0)
(0,0,0)
(0,0,0)
(-291324.819028672,-55033.1459309541,5835.86611340552)
(-293527.34439151,-54959.4144430404,15154.9091222284)
(-299281.595562053,-54778.5362183237,34143.7080554844)
(-312948.38218899,-54564.6580938884,77071.0240411247)
(-348093.718334438,-54732.1305455129,181975.838992201)
(-451997.452079357,-52856.2254499257,462953.092704832)
(-812354.796645253,-226.126399636828,-444012.709912947)
(-488335.754184187,-45160.8210837367,-326546.188016318)
(-304816.647374324,-38429.8137883244,-298755.252553594)
(-146978.132261544,-20358.607091562,-284099.782761974)
(0,0,0)
(0,0,0)
(0,0,0)
(0,0,0)
(0,0,0)
(0,0,0)
(-264844.418391728,-84765.0656002563,5963.86162204035)
(-267129.34305432,-85536.9785305138,15421.0357831433)
(-273164.101000333,-87760.9651881382,34398.9209206229)
(-287414.551986961,-93939.0962598412,76891.0687504654)
(-323681.593520689,-113538.067992769,183812.604496311)
(-432146.638372798,-188877.096482296,515526.880734232)
(-844461.191830845,-546883.829274689,-488914.248461223)
(-472650.238877996,-230701.706141387,-319759.285521405)
(-287060.556107875,-121192.718777314,-280598.604689011)
(-137061.584001499,-53481.9218052036,-263606.544574256)
(0,0,0)
(0,0,0)
(0,0,0)
(0,0,0)
(0,0,0)
(0,0,0)
(-223097.16510506,-118128.071123716,5225.99470433122)
(-225160.596275171,-119613.929845723,13269.6023288117)
(-230574.299898139,-123506.923352369,28295.7068640424)
(-242784.006746869,-132702.641814181,57282.051310443)
(-270343.421228286,-154809.910421761,108423.532146484)
(-332104.374533283,-208530.532034151,157472.536060684)
(-446453.651153223,-316997.826596232,-172745.669350294)
(-336218.657617123,-224943.719292497,-210219.284128146)
(-220363.645753985,-140151.584362924,-212794.351911503)
(-108583.658926131,-66639.8775134318,-209936.077299514)
(0,0,0)
(0,0,0)
(0,0,0)
(0,0,0)
(0,0,0)
(0,0,0)
(-163578.433470062,-148741.757634484,3837.41702868009)
(-165111.491046315,-150658.334874848,9485.121710575)
(-169094.348079318,-155372.959246286,19194.4972125277)
(-177666.359682059,-165227.220705231,35169.1827632917)
(-194959.383499677,-184514.635735163,54662.9216075682)
(-225870.646395481,-218073.536922904,48935.69534161)
(-260639.349303583,-255193.206518766,-80722.2232874648)
(-213663.852225727,-208550.840450752,-125354.64426778)
(-146272.115667891,-141424.410522754,-139139.13730005)
(-73833.9994453163,-70714.7127698561,-143059.65286502)
(0,0,0)
(0,0,0)
(0,0,0)
(0,0,0)
(0,0,0)
(0,0,0)
(-87161.8106005219,-167708.894207826,2019.82510204216)
(-87969.8006191926,-169773.97631988,4858.11777252093)
(-90043.4908222202,-174662.389571677,9385.5483057709)
(-94301.7079763975,-184054.333963967,15840.8413900613)
(-102126.932292073,-199818.839906003,21045.1904040452)
(-113827.545459765,-220769.933219802,11740.1984772697)
(-122280.486976605,-232443.643054117,-34134.7821629597)
(-103494.312496358,-198262.643007335,-58181.6456706574)
(-72715.9492949288,-140104.374860539,-68286.8372369931)
(-37276.1722987614,-71942.1918054709,-72106.3529151514)
(0,0,0)
(0,0,0)
(0,0,0)
(0,0,0)
(0,0,0)
(0,0,0)
(0,0,0)
(0,0,0)
(0,0,0)
(0,0,0)
(0,0,0)
(0,0,0)
(0,0,0)
(0,0,0)
(0,0,0)
(0,0,0)
(0,0,0)
(0,0,0)
(0,0,0)
(0,0,0)
(0,0,0)
(0,0,0)
(0,0,0)
(0,0,0)
(0,0,0)
(0,0,0)
(0,0,0)
(0,0,0)
(0,0,0)
(0,0,0)
(0,0,0)
(0,0,0)
(0,0,0)
(0,0,0)
(0,0,0)
(0,0,0)
(0,0,0)
(0,0,0)
(0,0,0)
(0,0,0)
(0,0,0)
(0,0,0)
(0,0,0)
(0,0,0)
(0,0,0)
(0,0,0)
(0,0,0)
(0,0,0)
(0,0,0)
(0,0,0)
(0,0,0)
(0,0,0)
(0,0,0)
(0,0,0)
(0,0,0)
(0,0,0)
(0,0,0)
(0,0,0)
(0,0,0)
(0,0,0)
(0,0,0)
(0,0,0)
(0,0,0)
(0,0,0)
(0,0,0)
(0,0,0)
(0,0,0)
(0,0,0)
(0,0,0)
(0,0,0)
(0,0,0)
(0,0,0)
(0,0,0)
(0,0,0)
(0,0,0)
(0,0,0)
(0,0,0)
(0,0,0)
(0,0,0)
(0,0,0)
(0,0,0)
(0,0,0)
(0,0,0)
(0,0,0)
(0,0,0)
(0,0,0)
(0,0,0)
(0,0,0)
(0,0,0)
(0,0,0)
(0,0,0)
(0,0,0)
(0,0,0)
(0,0,0)
(0,0,0)
(0,0,0)
(0,0,0)
(0,0,0)
(0,0,0)
(0,0,0)
(0,0,0)
(0,0,0)
(-317565.171240555,-361.406547861983,250.170691119116)
(-317533.774112387,22.4969207854518,105.709528325241)
(-317384.147208797,1000.5358317482,-1008.6866135716)
(-316009.566254637,3021.41472338846,-4162.33374378808)
(-311570.033306933,6616.82075465513,-11117.9073290701)
(-300327.860676165,11818.8570551577,-24123.9395161464)
(-276031.065365348,16302.7733863249,-43562.0694502656)
(-232361.425708761,14834.5169005633,-63642.7836998415)
(-168798.06606541,10273.4815844748,-79940.2408513343)
(-88999.4733817909,5066.63877429675,-89142.3271400485)
(0,0,0)
(0,0,0)
(0,0,0)
(0,0,0)
(0,0,0)
(0,0,0)
(-317171.42885055,-1435.60249397384,610.784427494047)
(-317605.091170506,-722.199401964001,1046.16567152981)
(-318450.518947208,1194.84327877405,963.840948580061)
(-319110.362830427,5358.0976869625,-574.452803606821)
(-318283.120393672,13455.0506415978,-5938.21138502086)
(-312214.710261047,26590.144344468,-19678.1755297865)
(-292368.089940303,39730.5034524368,-45061.1391397369)
(-247197.151028097,33956.3096423383,-68197.4022702709)
(-179059.463945549,22153.1259409819,-85128.2545563541)
(-94036.658887783,10507.3235995021,-94175.1751529484)
(0,0,0)
(0,0,0)
(0,0,0)
(0,0,0)
(0,0,0)
(0,0,0)
(-315530.529430339,-4084.75644499844,1328.74975449731)
(-316788.364811199,-3156.50221620427,2940.73729476066)
(-319614.4656838,-575.29194883679,5116.02247233874)
(-324529.01017641,5409.64847015647,7536.54768154186)
(-331867.123838688,18504.3612800132,7162.06918618718)
(-338922.689226958,43718.9987988369,-6621.09235002817)
(-332184.552770175,76478.5481462036,-50923.5406496451)
(-281192.370424441,57189.1053647086,-80031.3977046745)
(-201180.878409021,33666.8833433906,-96772.4168774412)
(-104494.129438554,14978.7086448092,-104620.443686728)
(0,0,0)
(0,0,0)
(0,0,0)
(0,0,0)
(0,0,0)
(0,0,0)
(-311020.672589871,-9185.44576586722,2262.59322552146)
(-313285.779819938,-8305.66224658747,5513.64171107675)
(-318783.039763598,-5822.5505094756,11135.9939934273)
(-329862.403941195,239.241071275876,20631.5923575997)
(-350409.02420715,14868.9090627823,32338.7041370159)
(-382714.893749954,49051.4979430341,26087.7943947152)
(-408768.903877063,114509.310948619,-70278.1466749344)
(-338484.374895241,66937.9283779445,-103568.448787519)
(-234918.040447935,34302.0201145359,-115486.33076154)
(-119520.734333027,14114.414272797,-119626.05178375)
(0,0,0)
(0,0,0)
(0,0,0)
(0,0,0)
(0,0,0)
(0,0,0)
(-301382.247573252,-17390.821893346,3158.74987497625)
(-304586.622092822,-16874.1434559566,8032.39945792325)
(-312638.587701507,-15459.1046553631,17268.7601314449)
(-329909.148861849,-12257.185256279,35287.055176678)
(-365178.308137547,-5623.25673245192,66533.7983954775)
(-431701.884781933,5924.8131411715,91536.4801581288)
(-523271.689771562,17083.6875173477,-117907.906951922)
(-405433.731975576,15156.5847603401,-136227.634592211)
(-269269.300939474,8473.9960887656,-135673.18903059)
(-133681.527516324,3308.04576290332,-133758.955978331)
(0,0,0)
(0,0,0)
(0,0,0)
(0,0,0)
(0,0,0)
(0,0,0)
(-283513.994527493,-28902.532495944,3700.88610142086)
(-287272.159531248,-28904.0126617249,9475.57044692949)
(-296813.330740909,-28961.203741342,20509.4047117603)
(-317355.807663043,-29290.3560587596,41950.0009882928)
(-359334.775099151,-30519.6584734533,78087.4594940097)
(-437486.000986521,-33145.7388443074,102646.560386646)
(-540261.345394014,-32478.2359561975,-119884.967391048)
(-420523.758577803,-29607.1293072423,-142933.248929845)
(-277701.740101386,-20760.9762939739,-140813.183820056)
(-136982.073180759,-10469.4084848394,-137031.788653104)
(0,0,0)
(0,0,0)
(0,0,0)
(0,0,0)
(0,0,0)
(0,0,0)
(-254264.984444458,-43197.066099627,3715.09965640895)
(-258024.061248895,-43744.5000864404,9450.30527570278)
(-267542.683111183,-45316.0046134025,20183.6882586121)
(-287802.464869607,-49411.1160100315,40692.3610925289)
(-328628.131168229,-60305.1055553738,75424.3458219859)
(-404210.410273516,-88941.7982555294,103284.177133915)
(-507659.274617596,-148996.445603873,-116999.530431631)
(-390790.84456359,-94400.827304484,-134065.226748799)
(-256829.060622451,-54583.7050590285,-130473.993469167)
(-126457.713553791,-25061.3833563167,-126485.889045402)
(0,0,0)
(0,0,0)
(0,0,0)
(0,0,0)
(0,0,0)
(0,0,0)
(-210896.655819211,-58572.5941751327,3175.01878965292)
(-214109.953620594,-59528.9572195107,7908.83326814945)
(-222091.871835738,-62005.5545596848,16115.9551520361)
(-238296.515440017,-67554.2522344692,29771.600069623)
(-268209.24325229,-79427.8762925074,46760.1928307678)
(-315150.934551444,-102360.016758591,43224.9713519895)
(-358520.919817298,-131296.346993303,-62407.8585945003)
(-296215.939355231,-102547.586857127,-94263.8173037317)
(-202094.033111762,-66193.1740309963,-100923.960974003)
(-101267.788789792,-31992.3068503477,-101308.907616306)
(0,0,0)
(0,0,0)
(0,0,0)
(0,0,0)
(0,0,0)
(0,0,0)
(-152273.508305146,-72157.1391929818,2279.61985292885)
(-154559.690432391,-73314.5935226397,5513.45554213504)
(-160104.323750374,-76117.4542187876,10635.3308722943)
(-170784.014163676,-81689.4278348686,17888.1609543084)
(-188765.699776695,-91545.2631680933,23811.8641069154)
(-212729.888258201,-105963.711608503,14274.8008195496)
(-227132.566452372,-116857.018269121,-33671.3107558441)
(-193525.105026287,-98453.5626920262,-57904.0821203879)
(-135738.368689243,-67953.6464216361,-66677.3567083959)
(-69119.8727849325,-34211.8143996808,-69171.9758194465)
(0,0,0)
(0,0,0)
(0,0,0)
(0,0,0)
(0,0,0)
(0,0,0)
(-80191.4543378933,-80322.7338538635,1195.23839825349)
(-81360.0883128825,-81534.1552848576,2805.08785416243)
(-84162.8197586131,-84354.861218359,5161.82379012477)
(-89325.4641952105,-89552.6278480312,8048.78002210078)
(-97428.7572248642,-97570.4285881491,9375.77037494841)
(-106885.471369396,-106884.903191183,3354.88786726169)
(-110300.110457054,-110189.1224539,-15293.3844675078)
(-95028.7267685961,-94843.8924329654,-27368.6404543327)
(-67678.4658217273,-67507.6010451241,-32852.1693040467)
(-34807.3161290688,-34730.3586056995,-34802.4812677209)
(0,0,0)
(0,0,0)
(0,0,0)
(0,0,0)
(0,0,0)
(0,0,0)
(0,0,0)
(0,0,0)
(0,0,0)
(0,0,0)
(0,0,0)
(0,0,0)
(0,0,0)
(0,0,0)
(0,0,0)
(0,0,0)
(0,0,0)
(0,0,0)
(0,0,0)
(0,0,0)
(0,0,0)
(0,0,0)
(0,0,0)
(0,0,0)
(0,0,0)
(0,0,0)
(0,0,0)
(0,0,0)
(0,0,0)
(0,0,0)
(0,0,0)
(0,0,0)
(0,0,0)
(0,0,0)
(0,0,0)
(0,0,0)
(0,0,0)
(0,0,0)
(0,0,0)
(0,0,0)
(0,0,0)
(0,0,0)
(0,0,0)
(0,0,0)
(0,0,0)
(0,0,0)
(0,0,0)
(0,0,0)
(0,0,0)
(0,0,0)
(0,0,0)
(0,0,0)
(0,0,0)
(0,0,0)
(0,0,0)
(0,0,0)
(0,0,0)
(0,0,0)
(0,0,0)
(0,0,0)
(0,0,0)
(0,0,0)
(0,0,0)
(0,0,0)
(0,0,0)
(0,0,0)
(0,0,0)
(0,0,0)
(0,0,0)
(0,0,0)
(0,0,0)
(0,0,0)
(0,0,0)
(0,0,0)
(0,0,0)
(0,0,0)
(0,0,0)
(0,0,0)
(0,0,0)
(0,0,0)
(0,0,0)
(0,0,0)
(0,0,0)
(0,0,0)
(0,0,0)
(0,0,0)
(0,0,0)
(0,0,0)
(0,0,0)
(0,0,0)
(0,0,0)
(0,0,0)
(0,0,0)
(0,0,0)
(0,0,0)
(0,0,0)
(0,0,0)
(0,0,0)
(0,0,0)
(0,0,0)
(0,0,0)
(0,0,0)
(0,0,0)
(0,0,0)
(0,0,0)
(0,0,0)
(0,0,0)
(0,0,0)
(0,0,0)
(0,0,0)
(0,0,0)
(0,0,0)
(0,0,0)
(0,0,0)
(0,0,0)
(0,0,0)
(0,0,0)
(0,0,0)
(0,0,0)
(0,0,0)
(0,0,0)
(0,0,0)
(0,0,0)
(0,0,0)
(0,0,0)
(0,0,0)
(0,0,0)
(0,0,0)
(0,0,0)
(0,0,0)
(0,0,0)
(0,0,0)
(0,0,0)
(0,0,0)
(0,0,0)
(0,0,0)
(0,0,0)
(0,0,0)
(0,0,0)
(0,0,0)
(0,0,0)
(0,0,0)
(0,0,0)
(0,0,0)
(0,0,0)
(0,0,0)
(0,0,0)
(0,0,0)
(0,0,0)
(0,0,0)
(0,0,0)
(0,0,0)
(0,0,0)
(0,0,0)
(0,0,0)
(0,0,0)
(0,0,0)
(0,0,0)
(0,0,0)
(0,0,0)
(0,0,0)
(0,0,0)
(0,0,0)
(0,0,0)
(0,0,0)
(0,0,0)
(0,0,0)
(0,0,0)
(0,0,0)
(0,0,0)
(0,0,0)
(0,0,0)
(0,0,0)
(0,0,0)
(0,0,0)
(0,0,0)
(0,0,0)
(0,0,0)
(0,0,0)
(0,0,0)
(0,0,0)
(0,0,0)
(0,0,0)
(0,0,0)
(0,0,0)
(0,0,0)
(0,0,0)
(0,0,0)
(0,0,0)
(0,0,0)
(0,0,0)
(0,0,0)
(0,0,0)
(0,0,0)
(0,0,0)
(0,0,0)
(0,0,0)
(0,0,0)
(0,0,0)
(0,0,0)
(0,0,0)
(0,0,0)
(0,0,0)
(0,0,0)
(0,0,0)
(0,0,0)
(0,0,0)
(0,0,0)
(0,0,0)
(0,0,0)
(0,0,0)
(0,0,0)
(0,0,0)
(0,0,0)
(0,0,0)
(0,0,0)
(0,0,0)
(0,0,0)
(0,0,0)
(0,0,0)
(0,0,0)
(0,0,0)
(0,0,0)
(0,0,0)
(0,0,0)
(0,0,0)
(0,0,0)
(0,0,0)
(0,0,0)
(0,0,0)
(0,0,0)
(0,0,0)
(0,0,0)
(0,0,0)
(0,0,0)
(0,0,0)
(0,0,0)
(0,0,0)
(0,0,0)
(0,0,0)
(0,0,0)
(0,0,0)
(0,0,0)
(0,0,0)
(0,0,0)
(0,0,0)
(0,0,0)
(0,0,0)
(0,0,0)
(0,0,0)
(0,0,0)
(0,0,0)
(0,0,0)
(0,0,0)
(0,0,0)
(0,0,0)
(0,0,0)
(0,0,0)
(0,0,0)
(0,0,0)
(0,0,0)
(0,0,0)
(0,0,0)
(0,0,0)
(0,0,0)
(0,0,0)
(0,0,0)
(0,0,0)
(0,0,0)
(0,0,0)
(0,0,0)
(0,0,0)
(0,0,0)
(0,0,0)
(0,0,0)
(0,0,0)
(0,0,0)
(0,0,0)
(0,0,0)
(0,0,0)
(0,0,0)
(0,0,0)
(0,0,0)
(0,0,0)
(0,0,0)
(0,0,0)
(0,0,0)
(0,0,0)
(0,0,0)
(0,0,0)
(0,0,0)
(0,0,0)
(0,0,0)
(0,0,0)
(0,0,0)
(0,0,0)
(0,0,0)
(0,0,0)
(0,0,0)
(0,0,0)
(0,0,0)
(0,0,0)
(0,0,0)
(0,0,0)
(0,0,0)
(0,0,0)
(0,0,0)
(0,0,0)
(0,0,0)
(0,0,0)
(0,0,0)
(0,0,0)
(0,0,0)
(0,0,0)
(0,0,0)
(0,0,0)
(0,0,0)
(0,0,0)
(0,0,0)
(0,0,0)
(0,0,0)
(0,0,0)
(0,0,0)
(0,0,0)
(0,0,0)
(0,0,0)
(0,0,0)
(0,0,0)
(0,0,0)
(0,0,0)
(0,0,0)
(0,0,0)
(0,0,0)
(0,0,0)
(0,0,0)
(0,0,0)
(0,0,0)
(0,0,0)
(0,0,0)
(0,0,0)
(0,0,0)
(0,0,0)
(0,0,0)
(0,0,0)
(0,0,0)
(0,0,0)
(0,0,0)
(0,0,0)
(0,0,0)
(0,0,0)
(0,0,0)
(0,0,0)
(0,0,0)
(0,0,0)
(0,0,0)
(0,0,0)
(0,0,0)
(0,0,0)
(0,0,0)
(0,0,0)
(0,0,0)
(0,0,0)
(0,0,0)
(0,0,0)
(0,0,0)
(0,0,0)
(0,0,0)
(0,0,0)
(0,0,0)
(0,0,0)
(0,0,0)
(0,0,0)
(0,0,0)
(0,0,0)
(0,0,0)
(0,0,0)
(0,0,0)
(0,0,0)
(0,0,0)
(0,0,0)
(0,0,0)
(0,0,0)
(0,0,0)
(0,0,0)
(0,0,0)
(0,0,0)
(0,0,0)
(0,0,0)
(0,0,0)
(0,0,0)
(0,0,0)
(0,0,0)
(0,0,0)
(0,0,0)
(0,0,0)
(0,0,0)
(0,0,0)
(0,0,0)
(0,0,0)
(0,0,0)
(0,0,0)
(0,0,0)
(0,0,0)
(0,0,0)
(0,0,0)
(0,0,0)
(0,0,0)
(0,0,0)
(0,0,0)
(0,0,0)
(0,0,0)
(0,0,0)
(0,0,0)
(0,0,0)
(0,0,0)
(0,0,0)
(0,0,0)
(0,0,0)
(0,0,0)
(0,0,0)
(0,0,0)
(0,0,0)
(0,0,0)
(0,0,0)
(0,0,0)
(0,0,0)
(0,0,0)
(0,0,0)
(0,0,0)
(0,0,0)
(0,0,0)
(0,0,0)
(0,0,0)
(0,0,0)
(0,0,0)
(0,0,0)
(0,0,0)
(0,0,0)
(0,0,0)
(0,0,0)
(0,0,0)
(0,0,0)
(0,0,0)
(0,0,0)
(0,0,0)
(0,0,0)
(0,0,0)
(0,0,0)
(0,0,0)
(0,0,0)
(0,0,0)
(0,0,0)
(0,0,0)
(0,0,0)
(0,0,0)
(0,0,0)
(0,0,0)
(0,0,0)
(0,0,0)
(0,0,0)
(0,0,0)
(0,0,0)
(0,0,0)
(0,0,0)
(0,0,0)
(0,0,0)
(0,0,0)
(0,0,0)
(0,0,0)
(0,0,0)
(0,0,0)
(0,0,0)
(0,0,0)
(0,0,0)
(0,0,0)
(0,0,0)
(0,0,0)
(0,0,0)
(0,0,0)
(0,0,0)
(0,0,0)
(0,0,0)
(0,0,0)
(0,0,0)
(0,0,0)
(0,0,0)
(0,0,0)
(0,0,0)
(0,0,0)
(0,0,0)
(0,0,0)
(0,0,0)
(0,0,0)
(0,0,0)
(0,0,0)
(0,0,0)
(0,0,0)
(0,0,0)
(0,0,0)
(0,0,0)
(0,0,0)
(0,0,0)
(0,0,0)
(0,0,0)
(0,0,0)
(0,0,0)
(0,0,0)
(0,0,0)
(0,0,0)
(0,0,0)
(0,0,0)
(0,0,0)
(0,0,0)
(0,0,0)
(0,0,0)
(0,0,0)
(0,0,0)
(0,0,0)
(0,0,0)
(0,0,0)
(0,0,0)
(0,0,0)
(0,0,0)
(0,0,0)
(0,0,0)
(0,0,0)
(0,0,0)
(0,0,0)
(0,0,0)
(0,0,0)
(0,0,0)
(0,0,0)
(0,0,0)
(0,0,0)
(0,0,0)
(0,0,0)
(0,0,0)
(0,0,0)
(0,0,0)
(0,0,0)
(0,0,0)
(0,0,0)
(0,0,0)
(0,0,0)
(0,0,0)
(0,0,0)
(0,0,0)
(0,0,0)
(0,0,0)
(0,0,0)
(0,0,0)
(0,0,0)
(0,0,0)
(0,0,0)
(0,0,0)
(0,0,0)
(0,0,0)
(0,0,0)
(0,0,0)
(0,0,0)
(0,0,0)
(0,0,0)
(0,0,0)
(0,0,0)
(0,0,0)
(0,0,0)
(0,0,0)
(0,0,0)
(0,0,0)
(0,0,0)
(0,0,0)
(0,0,0)
(0,0,0)
(0,0,0)
(0,0,0)
(0,0,0)
(0,0,0)
(0,0,0)
(0,0,0)
(0,0,0)
(0,0,0)
(0,0,0)
(0,0,0)
(0,0,0)
(0,0,0)
(0,0,0)
(0,0,0)
(0,0,0)
(0,0,0)
(0,0,0)
(0,0,0)
(0,0,0)
(0,0,0)
(0,0,0)
(0,0,0)
(0,0,0)
(0,0,0)
(0,0,0)
(0,0,0)
(0,0,0)
(0,0,0)
(0,0,0)
(0,0,0)
(0,0,0)
(0,0,0)
(0,0,0)
(0,0,0)
(0,0,0)
(0,0,0)
(0,0,0)
(0,0,0)
(0,0,0)
(0,0,0)
(0,0,0)
(0,0,0)
(0,0,0)
(0,0,0)
(0,0,0)
(0,0,0)
(0,0,0)
(0,0,0)
(0,0,0)
(0,0,0)
(0,0,0)
(0,0,0)
(0,0,0)
(0,0,0)
(0,0,0)
(0,0,0)
(0,0,0)
(0,0,0)
(0,0,0)
(0,0,0)
(0,0,0)
(0,0,0)
(0,0,0)
(0,0,0)
(0,0,0)
(0,0,0)
(0,0,0)
(0,0,0)
(0,0,0)
(0,0,0)
(0,0,0)
(0,0,0)
(0,0,0)
(0,0,0)
(0,0,0)
(0,0,0)
(0,0,0)
(0,0,0)
(0,0,0)
(0,0,0)
(0,0,0)
(0,0,0)
(0,0,0)
(0,0,0)
(0,0,0)
(0,0,0)
(0,0,0)
(0,0,0)
(0,0,0)
(0,0,0)
(0,0,0)
(0,0,0)
(0,0,0)
(0,0,0)
(0,0,0)
(0,0,0)
(0,0,0)
(0,0,0)
(0,0,0)
(0,0,0)
(0,0,0)
(0,0,0)
(0,0,0)
(0,0,0)
(0,0,0)
(0,0,0)
(0,0,0)
(0,0,0)
(0,0,0)
(0,0,0)
(0,0,0)
(0,0,0)
(0,0,0)
(0,0,0)
(0,0,0)
(0,0,0)
(0,0,0)
(0,0,0)
(0,0,0)
(0,0,0)
(0,0,0)
(0,0,0)
(0,0,0)
(0,0,0)
(0,0,0)
(0,0,0)
(0,0,0)
(0,0,0)
(0,0,0)
(0,0,0)
(0,0,0)
(0,0,0)
(0,0,0)
(0,0,0)
(0,0,0)
(0,0,0)
(0,0,0)
(0,0,0)
(0,0,0)
(0,0,0)
(0,0,0)
(0,0,0)
(0,0,0)
(0,0,0)
(0,0,0)
(0,0,0)
(0,0,0)
(0,0,0)
(0,0,0)
(0,0,0)
(0,0,0)
(0,0,0)
(0,0,0)
(0,0,0)
(0,0,0)
(0,0,0)
(0,0,0)
(0,0,0)
(0,0,0)
(0,0,0)
(0,0,0)
(0,0,0)
(0,0,0)
(0,0,0)
(0,0,0)
(0,0,0)
(0,0,0)
(0,0,0)
(0,0,0)
(0,0,0)
(0,0,0)
(0,0,0)
(0,0,0)
(0,0,0)
(0,0,0)
(0,0,0)
(0,0,0)
(0,0,0)
(0,0,0)
(0,0,0)
(0,0,0)
(0,0,0)
(0,0,0)
(0,0,0)
(0,0,0)
(0,0,0)
(0,0,0)
(0,0,0)
(0,0,0)
(0,0,0)
(0,0,0)
(0,0,0)
(0,0,0)
(0,0,0)
(0,0,0)
(0,0,0)
(0,0,0)
(0,0,0)
(0,0,0)
(0,0,0)
(0,0,0)
(0,0,0)
(0,0,0)
(0,0,0)
(0,0,0)
(0,0,0)
(0,0,0)
(0,0,0)
(0,0,0)
(0,0,0)
(0,0,0)
(0,0,0)
(0,0,0)
(0,0,0)
(0,0,0)
(0,0,0)
(0,0,0)
(0,0,0)
(0,0,0)
(0,0,0)
(0,0,0)
(0,0,0)
(0,0,0)
(0,0,0)
(0,0,0)
(0,0,0)
(0,0,0)
(0,0,0)
(0,0,0)
(0,0,0)
(0,0,0)
(0,0,0)
(0,0,0)
(0,0,0)
(0,0,0)
(0,0,0)
(0,0,0)
(0,0,0)
(0,0,0)
(0,0,0)
(0,0,0)
(0,0,0)
(0,0,0)
(0,0,0)
(0,0,0)
(0,0,0)
)
;

boundaryField
{
    fuel
    {
        type            fixedValue;
        value           uniform (0.1 0 0);
    }
    air
    {
        type            fixedValue;
        value           uniform (-0.1 0 0);
    }
    outlet
    {
        type            zeroGradient;
    }
    frontAndBack
    {
        type            empty;
    }
}


// ************************************************************************* //
 