/*--------------------------------*- C++ -*----------------------------------*\
| =========                 |                                                 |
| \\      /  F ield         | foam-extend: Open Source CFD                    |
|  \\    /   O peration     | Version:     4.0                                |
|   \\  /    A nd           | Web:         http://www.foam-extend.org         |
|    \\/     M anipulation  |                                                 |
\*---------------------------------------------------------------------------*/
FoamFile
{
    version 2.0;
    format ascii;
    class volVectorField;
    location "1818";
    object      H;
}
// * * * * * * * * * * * * * * * * * * * * * * * * * * * * * * * * * * * * * //

dimensions      [0 1 -1 0 0 0 0];

internalField   nonuniform List<vector>
4096
(
(0,0,0)
(0,0,0)
(0,0,0)
(0,0,0)
(0,0,0)
(0,0,0)
(0,0,0)
(0,0,0)
(0,0,0)
(0,0,0)
(0,0,0)
(0,0,0)
(0,0,0)
(0,0,0)
(0,0,0)
(0,0,0)
(0,0,0)
(0,0,0)
(0,0,0)
(0,0,0)
(0,0,0)
(0,0,0)
(0,0,0)
(0,0,0)
(0,0,0)
(0,0,0)
(0,0,0)
(0,0,0)
(0,0,0)
(0,0,0)
(0,0,0)
(0,0,0)
(0,0,0)
(0,0,0)
(0,0,0)
(0,0,0)
(0,0,0)
(0,0,0)
(0,0,0)
(0,0,0)
(0,0,0)
(0,0,0)
(0,0,0)
(0,0,0)
(0,0,0)
(0,0,0)
(0,0,0)
(0,0,0)
(0,0,0)
(0,0,0)
(0,0,0)
(0,0,0)
(0,0,0)
(0,0,0)
(0,0,0)
(0,0,0)
(0,0,0)
(0,0,0)
(0,0,0)
(0,0,0)
(0,0,0)
(0,0,0)
(0,0,0)
(0,0,0)
(0,0,0)
(0,0,0)
(0,0,0)
(0,0,0)
(0,0,0)
(0,0,0)
(0,0,0)
(0,0,0)
(0,0,0)
(0,0,0)
(0,0,0)
(0,0,0)
(0,0,0)
(0,0,0)
(0,0,0)
(0,0,0)
(0,0,0)
(0,0,0)
(0,0,0)
(0,0,0)
(0,0,0)
(0,0,0)
(0,0,0)
(0,0,0)
(0,0,0)
(0,0,0)
(0,0,0)
(0,0,0)
(0,0,0)
(0,0,0)
(0,0,0)
(0,0,0)
(0,0,0)
(0,0,0)
(0,0,0)
(0,0,0)
(0,0,0)
(0,0,0)
(0,0,0)
(0,0,0)
(0,0,0)
(0,0,0)
(0,0,0)
(0,0,0)
(0,0,0)
(0,0,0)
(0,0,0)
(0,0,0)
(0,0,0)
(0,0,0)
(0,0,0)
(0,0,0)
(0,0,0)
(0,0,0)
(0,0,0)
(0,0,0)
(0,0,0)
(0,0,0)
(0,0,0)
(0,0,0)
(0,0,0)
(0,0,0)
(0,0,0)
(0,0,0)
(0,0,0)
(0,0,0)
(0,0,0)
(0,0,0)
(0,0,0)
(0,0,0)
(0,0,0)
(0,0,0)
(0,0,0)
(0,0,0)
(0,0,0)
(0,0,0)
(0,0,0)
(0,0,0)
(0,0,0)
(0,0,0)
(0,0,0)
(0,0,0)
(0,0,0)
(0,0,0)
(0,0,0)
(0,0,0)
(0,0,0)
(0,0,0)
(0,0,0)
(0,0,0)
(0,0,0)
(0,0,0)
(0,0,0)
(0,0,0)
(0,0,0)
(0,0,0)
(0,0,0)
(0,0,0)
(0,0,0)
(0,0,0)
(0,0,0)
(0,0,0)
(0,0,0)
(0,0,0)
(0,0,0)
(0,0,0)
(0,0,0)
(0,0,0)
(0,0,0)
(0,0,0)
(0,0,0)
(0,0,0)
(0,0,0)
(0,0,0)
(0,0,0)
(0,0,0)
(0,0,0)
(0,0,0)
(0,0,0)
(0,0,0)
(0,0,0)
(0,0,0)
(0,0,0)
(0,0,0)
(0,0,0)
(0,0,0)
(0,0,0)
(0,0,0)
(0,0,0)
(0,0,0)
(0,0,0)
(0,0,0)
(0,0,0)
(0,0,0)
(0,0,0)
(0,0,0)
(0,0,0)
(0,0,0)
(0,0,0)
(0,0,0)
(0,0,0)
(0,0,0)
(0,0,0)
(0,0,0)
(0,0,0)
(0,0,0)
(0,0,0)
(0,0,0)
(0,0,0)
(0,0,0)
(0,0,0)
(0,0,0)
(0,0,0)
(0,0,0)
(0,0,0)
(0,0,0)
(0,0,0)
(0,0,0)
(0,0,0)
(0,0,0)
(0,0,0)
(0,0,0)
(0,0,0)
(0,0,0)
(0,0,0)
(0,0,0)
(0,0,0)
(0,0,0)
(0,0,0)
(0,0,0)
(0,0,0)
(0,0,0)
(0,0,0)
(0,0,0)
(0,0,0)
(0,0,0)
(0,0,0)
(0,0,0)
(0,0,0)
(0,0,0)
(0,0,0)
(0,0,0)
(0,0,0)
(0,0,0)
(0,0,0)
(0,0,0)
(0,0,0)
(0,0,0)
(0,0,0)
(0,0,0)
(0,0,0)
(0,0,0)
(0,0,0)
(0,0,0)
(0,0,0)
(0,0,0)
(0,0,0)
(0,0,0)
(0,0,0)
(0,0,0)
(0,0,0)
(0,0,0)
(0,0,0)
(0,0,0)
(0,0,0)
(0,0,0)
(0,0,0)
(0,0,0)
(0,0,0)
(0,0,0)
(0,0,0)
(0,0,0)
(0,0,0)
(0,0,0)
(0,0,0)
(0,0,0)
(0,0,0)
(0,0,0)
(0,0,0)
(0,0,0)
(0,0,0)
(0,0,0)
(0,0,0)
(0,0,0)
(0,0,0)
(0,0,0)
(0,0,0)
(0,0,0)
(0,0,0)
(0,0,0)
(0,0,0)
(0,0,0)
(0,0,0)
(0,0,0)
(0,0,0)
(0,0,0)
(0,0,0)
(0,0,0)
(0,0,0)
(0,0,0)
(0,0,0)
(0,0,0)
(0,0,0)
(0,0,0)
(0,0,0)
(0,0,0)
(0,0,0)
(0,0,0)
(0,0,0)
(0,0,0)
(0,0,0)
(0,0,0)
(0,0,0)
(0,0,0)
(0,0,0)
(0,0,0)
(0,0,0)
(0,0,0)
(0,0,0)
(0,0,0)
(0,0,0)
(0,0,0)
(0,0,0)
(0,0,0)
(0,0,0)
(0,0,0)
(0,0,0)
(0,0,0)
(0,0,0)
(0,0,0)
(0,0,0)
(0,0,0)
(0,0,0)
(0,0,0)
(0,0,0)
(0,0,0)
(0,0,0)
(0,0,0)
(0,0,0)
(0,0,0)
(0,0,0)
(0,0,0)
(0,0,0)
(0,0,0)
(0,0,0)
(0,0,0)
(0,0,0)
(0,0,0)
(0,0,0)
(0,0,0)
(0,0,0)
(0,0,0)
(0,0,0)
(0,0,0)
(0,0,0)
(0,0,0)
(0,0,0)
(0,0,0)
(0,0,0)
(0,0,0)
(0,0,0)
(0,0,0)
(0,0,0)
(0,0,0)
(0,0,0)
(0,0,0)
(0,0,0)
(0,0,0)
(0,0,0)
(0,0,0)
(0,0,0)
(0,0,0)
(0,0,0)
(0,0,0)
(0,0,0)
(0,0,0)
(0,0,0)
(0,0,0)
(0,0,0)
(0,0,0)
(0,0,0)
(0,0,0)
(0,0,0)
(0,0,0)
(0,0,0)
(0,0,0)
(0,0,0)
(0,0,0)
(0,0,0)
(0,0,0)
(0,0,0)
(0,0,0)
(0,0,0)
(0,0,0)
(0,0,0)
(0,0,0)
(0,0,0)
(0,0,0)
(0,0,0)
(0,0,0)
(0,0,0)
(0,0,0)
(0,0,0)
(0,0,0)
(0,0,0)
(0,0,0)
(0,0,0)
(0,0,0)
(0,0,0)
(0,0,0)
(0,0,0)
(0,0,0)
(0,0,0)
(0,0,0)
(0,0,0)
(0,0,0)
(0,0,0)
(0,0,0)
(0,0,0)
(0,0,0)
(0,0,0)
(0,0,0)
(0,0,0)
(0,0,0)
(0,0,0)
(0,0,0)
(0,0,0)
(0,0,0)
(0,0,0)
(0,0,0)
(0,0,0)
(0,0,0)
(0,0,0)
(0,0,0)
(0,0,0)
(0,0,0)
(0,0,0)
(0,0,0)
(0,0,0)
(0,0,0)
(0,0,0)
(0,0,0)
(0,0,0)
(0,0,0)
(0,0,0)
(0,0,0)
(0,0,0)
(0,0,0)
(0,0,0)
(0,0,0)
(0,0,0)
(0,0,0)
(0,0,0)
(0,0,0)
(0,0,0)
(0,0,0)
(0,0,0)
(0,0,0)
(0,0,0)
(0,0,0)
(0,0,0)
(0,0,0)
(0,0,0)
(0,0,0)
(0,0,0)
(0,0,0)
(0,0,0)
(0,0,0)
(0,0,0)
(0,0,0)
(0,0,0)
(0,0,0)
(0,0,0)
(0,0,0)
(0,0,0)
(0,0,0)
(0,0,0)
(0,0,0)
(0,0,0)
(0,0,0)
(0,0,0)
(0,0,0)
(0,0,0)
(0,0,0)
(0,0,0)
(0,0,0)
(0,0,0)
(0,0,0)
(0,0,0)
(0,0,0)
(0,0,0)
(0,0,0)
(0,0,0)
(0,0,0)
(0,0,0)
(0,0,0)
(0,0,0)
(0,0,0)
(0,0,0)
(0,0,0)
(0,0,0)
(0,0,0)
(0,0,0)
(0,0,0)
(0,0,0)
(0,0,0)
(0,0,0)
(0,0,0)
(0,0,0)
(0,0,0)
(0,0,0)
(0,0,0)
(0,0,0)
(0,0,0)
(0,0,0)
(0,0,0)
(0,0,0)
(0,0,0)
(0,0,0)
(0,0,0)
(0,0,0)
(0,0,0)
(0,0,0)
(0,0,0)
(0,0,0)
(0,0,0)
(0,0,0)
(0,0,0)
(0,0,0)
(0,0,0)
(0,0,0)
(0,0,0)
(0,0,0)
(0,0,0)
(0,0,0)
(0,0,0)
(0,0,0)
(0,0,0)
(0,0,0)
(0,0,0)
(0,0,0)
(0,0,0)
(0,0,0)
(0,0,0)
(0,0,0)
(0,0,0)
(0,0,0)
(0,0,0)
(0,0,0)
(0,0,0)
(0,0,0)
(0,0,0)
(0,0,0)
(0,0,0)
(0,0,0)
(0,0,0)
(0,0,0)
(0,0,0)
(0,0,0)
(0,0,0)
(0,0,0)
(0,0,0)
(0,0,0)
(0,0,0)
(0,0,0)
(0,0,0)
(0,0,0)
(0,0,0)
(0,0,0)
(0,0,0)
(0,0,0)
(0,0,0)
(0,0,0)
(0,0,0)
(0,0,0)
(0,0,0)
(0,0,0)
(0,0,0)
(0,0,0)
(0,0,0)
(0,0,0)
(0,0,0)
(0,0,0)
(0,0,0)
(0,0,0)
(0,0,0)
(0,0,0)
(0,0,0)
(0,0,0)
(0,0,0)
(0,0,0)
(0,0,0)
(0,0,0)
(0,0,0)
(0,0,0)
(0,0,0)
(0,0,0)
(0,0,0)
(0,0,0)
(0,0,0)
(0,0,0)
(0,0,0)
(0,0,0)
(0,0,0)
(0,0,0)
(0,0,0)
(0,0,0)
(0,0,0)
(0,0,0)
(0,0,0)
(0,0,0)
(0,0,0)
(0,0,0)
(0,0,0)
(0,0,0)
(0,0,0)
(0,0,0)
(0,0,0)
(0,0,0)
(0,0,0)
(0,0,0)
(0,0,0)
(0,0,0)
(0,0,0)
(0,0,0)
(0,0,0)
(0,0,0)
(0,0,0)
(0,0,0)
(0,0,0)
(0,0,0)
(0,0,0)
(0,0,0)
(0,0,0)
(0,0,0)
(0,0,0)
(0,0,0)
(0,0,0)
(0,0,0)
(0,0,0)
(0,0,0)
(0,0,0)
(0,0,0)
(0,0,0)
(0,0,0)
(0,0,0)
(0,0,0)
(0,0,0)
(0,0,0)
(0,0,0)
(0,0,0)
(0,0,0)
(0,0,0)
(0,0,0)
(0,0,0)
(0,0,0)
(0,0,0)
(0,0,0)
(0,0,0)
(0,0,0)
(0,0,0)
(0,0,0)
(0,0,0)
(0,0,0)
(0,0,0)
(0,0,0)
(0,0,0)
(0,0,0)
(0,0,0)
(0,0,0)
(0,0,0)
(0,0,0)
(0,0,0)
(0,0,0)
(0,0,0)
(0,0,0)
(0,0,0)
(0,0,0)
(0,0,0)
(0,0,0)
(0,0,0)
(0,0,0)
(0,0,0)
(0,0,0)
(0,0,0)
(0,0,0)
(0,0,0)
(0,0,0)
(0,0,0)
(0,0,0)
(0,0,0)
(0,0,0)
(0,0,0)
(0,0,0)
(0,0,0)
(0,0,0)
(0,0,0)
(0,0,0)
(0,0,0)
(0,0,0)
(0,0,0)
(0,0,0)
(0,0,0)
(0,0,0)
(0,0,0)
(0,0,0)
(0,0,0)
(0,0,0)
(0,0,0)
(0,0,0)
(0,0,0)
(0,0,0)
(0,0,0)
(0,0,0)
(0,0,0)
(0,0,0)
(0,0,0)
(0,0,0)
(0,0,0)
(0,0,0)
(0,0,0)
(0,0,0)
(0,0,0)
(0,0,0)
(0,0,0)
(0,0,0)
(0,0,0)
(0,0,0)
(0,0,0)
(0,0,0)
(0,0,0)
(0,0,0)
(0,0,0)
(0,0,0)
(0,0,0)
(0,0,0)
(0,0,0)
(0,0,0)
(0,0,0)
(0,0,0)
(0,0,0)
(0,0,0)
(0,0,0)
(0,0,0)
(0,0,0)
(0,0,0)
(0,0,0)
(0,0,0)
(0,0,0)
(0,0,0)
(0,0,0)
(0,0,0)
(0,0,0)
(0,0,0)
(0,0,0)
(0,0,0)
(0,0,0)
(0,0,0)
(0,0,0)
(0,0,0)
(0,0,0)
(0,0,0)
(0,0,0)
(0,0,0)
(0,0,0)
(0,0,0)
(0,0,0)
(0,0,0)
(0,0,0)
(0,0,0)
(0,0,0)
(0,0,0)
(0,0,0)
(0,0,0)
(0,0,0)
(0,0,0)
(0,0,0)
(0,0,0)
(0,0,0)
(0,0,0)
(0,0,0)
(0,0,0)
(0,0,0)
(0,0,0)
(0,0,0)
(0,0,0)
(0,0,0)
(0,0,0)
(0,0,0)
(0,0,0)
(0,0,0)
(0,0,0)
(0,0,0)
(0,0,0)
(0,0,0)
(0,0,0)
(0,0,0)
(0,0,0)
(0,0,0)
(0,0,0)
(0,0,0)
(0,0,0)
(0,0,0)
(0,0,0)
(0,0,0)
(0,0,0)
(0,0,0)
(0,0,0)
(0,0,0)
(0,0,0)
(0,0,0)
(0,0,0)
(0,0,0)
(0,0,0)
(0,0,0)
(-1.82382680994042e-12,-1.19076324240538e-11,1.24510218650659e-11)
(-3.86626656559847e-12,-2.58888687428728e-11,1.19873042913673e-11)
(-5.26139374229059e-12,-4.43754621846498e-11,1.0950168524081e-11)
(-5.16447367646722e-12,-7.17929140263835e-11,9.48073150530436e-12)
(-3.66147334276152e-12,-1.14013928988847e-10,7.37107100990561e-12)
(-2.04692852603021e-12,-1.83006464280007e-10,4.76570683269297e-12)
(6.25832626676792e-13,-2.94803164030096e-10,2.12192193117868e-12)
(3.39257944354263e-12,-4.79490924855893e-10,5.91448449326291e-13)
(4.85722975965971e-12,-7.84797992965784e-10,3.06882302305049e-13)
(4.52901649412524e-12,-1.21271980109458e-09,4.09797478392456e-13)
(0,0,0)
(0,0,0)
(0,0,0)
(0,0,0)
(0,0,0)
(0,0,0)
(-3.29043236916409e-12,-1.15729664100427e-11,2.78911390073407e-11)
(-6.11728904345913e-12,-2.50682078444336e-11,2.69247271402463e-11)
(-7.89557542810687e-12,-4.31469945126449e-11,2.48368054823647e-11)
(-8.08271804891238e-12,-7.01673003507634e-11,2.16133932350871e-11)
(-6.66226876932881e-12,-1.1206742484133e-10,1.70628156177727e-11)
(-4.06152718336094e-12,-1.81134934398812e-10,1.20530540612733e-11)
(1.10209519101877e-13,-2.93433597054328e-10,7.35150504687179e-12)
(4.74974942272496e-12,-4.79020146372211e-10,4.44441580789482e-12)
(7.46170053815539e-12,-7.85032080337506e-10,2.67166880993236e-12)
(8.02512116519045e-12,-1.2131450558755e-09,1.30797696791938e-12)
(0,0,0)
(0,0,0)
(0,0,0)
(0,0,0)
(0,0,0)
(0,0,0)
(-3.56684504067135e-12,-1.05504947774977e-11,4.86551549502708e-11)
(-6.90774892114431e-12,-2.31109370648056e-11,4.74612329202666e-11)
(-8.86743306311606e-12,-4.01373878407719e-11,4.44450544849795e-11)
(-8.99836171212777e-12,-6.62645532262045e-11,3.97453299472786e-11)
(-8.19129372041637e-12,-1.07624761875385e-10,3.31804690590051e-11)
(-4.61435432532041e-12,-1.77000803946144e-10,2.58719604298244e-11)
(3.3205095615626e-13,-2.90968650038849e-10,1.84106094396207e-11)
(7.03742257716436e-12,-4.78066604068898e-10,1.28340132748946e-11)
(1.24925382363325e-11,-7.85090623519999e-10,8.53690151872194e-12)
(1.52440099151183e-11,-1.21366500457146e-09,4.325209157252e-12)
(0,0,0)
(0,0,0)
(0,0,0)
(0,0,0)
(0,0,0)
(0,0,0)
(-3.02819334579788e-12,-9.05047822630279e-12,7.71390302033115e-11)
(-5.6805294640984e-12,-2.01264252517294e-11,7.57477879842897e-11)
(-7.76407762326685e-12,-3.52313626887585e-11,7.24915922517302e-11)
(-8.57612596393026e-12,-5.91758059182866e-11,6.73405010294807e-11)
(-8.01588338603374e-12,-9.91170141312275e-11,5.98084929444402e-11)
(-3.54649152311026e-12,-1.68060327984854e-10,5.09056969168387e-11)
(2.84404248240928e-12,-2.84520810237095e-10,4.11952462076822e-11)
(1.15648224304133e-11,-4.74832452230284e-10,3.18277133420673e-11)
(1.8960469037849e-11,-7.83000491589621e-10,2.24312182797224e-11)
(2.26403565555066e-11,-1.21139594984363e-09,1.18830702029033e-11)
(0,0,0)
(0,0,0)
(0,0,0)
(0,0,0)
(0,0,0)
(0,0,0)
(-2.60531584941757e-12,-7.62703654166822e-12,1.19334804668189e-10)
(-4.36618033501789e-12,-1.70468128241146e-11,1.18003719051297e-10)
(-5.82377313919461e-12,-2.95200911435651e-11,1.14782724702191e-10)
(-6.21363909193829e-12,-5.01041899545694e-11,1.09942346911391e-10)
(-4.39159276737336e-12,-8.73738162414185e-11,1.03358326968916e-10)
(6.25668209212455e-13,-1.54773664767012e-10,9.53324608111224e-11)
(8.13093905738947e-12,-2.73076379179489e-10,8.54298671482925e-11)
(1.66431497789679e-11,-4.67093029441516e-10,6.91712965982561e-11)
(2.45072321098635e-11,-7.75213911139248e-10,4.89291676290345e-11)
(2.86511402322254e-11,-1.20200732972134e-09,2.55286513337324e-11)
(0,0,0)
(0,0,0)
(0,0,0)
(0,0,0)
(0,0,0)
(0,0,0)
(-2.0764689074175e-12,-6.38638911489153e-12,1.85806626824878e-10)
(-3.42392416440074e-12,-1.38276033938243e-11,1.84388033775933e-10)
(-3.58204090692838e-12,-2.37279224019828e-11,1.81786243791134e-10)
(-3.00398154941175e-12,-4.1135490623069e-11,1.78240287087524e-10)
(-5.39138584675273e-13,-7.49837038382435e-11,1.7286390359497e-10)
(4.59503217594194e-12,-1.39850083289988e-10,1.64697558635857e-10)
(1.17855220571421e-11,-2.58375815662106e-10,1.51178999473379e-10)
(1.9904324825132e-11,-4.50577102822096e-10,1.26766070468668e-10)
(2.75623352202787e-11,-7.55273954090403e-10,9.19808314334881e-11)
(3.17083548763334e-11,-1.17938221103776e-09,4.86684404342393e-11)
(0,0,0)
(0,0,0)
(0,0,0)
(0,0,0)
(0,0,0)
(0,0,0)
(-1.19714014682216e-12,-4.83597104833902e-12,2.92642477952614e-10)
(-1.536097770005e-12,-1.0546461107194e-11,2.91890969164068e-10)
(-1.04588807273639e-12,-1.84743895736811e-11,2.90364132777328e-10)
(-1.11843692231622e-13,-3.29016143188616e-11,2.8789900846369e-10)
(3.22291401581802e-12,-6.2587992776505e-11,2.83217963571218e-10)
(8.87031821640812e-12,-1.22356993573945e-10,2.74213024069823e-10)
(1.39080625956143e-11,-2.35782528252224e-10,2.54518395982276e-10)
(2.02509915661453e-11,-4.19518410006609e-10,2.20028640041744e-10)
(2.66467850142905e-11,-7.15351968039304e-10,1.64371224698094e-10)
(3.03232919171517e-11,-1.1336960228061e-09,8.92168537520542e-11)
(0,0,0)
(0,0,0)
(0,0,0)
(0,0,0)
(0,0,0)
(0,0,0)
(1.16886419907625e-12,-3.64626336094692e-12,4.73425364223133e-10)
(1.98879157350348e-12,-7.90120269162138e-12,4.73128709563691e-10)
(3.15185694524308e-12,-1.42410961293013e-11,4.71979320971038e-10)
(4.47814887709607e-12,-2.60907301283915e-11,4.69896577345953e-10)
(7.31842520766348e-12,-5.20043519053914e-11,4.64962578319063e-10)
(1.19508349817921e-11,-1.0440198857891e-10,4.53738877969408e-10)
(1.63167004238582e-11,-2.02683883071892e-10,4.27595503058802e-10)
(2.03876598377002e-11,-3.66466299131e-10,3.76145845560455e-10)
(2.52436786352249e-11,-6.43069577398807e-10,2.90535205680497e-10)
(2.79468868945353e-11,-1.04685867034512e-09,1.64332263056685e-10)
(0,0,0)
(0,0,0)
(0,0,0)
(0,0,0)
(0,0,0)
(0,0,0)
(3.17501566294004e-12,-2.59468234527712e-12,7.77749127763026e-10)
(5.40028944770262e-12,-5.48786473594492e-12,7.77136875441853e-10)
(7.10621649034961e-12,-1.04067636439827e-11,7.75621543081871e-10)
(8.59545506698182e-12,-1.91672965927724e-11,7.72642780808859e-10)
(1.09415369393443e-11,-3.92184393932848e-11,7.66155023089381e-10)
(1.38845753432591e-11,-7.85714110467421e-11,7.50750490550982e-10)
(1.75416959211147e-11,-1.52025423598017e-10,7.15672861103086e-10)
(2.06707395778942e-11,-2.82551241805393e-10,6.46386320811816e-10)
(2.43828960743767e-11,-5.19051003369599e-10,5.22505744595775e-10)
(2.49222611532501e-11,-8.84430437104061e-10,3.13993275859836e-10)
(0,0,0)
(0,0,0)
(0,0,0)
(0,0,0)
(0,0,0)
(0,0,0)
(4.05463774327688e-12,-1.48817001456544e-12,1.20557210002963e-09)
(7.83801610037413e-12,-2.92571322583004e-12,1.20447586258835e-09)
(9.43029997760135e-12,-5.60218486427372e-12,1.20280793781852e-09)
(1.0658510293438e-11,-1.02802223207568e-11,1.19889459496308e-09)
(1.23237689864806e-11,-2.14505226345012e-11,1.19102269091905e-09)
(1.46259369272645e-11,-4.27148240001858e-11,1.1720463449233e-09)
(1.82935900038667e-11,-8.31565631395095e-11,1.13028602336429e-09)
(2.14666364169468e-11,-1.60141012433878e-10,1.04705513961173e-09)
(2.47357068616069e-11,-3.11960450916087e-10,8.85660996563048e-10)
(2.36829991924617e-11,-5.71769078994874e-10,5.72815846999653e-10)
(0,0,0)
(0,0,0)
(0,0,0)
(0,0,0)
(0,0,0)
(0,0,0)
(0,0,0)
(0,0,0)
(0,0,0)
(0,0,0)
(0,0,0)
(0,0,0)
(0,0,0)
(0,0,0)
(0,0,0)
(0,0,0)
(0,0,0)
(0,0,0)
(0,0,0)
(0,0,0)
(0,0,0)
(0,0,0)
(0,0,0)
(0,0,0)
(0,0,0)
(0,0,0)
(0,0,0)
(0,0,0)
(0,0,0)
(0,0,0)
(0,0,0)
(0,0,0)
(0,0,0)
(0,0,0)
(0,0,0)
(0,0,0)
(0,0,0)
(0,0,0)
(0,0,0)
(0,0,0)
(0,0,0)
(0,0,0)
(0,0,0)
(0,0,0)
(0,0,0)
(0,0,0)
(0,0,0)
(0,0,0)
(0,0,0)
(0,0,0)
(0,0,0)
(0,0,0)
(0,0,0)
(0,0,0)
(0,0,0)
(0,0,0)
(0,0,0)
(0,0,0)
(0,0,0)
(0,0,0)
(0,0,0)
(0,0,0)
(0,0,0)
(0,0,0)
(0,0,0)
(0,0,0)
(0,0,0)
(0,0,0)
(0,0,0)
(0,0,0)
(0,0,0)
(0,0,0)
(0,0,0)
(0,0,0)
(0,0,0)
(0,0,0)
(0,0,0)
(0,0,0)
(0,0,0)
(0,0,0)
(0,0,0)
(0,0,0)
(0,0,0)
(0,0,0)
(0,0,0)
(0,0,0)
(0,0,0)
(0,0,0)
(0,0,0)
(0,0,0)
(0,0,0)
(0,0,0)
(0,0,0)
(0,0,0)
(0,0,0)
(0,0,0)
(0,0,0)
(0,0,0)
(0,0,0)
(0,0,0)
(0,0,0)
(0,0,0)
(-1.69477525025598e-12,-2.24962966315222e-11,2.46419345039215e-11)
(-3.64979169675406e-12,-4.84976159904404e-11,2.3514540741059e-11)
(-5.02042439554376e-12,-8.28609970053776e-11,2.08675851256424e-11)
(-4.68042685668855e-12,-1.32641916475121e-10,1.70502094028427e-11)
(-3.00261331310766e-12,-2.07986664772612e-10,1.26331440905032e-11)
(-1.27467350568474e-12,-3.27345830795488e-10,7.32507587277321e-12)
(7.8673913283595e-13,-5.17579496752943e-10,2.07362454511014e-12)
(3.20636710668514e-12,-8.37984034598833e-10,-8.27722250552084e-13)
(4.98840195499866e-12,-1.44950504575226e-09,-1.50390129675697e-12)
(5.36406875299143e-12,-2.85584003754913e-09,-7.5776407477215e-13)
(0,0,0)
(0,0,0)
(0,0,0)
(0,0,0)
(0,0,0)
(0,0,0)
(-3.34649213461376e-12,-2.16580679465238e-11,5.43794769835484e-11)
(-5.98663816520239e-12,-4.6677816852136e-11,5.21326109674561e-11)
(-7.68176985269177e-12,-8.02189574068882e-11,4.727200487071e-11)
(-7.43488755616178e-12,-1.29170104851324e-10,3.95969059046962e-11)
(-6.09517017877799e-12,-2.03640668542195e-10,2.97352518355935e-11)
(-3.49410862164476e-12,-3.23373190524088e-10,1.85024703660655e-11)
(5.52351742498767e-13,-5.15919279596101e-10,7.77858817033039e-12)
(5.56895411759419e-12,-8.38919435538981e-10,2.38155435712616e-12)
(8.88393556305467e-12,-1.45176011950843e-09,5.496504487614e-13)
(9.8530468292877e-12,-2.85796070603853e-09,2.56504378953781e-13)
(0,0,0)
(0,0,0)
(0,0,0)
(0,0,0)
(0,0,0)
(0,0,0)
(-3.87293956186084e-12,-1.98901574416242e-11,9.37488427973775e-11)
(-6.87608229892925e-12,-4.29164502467285e-11,9.04736417901248e-11)
(-9.07373367741223e-12,-7.38026721753273e-11,8.37704713141089e-11)
(-9.52224813176921e-12,-1.20240224803767e-10,7.32116619952226e-11)
(-9.3905328354474e-12,-1.93174123939134e-10,5.87176231891157e-11)
(-6.09347929640752e-12,-3.13565891648463e-10,4.09580212471977e-11)
(-5.39192680865944e-13,-5.11653243083656e-10,2.27397283500213e-11)
(8.10038249461786e-12,-8.3987307470133e-10,1.3660085221842e-11)
(1.46140986671485e-11,-1.45454159605239e-09,9.22637200218717e-12)
(1.7300164344382e-11,-2.86053260107432e-09,5.14990094535692e-12)
(0,0,0)
(0,0,0)
(0,0,0)
(0,0,0)
(0,0,0)
(0,0,0)
(-3.06039281141158e-12,-1.71494769617112e-11,1.45827966446908e-10)
(-5.50394615915585e-12,-3.70703161075368e-11,1.42409109427785e-10)
(-8.32425794621875e-12,-6.38730608985509e-11,1.35449156224125e-10)
(-1.01157338426017e-11,-1.05455880444927e-10,1.24019320995294e-10)
(-1.08562852482465e-11,-1.74256533680286e-10,1.07236851133286e-10)
(-7.12270403178985e-12,-2.93422465991902e-10,8.54308750251896e-11)
(7.67144290393832e-13,-5.00408518868875e-10,6.17200198991603e-11)
(1.32218947040773e-11,-8.38928132340783e-10,4.64641710397482e-11)
(2.17220366647546e-11,-1.45496732159807e-09,3.34577597390464e-11)
(2.51348066368995e-11,-2.8591628585495e-09,1.81524396095655e-11)
(0,0,0)
(0,0,0)
(0,0,0)
(0,0,0)
(0,0,0)
(0,0,0)
(-2.51487765930209e-12,-1.38921046111287e-11,2.19727845933103e-10)
(-4.3643954162044e-12,-2.98895904523228e-11,2.16740690877188e-10)
(-6.77556408997726e-12,-5.14409316449752e-11,2.1062858957511e-10)
(-8.59831848096897e-12,-8.60192915344897e-11,2.00851227147618e-10)
(-8.75583901274515e-12,-1.4715380446687e-10,1.87052412606381e-10)
(-4.39531960499285e-12,-2.60608048758929e-10,1.70445740350119e-10)
(9.68894609006263e-12,-4.73866329891849e-10,1.55527471795379e-10)
(2.03693521289493e-11,-8.30164631983025e-10,1.21112644258525e-10)
(2.7967791356283e-11,-1.44571926768801e-09,8.40501368177008e-11)
(3.15546728819961e-11,-2.84594010362041e-09,4.36126539739844e-11)
(0,0,0)
(0,0,0)
(0,0,0)
(0,0,0)
(0,0,0)
(0,0,0)
(-2.20829392502537e-12,-1.0827345324918e-11,3.32310779815776e-10)
(-4.10327646623319e-12,-2.27583754098652e-11,3.29841818578921e-10)
(-5.28961703162523e-12,-3.89794921419324e-11,3.25565634696781e-10)
(-5.86147436105605e-12,-6.65228543626581e-11,3.18959051256983e-10)
(-4.76850468729005e-12,-1.19448378528902e-10,3.09209559602923e-10)
(6.20501622344777e-13,-2.2814914543629e-10,2.95517169259016e-10)
(1.36051636520145e-11,-4.51323342540961e-10,2.75816854264087e-10)
(2.36308710448227e-11,-8.05281758784343e-10,2.29310677987435e-10)
(3.09527401683133e-11,-1.41363551630431e-09,1.639367411105e-10)
(3.46906070791321e-11,-2.80813498246644e-09,8.59034242107233e-11)
(0,0,0)
(0,0,0)
(0,0,0)
(0,0,0)
(0,0,0)
(0,0,0)
(-1.63533904566942e-12,-8.11540024232853e-12,5.12327488913966e-10)
(-2.6545197988357e-12,-1.69637288182386e-11,5.11035352960029e-10)
(-2.81405720347732e-12,-2.87539651069169e-11,5.08971329005389e-10)
(-2.24168299023525e-12,-5.00133872751464e-11,5.05824364349502e-10)
(1.64421264612204e-12,-9.41611077143267e-11,5.00780372765047e-10)
(1.06099413089449e-11,-1.91701039620598e-10,4.89338124666292e-10)
(1.52991733558605e-11,-4.12896694622387e-10,4.52163358738285e-10)
(2.28562960340199e-11,-7.50978110738516e-10,3.95964992296053e-10)
(2.95187653195019e-11,-1.34328499383463e-09,2.91759712327286e-10)
(3.27027932087953e-11,-2.72761499821518e-09,1.5683272282764e-10)
(0,0,0)
(0,0,0)
(0,0,0)
(0,0,0)
(0,0,0)
(0,0,0)
(4.13937842848625e-13,-6.33503111205877e-12,8.24938255963178e-10)
(7.24842210480846e-13,-1.29385298100836e-11,8.2423189691311e-10)
(1.40026808501271e-12,-2.19045203390814e-11,8.23009804769948e-10)
(2.48871436836623e-12,-4.00745145633835e-11,8.21366231506451e-10)
(5.75621304518602e-12,-8.07167686809819e-11,8.16890392720943e-10)
(1.22636323602587e-11,-1.70904375060786e-10,8.03171985783277e-10)
(1.71078984483565e-11,-3.5826351138512e-10,7.62277313036111e-10)
(2.20832423918769e-11,-6.52145867138135e-10,6.69399199431035e-10)
(2.74280472299756e-11,-1.21318694091397e-09,5.14639740457092e-10)
(2.98509167095045e-11,-2.57439811422293e-09,2.92268754127859e-10)
(0,0,0)
(0,0,0)
(0,0,0)
(0,0,0)
(0,0,0)
(0,0,0)
(2.68075565340161e-12,-4.83882332564764e-12,1.43302677678758e-09)
(4.35347029757013e-12,-9.48552153365077e-12,1.4320698457193e-09)
(5.28039998365474e-12,-1.63129490562741e-11,1.43041836531467e-09)
(6.19613851444797e-12,-3.05840552271695e-11,1.4273120401403e-09)
(8.57815271897351e-12,-6.31200676586547e-11,1.41880631863682e-09)
(1.31056177445763e-11,-1.31879889081272e-10,1.39572483538734e-09)
(1.79593757538765e-11,-2.66574903408107e-10,1.33838707207928e-09)
(2.21410864224154e-11,-5.00388639517222e-10,1.2168476691336e-09)
(2.58048123567749e-11,-9.9392300224421e-10,9.99518779931162e-10)
(2.62541789040501e-11,-2.28468879188434e-09,6.24684417920072e-10)
(0,0,0)
(0,0,0)
(0,0,0)
(0,0,0)
(0,0,0)
(0,0,0)
(3.6627051699948e-12,-2.78604234610996e-12,2.83738110013977e-09)
(6.58022764437023e-12,-5.13500919449885e-12,2.83561252867406e-09)
(7.74145796876327e-12,-8.86911980471088e-12,2.8333061085867e-09)
(8.25019201671075e-12,-1.68792263043612e-11,2.82855337342793e-09)
(9.84959234772732e-12,-3.51894818903819e-11,2.81652020307106e-09)
(1.3671434486076e-11,-7.22105064941733e-11,2.78603404841573e-09)
(1.83679106169018e-11,-1.44753615237537e-10,2.71669687830557e-09)
(2.27197670318e-11,-2.84682502891776e-10,2.57278158678509e-09)
(2.56204055089165e-11,-6.21279160940891e-10,2.28705301025956e-09)
(2.4729767197333e-11,-1.6624908085916e-09,1.66434364173828e-09)
(0,0,0)
(0,0,0)
(0,0,0)
(0,0,0)
(0,0,0)
(0,0,0)
(0,0,0)
(0,0,0)
(0,0,0)
(0,0,0)
(0,0,0)
(0,0,0)
(0,0,0)
(0,0,0)
(0,0,0)
(0,0,0)
(0,0,0)
(0,0,0)
(0,0,0)
(0,0,0)
(0,0,0)
(0,0,0)
(0,0,0)
(0,0,0)
(0,0,0)
(0,0,0)
(0,0,0)
(0,0,0)
(0,0,0)
(0,0,0)
(0,0,0)
(0,0,0)
(0,0,0)
(0,0,0)
(0,0,0)
(0,0,0)
(0,0,0)
(0,0,0)
(0,0,0)
(0,0,0)
(0,0,0)
(0,0,0)
(0,0,0)
(0,0,0)
(0,0,0)
(0,0,0)
(0,0,0)
(0,0,0)
(0,0,0)
(0,0,0)
(0,0,0)
(0,0,0)
(0,0,0)
(0,0,0)
(0,0,0)
(0,0,0)
(0,0,0)
(0,0,0)
(0,0,0)
(0,0,0)
(0,0,0)
(0,0,0)
(0,0,0)
(0,0,0)
(0,0,0)
(0,0,0)
(0,0,0)
(0,0,0)
(0,0,0)
(0,0,0)
(0,0,0)
(0,0,0)
(0,0,0)
(0,0,0)
(0,0,0)
(0,0,0)
(0,0,0)
(0,0,0)
(0,0,0)
(0,0,0)
(0,0,0)
(0,0,0)
(0,0,0)
(0,0,0)
(0,0,0)
(0,0,0)
(0,0,0)
(0,0,0)
(0,0,0)
(0,0,0)
(0,0,0)
(0,0,0)
(0,0,0)
(0,0,0)
(0,0,0)
(0,0,0)
(0,0,0)
(0,0,0)
(0,0,0)
(0,0,0)
(0,0,0)
(0,0,0)
(-1.40561017247307e-12,-3.08888266207575e-11,3.48340234273918e-11)
(-2.8226352198365e-12,-6.56672515622283e-11,3.27594826722232e-11)
(-3.84508827052401e-12,-1.1070270583255e-10,2.85348295749249e-11)
(-3.73517316801452e-12,-1.73899575206913e-10,2.22353951294196e-11)
(-2.04054132610777e-12,-2.67099530286066e-10,1.46486064710292e-11)
(4.13755084021095e-15,-4.07538962839273e-10,5.56900448500423e-12)
(2.02786877117987e-12,-6.12191264019329e-10,-3.05174089601588e-12)
(4.81794709297606e-12,-9.05914207273619e-10,-6.02977925933594e-12)
(6.497338489273e-12,-1.32399894397081e-09,-5.223579385595e-12)
(6.72697316752827e-12,-1.83560578290519e-09,-2.64218501035734e-12)
(0,0,0)
(0,0,0)
(0,0,0)
(0,0,0)
(0,0,0)
(0,0,0)
(-2.867536623614e-12,-2.95458423537154e-11,7.53300044510229e-11)
(-4.88739867446298e-12,-6.2636085059402e-11,7.14964289814042e-11)
(-6.42295611933488e-12,-1.05882849342923e-10,6.40866650096275e-11)
(-6.50311353368762e-12,-1.67624784646511e-10,5.18360477365754e-11)
(-5.32893331245913e-12,-2.59266282520879e-10,3.48653141801637e-11)
(-2.57752530143765e-12,-4.00603676931203e-10,1.41526385409055e-11)
(1.68334904216298e-12,-6.11365416275013e-10,-6.03260224370317e-12)
(8.35449718958253e-12,-9.09732255964074e-10,-1.12390412119126e-11)
(1.19585581768016e-11,-1.32925380534323e-09,-8.17049636924673e-12)
(1.26814462441566e-11,-1.84041729483873e-09,-3.50031311284603e-12)
(0,0,0)
(0,0,0)
(0,0,0)
(0,0,0)
(0,0,0)
(0,0,0)
(-3.33841903650924e-12,-2.69622720184212e-11,1.26076873208687e-10)
(-6.019045961079e-12,-5.67586784263193e-11,1.21126413666632e-10)
(-8.44453563471279e-12,-9.54184231228612e-11,1.11289414711201e-10)
(-9.81255368505764e-12,-1.5245723314381e-10,9.43624802592305e-11)
(-1.05485211524302e-11,-2.4047689869324e-10,6.88746717450087e-11)
(-8.01861205588983e-12,-3.83066049352288e-10,3.35479941445886e-11)
(-2.70427376646686e-12,-6.09373994396594e-10,-6.11966654403064e-12)
(1.15891533528006e-11,-9.18618838844685e-10,-1.08795110950467e-11)
(1.91162952705108e-11,-1.33927647720573e-09,-4.05178930629012e-12)
(2.10803227642529e-11,-1.8485459236645e-09,2.67633845935941e-13)
(0,0,0)
(0,0,0)
(0,0,0)
(0,0,0)
(0,0,0)
(0,0,0)
(-2.89890814355557e-12,-2.30886179203243e-11,1.93278526145659e-10)
(-5.72471860950536e-12,-4.81412138966597e-11,1.88249626826546e-10)
(-9.32655197156683e-12,-8.01878452832038e-11,1.77918706494515e-10)
(-1.27698528917612e-11,-1.28333554015054e-10,1.59074872815431e-10)
(-1.61530383527969e-11,-2.06165668122434e-10,1.28867088492599e-10)
(-1.62262661393707e-11,-3.43978713991921e-10,8.30032216528725e-11)
(-1.05191958269971e-11,-6.00880077831309e-10,2.09950227183979e-11)
(1.74648056474647e-11,-9.34768671077787e-10,1.94499023531954e-11)
(2.77793028844151e-11,-1.35194079896515e-09,2.26205068074405e-11)
(3.00644913167867e-11,-1.85462084670099e-09,1.52786119996241e-11)
(0,0,0)
(0,0,0)
(0,0,0)
(0,0,0)
(0,0,0)
(0,0,0)
(-2.5924818897907e-12,-1.85064551555957e-11,2.8529209961005e-10)
(-5.38350915571258e-12,-3.78272001531904e-11,2.80656917258304e-10)
(-9.45964116676479e-12,-6.15068341027044e-11,2.71467781515146e-10)
(-1.42959411112914e-11,-9.69218114121555e-11,2.55708463064304e-10)
(-1.98545926935626e-11,-1.55544590366027e-10,2.31621190429795e-10)
(-2.19359543738592e-11,-2.6631972945709e-10,2.04018502948655e-10)
(2.15607862751877e-11,-5.28452834336972e-10,2.18847236315951e-10)
(3.25489863710756e-11,-9.50739966550606e-10,1.42936676448932e-10)
(3.63215228179535e-11,-1.35689556555607e-09,9.61804924537028e-11)
(3.73622057015579e-11,-1.84760711263939e-09,5.01177730263507e-11)
(0,0,0)
(0,0,0)
(0,0,0)
(0,0,0)
(0,0,0)
(0,0,0)
(-2.45127777011061e-12,-1.36670650470076e-11,4.14759263802867e-10)
(-5.62173917607887e-12,-2.73205493469511e-11,4.11445514632898e-10)
(-8.90856062712017e-12,-4.31951395997571e-11,4.05225388173697e-10)
(-1.2621449793297e-11,-6.60778278978801e-11,3.95255926999767e-10)
(-1.63633851588027e-11,-1.07439396171505e-10,3.80906285724476e-10)
(-1.61272891984552e-11,-2.07100530841177e-10,3.64135630202542e-10)
(2.16846920106797e-11,-5.31049154383393e-10,3.72150497597336e-10)
(3.47011598751344e-11,-9.37729923689716e-10,2.94236722602425e-10)
(3.86355345990632e-11,-1.32666452935091e-09,2.03208478873543e-10)
(4.00740470376506e-11,-1.80642994979125e-09,1.04240038216187e-10)
(0,0,0)
(0,0,0)
(0,0,0)
(0,0,0)
(0,0,0)
(0,0,0)
(-2.12357222150404e-12,-9.58079819240969e-12,6.03316900780925e-10)
(-4.61569485305689e-12,-1.88071966515388e-11,6.0197178095051e-10)
(-6.51653731514255e-12,-2.84181865547901e-11,5.99718155036939e-10)
(-7.13656411751582e-12,-4.0829912051188e-11,5.97736309075526e-10)
(-3.57878288138985e-13,-6.25205589035699e-11,6.00707443549164e-10)
(2.69880426768474e-11,-1.23479370936871e-10,6.11410329592962e-10)
(1.68643565609077e-11,-4.91316296114417e-10,5.37506769126669e-10)
(2.82293324020066e-11,-8.76385774817284e-10,5.16168795316951e-10)
(3.43477018989083e-11,-1.24165066319048e-09,3.57384320959694e-10)
(3.63186320446512e-11,-1.70978159261172e-09,1.83516506820573e-10)
(0,0,0)
(0,0,0)
(0,0,0)
(0,0,0)
(0,0,0)
(0,0,0)
(-3.7591089308396e-13,-7.23197644016506e-12,8.8514045609429e-10)
(-1.50607392263751e-12,-1.3798188852664e-11,8.84550787531827e-10)
(-2.54772993512325e-12,-2.08887264414364e-11,8.84113152073906e-10)
(-2.52590618097707e-12,-3.36979275995171e-11,8.85280273795361e-10)
(1.87791895969783e-12,-6.56547183913159e-11,8.9053717444691e-10)
(1.41338191282241e-11,-1.60516301696538e-10,8.99250463655204e-10)
(1.82974040762513e-11,-4.4539590820987e-10,8.81416872656301e-10)
(2.50854737438237e-11,-7.25177648986145e-10,7.5048773650849e-10)
(3.05350948898877e-11,-1.0746697689762e-09,5.46246375056048e-10)
(3.24103484993923e-11,-1.53132429798349e-09,2.94575151701509e-10)
(0,0,0)
(0,0,0)
(0,0,0)
(0,0,0)
(0,0,0)
(0,0,0)
(1.58490574215488e-12,-5.29840060582544e-12,1.29651398672843e-09)
(1.65443836289254e-12,-1.00426883028987e-11,1.29578654244788e-09)
(9.42895907127967e-13,-1.58608657479938e-11,1.29493800710963e-09)
(9.97031095154723e-13,-2.87293369422061e-11,1.29430042596223e-09)
(3.72905020059877e-12,-6.11881975875776e-11,1.29136171976181e-09)
(1.0773998465153e-11,-1.41132210665456e-10,1.27712516008472e-09)
(1.76774905288957e-11,-3.13400153880586e-10,1.22378782784067e-09)
(2.37638389983409e-11,-5.24505478324487e-10,1.07571512472842e-09)
(2.7995333065223e-11,-8.26285833868954e-10,8.32982238291312e-10)
(2.87406135313001e-11,-1.2397709617548e-09,4.78687854298398e-10)
(0,0,0)
(0,0,0)
(0,0,0)
(0,0,0)
(0,0,0)
(0,0,0)
(2.64523428897e-12,-2.98279560918969e-12,1.80540499206862e-09)
(3.75163853699971e-12,-5.65426003642954e-12,1.80399005105052e-09)
(3.6250733232711e-12,-9.13675517044793e-12,1.80202870506232e-09)
(3.40413606881136e-12,-1.72692272832616e-11,1.79897889724168e-09)
(5.14626511303222e-12,-3.68334564854822e-11,1.78906233951496e-09)
(1.07980981016537e-11,-8.01077755071116e-11,1.75973427101869e-09)
(1.75295869001244e-11,-1.63756673682349e-10,1.6853808805802e-09)
(2.37658406643968e-11,-2.82949024437561e-10,1.5232862116033e-09)
(2.70506130898303e-11,-4.73775459654746e-10,1.24006598629992e-09)
(2.65826003446691e-11,-7.63562749616238e-10,7.65232258976372e-10)
(0,0,0)
(0,0,0)
(0,0,0)
(0,0,0)
(0,0,0)
(0,0,0)
(0,0,0)
(0,0,0)
(0,0,0)
(0,0,0)
(0,0,0)
(0,0,0)
(0,0,0)
(0,0,0)
(0,0,0)
(0,0,0)
(0,0,0)
(0,0,0)
(0,0,0)
(0,0,0)
(0,0,0)
(0,0,0)
(0,0,0)
(0,0,0)
(0,0,0)
(0,0,0)
(0,0,0)
(0,0,0)
(0,0,0)
(0,0,0)
(0,0,0)
(0,0,0)
(0,0,0)
(0,0,0)
(0,0,0)
(0,0,0)
(0,0,0)
(0,0,0)
(0,0,0)
(0,0,0)
(0,0,0)
(0,0,0)
(0,0,0)
(0,0,0)
(0,0,0)
(0,0,0)
(0,0,0)
(0,0,0)
(0,0,0)
(0,0,0)
(0,0,0)
(0,0,0)
(0,0,0)
(0,0,0)
(0,0,0)
(0,0,0)
(0,0,0)
(0,0,0)
(0,0,0)
(0,0,0)
(0,0,0)
(0,0,0)
(0,0,0)
(0,0,0)
(0,0,0)
(0,0,0)
(0,0,0)
(0,0,0)
(0,0,0)
(0,0,0)
(0,0,0)
(0,0,0)
(0,0,0)
(0,0,0)
(0,0,0)
(0,0,0)
(0,0,0)
(0,0,0)
(0,0,0)
(0,0,0)
(0,0,0)
(0,0,0)
(0,0,0)
(0,0,0)
(0,0,0)
(0,0,0)
(0,0,0)
(0,0,0)
(0,0,0)
(0,0,0)
(0,0,0)
(0,0,0)
(0,0,0)
(0,0,0)
(0,0,0)
(0,0,0)
(0,0,0)
(0,0,0)
(0,0,0)
(0,0,0)
(0,0,0)
(0,0,0)
(-6.74053684330261e-13,-3.6475408846892e-11,4.20008789835088e-11)
(-1.62914862538971e-12,-7.77065075787587e-11,3.98752710425763e-11)
(-2.36551031462802e-12,-1.29060416935374e-10,3.44925648470107e-11)
(-2.42317507001078e-12,-1.98025657568216e-10,2.58072810062865e-11)
(-7.94187105271785e-13,-2.95105330765131e-10,1.44647649551683e-11)
(1.68959702380462e-12,-4.33367673187215e-10,6.76104600310543e-14)
(4.18005939018175e-12,-6.18799753249438e-10,-1.3838533189865e-11)
(7.82979590967984e-12,-8.47532485517186e-10,-1.62425526896568e-11)
(9.17080548639574e-12,-1.10490792287693e-09,-1.13860862731567e-11)
(8.89630009072845e-12,-1.3243481934592e-09,-5.2736583413471e-12)
(0,0,0)
(0,0,0)
(0,0,0)
(0,0,0)
(0,0,0)
(0,0,0)
(-1.61753148928572e-12,-3.48541583646891e-11,8.88366788832693e-11)
(-3.35504133575807e-12,-7.32557412202345e-11,8.45261019582414e-11)
(-4.6367650663653e-12,-1.2183923121491e-10,7.50640041564926e-11)
(-4.69993147993727e-12,-1.88407082051201e-10,5.88601405309405e-11)
(-3.405641500863e-12,-2.82477899328595e-10,3.42626706768517e-11)
(7.00879042741862e-14,-4.22010144207416e-10,9.37466160281003e-14)
(4.89836613192063e-12,-6.20073628380394e-10,-3.75256577782907e-11)
(1.41725352275797e-11,-8.56099908442311e-10,-3.89066463091066e-11)
(1.73110467829385e-11,-1.11396514635878e-09,-2.43337636428912e-11)
(1.73097619569457e-11,-1.33177496715486e-09,-1.03864517622558e-11)
(0,0,0)
(0,0,0)
(0,0,0)
(0,0,0)
(0,0,0)
(0,0,0)
(-2.2616135925564e-12,-3.14964218541895e-11,1.46472037888819e-10)
(-4.79951153532363e-12,-6.53639171676204e-11,1.40879122939513e-10)
(-6.74817902239973e-12,-1.07848344619173e-10,1.2822316383937e-10)
(-8.44842429957862e-12,-1.66623909029653e-10,1.0536945326339e-10)
(-9.53307412281305e-12,-2.52379325064634e-10,6.66213943595372e-11)
(-7.43828672773289e-12,-3.92056688740108e-10,1.98395175632139e-12)
(-6.43834578061087e-12,-6.30599500822286e-10,-9.63016245813832e-11)
(2.09112637970016e-11,-8.81265810745582e-10,-7.5169198346781e-11)
(2.74611938776167e-11,-1.13497288592526e-09,-3.57876139965823e-11)
(2.74228796471423e-11,-1.3472903756917e-09,-1.19174703218163e-11)
(0,0,0)
(0,0,0)
(0,0,0)
(0,0,0)
(0,0,0)
(0,0,0)
(-2.4521715891316e-12,-2.66499490637146e-11,2.2084079041645e-10)
(-5.7078120209407e-12,-5.43579879679575e-11,2.1480326494748e-10)
(-9.1637294729914e-12,-8.7543238621303e-11,2.00880524824994e-10)
(-1.39738111718468e-11,-1.31780806207134e-10,1.74629522664416e-10)
(-2.09102492694745e-11,-1.95748963371804e-10,1.26817263500395e-10)
(-3.18770517397311e-11,-3.1425814295659e-10,2.86639929287996e-11)
(-8.14013189560969e-11,-6.8797728371876e-10,-2.48832930097732e-10)
(3.02654966658923e-11,-9.49321470494705e-10,-1.02560370806407e-10)
(4.00759642832221e-11,-1.17232186487352e-09,-2.33287200379269e-11)
(3.83293692545502e-11,-1.36661560104914e-09,1.6619007972592e-13)
(0,0,0)
(0,0,0)
(0,0,0)
(0,0,0)
(0,0,0)
(0,0,0)
(-2.79668964663304e-12,-2.10005274657542e-11,3.17339380682275e-10)
(-6.70102421878834e-12,-4.13852575563802e-11,3.11258918001491e-10)
(-1.20120172188848e-11,-6.29282784704103e-11,2.98055252880668e-10)
(-2.10526519910652e-11,-8.75769832567863e-11,2.74588434058745e-10)
(-4.03570994069167e-11,-1.10822552952943e-10,2.32214821754255e-10)
(-9.59838863571116e-11,-1.02035554231859e-10,1.53284386319645e-10)
(1.00067666188657e-10,-1.32559476261735e-09,-2.79161912758987e-17)
(6.62951275053539e-11,-1.1168225603321e-09,1.07604589339016e-10)
(5.21532060401352e-11,-1.22001505050845e-09,7.50258770538976e-11)
(4.63028158801139e-11,-1.37618405952504e-09,4.20205133153879e-11)
(0,0,0)
(0,0,0)
(0,0,0)
(0,0,0)
(0,0,0)
(0,0,0)
(-3.22379545470568e-12,-1.48127659483847e-11,4.42325885785729e-10)
(-7.9149654123049e-12,-2.8026576101644e-11,4.38090509140842e-10)
(-1.37160524981256e-11,-3.89253568862268e-11,4.28816655009154e-10)
(-2.35197243647232e-11,-4.45249046715905e-11,4.13286329887761e-10)
(-4.45115669048215e-11,-3.51665491689903e-11,3.85849462806014e-10)
(-1.07763316497596e-10,1.11897160943011e-11,3.20256282668502e-10)
(5.98656087366361e-11,-1.33313164147546e-09,-3.54957245008676e-16)
(6.43852547316328e-11,-1.13783616029588e-09,3.0114035900516e-10)
(5.25901090960235e-11,-1.20502180672767e-09,2.0304227285272e-10)
(4.76657280740898e-11,-1.34193676461812e-09,1.03055530394827e-10)
(0,0,0)
(0,0,0)
(0,0,0)
(0,0,0)
(0,0,0)
(0,0,0)
(-3.12727414328345e-12,-1.00073018571711e-11,6.07144496282415e-10)
(-7.3710767383883e-12,-1.76420412822031e-11,6.0552019197495e-10)
(-1.20641514670714e-11,-1.98753652506195e-11,6.02246794655654e-10)
(-1.72396830428196e-11,-7.49340197435819e-12,6.01716382601131e-10)
(-7.92660484428816e-12,5.59247783429992e-11,6.2403340093311e-10)
(1.3792853390285e-10,3.69241152056542e-10,7.77176677134383e-10)
(-7.71805753375851e-12,-1.57440674503037e-09,1.7194648369028e-09)
(3.58056809280373e-11,-1.11349519264809e-09,7.62224917493059e-10)
(4.12346218236787e-11,-1.12155673831362e-09,4.03796214017095e-10)
(4.13778442370935e-11,-1.24391161331771e-09,1.87877036659046e-10)
(0,0,0)
(0,0,0)
(0,0,0)
(0,0,0)
(0,0,0)
(0,0,0)
(-1.71981816494042e-12,-7.42003550429748e-12,8.20470297489987e-10)
(-4.82393901451385e-12,-1.23325153167038e-11,8.19783379069271e-10)
(-8.74271234997244e-12,-1.27083758434394e-11,8.19689494142053e-10)
(-1.27513974899762e-11,-6.62353974877167e-12,8.24695129402081e-10)
(-1.13018910522048e-11,5.24486938615838e-12,8.48514108041663e-10)
(1.25833190958229e-11,-2.01960909740028e-11,9.28392804049859e-10)
(1.72307858949631e-11,-6.24884938596528e-10,1.10970180833255e-09)
(2.86546645345529e-11,-7.78635398170708e-10,8.1073954002739e-10)
(3.38223831373431e-11,-9.11318105668821e-10,5.27009923385573e-10)
(3.54321639719607e-11,-1.05802627701381e-09,2.65352100593002e-10)
(0,0,0)
(0,0,0)
(0,0,0)
(0,0,0)
(0,0,0)
(0,0,0)
(-3.25497403104925e-15,-5.31161185867501e-12,1.06941090411273e-09)
(-1.88545456531195e-12,-9.12815655326612e-12,1.06888272550094e-09)
(-5.14363352291595e-12,-1.07521491553958e-11,1.06859918176846e-09)
(-7.52437236345478e-12,-1.42384666792448e-11,1.07071816655937e-09)
(-6.38913122444891e-12,-3.16067288637059e-11,1.0781387977284e-09)
(3.08689555081009e-12,-1.02746867575e-10,1.09099758804214e-09)
(1.6106713442865e-11,-3.41017532379127e-10,1.08273079406372e-09)
(2.49402715486313e-11,-5.01649550864242e-10,9.0601871095567e-10)
(2.97793428438661e-11,-6.51383943742744e-10,6.56176604946023e-10)
(3.12202556911152e-11,-7.93405166241336e-10,3.52459603534121e-10)
(0,0,0)
(0,0,0)
(0,0,0)
(0,0,0)
(0,0,0)
(0,0,0)
(1.0773796978741e-12,-2.94049600450714e-12,1.28560617828288e-09)
(5.87244887719487e-14,-5.3276205088193e-12,1.28489334011099e-09)
(-2.46187402652744e-12,-6.98771805534333e-12,1.28359125116483e-09)
(-3.94853348773749e-12,-1.17237712987093e-11,1.28224662618011e-09)
(-2.359122876175e-12,-2.69671160151522e-11,1.27767241442845e-09)
(5.04371303311267e-12,-6.95102509025249e-11,1.25981319461186e-09)
(1.58675821945049e-11,-1.62589096400298e-10,1.20026900425854e-09)
(2.40370415303872e-11,-2.5250757941148e-10,1.04106338109766e-09)
(2.81088807584624e-11,-3.47947243707726e-10,7.89640725209227e-10)
(2.82521097049105e-11,-4.41511162548065e-10,4.41925793545572e-10)
(0,0,0)
(0,0,0)
(0,0,0)
(0,0,0)
(0,0,0)
(0,0,0)
(0,0,0)
(0,0,0)
(0,0,0)
(0,0,0)
(0,0,0)
(0,0,0)
(0,0,0)
(0,0,0)
(0,0,0)
(0,0,0)
(0,0,0)
(0,0,0)
(0,0,0)
(0,0,0)
(0,0,0)
(0,0,0)
(0,0,0)
(0,0,0)
(0,0,0)
(0,0,0)
(0,0,0)
(0,0,0)
(0,0,0)
(0,0,0)
(0,0,0)
(0,0,0)
(0,0,0)
(0,0,0)
(0,0,0)
(0,0,0)
(0,0,0)
(0,0,0)
(0,0,0)
(0,0,0)
(0,0,0)
(0,0,0)
(0,0,0)
(0,0,0)
(0,0,0)
(0,0,0)
(0,0,0)
(0,0,0)
(0,0,0)
(0,0,0)
(0,0,0)
(0,0,0)
(0,0,0)
(0,0,0)
(0,0,0)
(0,0,0)
(0,0,0)
(0,0,0)
(0,0,0)
(0,0,0)
(0,0,0)
(0,0,0)
(0,0,0)
(0,0,0)
(0,0,0)
(0,0,0)
(0,0,0)
(0,0,0)
(0,0,0)
(0,0,0)
(0,0,0)
(0,0,0)
(0,0,0)
(0,0,0)
(0,0,0)
(0,0,0)
(0,0,0)
(0,0,0)
(0,0,0)
(0,0,0)
(0,0,0)
(0,0,0)
(0,0,0)
(0,0,0)
(0,0,0)
(0,0,0)
(0,0,0)
(0,0,0)
(0,0,0)
(0,0,0)
(0,0,0)
(0,0,0)
(0,0,0)
(0,0,0)
(0,0,0)
(0,0,0)
(0,0,0)
(0,0,0)
(0,0,0)
(0,0,0)
(0,0,0)
(0,0,0)
(-1.69696225590917e-13,-4.05465097161035e-11,4.51159731471022e-11)
(-6.97208788338992e-13,-8.54612500498534e-11,4.30986834263316e-11)
(-9.01412194373344e-13,-1.3943849760819e-10,3.72966029024928e-11)
(-6.99234535896418e-13,-2.08059389285792e-10,2.7713293038001e-11)
(9.75535953328493e-13,-2.99474184032517e-10,1.41400397028514e-11)
(4.23821169390931e-12,-4.23781269073722e-10,-4.35913305125682e-12)
(7.85795402091248e-12,-5.80575256038101e-10,-2.34374017029479e-11)
(1.15407524183113e-11,-7.5301764158467e-10,-2.57300441941771e-11)
(1.21156010364386e-11,-9.16151532642388e-10,-1.70652757743254e-11)
(1.10494154450933e-11,-1.02721954075755e-09,-7.6185900288288e-12)
(0,0,0)
(0,0,0)
(0,0,0)
(0,0,0)
(0,0,0)
(0,0,0)
(-6.64691074717373e-13,-3.87550844935716e-11,9.42187240463159e-11)
(-1.78476758664517e-12,-8.05057077141594e-11,8.98653093223677e-11)
(-2.42378803653972e-12,-1.30882855342467e-10,7.94021975900097e-11)
(-1.88563464742717e-12,-1.95662994927794e-10,6.14250913443775e-11)
(6.64708296042283e-13,-2.82254003575009e-10,3.23247582867984e-11)
(7.73603683129445e-12,-4.06532999875833e-10,-1.22964936933551e-11)
(1.68052271046584e-11,-5.81148051063027e-10,-7.06880457284059e-11)
(2.47655548645291e-11,-7.63660502308547e-10,-6.91470087759163e-11)
(2.43714744688398e-11,-9.2727495110371e-10,-4.11166676684078e-11)
(2.24387187315533e-11,-1.0363324982827e-09,-1.73475233749642e-11)
(0,0,0)
(0,0,0)
(0,0,0)
(0,0,0)
(0,0,0)
(0,0,0)
(-1.51517143375767e-12,-3.46433518407559e-11,1.54488945047529e-10)
(-3.14948163481702e-12,-7.10418710462996e-11,1.48315595465627e-10)
(-4.19957444427924e-12,-1.14078184281546e-10,1.34031672913589e-10)
(-4.54346821830022e-12,-1.67872151737273e-10,1.082986253469e-10)
(-1.52599321244399e-12,-2.39738386598123e-10,6.27991360447992e-11)
(1.30487438264985e-11,-3.5236273771873e-10,-2.08076660675855e-11)
(2.98070108813382e-11,-5.92295703934298e-10,-2.12856908001447e-10)
(4.95853391958924e-11,-7.97231459692353e-10,-1.67303310888457e-10)
(4.09400291510531e-11,-9.542085597755e-10,-7.61544352494751e-11)
(3.48306346829e-11,-1.05578472173651e-09,-2.66227408232016e-11)
(0,0,0)
(0,0,0)
(0,0,0)
(0,0,0)
(0,0,0)
(0,0,0)
(-2.06406771813362e-12,-2.87870048718238e-11,2.30149469798184e-10)
(-4.75780231002138e-12,-5.7835275510785e-11,2.2305140838423e-10)
(-7.52768746329033e-12,-8.99068308676216e-11,2.06948255415829e-10)
(-1.03653749581604e-11,-1.24843783397404e-10,1.77631784088087e-10)
(-7.68338911674263e-12,-1.59590245937878e-10,1.28197105579059e-10)
(3.33972825620139e-11,-1.65585317125983e-10,5.46171326549519e-11)
(4.09943600651171e-10,-6.73230284626957e-10,1.0623981092525e-16)
(1.18534935734836e-10,-9.0211864729e-10,-3.96367591842705e-10)
(6.42742398004428e-11,-1.0086853181138e-09,-1.01456771216986e-10)
(4.8064017809917e-11,-1.08423998736198e-09,-2.26698026378229e-11)
(0,0,0)
(0,0,0)
(0,0,0)
(0,0,0)
(0,0,0)
(0,0,0)
(-2.90398848321936e-12,-2.22302816847471e-11,3.223301395988e-10)
(-6.85604055270843e-12,-4.27980134771685e-11,3.1515689251369e-10)
(-1.25481199811536e-11,-6.2340100502978e-11,2.99485504781964e-10)
(-2.17311182717726e-11,-7.86495258614873e-11,2.70668319857079e-10)
(-3.70826677562577e-11,-8.75139478403715e-11,2.19308561298479e-10)
(-5.59247424473736e-11,-8.0917571899195e-11,1.32077302186705e-10)
(-7.22084400097425e-17,4.39414967639153e-16,-1.78115897422459e-17)
(1.19887439754249e-10,-1.21356403151479e-09,3.61971363794854e-17)
(7.01653259978384e-11,-1.09115955249555e-09,2.30363827589221e-11)
(5.40760342886697e-11,-1.10697132042361e-09,2.29512409506584e-11)
(0,0,0)
(0,0,0)
(0,0,0)
(0,0,0)
(0,0,0)
(0,0,0)
(-3.79388290103067e-12,-1.55035928526536e-11,4.33319086909081e-10)
(-9.02564610004371e-12,-2.81758343347255e-11,4.2825636889672e-10)
(-1.72357190123667e-11,-3.59062383094193e-11,4.16332122669902e-10)
(-3.31143599801793e-11,-3.31711171554851e-11,3.93018853291105e-10)
(-7.00097142793174e-11,-1.33891672296108e-11,3.46452699792799e-10)
(-1.45558114834006e-10,2.59665746788154e-11,2.43220382084739e-10)
(-1.67085791548149e-18,3.32645742601258e-16,-3.25788661411812e-17)
(1.38142373236198e-10,-1.19347531442482e-09,-1.62071324454756e-16)
(6.91117831399259e-11,-1.08077390309556e-09,1.33436018159448e-10)
(5.26961071684243e-11,-1.07955229270126e-09,8.29933709103089e-11)
(0,0,0)
(0,0,0)
(0,0,0)
(0,0,0)
(0,0,0)
(0,0,0)
(-4.09023618871313e-12,-1.04448480278029e-11,5.68135285154184e-10)
(-9.40720538455708e-12,-1.6967898617008e-11,5.65592742272294e-10)
(-1.87007288197296e-11,-1.48202486830638e-11,5.59353554716364e-10)
(-4.04265636004171e-11,6.41434766616354e-12,5.48607377727608e-10)
(-1.10389972088712e-10,6.69532930924554e-11,5.28791165651305e-10)
(-4.14922382835102e-10,1.99740130121076e-10,4.57513143632801e-10)
(5.54422696604905e-17,4.57669390395545e-16,-5.65098141151719e-16)
(5.93745899265725e-11,-1.26617509213711e-09,8.00553888789903e-10)
(4.69151665369899e-11,-1.01361611623063e-09,3.86313468306675e-10)
(4.33695445921506e-11,-9.89109065309711e-10,1.72136131843159e-10)
(0,0,0)
(0,0,0)
(0,0,0)
(0,0,0)
(0,0,0)
(0,0,0)
(-3.14132338992485e-12,-7.12108570987199e-12,7.22613259399794e-10)
(-7.93441285066866e-12,-1.02991725423471e-11,7.21225664415874e-10)
(-1.57045742980958e-11,-4.45322159525307e-12,7.19433636410266e-10)
(-2.89554491990351e-11,2.05969776356342e-11,7.21407850178445e-10)
(-5.43289888105624e-11,1.0018717502493e-10,7.42264566306514e-10)
(-8.61749085858767e-11,3.90671414901654e-10,8.40266989646076e-10)
(3.23256479828025e-11,-8.00553961095094e-10,1.296327288156e-09)
(3.53984338698175e-11,-7.94169938069816e-10,8.0650161713827e-10)
(3.55460440038498e-11,-7.8318454734901e-10,4.79730696892771e-10)
(3.61631537925994e-11,-8.09483387005556e-10,2.2942013886786e-10)
(0,0,0)
(0,0,0)
(0,0,0)
(0,0,0)
(0,0,0)
(0,0,0)
(-1.84619221639944e-12,-4.65525579997663e-12,8.76502725326035e-10)
(-5.40244687732795e-12,-7.14036452829305e-12,8.75434056910822e-10)
(-1.10270494138254e-11,-4.57905189189443e-12,8.74188241008242e-10)
(-1.74596989130598e-11,2.57045719188461e-12,8.75889056862121e-10)
(-2.38875343867394e-11,1.09854888620381e-11,8.86615056301111e-10)
(-2.18829271432618e-11,-1.35422392038386e-11,9.1718783606362e-10)
(1.43903605720962e-11,-3.42370465196902e-10,9.64422930563857e-10)
(2.56404061055275e-11,-4.62119906006124e-10,7.69209919417497e-10)
(3.00596442207748e-11,-5.27293169381508e-10,5.27355307903158e-10)
(3.17858555319729e-11,-5.75535815313741e-10,2.70279838840584e-10)
(0,0,0)
(0,0,0)
(0,0,0)
(0,0,0)
(0,0,0)
(0,0,0)
(-1.15027813474609e-12,-2.36901319179471e-12,9.8482516065479e-10)
(-3.96680707387862e-12,-4.03530571552958e-12,9.8379276080884e-10)
(-8.10496709715982e-12,-3.97713411042353e-12,9.81828673030014e-10)
(-1.10980930347839e-11,-4.74217650610239e-12,9.80412677235406e-10)
(-1.14670190747385e-11,-1.23553714954817e-11,9.78933912870896e-10)
(-4.92234751609356e-12,-4.64487815514305e-11,9.7158495311144e-10)
(1.24841089550896e-11,-1.49090371356346e-10,9.31336449272099e-10)
(2.2952118007342e-11,-2.1889412478846e-10,7.84333951769306e-10)
(2.78765687144175e-11,-2.67937800804428e-10,5.66980750577005e-10)
(2.86667407023802e-11,-3.02860787127542e-10,3.00902626786796e-10)
(0,0,0)
(0,0,0)
(0,0,0)
(0,0,0)
(0,0,0)
(0,0,0)
(0,0,0)
(0,0,0)
(0,0,0)
(0,0,0)
(0,0,0)
(0,0,0)
(0,0,0)
(0,0,0)
(0,0,0)
(0,0,0)
(0,0,0)
(0,0,0)
(0,0,0)
(0,0,0)
(0,0,0)
(0,0,0)
(0,0,0)
(0,0,0)
(0,0,0)
(0,0,0)
(0,0,0)
(0,0,0)
(0,0,0)
(0,0,0)
(0,0,0)
(0,0,0)
(0,0,0)
(0,0,0)
(0,0,0)
(0,0,0)
(0,0,0)
(0,0,0)
(0,0,0)
(0,0,0)
(0,0,0)
(0,0,0)
(0,0,0)
(0,0,0)
(0,0,0)
(0,0,0)
(0,0,0)
(0,0,0)
(0,0,0)
(0,0,0)
(0,0,0)
(0,0,0)
(0,0,0)
(0,0,0)
(0,0,0)
(0,0,0)
(0,0,0)
(0,0,0)
(0,0,0)
(0,0,0)
(0,0,0)
(0,0,0)
(0,0,0)
(0,0,0)
(0,0,0)
(0,0,0)
(0,0,0)
(0,0,0)
(0,0,0)
(0,0,0)
(0,0,0)
(0,0,0)
(0,0,0)
(0,0,0)
(0,0,0)
(0,0,0)
(0,0,0)
(0,0,0)
(0,0,0)
(0,0,0)
(0,0,0)
(0,0,0)
(0,0,0)
(0,0,0)
(0,0,0)
(0,0,0)
(0,0,0)
(0,0,0)
(0,0,0)
(0,0,0)
(0,0,0)
(0,0,0)
(0,0,0)
(0,0,0)
(0,0,0)
(0,0,0)
(0,0,0)
(0,0,0)
(0,0,0)
(0,0,0)
(0,0,0)
(0,0,0)
(5.61682726558493e-14,-4.25329820600428e-11,4.55388654847326e-11)
(1.49329399802619e-13,-8.9518629123743e-11,4.31528852861589e-11)
(1.26255404400329e-13,-1.42655730746535e-10,3.76043517425182e-11)
(4.77624441249908e-13,-2.07685816350863e-10,2.84891125364263e-11)
(2.25452824993111e-12,-2.90905847355652e-10,1.47205400368844e-11)
(6.06821114768875e-12,-3.98030994910627e-10,-4.21333563917582e-12)
(1.07233915371242e-11,-5.26488193234013e-10,-2.35333942928554e-11)
(1.35188447222566e-11,-6.57891202140498e-10,-2.65759175261043e-11)
(1.37923337523252e-11,-7.69237146093055e-10,-1.83754771356136e-11)
(1.25437829414673e-11,-8.35209850778317e-10,-8.77152634532878e-12)
(0,0,0)
(0,0,0)
(0,0,0)
(0,0,0)
(0,0,0)
(0,0,0)
(-4.23009003569674e-13,-4.01570360200644e-11,9.50868362351876e-11)
(-7.85492522165103e-13,-8.3821504369194e-11,9.05007533542448e-11)
(-1.2513528518143e-12,-1.33343415279582e-10,8.0224052120992e-11)
(-5.76144780387816e-13,-1.94034561187259e-10,6.25240142396253e-11)
(2.77034329931777e-12,-2.72190000097532e-10,3.30970940988045e-11)
(1.19573267092173e-11,-3.78259952742079e-10,-1.24932237533831e-11)
(2.64118430234135e-11,-5.22173018122854e-10,-7.18007830131189e-11)
(3.03061711408598e-11,-6.64356305601327e-10,-7.31507599553485e-11)
(2.75359388470974e-11,-7.77464433988849e-10,-4.50094602292273e-11)
(2.45434188104412e-11,-8.42778301973217e-10,-1.97793107758733e-11)
(0,0,0)
(0,0,0)
(0,0,0)
(0,0,0)
(0,0,0)
(0,0,0)
(-1.19816882078326e-12,-3.57626815326449e-11,1.54690202697194e-10)
(-2.07215461828798e-12,-7.38570496999183e-11,1.4815741941873e-10)
(-2.63788029152388e-12,-1.16009165233625e-10,1.3376282964593e-10)
(-2.07234725606003e-12,-1.65189593363448e-10,1.08231753031429e-10)
(1.93266823964899e-12,-2.27152121233035e-10,6.31431278574014e-11)
(1.83205651676179e-11,-3.18076796900838e-10,-1.92092198779289e-11)
(6.51879944610117e-11,-5.18459125376043e-10,-2.04436091586655e-10)
(6.33236511544805e-11,-6.88542593870331e-10,-1.74591064163588e-10)
(4.58850930630825e-11,-7.99380635900834e-10,-8.35976269113849e-11)
(3.66631594849869e-11,-8.59476097548088e-10,-3.04675575689607e-11)
(0,0,0)
(0,0,0)
(0,0,0)
(0,0,0)
(0,0,0)
(0,0,0)
(-1.52272949124065e-12,-2.98962923249699e-11,2.26692460261144e-10)
(-3.6919113752357e-12,-6.05775861576482e-11,2.19361571758876e-10)
(-5.77794650016182e-12,-9.19023550575073e-11,2.02795361176671e-10)
(-7.12495398505403e-12,-1.22219989897813e-10,1.73330366324303e-10)
(-6.17971429013601e-12,-1.46250490858598e-10,1.25385919963748e-10)
(3.34656375036081e-12,-1.31402944544476e-10,5.7853242725335e-11)
(1.33080574691764e-10,-5.47453287496713e-10,6.02102644995321e-17)
(1.35069499333906e-10,-7.70671024418693e-10,-3.96785109849112e-10)
(6.79615056030591e-11,-8.45288858993175e-10,-1.12648289272671e-10)
(4.81255482337659e-11,-8.84384177630108e-10,-2.84757215095698e-11)
(0,0,0)
(0,0,0)
(0,0,0)
(0,0,0)
(0,0,0)
(0,0,0)
(-2.45743023022445e-12,-2.34564632181119e-11,3.10905927550677e-10)
(-5.80683196341092e-12,-4.56582055244318e-11,3.03522659661022e-10)
(-1.0164797249851e-11,-6.50329004188985e-11,2.86897328235778e-10)
(-1.5849768419148e-11,-7.87796665733865e-11,2.56453865297041e-10)
(-2.39761892552715e-11,-8.37914188226054e-11,2.04011968083174e-10)
(-3.07315690270976e-11,-7.61523052090607e-11,1.1984441979287e-10)
(-1.94479410935783e-17,2.21717617173183e-16,-1.66990832793857e-17)
(7.67623761024984e-11,-1.03779704990275e-09,4.19121731813506e-17)
(5.98648184061335e-11,-9.15539899393154e-10,8.74215526570186e-12)
(4.96082475169796e-11,-9.03362886294767e-10,1.43638919713382e-11)
(0,0,0)
(0,0,0)
(0,0,0)
(0,0,0)
(0,0,0)
(0,0,0)
(-3.78990971350029e-12,-1.70438260412661e-11,4.07101612931406e-10)
(-8.30933559097725e-12,-3.11321040845173e-11,4.01074382469307e-10)
(-1.50084392598744e-11,-3.89060176114432e-11,3.87172498083973e-10)
(-2.61336713036025e-11,-3.58063862910965e-11,3.60110605711046e-10)
(-4.71198568933081e-11,-1.8394815893924e-11,3.0794386315989e-10)
(-7.61112556126543e-11,1.07705458429567e-11,2.03111974768577e-10)
(2.79795260380643e-18,1.31227173353603e-16,-2.76754001579551e-17)
(7.74059707177183e-11,-9.99017972066169e-10,-1.1964220257986e-16)
(5.23966435241276e-11,-8.9979924797102e-10,1.06849612753916e-10)
(4.52462506871562e-11,-8.75877240347105e-10,6.82358293059358e-11)
(0,0,0)
(0,0,0)
(0,0,0)
(0,0,0)
(0,0,0)
(0,0,0)
(-4.87145562478648e-12,-1.19693118903413e-11,5.15246194350122e-10)
(-9.83674390326126e-12,-1.95757702036593e-11,5.11066540588453e-10)
(-1.83215789187675e-11,-1.74808428048791e-11,5.01918024034984e-10)
(-3.47929814935802e-11,2.19955005722066e-12,4.84724025211079e-10)
(-7.234583200271e-11,5.26395278686751e-11,4.49765609315668e-10)
(-1.48339958884769e-10,1.4550286750972e-10,3.52824923299708e-10)
(2.03187104859027e-17,2.11093722220304e-16,-2.83430301097072e-16)
(1.6098563424665e-12,-1.05663114620439e-09,6.77122141379922e-10)
(3.06609341188909e-11,-8.39052626635854e-10,3.27181059926308e-10)
(3.58799981311701e-11,-7.94413198831051e-10,1.45849725675621e-10)
(0,0,0)
(0,0,0)
(0,0,0)
(0,0,0)
(0,0,0)
(0,0,0)
(-4.21955831590202e-12,-8.25264663127925e-12,6.28442865364403e-10)
(-9.30119285912784e-12,-1.20933928615085e-11,6.25818456619681e-10)
(-1.75529577696348e-11,-5.28742330850219e-12,6.21169456905533e-10)
(-3.1785644883334e-11,2.21188307687336e-11,6.1744819860165e-10)
(-6.31297259872397e-11,1.06909688624665e-10,6.26168098067123e-10)
(-1.38021552990258e-10,3.9179427909744e-10,6.97490952495677e-10)
(6.39678231023356e-11,-6.77122204608497e-10,1.08690495495676e-09)
(3.01193220516127e-11,-6.73068635764504e-10,6.78225916967692e-10)
(2.99652240613086e-11,-6.42420131263759e-10,3.9986408045483e-10)
(3.16357209686006e-11,-6.38758013345561e-10,1.89238442270351e-10)
(0,0,0)
(0,0,0)
(0,0,0)
(0,0,0)
(0,0,0)
(0,0,0)
(-3.0637664093034e-12,-5.45473042198046e-12,7.29468256451737e-10)
(-7.26168978749654e-12,-8.04186320389197e-12,7.27452564508319e-10)
(-1.33297830492758e-11,-4.32156734564285e-12,7.23805281638336e-10)
(-2.0873064654056e-11,5.90648751265205e-12,7.21664468794548e-10)
(-3.11194537917169e-11,2.2149345422781e-11,7.26553034699422e-10)
(-3.62114792959301e-11,1.11143938463177e-11,7.48918898958947e-10)
(1.63232778779167e-11,-2.89158043269052e-10,7.89917239257773e-10)
(2.42692364022001e-11,-3.88300205628352e-10,6.23611219377345e-10)
(2.77797447062682e-11,-4.24351548444833e-10,4.19632463392421e-10)
(2.93906661864268e-11,-4.43111839662378e-10,2.11079028035923e-10)
(0,0,0)
(0,0,0)
(0,0,0)
(0,0,0)
(0,0,0)
(0,0,0)
(-2.48689148059141e-12,-2.79544611374965e-12,7.924299281502e-10)
(-6.03802501058184e-12,-4.18585844778342e-12,7.90483445851699e-10)
(-1.0666105412975e-11,-3.40648265036509e-12,7.86713979054508e-10)
(-1.43615051763757e-11,-2.48808648962163e-12,7.82577655123924e-10)
(-1.64734308107639e-11,-5.89585818295624e-12,7.78292617273307e-10)
(-1.11226252281842e-11,-3.30037529151509e-11,7.69864289125543e-10)
(1.03962351015371e-11,-1.25094868297517e-10,7.34811357223204e-10)
(2.14111944111825e-11,-1.81244431496065e-10,6.0956652370992e-10)
(2.60168917002006e-11,-2.11205918337964e-10,4.30662935980116e-10)
(2.67085803616072e-11,-2.27375354235164e-10,2.23392343702753e-10)
(0,0,0)
(0,0,0)
(0,0,0)
(0,0,0)
(0,0,0)
(0,0,0)
(0,0,0)
(0,0,0)
(0,0,0)
(0,0,0)
(0,0,0)
(0,0,0)
(0,0,0)
(0,0,0)
(0,0,0)
(0,0,0)
(0,0,0)
(0,0,0)
(0,0,0)
(0,0,0)
(0,0,0)
(0,0,0)
(0,0,0)
(0,0,0)
(0,0,0)
(0,0,0)
(0,0,0)
(0,0,0)
(0,0,0)
(0,0,0)
(0,0,0)
(0,0,0)
(0,0,0)
(0,0,0)
(0,0,0)
(0,0,0)
(0,0,0)
(0,0,0)
(0,0,0)
(0,0,0)
(0,0,0)
(0,0,0)
(0,0,0)
(0,0,0)
(0,0,0)
(0,0,0)
(0,0,0)
(0,0,0)
(0,0,0)
(0,0,0)
(0,0,0)
(0,0,0)
(0,0,0)
(0,0,0)
(0,0,0)
(0,0,0)
(0,0,0)
(0,0,0)
(0,0,0)
(0,0,0)
(0,0,0)
(0,0,0)
(0,0,0)
(0,0,0)
(0,0,0)
(0,0,0)
(0,0,0)
(0,0,0)
(0,0,0)
(0,0,0)
(0,0,0)
(0,0,0)
(0,0,0)
(0,0,0)
(0,0,0)
(0,0,0)
(0,0,0)
(0,0,0)
(0,0,0)
(0,0,0)
(0,0,0)
(0,0,0)
(0,0,0)
(0,0,0)
(0,0,0)
(0,0,0)
(0,0,0)
(0,0,0)
(0,0,0)
(0,0,0)
(0,0,0)
(0,0,0)
(0,0,0)
(0,0,0)
(0,0,0)
(0,0,0)
(0,0,0)
(0,0,0)
(0,0,0)
(0,0,0)
(0,0,0)
(0,0,0)
(6.62024313146738e-14,-4.21994436521734e-11,4.45418876912298e-11)
(7.38188863151663e-16,-8.92423301976713e-11,4.24398029842e-11)
(-7.08208564582385e-14,-1.42184218235801e-10,3.73962964587607e-11)
(5.94941777173538e-13,-2.04916366230922e-10,2.90231560437751e-11)
(2.47255666787387e-12,-2.8017097331266e-10,1.65198201159719e-11)
(5.61722763281972e-12,-3.70811456014988e-10,-2.06025449542094e-13)
(9.45073965919194e-12,-4.74289492695664e-10,-1.67427592579861e-11)
(1.17835077926131e-11,-5.76846107308994e-10,-2.07632236566765e-11)
(1.24156708578628e-11,-6.57539338492935e-10,-1.51762938792225e-11)
(1.13407077910746e-11,-7.01807697229563e-10,-7.48108911607331e-12)
(0,0,0)
(0,0,0)
(0,0,0)
(0,0,0)
(0,0,0)
(0,0,0)
(-2.31280610042046e-13,-4.00937390970896e-11,9.29880489764798e-11)
(-4.73245958208834e-13,-8.4067174394412e-11,8.90390064714415e-11)
(-8.85565016381991e-13,-1.33544694499264e-10,7.97644636588413e-11)
(5.8075366262571e-15,-1.91824110685324e-10,6.33976185370579e-11)
(3.32278228699399e-12,-2.62343923255059e-10,3.73902937014727e-11)
(1.10817301276851e-11,-3.51780937089625e-10,-1.30879738991705e-12)
(2.40479272188324e-11,-4.65491756583532e-10,-4.85903861098665e-11)
(2.63511596837402e-11,-5.77571628425263e-10,-5.40230704954532e-11)
(2.42219913057289e-11,-6.6154903285875e-10,-3.51938846280355e-11)
(2.1461903609303e-11,-7.06499110042774e-10,-1.62024208795391e-11)
(0,0,0)
(0,0,0)
(0,0,0)
(0,0,0)
(0,0,0)
(0,0,0)
(-5.31774750001199e-13,-3.62435700143139e-11,1.50036673095317e-10)
(-9.57028387759043e-13,-7.49886226311743e-11,1.44125842088903e-10)
(-1.2136138531296e-12,-1.17731478980403e-10,1.3097859871582e-10)
(4.6674452324785e-14,-1.65763951955271e-10,1.07583252813602e-10)
(3.38338560057057e-12,-2.2205452997595e-10,6.85806471450712e-11)
(1.68735845199476e-11,-2.97937149228247e-10,1.98327256334308e-12)
(6.43371291586388e-11,-4.43067798468608e-10,-1.29068038667459e-10)
(5.44586444506439e-11,-5.8299197287045e-10,-1.20872249141057e-10)
(3.86632468130804e-11,-6.7181016590509e-10,-6.09067357515771e-11)
(3.1103681998034e-11,-7.15830076496004e-10,-2.31001785864804e-11)
(0,0,0)
(0,0,0)
(0,0,0)
(0,0,0)
(0,0,0)
(0,0,0)
(-6.31670095831731e-13,-3.06199992076273e-11,2.15921944747645e-10)
(-2.04508142623426e-12,-6.25101583619594e-11,2.09574632531651e-10)
(-3.1824062864362e-12,-9.55827327452503e-11,1.94458037482734e-10)
(-2.62083094889364e-12,-1.27544968515779e-10,1.67255844741124e-10)
(-1.10610908773652e-12,-1.53304704777634e-10,1.2449740050799e-10)
(5.94910692999416e-12,-1.50928896501421e-10,6.56726277002319e-11)
(-1.75877644631901e-11,-3.81605761926746e-10,2.40640347684939e-11)
(1.18058704241522e-10,-6.0425206187934e-10,-2.59505403419325e-10)
(5.40399782399451e-11,-6.91618026297883e-10,-7.3715585084135e-11)
(3.86285353888413e-11,-7.27779021515374e-10,-1.82184776638207e-11)
(0,0,0)
(0,0,0)
(0,0,0)
(0,0,0)
(0,0,0)
(0,0,0)
(-1.48679951744832e-12,-2.45685562297684e-11,2.91401752305236e-10)
(-3.7076019780598e-12,-4.85111137758052e-11,2.84718373822577e-10)
(-5.84821711855931e-12,-7.06677234712091e-11,2.69250826576568e-10)
(-6.38115148756932e-12,-8.78954480101998e-11,2.41149020214427e-10)
(-5.20524389364993e-12,-9.61031572800553e-11,1.94756723056911e-10)
(2.19001641285497e-12,-9.31114227175691e-11,1.21561646774743e-10)
(1.24312462652646e-17,2.24775166897668e-16,-6.10050141183275e-17)
(2.92411849123937e-11,-6.79052505717575e-10,3.50901089594401e-11)
(3.85024302784177e-11,-7.15274964677946e-10,2.30406990472693e-11)
(3.64864935407383e-11,-7.30327500272454e-10,1.73459323115233e-11)
(0,0,0)
(0,0,0)
(0,0,0)
(0,0,0)
(0,0,0)
(0,0,0)
(-2.83719340234248e-12,-1.83593615559884e-11,3.74850464132197e-10)
(-5.96378508649015e-12,-3.46353817941833e-11,3.68408158614676e-10)
(-9.37172169353483e-12,-4.63840014280813e-11,3.54507148229428e-10)
(-1.19728651007257e-11,-4.93429925635146e-11,3.28496415520825e-10)
(-1.33223122646095e-11,-4.02889201527492e-11,2.82045203420994e-10)
(-7.73157483544568e-12,-2.04456899258827e-11,1.93035073626954e-10)
(1.48982061590108e-17,1.50848171946489e-16,-8.15496299593395e-17)
(2.81694124598215e-11,-6.40066370574568e-10,8.40552927371362e-11)
(3.02638056369989e-11,-6.89412566890927e-10,1.05223888552457e-10)
(3.20180384770194e-11,-6.98672236223085e-10,6.06997970317224e-11)
(0,0,0)
(0,0,0)
(0,0,0)
(0,0,0)
(0,0,0)
(0,0,0)
(-4.40846712221765e-12,-1.2973800022384e-11,4.63080900057133e-10)
(-8.17060469193657e-12,-2.31463776910611e-11,4.57623075473589e-10)
(-1.33209995912189e-11,-2.6292167472291e-11,4.47112295021257e-10)
(-1.97538463097086e-11,-1.62244795207941e-11,4.27753069863509e-10)
(-2.96753067427176e-11,1.53104768219681e-11,3.9235315192423e-10)
(-4.18061637424944e-11,7.53757709152749e-11,3.05844517410715e-10)
(1.12107038894968e-17,1.88540687340148e-16,-2.58412166370898e-16)
(-3.20115726437796e-11,-6.2613761286796e-10,4.22657105245638e-10)
(1.53597729974079e-11,-6.28663549927794e-10,2.45227726543986e-10)
(2.60745383212808e-11,-6.26244132188937e-10,1.1631341210954e-10)
(0,0,0)
(0,0,0)
(0,0,0)
(0,0,0)
(0,0,0)
(0,0,0)
(-4.39306578048198e-12,-8.89400831390922e-12,5.47897872201212e-10)
(-8.70372280259742e-12,-1.52842273849726e-11,5.44238854062125e-10)
(-1.4797555428596e-11,-1.37274524607356e-11,5.37411842807577e-10)
(-2.42932010927561e-11,2.3578677552737e-12,5.27610442142054e-10)
(-4.9692237213898e-11,5.37715865283221e-11,5.19646571860168e-10)
(-1.46755670200229e-10,2.17497362203848e-10,5.28468875687992e-10)
(8.4682699751978e-11,-4.17863314599999e-10,6.12602546890418e-10)
(2.3712728428306e-11,-4.78834149180221e-10,4.74812672832484e-10)
(2.25222794268343e-11,-4.96438851045884e-10,3.05081708750454e-10)
(2.52279895556989e-11,-5.02793619165271e-10,1.49007945149226e-10)
(0,0,0)
(0,0,0)
(0,0,0)
(0,0,0)
(0,0,0)
(0,0,0)
(-3.70735877412167e-12,-5.87858205416921e-12,6.18113028691578e-10)
(-7.47041167360858e-12,-1.01731884399511e-11,6.1500772537011e-10)
(-1.21040549007809e-11,-9.65938460543502e-12,6.08909187323887e-10)
(-1.73670565566709e-11,-4.31114558346193e-12,6.01368199942413e-10)
(-2.54401144454829e-11,3.74033813034018e-12,5.94718845809958e-10)
(-3.30916728332923e-11,-1.21333641092976e-11,5.91487962798389e-10)
(1.85661227867624e-11,-2.14492793066821e-10,5.82359676299172e-10)
(2.11922182548308e-11,-2.98949944456764e-10,4.74508182462577e-10)
(2.31875499558974e-11,-3.33593697227042e-10,3.25168934010547e-10)
(2.47332087951649e-11,-3.47655852361714e-10,1.64438260545701e-10)
(0,0,0)
(0,0,0)
(0,0,0)
(0,0,0)
(0,0,0)
(0,0,0)
(-3.33585529583995e-12,-2.97218803676735e-12,6.59373274416738e-10)
(-6.45441666117479e-12,-5.03973175071065e-12,6.56113977138547e-10)
(-9.93626413275612e-12,-5.56992647543188e-12,6.50108964274802e-10)
(-1.25645538153801e-11,-5.90420015267744e-12,6.41996279998527e-10)
(-1.39409608459565e-11,-9.70344109702643e-12,6.3092845896885e-10)
(-9.07344624099557e-12,-3.19985763401354e-11,6.13161501004017e-10)
(1.05462003173034e-11,-9.95077497500212e-11,5.7210998806032e-10)
(1.90703506449233e-11,-1.43478880406071e-10,4.72651591988403e-10)
(2.20815656395813e-11,-1.66608994628332e-10,3.32979187646692e-10)
(2.27255698291847e-11,-1.77341825032557e-10,1.71909675639047e-10)
(0,0,0)
(0,0,0)
(0,0,0)
(0,0,0)
(0,0,0)
(0,0,0)
(0,0,0)
(0,0,0)
(0,0,0)
(0,0,0)
(0,0,0)
(0,0,0)
(0,0,0)
(0,0,0)
(0,0,0)
(0,0,0)
(0,0,0)
(0,0,0)
(0,0,0)
(0,0,0)
(0,0,0)
(0,0,0)
(0,0,0)
(0,0,0)
(0,0,0)
(0,0,0)
(0,0,0)
(0,0,0)
(0,0,0)
(0,0,0)
(0,0,0)
(0,0,0)
(0,0,0)
(0,0,0)
(0,0,0)
(0,0,0)
(0,0,0)
(0,0,0)
(0,0,0)
(0,0,0)
(0,0,0)
(0,0,0)
(0,0,0)
(0,0,0)
(0,0,0)
(0,0,0)
(0,0,0)
(0,0,0)
(0,0,0)
(0,0,0)
(0,0,0)
(0,0,0)
(0,0,0)
(0,0,0)
(0,0,0)
(0,0,0)
(0,0,0)
(0,0,0)
(0,0,0)
(0,0,0)
(0,0,0)
(0,0,0)
(0,0,0)
(0,0,0)
(0,0,0)
(0,0,0)
(0,0,0)
(0,0,0)
(0,0,0)
(0,0,0)
(0,0,0)
(0,0,0)
(0,0,0)
(0,0,0)
(0,0,0)
(0,0,0)
(0,0,0)
(0,0,0)
(0,0,0)
(0,0,0)
(0,0,0)
(0,0,0)
(0,0,0)
(0,0,0)
(0,0,0)
(0,0,0)
(0,0,0)
(0,0,0)
(0,0,0)
(0,0,0)
(0,0,0)
(0,0,0)
(0,0,0)
(0,0,0)
(0,0,0)
(0,0,0)
(0,0,0)
(0,0,0)
(0,0,0)
(0,0,0)
(0,0,0)
(0,0,0)
(6.25825833116988e-14,-4.2958403157045e-11,4.21568109502368e-11)
(-1.30911089011566e-13,-8.87122133002258e-11,4.00036587021527e-11)
(-3.37204177966852e-13,-1.39647915000765e-10,3.55143457727126e-11)
(6.02215936337236e-15,-1.99060561288659e-10,2.86278808791868e-11)
(1.37135217577968e-12,-2.68008572102858e-10,1.82448600433721e-11)
(3.1234425159011e-12,-3.47430386938699e-10,5.42921622549436e-12)
(4.67346794572784e-12,-4.33521067098801e-10,-6.46640967704462e-12)
(6.92209913146226e-12,-5.15102357635371e-10,-1.100206654759e-11)
(8.73016046048757e-12,-5.75918639241315e-10,-9.15015504301521e-12)
(8.55103148820917e-12,-6.08147515673369e-10,-4.85707723101525e-12)
(0,0,0)
(0,0,0)
(0,0,0)
(0,0,0)
(0,0,0)
(0,0,0)
(-1.32407187761379e-13,-4.07978271217636e-11,8.84176956598097e-11)
(-2.7725490883413e-13,-8.39556031634524e-11,8.4495590505417e-11)
(-3.31935413488486e-13,-1.3224368146776e-10,7.61559923007997e-11)
(-4.70263578394039e-14,-1.8819898864361e-10,6.22909248344475e-11)
(1.73248009929128e-12,-2.54087562033042e-10,4.12005253174962e-11)
(4.51953098624181e-12,-3.335453286034e-10,1.28621357072472e-11)
(7.05665348951181e-12,-4.2621021268679e-10,-1.73661233369341e-11)
(1.29423182615022e-11,-5.13609834933793e-10,-2.55007313024874e-11)
(1.54916606036184e-11,-5.76954418189513e-10,-1.91121781412989e-11)
(1.45904491830205e-11,-6.10062511667822e-10,-9.51736448667421e-12)
(0,0,0)
(0,0,0)
(0,0,0)
(0,0,0)
(0,0,0)
(0,0,0)
(-2.44514550263655e-13,-3.68222215631019e-11,1.41144012531292e-10)
(-2.88249283894139e-13,-7.53617140226293e-11,1.35577236098915e-10)
(3.29858139602079e-14,-1.18251350935138e-10,1.24063322335277e-10)
(8.30296681392199e-13,-1.66905289578129e-10,1.04267887378461e-10)
(1.23093498394442e-12,-2.24504168228394e-10,7.32908700138519e-11)
(9.1664302390919e-13,-3.00361756491788e-10,2.60729807659565e-11)
(-5.320696909613e-12,-4.13132411026889e-10,-3.94375143082384e-11)
(1.57532200700337e-11,-5.12792412542951e-10,-4.47461032201198e-11)
(2.06645500407798e-11,-5.79451603880189e-10,-2.63121302829262e-11)
(1.99524484309037e-11,-6.13192950522724e-10,-1.06382321817543e-11)
(0,0,0)
(0,0,0)
(0,0,0)
(0,0,0)
(0,0,0)
(0,0,0)
(-3.35800857705069e-13,-3.12455088630837e-11,2.01145993673524e-10)
(-9.27530963488133e-13,-6.38683129440699e-11,1.95607552953012e-10)
(-8.95222818851556e-13,-9.87468984246586e-11,1.82557742940108e-10)
(4.88092778648293e-13,-1.35760378297085e-10,1.59408773311067e-10)
(5.17116222456142e-13,-1.76315518510933e-10,1.23454780018273e-10)
(-1.02597739221196e-11,-2.33061003428686e-10,6.36567438249146e-11)
(-1.15624312977228e-10,-4.09209131493494e-10,-7.88769966198757e-11)
(7.06932974458663e-12,-5.20374414025166e-10,-5.05204935781039e-11)
(2.21998091996564e-11,-5.84430197575134e-10,-1.52908744884273e-11)
(2.29585364820641e-11,-6.14549253725041e-10,-1.81223979312892e-12)
(0,0,0)
(0,0,0)
(0,0,0)
(0,0,0)
(0,0,0)
(0,0,0)
(-1.01261570855894e-12,-2.56065243759576e-11,2.7063660678689e-10)
(-2.11578671369315e-12,-5.11689967026518e-11,2.64641448806223e-10)
(-2.03013279954802e-12,-7.65453904120418e-11,2.50800094076884e-10)
(1.45869022326076e-12,-1.00312947251136e-10,2.27661896105829e-10)
(1.21755952612223e-11,-1.16662367678192e-10,1.94614460936774e-10)
(5.10859914009407e-11,-9.70986212529563e-11,1.56316725036527e-10)
(-3.50900836062133e-11,-5.30718251984959e-10,1.53341829709487e-10)
(2.30445968151505e-12,-5.48823332353639e-10,7.25628561286652e-11)
(1.83347992270273e-11,-5.8554026015755e-10,4.53538800552348e-11)
(2.21771618029121e-11,-6.05348485995181e-10,2.42593991158196e-11)
(0,0,0)
(0,0,0)
(0,0,0)
(0,0,0)
(0,0,0)
(0,0,0)
(-1.78044941846819e-12,-1.98654046732266e-11,3.44813581872935e-10)
(-3.55177880433559e-12,-3.85270027787896e-11,3.3880706417182e-10)
(-3.45282294071529e-12,-5.55291667429041e-11,3.2590493280218e-10)
(1.35983395638735e-12,-6.83510233348197e-11,3.04806670844691e-10)
(2.00884205547078e-11,-7.28129803879601e-11,2.75668673361234e-10)
(8.94821195000066e-11,-5.45388839067969e-11,2.44720253674831e-10)
(-8.40553970810753e-11,-4.75349728894637e-10,2.40442098112606e-10)
(-6.92794106210768e-12,-5.19635218462265e-10,1.63812326069684e-10)
(1.40388801946717e-11,-5.55144878157652e-10,1.11944065463725e-10)
(2.02897314746131e-11,-5.70918773741642e-10,5.72173005808204e-11)
(0,0,0)
(0,0,0)
(0,0,0)
(0,0,0)
(0,0,0)
(0,0,0)
(-3.03043424715234e-12,-1.46612818198116e-11,4.18976341824074e-10)
(-5.52197454575288e-12,-2.77281197599935e-11,4.13364402794281e-10)
(-6.52648944498933e-12,-3.76870759041941e-11,4.02551938092005e-10)
(-2.93627564650303e-12,-4.11851399680196e-11,3.85919912927405e-10)
(1.83722180644662e-11,-3.32278209890516e-11,3.67216509807407e-10)
(1.21917020791821e-10,1.6014284631119e-11,3.66435328477831e-10)
(-4.79384930639683e-12,-4.71996218810871e-10,5.16227569023292e-10)
(-1.8856576299079e-12,-4.74030590279147e-10,3.15031097353324e-10)
(1.20493885499464e-11,-4.94441564588528e-10,1.93750449001981e-10)
(1.89374374071221e-11,-5.0540285597256e-10,9.40918946226861e-11)
(0,0,0)
(0,0,0)
(0,0,0)
(0,0,0)
(0,0,0)
(0,0,0)
(-3.74947390112256e-12,-1.00777252969024e-11,4.85245634792118e-10)
(-6.98775049312303e-12,-1.9168537954883e-11,4.80906003662853e-10)
(-9.06422261832615e-12,-2.4802069139169e-11,4.72371684447117e-10)
(-9.66031747216604e-12,-2.58944568838615e-11,4.60134423040382e-10)
(-8.48329264373167e-12,-2.43410798750325e-11,4.47867498305272e-10)
(-1.25861508951398e-12,-4.14769020619902e-11,4.43441254723856e-10)
(1.91020522767658e-11,-2.81078609801728e-10,4.56017562658569e-10)
(1.35594877868773e-11,-3.58698399887538e-10,3.55841390746225e-10)
(1.57508892092324e-11,-3.91410272340667e-10,2.36799673769274e-10)
(1.90981679013835e-11,-4.04829592420956e-10,1.17782802298745e-10)
(0,0,0)
(0,0,0)
(0,0,0)
(0,0,0)
(0,0,0)
(0,0,0)
(-3.50844947002848e-12,-6.70048360090154e-12,5.38015404650903e-10)
(-6.50533031662367e-12,-1.28845453685297e-11,5.33705672866005e-10)
(-8.65252564930687e-12,-1.69576951497127e-11,5.25368661619621e-10)
(-9.12464785500799e-12,-2.03927759381683e-11,5.13958551645276e-10)
(-8.76545220655203e-12,-2.92601399450708e-11,5.00397720695993e-10)
(-4.09817410328241e-12,-6.31242558009077e-11,4.83770040872917e-10)
(1.14325733066115e-11,-1.71049320730542e-10,4.5426211607488e-10)
(1.50604026561712e-11,-2.34516714565893e-10,3.70123532640097e-10)
(1.69335208220259e-11,-2.6656153455686e-10,2.56393059092713e-10)
(1.88574420117176e-11,-2.80502426245024e-10,1.30421285260121e-10)
(0,0,0)
(0,0,0)
(0,0,0)
(0,0,0)
(0,0,0)
(0,0,0)
(-3.04874605441596e-12,-3.42586174412408e-12,5.68650934677602e-10)
(-5.48913554814005e-12,-6.49757597721807e-12,5.63997387191135e-10)
(-7.39350633191365e-12,-9.06710428550343e-12,5.55753234796905e-10)
(-7.40093293838027e-12,-1.2301742650595e-11,5.43962443856713e-10)
(-5.87744397815014e-12,-2.01289705728469e-11,5.27678444456818e-10)
(-2.05096374394228e-14,-4.08226266134423e-11,5.02647370066036e-10)
(1.0496846639198e-11,-8.37595085115766e-11,4.58382108492013e-10)
(1.52638745805591e-11,-1.15565747478196e-10,3.76309796825917e-10)
(1.65420830188813e-11,-1.341920152649e-10,2.6542378490329e-10)
(1.72934204356715e-11,-1.43183721100422e-10,1.37181996708634e-10)
(0,0,0)
(0,0,0)
(0,0,0)
(0,0,0)
(0,0,0)
(0,0,0)
(0,0,0)
(0,0,0)
(0,0,0)
(0,0,0)
(0,0,0)
(0,0,0)
(0,0,0)
(0,0,0)
(0,0,0)
(0,0,0)
(0,0,0)
(0,0,0)
(0,0,0)
(0,0,0)
(0,0,0)
(0,0,0)
(0,0,0)
(0,0,0)
(0,0,0)
(0,0,0)
(0,0,0)
(0,0,0)
(0,0,0)
(0,0,0)
(0,0,0)
(0,0,0)
(0,0,0)
(0,0,0)
(0,0,0)
(0,0,0)
(0,0,0)
(0,0,0)
(0,0,0)
(0,0,0)
(0,0,0)
(0,0,0)
(0,0,0)
(0,0,0)
(0,0,0)
(0,0,0)
(0,0,0)
(0,0,0)
(0,0,0)
(0,0,0)
(0,0,0)
(0,0,0)
(0,0,0)
(0,0,0)
(0,0,0)
(0,0,0)
(0,0,0)
(0,0,0)
(0,0,0)
(0,0,0)
(0,0,0)
(0,0,0)
(0,0,0)
(0,0,0)
(0,0,0)
(0,0,0)
(0,0,0)
(0,0,0)
(0,0,0)
(0,0,0)
(0,0,0)
(0,0,0)
(0,0,0)
(0,0,0)
(0,0,0)
(0,0,0)
(0,0,0)
(0,0,0)
(0,0,0)
(0,0,0)
(0,0,0)
(0,0,0)
(0,0,0)
(0,0,0)
(0,0,0)
(0,0,0)
(0,0,0)
(0,0,0)
(0,0,0)
(0,0,0)
(0,0,0)
(0,0,0)
(0,0,0)
(0,0,0)
(0,0,0)
(0,0,0)
(0,0,0)
(0,0,0)
(0,0,0)
(0,0,0)
(0,0,0)
(0,0,0)
(5.51587961363351e-14,-4.22711118977909e-11,4.09886743351908e-11)
(-3.98208296340974e-13,-8.6580217097501e-11,3.90855603555427e-11)
(-8.54972817458537e-13,-1.35092148859737e-10,3.50060009963005e-11)
(-4.72529649862632e-13,-1.91949656652863e-10,2.91261396381784e-11)
(2.65985923824621e-13,-2.57706261100412e-10,2.09158142257951e-11)
(1.13401008317776e-12,-3.30534418525174e-10,1.11926935792852e-11)
(1.89827040426481e-12,-4.05982404901391e-10,2.26180259151882e-12)
(3.57766492525906e-12,-4.7411059101303e-10,-2.75703655686423e-12)
(5.47286159669733e-12,-5.24319661609356e-10,-3.71217354817034e-12)
(5.60895025167687e-12,-5.51204138477934e-10,-2.18244335550941e-12)
(0,0,0)
(0,0,0)
(0,0,0)
(0,0,0)
(0,0,0)
(0,0,0)
(-1.85907592038179e-13,-4.038192641374e-11,8.43987562939954e-11)
(-5.31545845056274e-13,-8.25482423099294e-11,8.1048702150676e-11)
(-4.59198479756159e-13,-1.29265395590091e-10,7.39912553895448e-11)
(-2.50325906349729e-13,-1.83766391639919e-10,6.27639669089056e-11)
(4.87475904884495e-13,-2.47717558399636e-10,4.64327522315742e-11)
(1.56421791878779e-12,-3.20924255227099e-10,2.61240470071125e-11)
(2.11345979520951e-12,-3.99685025456199e-10,6.19027173984122e-12)
(5.7363427094568e-12,-4.71068426551776e-10,-3.78062895644712e-12)
(8.39403263966722e-12,-5.2294583623376e-10,-5.28888574581877e-12)
(8.20352355127348e-12,-5.50396450530403e-10,-3.044016381087e-12)
(0,0,0)
(0,0,0)
(0,0,0)
(0,0,0)
(0,0,0)
(0,0,0)
(-2.54450817905572e-13,-3.70207338984774e-11,1.33367914930147e-10)
(-2.67736598817219e-13,-7.54329415699544e-11,1.28644963674881e-10)
(3.23968260311679e-13,-1.17866389884042e-10,1.19077520743876e-10)
(6.62402764943477e-13,-1.67210746674571e-10,1.03178567791575e-10)
(2.60174514369819e-13,-2.26967575860285e-10,7.98770837270665e-11)
(-8.73614964965678e-13,-3.00324172194805e-10,4.8804919603206e-11)
(-3.93538753123434e-12,-3.88469953741486e-10,1.48012367899281e-11)
(4.90124861512282e-12,-4.65995794102877e-10,7.51121285524218e-13)
(9.96924563454291e-12,-5.2016497618046e-10,-9.62482857861963e-13)
(1.06705194514563e-11,-5.48478718154696e-10,1.78347364058765e-13)
(0,0,0)
(0,0,0)
(0,0,0)
(0,0,0)
(0,0,0)
(0,0,0)
(-4.36344624336539e-13,-3.2235778331359e-11,1.8950575575914e-10)
(-5.77037192000766e-13,-6.56383584470585e-11,1.84354667622912e-10)
(5.22387976087952e-14,-1.01571662143687e-10,1.73336245203768e-10)
(9.94655025501445e-13,-1.433271724359e-10,1.54834533129102e-10)
(6.62001583037362e-13,-1.95639430424019e-10,1.28044793528104e-10)
(-3.68841565307317e-12,-2.67201567664749e-10,9.06926541431613e-11)
(-2.24716955275374e-11,-3.77531704918446e-10,4.22426670471595e-11)
(2.88628983355527e-13,-4.61160720049574e-10,2.47411679683732e-11)
(9.83123708674371e-12,-5.15220560875752e-10,1.80505994264081e-11)
(1.19455289590973e-11,-5.4178804475725e-10,1.04308832106917e-11)
(0,0,0)
(0,0,0)
(0,0,0)
(0,0,0)
(0,0,0)
(0,0,0)
(-7.58577430626232e-13,-2.69897434381057e-11,2.5478368344613e-10)
(-9.16425908220105e-13,-5.46493565951635e-11,2.49134974034601e-10)
(9.18415023840959e-14,-8.31877733153244e-11,2.3699178563721e-10)
(2.54420147598343e-12,-1.16084099735874e-10,2.18105981995865e-10)
(6.62394387124143e-12,-1.57860665356986e-10,1.92440928957938e-10)
(1.1501149381863e-11,-2.21617099000839e-10,1.61789264661935e-10)
(-9.67963311573978e-12,-3.78451645797881e-10,1.32082528053247e-10)
(3.25321863609531e-13,-4.54809877548565e-10,9.09517854212804e-11)
(9.03389816664353e-12,-5.01939395775951e-10,5.92604025010502e-11)
(1.20068486651793e-11,-5.2435287797468e-10,2.9986985509775e-11)
(0,0,0)
(0,0,0)
(0,0,0)
(0,0,0)
(0,0,0)
(0,0,0)
(-9.78054570739757e-13,-2.15191347427341e-11,3.22430543497896e-10)
(-1.44853045348981e-12,-4.30466552297622e-11,3.17030171418277e-10)
(-1.96651821940248e-13,-6.47863347650782e-11,3.05506534116606e-10)
(3.33194807305237e-12,-8.94617532828123e-11,2.87985402077321e-10)
(1.14516808422028e-11,-1.22992117425027e-10,2.65035562084612e-10)
(2.32071065243245e-11,-1.83233683819123e-10,2.40081322648302e-10)
(-1.07791351218856e-11,-3.45278980956998e-10,2.15266034724177e-10)
(-6.6430863934924e-13,-4.23450160315032e-10,1.62524955337161e-10)
(8.06233150847579e-12,-4.67660261447534e-10,1.08817202750981e-10)
(1.19911142863973e-11,-4.87561396043535e-10,5.45464327336889e-11)
(0,0,0)
(0,0,0)
(0,0,0)
(0,0,0)
(0,0,0)
(0,0,0)
(-2.00205174030636e-12,-1.65978109475495e-11,3.87904418070717e-10)
(-3.26909164857285e-12,-3.27048944640193e-11,3.82563511679674e-10)
(-2.77947104543199e-12,-4.82222533761307e-11,3.72072648652712e-10)
(4.76444389324692e-13,-6.5321020158064e-11,3.56898532814479e-10)
(1.02666582800574e-11,-9.09623117936203e-11,3.39035182865283e-10)
(2.96159669394591e-11,-1.41927174477079e-10,3.2392750010423e-10)
(5.48501335449095e-12,-3.03294175997967e-10,3.1955372005447e-10)
(4.06280032985675e-12,-3.71597716848318e-10,2.4215240683109e-10)
(8.67665068138578e-12,-4.09374703086707e-10,1.60552288600971e-10)
(1.24560684781835e-11,-4.26660891991656e-10,7.97736383763353e-11)
(0,0,0)
(0,0,0)
(0,0,0)
(0,0,0)
(0,0,0)
(0,0,0)
(-2.78708446783805e-12,-1.20530375951945e-11,4.44990660081541e-10)
(-4.73742386375792e-12,-2.39685322873857e-11,4.39998878295745e-10)
(-4.67133520102953e-12,-3.50131588897283e-11,4.30156710219506e-10)
(-2.89507368275377e-12,-4.7761780346296e-11,4.16330591630555e-10)
(8.62011007726586e-13,-6.95566964939315e-11,3.99733022764545e-10)
(7.81243071477495e-12,-1.1618511493879e-10,3.80910370213243e-10)
(9.24893511783665e-12,-2.24040212915233e-10,3.54506519613462e-10)
(8.41951944220254e-12,-2.89036710569007e-10,2.83813241041864e-10)
(9.91902289595551e-12,-3.24485092409852e-10,1.94192352009793e-10)
(1.25538040241927e-11,-3.40412033465534e-10,9.7737186295025e-11)
(0,0,0)
(0,0,0)
(0,0,0)
(0,0,0)
(0,0,0)
(0,0,0)
(-2.47333954191133e-12,-8.16960553672698e-12,4.88168862672055e-10)
(-4.55528846154047e-12,-1.64183143248718e-11,4.83088109602451e-10)
(-5.13300653916463e-12,-2.39732615106425e-11,4.73040060301017e-10)
(-3.65485019328941e-12,-3.35953124785362e-11,4.58814264229366e-10)
(-1.26894175574208e-12,-5.14183589880738e-11,4.40602521331398e-10)
(3.10812150727213e-12,-8.619813769067e-11,4.15434681736746e-10)
(8.2813445224826e-12,-1.48534700471088e-10,3.75708481352617e-10)
(9.83990911584354e-12,-1.95337768574912e-10,3.05452150571844e-10)
(1.05357753626797e-11,-2.23036819221616e-10,2.13097204656622e-10)
(1.19600221272416e-11,-2.36109795713247e-10,1.08849297236055e-10)
(0,0,0)
(0,0,0)
(0,0,0)
(0,0,0)
(0,0,0)
(0,0,0)
(-1.82106031207381e-12,-4.24394926815457e-12,5.13328003655202e-10)
(-3.74255913112724e-12,-8.49132583557618e-12,5.07961980873212e-10)
(-4.66981967722524e-12,-1.25470385645743e-11,4.97694865559911e-10)
(-3.41867618907931e-12,-1.78712501452719e-11,4.82648235047482e-10)
(-9.75340160213166e-13,-2.81714222787244e-11,4.62721734627513e-10)
(3.4221253231434e-12,-4.63467172729703e-11,4.33004144511224e-10)
(8.80964979371142e-12,-7.47876734081903e-11,3.86972039184634e-10)
(1.0584139024994e-11,-9.83652325670733e-11,3.15734030658527e-10)
(1.05918559486274e-11,-1.13358297388505e-10,2.22414070535777e-10)
(1.1291696043869e-11,-1.20780599197699e-10,1.14697339716947e-10)
(0,0,0)
(0,0,0)
(0,0,0)
(0,0,0)
(0,0,0)
(0,0,0)
(0,0,0)
(0,0,0)
(0,0,0)
(0,0,0)
(0,0,0)
(0,0,0)
(0,0,0)
(0,0,0)
(0,0,0)
(0,0,0)
(0,0,0)
(0,0,0)
(0,0,0)
(0,0,0)
(0,0,0)
(0,0,0)
(0,0,0)
(0,0,0)
(0,0,0)
(0,0,0)
(0,0,0)
(0,0,0)
(0,0,0)
(0,0,0)
(0,0,0)
(0,0,0)
(0,0,0)
(0,0,0)
(0,0,0)
(0,0,0)
(0,0,0)
(0,0,0)
(0,0,0)
(0,0,0)
(0,0,0)
(0,0,0)
(0,0,0)
(0,0,0)
(0,0,0)
(0,0,0)
(0,0,0)
(0,0,0)
(0,0,0)
(0,0,0)
(0,0,0)
(0,0,0)
(0,0,0)
(0,0,0)
(0,0,0)
(0,0,0)
(0,0,0)
(0,0,0)
(0,0,0)
(0,0,0)
(0,0,0)
(0,0,0)
(0,0,0)
(0,0,0)
(0,0,0)
(0,0,0)
(0,0,0)
(0,0,0)
(0,0,0)
(0,0,0)
(0,0,0)
(0,0,0)
(0,0,0)
(0,0,0)
(0,0,0)
(0,0,0)
(0,0,0)
(0,0,0)
(0,0,0)
(0,0,0)
(0,0,0)
(0,0,0)
(0,0,0)
(0,0,0)
(0,0,0)
(0,0,0)
(0,0,0)
(0,0,0)
(0,0,0)
(0,0,0)
(0,0,0)
(0,0,0)
(0,0,0)
(0,0,0)
(0,0,0)
(0,0,0)
(0,0,0)
(0,0,0)
(0,0,0)
(0,0,0)
(0,0,0)
(0,0,0)
(6.90872917591618e-14,-4.08540822684331e-11,4.0105058610465e-11)
(-3.50623724681042e-13,-8.36314500293797e-11,3.86897954823468e-11)
(-8.01864728987828e-13,-1.30742406949202e-10,3.52085110179917e-11)
(-4.45469250404991e-13,-1.8742811860621e-10,3.01002937832368e-11)
(4.03869539378994e-16,-2.52883720436886e-10,2.33247341520215e-11)
(4.5473777287867e-13,-3.23105543336468e-10,1.51320403615824e-11)
(6.19730107443829e-13,-3.92963682074151e-10,7.6471779048534e-12)
(1.49063745531873e-12,-4.54843741707214e-10,2.68516424333364e-12)
(2.56930602842002e-12,-4.99514192782661e-10,3.9537542608745e-13)
(2.61881894862879e-12,-5.22835201247454e-10,-3.66497094746072e-14)
(0,0,0)
(0,0,0)
(0,0,0)
(0,0,0)
(0,0,0)
(0,0,0)
(-1.97045963985765e-13,-3.93697318485386e-11,8.29569885022808e-11)
(-5.89399823875013e-13,-8.05007892896984e-11,8.00059612249492e-11)
(-6.30915705144886e-13,-1.26436054443481e-10,7.384310568361e-11)
(-4.74756194406724e-13,-1.81098028225371e-10,6.42279231137439e-11)
(4.61985900049815e-14,-2.44690622776904e-10,5.04146597817216e-11)
(8.97910153759347e-13,-3.15165943106828e-10,3.36087240571608e-11)
(8.69288776774234e-13,-3.87381938305217e-10,1.81049096164879e-11)
(2.17196704993017e-12,-4.51063315434644e-10,7.97712736083457e-12)
(3.36830322162778e-12,-4.96512861618676e-10,2.96859797257899e-12)
(3.24177479449368e-12,-5.20253032008299e-10,9.56448123802413e-13)
(0,0,0)
(0,0,0)
(0,0,0)
(0,0,0)
(0,0,0)
(0,0,0)
(-3.16455129724981e-13,-3.66157505351966e-11,1.30156506357501e-10)
(-4.9487679071251e-13,-7.49273335722308e-11,1.25954256052806e-10)
(-7.18065277779535e-14,-1.17451787578753e-10,1.17424206784803e-10)
(8.03125907871362e-14,-1.67759521087748e-10,1.03725163011615e-10)
(4.19320196702786e-15,-2.27838488462334e-10,8.40703310022536e-11)
(7.46331825643545e-15,-2.9876421851242e-10,5.97164254096874e-11)
(-8.23520849853164e-13,-3.76384867272787e-10,3.59603685368766e-11)
(1.77977870518188e-12,-4.43882818996453e-10,1.99521526238914e-11)
(3.88400010791212e-12,-4.91132408548267e-10,1.09541110682877e-11)
(4.15819341806938e-12,-5.16054809090006e-10,5.56849918544876e-12)
(0,0,0)
(0,0,0)
(0,0,0)
(0,0,0)
(0,0,0)
(0,0,0)
(-5.31291381346973e-13,-3.27299553602365e-11,1.83853711369317e-10)
(-5.47616624774191e-13,-6.68921610949236e-11,1.78704187153584e-10)
(1.70062043933111e-13,-1.03824550333348e-10,1.68716080626095e-10)
(5.41321926485046e-13,-1.48024376487598e-10,1.53020209534808e-10)
(2.35375900951742e-13,-2.03480389667811e-10,1.30799065249413e-10)
(-8.22897220966806e-13,-2.75000698321343e-10,1.02300011393021e-10)
(-4.05025556924366e-12,-3.61200172209656e-10,7.17977454838178e-11)
(6.2835502425404e-13,-4.3310499873567e-10,4.86698458365501e-11)
(4.16978820267216e-12,-4.81862796557517e-10,3.11535287067805e-11)
(4.94124538721778e-12,-5.06328116486494e-10,1.58728006403233e-11)
(0,0,0)
(0,0,0)
(0,0,0)
(0,0,0)
(0,0,0)
(0,0,0)
(-5.80476714431781e-13,-2.81117225258414e-11,2.46269707827031e-10)
(-3.7593887622286e-13,-5.74516711922055e-11,2.40619071673557e-10)
(5.76206593438658e-13,-8.79586171981428e-11,2.29629006032653e-10)
(1.58690806086697e-12,-1.25261910275701e-10,2.13289371333895e-10)
(2.40706023529077e-12,-1.74745959910467e-10,1.90946967297349e-10)
(2.82447080883042e-12,-2.45321329633113e-10,1.6321524512199e-10)
(-1.7215553246532e-12,-3.42122528131658e-10,1.32765109367965e-10)
(6.56987550241052e-13,-4.14960326581606e-10,9.84391718972014e-11)
(4.02818082949731e-12,-4.62412280288403e-10,6.53319032434873e-11)
(5.20235224380912e-12,-4.85514070458958e-10,3.29428493187558e-11)
(0,0,0)
(0,0,0)
(0,0,0)
(0,0,0)
(0,0,0)
(0,0,0)
(-4.99006286298173e-13,-2.30415630868047e-11,3.10858692131282e-10)
(-2.66653917563814e-13,-4.6837544427539e-11,3.05276526978567e-10)
(7.60398828412056e-13,-7.10427759059373e-11,2.94279240317722e-10)
(2.1410549410012e-12,-1.01332598178273e-10,2.78488651633567e-10)
(4.37611464708086e-12,-1.44607177499831e-10,2.576965306982e-10)
(6.71588510639085e-12,-2.12046723070228e-10,2.3228758417936e-10)
(-2.28606938733048e-14,-3.09518145985559e-10,2.01195021691298e-10)
(1.19100048015451e-12,-3.81196070377665e-10,1.56308820519214e-10)
(4.04754316491992e-12,-4.25995045534157e-10,1.05922145697005e-10)
(5.63704296815811e-12,-4.47368868896392e-10,5.34989623023425e-11)
(0,0,0)
(0,0,0)
(0,0,0)
(0,0,0)
(0,0,0)
(0,0,0)
(-1.20591870160157e-12,-1.79584042203901e-11,3.7190547851872e-10)
(-1.51459079824766e-12,-3.6106911684246e-11,3.66205150268352e-10)
(-8.14449693562581e-13,-5.4491788393378e-11,3.55602469432656e-10)
(7.80554526717515e-13,-7.83994223019196e-11,3.40979818583998e-10)
(3.96872574142097e-12,-1.14822116333867e-10,3.22409516778369e-10)
(8.24768745097649e-12,-1.74238275475812e-10,2.99416662290805e-10)
(3.63236349503861e-12,-2.64654805507317e-10,2.69133722594674e-10)
(3.10191228065499e-12,-3.29618395075328e-10,2.13111917900151e-10)
(4.56569022920364e-12,-3.69524318974564e-10,1.45749243670169e-10)
(5.98084832839161e-12,-3.8823286362589e-10,7.3597934442308e-11)
(0,0,0)
(0,0,0)
(0,0,0)
(0,0,0)
(0,0,0)
(0,0,0)
(-1.67873474047369e-12,-1.34639946716163e-11,4.25053274246758e-10)
(-2.4454737500574e-12,-2.70188216467983e-11,4.192815667529e-10)
(-1.88511399115501e-12,-4.0683587238274e-11,4.08340831768423e-10)
(-4.63972684505145e-13,-5.90485659695651e-11,3.9358507713283e-10)
(1.54632605316068e-12,-8.78605361048603e-11,3.74576084451858e-10)
(4.22930406642304e-12,-1.35707648328761e-10,3.49584838034069e-10)
(4.43670124531008e-12,-2.05000637317737e-10,3.12567936913219e-10)
(4.34146648015615e-12,-2.59153808564686e-10,2.51673744544743e-10)
(4.92591542248594e-12,-2.92807319517485e-10,1.74716857691857e-10)
(5.98875256692098e-12,-3.08654080855191e-10,8.87978260034336e-11)
(0,0,0)
(0,0,0)
(0,0,0)
(0,0,0)
(0,0,0)
(0,0,0)
(-1.31824274088018e-12,-9.37102191822161e-12,4.63760677143188e-10)
(-2.43422764939601e-12,-1.85235604124005e-11,4.58193913415751e-10)
(-2.33343341358476e-12,-2.78129465938228e-11,4.46902514286412e-10)
(-1.16716962859632e-12,-4.05035459730973e-11,4.31150643494561e-10)
(6.51961129557816e-13,-6.13229636339075e-11,4.10273017485892e-10)
(2.98290147371566e-12,-9.44614431415008e-11,3.81658706094687e-10)
(4.79064824035525e-12,-1.39669743703965e-10,3.39206168250183e-10)
(5.22231902323592e-12,-1.77855455231628e-10,2.75315638605269e-10)
(5.10516095013755e-12,-2.01962372406578e-10,1.93072560065813e-10)
(5.48012284774954e-12,-2.13867502284831e-10,9.90985160976487e-11)
(0,0,0)
(0,0,0)
(0,0,0)
(0,0,0)
(0,0,0)
(0,0,0)
(-6.98986798238673e-13,-5.122500931651e-12,4.86173329531378e-10)
(-1.96676965340362e-12,-9.66638893245843e-12,4.80351841801489e-10)
(-2.17022772936888e-12,-1.43945092155515e-11,4.68718683215627e-10)
(-1.36342591438232e-12,-2.07930895930269e-11,4.52153946270707e-10)
(5.70827677354241e-13,-3.2056691113164e-11,4.29997430763298e-10)
(3.10751337675529e-12,-4.90260038232595e-11,3.98511567327488e-10)
(5.25998491163523e-12,-7.09885658187051e-11,3.52593076880983e-10)
(5.53886658067266e-12,-9.03900576689378e-11,2.86864495973914e-10)
(4.95028937895006e-12,-1.02883167488276e-10,2.02013304885648e-10)
(5.20843656311262e-12,-1.09288863339435e-10,1.04080426776322e-10)
(0,0,0)
(0,0,0)
(0,0,0)
(0,0,0)
(0,0,0)
(0,0,0)
(0,0,0)
(0,0,0)
(0,0,0)
(0,0,0)
(0,0,0)
(0,0,0)
(0,0,0)
(0,0,0)
(0,0,0)
(0,0,0)
(0,0,0)
(0,0,0)
(0,0,0)
(0,0,0)
(0,0,0)
(0,0,0)
(0,0,0)
(0,0,0)
(0,0,0)
(0,0,0)
(0,0,0)
(0,0,0)
(0,0,0)
(0,0,0)
(0,0,0)
(0,0,0)
(0,0,0)
(0,0,0)
(0,0,0)
(0,0,0)
(0,0,0)
(0,0,0)
(0,0,0)
(0,0,0)
(0,0,0)
(0,0,0)
(0,0,0)
(0,0,0)
(0,0,0)
(0,0,0)
(0,0,0)
(0,0,0)
(0,0,0)
(0,0,0)
(0,0,0)
(0,0,0)
(0,0,0)
(0,0,0)
(0,0,0)
(0,0,0)
(0,0,0)
(0,0,0)
(0,0,0)
(0,0,0)
(0,0,0)
(0,0,0)
(0,0,0)
(0,0,0)
(0,0,0)
(0,0,0)
(0,0,0)
(0,0,0)
(0,0,0)
(0,0,0)
(0,0,0)
(0,0,0)
(0,0,0)
(0,0,0)
(0,0,0)
(0,0,0)
(0,0,0)
(0,0,0)
(0,0,0)
(0,0,0)
(0,0,0)
(0,0,0)
(0,0,0)
(0,0,0)
(0,0,0)
(0,0,0)
(0,0,0)
(0,0,0)
(0,0,0)
(0,0,0)
(0,0,0)
(0,0,0)
(0,0,0)
(0,0,0)
(0,0,0)
(0,0,0)
(0,0,0)
(0,0,0)
(0,0,0)
(0,0,0)
(0,0,0)
(0,0,0)
(0,0,0)
(0,0,0)
(0,0,0)
(0,0,0)
(0,0,0)
(0,0,0)
(0,0,0)
(0,0,0)
(0,0,0)
(0,0,0)
(0,0,0)
(0,0,0)
(0,0,0)
(0,0,0)
(0,0,0)
(0,0,0)
(0,0,0)
(0,0,0)
(0,0,0)
(0,0,0)
(0,0,0)
(0,0,0)
(0,0,0)
(0,0,0)
(0,0,0)
(0,0,0)
(0,0,0)
(0,0,0)
(0,0,0)
(0,0,0)
(0,0,0)
(0,0,0)
(0,0,0)
(0,0,0)
(0,0,0)
(0,0,0)
(0,0,0)
(0,0,0)
(0,0,0)
(0,0,0)
(0,0,0)
(0,0,0)
(0,0,0)
(0,0,0)
(0,0,0)
(0,0,0)
(0,0,0)
(0,0,0)
(0,0,0)
(0,0,0)
(0,0,0)
(0,0,0)
(0,0,0)
(0,0,0)
(0,0,0)
(0,0,0)
(0,0,0)
(0,0,0)
(0,0,0)
(0,0,0)
(0,0,0)
(0,0,0)
(0,0,0)
(0,0,0)
(0,0,0)
(0,0,0)
(0,0,0)
(0,0,0)
(0,0,0)
(0,0,0)
(0,0,0)
(0,0,0)
(0,0,0)
(0,0,0)
(0,0,0)
(0,0,0)
(0,0,0)
(0,0,0)
(0,0,0)
(0,0,0)
(0,0,0)
(0,0,0)
(0,0,0)
(0,0,0)
(0,0,0)
(0,0,0)
(0,0,0)
(0,0,0)
(0,0,0)
(0,0,0)
(0,0,0)
(0,0,0)
(0,0,0)
(0,0,0)
(0,0,0)
(0,0,0)
(0,0,0)
(0,0,0)
(0,0,0)
(0,0,0)
(0,0,0)
(0,0,0)
(0,0,0)
(0,0,0)
(0,0,0)
(0,0,0)
(0,0,0)
(0,0,0)
(0,0,0)
(0,0,0)
(0,0,0)
(0,0,0)
(0,0,0)
(0,0,0)
(0,0,0)
(0,0,0)
(0,0,0)
(0,0,0)
(0,0,0)
(0,0,0)
(0,0,0)
(0,0,0)
(0,0,0)
(0,0,0)
(0,0,0)
(0,0,0)
(0,0,0)
(0,0,0)
(0,0,0)
(0,0,0)
(0,0,0)
(0,0,0)
(0,0,0)
(0,0,0)
(0,0,0)
(0,0,0)
(0,0,0)
(0,0,0)
(0,0,0)
(0,0,0)
(0,0,0)
(0,0,0)
(0,0,0)
(0,0,0)
(0,0,0)
(0,0,0)
(0,0,0)
(0,0,0)
(0,0,0)
(0,0,0)
(0,0,0)
(0,0,0)
(0,0,0)
(0,0,0)
(0,0,0)
(0,0,0)
(0,0,0)
(0,0,0)
(0,0,0)
(0,0,0)
(0,0,0)
(0,0,0)
(0,0,0)
(0,0,0)
(0,0,0)
(0,0,0)
(0,0,0)
(0,0,0)
(0,0,0)
(0,0,0)
(0,0,0)
(0,0,0)
(0,0,0)
(0,0,0)
(0,0,0)
(0,0,0)
(0,0,0)
(0,0,0)
(0,0,0)
(0,0,0)
(0,0,0)
(0,0,0)
(0,0,0)
(0,0,0)
(0,0,0)
(0,0,0)
(0,0,0)
(0,0,0)
(0,0,0)
(0,0,0)
(0,0,0)
(0,0,0)
(0,0,0)
(0,0,0)
(0,0,0)
(0,0,0)
(0,0,0)
(0,0,0)
(0,0,0)
(0,0,0)
(0,0,0)
(0,0,0)
(0,0,0)
(0,0,0)
(0,0,0)
(0,0,0)
(0,0,0)
(0,0,0)
(0,0,0)
(0,0,0)
(0,0,0)
(0,0,0)
(0,0,0)
(0,0,0)
(0,0,0)
(0,0,0)
(0,0,0)
(0,0,0)
(0,0,0)
(0,0,0)
(0,0,0)
(0,0,0)
(0,0,0)
(0,0,0)
(0,0,0)
(0,0,0)
(0,0,0)
(0,0,0)
(0,0,0)
(0,0,0)
(0,0,0)
(0,0,0)
(0,0,0)
(0,0,0)
(0,0,0)
(0,0,0)
(0,0,0)
(0,0,0)
(0,0,0)
(0,0,0)
(0,0,0)
(0,0,0)
(0,0,0)
(0,0,0)
(0,0,0)
(0,0,0)
(0,0,0)
(0,0,0)
(0,0,0)
(0,0,0)
(0,0,0)
(0,0,0)
(0,0,0)
(0,0,0)
(0,0,0)
(0,0,0)
(0,0,0)
(0,0,0)
(0,0,0)
(0,0,0)
(0,0,0)
(0,0,0)
(0,0,0)
(0,0,0)
(0,0,0)
(0,0,0)
(0,0,0)
(0,0,0)
(0,0,0)
(0,0,0)
(0,0,0)
(0,0,0)
(0,0,0)
(0,0,0)
(0,0,0)
(0,0,0)
(0,0,0)
(0,0,0)
(0,0,0)
(0,0,0)
(0,0,0)
(0,0,0)
(0,0,0)
(0,0,0)
(0,0,0)
(0,0,0)
(0,0,0)
(0,0,0)
(0,0,0)
(0,0,0)
(0,0,0)
(0,0,0)
(0,0,0)
(0,0,0)
(0,0,0)
(0,0,0)
(0,0,0)
(0,0,0)
(0,0,0)
(0,0,0)
(0,0,0)
(0,0,0)
(0,0,0)
(0,0,0)
(0,0,0)
(0,0,0)
(0,0,0)
(0,0,0)
(0,0,0)
(0,0,0)
(0,0,0)
(0,0,0)
(0,0,0)
(0,0,0)
(0,0,0)
(0,0,0)
(0,0,0)
(0,0,0)
(0,0,0)
(0,0,0)
(0,0,0)
(0,0,0)
(0,0,0)
(0,0,0)
(0,0,0)
(0,0,0)
(0,0,0)
(0,0,0)
(0,0,0)
(0,0,0)
(0,0,0)
(0,0,0)
(0,0,0)
(0,0,0)
(0,0,0)
(0,0,0)
(0,0,0)
(0,0,0)
(0,0,0)
(0,0,0)
(0,0,0)
(0,0,0)
(0,0,0)
(0,0,0)
(0,0,0)
(0,0,0)
(0,0,0)
(0,0,0)
(0,0,0)
(0,0,0)
(0,0,0)
(0,0,0)
(0,0,0)
(0,0,0)
(0,0,0)
(0,0,0)
(0,0,0)
(0,0,0)
(0,0,0)
(0,0,0)
(0,0,0)
(0,0,0)
(0,0,0)
(0,0,0)
(0,0,0)
(0,0,0)
(0,0,0)
(0,0,0)
(0,0,0)
(0,0,0)
(0,0,0)
(0,0,0)
(0,0,0)
(0,0,0)
(0,0,0)
(0,0,0)
(0,0,0)
(0,0,0)
(0,0,0)
(0,0,0)
(0,0,0)
(0,0,0)
(0,0,0)
(0,0,0)
(0,0,0)
(0,0,0)
(0,0,0)
(0,0,0)
(0,0,0)
(0,0,0)
(0,0,0)
(0,0,0)
(0,0,0)
(0,0,0)
(0,0,0)
(0,0,0)
(0,0,0)
(0,0,0)
(0,0,0)
(0,0,0)
(0,0,0)
(0,0,0)
(0,0,0)
(0,0,0)
(0,0,0)
(0,0,0)
(0,0,0)
(0,0,0)
(0,0,0)
(0,0,0)
(0,0,0)
(0,0,0)
(0,0,0)
(0,0,0)
(0,0,0)
(0,0,0)
(0,0,0)
(0,0,0)
(0,0,0)
(0,0,0)
(0,0,0)
(0,0,0)
(0,0,0)
(0,0,0)
(0,0,0)
(0,0,0)
(0,0,0)
(0,0,0)
(0,0,0)
(0,0,0)
(0,0,0)
(0,0,0)
(0,0,0)
(0,0,0)
(0,0,0)
(0,0,0)
(0,0,0)
(0,0,0)
(0,0,0)
(0,0,0)
(0,0,0)
(0,0,0)
(0,0,0)
(0,0,0)
(0,0,0)
(0,0,0)
(0,0,0)
(0,0,0)
(0,0,0)
(0,0,0)
(0,0,0)
(0,0,0)
(0,0,0)
(0,0,0)
(0,0,0)
(0,0,0)
(0,0,0)
(0,0,0)
(0,0,0)
(0,0,0)
(0,0,0)
(0,0,0)
(0,0,0)
(0,0,0)
(0,0,0)
(0,0,0)
(0,0,0)
(0,0,0)
(0,0,0)
(0,0,0)
(0,0,0)
(0,0,0)
(0,0,0)
(0,0,0)
(0,0,0)
(0,0,0)
(0,0,0)
(0,0,0)
(0,0,0)
(0,0,0)
(0,0,0)
(0,0,0)
(0,0,0)
(0,0,0)
(0,0,0)
(0,0,0)
(0,0,0)
(0,0,0)
(0,0,0)
(0,0,0)
(0,0,0)
(0,0,0)
(0,0,0)
(0,0,0)
(0,0,0)
(0,0,0)
(0,0,0)
(0,0,0)
(0,0,0)
(0,0,0)
(0,0,0)
(0,0,0)
(0,0,0)
(0,0,0)
(0,0,0)
(0,0,0)
(0,0,0)
(0,0,0)
(0,0,0)
(0,0,0)
(0,0,0)
(0,0,0)
(0,0,0)
(0,0,0)
(0,0,0)
(0,0,0)
(0,0,0)
(0,0,0)
(0,0,0)
(0,0,0)
(0,0,0)
(0,0,0)
(0,0,0)
(0,0,0)
(0,0,0)
(0,0,0)
(0,0,0)
(0,0,0)
(0,0,0)
(0,0,0)
(0,0,0)
(0,0,0)
(0,0,0)
(0,0,0)
(0,0,0)
(0,0,0)
(0,0,0)
(0,0,0)
(0,0,0)
(0,0,0)
(0,0,0)
(0,0,0)
(0,0,0)
(0,0,0)
(0,0,0)
(0,0,0)
(0,0,0)
(0,0,0)
(0,0,0)
(0,0,0)
(0,0,0)
(0,0,0)
(0,0,0)
(0,0,0)
(0,0,0)
(0,0,0)
(0,0,0)
(0,0,0)
(0,0,0)
(0,0,0)
(0,0,0)
(0,0,0)
(0,0,0)
(0,0,0)
(0,0,0)
(0,0,0)
(0,0,0)
(0,0,0)
(0,0,0)
(0,0,0)
(0,0,0)
(0,0,0)
(0,0,0)
(0,0,0)
(0,0,0)
(0,0,0)
(0,0,0)
(0,0,0)
(0,0,0)
(0,0,0)
(0,0,0)
(0,0,0)
(0,0,0)
(0,0,0)
(0,0,0)
(0,0,0)
(0,0,0)
(0,0,0)
(0,0,0)
(0,0,0)
(0,0,0)
(0,0,0)
(0,0,0)
(0,0,0)
(0,0,0)
(0,0,0)
(0,0,0)
(0,0,0)
(0,0,0)
(0,0,0)
(0,0,0)
(0,0,0)
(0,0,0)
(0,0,0)
(0,0,0)
(0,0,0)
(0,0,0)
(0,0,0)
(0,0,0)
(0,0,0)
(0,0,0)
(0,0,0)
(0,0,0)
(0,0,0)
(0,0,0)
(0,0,0)
(0,0,0)
(0,0,0)
(0,0,0)
(0,0,0)
(0,0,0)
(0,0,0)
(0,0,0)
(0,0,0)
(0,0,0)
(0,0,0)
(0,0,0)
(0,0,0)
(0,0,0)
(0,0,0)
(0,0,0)
(0,0,0)
(0,0,0)
(0,0,0)
(0,0,0)
(0,0,0)
(0,0,0)
(0,0,0)
(0,0,0)
(0,0,0)
(0,0,0)
(0,0,0)
(0,0,0)
(0,0,0)
(0,0,0)
(0,0,0)
(0,0,0)
(0,0,0)
(0,0,0)
(0,0,0)
(0,0,0)
(0,0,0)
(0,0,0)
(0,0,0)
(0,0,0)
(0,0,0)
(0,0,0)
(0,0,0)
(0,0,0)
(0,0,0)
(0,0,0)
(0,0,0)
(0,0,0)
(0,0,0)
(0,0,0)
(0,0,0)
(0,0,0)
(0,0,0)
(0,0,0)
(0,0,0)
(0,0,0)
(0,0,0)
(0,0,0)
(0,0,0)
(0,0,0)
(0,0,0)
(0,0,0)
(0,0,0)
(0,0,0)
(0,0,0)
(0,0,0)
(0,0,0)
(0,0,0)
(0,0,0)
(0,0,0)
(0,0,0)
(0,0,0)
(0,0,0)
(0,0,0)
(0,0,0)
(0,0,0)
(0,0,0)
(0,0,0)
(0,0,0)
(0,0,0)
(0,0,0)
(0,0,0)
(0,0,0)
(0,0,0)
(0,0,0)
(0,0,0)
(0,0,0)
(0,0,0)
(0,0,0)
(0,0,0)
(0,0,0)
(0,0,0)
(0,0,0)
(0,0,0)
(0,0,0)
(0,0,0)
(0,0,0)
(0,0,0)
(0,0,0)
(0,0,0)
(0,0,0)
(0,0,0)
)
;

boundaryField
{
    fuel
    {
        type            fixedValue;
        value           uniform (0.1 0 0);
    }
    air
    {
        type            fixedValue;
        value           uniform (-0.1 0 0);
    }
    outlet
    {
        type            zeroGradient;
    }
    frontAndBack
    {
        type            empty;
    }
}


// ************************************************************************* //
 