/*--------------------------------*- C++ -*----------------------------------*\
| =========                 |                                                 |
| \\      /  F ield         | foam-extend: Open Source CFD                    |
|  \\    /   O peration     | Version:     4.0                                |
|   \\  /    A nd           | Web:         http://www.foam-extend.org         |
|    \\/     M anipulation  |                                                 |
\*---------------------------------------------------------------------------*/
FoamFile
{
    version 2.0;
    format ascii;
    class volVectorField;
    location "Data/2359";
    object      E;
}
// * * * * * * * * * * * * * * * * * * * * * * * * * * * * * * * * * * * * * //

dimensions      [0 1 -1 0 0 0 0];

internalField   nonuniform List<vector>
4096
(
(0,0,0)
(0,0,0)
(0,0,0)
(0,0,0)
(0,0,0)
(0,0,0)
(0,0,0)
(0,0,0)
(0,0,0)
(0,0,0)
(0,0,0)
(0,0,0)
(0,0,0)
(0,0,0)
(0,0,0)
(0,0,0)
(0,0,0)
(0,0,0)
(0,0,0)
(0,0,0)
(0,0,0)
(0,0,0)
(0,0,0)
(0,0,0)
(0,0,0)
(0,0,0)
(0,0,0)
(0,0,0)
(0,0,0)
(0,0,0)
(0,0,0)
(0,0,0)
(0,0,0)
(0,0,0)
(0,0,0)
(0,0,0)
(0,0,0)
(0,0,0)
(0,0,0)
(0,0,0)
(0,0,0)
(0,0,0)
(0,0,0)
(0,0,0)
(0,0,0)
(0,0,0)
(0,0,0)
(0,0,0)
(0,0,0)
(0,0,0)
(0,0,0)
(0,0,0)
(0,0,0)
(0,0,0)
(0,0,0)
(0,0,0)
(0,0,0)
(0,0,0)
(0,0,0)
(0,0,0)
(0,0,0)
(0,0,0)
(0,0,0)
(0,0,0)
(0,0,0)
(0,0,0)
(0,0,0)
(0,0,0)
(0,0,0)
(0,0,0)
(0,0,0)
(0,0,0)
(0,0,0)
(0,0,0)
(0,0,0)
(0,0,0)
(0,0,0)
(0,0,0)
(0,0,0)
(0,0,0)
(0,0,0)
(0,0,0)
(0,0,0)
(0,0,0)
(0,0,0)
(0,0,0)
(0,0,0)
(0,0,0)
(0,0,0)
(0,0,0)
(0,0,0)
(0,0,0)
(0,0,0)
(0,0,0)
(0,0,0)
(0,0,0)
(0,0,0)
(0,0,0)
(0,0,0)
(0,0,0)
(0,0,0)
(0,0,0)
(0,0,0)
(0,0,0)
(0,0,0)
(0,0,0)
(0,0,0)
(0,0,0)
(0,0,0)
(0,0,0)
(0,0,0)
(0,0,0)
(0,0,0)
(0,0,0)
(0,0,0)
(0,0,0)
(0,0,0)
(0,0,0)
(0,0,0)
(0,0,0)
(0,0,0)
(0,0,0)
(0,0,0)
(0,0,0)
(0,0,0)
(0,0,0)
(0,0,0)
(0,0,0)
(0,0,0)
(0,0,0)
(0,0,0)
(0,0,0)
(0,0,0)
(0,0,0)
(0,0,0)
(0,0,0)
(0,0,0)
(0,0,0)
(0,0,0)
(0,0,0)
(0,0,0)
(0,0,0)
(0,0,0)
(0,0,0)
(0,0,0)
(0,0,0)
(0,0,0)
(0,0,0)
(0,0,0)
(0,0,0)
(0,0,0)
(0,0,0)
(0,0,0)
(0,0,0)
(0,0,0)
(0,0,0)
(0,0,0)
(0,0,0)
(0,0,0)
(0,0,0)
(0,0,0)
(0,0,0)
(0,0,0)
(0,0,0)
(0,0,0)
(0,0,0)
(0,0,0)
(0,0,0)
(0,0,0)
(0,0,0)
(0,0,0)
(0,0,0)
(0,0,0)
(0,0,0)
(0,0,0)
(0,0,0)
(0,0,0)
(0,0,0)
(0,0,0)
(0,0,0)
(0,0,0)
(0,0,0)
(0,0,0)
(0,0,0)
(0,0,0)
(0,0,0)
(0,0,0)
(0,0,0)
(0,0,0)
(0,0,0)
(0,0,0)
(0,0,0)
(0,0,0)
(0,0,0)
(0,0,0)
(0,0,0)
(0,0,0)
(0,0,0)
(0,0,0)
(0,0,0)
(0,0,0)
(0,0,0)
(0,0,0)
(0,0,0)
(0,0,0)
(0,0,0)
(0,0,0)
(0,0,0)
(0,0,0)
(0,0,0)
(0,0,0)
(0,0,0)
(0,0,0)
(0,0,0)
(0,0,0)
(0,0,0)
(0,0,0)
(0,0,0)
(0,0,0)
(0,0,0)
(0,0,0)
(0,0,0)
(0,0,0)
(0,0,0)
(0,0,0)
(0,0,0)
(0,0,0)
(0,0,0)
(0,0,0)
(0,0,0)
(0,0,0)
(0,0,0)
(0,0,0)
(0,0,0)
(0,0,0)
(0,0,0)
(0,0,0)
(0,0,0)
(0,0,0)
(0,0,0)
(0,0,0)
(0,0,0)
(0,0,0)
(0,0,0)
(0,0,0)
(0,0,0)
(0,0,0)
(0,0,0)
(0,0,0)
(0,0,0)
(0,0,0)
(0,0,0)
(0,0,0)
(0,0,0)
(0,0,0)
(0,0,0)
(0,0,0)
(0,0,0)
(0,0,0)
(0,0,0)
(0,0,0)
(0,0,0)
(0,0,0)
(0,0,0)
(0,0,0)
(0,0,0)
(0,0,0)
(0,0,0)
(0,0,0)
(0,0,0)
(0,0,0)
(0,0,0)
(0,0,0)
(0,0,0)
(0,0,0)
(0,0,0)
(0,0,0)
(0,0,0)
(0,0,0)
(0,0,0)
(0,0,0)
(0,0,0)
(0,0,0)
(0,0,0)
(0,0,0)
(0,0,0)
(0,0,0)
(0,0,0)
(0,0,0)
(0,0,0)
(0,0,0)
(0,0,0)
(0,0,0)
(0,0,0)
(0,0,0)
(0,0,0)
(0,0,0)
(0,0,0)
(0,0,0)
(0,0,0)
(0,0,0)
(0,0,0)
(0,0,0)
(0,0,0)
(0,0,0)
(0,0,0)
(0,0,0)
(0,0,0)
(0,0,0)
(0,0,0)
(0,0,0)
(0,0,0)
(0,0,0)
(0,0,0)
(0,0,0)
(0,0,0)
(0,0,0)
(0,0,0)
(0,0,0)
(0,0,0)
(0,0,0)
(0,0,0)
(0,0,0)
(0,0,0)
(0,0,0)
(0,0,0)
(0,0,0)
(0,0,0)
(0,0,0)
(0,0,0)
(0,0,0)
(0,0,0)
(0,0,0)
(0,0,0)
(0,0,0)
(0,0,0)
(0,0,0)
(0,0,0)
(0,0,0)
(0,0,0)
(0,0,0)
(0,0,0)
(0,0,0)
(0,0,0)
(0,0,0)
(0,0,0)
(0,0,0)
(0,0,0)
(0,0,0)
(0,0,0)
(0,0,0)
(0,0,0)
(0,0,0)
(0,0,0)
(0,0,0)
(0,0,0)
(0,0,0)
(0,0,0)
(0,0,0)
(0,0,0)
(0,0,0)
(0,0,0)
(0,0,0)
(0,0,0)
(0,0,0)
(0,0,0)
(0,0,0)
(0,0,0)
(0,0,0)
(0,0,0)
(0,0,0)
(0,0,0)
(0,0,0)
(0,0,0)
(0,0,0)
(0,0,0)
(0,0,0)
(0,0,0)
(0,0,0)
(0,0,0)
(0,0,0)
(0,0,0)
(0,0,0)
(0,0,0)
(0,0,0)
(0,0,0)
(0,0,0)
(0,0,0)
(0,0,0)
(0,0,0)
(0,0,0)
(0,0,0)
(0,0,0)
(0,0,0)
(0,0,0)
(0,0,0)
(0,0,0)
(0,0,0)
(0,0,0)
(0,0,0)
(0,0,0)
(0,0,0)
(0,0,0)
(0,0,0)
(0,0,0)
(0,0,0)
(0,0,0)
(0,0,0)
(0,0,0)
(0,0,0)
(0,0,0)
(0,0,0)
(0,0,0)
(0,0,0)
(0,0,0)
(0,0,0)
(0,0,0)
(0,0,0)
(0,0,0)
(0,0,0)
(0,0,0)
(0,0,0)
(0,0,0)
(0,0,0)
(0,0,0)
(0,0,0)
(0,0,0)
(0,0,0)
(0,0,0)
(0,0,0)
(0,0,0)
(0,0,0)
(0,0,0)
(0,0,0)
(0,0,0)
(0,0,0)
(0,0,0)
(0,0,0)
(0,0,0)
(0,0,0)
(0,0,0)
(0,0,0)
(0,0,0)
(0,0,0)
(0,0,0)
(0,0,0)
(0,0,0)
(0,0,0)
(0,0,0)
(0,0,0)
(0,0,0)
(0,0,0)
(0,0,0)
(0,0,0)
(0,0,0)
(0,0,0)
(0,0,0)
(0,0,0)
(0,0,0)
(0,0,0)
(0,0,0)
(0,0,0)
(0,0,0)
(0,0,0)
(0,0,0)
(0,0,0)
(0,0,0)
(0,0,0)
(0,0,0)
(0,0,0)
(0,0,0)
(0,0,0)
(0,0,0)
(0,0,0)
(0,0,0)
(0,0,0)
(0,0,0)
(0,0,0)
(0,0,0)
(0,0,0)
(0,0,0)
(0,0,0)
(0,0,0)
(0,0,0)
(0,0,0)
(0,0,0)
(0,0,0)
(0,0,0)
(0,0,0)
(0,0,0)
(0,0,0)
(0,0,0)
(0,0,0)
(0,0,0)
(0,0,0)
(0,0,0)
(0,0,0)
(0,0,0)
(0,0,0)
(0,0,0)
(0,0,0)
(0,0,0)
(0,0,0)
(0,0,0)
(0,0,0)
(0,0,0)
(0,0,0)
(0,0,0)
(0,0,0)
(0,0,0)
(0,0,0)
(0,0,0)
(0,0,0)
(0,0,0)
(0,0,0)
(0,0,0)
(0,0,0)
(0,0,0)
(0,0,0)
(0,0,0)
(0,0,0)
(0,0,0)
(0,0,0)
(0,0,0)
(0,0,0)
(0,0,0)
(0,0,0)
(0,0,0)
(0,0,0)
(0,0,0)
(0,0,0)
(0,0,0)
(0,0,0)
(0,0,0)
(0,0,0)
(0,0,0)
(0,0,0)
(0,0,0)
(0,0,0)
(0,0,0)
(0,0,0)
(0,0,0)
(0,0,0)
(0,0,0)
(0,0,0)
(0,0,0)
(0,0,0)
(0,0,0)
(0,0,0)
(0,0,0)
(0,0,0)
(0,0,0)
(0,0,0)
(0,0,0)
(0,0,0)
(0,0,0)
(0,0,0)
(0,0,0)
(0,0,0)
(0,0,0)
(0,0,0)
(0,0,0)
(0,0,0)
(0,0,0)
(0,0,0)
(0,0,0)
(0,0,0)
(0,0,0)
(0,0,0)
(0,0,0)
(0,0,0)
(0,0,0)
(0,0,0)
(0,0,0)
(0,0,0)
(0,0,0)
(0,0,0)
(0,0,0)
(0,0,0)
(0,0,0)
(0,0,0)
(0,0,0)
(0,0,0)
(0,0,0)
(0,0,0)
(0,0,0)
(0,0,0)
(0,0,0)
(0,0,0)
(0,0,0)
(0,0,0)
(0,0,0)
(0,0,0)
(0,0,0)
(0,0,0)
(0,0,0)
(0,0,0)
(0,0,0)
(0,0,0)
(0,0,0)
(0,0,0)
(0,0,0)
(0,0,0)
(0,0,0)
(0,0,0)
(0,0,0)
(0,0,0)
(0,0,0)
(0,0,0)
(0,0,0)
(0,0,0)
(0,0,0)
(0,0,0)
(0,0,0)
(0,0,0)
(0,0,0)
(0,0,0)
(0,0,0)
(0,0,0)
(0,0,0)
(0,0,0)
(0,0,0)
(0,0,0)
(0,0,0)
(0,0,0)
(0,0,0)
(0,0,0)
(0,0,0)
(0,0,0)
(0,0,0)
(0,0,0)
(0,0,0)
(0,0,0)
(0,0,0)
(0,0,0)
(0,0,0)
(0,0,0)
(0,0,0)
(0,0,0)
(0,0,0)
(0,0,0)
(0,0,0)
(0,0,0)
(0,0,0)
(0,0,0)
(0,0,0)
(0,0,0)
(0,0,0)
(0,0,0)
(0,0,0)
(0,0,0)
(0,0,0)
(0,0,0)
(0,0,0)
(0,0,0)
(0,0,0)
(0,0,0)
(0,0,0)
(0,0,0)
(0,0,0)
(0,0,0)
(0,0,0)
(0,0,0)
(0,0,0)
(0,0,0)
(0,0,0)
(0,0,0)
(0,0,0)
(0,0,0)
(0,0,0)
(0,0,0)
(0,0,0)
(0,0,0)
(0,0,0)
(0,0,0)
(0,0,0)
(0,0,0)
(0,0,0)
(0,0,0)
(0,0,0)
(0,0,0)
(0,0,0)
(0,0,0)
(0,0,0)
(0,0,0)
(0,0,0)
(0,0,0)
(0,0,0)
(0,0,0)
(0,0,0)
(0,0,0)
(0,0,0)
(0,0,0)
(0,0,0)
(0,0,0)
(0,0,0)
(0,0,0)
(0,0,0)
(0,0,0)
(0,0,0)
(0,0,0)
(0,0,0)
(0,0,0)
(0,0,0)
(0,0,0)
(0,0,0)
(0,0,0)
(0,0,0)
(0,0,0)
(0,0,0)
(0,0,0)
(0,0,0)
(0,0,0)
(0,0,0)
(0,0,0)
(0,0,0)
(0,0,0)
(0,0,0)
(0,0,0)
(0,0,0)
(0,0,0)
(0,0,0)
(0,0,0)
(0,0,0)
(0,0,0)
(0,0,0)
(0,0,0)
(0,0,0)
(0,0,0)
(0,0,0)
(0,0,0)
(0,0,0)
(0,0,0)
(0,0,0)
(0,0,0)
(0,0,0)
(0,0,0)
(0,0,0)
(0,0,0)
(0,0,0)
(0,0,0)
(0,0,0)
(0,0,0)
(0,0,0)
(0,0,0)
(0,0,0)
(0,0,0)
(0,0,0)
(0,0,0)
(0,0,0)
(0,0,0)
(0,0,0)
(0,0,0)
(0,0,0)
(0,0,0)
(0,0,0)
(0,0,0)
(0,0,0)
(0,0,0)
(0,0,0)
(0,0,0)
(0,0,0)
(0,0,0)
(0,0,0)
(0,0,0)
(0,0,0)
(0,0,0)
(0,0,0)
(0,0,0)
(0,0,0)
(0,0,0)
(0,0,0)
(0,0,0)
(0,0,0)
(0,0,0)
(0,0,0)
(0,0,0)
(0,0,0)
(0,0,0)
(0,0,0)
(0,0,0)
(0,0,0)
(0,0,0)
(0,0,0)
(0,0,0)
(0,0,0)
(0,0,0)
(0,0,0)
(0,0,0)
(0,0,0)
(0,0,0)
(0,0,0)
(0,0,0)
(0,0,0)
(0,0,0)
(0,0,0)
(0,0,0)
(0,0,0)
(0,0,0)
(0,0,0)
(0,0,0)
(0,0,0)
(0,0,0)
(0,0,0)
(0,0,0)
(0,0,0)
(0,0,0)
(0,0,0)
(0,0,0)
(0,0,0)
(0,0,0)
(0,0,0)
(0,0,0)
(0,0,0)
(0,0,0)
(0,0,0)
(0,0,0)
(0,0,0)
(0,0,0)
(-125710.105906922,66905.3196609647,58804.7862459557)
(-132906.307749612,64169.2246336766,127541.869361891)
(-149619.707313375,58425.1821603585,218736.394514908)
(-181234.872375894,49400.1468416413,350571.120049167)
(-238289.369215756,37193.6134614499,551666.875803481)
(-340703.041256117,23203.6226156523,869166.294443939)
(-526201.045375314,10459.0467834696,1384908.29303581)
(-861488.98158017,2652.22109580685,2243745.05352021)
(-1420976.14795239,41.078956903522,3664680.12251566)
(-1979944.96888963,-153.078449721454,5644778.16985505)
(0,0,0)
(0,0,0)
(0,0,0)
(0,0,0)
(0,0,0)
(0,0,0)
(-132903.173139826,143785.649615344,56022.8431854444)
(-140159.213428933,138563.846676806,121787.434571253)
(-157129.212006065,127628.050011636,209713.778726036)
(-189496.262488763,110192.316896127,338417.87116032)
(-248160.740035666,86085.5491079978,537686.675549427)
(-353047.711316357,57477.0966418025,856460.912839633)
(-540597.616410963,30375.0917894664,1377142.4842446)
(-874608.141282367,13215.3679897581,2241187.47863293)
(-1429718.84578994,6459.75153242824,3664487.6518474)
(-1984024.03082598,3355.61638725742,5645002.98783633)
(0,0,0)
(0,0,0)
(0,0,0)
(0,0,0)
(0,0,0)
(0,0,0)
(-149407.162148171,242385.633516755,50807.1782467594)
(-156807.434938462,235357.740303316,110820.719558715)
(-174322.486951895,220518.219080856,192253.037441396)
(-208307.533638565,196446.712965237,314306.175010852)
(-270738.502363576,162114.604868387,509015.621614027)
(-382153.385722516,119262.220046827,829383.883931517)
(-576176.544278428,75907.2054763136,1360028.31452311)
(-907370.172487299,46150.7753421193,2234463.07965803)
(-1450829.6952098,30421.5057732486,3661331.02062704)
(-1993594.30930011,16533.0340669963,5641747.91224746)
(0,0,0)
(0,0,0)
(0,0,0)
(0,0,0)
(0,0,0)
(0,0,0)
(-180276.71223946,378806.646467222,43855.6992889941)
(-187813.634033625,370987.333769858,96039.739856079)
(-206021.072513772,354333.923756394,168245.107694306)
(-242359.751823011,326983.398663861,280068.173818686)
(-310977.352627146,286920.506407575,466239.624906651)
(-434902.768140414,234310.697548534,786093.915545362)
(-644323.685996876,175981.899615872,1330342.90740267)
(-970749.122561355,128369.847931959,2218872.95737413)
(-1489515.51365572,91250.0513692509,3647559.9254338)
(-2010491.92784031,49140.0835946036,5625444.80374666)
(0,0,0)
(0,0,0)
(0,0,0)
(0,0,0)
(0,0,0)
(0,0,0)
(-235622.407212093,578310.950354181,36118.1033251313)
(-243150.883770129,570725.220480267,79531.1003848486)
(-261735.129938838,554534.492769539,141065.661310542)
(-300032.146046322,527825.526962416,240255.679058308)
(-375005.593904698,488313.23659111,413868.542779473)
(-514401.321412888,434702.404314032,727878.15742684)
(-748048.271010003,369074.839155433,1282833.48889728)
(-1067200.95582907,296496.898266789,2181907.39439154)
(-1545665.17422346,213159.728807077,3605662.89117724)
(-2034849.16142806,113001.831926623,5576650.30427326)
(0,0,0)
(0,0,0)
(0,0,0)
(0,0,0)
(0,0,0)
(0,0,0)
(-335554.485995789,885300.753431725,28564.6829182481)
(-342710.609446558,878532.248980197,63468.2638648711)
(-360681.879378891,864087.625280067,114597.010733235)
(-398604.367249596,840023.440700384,201003.46424486)
(-474363.754167737,803223.685812942,360456.76919077)
(-616390.626556202,749154.994986813,662394.80507421)
(-850759.521115106,671816.353549303,1210412.81179546)
(-1155452.17307117,563592.35654794,2098769.52658548)
(-1606504.03072871,412679.562042093,3505753.72407924)
(-2065513.29997663,220316.997292002,5463951.85869033)
(0,0,0)
(0,0,0)
(0,0,0)
(0,0,0)
(0,0,0)
(0,0,0)
(-518948.047094132,1382361.34146531,21887.459060548)
(-525278.817270013,1376496.98561135,49201.5396994153)
(-541410.335280947,1363905.61831022,90793.8819502167)
(-576061.995744503,1342429.61323034,164449.705164773)
(-646443.053669526,1307569.97352833,306546.471118903)
(-779892.353216317,1250449.04295397,585144.776368056)
(-999847.59750666,1154506.67048464,1102302.05693939)
(-1276920.55941934,994762.741060469,1948052.23184621)
(-1697155.39400795,744307.302681148,3313579.88521505)
(-2115523.6205467,405548.327473545,5243872.17558034)
(0,0,0)
(0,0,0)
(0,0,0)
(0,0,0)
(0,0,0)
(0,0,0)
(-854406.357670355,2220671.22855368,16096.4705819789)
(-859470.526400503,2215353.2525737,36710.7300201453)
(-872468.696380606,2203651.80405236,69433.2406586247)
(-900646.120628222,2182774.81803945,129734.156477723)
(-958486.701658982,2146284.65672466,249506.174940375)
(-1069430.26992649,2080179.77766989,489205.710150938)
(-1253641.59088219,1954696.45197976,942657.519537981)
(-1477964.49778801,1717569.92001264,1697814.83837383)
(-1861743.35493066,1328806.0115884,2975059.48439724)
(-2211147.77447499,753177.47497409,4838578.11137162)
(0,0,0)
(0,0,0)
(0,0,0)
(0,0,0)
(0,0,0)
(0,0,0)
(-1416176.64492716,3626048.32090418,10799.552576624)
(-1419640.34715096,3620731.89112695,25061.2611743459)
(-1428454.39736581,3608548.19787512,48619.264717346)
(-1447391.46320538,3585424.67122562,93360.8747365332)
(-1485601.99403426,3541836.432742,183411.09275345)
(-1557399.38270384,3457360.61301813,363629.640109055)
(-1677995.42390281,3290823.47693974,705498.039051895)
(-1857165.86464764,2971048.30951735,1309185.51419484)
(-2165303.30107448,2403628.51912262,2399666.30773502)
(-2377930.16033256,1445183.03074384,4085590.91229784)
(0,0,0)
(0,0,0)
(0,0,0)
(0,0,0)
(0,0,0)
(0,0,0)
(-1977739.08301398,5598272.79886389,5514.60505430118)
(-1979469.51160266,5592752.98476207,12963.0230218488)
(-1983828.83171546,5579782.89490322,25557.1577092471)
(-1993122.73867438,5554245.30101474,49859.266594553)
(-2011635.35783478,5504397.14041221,98933.9167591557)
(-2046227.04853346,5405550.2970008,196971.281309928)
(-2106591.47755617,5208753.71551284,385632.520292998)
(-2208284.62789543,4823219.9818107,741745.47589503)
(-2377376.29638944,4081541.18252642,1441209.10888062)
(-2394267.27991759,2640311.80805977,2640347.61148231)
(0,0,0)
(0,0,0)
(0,0,0)
(0,0,0)
(0,0,0)
(0,0,0)
(0,0,0)
(0,0,0)
(0,0,0)
(0,0,0)
(0,0,0)
(0,0,0)
(0,0,0)
(0,0,0)
(0,0,0)
(0,0,0)
(0,0,0)
(0,0,0)
(0,0,0)
(0,0,0)
(0,0,0)
(0,0,0)
(0,0,0)
(0,0,0)
(0,0,0)
(0,0,0)
(0,0,0)
(0,0,0)
(0,0,0)
(0,0,0)
(0,0,0)
(0,0,0)
(0,0,0)
(0,0,0)
(0,0,0)
(0,0,0)
(0,0,0)
(0,0,0)
(0,0,0)
(0,0,0)
(0,0,0)
(0,0,0)
(0,0,0)
(0,0,0)
(0,0,0)
(0,0,0)
(0,0,0)
(0,0,0)
(0,0,0)
(0,0,0)
(0,0,0)
(0,0,0)
(0,0,0)
(0,0,0)
(0,0,0)
(0,0,0)
(0,0,0)
(0,0,0)
(0,0,0)
(0,0,0)
(0,0,0)
(0,0,0)
(0,0,0)
(0,0,0)
(0,0,0)
(0,0,0)
(0,0,0)
(0,0,0)
(0,0,0)
(0,0,0)
(0,0,0)
(0,0,0)
(0,0,0)
(0,0,0)
(0,0,0)
(0,0,0)
(0,0,0)
(0,0,0)
(0,0,0)
(0,0,0)
(0,0,0)
(0,0,0)
(0,0,0)
(0,0,0)
(0,0,0)
(0,0,0)
(0,0,0)
(0,0,0)
(0,0,0)
(0,0,0)
(0,0,0)
(0,0,0)
(0,0,0)
(0,0,0)
(0,0,0)
(0,0,0)
(0,0,0)
(0,0,0)
(0,0,0)
(0,0,0)
(0,0,0)
(0,0,0)
(18569144.3501904,59616.7202132079,51539.6355509748)
(18557071.1892486,56825.1571780872,110747.793236145)
(18529299.2800125,50824.7840327789,187014.833738868)
(18477335.3234221,41050.0121830896,293405.43761918)
(18384747.3933186,27268.3226183534,449111.16432794)
(18220015.0568305,10806.9766759974,683596.901426642)
(17917752.4968825,-3969.09222489195,1049623.2632551)
(17320361.4167097,-10480.9210275573,1684264.5978543)
(15972312.2254651,-8698.35830893861,3105685.39460723)
(12311330.9205197,-4242.62792847363,7624662.94498784)
(0,0,0)
(0,0,0)
(0,0,0)
(0,0,0)
(0,0,0)
(0,0,0)
(18556885.3234494,127137.384742051,48701.6507434366)
(18544802.2236412,121832.151334604,104744.031378256)
(18516784.8254808,110381.364029553,177284.225756062)
(18463826.8859429,91313.0260295471,279708.875339397)
(18368657.2636154,63466.0921677923,432703.914000345)
(18199281.2773696,28340.3460473438,668852.367804524)
(17892382.6761936,-5190.79947984646,1043104.59431648)
(17297460.7830879,-19502.8727157515,1686068.43349594)
(15958072.6059358,-14579.2651175472,3110168.70044012)
(12305094.4479315,-6186.06443651648,7629004.47005212)
(0,0,0)
(0,0,0)
(0,0,0)
(0,0,0)
(0,0,0)
(0,0,0)
(18528965.6664079,211404.186965374,43371.181082043)
(18516840.9903594,204306.061991032,93259.6569891642)
(18488264.7439737,188815.148062701,158249.453891953)
(18432984.5515494,162371.110048676,251910.096546355)
(18331191.3115938,121870.152821165,397587.033797031)
(18147899.9424143,66530.8572796113,635354.006289428)
(17823393.9940976,7792.36912930617,1028811.11116578)
(17234123.2865068,-17174.7180514361,1691000.30936896)
(15921222.2489678,-8180.17058469907,3118560.08251988)
(12289786.7689796,-313.536879852541,7635317.28854504)
(0,0,0)
(0,0,0)
(0,0,0)
(0,0,0)
(0,0,0)
(0,0,0)
(18477503.0570253,323341.802900901,36293.4266611532)
(18465380.3116425,315599.409697237,77816.9451403702)
(18436082.7071225,298607.007008267,131932.118419992)
(18377160.5123814,269264.687327688,211529.088798087)
(18263232.2406038,222841.511021023,342358.949228783)
(18048526.2964583,154773.64943213,576697.904339044)
(17670040.7890121,72222.5500701677,1003914.06025075)
(17089965.2950744,31923.2931693193,1700112.44325573)
(15846757.3745101,35106.665729168,3126563.53063739)
(12261146.511269,24777.3301129586,7635845.03639685)
(0,0,0)
(0,0,0)
(0,0,0)
(0,0,0)
(0,0,0)
(0,0,0)
(18386872.4842737,478286.04429171,28571.6789848365)
(18375003.3557944,471095.929476725,60931.7315023065)
(18345548.3551249,455505.16196378,102760.903344594)
(18283529.2031252,429178.416264622,165296.637097535)
(18155714.0164688,388936.196253334,274493.153353315)
(17893931.0474866,332692.57376725,494252.671980172)
(17394424.4675418,266328.416880807,963684.878479263)
(16822778.4156111,208220.121226615,1703419.49084336)
(15730135.6563559,152316.174043447,3116419.96381106)
(12218643.960293,82362.6606171859,7611352.32344723)
(0,0,0)
(0,0,0)
(0,0,0)
(0,0,0)
(0,0,0)
(0,0,0)
(18225586.8316743,701757.148484739,21398.3899983338)
(18214522.0562832,695810.649559523,45461.8160473343)
(18186477.5943048,683182.475308814,76635.8408800613)
(18125580.7060286,662415.747553279,125224.248174789)
(17996285.1968544,631098.738312229,218423.566955229)
(17727034.4738367,585646.036422158,428055.815768856)
(17221205.6434412,522692.302411538,905737.577543373)
(16674759.3148791,442072.05733813,1647684.96534301)
(15630813.0200262,322011.815003574,3046683.08548943)
(12169908.0898337,170316.65429812,7529318.51385956)
(0,0,0)
(0,0,0)
(0,0,0)
(0,0,0)
(0,0,0)
(0,0,0)
(17926466.8536102,1046818.83429048,15534.2253514547)
(17916829.1171241,1042221.19569746,33026.5566808965)
(17891968.1372276,1032727.66413316,56113.7072095671)
(17836691.04535,1017724.93011355,94062.2954162401)
(17716145.4737149,995490.740020166,173092.578185357)
(17458706.046352,960924.498046984,365226.528853637)
(16968131.7127095,900685.40973393,825264.923176504)
(16474949.540524,793672.477587415,1527805.21484538)
(15483780.0609125,579713.580250865,2895178.80653887)
(12086787.3501093,309918.709181877,7359276.59286075)
(0,0,0)
(0,0,0)
(0,0,0)
(0,0,0)
(0,0,0)
(0,0,0)
(17328535.6793969,1658879.6007198,11008.0083649106)
(17320926.7493229,1655165.74892002,23676.9912804303)
(17301124.0332683,1647596.8807636,41225.8568625623)
(17256487.1228316,1635946.70428683,71881.6510909265)
(17157176.1823086,1619162.79733721,138557.521667597)
(16938803.1567316,1592241.2753892,305018.129528855)
(16509415.3497961,1530317.76796948,718339.642476395)
(16187769.8237334,1338296.52279104,1313992.08761272)
(15187167.5826525,1025212.39453934,2625593.14760253)
(11894408.1443018,586374.318046248,7049592.43182288)
(0,0,0)
(0,0,0)
(0,0,0)
(0,0,0)
(0,0,0)
(0,0,0)
(15977012.529055,3064377.08929334,7324.14930580096)
(15971871.3003873,3060796.67945622,16192.3830928784)
(15958653.2771454,3053065.41888551,29626.9823212777)
(15929479.2850465,3039598.11372086,55115.6364968308)
(15867336.8948778,3015762.85598186,111587.500801625)
(15740881.8308195,2968522.62633027,243035.748198726)
(15512898.5427235,2862170.64951797,526299.71188548)
(15192618.6864683,2619835.34601461,1000987.14940749)
(14288469.5131735,2191496.89789425,2186940.64366607)
(11309194.9718241,1428829.11676089,6463371.52465618)
(0,0,0)
(0,0,0)
(0,0,0)
(0,0,0)
(0,0,0)
(0,0,0)
(12313023.3992842,7575849.85887191,3775.55998464787)
(12310466.8317327,7572095.1078538,8551.60011312091)
(12304002.8926435,7563570.36370221,16225.742798972)
(12289996.7455393,7547373.97309453,31341.211073266)
(12261093.272494,7516043.3519812,64342.8966067376)
(12204247.5989692,7451774.5503554,136627.136940457)
(12099005.7250433,7315270.56746468,283940.828255805)
(11897476.1675211,7031387.3677376,572638.822977885)
(11309667.3379167,6458823.28532499,1424279.61310253)
(9195770.99416536,5034542.41555861,5034538.85208322)
(0,0,0)
(0,0,0)
(0,0,0)
(0,0,0)
(0,0,0)
(0,0,0)
(0,0,0)
(0,0,0)
(0,0,0)
(0,0,0)
(0,0,0)
(0,0,0)
(0,0,0)
(0,0,0)
(0,0,0)
(0,0,0)
(0,0,0)
(0,0,0)
(0,0,0)
(0,0,0)
(0,0,0)
(0,0,0)
(0,0,0)
(0,0,0)
(0,0,0)
(0,0,0)
(0,0,0)
(0,0,0)
(0,0,0)
(0,0,0)
(0,0,0)
(0,0,0)
(0,0,0)
(0,0,0)
(0,0,0)
(0,0,0)
(0,0,0)
(0,0,0)
(0,0,0)
(0,0,0)
(0,0,0)
(0,0,0)
(0,0,0)
(0,0,0)
(0,0,0)
(0,0,0)
(0,0,0)
(0,0,0)
(0,0,0)
(0,0,0)
(0,0,0)
(0,0,0)
(0,0,0)
(0,0,0)
(0,0,0)
(0,0,0)
(0,0,0)
(0,0,0)
(0,0,0)
(0,0,0)
(0,0,0)
(0,0,0)
(0,0,0)
(0,0,0)
(0,0,0)
(0,0,0)
(0,0,0)
(0,0,0)
(0,0,0)
(0,0,0)
(0,0,0)
(0,0,0)
(0,0,0)
(0,0,0)
(0,0,0)
(0,0,0)
(0,0,0)
(0,0,0)
(0,0,0)
(0,0,0)
(0,0,0)
(0,0,0)
(0,0,0)
(0,0,0)
(0,0,0)
(0,0,0)
(0,0,0)
(0,0,0)
(0,0,0)
(0,0,0)
(0,0,0)
(0,0,0)
(0,0,0)
(0,0,0)
(0,0,0)
(0,0,0)
(0,0,0)
(0,0,0)
(0,0,0)
(0,0,0)
(0,0,0)
(0,0,0)
(-323466.11755942,47194.6040681944,39405.0518201218)
(-336791.290188767,44386.148546683,82870.5708493322)
(-366925.183975059,38139.385574244,134944.837401271)
(-421847.070721117,27383.3350406418,200733.084642452)
(-515916.423206328,11084.4454282065,284301.643877708)
(-672943.481131253,-9995.91464142451,381245.284619558)
(-929776.184512941,-29389.5847508742,452152.738904461)
(-1336283.26281599,-33406.7879596219,336193.394528264)
(-1919241.46307537,-22938.6921567797,-555325.036635989)
(-2352833.11036974,-10482.3967982539,-4686689.42080964)
(0,0,0)
(0,0,0)
(0,0,0)
(0,0,0)
(0,0,0)
(0,0,0)
(-337529.370427856,99052.3346858632,36546.1513980811)
(-350610.837629239,93725.7957541391,76608.7535995946)
(-380429.085768701,81728.6725866429,124222.56597525)
(-435402.013629086,60337.6355625707,184486.35316385)
(-530939.539998685,25907.9499352801,263248.840409415)
(-692238.879998148,-23100.2475523828,361862.518826645)
(-955089.970885785,-74180.0168881995,448114.786181815)
(-1357697.62289815,-82799.5387148025,346655.131061498)
(-1929987.23511413,-51371.7025797935,-542862.829326897)
(-2356642.76298713,-21460.3762251422,-4676158.45084282)
(0,0,0)
(0,0,0)
(0,0,0)
(0,0,0)
(0,0,0)
(0,0,0)
(-368992.470662623,159816.09074411,31183.5691508413)
(-381623.099329558,152765.806504589,64596.8362279358)
(-410919.139316349,136602.515155823,102896.065087268)
(-466442.141937448,106529.102013886,150120.480261311)
(-566961.069041281,53887.6464600036,214282.352510237)
(-744920.571145913,-32832.1903050544,310823.996961638)
(-1039958.87693909,-145528.508757162,439514.548005769)
(-1431990.48147004,-161262.951886932,378080.917293119)
(-1962605.56782831,-82543.8060849283,-512929.974266972)
(-2367133.87458573,-28879.8137800288,-4654600.70500825)
(0,0,0)
(0,0,0)
(0,0,0)
(0,0,0)
(0,0,0)
(0,0,0)
(-425373.622231567,232562.08382415,24119.874315386)
(-437348.239012461,225131.335202812,48472.0844105798)
(-465840.187786201,207996.749620964,72989.9329926805)
(-522526.094072921,175563.010685681,97631.8189136852)
(-634229.764451837,115266.001808315,127704.656759517)
(-861010.505742743,156.645142588625,198241.811651438)
(-1303677.66246501,-203410.718410037,423831.660919879)
(-1675091.30637223,-235258.817213838,456873.31583195)
(-2044292.38804026,-81502.553292222,-459128.98627179)
(-2389596.17636304,-17739.6116474515,-4625537.31263388)
(0,0,0)
(0,0,0)
(0,0,0)
(0,0,0)
(0,0,0)
(0,0,0)
(-520135.886755184,316884.366011986,16675.2769796019)
(-531148.655718376,310506.132110356,31441.6797233424)
(-558054.802411944,296297.180214289,40733.5948053185)
(-614774.758695683,271110.762167038,37478.993283447)
(-739723.809299345,229426.41518055,12745.5938177738)
(-1059657.9032873,165704.181717129,-5223.80384433142)
(-2105277.11043237,93027.4967516522,392028.74710659)
(-2497312.81770875,60125.1936612807,610725.157689802)
(-2204446.59501446,52965.1350982474,-395171.091191672)
(-2426359.08440566,33622.4954773577,-4607540.96547914)
(0,0,0)
(0,0,0)
(0,0,0)
(0,0,0)
(0,0,0)
(0,0,0)
(-676341.143513686,402480.589164886,10320.9401736387)
(-685998.743852885,397951.887629502,17385.17292903)
(-710116.425412946,388512.509729736,15753.0512698747)
(-762894.038426246,373396.121410714,-4068.37538053499)
(-884396.760522309,350850.5600722,-50821.3747569428)
(-1203528.38573649,317177.674682885,-77742.8200109414)
(-2198309.79645822,269487.59526981,359301.709508753)
(-2557710.63497709,242160.24456651,603725.796598232)
(-2279138.32614399,174933.970693644,-414302.504688469)
(-2463105.84264799,87181.239753023,-4640858.12834379)
(0,0,0)
(0,0,0)
(0,0,0)
(0,0,0)
(0,0,0)
(0,0,0)
(-931693.749442472,448754.729551911,5875.6508041129)
(-939673.862181909,446184.724571407,8134.98130673635)
(-959991.248494551,441750.442511465,845.622385575322)
(-1005985.42264708,437385.723742975,-26478.3238110498)
(-1117533.15563467,436395.061365485,-84355.0076162269)
(-1430046.09721855,440894.311136763,-125330.312360969)
(-2467693.64298308,441874.331637072,332097.495102948)
(-2799862.60917153,506426.462279024,536632.615224493)
(-2391832.43091183,283051.53166757,-501883.265786343)
(-2523647.48938428,117507.662204384,-4727785.66060579)
(0,0,0)
(0,0,0)
(0,0,0)
(0,0,0)
(0,0,0)
(0,0,0)
(-1339367.03643804,307252.277753411,3394.35577195626)
(-1345383.51697038,306021.747418712,3856.7873564432)
(-1360901.15311984,305041.057076595,-3419.45268201621)
(-1396966.66516052,308834.089474057,-27424.8422824503)
(-1489278.29704777,329226.003571745,-79812.116993636)
(-1776008.49760215,394241.954600358,-124358.917985024)
(-2909497.18440286,533741.343035306,396675.792954326)
(-2371550.24581184,343068.656348427,313342.856568731)
(-2481624.97689732,126437.886544097,-667261.750619367)
(-2617344.95707605,1099.84874662138,-4845111.6476452)
(0,0,0)
(0,0,0)
(0,0,0)
(0,0,0)
(0,0,0)
(0,0,0)
(-1924199.07741561,-599755.332964359,2208.40532687041)
(-1928117.6493307,-600753.518205954,2961.80880799657)
(-1938051.64177706,-601725.447207853,422.420153404012)
(-1960215.11481291,-600020.980965349,-7038.92140924519)
(-2011052.34468469,-590579.258758855,-14855.2313776581)
(-2132638.08848412,-568184.096579188,15079.9272439637)
(-2398466.46573336,-551813.821813655,205989.288688238)
(-2485665.55489842,-675440.315281101,96771.6898229573)
(-2714421.73443307,-787442.435861249,-792467.552026586)
(-2757404.25823053,-684678.464299429,-4846100.82078736)
(0,0,0)
(0,0,0)
(0,0,0)
(0,0,0)
(0,0,0)
(0,0,0)
(-2356628.40459671,-4737357.6150927,1243.27414779925)
(-2358543.67120144,-4738572.4574962,2061.9045106521)
(-2363285.04197004,-4740577.73976354,2191.31981839062)
(-2373524.59493177,-4742753.23148753,2434.09894998791)
(-2395376.13570075,-4745195.78679647,7509.22332083812)
(-2441184.02427703,-4752651.43244067,31397.3705670522)
(-2525834.38565969,-4783962.63505526,82375.4826501939)
(-2620051.1603598,-4866338.62734338,-15209.6892682714)
(-2758206.21061454,-4851103.91704325,-689685.471416573)
(-2661806.04321294,-4161405.68377417,-4161392.02642497)
(0,0,0)
(0,0,0)
(0,0,0)
(0,0,0)
(0,0,0)
(0,0,0)
(0,0,0)
(0,0,0)
(0,0,0)
(0,0,0)
(0,0,0)
(0,0,0)
(0,0,0)
(0,0,0)
(0,0,0)
(0,0,0)
(0,0,0)
(0,0,0)
(0,0,0)
(0,0,0)
(0,0,0)
(0,0,0)
(0,0,0)
(0,0,0)
(0,0,0)
(0,0,0)
(0,0,0)
(0,0,0)
(0,0,0)
(0,0,0)
(0,0,0)
(0,0,0)
(0,0,0)
(0,0,0)
(0,0,0)
(0,0,0)
(0,0,0)
(0,0,0)
(0,0,0)
(0,0,0)
(0,0,0)
(0,0,0)
(0,0,0)
(0,0,0)
(0,0,0)
(0,0,0)
(0,0,0)
(0,0,0)
(0,0,0)
(0,0,0)
(0,0,0)
(0,0,0)
(0,0,0)
(0,0,0)
(0,0,0)
(0,0,0)
(0,0,0)
(0,0,0)
(0,0,0)
(0,0,0)
(0,0,0)
(0,0,0)
(0,0,0)
(0,0,0)
(0,0,0)
(0,0,0)
(0,0,0)
(0,0,0)
(0,0,0)
(0,0,0)
(0,0,0)
(0,0,0)
(0,0,0)
(0,0,0)
(0,0,0)
(0,0,0)
(0,0,0)
(0,0,0)
(0,0,0)
(0,0,0)
(0,0,0)
(0,0,0)
(0,0,0)
(0,0,0)
(0,0,0)
(0,0,0)
(0,0,0)
(0,0,0)
(0,0,0)
(0,0,0)
(0,0,0)
(0,0,0)
(0,0,0)
(0,0,0)
(0,0,0)
(0,0,0)
(0,0,0)
(0,0,0)
(0,0,0)
(0,0,0)
(0,0,0)
(0,0,0)
(-382468.159294517,32992.4050893939,26009.6366457049)
(-393767.198721086,30396.6616047134,52588.8835733146)
(-418669.741673596,24454.7860757951,79878.6551960572)
(-462216.552306723,13677.4309305799,106570.70585108)
(-532539.598209105,-4007.60609738458,127201.486951244)
(-640725.841662597,-29330.1731233019,124314.020605892)
(-796252.015649723,-54765.4600849944,45555.3118276697)
(-989103.197937606,-54862.1027701725,-246762.650280546)
(-1143397.66469069,-33695.4306205287,-988911.018044669)
(-993635.39256728,-14283.6666409366,-2333825.06920618)
(0,0,0)
(0,0,0)
(0,0,0)
(0,0,0)
(0,0,0)
(0,0,0)
(-395278.216491942,67352.0046743812,23389.2464790969)
(-405921.128598444,62445.7580671929,46650.4409858227)
(-429419.59828367,50985.1620327913,69110.577543798)
(-470627.861831847,29123.8296669176,88890.0270102163)
(-537762.517216793,-10173.5061173087,101878.904248252)
(-642833.496444274,-75779.7018170271,98923.0493881088)
(-797358.844710821,-159043.472107437,45469.9352355933)
(-984410.841006271,-157061.698022691,-225617.251403769)
(-1135832.18576057,-83961.8725657572,-969505.858812097)
(-988995.133501273,-31924.2317576477,-2319512.9231813)
(0,0,0)
(0,0,0)
(0,0,0)
(0,0,0)
(0,0,0)
(0,0,0)
(-423365.080987865,103250.081396229,18474.5336033981)
(-432766.387019176,96843.3183533157,35220.2610068893)
(-453526.701280455,81521.2433550456,47291.7416487395)
(-489981.818124898,50370.5147239005,49584.7327792101)
(-550445.03523646,-13404.5109926611,36299.7038497387)
(-651253.689333024,-148891.026312291,15744.1465321017)
(-821546.016854067,-409190.531280496,47478.3456201393)
(-984774.146396272,-404270.388704484,-152529.298771847)
(-1117505.96988965,-164149.567980116,-917441.201296142)
(-977683.090872097,-51298.0044171896,-2287518.21235024)
(0,0,0)
(0,0,0)
(0,0,0)
(0,0,0)
(0,0,0)
(0,0,0)
(-471873.257789632,137657.298178331,12092.4187759703)
(-479552.727527514,131191.241856073,19948.9837882704)
(-496294.511056471,115648.491575429,16276.0588381598)
(-525049.691354386,83249.4300797642,-14079.2592362404)
(-572448.715181056,9774.94511368127,-99039.7646133613)
(-666080.587730888,-198450.753625066,-244409.955312443)
(-1004752.18221146,-1004950.89803654,52424.9311900451)
(-1057192.09856195,-1057394.92206852,87650.2567438086)
(-1074769.72559089,-241571.840964609,-804450.132721069)
(-954783.878836747,-54480.3755601086,-2236080.05910446)
(0,0,0)
(0,0,0)
(0,0,0)
(0,0,0)
(0,0,0)
(0,0,0)
(-548635.420494105,160509.084737525,5647.74717972483)
(-554308.369204012,155489.64317629,4509.05934514271)
(-566008.328681853,144101.504793859,-15990.4276033763)
(-582967.810860798,122922.156375048,-87470.1017335427)
(-595016.870986271,84736.0195003678,-307138.114433307)
(-536234.888443787,21804.0972036065,-1050815.9801055)
(-8.92456123784229e-05,-2.42802853405058e-05,5.86865994289519e-05)
(-90.8133085972438,-258.692010743968,903576.519625182)
(-903607.310369627,-21697.4425859434,-617137.163398343)
(-913489.059116054,-3128.37954731573,-2181359.18470077)
(0,0,0)
(0,0,0)
(0,0,0)
(0,0,0)
(0,0,0)
(0,0,0)
(-663420.251389989,146909.083286326,679.109327505238)
(-667178.712837461,144077.087030384,-6728.36554201721)
(-674270.892130635,138515.342956792,-36987.7369872586)
(-681622.142218943,130217.852335383,-125555.329154897)
(-672906.764821824,117628.380208756,-369937.68556378)
(-569704.068157003,90543.8069792936,-1072501.71291896)
(-8.14445753162635e-05,-3.04621708552322e-05,4.49539565678719e-05)
(60.5024869855828,-74.3490193251106,882346.781558315)
(-882337.269893827,62173.2224015307,-598324.939679313)
(-913171.712795087,26585.2072887291,-2177972.6563682)
(0,0,0)
(0,0,0)
(0,0,0)
(0,0,0)
(0,0,0)
(0,0,0)
(-823634.791559588,40936.9624865756,-2086.83708313027)
(-825822.963102739,40320.9085703331,-12181.5577022612)
(-829208.497757892,40712.0584094517,-45161.0238915686)
(-829181.085525292,46300.103305783,-138047.611983752)
(-805621.727167556,64553.4626496985,-396884.122891815)
(-668242.79292244,94814.5044181154,-1162958.12462675)
(-0.00022191455133087,8.19385092222715e-05,6.19186906559518e-05)
(181.731891184762,934668.626433788,944678.64058135)
(-944402.943509638,193178.700638287,-633756.325057597)
(-950193.542179774,23745.5096334783,-2204370.57460685)
(0,0,0)
(0,0,0)
(0,0,0)
(0,0,0)
(0,0,0)
(0,0,0)
(-1018145.70502337,-277669.334199483,-2615.03472862381)
(-1019203.59138426,-276798.872637388,-11675.1791070319)
(-1020131.2771816,-272196.772773173,-39536.2238626569)
(-1015914.21402645,-254498.592872609,-119789.978818342)
(-985299.910480741,-192638.5322376,-366576.370498086)
(-827435.963076346,37502.7179799412,-1257837.11858571)
(359.498624277897,1044677.5569777,934668.432975321)
(-934360.279744129,228878.681911852,203268.411429532)
(-1175714.5699856,-106418.573155504,-803044.721688392)
(-1029632.03460468,-139011.570653649,-2228000.56387263)
(0,0,0)
(0,0,0)
(0,0,0)
(0,0,0)
(0,0,0)
(0,0,0)
(-1167910.73571538,-1032269.78903201,-1687.88686768912)
(-1168359.21318997,-1031258.94665789,-6986.24898791696)
(-1168410.68285576,-1027035.19481649,-21788.7858658751)
(-1165195.60193625,-1013397.33435636,-57909.5572587678)
(-1150209.96787714,-974956.147889187,-136434.318414732)
(-1104090.33746487,-876793.254272625,-250686.09718142)
(-1044068.6212224,-679260.272016596,118853.887301917)
(-1196051.96409208,-809909.89815875,-131971.123433817)
(-1285998.25817656,-831306.647445457,-835506.525400359)
(-1053911.91798137,-589134.501773349,-2088875.93452983)
(0,0,0)
(0,0,0)
(0,0,0)
(0,0,0)
(0,0,0)
(0,0,0)
(-1007450.61242077,-2380804.34014508,-643.241062858869)
(-1007631.78272813,-2380117.02867153,-2697.04752252047)
(-1007601.11165449,-2377340.35712254,-8075.81553200932)
(-1006316.26239683,-2369255.06688603,-19426.4155372559)
(-1001603.16731609,-2349862.32605238,-38293.2057587073)
(-991498.727432436,-2311548.80764921,-53222.949226724)
(-988257.00012322,-2258245.2195664,-11815.3872133715)
(-1042030.15071849,-2246391.84768821,-153354.447325205)
(-1056535.94613439,-2093022.00568061,-593309.353570203)
(-844866.803496328,-1499689.36780816,-1499693.72725199)
(0,0,0)
(0,0,0)
(0,0,0)
(0,0,0)
(0,0,0)
(0,0,0)
(0,0,0)
(0,0,0)
(0,0,0)
(0,0,0)
(0,0,0)
(0,0,0)
(0,0,0)
(0,0,0)
(0,0,0)
(0,0,0)
(0,0,0)
(0,0,0)
(0,0,0)
(0,0,0)
(0,0,0)
(0,0,0)
(0,0,0)
(0,0,0)
(0,0,0)
(0,0,0)
(0,0,0)
(0,0,0)
(0,0,0)
(0,0,0)
(0,0,0)
(0,0,0)
(0,0,0)
(0,0,0)
(0,0,0)
(0,0,0)
(0,0,0)
(0,0,0)
(0,0,0)
(0,0,0)
(0,0,0)
(0,0,0)
(0,0,0)
(0,0,0)
(0,0,0)
(0,0,0)
(0,0,0)
(0,0,0)
(0,0,0)
(0,0,0)
(0,0,0)
(0,0,0)
(0,0,0)
(0,0,0)
(0,0,0)
(0,0,0)
(0,0,0)
(0,0,0)
(0,0,0)
(0,0,0)
(0,0,0)
(0,0,0)
(0,0,0)
(0,0,0)
(0,0,0)
(0,0,0)
(0,0,0)
(0,0,0)
(0,0,0)
(0,0,0)
(0,0,0)
(0,0,0)
(0,0,0)
(0,0,0)
(0,0,0)
(0,0,0)
(0,0,0)
(0,0,0)
(0,0,0)
(0,0,0)
(0,0,0)
(0,0,0)
(0,0,0)
(0,0,0)
(0,0,0)
(0,0,0)
(0,0,0)
(0,0,0)
(0,0,0)
(0,0,0)
(0,0,0)
(0,0,0)
(0,0,0)
(0,0,0)
(0,0,0)
(0,0,0)
(0,0,0)
(0,0,0)
(0,0,0)
(0,0,0)
(0,0,0)
(0,0,0)
(-417205.873716131,20115.1937346527,14622.5206869614)
(-424831.998468172,18131.1704923029,27556.1499417443)
(-440933.346282673,13572.5611270186,36247.1934238009)
(-467253.637173872,5125.88318504128,36158.3951059094)
(-505993.011791204,-9324.61042042569,18936.4191084279)
(-558985.206632951,-31504.4462216363,-31299.7696995831)
(-624241.504195183,-55934.0501315653,-147376.23102256)
(-685227.282018044,-50174.763940204,-401077.383001917)
(-679243.602724245,-26108.5030707859,-839122.941897583)
(-483048.743004715,-9616.7153503696,-1340092.87610973)
(0,0,0)
(0,0,0)
(0,0,0)
(0,0,0)
(0,0,0)
(0,0,0)
(-426938.52930935,39132.1091961078,12643.3973559496)
(-433595.219351545,35442.3127194717,23006.3458818775)
(-447375.059257381,26742.0567711736,27792.3112114331)
(-469072.9526646,9677.96487198463,21685.3203572468)
(-499268.131544289,-22860.6218253075,-3273.05391037995)
(-537810.089579551,-84126.2180911422,-55674.6889055977)
(-584237.465118487,-183144.692455715,-141585.426173784)
(-641830.779219382,-157315.749615593,-377024.502285281)
(-650801.008537373,-65539.8016794699,-822624.380899793)
(-470255.160910273,-20538.4338623987,-1330442.63497875)
(0,0,0)
(0,0,0)
(0,0,0)
(0,0,0)
(0,0,0)
(0,0,0)
(-447820.622332677,54628.5190525858,8959.13148833168)
(-452646.688865695,49950.3539155819,14331.392138745)
(-461893.538920894,38696.2991814742,10743.9873688853)
(-473986.112754155,15328.0528366029,-10901.8059664745)
(-484335.213290432,-35334.2045271482,-64538.0452106616)
(-481787.004221969,-163565.146112134,-154565.802300716)
(-451343.442267114,-592213.472292814,-115699.597050569)
(-496001.995164393,-476547.130099616,-285240.367798428)
(-569371.651419119,-121325.049777138,-777589.438171306)
(-437629.637076089,-28344.0925494701,-1309837.23328025)
(0,0,0)
(0,0,0)
(0,0,0)
(0,0,0)
(0,0,0)
(0,0,0)
(-482345.754054514,60796.1858459246,4304.82947154248)
(-484763.62411623,56358.9153751421,3107.1646006937)
(-487867.690092689,45906.231303169,-12529.5884847808)
(-486175.678278266,25412.4187126934,-61487.9674369934)
(-463953.546536447,-12663.2395475295,-192654.101061229)
(-370779.940678737,-68445.4903571315,-583074.403868382)
(-4.48034020587881e-05,-8.06730651240951e-06,2.36764930357429e-05)
(-213.264109474316,-147.518843741567,70065.1272373039)
(-371224.105492535,-70316.6684870628,-684488.874151122)
(-373061.582465919,-13140.0992225743,-1281415.16384887)
(0,0,0)
(0,0,0)
(0,0,0)
(0,0,0)
(0,0,0)
(0,0,0)
(-533298.600349274,45566.2739696144,-106.90826851768)
(-533259.953497553,42484.9103284662,-7281.3189283059)
(-530213.026052243,35790.5515012551,-32960.9417560032)
(-515336.481550295,24331.8681060492,-99511.7204598643)
(-465832.272653845,6948.1992245493,-248307.75756436)
(-326843.846251888,-11599.4038115654,-514544.88630181)
(4.9582923484286e-06,-3.73786670373217e-06,-0.000105497219081699)
(-9.74001900507102e-05,-9.49339463874053e-06,2.94711606972617e-06)
(146.400431644854,-382.336888490967,-627109.455894145)
(-282874.836803756,-2795.01639841667,-1268068.76103057)
(0,0,0)
(0,0,0)
(0,0,0)
(0,0,0)
(0,0,0)
(0,0,0)
(-601212.456708304,-13518.2879265051,-3123.23278556626)
(-599238.12367634,-14721.5900881393,-13857.3215300819)
(-591548.664854499,-16474.2679320298,-44314.7293729332)
(-567416.632734187,-17364.5560463719,-116823.81470527)
(-500951.235668504,-15120.3077117254,-266710.836922307)
(-337176.604862757,-8046.70275988061,-502791.001268226)
(-1.56026046686078e-06,-9.35123975478738e-06,-8.10084101722577e-05)
(-7.2272995672519e-05,-2.14071447445592e-05,3.67756150625795e-06)
(200.654917298161,65.462066324379,-629252.248860289)
(-269704.767038987,-10468.290463713,-1265045.92055111)
(0,0,0)
(0,0,0)
(0,0,0)
(0,0,0)
(0,0,0)
(0,0,0)
(-679083.304913833,-153789.248294935,-4280.52627732387)
(-676019.400255981,-153235.096822608,-15570.5823896041)
(-665788.31376309,-150324.46952626,-45140.5647901826)
(-636698.280357318,-140502.764923492,-114485.161081034)
(-560548.882043199,-115199.540025188,-259478.773891932)
(-376630.024087557,-64531.4470344668,-494606.798452237)
(-1.22106628056243e-05,-0.000129537727417315,-9.6133436602242e-05)
(-0.000125015928284137,4.87998087896233e-06,3.08962445215948e-06)
(75.1780401892165,-38217.6510722262,-639648.117400429)
(-290138.896048642,-55741.3832327891,-1254429.67076247)
(0,0,0)
(0,0,0)
(0,0,0)
(0,0,0)
(0,0,0)
(0,0,0)
(-740717.729031586,-427555.176228594,-3662.04805812964)
(-737476.763712688,-426044.931825869,-12579.0407264409)
(-727192.565931408,-420551.052224203,-35291.1692786878)
(-698710.154588651,-403839.825965298,-89158.1676746753)
(-623316.982320944,-357626.494553652,-208714.141306002)
(-431391.357663609,-239302.34039917,-429987.853354039)
(-0.000151739334018387,1.08322266638557e-05,5.51629744161741e-06)
(125.89120368395,-32965.4908992425,-38112.5454129446)
(-378232.300480508,-216793.573374188,-657018.892616083)
(-380491.407868104,-163349.231789976,-1198551.67079549)
(0,0,0)
(0,0,0)
(0,0,0)
(0,0,0)
(0,0,0)
(0,0,0)
(-721482.740444828,-871869.354317448,-2113.81718169901)
(-718950.975082664,-870560.585616761,-7006.4014981162)
(-711176.801606152,-866252.1464116,-18539.1885603309)
(-690124.553791396,-854550.849556131,-42899.2131143619)
(-634032.847939935,-826389.494927959,-90313.3326772513)
(-478839.046769786,-764260.676843974,-190606.28692753)
(223.516404097394,-623558.712162551,-33042.9938622478)
(-384169.024676762,-655996.787120011,-221894.637056808)
(-519307.447236691,-601934.214139106,-603444.807231764)
(-405493.987802082,-380149.972397827,-1035061.9968032)
(0,0,0)
(0,0,0)
(0,0,0)
(0,0,0)
(0,0,0)
(0,0,0)
(-505181.255624271,-1373333.38823191,-805.322882037314)
(-503873.141824035,-1372473.84572676,-2650.7036761446)
(-499984.913617282,-1369737.23149179,-6781.81663318377)
(-490029.153364919,-1362936.82657921,-14682.9486420291)
(-466236.641394004,-1348275.96477029,-28163.0047217804)
(-413914.596239559,-1320074.76945399,-49933.0433046495)
(-326177.203476864,-1270052.45996651,-65519.0921470571)
(-391244.531687122,-1204464.98639065,-167836.511907782)
(-408044.741509122,-1036612.32116451,-381649.609507655)
(-296897.399378726,-654906.848041312,-654862.137981781)
(0,0,0)
(0,0,0)
(0,0,0)
(0,0,0)
(0,0,0)
(0,0,0)
(0,0,0)
(0,0,0)
(0,0,0)
(0,0,0)
(0,0,0)
(0,0,0)
(0,0,0)
(0,0,0)
(0,0,0)
(0,0,0)
(0,0,0)
(0,0,0)
(0,0,0)
(0,0,0)
(0,0,0)
(0,0,0)
(0,0,0)
(0,0,0)
(0,0,0)
(0,0,0)
(0,0,0)
(0,0,0)
(0,0,0)
(0,0,0)
(0,0,0)
(0,0,0)
(0,0,0)
(0,0,0)
(0,0,0)
(0,0,0)
(0,0,0)
(0,0,0)
(0,0,0)
(0,0,0)
(0,0,0)
(0,0,0)
(0,0,0)
(0,0,0)
(0,0,0)
(0,0,0)
(0,0,0)
(0,0,0)
(0,0,0)
(0,0,0)
(0,0,0)
(0,0,0)
(0,0,0)
(0,0,0)
(0,0,0)
(0,0,0)
(0,0,0)
(0,0,0)
(0,0,0)
(0,0,0)
(0,0,0)
(0,0,0)
(0,0,0)
(0,0,0)
(0,0,0)
(0,0,0)
(0,0,0)
(0,0,0)
(0,0,0)
(0,0,0)
(0,0,0)
(0,0,0)
(0,0,0)
(0,0,0)
(0,0,0)
(0,0,0)
(0,0,0)
(0,0,0)
(0,0,0)
(0,0,0)
(0,0,0)
(0,0,0)
(0,0,0)
(0,0,0)
(0,0,0)
(0,0,0)
(0,0,0)
(0,0,0)
(0,0,0)
(0,0,0)
(0,0,0)
(0,0,0)
(0,0,0)
(0,0,0)
(0,0,0)
(0,0,0)
(0,0,0)
(0,0,0)
(0,0,0)
(0,0,0)
(0,0,0)
(0,0,0)
(-434471.055294813,10338.8207373568,6926.36084133266)
(-438564.284445175,9322.69793788261,11335.9488804549)
(-446561.471331914,7111.82983526377,9852.2440944304)
(-458031.143465343,3282.31500889885,-2652.56462299738)
(-471878.965239593,-2656.13022180436,-34110.4809528055)
(-486046.342159582,-10395.3595282617,-96653.9858979101)
(-496464.026948489,-15950.2293979476,-208481.23374666)
(-491800.533680682,-6746.52500402121,-395161.457080007)
(-433805.126400927,2360.22864476696,-642960.16204807)
(-272215.518555224,3200.29438859507,-856993.680886193)
(0,0,0)
(0,0,0)
(0,0,0)
(0,0,0)
(0,0,0)
(0,0,0)
(-440727.261742718,18205.097247877,5922.45592285169)
(-443829.327341553,16361.2876702226,9117.9741805211)
(-449405.642845236,12245.1802386411,6015.20736499925)
(-455985.154732455,4783.91531639492,-8574.1908746448)
(-460695.677141842,-7930.35394002366,-41872.4215588698)
(-459832.58251233,-28072.4784321321,-102172.809722223)
(-452977.440233224,-50168.995513236,-199214.068492189)
(-450380.043364922,-11396.1522497979,-386015.177100872)
(-408329.338799457,15964.4730700085,-642091.091264026)
(-261122.168416255,12134.4832964595,-860158.27266591)
(0,0,0)
(0,0,0)
(0,0,0)
(0,0,0)
(0,0,0)
(0,0,0)
(-453743.732916134,20052.0097954073,4076.19803593102)
(-454993.407939536,17800.3845814689,4983.82019852605)
(-455923.542143695,12713.9996271485,-1454.99596717892)
(-452529.930745117,3161.3503401418,-21288.6129999692)
(-436628.574841137,-14928.1411000678,-61997.4642892204)
(-395240.678587433,-52475.5382023715,-124140.73015352)
(-324594.390458721,-140741.382636168,-160317.394838981)
(-328454.216078274,19341.2539490526,-358602.580123948)
(-343049.514162572,76912.6321717916,-645872.876482284)
(-235424.772489327,36284.90480131,-872228.162573871)
(0,0,0)
(0,0,0)
(0,0,0)
(0,0,0)
(0,0,0)
(0,0,0)
(-473947.606833513,9804.16514441438,1849.69742999006)
(-472871.668530274,7827.30691671395,-69.1804912091087)
(-467817.667646453,3539.69827780604,-10944.9015881042)
(-450980.224600818,-3681.77456021635,-39297.2303651907)
(-404268.756752911,-14471.9242500616,-99438.2369987306)
(-285998.92730038,-24439.0266999436,-212255.761879515)
(-3.75492778870883e-05,-6.56042349662462e-06,-5.35249748109779e-06)
(354.490049805002,189.528477419276,-300927.450223383)
(-209996.350057664,301145.917826654,-686388.491313118)
(-191821.127036065,77105.5238550377,-908449.565796706)
(0,0,0)
(0,0,0)
(0,0,0)
(0,0,0)
(0,0,0)
(0,0,0)
(-500903.703232064,-22478.8844226424,-111.84755014825)
(-497656.532835679,-23588.4807078591,-4299.48058744692)
(-487234.268794273,-25584.30757415,-18154.2319934611)
(-459463.24660074,-27682.1057036217,-50027.1357996114)
(-393016.187373857,-28075.4521420549,-109239.693187607)
(-250971.780933878,-21875.1274997134,-187675.657705849)
(4.51735944345622e-06,-1.88251984589782e-06,-6.98374647298761e-06)
(-8.59865953982999e-05,-1.51569313249087e-06,-1.66444520181657e-05)
(-65.3127647827293,-306.149649621063,-910263.412105533)
(-141085.515606475,10401.7559749417,-985348.965422711)
(0,0,0)
(0,0,0)
(0,0,0)
(0,0,0)
(0,0,0)
(0,0,0)
(-530986.652954621,-91505.3417403307,-1199.34643599496)
(-526278.155236642,-91538.994334285,-6208.8012492696)
(-512438.536480943,-90688.2682872507,-20214.9689097281)
(-478318.290267271,-86631.1224592024,-50364.294621063)
(-401761.26524356,-74740.2620603846,-102889.455127678)
(-248758.43575367,-47546.2990134606,-165636.45272302)
(-8.32005092121583e-07,-4.86396801073531e-06,-1.51832695497939e-11)
(-5.97910914540766e-05,-1.12198218922773e-06,-1.28756303449744e-05)
(117.384151408885,-131.319555532249,-899313.107874203)
(-132098.014836988,-30956.614411418,-995561.489689826)
(0,0,0)
(0,0,0)
(0,0,0)
(0,0,0)
(0,0,0)
(0,0,0)
(-553811.030688779,-215555.229171327,-1222.3867940672)
(-548648.957978626,-214784.742553699,-5347.08085201406)
(-533923.333062401,-211792.073816719,-16108.2560232346)
(-498516.961567523,-202558.354694981,-38362.3425772518)
(-420089.153398783,-178029.059592002,-75533.2736900527)
(-262384.603875214,-119393.238965241,-117931.753950615)
(-9.13773893251549e-06,-9.61220907738109e-06,-1.79451566042493e-11)
(-0.000103325553520417,-3.05906482848831e-06,-1.97533100696159e-05)
(323.87591874538,-416657.411235353,-929970.504944908)
(-140378.591270234,-146182.622578933,-964504.801555827)
(0,0,0)
(0,0,0)
(0,0,0)
(0,0,0)
(0,0,0)
(0,0,0)
(-547388.616402978,-408460.018354054,-424.323445877427)
(-542751.695301439,-407633.642796433,-2300.49161439016)
(-529812.582886352,-404626.146140556,-6846.40233561449)
(-499034.386013092,-395314.410964502,-13766.1146416522)
(-429926.144587644,-368437.652876921,-16748.3590900326)
(-282140.19555114,-286932.160269179,1539.40010143605)
(-0.000132387200421643,-2.08818653102776e-05,-8.35218064371833e-06)
(246.539320158425,-417454.370020892,-416519.726714399)
(-194041.18905252,-358023.350087824,-659344.899289916)
(-179356.829855584,-188448.003696623,-818214.096184739)
(0,0,0)
(0,0,0)
(0,0,0)
(0,0,0)
(0,0,0)
(0,0,0)
(-474673.233121217,-655687.66135081,418.13567314499)
(-471362.488300277,-655568.570362012,764.576456327978)
(-462387.649170899,-655126.740413927,2476.01829444141)
(-441612.441291017,-654518.289415824,13167.7842453976)
(-395485.48593536,-658695.163284243,64877.9326481461)
(-289906.208310199,-699503.260461244,288516.194380622)
(542.491873706355,-950164.723416864,-417417.573476855)
(-198766.079491263,-663244.978915159,-357029.909768083)
(-253896.607456971,-490790.36199734,-489673.737638281)
(-182370.444801072,-271605.333274183,-629639.951061742)
(0,0,0)
(0,0,0)
(0,0,0)
(0,0,0)
(0,0,0)
(0,0,0)
(-293200.821496263,-868173.628732408,505.533253596604)
(-291546.332347295,-868631.48813758,1241.64155242485)
(-287189.280733377,-869807.137834618,3126.40608921061)
(-277534.813820036,-872960.996151228,9074.77327972715)
(-257866.438822515,-882125.013614804,24134.4210388107)
(-220838.221844439,-906270.653030982,37825.4392134232)
(-163942.124670552,-944017.753041863,-130556.609967888)
(-187023.496076985,-813382.133695785,-184640.490797398)
(-184264.795138459,-628673.234771802,-270537.564393591)
(-123028.245661188,-358028.023159993,-357984.028225321)
(0,0,0)
(0,0,0)
(0,0,0)
(0,0,0)
(0,0,0)
(0,0,0)
(0,0,0)
(0,0,0)
(0,0,0)
(0,0,0)
(0,0,0)
(0,0,0)
(0,0,0)
(0,0,0)
(0,0,0)
(0,0,0)
(0,0,0)
(0,0,0)
(0,0,0)
(0,0,0)
(0,0,0)
(0,0,0)
(0,0,0)
(0,0,0)
(0,0,0)
(0,0,0)
(0,0,0)
(0,0,0)
(0,0,0)
(0,0,0)
(0,0,0)
(0,0,0)
(0,0,0)
(0,0,0)
(0,0,0)
(0,0,0)
(0,0,0)
(0,0,0)
(0,0,0)
(0,0,0)
(0,0,0)
(0,0,0)
(0,0,0)
(0,0,0)
(0,0,0)
(0,0,0)
(0,0,0)
(0,0,0)
(0,0,0)
(0,0,0)
(0,0,0)
(0,0,0)
(0,0,0)
(0,0,0)
(0,0,0)
(0,0,0)
(0,0,0)
(0,0,0)
(0,0,0)
(0,0,0)
(0,0,0)
(0,0,0)
(0,0,0)
(0,0,0)
(0,0,0)
(0,0,0)
(0,0,0)
(0,0,0)
(0,0,0)
(0,0,0)
(0,0,0)
(0,0,0)
(0,0,0)
(0,0,0)
(0,0,0)
(0,0,0)
(0,0,0)
(0,0,0)
(0,0,0)
(0,0,0)
(0,0,0)
(0,0,0)
(0,0,0)
(0,0,0)
(0,0,0)
(0,0,0)
(0,0,0)
(0,0,0)
(0,0,0)
(0,0,0)
(0,0,0)
(0,0,0)
(0,0,0)
(0,0,0)
(0,0,0)
(0,0,0)
(0,0,0)
(0,0,0)
(0,0,0)
(0,0,0)
(0,0,0)
(0,0,0)
(-441291.676309198,4012.2304122694,2808.39060210401)
(-443028.029222639,3993.57471346107,3278.56066610507)
(-445857.567632317,4197.9715676406,-1623.31460113046)
(-448443.923223402,5273.4048718888,-16483.9397149583)
(-448567.936473859,8484.02139945456,-48278.989880144)
(-443005.094395887,15780.5249380041,-107100.762581842)
(-427220.520010911,27558.0685207655,-203902.338040183)
(-393212.641358551,34726.4064330163,-337216.636795326)
(-317515.782915157,27863.8203063576,-481369.800587455)
(-183225.290706361,14320.7009620864,-584680.7293984)
(0,0,0)
(0,0,0)
(0,0,0)
(0,0,0)
(0,0,0)
(0,0,0)
(-444638.059226694,5129.98495075888,2793.04294548639)
(-445688.108048553,5158.94726514685,3486.45110080249)
(-446867.523101009,5710.19943889364,-563.896514678202)
(-446226.554536053,8228.93813030889,-13278.029969502)
(-440607.215392962,16118.1661177174,-41000.6364366502)
(-426277.519030721,36530.4228706609,-95305.5978509188)
(-402384.996246281,78319.0547020589,-196659.028019165)
(-378956.167897909,110644.443020539,-344000.940073712)
(-310937.900545839,81335.5924121027,-494864.150433076)
(-180610.348522514,37887.9397085803,-598943.209073315)
(0,0,0)
(0,0,0)
(0,0,0)
(0,0,0)
(0,0,0)
(0,0,0)
(-451122.67647518,-268.623170781465,2777.55168058519)
(-450889.178579482,-157.647197726832,3989.91678340163)
(-448910.960729023,778.416006062497,1909.11880155829)
(-441671.362906425,4683.65883167567,-5404.16973849832)
(-422726.618115264,17406.8088057971,-20594.7691524533)
(-382686.582893634,56830.4047689426,-53448.8467445311)
(-319615.831014093,184116.698981092,-164225.050468199)
(-357101.970083172,348290.484334162,-373223.337776931)
(-306803.63090143,210097.18987784,-538230.818503787)
(-179004.045896677,79972.6304397065,-636736.235827575)
(0,0,0)
(0,0,0)
(0,0,0)
(0,0,0)
(0,0,0)
(0,0,0)
(-459795.125815909,-17309.104830972,2888.0006425842)
(-457989.081260007,-17080.693300473,4928.45947506011)
(-451976.825041056,-15961.3783898411,5827.41126556438)
(-435627.299634388,-12209.0293717241,7367.17450253674)
(-395109.43499436,-3259.9205658655,18874.5821156567)
(-294772.640655304,10584.4145786144,73894.2856609075)
(-2.56739775917634e-05,9.21114900588187e-06,-1.77446390130304e-05)
(-414308.277581661,-126.140592674194,-511323.508021662)
(-354125.197903951,511136.436251703,-668233.906549235)
(-191331.44376099,127883.538458697,-716634.497843293)
(0,0,0)
(0,0,0)
(0,0,0)
(0,0,0)
(0,0,0)
(0,0,0)
(-468582.373375157,-52736.0935534047,3105.65886551903)
(-465366.289980452,-52326.0330313239,6060.75574114834)
(-455827.944761633,-50847.6361146586,9540.68943332546)
(-431914.381095179,-46560.0472823485,16342.8418383902)
(-375944.548532312,-36812.8726351427,32824.1550661175)
(-251283.065323738,-19643.1231715952,63362.9772061898)
(1.04828278678511e-05,7.27089851517934e-07,3.06386259710562e-06)
(-5.76000626297592e-05,7.35437040668042e-06,-3.23547790939287e-05)
(-645655.479090757,-141.37189642933,-1051340.78725172)
(-239597.570846576,19406.4485864626,-844351.642139387)
(0,0,0)
(0,0,0)
(0,0,0)
(0,0,0)
(0,0,0)
(0,0,0)
(-472739.966567839,-114456.688687124,3473.90874693686)
(-468733.794765006,-113955.684469066,7559.19971304837)
(-457420.877357919,-112145.671241532,13839.5757168948)
(-430330.811522505,-106846.394026961,26138.4437167436)
(-369429.522316985,-93106.8633841364,50100.6915391645)
(-240245.024501589,-61186.0798218379,83130.2369373253)
(1.05360367863321e-06,-1.85248032914475e-07,1.16620599462236e-12)
(-4.04877430777277e-05,1.1191599211283e-05,-2.31405760147455e-05)
(-611391.217313215,0.89549900082031,-1031635.81482034)
(-241454.526889683,-39259.0638789967,-863613.790302199)
(0,0,0)
(0,0,0)
(0,0,0)
(0,0,0)
(0,0,0)
(0,0,0)
(-463055.328756854,-209147.963523394,3935.57290435266)
(-459106.840935086,-208891.334223761,9329.1056155085)
(-448268.14432868,-207665.32836356,19193.5740038166)
(-423098.105074234,-203084.565378379,40012.8888619444)
(-367489.873155406,-187886.484528877,82193.2297633099)
(-246781.52404643,-139166.33487233,144570.404985014)
(-4.81267060760076e-06,-2.82786158148919e-06,-1.29938494067334e-12)
(-5.52997513776227e-05,-6.64942496123582e-06,-3.01847792696599e-05)
(-670197.060628935,-611164.524221157,-1070820.07485398)
(-240917.00472057,-185234.20679176,-824306.518490878)
(0,0,0)
(0,0,0)
(0,0,0)
(0,0,0)
(0,0,0)
(0,0,0)
(-424922.897470464,-335807.491879534,4193.80942363166)
(-421751.609566039,-336287.432671273,10589.8221357459)
(-413501.203941076,-337221.976616383,23835.0914432938)
(-395697.024702042,-337919.77472952,55332.9394833848)
(-359510.854093857,-334085.610717994,131116.775178711)
(-279269.851681595,-294898.362767376,283978.459204212)
(-7.74245507667025e-05,-3.93772177611421e-05,-1.49625412051957e-05)
(-493034.468288384,-616719.672119772,-610954.496008273)
(-353300.025635809,-418053.99362064,-644806.190025506)
(-178779.130867126,-191574.646875381,-639043.448930341)
(0,0,0)
(0,0,0)
(0,0,0)
(0,0,0)
(0,0,0)
(0,0,0)
(-339859.969056856,-474317.950530862,3697.19458696509)
(-337848.231843505,-475810.201018663,9705.70647758427)
(-333110.931074741,-479977.420249015,23184.4320140569)
(-325113.700444912,-490501.894979318,59267.8114177434)
(-319598.726527248,-521164.634339342,170460.075630981)
(-362812.529988629,-630593.767254024,579061.801796051)
(-750546.347363919,-1114886.51815347,-616738.750933404)
(-368345.262546884,-651669.63091673,-412209.609080825)
(-244636.210770644,-421270.340084078,-418253.659303725)
(-132519.264724717,-212309.685803281,-447369.800452173)
(0,0,0)
(0,0,0)
(0,0,0)
(0,0,0)
(0,0,0)
(0,0,0)
(-194590.304013934,-575058.558978799,2130.09096561056)
(-193663.54124502,-577142.155366487,5579.2542111625)
(-191591.638267943,-582725.186038752,12729.3775354648)
(-188481.79115138,-595524.863982383,28699.3238698773)
(-187126.681305782,-624314.598904034,61109.5309178296)
(-199560.011928488,-685499.0477147,94736.6014625586)
(-250282.588516464,-780189.376784318,-153620.076060681)
(-183933.277090828,-626472.962792996,-181906.963170574)
(-133620.835040894,-444457.4240367,-209363.839315523)
(-74733.7836829232,-234976.915057774,-234991.072039289)
(0,0,0)
(0,0,0)
(0,0,0)
(0,0,0)
(0,0,0)
(0,0,0)
(0,0,0)
(0,0,0)
(0,0,0)
(0,0,0)
(0,0,0)
(0,0,0)
(0,0,0)
(0,0,0)
(0,0,0)
(0,0,0)
(0,0,0)
(0,0,0)
(0,0,0)
(0,0,0)
(0,0,0)
(0,0,0)
(0,0,0)
(0,0,0)
(0,0,0)
(0,0,0)
(0,0,0)
(0,0,0)
(0,0,0)
(0,0,0)
(0,0,0)
(0,0,0)
(0,0,0)
(0,0,0)
(0,0,0)
(0,0,0)
(0,0,0)
(0,0,0)
(0,0,0)
(0,0,0)
(0,0,0)
(0,0,0)
(0,0,0)
(0,0,0)
(0,0,0)
(0,0,0)
(0,0,0)
(0,0,0)
(0,0,0)
(0,0,0)
(0,0,0)
(0,0,0)
(0,0,0)
(0,0,0)
(0,0,0)
(0,0,0)
(0,0,0)
(0,0,0)
(0,0,0)
(0,0,0)
(0,0,0)
(0,0,0)
(0,0,0)
(0,0,0)
(0,0,0)
(0,0,0)
(0,0,0)
(0,0,0)
(0,0,0)
(0,0,0)
(0,0,0)
(0,0,0)
(0,0,0)
(0,0,0)
(0,0,0)
(0,0,0)
(0,0,0)
(0,0,0)
(0,0,0)
(0,0,0)
(0,0,0)
(0,0,0)
(0,0,0)
(0,0,0)
(0,0,0)
(0,0,0)
(0,0,0)
(0,0,0)
(0,0,0)
(0,0,0)
(0,0,0)
(0,0,0)
(0,0,0)
(0,0,0)
(0,0,0)
(0,0,0)
(0,0,0)
(0,0,0)
(0,0,0)
(0,0,0)
(0,0,0)
(0,0,0)
(-443081.499750471,708.739037217203,1081.08440406105)
(-443755.471263054,1356.63116249427,451.895281980099)
(-444371.589387424,3177.32820546983,-4211.41116838852)
(-443546.5116745,7459.69180317077,-16568.5145204628)
(-438916.683134741,16398.223423251,-42617.9912828311)
(-426818.217793508,32444.9929519787,-91249.8608371923)
(-400964.40511624,52373.3087499059,-169879.284481767)
(-350628.974550062,49014.8558876462,-261477.807177899)
(-266449.465991317,34470.2327975127,-347014.356899259)
(-145885.252491345,16965.2571937876,-401319.652308053)
(0,0,0)
(0,0,0)
(0,0,0)
(0,0,0)
(0,0,0)
(0,0,0)
(-444434.70392768,-1251.46668690136,1756.85042510125)
(-444891.356449086,24.8188645134249,2291.91112361935)
(-445134.367392749,3692.46893411213,43.6146867183792)
(-443863.445778672,12789.2381785523,-7649.04044604362)
(-439241.649563554,33961.7284179233,-26578.1112701211)
(-429120.333407003,80045.5069274474,-71335.8108693069)
(-409217.304328783,161083.364543895,-173213.558580794)
(-359745.114150438,132542.009697152,-275951.766137764)
(-273473.531273526,85511.1684618858,-364457.07107445)
(-149416.648345397,39523.4275555152,-418208.941613294)
(0,0,0)
(0,0,0)
(0,0,0)
(0,0,0)
(0,0,0)
(0,0,0)
(-446414.267169468,-8970.48092179388,3010.60492918045)
(-446500.861125971,-7290.36525323079,5937.47159341332)
(-446056.58322959,-2314.15589411003,9089.71892220783)
(-443981.680203224,10699.4233710732,13489.8510264878)
(-439780.587304363,45006.3244389846,19499.2241945313)
(-437622.233495794,144756.657746776,9723.7239773605)
(-450971.920218552,503851.987064736,-201688.809339015)
(-394490.66011902,291133.223687678,-322891.333293691)
(-296689.408107477,162843.184777301,-410337.57240306)
(-159909.729969825,67705.9530958176,-457614.41387021)
(0,0,0)
(0,0,0)
(0,0,0)
(0,0,0)
(0,0,0)
(0,0,0)
(-447251.580279181,-26210.9482737811,4696.92181526308)
(-446926.404267429,-24572.6654635238,10916.5450329877)
(-445565.766027343,-19905.330260096,22096.6603852636)
(-442047.725053135,-8583.28098101956,47799.7901560957)
(-437421.353286193,15847.2893250831,119270.743561826)
(-453616.339653005,54019.7955389788,368851.304767323)
(-669247.484109561,-194.566428152492,-414353.591639809)
(-500524.546192502,414112.749445512,-451116.848786807)
(-356634.127178875,219611.791651603,-505376.526386183)
(-183384.847521947,79634.345618049,-525251.51514745)
(0,0,0)
(0,0,0)
(0,0,0)
(0,0,0)
(0,0,0)
(0,0,0)
(-444082.818488885,-57018.8994693987,6308.39630934915)
(-443379.324015794,-55814.9148769578,15563.6797581197)
(-441007.260296672,-52538.1682609776,33375.8332940358)
(-434299.531723661,-45061.9855265553,72239.6884680489)
(-415052.578352918,-30334.8248990014,157529.832512745)
(-345800.088633264,-8630.19243300836,314696.843794251)
(-4.23646390134444e-05,2.37510269119551e-05,3.33570873339822e-05)
(-661725.805165762,-72.5065092367516,-645594.537385534)
(-460428.006434462,34066.2447390078,-645276.463129231)
(-217971.11729405,17530.4443986577,-604799.015462365)
(0,0,0)
(0,0,0)
(0,0,0)
(0,0,0)
(0,0,0)
(0,0,0)
(-432292.585950707,-104920.810517149,7454.53043061971)
(-431477.769617693,-104440.578435042,18824.1688413903)
(-428921.579415448,-103073.675354359,40860.377992307)
(-421856.975523983,-99695.3961708265,87019.9526380549)
(-400864.826003641,-91214.1490290512,179334.58045476)
(-325210.964839885,-67735.0417973294,323405.370157376)
(-2.95293528966601e-05,3.44486500540488e-05,2.39005334901406e-05)
(-622109.925396679,30.5189154880302,-611376.89223238)
(-468136.54854167,-58831.7306874992,-661733.585577413)
(-224679.435174805,-38724.0547824129,-622254.178111223)
(0,0,0)
(0,0,0)
(0,0,0)
(0,0,0)
(0,0,0)
(0,0,0)
(-404754.801897741,-171079.609585675,7858.27220940868)
(-404190.342559121,-171599.665085613,20100.8604840099)
(-402539.129014408,-172951.35983149,44249.5296468699)
(-398423.607425506,-175727.948825917,95607.5846532268)
(-386136.812056381,-179932.856959213,202973.231484359)
(-331343.173318789,-171657.682780701,391457.521740098)
(-4.28189887989614e-05,4.52058937288447e-05,3.21151934972547e-05)
(-685368.107836283,-493110.050198659,-670161.820431091)
(-463253.863856266,-294322.254663593,-641614.493227667)
(-214574.609872436,-123139.986239693,-583540.956618528)
(0,0,0)
(0,0,0)
(0,0,0)
(0,0,0)
(0,0,0)
(0,0,0)
(-352509.179049014,-250798.441272341,7305.11326521275)
(-352362.843429535,-252433.390882875,18750.0729259729)
(-352335.942107751,-256885.692344577,41519.143605728)
(-354025.779688816,-267395.341639253,91515.2914058396)
(-365094.931722902,-294251.071402754,211417.583478435)
(-424347.155364363,-378534.334086158,563371.538466669)
(-766748.033227894,-750648.361149503,-493021.638125854)
(-515763.765387569,-492156.704916036,-471245.686309287)
(-338965.512743778,-309509.981708195,-470392.472156703)
(-166509.042819043,-145398.971620127,-460403.574824362)
(0,0,0)
(0,0,0)
(0,0,0)
(0,0,0)
(0,0,0)
(0,0,0)
(-267142.086029103,-329151.236401145,5634.91210104971)
(-267293.371828431,-331702.159810319,14348.8210134229)
(-268196.225017685,-338524.680068303,31073.1026800974)
(-272239.596714672,-353942.764692724,64746.4220033326)
(-287583.343405222,-388760.716638337,127240.68411689)
(-338060.443406254,-467410.853320551,191365.116768907)
(-460598.25760169,-614732.56564938,-234498.768493438)
(-339100.841911039,-467373.625194367,-288526.268850964)
(-226075.963882284,-310373.830210557,-306222.667236957)
(-114630.66126507,-154592.202292376,-314918.04002435)
(0,0,0)
(0,0,0)
(0,0,0)
(0,0,0)
(0,0,0)
(0,0,0)
(-146119.713001292,-380643.820596656,3021.9931828689)
(-146304.409650858,-383633.717003752,7594.41878213925)
(-147012.96408882,-391275.952115382,15767.0166500937)
(-149529.964184093,-407150.665809425,30023.0907995102)
(-157279.240183535,-437248.665658638,48663.5986975677)
(-176373.459097743,-485974.885648539,44041.0781948137)
(-203801.751242046,-529955.016529348,-87217.3081996482)
(-164322.129106949,-442605.388563327,-131596.692814568)
(-114175.79037692,-310905.482840614,-150510.084848485)
(-59278.7451662263,-160277.361085578,-160279.964571982)
(0,0,0)
(0,0,0)
(0,0,0)
(0,0,0)
(0,0,0)
(0,0,0)
(0,0,0)
(0,0,0)
(0,0,0)
(0,0,0)
(0,0,0)
(0,0,0)
(0,0,0)
(0,0,0)
(0,0,0)
(0,0,0)
(0,0,0)
(0,0,0)
(0,0,0)
(0,0,0)
(0,0,0)
(0,0,0)
(0,0,0)
(0,0,0)
(0,0,0)
(0,0,0)
(0,0,0)
(0,0,0)
(0,0,0)
(0,0,0)
(0,0,0)
(0,0,0)
(0,0,0)
(0,0,0)
(0,0,0)
(0,0,0)
(0,0,0)
(0,0,0)
(0,0,0)
(0,0,0)
(0,0,0)
(0,0,0)
(0,0,0)
(0,0,0)
(0,0,0)
(0,0,0)
(0,0,0)
(0,0,0)
(0,0,0)
(0,0,0)
(0,0,0)
(0,0,0)
(0,0,0)
(0,0,0)
(0,0,0)
(0,0,0)
(0,0,0)
(0,0,0)
(0,0,0)
(0,0,0)
(0,0,0)
(0,0,0)
(0,0,0)
(0,0,0)
(0,0,0)
(0,0,0)
(0,0,0)
(0,0,0)
(0,0,0)
(0,0,0)
(0,0,0)
(0,0,0)
(0,0,0)
(0,0,0)
(0,0,0)
(0,0,0)
(0,0,0)
(0,0,0)
(0,0,0)
(0,0,0)
(0,0,0)
(0,0,0)
(0,0,0)
(0,0,0)
(0,0,0)
(0,0,0)
(0,0,0)
(0,0,0)
(0,0,0)
(0,0,0)
(0,0,0)
(0,0,0)
(0,0,0)
(0,0,0)
(0,0,0)
(0,0,0)
(0,0,0)
(0,0,0)
(0,0,0)
(0,0,0)
(0,0,0)
(0,0,0)
(-443063.324431311,-506.41859345111,488.243274287153)
(-443456.793128899,296.04481718904,-106.479677056183)
(-443598.51667758,2460.78671716241,-3340.33910405423)
(-442143.939316278,7153.24583476945,-11896.1572970497)
(-436483.486290463,16054.66866342,-30384.0228047499)
(-422044.437509947,30099.6865784576,-65257.4896667634)
(-390861.74332125,44072.1913172776,-119432.342779034)
(-332710.431836298,39854.9025746664,-177205.788067458)
(-244716.116754472,27408.4120717799,-226347.549376091)
(-130366.507497789,13416.717998287,-255283.012367932)
(0,0,0)
(0,0,0)
(0,0,0)
(0,0,0)
(0,0,0)
(0,0,0)
(-443249.274329378,-3035.29864423155,1343.45045248047)
(-443869.942448148,-1467.33650539164,2085.41777411564)
(-444758.527319213,2833.40729111497,1336.95712662874)
(-445085.692117873,12703.4304879993,-2990.98118739748)
(-443231.926305743,33399.8044062226,-16345.8401880113)
(-435524.38685285,71466.7328333856,-51308.832997091)
(-412056.276541398,119263.493485822,-123661.162953019)
(-351716.401613393,97779.3869923382,-189614.359907741)
(-257685.608021804,62296.2706520906,-240290.141739769)
(-136679.880260878,29042.1355805404,-268652.327406542)
(0,0,0)
(0,0,0)
(0,0,0)
(0,0,0)
(0,0,0)
(0,0,0)
(-442597.227048849,-9766.48459106202,2914.14582621164)
(-443717.033353057,-7710.60624556816,6373.58779347443)
(-446135.863959398,-1869.76817044739,11156.0439848443)
(-450363.918858129,12564.3089565056,17677.4041712384)
(-457723.681839175,47298.1645998595,21722.1385124084)
(-469611.669484565,128683.65850703,-3505.35117246559)
(-475570.667660666,285491.341605029,-145134.451849554)
(-401865.788022603,185060.864373995,-225040.801327633)
(-288916.159823818,102922.452642126,-273440.231601325)
(-151018.545200337,44281.258865879,-297570.539656147)
(0,0,0)
(0,0,0)
(0,0,0)
(0,0,0)
(0,0,0)
(0,0,0)
(-438929.276752955,-23085.7850055107,4996.99688822397)
(-440748.447525518,-21118.9488308345,12227.3827315744)
(-445288.181612113,-15470.698282701,25550.7284285944)
(-455347.547175191,-958.978101562971,52373.8376087261)
(-478967.021765683,38112.3897971984,103105.280890878)
(-536872.958784937,161735.673295568,153309.88523428)
(-653769.668104106,668878.672500725,-245555.261666876)
(-506716.548798925,252847.669009106,-307150.063695562)
(-344639.477999848,115798.540441495,-332020.800673966)
(-174343.182614199,45033.0553303458,-341814.26204618)
(0,0,0)
(0,0,0)
(0,0,0)
(0,0,0)
(0,0,0)
(0,0,0)
(-428952.538002425,-45204.1547172996,6988.08922532811)
(-431445.598677689,-43955.8413455517,17891.256401943)
(-438063.091305588,-40556.5177667667,40032.9068949286)
(-453957.989795577,-32720.5245568455,91452.9114221269)
(-496051.330390532,-16227.5309539884,226791.584210928)
(-629678.780022343,11891.2326923976,660514.716203181)
(-1162101.52673681,-164.359345911553,-661530.514237693)
(-665755.236795522,39515.2076773794,-444168.621276197)
(-412390.551922602,26340.1094141281,-402747.644760699)
(-199623.168181526,10796.6056723969,-386859.14421528)
(0,0,0)
(0,0,0)
(0,0,0)
(0,0,0)
(0,0,0)
(0,0,0)
(-408362.799239389,-77379.9472821629,8246.00585354492)
(-411321.128865519,-77187.6234777128,21321.1472335298)
(-419241.920855794,-76784.3031267453,47869.2740338527)
(-438348.659215049,-76350.7225960364,107991.15576411)
(-487553.680953322,-76535.8459817937,254988.325741591)
(-633074.625018234,-73804.9289147836,648548.147527124)
(-1137798.69395003,474.427864288814,-621774.697343281)
(-683979.825541,-63123.3250539876,-457266.264467582)
(-426906.761694123,-53914.7093331869,-418241.232567822)
(-205847.035122388,-28617.4214165951,-397659.605531246)
(0,0,0)
(0,0,0)
(0,0,0)
(0,0,0)
(0,0,0)
(0,0,0)
(-371618.558317459,-118914.174607939,8397.98374549672)
(-374733.23941825,-119914.094909062,21667.3520359767)
(-383025.729253369,-122913.044864374,48282.6940125665)
(-402919.493533378,-131456.664227831,107884.52175224)
(-453648.491606176,-158961.713183745,257822.068503984)
(-605625.320037081,-264665.108037521,722964.394345023)
(-1183714.78675697,-766711.979735776,-685305.717811609)
(-662333.183810878,-323485.177355802,-447978.789535204)
(-402172.580200334,-170039.813065457,-392934.969458867)
(-191976.880481068,-75107.4042155532,-369042.716051273)
(0,0,0)
(0,0,0)
(0,0,0)
(0,0,0)
(0,0,0)
(0,0,0)
(-313289.748389885,-165520.890621678,7387.2853546105)
(-316075.045358244,-167491.621941305,18677.0143155604)
(-323455.375237833,-172877.424473134,39760.8270544032)
(-340451.730073242,-185724.633020974,80454.7462319726)
(-379008.981118049,-216814.680718855,152221.763162229)
(-465547.262485336,-292287.754758099,221044.517003773)
(-625864.291776402,-444559.41308022,-241991.791103265)
(-471231.6122758,-315568.143595061,-294440.977975779)
(-308759.578462648,-196709.057672151,-297977.667650225)
(-152088.12070676,-93580.1252721477,-293925.868705903)
(0,0,0)
(0,0,0)
(0,0,0)
(0,0,0)
(0,0,0)
(0,0,0)
(-229814.494603954,-208255.452433968,5406.97038714301)
(-231894.087036449,-210820.198775347,13336.2624292019)
(-237300.727600376,-217388.167674198,26951.5082129567)
(-249150.621265642,-231251.897805889,49389.7975488388)
(-273349.795649917,-258456.561908969,76798.1309836447)
(-316681.636200263,-305716.379887295,68847.9489068484)
(-365364.535181318,-357973.098724849,-112972.087868905)
(-299465.479615719,-292654.369226774,-175521.224532508)
(-204941.339784132,-198545.040333221,-194819.865969582)
(-103445.223966397,-99292.1232376722,-200293.305302732)
(0,0,0)
(0,0,0)
(0,0,0)
(0,0,0)
(0,0,0)
(0,0,0)
(-122483.92094723,-234694.766629444,2803.52214141357)
(-123601.575083623,-237517.688890297,6798.17768912674)
(-126401.855216147,-244367.572011719,13166.4731539755)
(-132230.921596915,-257630.11426425,22245.6470251566)
(-143141.337855277,-279944.885702789,29596.0684907167)
(-159546.86766841,-309570.085230794,16623.1824048782)
(-171335.451269631,-326103.804990951,-47712.4113014343)
(-144977.77540431,-278254.349112134,-81456.785118712)
(-101814.417851189,-196727.757661926,-95635.4403157389)
(-52196.0156117354,-101004.240608898,-101006.052499004)
(0,0,0)
(0,0,0)
(0,0,0)
(0,0,0)
(0,0,0)
(0,0,0)
(0,0,0)
(0,0,0)
(0,0,0)
(0,0,0)
(0,0,0)
(0,0,0)
(0,0,0)
(0,0,0)
(0,0,0)
(0,0,0)
(0,0,0)
(0,0,0)
(0,0,0)
(0,0,0)
(0,0,0)
(0,0,0)
(0,0,0)
(0,0,0)
(0,0,0)
(0,0,0)
(0,0,0)
(0,0,0)
(0,0,0)
(0,0,0)
(0,0,0)
(0,0,0)
(0,0,0)
(0,0,0)
(0,0,0)
(0,0,0)
(0,0,0)
(0,0,0)
(0,0,0)
(0,0,0)
(0,0,0)
(0,0,0)
(0,0,0)
(0,0,0)
(0,0,0)
(0,0,0)
(0,0,0)
(0,0,0)
(0,0,0)
(0,0,0)
(0,0,0)
(0,0,0)
(0,0,0)
(0,0,0)
(0,0,0)
(0,0,0)
(0,0,0)
(0,0,0)
(0,0,0)
(0,0,0)
(0,0,0)
(0,0,0)
(0,0,0)
(0,0,0)
(0,0,0)
(0,0,0)
(0,0,0)
(0,0,0)
(0,0,0)
(0,0,0)
(0,0,0)
(0,0,0)
(0,0,0)
(0,0,0)
(0,0,0)
(0,0,0)
(0,0,0)
(0,0,0)
(0,0,0)
(0,0,0)
(0,0,0)
(0,0,0)
(0,0,0)
(0,0,0)
(0,0,0)
(0,0,0)
(0,0,0)
(0,0,0)
(0,0,0)
(0,0,0)
(0,0,0)
(0,0,0)
(0,0,0)
(0,0,0)
(0,0,0)
(0,0,0)
(0,0,0)
(0,0,0)
(0,0,0)
(0,0,0)
(0,0,0)
(0,0,0)
(-442766.235470508,-522.959712643743,225.870751839502)
(-443166.97575395,1.6339506316944,-65.5805737359474)
(-443394.108327126,1386.75563359666,-1656.74455778811)
(-441968.900635623,4239.71452816268,-6071.49776660582)
(-436078.869283821,9313.03256501327,-15789.147338257)
(-420461.653672205,16614.1667676481,-33986.0979436487)
(-386554.083907088,22878.1323615635,-61171.8897193791)
(-325505.939228141,20800.0003183756,-89176.3826459137)
(-236364.951626366,14392.8642957348,-111920.412069748)
(-124594.239066281,7083.73502783841,-124776.4155291)
(0,0,0)
(0,0,0)
(0,0,0)
(0,0,0)
(0,0,0)
(0,0,0)
(-442440.829449713,-2100.07451802585,768.669925719004)
(-443326.113153041,-1093.29417855219,1319.76875979808)
(-444850.827752694,1615.7656875699,1183.05913930494)
(-446205.413832063,7530.0643635946,-987.568981940516)
(-445367.194435405,18947.2934368931,-8486.56172415793)
(-437024.064952684,37355.7721183147,-27728.4889749916)
(-409387.98560341,55723.4578634125,-63242.1054148262)
(-346214.290703017,47595.5622546118,-95539.7782614363)
(-250697.228750879,31043.8879969774,-119179.1812336)
(-131658.317670482,14702.0711679121,-131819.079964067)
(0,0,0)
(0,0,0)
(0,0,0)
(0,0,0)
(0,0,0)
(0,0,0)
(-440573.024698221,-5898.69282021575,1774.41595156085)
(-442451.465752201,-4596.61543674595,4012.16960890087)
(-446599.837067396,-953.008708028202,7044.91711249853)
(-453786.367596619,7584.62206524457,10412.8081493424)
(-464314.160211654,26018.6914593628,9931.88849935756)
(-474319.040409493,61350.4977296541,-9355.46618705228)
(-465040.420115556,107203.288441921,-71365.5443106723)
(-393729.368633465,80151.2969163867,-112057.698361581)
(-281688.90790289,47213.6088440977,-135454.671129633)
(-146334.084930088,21011.1990089882,-146448.259240958)
(0,0,0)
(0,0,0)
(0,0,0)
(0,0,0)
(0,0,0)
(0,0,0)
(-434879.537793664,-13074.9379817822,3126.50620227517)
(-438062.184402166,-11836.0188524831,7679.64649465919)
(-445780.877874806,-8309.20133510208,15528.5353844297)
(-461377.500895203,342.482605527374,28800.6285641558)
(-490292.779416308,20908.9733482977,45236.1043258453)
(-535582.560361468,68818.7157139805,36477.4879180506)
(-572133.296604785,160470.078813797,-98425.6739531443)
(-473796.413128883,93802.7646441429,-144997.27735094)
(-328863.845374427,48076.0925286771,-161635.393660946)
(-167318.947967335,19784.037431143,-167432.466729964)
(0,0,0)
(0,0,0)
(0,0,0)
(0,0,0)
(0,0,0)
(0,0,0)
(-421886.974885263,-24564.4836034125,4423.98250447)
(-426285.966727853,-23811.7560574096,11240.0877595601)
(-437501.233957198,-21779.33012891,24148.3592049824)
(-461668.253816887,-17172.1092861261,49373.2151179429)
(-511123.344645145,-7806.77147532312,93160.9741961744)
(-604308.463900058,8448.48650228546,128160.887285586)
(-732541.880432978,24119.3754700045,-165048.05567446)
(-567598.999476881,21301.9148866229,-190703.443235561)
(-376951.207140431,11847.1365366078,-189913.832025663)
(-187108.316471778,4589.98774386908,-187234.63404813)
(0,0,0)
(0,0,0)
(0,0,0)
(0,0,0)
(0,0,0)
(0,0,0)
(-397481.700015251,-40649.9840517234,5204.40122417204)
(-402607.804230012,-40619.7270306451,13299.0475619016)
(-415821.821050356,-40630.2403882519,28729.8580158019)
(-444544.79112746,-41004.9330508322,58758.8136929162)
(-503339.447677082,-42695.6676496778,109433.47659103)
(-612756.197791856,-46328.3712214188,143891.907088354)
(-756663.585883737,-45328.242187743,-167795.583320185)
(-588922.916149667,-41447.1371812251,-200103.440643665)
(-388859.424476507,-29159.6319457126,-197144.009378967)
(-191779.157793499,-14758.2981685936,-191863.600795397)
(0,0,0)
(0,0,0)
(0,0,0)
(0,0,0)
(0,0,0)
(0,0,0)
(-356863.952842774,-60625.9266343635,5221.33710795172)
(-362037.709014891,-61357.7493431824,13263.8290171308)
(-375228.127058773,-63500.8001432162,28336.7865774972)
(-403526.648226028,-69174.0903071131,57113.0985264296)
(-460616.080413203,-84450.2141033241,105835.233787101)
(-566448.585905475,-124617.014437867,144947.142871936)
(-711381.156206164,-208855.501176118,-163859.228690468)
(-547491.884837352,-132385.070986385,-187762.593858837)
(-359736.828054518,-76641.2809963147,-182716.696954054)
(-177071.794100103,-35264.5804737982,-177115.501029817)
(0,0,0)
(0,0,0)
(0,0,0)
(0,0,0)
(0,0,0)
(0,0,0)
(-296263.638918106,-82139.0626082339,4487.02650209262)
(-300669.805895306,-83408.9610161865,11132.9987121604)
(-311679.049299405,-86824.0798408183,22679.9524713362)
(-334239.066275396,-94573.0272313115,41866.2255976894)
(-376044.283681315,-111252.212271281,65703.5263289185)
(-441760.404216482,-143458.837504101,60758.4911262975)
(-502497.119204028,-184122.782306381,-87341.4003158134)
(-415112.31692394,-143875.439201884,-131970.327452161)
(-283108.481894288,-92953.6451107269,-141309.059906114)
(-141824.665377388,-44988.0246652274,-141849.071044054)
(0,0,0)
(0,0,0)
(0,0,0)
(0,0,0)
(0,0,0)
(0,0,0)
(-214058.877300695,-101105.664403198,3210.98449170139)
(-217188.599293475,-102648.972039331,7745.50777187389)
(-224801.587757077,-106531.352707234,14953.6407949892)
(-239587.912756487,-114339.251970198,25157.1570247194)
(-264715.087002743,-128223.104754341,33493.3408606052)
(-298239.797090205,-148539.205307987,20131.8695544329)
(-318333.249314633,-163923.934670471,-47098.2639481606)
(-271226.859054291,-138179.30945902,-81033.0142524536)
(-190168.79020574,-95426.7927514079,-93332.4161901648)
(-96848.0362311902,-48076.7803335119,-96840.8482570889)
(0,0,0)
(0,0,0)
(0,0,0)
(0,0,0)
(0,0,0)
(0,0,0)
(-112755.692036569,-112471.974936965,1638.08162310531)
(-114355.854445245,-114137.000872354,3880.3898177509)
(-118174.964648909,-118081.463428635,7203.60997191297)
(-125282.701739497,-125372.398475662,11288.5366199598)
(-136561.748649308,-136710.818564104,13196.6612237539)
(-149761.824287691,-149904.171982956,4776.58451800532)
(-154471.393808766,-154619.541598955,-21391.8660143747)
(-133066.630710159,-133163.038155136,-38319.2820124106)
(-94746.3793164812,-94797.2468131743,-46016.8664853522)
(-48750.8808783366,-48758.9066171762,-48779.8749350864)
(0,0,0)
(0,0,0)
(0,0,0)
(0,0,0)
(0,0,0)
(0,0,0)
(0,0,0)
(0,0,0)
(0,0,0)
(0,0,0)
(0,0,0)
(0,0,0)
(0,0,0)
(0,0,0)
(0,0,0)
(0,0,0)
(0,0,0)
(0,0,0)
(0,0,0)
(0,0,0)
(0,0,0)
(0,0,0)
(0,0,0)
(0,0,0)
(0,0,0)
(0,0,0)
(0,0,0)
(0,0,0)
(0,0,0)
(0,0,0)
(0,0,0)
(0,0,0)
(0,0,0)
(0,0,0)
(0,0,0)
(0,0,0)
(0,0,0)
(0,0,0)
(0,0,0)
(0,0,0)
(0,0,0)
(0,0,0)
(0,0,0)
(0,0,0)
(0,0,0)
(0,0,0)
(0,0,0)
(0,0,0)
(0,0,0)
(0,0,0)
(0,0,0)
(0,0,0)
(0,0,0)
(0,0,0)
(0,0,0)
(0,0,0)
(0,0,0)
(0,0,0)
(0,0,0)
(0,0,0)
(0,0,0)
(0,0,0)
(0,0,0)
(0,0,0)
(0,0,0)
(0,0,0)
(0,0,0)
(0,0,0)
(0,0,0)
(0,0,0)
(0,0,0)
(0,0,0)
(0,0,0)
(0,0,0)
(0,0,0)
(0,0,0)
(0,0,0)
(0,0,0)
(0,0,0)
(0,0,0)
(0,0,0)
(0,0,0)
(0,0,0)
(0,0,0)
(0,0,0)
(0,0,0)
(0,0,0)
(0,0,0)
(0,0,0)
(0,0,0)
(0,0,0)
(0,0,0)
(0,0,0)
(0,0,0)
(0,0,0)
(0,0,0)
(0,0,0)
(0,0,0)
(0,0,0)
(0,0,0)
(0,0,0)
(0,0,0)
(0,0,0)
(0,0,0)
(0,0,0)
(0,0,0)
(0,0,0)
(0,0,0)
(0,0,0)
(0,0,0)
(0,0,0)
(0,0,0)
(0,0,0)
(0,0,0)
(0,0,0)
(0,0,0)
(0,0,0)
(0,0,0)
(0,0,0)
(0,0,0)
(0,0,0)
(0,0,0)
(0,0,0)
(0,0,0)
(0,0,0)
(0,0,0)
(0,0,0)
(0,0,0)
(0,0,0)
(0,0,0)
(0,0,0)
(0,0,0)
(0,0,0)
(0,0,0)
(0,0,0)
(0,0,0)
(0,0,0)
(0,0,0)
(0,0,0)
(0,0,0)
(0,0,0)
(0,0,0)
(0,0,0)
(0,0,0)
(0,0,0)
(0,0,0)
(0,0,0)
(0,0,0)
(0,0,0)
(0,0,0)
(0,0,0)
(0,0,0)
(0,0,0)
(0,0,0)
(0,0,0)
(0,0,0)
(0,0,0)
(0,0,0)
(0,0,0)
(0,0,0)
(0,0,0)
(0,0,0)
(0,0,0)
(0,0,0)
(0,0,0)
(0,0,0)
(0,0,0)
(0,0,0)
(0,0,0)
(0,0,0)
(0,0,0)
(0,0,0)
(0,0,0)
(0,0,0)
(0,0,0)
(0,0,0)
(0,0,0)
(0,0,0)
(0,0,0)
(0,0,0)
(0,0,0)
(0,0,0)
(0,0,0)
(0,0,0)
(0,0,0)
(0,0,0)
(0,0,0)
(0,0,0)
(0,0,0)
(0,0,0)
(0,0,0)
(0,0,0)
(0,0,0)
(0,0,0)
(0,0,0)
(0,0,0)
(0,0,0)
(0,0,0)
(0,0,0)
(0,0,0)
(0,0,0)
(0,0,0)
(0,0,0)
(0,0,0)
(0,0,0)
(0,0,0)
(0,0,0)
(0,0,0)
(0,0,0)
(0,0,0)
(0,0,0)
(0,0,0)
(0,0,0)
(0,0,0)
(0,0,0)
(0,0,0)
(0,0,0)
(0,0,0)
(0,0,0)
(0,0,0)
(0,0,0)
(0,0,0)
(0,0,0)
(0,0,0)
(0,0,0)
(0,0,0)
(0,0,0)
(0,0,0)
(0,0,0)
(0,0,0)
(0,0,0)
(0,0,0)
(0,0,0)
(0,0,0)
(0,0,0)
(0,0,0)
(0,0,0)
(0,0,0)
(0,0,0)
(0,0,0)
(0,0,0)
(0,0,0)
(0,0,0)
(0,0,0)
(0,0,0)
(0,0,0)
(0,0,0)
(0,0,0)
(0,0,0)
(0,0,0)
(0,0,0)
(0,0,0)
(0,0,0)
(0,0,0)
(0,0,0)
(0,0,0)
(0,0,0)
(0,0,0)
(0,0,0)
(0,0,0)
(0,0,0)
(0,0,0)
(0,0,0)
(0,0,0)
(0,0,0)
(0,0,0)
(0,0,0)
(0,0,0)
(0,0,0)
(0,0,0)
(0,0,0)
(0,0,0)
(0,0,0)
(0,0,0)
(0,0,0)
(0,0,0)
(0,0,0)
(0,0,0)
(0,0,0)
(0,0,0)
(0,0,0)
(0,0,0)
(0,0,0)
(0,0,0)
(0,0,0)
(0,0,0)
(0,0,0)
(0,0,0)
(0,0,0)
(0,0,0)
(0,0,0)
(0,0,0)
(0,0,0)
(0,0,0)
(0,0,0)
(0,0,0)
(0,0,0)
(0,0,0)
(0,0,0)
(0,0,0)
(0,0,0)
(0,0,0)
(0,0,0)
(0,0,0)
(0,0,0)
(0,0,0)
(0,0,0)
(0,0,0)
(0,0,0)
(0,0,0)
(0,0,0)
(0,0,0)
(0,0,0)
(0,0,0)
(0,0,0)
(0,0,0)
(0,0,0)
(0,0,0)
(0,0,0)
(0,0,0)
(0,0,0)
(0,0,0)
(0,0,0)
(0,0,0)
(0,0,0)
(0,0,0)
(0,0,0)
(0,0,0)
(0,0,0)
(0,0,0)
(0,0,0)
(0,0,0)
(0,0,0)
(0,0,0)
(0,0,0)
(0,0,0)
(0,0,0)
(0,0,0)
(0,0,0)
(0,0,0)
(0,0,0)
(0,0,0)
(0,0,0)
(0,0,0)
(0,0,0)
(0,0,0)
(0,0,0)
(0,0,0)
(0,0,0)
(0,0,0)
(0,0,0)
(0,0,0)
(0,0,0)
(0,0,0)
(0,0,0)
(0,0,0)
(0,0,0)
(0,0,0)
(0,0,0)
(0,0,0)
(0,0,0)
(0,0,0)
(0,0,0)
(0,0,0)
(0,0,0)
(0,0,0)
(0,0,0)
(0,0,0)
(0,0,0)
(0,0,0)
(0,0,0)
(0,0,0)
(0,0,0)
(0,0,0)
(0,0,0)
(0,0,0)
(0,0,0)
(0,0,0)
(0,0,0)
(0,0,0)
(0,0,0)
(0,0,0)
(0,0,0)
(0,0,0)
(0,0,0)
(0,0,0)
(0,0,0)
(0,0,0)
(0,0,0)
(0,0,0)
(0,0,0)
(0,0,0)
(0,0,0)
(0,0,0)
(0,0,0)
(0,0,0)
(0,0,0)
(0,0,0)
(0,0,0)
(0,0,0)
(0,0,0)
(0,0,0)
(0,0,0)
(0,0,0)
(0,0,0)
(0,0,0)
(0,0,0)
(0,0,0)
(0,0,0)
(0,0,0)
(0,0,0)
(0,0,0)
(0,0,0)
(0,0,0)
(0,0,0)
(0,0,0)
(0,0,0)
(0,0,0)
(0,0,0)
(0,0,0)
(0,0,0)
(0,0,0)
(0,0,0)
(0,0,0)
(0,0,0)
(0,0,0)
(0,0,0)
(0,0,0)
(0,0,0)
(0,0,0)
(0,0,0)
(0,0,0)
(0,0,0)
(0,0,0)
(0,0,0)
(0,0,0)
(0,0,0)
(0,0,0)
(0,0,0)
(0,0,0)
(0,0,0)
(0,0,0)
(0,0,0)
(0,0,0)
(0,0,0)
(0,0,0)
(0,0,0)
(0,0,0)
(0,0,0)
(0,0,0)
(0,0,0)
(0,0,0)
(0,0,0)
(0,0,0)
(0,0,0)
(0,0,0)
(0,0,0)
(0,0,0)
(0,0,0)
(0,0,0)
(0,0,0)
(0,0,0)
(0,0,0)
(0,0,0)
(0,0,0)
(0,0,0)
(0,0,0)
(0,0,0)
(0,0,0)
(0,0,0)
(0,0,0)
(0,0,0)
(0,0,0)
(0,0,0)
(0,0,0)
(0,0,0)
(0,0,0)
(0,0,0)
(0,0,0)
(0,0,0)
(0,0,0)
(0,0,0)
(0,0,0)
(0,0,0)
(0,0,0)
(0,0,0)
(0,0,0)
(0,0,0)
(0,0,0)
(0,0,0)
(0,0,0)
(0,0,0)
(0,0,0)
(0,0,0)
(0,0,0)
(0,0,0)
(0,0,0)
(0,0,0)
(0,0,0)
(0,0,0)
(0,0,0)
(0,0,0)
(0,0,0)
(0,0,0)
(0,0,0)
(0,0,0)
(0,0,0)
(0,0,0)
(0,0,0)
(0,0,0)
(0,0,0)
(0,0,0)
(0,0,0)
(0,0,0)
(0,0,0)
(0,0,0)
(0,0,0)
(0,0,0)
(0,0,0)
(0,0,0)
(0,0,0)
(0,0,0)
(0,0,0)
(0,0,0)
(0,0,0)
(0,0,0)
(0,0,0)
(0,0,0)
(0,0,0)
(0,0,0)
(0,0,0)
(0,0,0)
(0,0,0)
(0,0,0)
(0,0,0)
(0,0,0)
(0,0,0)
(0,0,0)
(0,0,0)
(0,0,0)
(0,0,0)
(0,0,0)
(0,0,0)
(0,0,0)
(0,0,0)
(0,0,0)
(0,0,0)
(0,0,0)
(0,0,0)
(0,0,0)
(0,0,0)
(0,0,0)
(0,0,0)
(0,0,0)
(0,0,0)
(0,0,0)
(0,0,0)
(0,0,0)
(0,0,0)
(0,0,0)
(0,0,0)
(0,0,0)
(0,0,0)
(0,0,0)
(0,0,0)
(0,0,0)
(0,0,0)
(0,0,0)
(0,0,0)
(0,0,0)
(0,0,0)
(0,0,0)
(0,0,0)
(0,0,0)
(0,0,0)
(0,0,0)
(0,0,0)
(0,0,0)
(0,0,0)
(0,0,0)
(0,0,0)
(0,0,0)
(0,0,0)
(0,0,0)
(0,0,0)
(0,0,0)
(0,0,0)
(0,0,0)
(0,0,0)
(0,0,0)
(0,0,0)
(0,0,0)
(0,0,0)
(0,0,0)
(0,0,0)
(0,0,0)
(0,0,0)
(0,0,0)
(0,0,0)
(0,0,0)
(0,0,0)
(0,0,0)
(0,0,0)
(0,0,0)
(0,0,0)
(0,0,0)
(0,0,0)
(0,0,0)
(0,0,0)
(0,0,0)
(0,0,0)
(0,0,0)
(0,0,0)
(0,0,0)
(0,0,0)
(0,0,0)
(0,0,0)
(0,0,0)
(0,0,0)
(0,0,0)
(0,0,0)
(0,0,0)
(0,0,0)
(0,0,0)
(0,0,0)
(0,0,0)
(0,0,0)
(0,0,0)
(0,0,0)
(0,0,0)
(0,0,0)
(0,0,0)
(0,0,0)
(0,0,0)
(0,0,0)
(0,0,0)
(0,0,0)
(0,0,0)
(0,0,0)
(0,0,0)
(0,0,0)
(0,0,0)
(0,0,0)
(0,0,0)
(0,0,0)
(0,0,0)
(0,0,0)
(0,0,0)
(0,0,0)
(0,0,0)
(0,0,0)
(0,0,0)
(0,0,0)
(0,0,0)
(0,0,0)
(0,0,0)
(0,0,0)
(0,0,0)
(0,0,0)
(0,0,0)
(0,0,0)
(0,0,0)
(0,0,0)
(0,0,0)
(0,0,0)
(0,0,0)
(0,0,0)
(0,0,0)
(0,0,0)
(0,0,0)
(0,0,0)
(0,0,0)
(0,0,0)
(0,0,0)
(0,0,0)
(0,0,0)
(0,0,0)
(0,0,0)
(0,0,0)
(0,0,0)
(0,0,0)
(0,0,0)
(0,0,0)
(0,0,0)
(0,0,0)
(0,0,0)
(0,0,0)
(0,0,0)
(0,0,0)
(0,0,0)
(0,0,0)
(0,0,0)
(0,0,0)
(0,0,0)
(0,0,0)
(0,0,0)
(0,0,0)
(0,0,0)
(0,0,0)
(0,0,0)
(0,0,0)
(0,0,0)
(0,0,0)
(0,0,0)
(0,0,0)
(0,0,0)
(0,0,0)
(0,0,0)
(0,0,0)
(0,0,0)
(0,0,0)
(0,0,0)
(0,0,0)
(0,0,0)
(0,0,0)
(0,0,0)
(0,0,0)
(0,0,0)
(0,0,0)
(0,0,0)
(0,0,0)
(0,0,0)
(0,0,0)
(0,0,0)
(0,0,0)
(0,0,0)
(0,0,0)
(0,0,0)
(0,0,0)
(0,0,0)
(0,0,0)
(0,0,0)
(0,0,0)
(0,0,0)
(0,0,0)
(0,0,0)
(0,0,0)
(0,0,0)
(0,0,0)
(0,0,0)
(0,0,0)
(0,0,0)
(0,0,0)
(0,0,0)
(0,0,0)
(0,0,0)
(0,0,0)
(0,0,0)
(0,0,0)
(0,0,0)
(0,0,0)
(0,0,0)
(0,0,0)
(0,0,0)
(0,0,0)
(0,0,0)
(0,0,0)
(0,0,0)
(0,0,0)
(0,0,0)
(0,0,0)
(0,0,0)
(0,0,0)
(0,0,0)
(0,0,0)
(0,0,0)
(0,0,0)
(0,0,0)
(0,0,0)
(0,0,0)
(0,0,0)
(0,0,0)
(0,0,0)
(0,0,0)
(0,0,0)
(0,0,0)
(0,0,0)
(0,0,0)
(0,0,0)
(0,0,0)
(0,0,0)
(0,0,0)
(0,0,0)
(0,0,0)
(0,0,0)
(0,0,0)
(0,0,0)
(0,0,0)
(0,0,0)
(0,0,0)
(0,0,0)
(0,0,0)
(0,0,0)
(0,0,0)
(0,0,0)
(0,0,0)
(0,0,0)
(0,0,0)
(0,0,0)
(0,0,0)
(0,0,0)
(0,0,0)
(0,0,0)
(0,0,0)
(0,0,0)
(0,0,0)
(0,0,0)
(0,0,0)
(0,0,0)
(0,0,0)
(0,0,0)
(0,0,0)
(0,0,0)
(0,0,0)
(0,0,0)
(0,0,0)
(0,0,0)
(0,0,0)
(0,0,0)
)
;

boundaryField
{
    fuel
    {
        type            fixedValue;
        value           uniform (0.1 0 0);
    }
    air
    {
        type            fixedValue;
        value           uniform (-0.1 0 0);
    }
    outlet
    {
        type            zeroGradient;
    }
    frontAndBack
    {
        type            empty;
    }
}


// ************************************************************************* //
 