/*--------------------------------*- C++ -*----------------------------------*\
| =========                 |                                                 |
| \\      /  F ield         | foam-extend: Open Source Cstd::filesystem::create_directory();FD                    |
|  \\    /   O peration     | Version:     4.0                                |
|   \\  /    A nd           | Web:         http://www.foam-extend.org         |
|    \\/     M anipulation  |                                                 |
\*---------------------------------------------------------------------------*/
FoamFile
{
    version 2.0;
    format ascii;
    class volVectorField;
    location "Data/2568";
    object      H;
}
// * * * * * * * * * * * * * * * * * * * * * * * * * * * * * * * * * * * * * //

dimensions      [0 1 -1 0 0 0 0];

internalField   nonuniform List<vector>
4096
(
(0,0,0)
(0,0,0)
(0,0,0)
(0,0,0)
(0,0,0)
(0,0,0)
(0,0,0)
(0,0,0)
(0,0,0)
(0,0,0)
(0,0,0)
(0,0,0)
(0,0,0)
(0,0,0)
(0,0,0)
(0,0,0)
(0,0,0)
(0,0,0)
(0,0,0)
(0,0,0)
(0,0,0)
(0,0,0)
(0,0,0)
(0,0,0)
(0,0,0)
(0,0,0)
(0,0,0)
(0,0,0)
(0,0,0)
(0,0,0)
(0,0,0)
(0,0,0)
(0,0,0)
(0,0,0)
(0,0,0)
(0,0,0)
(0,0,0)
(0,0,0)
(0,0,0)
(0,0,0)
(0,0,0)
(0,0,0)
(0,0,0)
(0,0,0)
(0,0,0)
(0,0,0)
(0,0,0)
(0,0,0)
(0,0,0)
(0,0,0)
(0,0,0)
(0,0,0)
(0,0,0)
(0,0,0)
(0,0,0)
(0,0,0)
(0,0,0)
(0,0,0)
(0,0,0)
(0,0,0)
(0,0,0)
(0,0,0)
(0,0,0)
(0,0,0)
(0,0,0)
(0,0,0)
(0,0,0)
(0,0,0)
(0,0,0)
(0,0,0)
(0,0,0)
(0,0,0)
(0,0,0)
(0,0,0)
(0,0,0)
(0,0,0)
(0,0,0)
(0,0,0)
(0,0,0)
(0,0,0)
(0,0,0)
(0,0,0)
(0,0,0)
(0,0,0)
(0,0,0)
(0,0,0)
(0,0,0)
(0,0,0)
(0,0,0)
(0,0,0)
(0,0,0)
(0,0,0)
(0,0,0)
(0,0,0)
(0,0,0)
(0,0,0)
(0,0,0)
(0,0,0)
(0,0,0)
(0,0,0)
(0,0,0)
(0,0,0)
(0,0,0)
(0,0,0)
(0,0,0)
(0,0,0)
(0,0,0)
(0,0,0)
(0,0,0)
(0,0,0)
(0,0,0)
(0,0,0)
(0,0,0)
(0,0,0)
(0,0,0)
(0,0,0)
(0,0,0)
(0,0,0)
(0,0,0)
(0,0,0)
(0,0,0)
(0,0,0)
(0,0,0)
(0,0,0)
(0,0,0)
(0,0,0)
(0,0,0)
(0,0,0)
(0,0,0)
(0,0,0)
(0,0,0)
(0,0,0)
(0,0,0)
(0,0,0)
(0,0,0)
(0,0,0)
(0,0,0)
(0,0,0)
(0,0,0)
(0,0,0)
(0,0,0)
(0,0,0)
(0,0,0)
(0,0,0)
(0,0,0)
(0,0,0)
(0,0,0)
(0,0,0)
(0,0,0)
(0,0,0)
(0,0,0)
(0,0,0)
(0,0,0)
(0,0,0)
(0,0,0)
(0,0,0)
(0,0,0)
(0,0,0)
(0,0,0)
(0,0,0)
(0,0,0)
(0,0,0)
(0,0,0)
(0,0,0)
(0,0,0)
(0,0,0)
(0,0,0)
(0,0,0)
(0,0,0)
(0,0,0)
(0,0,0)
(0,0,0)
(0,0,0)
(0,0,0)
(0,0,0)
(0,0,0)
(0,0,0)
(0,0,0)
(0,0,0)
(0,0,0)
(0,0,0)
(0,0,0)
(0,0,0)
(0,0,0)
(0,0,0)
(0,0,0)
(0,0,0)
(0,0,0)
(0,0,0)
(0,0,0)
(0,0,0)
(0,0,0)
(0,0,0)
(0,0,0)
(0,0,0)
(0,0,0)
(0,0,0)
(0,0,0)
(0,0,0)
(0,0,0)
(0,0,0)
(0,0,0)
(0,0,0)
(0,0,0)
(0,0,0)
(0,0,0)
(0,0,0)
(0,0,0)
(0,0,0)
(0,0,0)
(0,0,0)
(0,0,0)
(0,0,0)
(0,0,0)
(0,0,0)
(0,0,0)
(0,0,0)
(0,0,0)
(0,0,0)
(0,0,0)
(0,0,0)
(0,0,0)
(0,0,0)
(0,0,0)
(0,0,0)
(0,0,0)
(0,0,0)
(0,0,0)
(0,0,0)
(0,0,0)
(0,0,0)
(0,0,0)
(0,0,0)
(0,0,0)
(0,0,0)
(0,0,0)
(0,0,0)
(0,0,0)
(0,0,0)
(0,0,0)
(0,0,0)
(0,0,0)
(0,0,0)
(0,0,0)
(0,0,0)
(0,0,0)
(0,0,0)
(0,0,0)
(0,0,0)
(0,0,0)
(0,0,0)
(0,0,0)
(0,0,0)
(0,0,0)
(0,0,0)
(0,0,0)
(0,0,0)
(0,0,0)
(0,0,0)
(0,0,0)
(0,0,0)
(0,0,0)
(0,0,0)
(0,0,0)
(0,0,0)
(0,0,0)
(0,0,0)
(0,0,0)
(0,0,0)
(0,0,0)
(0,0,0)
(0,0,0)
(0,0,0)
(0,0,0)
(0,0,0)
(0,0,0)
(0,0,0)
(0,0,0)
(0,0,0)
(0,0,0)
(0,0,0)
(0,0,0)
(0,0,0)
(0,0,0)
(0,0,0)
(0,0,0)
(0,0,0)
(0,0,0)
(0,0,0)
(0,0,0)
(0,0,0)
(0,0,0)
(0,0,0)
(0,0,0)
(0,0,0)
(0,0,0)
(0,0,0)
(0,0,0)
(0,0,0)
(0,0,0)
(0,0,0)
(0,0,0)
(0,0,0)
(0,0,0)
(0,0,0)
(0,0,0)
(0,0,0)
(0,0,0)
(0,0,0)
(0,0,0)
(0,0,0)
(0,0,0)
(0,0,0)
(0,0,0)
(0,0,0)
(0,0,0)
(0,0,0)
(0,0,0)
(0,0,0)
(0,0,0)
(0,0,0)
(0,0,0)
(0,0,0)
(0,0,0)
(0,0,0)
(0,0,0)
(0,0,0)
(0,0,0)
(0,0,0)
(0,0,0)
(0,0,0)
(0,0,0)
(0,0,0)
(0,0,0)
(0,0,0)
(0,0,0)
(0,0,0)
(0,0,0)
(0,0,0)
(0,0,0)
(0,0,0)
(0,0,0)
(0,0,0)
(0,0,0)
(0,0,0)
(0,0,0)
(0,0,0)
(0,0,0)
(0,0,0)
(0,0,0)
(0,0,0)
(0,0,0)
(0,0,0)
(0,0,0)
(0,0,0)
(0,0,0)
(0,0,0)
(0,0,0)
(0,0,0)
(0,0,0)
(0,0,0)
(0,0,0)
(0,0,0)
(0,0,0)
(0,0,0)
(0,0,0)
(0,0,0)
(0,0,0)
(0,0,0)
(0,0,0)
(0,0,0)
(0,0,0)
(0,0,0)
(0,0,0)
(0,0,0)
(0,0,0)
(0,0,0)
(0,0,0)
(0,0,0)
(0,0,0)
(0,0,0)
(0,0,0)
(0,0,0)
(0,0,0)
(0,0,0)
(0,0,0)
(0,0,0)
(0,0,0)
(0,0,0)
(0,0,0)
(0,0,0)
(0,0,0)
(0,0,0)
(0,0,0)
(0,0,0)
(0,0,0)
(0,0,0)
(0,0,0)
(0,0,0)
(0,0,0)
(0,0,0)
(0,0,0)
(0,0,0)
(0,0,0)
(0,0,0)
(0,0,0)
(0,0,0)
(0,0,0)
(0,0,0)
(0,0,0)
(0,0,0)
(0,0,0)
(0,0,0)
(0,0,0)
(0,0,0)
(0,0,0)
(0,0,0)
(0,0,0)
(0,0,0)
(0,0,0)
(0,0,0)
(0,0,0)
(0,0,0)
(0,0,0)
(0,0,0)
(0,0,0)
(0,0,0)
(0,0,0)
(0,0,0)
(0,0,0)
(0,0,0)
(0,0,0)
(0,0,0)
(0,0,0)
(0,0,0)
(0,0,0)
(0,0,0)
(0,0,0)
(0,0,0)
(0,0,0)
(0,0,0)
(0,0,0)
(0,0,0)
(0,0,0)
(0,0,0)
(0,0,0)
(0,0,0)
(0,0,0)
(0,0,0)
(0,0,0)
(0,0,0)
(0,0,0)
(0,0,0)
(0,0,0)
(0,0,0)
(0,0,0)
(0,0,0)
(0,0,0)
(0,0,0)
(0,0,0)
(0,0,0)
(0,0,0)
(0,0,0)
(0,0,0)
(0,0,0)
(0,0,0)
(0,0,0)
(0,0,0)
(0,0,0)
(0,0,0)
(0,0,0)
(0,0,0)
(0,0,0)
(0,0,0)
(0,0,0)
(0,0,0)
(0,0,0)
(0,0,0)
(0,0,0)
(0,0,0)
(0,0,0)
(0,0,0)
(0,0,0)
(0,0,0)
(0,0,0)
(0,0,0)
(0,0,0)
(0,0,0)
(0,0,0)
(0,0,0)
(0,0,0)
(0,0,0)
(0,0,0)
(0,0,0)
(0,0,0)
(0,0,0)
(0,0,0)
(0,0,0)
(0,0,0)
(0,0,0)
(0,0,0)
(0,0,0)
(0,0,0)
(0,0,0)
(0,0,0)
(0,0,0)
(0,0,0)
(0,0,0)
(0,0,0)
(0,0,0)
(0,0,0)
(0,0,0)
(0,0,0)
(0,0,0)
(0,0,0)
(0,0,0)
(0,0,0)
(0,0,0)
(0,0,0)
(0,0,0)
(0,0,0)
(0,0,0)
(0,0,0)
(0,0,0)
(0,0,0)
(0,0,0)
(0,0,0)
(0,0,0)
(0,0,0)
(0,0,0)
(0,0,0)
(0,0,0)
(0,0,0)
(0,0,0)
(0,0,0)
(0,0,0)
(0,0,0)
(0,0,0)
(0,0,0)
(0,0,0)
(0,0,0)
(0,0,0)
(0,0,0)
(0,0,0)
(0,0,0)
(0,0,0)
(0,0,0)
(0,0,0)
(0,0,0)
(0,0,0)
(0,0,0)
(0,0,0)
(0,0,0)
(0,0,0)
(0,0,0)
(0,0,0)
(0,0,0)
(0,0,0)
(0,0,0)
(0,0,0)
(0,0,0)
(0,0,0)
(0,0,0)
(0,0,0)
(0,0,0)
(0,0,0)
(0,0,0)
(0,0,0)
(0,0,0)
(0,0,0)
(0,0,0)
(0,0,0)
(0,0,0)
(0,0,0)
(0,0,0)
(0,0,0)
(0,0,0)
(0,0,0)
(0,0,0)
(0,0,0)
(0,0,0)
(0,0,0)
(0,0,0)
(0,0,0)
(0,0,0)
(0,0,0)
(0,0,0)
(0,0,0)
(0,0,0)
(0,0,0)
(0,0,0)
(0,0,0)
(0,0,0)
(0,0,0)
(0,0,0)
(0,0,0)
(0,0,0)
(0,0,0)
(0,0,0)
(0,0,0)
(0,0,0)
(0,0,0)
(0,0,0)
(0,0,0)
(0,0,0)
(0,0,0)
(0,0,0)
(0,0,0)
(0,0,0)
(0,0,0)
(0,0,0)
(0,0,0)
(0,0,0)
(0,0,0)
(0,0,0)
(0,0,0)
(0,0,0)
(0,0,0)
(0,0,0)
(0,0,0)
(0,0,0)
(0,0,0)
(0,0,0)
(0,0,0)
(0,0,0)
(0,0,0)
(0,0,0)
(0,0,0)
(0,0,0)
(0,0,0)
(0,0,0)
(0,0,0)
(0,0,0)
(0,0,0)
(0,0,0)
(0,0,0)
(0,0,0)
(0,0,0)
(0,0,0)
(0,0,0)
(0,0,0)
(0,0,0)
(0,0,0)
(0,0,0)
(0,0,0)
(0,0,0)
(0,0,0)
(0,0,0)
(0,0,0)
(0,0,0)
(0,0,0)
(0,0,0)
(0,0,0)
(0,0,0)
(0,0,0)
(0,0,0)
(0,0,0)
(0,0,0)
(0,0,0)
(0,0,0)
(0,0,0)
(0,0,0)
(0,0,0)
(0,0,0)
(0,0,0)
(0,0,0)
(0,0,0)
(0,0,0)
(0,0,0)
(0,0,0)
(0,0,0)
(0,0,0)
(0,0,0)
(0,0,0)
(0,0,0)
(0,0,0)
(0,0,0)
(0,0,0)
(0,0,0)
(0,0,0)
(0,0,0)
(0,0,0)
(0,0,0)
(0,0,0)
(0,0,0)
(0,0,0)
(0,0,0)
(0,0,0)
(0,0,0)
(0,0,0)
(0,0,0)
(0,0,0)
(0,0,0)
(0,0,0)
(0,0,0)
(0,0,0)
(0,0,0)
(0,0,0)
(0,0,0)
(0,0,0)
(0,0,0)
(0,0,0)
(0,0,0)
(0,0,0)
(0,0,0)
(0,0,0)
(0,0,0)
(0,0,0)
(0,0,0)
(0,0,0)
(0,0,0)
(0,0,0)
(0,0,0)
(0,0,0)
(0,0,0)
(0,0,0)
(0,0,0)
(0,0,0)
(0,0,0)
(0,0,0)
(0,0,0)
(0,0,0)
(0,0,0)
(0,0,0)
(0,0,0)
(0,0,0)
(0,0,0)
(0,0,0)
(0,0,0)
(0,0,0)
(0,0,0)
(0,0,0)
(0,0,0)
(0,0,0)
(0,0,0)
(0,0,0)
(0,0,0)
(0,0,0)
(0,0,0)
(0,0,0)
(0,0,0)
(0,0,0)
(0,0,0)
(0,0,0)
(0,0,0)
(0,0,0)
(0,0,0)
(0,0,0)
(0,0,0)
(0,0,0)
(0,0,0)
(0,0,0)
(0,0,0)
(0,0,0)
(0,0,0)
(0,0,0)
(0,0,0)
(0,0,0)
(0,0,0)
(0,0,0)
(0,0,0)
(0,0,0)
(0,0,0)
(0,0,0)
(0,0,0)
(0,0,0)
(0,0,0)
(0,0,0)
(0,0,0)
(0,0,0)
(0,0,0)
(0,0,0)
(0,0,0)
(0,0,0)
(0,0,0)
(0,0,0)
(0,0,0)
(0,0,0)
(0,0,0)
(0,0,0)
(0,0,0)
(0,0,0)
(0,0,0)
(0,0,0)
(0,0,0)
(0,0,0)
(0,0,0)
(0,0,0)
(0,0,0)
(0,0,0)
(0,0,0)
(0,0,0)
(0,0,0)
(0,0,0)
(0,0,0)
(0,0,0)
(0,0,0)
(0,0,0)
(0,0,0)
(0,0,0)
(0,0,0)
(0,0,0)
(0,0,0)
(0,0,0)
(0,0,0)
(0,0,0)
(0,0,0)
(0,0,0)
(0,0,0)
(0,0,0)
(0,0,0)
(0,0,0)
(0,0,0)
(0,0,0)
(0,0,0)
(0,0,0)
(0,0,0)
(0,0,0)
(0,0,0)
(4.52155997750667e-13,-2.14854648921713e-13,-8.44410257575206e-13)
(6.22706457990268e-13,1.74948181592895e-12,-1.01644901155879e-12)
(4.08913493183547e-13,5.48695067996262e-12,-1.25814824132068e-12)
(3.98739839238244e-13,1.08772253751795e-11,-1.39948214716718e-12)
(7.90480583347196e-13,1.83208883824677e-11,-1.29458703972967e-12)
(8.16070931643772e-13,3.04098908831109e-11,-1.13528952784606e-12)
(1.25758955399434e-12,5.06118895687257e-11,-1.12344498091331e-12)
(3.77146348604199e-14,8.29994620489463e-11,-9.68839730040937e-13)
(-4.37660406043403e-13,1.35213406271307e-10,-1.01464177279308e-12)
(-1.50077283620289e-13,2.07739107821223e-10,-8.09858067181509e-13)
(0,0,0)
(0,0,0)
(0,0,0)
(0,0,0)
(0,0,0)
(0,0,0)
(3.01879571261525e-13,3.61585418035712e-13,-3.27747445480322e-12)
(6.85440158194306e-13,2.56927352694926e-12,-3.61394010323283e-12)
(7.79348240697486e-13,5.94926666883619e-12,-3.45982555678225e-12)
(1.02268422059651e-12,1.06967296417615e-11,-3.18462297452322e-12)
(1.71019471554261e-12,1.81009137904231e-11,-2.80990515520739e-12)
(1.78049446805929e-12,3.01163177400704e-11,-2.23083504605595e-12)
(2.25227065575459e-12,5.02331709647401e-11,-1.99023918615465e-12)
(1.35200378018011e-12,8.25597510152986e-11,-1.67916479089796e-12)
(1.21514016113202e-12,1.34303776731319e-10,-1.42160309064628e-12)
(1.43914827599212e-12,2.06292798575513e-10,-7.84983667205751e-13)
(0,0,0)
(0,0,0)
(0,0,0)
(0,0,0)
(0,0,0)
(0,0,0)
(6.61530612251261e-13,6.97284748710351e-13,-6.6367973280466e-12)
(2.07025277852665e-12,2.74964205696592e-12,-6.94468928166047e-12)
(2.56151936046899e-12,6.095319316313e-12,-7.02458673751569e-12)
(2.66480533162282e-12,1.0405243359333e-11,-6.69229139953131e-12)
(2.3857513221972e-12,1.75697444402683e-11,-5.83383926948307e-12)
(1.83820581805861e-12,2.9366249679907e-11,-4.62347178356486e-12)
(2.31032348804806e-12,4.91700529784114e-11,-3.62938319292615e-12)
(1.39853062810768e-12,8.13213509426084e-11,-2.67795529509828e-12)
(2.00432632586128e-12,1.32742271263593e-10,-2.0012798083683e-12)
(3.13581384633187e-12,2.04809017432807e-10,-1.06570959726973e-12)
(0,0,0)
(0,0,0)
(0,0,0)
(0,0,0)
(0,0,0)
(0,0,0)
(1.07145707571154e-12,8.86395575603292e-13,-1.03949655621261e-11)
(3.10234089437632e-12,2.83314602770853e-12,-1.06335596333993e-11)
(4.01150688932232e-12,5.99210322514921e-12,-1.09130691084929e-11)
(3.87678150116219e-12,9.6871519244162e-12,-1.05832312938875e-11)
(2.92457558019373e-12,1.61940194218059e-11,-9.49347583208017e-12)
(2.01171794703321e-12,2.76654992518432e-11,-7.89006312754962e-12)
(2.12225839629282e-12,4.74489334003774e-11,-6.23886224811934e-12)
(9.7018623852526e-13,7.97350968278322e-11,-4.85500249053761e-12)
(2.21845050898283e-12,1.31194183771794e-10,-3.58316970170717e-12)
(3.87280425478855e-12,2.03275293951324e-10,-2.01489661918215e-12)
(0,0,0)
(0,0,0)
(0,0,0)
(0,0,0)
(0,0,0)
(0,0,0)
(1.68397456617187e-12,1.07669791330889e-12,-1.84415678259689e-11)
(3.92563448297247e-12,2.87585416572594e-12,-1.84920400977123e-11)
(4.73873503715833e-12,5.63350470070365e-12,-1.82444377541844e-11)
(4.38005097503589e-12,8.70966040586213e-12,-1.74630850307637e-11)
(3.96727532772901e-12,1.42693344787608e-11,-1.62957316557189e-11)
(2.19841361486213e-12,2.50171833789684e-11,-1.46300169467526e-11)
(1.64400455655332e-13,4.48847662090188e-11,-1.30034121229961e-11)
(-5.83157629848315e-13,7.75899407667959e-11,-1.08550193974722e-11)
(8.7453248243508e-13,1.29281052760785e-10,-7.94547831850501e-12)
(1.39841004193217e-12,2.01171709538546e-10,-4.16884304338341e-12)
(0,0,0)
(0,0,0)
(0,0,0)
(0,0,0)
(0,0,0)
(0,0,0)
(1.7149932384065e-12,1.08423490258594e-12,-3.21750908604083e-11)
(4.78561337804478e-12,2.62754466542257e-12,-3.24434373472955e-11)
(6.44027597702768e-12,4.80612290976864e-12,-3.19160035312208e-11)
(6.19761190879257e-12,7.57789539760009e-12,-3.04945331056386e-11)
(5.36714901141676e-12,1.25382297124693e-11,-2.88127024439808e-11)
(2.16797398328537e-12,2.26341748009102e-11,-2.6643989462476e-11)
(-1.07949328436397e-12,4.23119076859266e-11,-2.45143795933766e-11)
(-2.6553911515991e-12,7.45275820172034e-11,-2.10355412760169e-11)
(-2.59218173125337e-12,1.25967115802714e-10,-1.55897177690093e-11)
(-3.33857515179034e-12,1.97790169425036e-10,-8.33220185977797e-12)
(0,0,0)
(0,0,0)
(0,0,0)
(0,0,0)
(0,0,0)
(0,0,0)
(1.13614066814084e-12,1.20368800448005e-12,-5.16723247922451e-11)
(4.32582638722983e-12,2.50261460748829e-12,-5.1687390445827e-11)
(6.64472300336521e-12,3.93887132296553e-12,-5.09639977114227e-11)
(6.74338709955359e-12,6.39072557330571e-12,-4.93828830716774e-11)
(4.73128802551975e-12,1.10888663104541e-11,-4.75736304229207e-11)
(-1.83180363137614e-13,2.06926260847493e-11,-4.49861838057213e-11)
(-3.3311718466036e-12,3.94192589718824e-11,-4.19610698897513e-11)
(-5.04407404380604e-12,6.98924324061804e-11,-3.67040878803754e-11)
(-5.98032944052566e-12,1.1971884926446e-10,-2.78321881169701e-11)
(-7.10184146323045e-12,1.90552302015293e-10,-1.52170864560938e-11)
(0,0,0)
(0,0,0)
(0,0,0)
(0,0,0)
(0,0,0)
(0,0,0)
(1.49905841927653e-12,8.5255127508465e-13,-8.11643035840593e-11)
(3.1628090069843e-12,1.97578213314809e-12,-8.09622429201576e-11)
(5.06926210988961e-12,2.89358618750258e-12,-8.04317396122374e-11)
(6.14148487745556e-12,5.15641913184713e-12,-7.92937061632018e-11)
(4.09983330527707e-12,9.25256534143455e-12,-7.75633780301358e-11)
(-1.17380046364982e-12,1.79344835811697e-11,-7.51407744554728e-11)
(-4.51441471440004e-12,3.44083964003266e-11,-7.14068338573842e-11)
(-5.87745213197228e-12,6.18008570860472e-11,-6.34031515916079e-11)
(-7.13058429268811e-12,1.08053695041121e-10,-4.9216845685e-11)
(-8.22755445472563e-12,1.76126717821841e-10,-2.7847552430679e-11)
(0,0,0)
(0,0,0)
(0,0,0)
(0,0,0)
(0,0,0)
(0,0,0)
(6.41648730340622e-13,8.09658443062048e-13,-1.30328414698257e-10)
(1.29225575425902e-12,1.4603346825875e-12,-1.30230853384612e-10)
(2.97682065278315e-12,2.03026453583494e-12,-1.30122573360195e-10)
(4.10227671336436e-12,4.04398197232465e-12,-1.29367353634718e-10)
(2.04077914392836e-12,7.13408700549542e-12,-1.27405511676539e-10)
(-1.78061190311596e-12,1.36525960084065e-11,-1.24492588760533e-10)
(-4.88603179024026e-12,2.59777755955052e-11,-1.19145023978749e-10)
(-6.06751489879765e-12,4.80493484842162e-11,-1.08421459961431e-10)
(-6.51956319470142e-12,8.73527194264335e-11,-8.77153729196749e-11)
(-7.11269375984375e-12,1.48710488374533e-10,-5.26377828828521e-11)
(0,0,0)
(0,0,0)
(0,0,0)
(0,0,0)
(0,0,0)
(0,0,0)
(-1.50748431463796e-12,8.35981344707922e-13,-2.00971361969665e-10)
(-1.17696794722259e-12,9.85321620834323e-13,-2.00466434413838e-10)
(9.32605439643098e-13,1.14504655470275e-12,-2.00123778412876e-10)
(1.90240229540358e-12,2.3639887345289e-12,-1.99523653967009e-10)
(-2.36508179481822e-14,3.91679278927851e-12,-1.97646294831931e-10)
(-1.93418481693728e-12,7.42082723944616e-12,-1.94873224078137e-10)
(-4.5964605979119e-12,1.4350281959329e-11,-1.88384651312624e-10)
(-5.97074695291941e-12,2.7339156151686e-11,-1.7502247882757e-10)
(-6.06952595135177e-12,5.25976287722258e-11,-1.48087636833167e-10)
(-6.48196490025714e-12,9.6235269080028e-11,-9.57126331163719e-11)
(0,0,0)
(0,0,0)
(0,0,0)
(0,0,0)
(0,0,0)
(0,0,0)
(0,0,0)
(0,0,0)
(0,0,0)
(0,0,0)
(0,0,0)
(0,0,0)
(0,0,0)
(0,0,0)
(0,0,0)
(0,0,0)
(0,0,0)
(0,0,0)
(0,0,0)
(0,0,0)
(0,0,0)
(0,0,0)
(0,0,0)
(0,0,0)
(0,0,0)
(0,0,0)
(0,0,0)
(0,0,0)
(0,0,0)
(0,0,0)
(0,0,0)
(0,0,0)
(0,0,0)
(0,0,0)
(0,0,0)
(0,0,0)
(0,0,0)
(0,0,0)
(0,0,0)
(0,0,0)
(0,0,0)
(0,0,0)
(0,0,0)
(0,0,0)
(0,0,0)
(0,0,0)
(0,0,0)
(0,0,0)
(0,0,0)
(0,0,0)
(0,0,0)
(0,0,0)
(0,0,0)
(0,0,0)
(0,0,0)
(0,0,0)
(0,0,0)
(0,0,0)
(0,0,0)
(0,0,0)
(0,0,0)
(0,0,0)
(0,0,0)
(0,0,0)
(0,0,0)
(0,0,0)
(0,0,0)
(0,0,0)
(0,0,0)
(0,0,0)
(0,0,0)
(0,0,0)
(0,0,0)
(0,0,0)
(0,0,0)
(0,0,0)
(0,0,0)
(0,0,0)
(0,0,0)
(0,0,0)
(0,0,0)
(0,0,0)
(0,0,0)
(0,0,0)
(0,0,0)
(0,0,0)
(0,0,0)
(0,0,0)
(0,0,0)
(0,0,0)
(0,0,0)
(0,0,0)
(0,0,0)
(0,0,0)
(0,0,0)
(0,0,0)
(0,0,0)
(0,0,0)
(0,0,0)
(0,0,0)
(0,0,0)
(0,0,0)
(4.77546847778786e-14,3.81304401178125e-13,-1.61259438465229e-12)
(4.46139767265255e-14,3.66478102144831e-12,-1.68333413686755e-12)
(8.79314101351803e-14,9.82146571197133e-12,-2.04989141105043e-12)
(4.74340465205299e-13,1.87679112358092e-11,-2.4938462350278e-12)
(8.51157663460374e-13,3.15255424192672e-11,-2.16839843326456e-12)
(1.09779952775106e-12,5.23897200119404e-11,-1.70953502607335e-12)
(1.48170290716395e-12,8.66620624512059e-11,-1.25023330819506e-12)
(5.23227711158981e-13,1.42414877080238e-10,-7.78384173194306e-13)
(2.67185427842014e-13,2.46583383991034e-10,-9.66449506275535e-13)
(4.86373894232744e-13,4.85346757877705e-10,-9.37519105095959e-13)
(0,0,0)
(0,0,0)
(0,0,0)
(0,0,0)
(0,0,0)
(0,0,0)
(3.0264588901675e-13,7.31087851197299e-13,-5.58740253249978e-12)
(3.50957081730859e-13,4.4484702928767e-12,-6.01151084751384e-12)
(3.58093010966764e-13,1.03582289834706e-11,-6.20930351465437e-12)
(9.39452683703065e-13,1.85468286041968e-11,-6.18185189676139e-12)
(1.66229395654596e-12,3.11721183431442e-11,-5.16248076584184e-12)
(2.28996666830576e-12,5.19815626070251e-11,-3.62479597330782e-12)
(3.00431424666963e-12,8.61718690821924e-11,-2.27294070378818e-12)
(2.33284215291818e-12,1.41859665521244e-10,-1.33225578720166e-12)
(2.14002620574644e-12,2.45750040249131e-10,-1.20816333897e-12)
(2.13794575164033e-12,4.84072308104015e-10,-7.98434999333596e-13)
(0,0,0)
(0,0,0)
(0,0,0)
(0,0,0)
(0,0,0)
(0,0,0)
(7.8031173897218e-13,1.06253471542912e-12,-1.12349498602687e-11)
(2.06664626364469e-12,4.92045462845538e-12,-1.17883839014884e-11)
(2.3324401136688e-12,1.07409314919357e-11,-1.2035109732059e-11)
(2.5244446364918e-12,1.80827862378813e-11,-1.17657624760321e-11)
(2.55110885470077e-12,2.99984230440977e-11,-1.01373717660852e-11)
(2.54486765551009e-12,5.05293118679194e-11,-7.55090769936487e-12)
(3.08001516823084e-12,8.50098848965092e-11,-4.75689832868686e-12)
(2.30810925606991e-12,1.40896782347375e-10,-2.92547416390347e-12)
(2.61684360649342e-12,2.44433770421087e-10,-2.17443310292531e-12)
(3.6038277302869e-12,4.82687671827062e-10,-1.21164814640827e-12)
(0,0,0)
(0,0,0)
(0,0,0)
(0,0,0)
(0,0,0)
(0,0,0)
(1.11974880927942e-12,1.53667238874892e-12,-1.87290189117991e-11)
(3.33914223144918e-12,5.26979424184408e-12,-1.90847341716332e-11)
(4.040267599154e-12,1.0704864946331e-11,-1.89064451511591e-11)
(3.76451755791512e-12,1.68447397316224e-11,-1.78036286127367e-11)
(3.24584781871184e-12,2.7413117176325e-11,-1.59890321354164e-11)
(3.00883294046827e-12,4.71789193046784e-11,-1.34538570278724e-11)
(3.30256583004364e-12,8.2517417348523e-11,-1.00647713310898e-11)
(1.84350951074129e-12,1.39653259640424e-10,-7.63919527991012e-12)
(2.56330843804732e-12,2.43286032517114e-10,-5.7173559343181e-12)
(3.96149204902227e-12,4.81382614188713e-10,-3.10855216069455e-12)
(0,0,0)
(0,0,0)
(0,0,0)
(0,0,0)
(0,0,0)
(0,0,0)
(1.72690984863825e-12,1.91159501793935e-12,-3.26042597882807e-11)
(3.92634163974595e-12,5.21749838320609e-12,-3.25026845596689e-11)
(4.78476410467009e-12,9.70901143793029e-12,-3.18853060552419e-11)
(4.34446260824417e-12,1.48422825447644e-11,-3.05842155508303e-11)
(4.03266538507078e-12,2.38867326830669e-11,-2.89681653064063e-11)
(2.954817369149e-12,4.20051559709417e-11,-2.7122502827698e-11)
(5.8886625325707e-13,7.79026378457359e-11,-2.53473412297318e-11)
(-4.30339959007347e-13,1.37767430929508e-10,-2.02373661148663e-11)
(4.11834165235196e-13,2.41570115206164e-10,-1.43927477999829e-11)
(6.11107111585835e-13,4.79151050533028e-10,-7.42441323959308e-12)
(0,0,0)
(0,0,0)
(0,0,0)
(0,0,0)
(0,0,0)
(0,0,0)
(1.86388662340003e-12,1.9276605872354e-12,-5.46256900078129e-11)
(4.38310961990143e-12,4.68548488260086e-12,-5.45626588536803e-11)
(5.88605713824403e-12,8.05731298604196e-12,-5.40423717517985e-11)
(5.70295107144064e-12,1.22822882200113e-11,-5.29523250136321e-11)
(4.64779943194692e-12,2.00765255167178e-11,-5.13192343832267e-11)
(1.97991283032097e-12,3.71240290047988e-11,-4.93782075406889e-11)
(-1.66568288766038e-12,7.46343034910522e-11,-4.73793677051095e-11)
(-3.46606504757406e-12,1.33906458687642e-10,-3.99017770788624e-11)
(-3.60143110223978e-12,2.36832291541641e-10,-2.86742367388858e-11)
(-4.43290960132936e-12,4.73676710700352e-10,-1.49189136354813e-11)
(0,0,0)
(0,0,0)
(0,0,0)
(0,0,0)
(0,0,0)
(0,0,0)
(1.50234305111711e-12,1.75127837570712e-12,-8.7342470993722e-11)
(4.12926612716706e-12,4.06280483717786e-12,-8.72574438555597e-11)
(6.10889349908638e-12,6.41766957115692e-12,-8.68701310040385e-11)
(6.16844089224347e-12,9.61322280306262e-12,-8.58830275035585e-11)
(3.98014237735943e-12,1.62269165004187e-11,-8.44068511682595e-11)
(-4.50151775502374e-13,3.19464995339641e-11,-8.22582345131645e-11)
(-3.57729128442305e-12,6.8765352578657e-11,-7.75291275241378e-11)
(-5.82439848718213e-12,1.25163351724909e-10,-6.78218824704055e-11)
(-6.93027687819244e-12,2.25453355512266e-10,-5.02898287641346e-11)
(-7.89334372553318e-12,4.60729661590843e-10,-2.70758734592343e-11)
(0,0,0)
(0,0,0)
(0,0,0)
(0,0,0)
(0,0,0)
(0,0,0)
(1.33989058739755e-12,1.43608287956415e-12,-1.40510483773344e-10)
(3.147753149626e-12,3.39711355377954e-12,-1.40013947149597e-10)
(4.79455031252547e-12,5.103322103853e-12,-1.39461674428642e-10)
(5.5235939039147e-12,7.89609789464413e-12,-1.3855755482412e-10)
(3.7957080665297e-12,1.39981442667955e-11,-1.36944105587834e-10)
(-6.2585348894885e-13,2.91266532349987e-11,-1.34321512413777e-10)
(-4.08747617534849e-12,6.02973852768192e-11,-1.2827449378631e-10)
(-6.31224943687414e-12,1.09136710331922e-10,-1.12841883807143e-10)
(-7.79890193215181e-12,2.03713345868495e-10,-8.7264228618652e-11)
(-8.65887743869125e-12,4.34850954137279e-10,-4.96784978910798e-11)
(0,0,0)
(0,0,0)
(0,0,0)
(0,0,0)
(0,0,0)
(0,0,0)
(5.17764515050177e-13,1.04670297562588e-12,-2.41327382032161e-10)
(1.65898879159589e-12,2.31754432928664e-12,-2.41166384193689e-10)
(3.1068189084406e-12,3.60403843069388e-12,-2.40961638016543e-10)
(3.82042799298563e-12,6.06941850990658e-12,-2.39955987208259e-10)
(2.34515044415119e-12,1.09799523027688e-11,-2.37572819479758e-10)
(-8.96407915958597e-13,2.2862276233891e-11,-2.33394055201485e-10)
(-3.98210217136733e-12,4.52284864422392e-11,-2.24096983242951e-10)
(-6.06340960803209e-12,8.41816432558903e-11,-2.04231195198433e-10)
(-6.84206257732433e-12,1.67033664011366e-10,-1.68172797328277e-10)
(-7.27525734823876e-12,3.85968398542731e-10,-1.05347097062418e-10)
(0,0,0)
(0,0,0)
(0,0,0)
(0,0,0)
(0,0,0)
(0,0,0)
(-1.17643052575659e-12,7.63018886583763e-13,-4.769936098548e-10)
(-5.34302327350839e-13,1.26265931895204e-12,-4.76845533278694e-10)
(1.47752754847686e-12,1.76504429578342e-12,-4.76561599947401e-10)
(2.38903189485462e-12,3.2879440733377e-12,-4.75727686033838e-10)
(1.12007121752949e-12,6.05641212921299e-12,-4.73160441154925e-10)
(-1.00193034301549e-12,1.25549840973255e-11,-4.68216080216343e-10)
(-3.60835112365313e-12,2.46885662495577e-11,-4.56762369609684e-10)
(-5.56643279559644e-12,4.80026743108791e-11,-4.33154833526349e-10)
(-5.84690089592486e-12,1.04593369497138e-10,-3.85772572017542e-10)
(-5.95932893655193e-12,2.81136835194473e-10,-2.81217786403194e-10)
(0,0,0)
(0,0,0)
(0,0,0)
(0,0,0)
(0,0,0)
(0,0,0)
(0,0,0)
(0,0,0)
(0,0,0)
(0,0,0)
(0,0,0)
(0,0,0)
(0,0,0)
(0,0,0)
(0,0,0)
(0,0,0)
(0,0,0)
(0,0,0)
(0,0,0)
(0,0,0)
(0,0,0)
(0,0,0)
(0,0,0)
(0,0,0)
(0,0,0)
(0,0,0)
(0,0,0)
(0,0,0)
(0,0,0)
(0,0,0)
(0,0,0)
(0,0,0)
(0,0,0)
(0,0,0)
(0,0,0)
(0,0,0)
(0,0,0)
(0,0,0)
(0,0,0)
(0,0,0)
(0,0,0)
(0,0,0)
(0,0,0)
(0,0,0)
(0,0,0)
(0,0,0)
(0,0,0)
(0,0,0)
(0,0,0)
(0,0,0)
(0,0,0)
(0,0,0)
(0,0,0)
(0,0,0)
(0,0,0)
(0,0,0)
(0,0,0)
(0,0,0)
(0,0,0)
(0,0,0)
(0,0,0)
(0,0,0)
(0,0,0)
(0,0,0)
(0,0,0)
(0,0,0)
(0,0,0)
(0,0,0)
(0,0,0)
(0,0,0)
(0,0,0)
(0,0,0)
(0,0,0)
(0,0,0)
(0,0,0)
(0,0,0)
(0,0,0)
(0,0,0)
(0,0,0)
(0,0,0)
(0,0,0)
(0,0,0)
(0,0,0)
(0,0,0)
(0,0,0)
(0,0,0)
(0,0,0)
(0,0,0)
(0,0,0)
(0,0,0)
(0,0,0)
(0,0,0)
(0,0,0)
(0,0,0)
(0,0,0)
(0,0,0)
(0,0,0)
(0,0,0)
(0,0,0)
(0,0,0)
(0,0,0)
(0,0,0)
(-2.31289012991021e-13,5.25638607524493e-13,-2.73922969332734e-12)
(-3.72518021222628e-13,4.7096237896829e-12,-2.94794612072568e-12)
(-4.87703652624583e-15,1.27902417009895e-11,-3.30712862612294e-12)
(3.69975294894654e-13,2.38313064015137e-11,-3.28810066153231e-12)
(7.45718332307937e-13,3.91828932810508e-11,-2.52673362078309e-12)
(1.04665521494626e-12,6.19522037587074e-11,-1.15569664861175e-12)
(1.50004714090959e-12,9.72165645081457e-11,1.00468153853391e-13)
(1.26650460290385e-12,1.48043576908005e-10,2.97643050315588e-13)
(1.07159876899143e-12,2.20228421090794e-10,-2.5950632830499e-13)
(8.23304562637869e-13,3.07720720162976e-10,-4.53310128950357e-13)
(0,0,0)
(0,0,0)
(0,0,0)
(0,0,0)
(0,0,0)
(0,0,0)
(3.95307339673461e-13,8.88224408217004e-13,-7.56699161969524e-12)
(7.67654130058868e-14,5.36512052118956e-12,-8.17213411246141e-12)
(-5.20611170566758e-14,1.2902791370947e-11,-8.36681768527993e-12)
(3.84123919632261e-13,2.31260987511529e-11,-7.63245776289515e-12)
(1.29830446370206e-12,3.7985697684411e-11,-5.74081750683786e-12)
(2.39036213771919e-12,6.09051054741491e-11,-2.5420678276607e-12)
(3.2256135150129e-12,9.70724784339941e-11,5.62825078315001e-13)
(3.17163287980404e-12,1.48416867927492e-10,1.05492050578061e-12)
(3.04656769397886e-12,2.20350756839558e-10,2.49368869112544e-13)
(2.72414702972487e-12,3.07286747080217e-10,-2.61577406154363e-15)
(0,0,0)
(0,0,0)
(0,0,0)
(0,0,0)
(0,0,0)
(0,0,0)
(8.59608104967321e-13,1.53629238986849e-12,-1.39663060498992e-11)
(1.96403248175355e-12,5.94534064906468e-12,-1.4499587288694e-11)
(2.09915940412261e-12,1.25938696377383e-11,-1.43501122250539e-11)
(2.13410043220164e-12,2.12799424344452e-11,-1.32015580531122e-11)
(2.54995065575155e-12,3.49167565345373e-11,-1.04577048761087e-11)
(3.10125084826019e-12,5.81352278827896e-11,-5.35639838005871e-12)
(3.74105855211608e-12,9.67790701282897e-11,6.23139646863452e-13)
(2.80059090083653e-12,1.49460020414591e-10,1.09646437669264e-12)
(2.80179655501953e-12,2.2085130040018e-10,1.29657626955709e-14)
(3.69723722183443e-12,3.07416956878854e-10,-2.75880163276065e-13)
(0,0,0)
(0,0,0)
(0,0,0)
(0,0,0)
(0,0,0)
(0,0,0)
(1.10054143948176e-12,1.97211962563366e-12,-2.40596063898665e-11)
(3.21314907054052e-12,6.08310523655163e-12,-2.41535085313148e-11)
(3.93330456827999e-12,1.1875647436634e-11,-2.3206340051096e-11)
(3.95237826661265e-12,1.86830904458676e-11,-2.10067479250392e-11)
(4.23705720458011e-12,2.99680394138615e-11,-1.7733781788453e-11)
(4.79351057769935e-12,5.20766465515389e-11,-1.17971427422116e-11)
(5.49176928222179e-12,9.55311628576451e-11,-2.83826111552002e-12)
(1.80749887600516e-12,1.51622791215988e-10,-3.59775500288319e-12)
(1.67042197569839e-12,2.22298475848661e-10,-4.29743626763342e-12)
(3.08450354328797e-12,3.08130973452949e-10,-2.88144530016987e-12)
(0,0,0)
(0,0,0)
(0,0,0)
(0,0,0)
(0,0,0)
(0,0,0)
(1.60926905008604e-12,1.87756167110309e-12,-3.94012199737648e-11)
(3.84097663731609e-12,5.32484405158201e-12,-3.94255514114853e-11)
(5.13537205049789e-12,9.91783609271771e-12,-3.8802486319773e-11)
(5.28840668875434e-12,1.5098275731372e-11,-3.69885454723268e-11)
(5.99721007403438e-12,2.31766254254058e-11,-3.44045889119074e-11)
(6.06078273631679e-12,4.02086596677681e-11,-3.14434579041595e-11)
(-1.2527745076008e-12,8.39680843602812e-11,-3.58611209802612e-11)
(-2.41398603245627e-12,1.54282614868477e-10,-2.45126705247705e-11)
(-1.81867672881115e-12,2.23354886343506e-10,-1.70238666231763e-11)
(-1.33896629568381e-12,3.07095549724942e-10,-8.90954468951062e-12)
(0,0,0)
(0,0,0)
(0,0,0)
(0,0,0)
(0,0,0)
(0,0,0)
(1.97723768106608e-12,1.76221379592375e-12,-6.36350962231622e-11)
(4.48550256286686e-12,4.44777834879962e-12,-6.37064817371085e-11)
(6.43565381514399e-12,7.66913391072047e-12,-6.36423897156683e-11)
(6.73892585909442e-12,1.10221155498684e-11,-6.26795455468673e-11)
(6.55638160499691e-12,1.64989153282594e-11,-6.0983937775123e-11)
(5.1586024653299e-12,3.1703616075236e-11,-5.96979115996861e-11)
(-3.27432260088612e-12,8.5487999148218e-11,-6.50609625173003e-11)
(-5.95049842570501e-12,1.52576069250444e-10,-5.23698207818009e-11)
(-5.9778181754497e-12,2.19143475513211e-10,-3.61830610114259e-11)
(-6.40477412831964e-12,3.00951363411597e-10,-1.83257588388767e-11)
(0,0,0)
(0,0,0)
(0,0,0)
(0,0,0)
(0,0,0)
(0,0,0)
(1.73251141010192e-12,1.46128173946577e-12,-9.87367593007466e-11)
(4.40764455776189e-12,3.47892731895815e-12,-9.88221184451643e-11)
(6.43613746634674e-12,5.60243385045782e-12,-9.88337976622535e-11)
(6.40938946520197e-12,7.05064931895662e-12,-9.86591402677706e-11)
(4.06029795603631e-12,9.52764633327457e-12,-9.92081455246056e-11)
(-2.35941246542404e-12,1.88345386880501e-11,-1.02077633625566e-10)
(-4.81656903635396e-12,7.82274649039092e-11,-9.57513300258329e-11)
(-7.32981080108066e-12,1.42990283491407e-10,-9.02426487259209e-11)
(-8.40422253879435e-12,2.0551279771688e-10,-6.2485857649368e-11)
(-9.09050973090951e-12,2.85483978743258e-10,-3.19304417381754e-11)
(0,0,0)
(0,0,0)
(0,0,0)
(0,0,0)
(0,0,0)
(0,0,0)
(1.23273386813165e-12,1.05389825554287e-12,-1.47620883754403e-10)
(3.67504965333365e-12,2.61228916095293e-12,-1.47477200378712e-10)
(5.3897143798122e-12,4.39023605336335e-12,-1.47436932505506e-10)
(5.73682405380554e-12,5.90925652440884e-12,-1.47614279029426e-10)
(4.19130685583841e-12,1.03558410690167e-11,-1.48418871615969e-10)
(-4.08495114867378e-13,2.64727135564862e-11,-1.50097199494825e-10)
(-4.45118731992889e-12,7.3625030027281e-11,-1.48819901603151e-10)
(-6.9348375504602e-12,1.19716412328387e-10,-1.27310626175258e-10)
(-8.70495080243256e-12,1.782992299828e-10,-9.31894353642114e-11)
(-9.45481973440776e-12,2.55941184200173e-10,-5.02670219840559e-11)
(0,0,0)
(0,0,0)
(0,0,0)
(0,0,0)
(0,0,0)
(0,0,0)
(6.40450765445962e-13,3.87707836335648e-13,-2.15226931291362e-10)
(2.50912762446241e-12,1.63746750466249e-12,-2.15511997357756e-10)
(3.94016223617844e-12,3.265722013263e-12,-2.157453441089e-10)
(4.21873470090395e-12,5.17644001928437e-12,-2.15581768306341e-10)
(3.08992633962017e-12,9.95467193252843e-12,-2.15058600591669e-10)
(1.13812261770575e-13,2.40058652580332e-11,-2.13079325089768e-10)
(-3.30797002254403e-12,5.30392845420198e-11,-2.04815323309983e-10)
(-5.94283853449514e-12,8.78052617147207e-11,-1.80465054511694e-10)
(-7.2274683284737e-12,1.37453364468656e-10,-1.39964403085629e-10)
(-7.79079106277814e-12,2.07139604045586e-10,-8.05720516186459e-11)
(0,0,0)
(0,0,0)
(0,0,0)
(0,0,0)
(0,0,0)
(0,0,0)
(-5.61488216153137e-13,1.46203644435483e-13,-2.98922068690379e-10)
(4.44423660136116e-13,9.29453245569801e-13,-2.99710999386038e-10)
(2.40865793090629e-12,1.85016659518111e-12,-3.00256991525866e-10)
(3.10973108938215e-12,3.23562428674973e-12,-3.00004431173561e-10)
(2.23212240836234e-12,6.13232886542995e-12,-2.98304191067709e-10)
(9.93431469448428e-14,1.37262080574397e-11,-2.93909306160405e-10)
(-2.52732095687749e-12,2.79792508878297e-11,-2.82152576244664e-10)
(-4.94601999498594e-12,4.76619936225278e-11,-2.5544791053843e-10)
(-5.80831701255662e-12,7.89148571252438e-11,-2.08083885729193e-10)
(-6.04028014444663e-12,1.2746293969827e-10,-1.28470236152479e-10)
(0,0,0)
(0,0,0)
(0,0,0)
(0,0,0)
(0,0,0)
(0,0,0)
(0,0,0)
(0,0,0)
(0,0,0)
(0,0,0)
(0,0,0)
(0,0,0)
(0,0,0)
(0,0,0)
(0,0,0)
(0,0,0)
(0,0,0)
(0,0,0)
(0,0,0)
(0,0,0)
(0,0,0)
(0,0,0)
(0,0,0)
(0,0,0)
(0,0,0)
(0,0,0)
(0,0,0)
(0,0,0)
(0,0,0)
(0,0,0)
(0,0,0)
(0,0,0)
(0,0,0)
(0,0,0)
(0,0,0)
(0,0,0)
(0,0,0)
(0,0,0)
(0,0,0)
(0,0,0)
(0,0,0)
(0,0,0)
(0,0,0)
(0,0,0)
(0,0,0)
(0,0,0)
(0,0,0)
(0,0,0)
(0,0,0)
(0,0,0)
(0,0,0)
(0,0,0)
(0,0,0)
(0,0,0)
(0,0,0)
(0,0,0)
(0,0,0)
(0,0,0)
(0,0,0)
(0,0,0)
(0,0,0)
(0,0,0)
(0,0,0)
(0,0,0)
(0,0,0)
(0,0,0)
(0,0,0)
(0,0,0)
(0,0,0)
(0,0,0)
(0,0,0)
(0,0,0)
(0,0,0)
(0,0,0)
(0,0,0)
(0,0,0)
(0,0,0)
(0,0,0)
(0,0,0)
(0,0,0)
(0,0,0)
(0,0,0)
(0,0,0)
(0,0,0)
(0,0,0)
(0,0,0)
(0,0,0)
(0,0,0)
(0,0,0)
(0,0,0)
(0,0,0)
(0,0,0)
(0,0,0)
(0,0,0)
(0,0,0)
(0,0,0)
(0,0,0)
(0,0,0)
(0,0,0)
(0,0,0)
(0,0,0)
(0,0,0)
(-3.85158386263505e-13,9.58189221463389e-13,-4.27340593301448e-12)
(-6.68832247356059e-13,5.397983772344e-12,-4.06749008668221e-12)
(-1.3645467105792e-13,1.4068337105839e-11,-3.90716734569996e-12)
(3.13815904510402e-13,2.57734945972969e-11,-3.25672466958415e-12)
(5.71876956787764e-13,4.09791813001883e-11,-1.98259714981588e-12)
(8.37588697066887e-13,6.18213760166827e-11,1.2705509455015e-14)
(1.44695831855157e-12,9.2429349374776e-11,1.60888571236399e-12)
(1.45036296201807e-12,1.32089813891669e-10,1.66148997092283e-12)
(1.14306682083624e-12,1.77746369057382e-10,9.07389193457824e-13)
(8.03967516385743e-13,2.1537436256422e-10,4.10036320733327e-13)
(0,0,0)
(0,0,0)
(0,0,0)
(0,0,0)
(0,0,0)
(0,0,0)
(3.52381850789782e-13,9.69669347586612e-13,-9.15536124204559e-12)
(-3.08771142029582e-13,5.46792740597615e-12,-9.22615657322873e-12)
(-4.77499306260806e-13,1.37083930823394e-11,-8.90315284674196e-12)
(3.38639980334774e-13,2.46270760747728e-11,-7.2979794936353e-12)
(1.16849593437587e-12,3.89917940767507e-11,-4.19909865461894e-12)
(2.05534682312295e-12,6.01253400693812e-11,5.48503140899392e-13)
(3.02692639318943e-12,9.28281267678417e-11,5.49364302363679e-12)
(2.93403202949819e-12,1.33588398071968e-10,5.01557455059589e-12)
(2.79800877655374e-12,1.78879304411694e-10,2.8205477207293e-12)
(2.59132145690103e-12,2.16179274913478e-10,1.1661147401367e-12)
(0,0,0)
(0,0,0)
(0,0,0)
(0,0,0)
(0,0,0)
(0,0,0)
(9.57062107991578e-13,1.64708139134415e-12,-1.58130899872181e-11)
(1.67679283062329e-12,5.94379331427261e-12,-1.57547331340518e-11)
(1.66882743327736e-12,1.29755192848877e-11,-1.50265790135031e-11)
(1.98709924380238e-12,2.18829151623186e-11,-1.26628915219768e-11)
(2.39736128038011e-12,3.43582379841953e-11,-7.95237083200096e-12)
(3.18029415250884e-12,5.57093316415533e-11,1.19202242108805e-12)
(4.5156410930061e-12,9.54750180815227e-11,1.5732691255217e-11)
(1.72131871330043e-12,1.38395554179655e-10,1.11823706408661e-11)
(1.64346703237275e-12,1.82679715504385e-10,4.93132309463545e-12)
(2.70734048498769e-12,2.19169778091868e-10,1.36020205348022e-12)
(0,0,0)
(0,0,0)
(0,0,0)
(0,0,0)
(0,0,0)
(0,0,0)
(1.2890015355117e-12,1.80151785578316e-12,-2.63791460554158e-11)
(3.02424177529248e-12,5.7639375133225e-12,-2.57905143613321e-11)
(3.69152378614171e-12,1.12078821640056e-11,-2.39875179740754e-11)
(4.26422684450355e-12,1.73592018171444e-11,-2.06013443261778e-11)
(5.09183214679282e-12,2.56071674374657e-11,-1.47941757752083e-11)
(7.70261583478442e-12,4.33869983945938e-11,-7.0003271151083e-13)
(1.78143416669809e-11,1.07392055169158e-10,4.37679256079753e-11)
(-1.52643511906029e-13,1.5001235532465e-10,1.64215935273709e-11)
(-8.01979486489538e-13,1.89120979049729e-10,3.25863966482024e-12)
(1.23848197073265e-12,2.22943300050844e-10,-5.30752410281406e-13)
(0,0,0)
(0,0,0)
(0,0,0)
(0,0,0)
(0,0,0)
(0,0,0)
(1.74894836298311e-12,1.21991058937537e-12,-4.12201059958132e-11)
(4.09497724839095e-12,4.17230657203028e-12,-4.05620058450179e-11)
(5.57013338503802e-12,7.75337258194646e-12,-3.88832516307022e-11)
(6.78061030984174e-12,1.09720726274605e-11,-3.59585000931307e-11)
(9.71378916344227e-12,1.24266934765203e-11,-3.14561352641598e-11)
(1.89834894049308e-11,8.61850315012463e-12,-2.13294367416803e-11)
(-1.41211397510558e-11,2.09190948765135e-10,-5.56910906174964e-17)
(-8.19624431607136e-12,1.78042973671555e-10,-1.77644036472268e-11)
(-5.72158783215466e-12,1.97700083718132e-10,-1.26248765197159e-11)
(-4.1043246714743e-12,2.25147369176995e-10,-6.98587284366275e-12)
(0,0,0)
(0,0,0)
(0,0,0)
(0,0,0)
(0,0,0)
(0,0,0)
(2.34955525148676e-12,7.34538441614088e-13,-6.3521507812642e-11)
(5.39026157128176e-12,2.40045761332113e-12,-6.31384800758747e-11)
(7.53950970661705e-12,4.20623391238275e-12,-6.22951634560735e-11)
(9.01478431822328e-12,4.81738361995194e-12,-6.07634315224781e-11)
(1.22416244245387e-11,1.62840575207997e-12,-5.81389348379542e-11)
(2.33907307701139e-11,-7.29559289338006e-12,-4.96982672287894e-11)
(-8.70493009218074e-12,2.12834301027139e-10,-7.07868994701177e-16)
(-1.25514724368913e-11,1.80047410425529e-10,-5.4003136691751e-11)
(-1.02044425516521e-11,1.96028734771869e-10,-3.52708958998289e-11)
(-9.26314829914667e-12,2.20378874502652e-10,-1.74715075000745e-11)
(0,0,0)
(0,0,0)
(0,0,0)
(0,0,0)
(0,0,0)
(0,0,0)
(2.2252540385217e-12,6.12840376083888e-13,-9.3601287947643e-11)
(5.2859619328325e-12,1.36842106321459e-12,-9.34650914357993e-11)
(7.47367786897192e-12,2.00549562304396e-12,-9.34400802382619e-11)
(8.09978751660017e-12,-2.58568065744672e-13,-9.4008859924628e-11)
(6.10159132114896e-12,-1.16980576908681e-11,-9.85260933995728e-11)
(-1.63238909335301e-11,-6.31235671556318e-11,-1.24888440068001e-10)
(-5.72281545945397e-12,2.58131802966975e-10,-2.80442664709152e-10)
(-1.18127307147499e-11,1.79433951467068e-10,-1.31350920696507e-10)
(-1.17460707159283e-11,1.8364378803768e-10,-6.93492889852468e-11)
(-1.14781569258214e-11,2.05060493025025e-10,-3.20698930311259e-11)
(0,0,0)
(0,0,0)
(0,0,0)
(0,0,0)
(0,0,0)
(0,0,0)
(1.75524091167304e-12,5.30383283876953e-13,-1.32186181579957e-10)
(4.60960343637509e-12,1.02118373519907e-12,-1.31748238293395e-10)
(6.69157494385945e-12,1.64388198443353e-12,-1.31954532398582e-10)
(7.27423314529069e-12,2.07249871362061e-13,-1.33194338013379e-10)
(6.27080387136907e-12,-2.30968861230302e-12,-1.3777894733469e-10)
(7.81055291687815e-13,3.05488633850615e-12,-1.51803565187473e-10)
(-5.37471726233554e-12,1.03317132556981e-10,-1.84320450796016e-10)
(-9.14487774795706e-12,1.2813129235237e-10,-1.35932285483214e-10)
(-1.07814986682225e-11,1.49824197126039e-10,-8.8789551992243e-11)
(-1.09202615641666e-11,1.74519775892025e-10,-4.4679909788042e-11)
(0,0,0)
(0,0,0)
(0,0,0)
(0,0,0)
(0,0,0)
(0,0,0)
(1.16702102356818e-12,2.47146019628378e-13,-1.74424880396756e-10)
(3.4504886347125e-12,9.97554316898965e-13,-1.74339781429616e-10)
(5.1921418518858e-12,1.85726638815003e-12,-1.74749897404367e-10)
(5.63638271861959e-12,2.08641786533067e-12,-1.75597202550292e-10)
(4.93299390476743e-12,4.33718222677972e-12,-1.77433260080835e-10)
(2.12946768257227e-12,1.71130578373899e-11,-1.80305928373937e-10)
(-2.59820516673856e-12,5.75302560704074e-11,-1.79437338730853e-10)
(-6.30022186819246e-12,8.3610112529665e-11,-1.50477148631496e-10)
(-8.08131245212897e-12,1.07177052815992e-10,-1.09108732092738e-10)
(-8.68617833406081e-12,1.3047554011858e-10,-5.86819971933595e-11)
(0,0,0)
(0,0,0)
(0,0,0)
(0,0,0)
(0,0,0)
(0,0,0)
(3.73646123941752e-13,1.07543757167031e-13,-2.09695882721899e-10)
(1.91986904553402e-12,7.56542956329597e-13,-2.10187833297261e-10)
(4.00626417378843e-12,1.24796964748909e-12,-2.10929660941136e-10)
(4.64511527027254e-12,1.86144521008071e-12,-2.11495491402376e-10)
(3.96956636648969e-12,3.92559028447739e-12,-2.11308096224424e-10)
(2.0688212886907e-12,1.12896966670727e-11,-2.09224232408236e-10)
(-1.2527357754248e-12,2.7533850642935e-11,-1.99881213895044e-10)
(-4.64805118150221e-12,4.21969804296395e-11,-1.73077898956966e-10)
(-6.50710946425409e-12,5.71320151261606e-11,-1.31051168949575e-10)
(-7.04757659857912e-12,7.22390355313518e-11,-7.33270875073549e-11)
(0,0,0)
(0,0,0)
(0,0,0)
(0,0,0)
(0,0,0)
(0,0,0)
(0,0,0)
(0,0,0)
(0,0,0)
(0,0,0)
(0,0,0)
(0,0,0)
(0,0,0)
(0,0,0)
(0,0,0)
(0,0,0)
(0,0,0)
(0,0,0)
(0,0,0)
(0,0,0)
(0,0,0)
(0,0,0)
(0,0,0)
(0,0,0)
(0,0,0)
(0,0,0)
(0,0,0)
(0,0,0)
(0,0,0)
(0,0,0)
(0,0,0)
(0,0,0)
(0,0,0)
(0,0,0)
(0,0,0)
(0,0,0)
(0,0,0)
(0,0,0)
(0,0,0)
(0,0,0)
(0,0,0)
(0,0,0)
(0,0,0)
(0,0,0)
(0,0,0)
(0,0,0)
(0,0,0)
(0,0,0)
(0,0,0)
(0,0,0)
(0,0,0)
(0,0,0)
(0,0,0)
(0,0,0)
(0,0,0)
(0,0,0)
(0,0,0)
(0,0,0)
(0,0,0)
(0,0,0)
(0,0,0)
(0,0,0)
(0,0,0)
(0,0,0)
(0,0,0)
(0,0,0)
(0,0,0)
(0,0,0)
(0,0,0)
(0,0,0)
(0,0,0)
(0,0,0)
(0,0,0)
(0,0,0)
(0,0,0)
(0,0,0)
(0,0,0)
(0,0,0)
(0,0,0)
(0,0,0)
(0,0,0)
(0,0,0)
(0,0,0)
(0,0,0)
(0,0,0)
(0,0,0)
(0,0,0)
(0,0,0)
(0,0,0)
(0,0,0)
(0,0,0)
(0,0,0)
(0,0,0)
(0,0,0)
(0,0,0)
(0,0,0)
(0,0,0)
(0,0,0)
(0,0,0)
(0,0,0)
(0,0,0)
(0,0,0)
(-6.02554358688148e-13,1.40696081926684e-12,-4.95460844725726e-12)
(-8.99098621966879e-13,6.22687747760391e-12,-4.76532971182735e-12)
(-4.26953323671965e-13,1.49500176192515e-11,-4.36632331832274e-12)
(1.86106907272759e-13,2.60049291326056e-11,-3.15574255761429e-12)
(5.63961520938549e-13,3.93547638260631e-11,-1.06993687720948e-12)
(9.37444441496785e-13,5.71247526792576e-11,1.61514517504261e-12)
(9.95576666893106e-13,8.26423850303869e-11,4.0667877724966e-12)
(7.05879559160516e-13,1.12908930717607e-10,4.05643749434541e-12)
(5.07484339265429e-13,1.42339743023983e-10,2.67474283463747e-12)
(4.0909148808142e-13,1.62385467131127e-10,1.23806670185678e-12)
(0,0,0)
(0,0,0)
(0,0,0)
(0,0,0)
(0,0,0)
(0,0,0)
(-2.54234861748311e-13,1.38588859298716e-12,-1.08372228751052e-11)
(-1.10764077683194e-12,6.11675771359575e-12,-1.03439385297377e-11)
(-1.34979886189415e-12,1.39850537711846e-11,-9.02091169762074e-12)
(-1.60799462819888e-14,2.40056454176953e-11,-6.60858189226832e-12)
(1.05445023146753e-12,3.65681730248834e-11,-2.35785271789715e-12)
(1.52621536822416e-12,5.4474872849457e-11,3.7319927504684e-12)
(8.58103552600122e-13,8.26595702676267e-11,1.18534947884245e-11)
(3.21902751542815e-13,1.14450109017587e-10,1.11527505037551e-11)
(6.52030664567633e-13,1.43942492799382e-10,6.8493702071742e-12)
(7.66933018607196e-13,1.63580776592787e-10,2.91787547816476e-12)
(0,0,0)
(0,0,0)
(0,0,0)
(0,0,0)
(0,0,0)
(0,0,0)
(7.44268790350911e-13,1.42809876285491e-12,-1.77707514123343e-11)
(1.12849451105505e-12,5.52985834660442e-12,-1.70188059899774e-11)
(1.07277706264659e-12,1.21353338250973e-11,-1.53642057224913e-11)
(1.80029189894489e-12,2.00562415839733e-11,-1.214105752182e-11)
(2.00403857399954e-12,3.02598791586241e-11,-5.73830588466839e-12)
(9.61958565419704e-13,4.63416816521954e-11,6.17669189516391e-12)
(-2.85107538021139e-12,8.45427627134325e-11,3.47423531924211e-11)
(-3.64443488549206e-12,1.20457799965217e-10,2.72238191241908e-11)
(-1.22667547187673e-12,1.49082883717652e-10,1.26786848822691e-11)
(2.9402057957136e-13,1.67132332260369e-10,4.2781787703739e-12)
(0,0,0)
(0,0,0)
(0,0,0)
(0,0,0)
(0,0,0)
(0,0,0)
(1.28197710781676e-12,9.71593610439704e-13,-2.70986914166699e-11)
(2.81287632934545e-12,4.41881804061742e-12,-2.61256609338302e-11)
(3.75985972031822e-12,9.25042870364262e-12,-2.37098411950934e-11)
(4.84418748323187e-12,1.38019507434366e-11,-1.94800498124881e-11)
(4.17816304401205e-12,1.74005213176248e-11,-1.25884641968695e-11)
(-1.99684724028766e-12,1.59027092954262e-11,-3.25002777020504e-12)
(-5.66382198483803e-11,9.29648745021988e-11,2.11903463805402e-16)
(-1.5020307996227e-11,1.3731189199068e-10,6.25375232499449e-11)
(-5.59169207986152e-12,1.58941825234554e-10,1.64179318062514e-11)
(-1.49633956594764e-12,1.72599202886152e-10,3.53756285721893e-12)
(0,0,0)
(0,0,0)
(0,0,0)
(0,0,0)
(0,0,0)
(0,0,0)
(1.5762203599508e-12,9.60013292650028e-14,-3.98843883637751e-11)
(4.18807199277975e-12,2.12628228241862e-12,-3.8969368025882e-11)
(6.1925205170422e-12,4.89595134437424e-12,-3.63703055585019e-11)
(8.43293448834175e-12,6.54391161369929e-12,-3.19898848748856e-11)
(1.03853783654364e-11,5.88548642404991e-12,-2.56467761255055e-11)
(1.35682043979257e-11,2.8522589027084e-12,-1.54075124408221e-11)
(-1.44056924230109e-16,8.76308993667147e-16,-3.55253976817037e-17)
(-1.53402081975609e-11,1.86720353267169e-10,7.21919266013412e-17)
(-9.68924256196575e-12,1.73822940574122e-10,-3.40612095887959e-12)
(-6.32170284061044e-12,1.77857648673999e-10,-3.46653794469322e-12)
(0,0,0)
(0,0,0)
(0,0,0)
(0,0,0)
(0,0,0)
(0,0,0)
(2.08822558026237e-12,-5.92184253130591e-13,-5.83946445540075e-11)
(5.57898150159412e-12,-2.43019747429172e-13,-5.78656564714646e-11)
(8.20851606234966e-12,5.78496879235402e-13,-5.60357974982816e-11)
(1.14662393194139e-11,-6.60244224498614e-14,-5.29133505138241e-11)
(1.71274202582918e-11,-4.52520432267659e-12,-4.76439239146618e-11)
(2.95211456726666e-11,-1.17534957386413e-11,-3.47274163415564e-11)
(-3.20926275691198e-18,6.63326032363205e-16,-6.49805399143482e-17)
(-3.06702542704818e-11,1.93020625786755e-10,-3.23173610178634e-16)
(-1.56188842171375e-11,1.7539758432612e-10,-2.18238629561137e-11)
(-1.14162743217473e-11,1.75402856449713e-10,-1.34324333809533e-11)
(0,0,0)
(0,0,0)
(0,0,0)
(0,0,0)
(0,0,0)
(0,0,0)
(2.17151461888779e-12,-5.79877281399256e-13,-8.23197983006295e-11)
(5.60818806333169e-12,-1.41452227530716e-12,-8.23118223572779e-11)
(8.40407119395215e-12,-1.79166411522411e-12,-8.19347375666228e-11)
(1.21512030544052e-11,-4.81747718011397e-12,-8.10275777839274e-11)
(2.30755689110077e-11,-1.534142326085e-11,-7.94886825192436e-11)
(7.30518802133778e-11,-3.6968661697019e-11,-7.07540127789523e-11)
(1.10937977697192e-16,9.12622869123413e-16,-1.12694273444474e-15)
(-2.25117033113164e-11,2.16251750420839e-10,-1.31945093324077e-10)
(-1.5205875758334e-11,1.67770539823712e-10,-6.36420311803895e-11)
(-1.30073328240487e-11,1.62201624749084e-10,-2.82917412903945e-11)
(0,0,0)
(0,0,0)
(0,0,0)
(0,0,0)
(0,0,0)
(0,0,0)
(1.60053488928404e-12,-3.22363201667191e-13,-1.10989598232961e-10)
(4.83952695994561e-12,-1.28422056235043e-12,-1.10959526328893e-10)
(7.71799615489853e-12,-2.08234832324012e-12,-1.1133810011583e-10)
(9.97967447266322e-12,-5.89355907013444e-12,-1.12190128075128e-10)
(1.3648550885047e-11,-1.89793514447942e-11,-1.16998815534085e-10)
(1.92397694013578e-11,-6.49783291214416e-11,-1.34785716219911e-10)
(-7.97600608848034e-12,1.31944949128813e-10,-2.09191032850676e-10)
(-1.17664314163487e-11,1.32738046851619e-10,-1.31531602674414e-10)
(-1.22439965624054e-11,1.29262006139838e-10,-7.8297592322353e-11)
(-1.15559355786276e-11,1.32690311963687e-10,-3.74090131604273e-11)
(0,0,0)
(0,0,0)
(0,0,0)
(0,0,0)
(0,0,0)
(0,0,0)
(1.22152431893264e-12,-8.6537528932623e-14,-1.38805800362074e-10)
(4.10161596995103e-12,-3.5557844449852e-13,-1.38880776746301e-10)
(6.64874373854444e-12,-8.49697273936822e-13,-1.39307863361586e-10)
(7.69741290437531e-12,-1.83477964251566e-12,-1.40471272514455e-10)
(8.21725414018733e-12,-3.20859180669774e-12,-1.43598559542141e-10)
(7.0842392097862e-12,1.89085616563858e-12,-1.49654662150144e-10)
(-1.56198983862448e-12,5.71691562782036e-11,-1.57401276386399e-10)
(-6.25550630690341e-12,7.71540280177242e-11,-1.25403583582066e-10)
(-8.46300966164368e-12,8.67723503650838e-11,-8.56617315121167e-11)
(-9.13167094016839e-12,9.40770423468777e-11,-4.37586508823966e-11)
(0,0,0)
(0,0,0)
(0,0,0)
(0,0,0)
(0,0,0)
(0,0,0)
(9.73140456469835e-13,1.30428350345968e-13,-1.56513684452214e-10)
(3.41823964573945e-12,2.00326785233218e-13,-1.56602738125085e-10)
(5.82006428251683e-12,-9.59621137060648e-14,-1.57063826239647e-10)
(6.31916530240188e-12,-4.08359299515267e-14,-1.58057920245668e-10)
(5.8112928347777e-12,1.08085501582597e-12,-1.59504325258895e-10)
(4.0154994425704e-12,7.14515703258235e-12,-1.59682404888e-10)
(-5.22200070566744e-13,2.50512473417801e-11,-1.53465910223535e-10)
(-4.47780075925179e-12,3.65098247361789e-11,-1.28412953179088e-10)
(-7.0991757802947e-12,4.39662764213982e-11,-9.2127845525003e-11)
(-8.13562857462456e-12,4.93721179854314e-11,-4.85638049631429e-11)
(0,0,0)
(0,0,0)
(0,0,0)
(0,0,0)
(0,0,0)
(0,0,0)
(0,0,0)
(0,0,0)
(0,0,0)
(0,0,0)
(0,0,0)
(0,0,0)
(0,0,0)
(0,0,0)
(0,0,0)
(0,0,0)
(0,0,0)
(0,0,0)
(0,0,0)
(0,0,0)
(0,0,0)
(0,0,0)
(0,0,0)
(0,0,0)
(0,0,0)
(0,0,0)
(0,0,0)
(0,0,0)
(0,0,0)
(0,0,0)
(0,0,0)
(0,0,0)
(0,0,0)
(0,0,0)
(0,0,0)
(0,0,0)
(0,0,0)
(0,0,0)
(0,0,0)
(0,0,0)
(0,0,0)
(0,0,0)
(0,0,0)
(0,0,0)
(0,0,0)
(0,0,0)
(0,0,0)
(0,0,0)
(0,0,0)
(0,0,0)
(0,0,0)
(0,0,0)
(0,0,0)
(0,0,0)
(0,0,0)
(0,0,0)
(0,0,0)
(0,0,0)
(0,0,0)
(0,0,0)
(0,0,0)
(0,0,0)
(0,0,0)
(0,0,0)
(0,0,0)
(0,0,0)
(0,0,0)
(0,0,0)
(0,0,0)
(0,0,0)
(0,0,0)
(0,0,0)
(0,0,0)
(0,0,0)
(0,0,0)
(0,0,0)
(0,0,0)
(0,0,0)
(0,0,0)
(0,0,0)
(0,0,0)
(0,0,0)
(0,0,0)
(0,0,0)
(0,0,0)
(0,0,0)
(0,0,0)
(0,0,0)
(0,0,0)
(0,0,0)
(0,0,0)
(0,0,0)
(0,0,0)
(0,0,0)
(0,0,0)
(0,0,0)
(0,0,0)
(0,0,0)
(0,0,0)
(0,0,0)
(0,0,0)
(0,0,0)
(-7.70760867833669e-13,2.7793967820489e-12,-6.27678874614156e-12)
(-1.18798525146393e-12,8.240357199773e-12,-6.13416621754285e-12)
(-6.72570236319122e-13,1.65046905198788e-11,-5.58584916533208e-12)
(9.9584941781784e-14,2.64621225952551e-11,-4.02088050268813e-12)
(6.65470269867849e-13,3.84692665795061e-11,-1.22804556481653e-12)
(1.13568167382651e-12,5.36439990614759e-11,2.15375729250921e-12)
(9.88741707858551e-13,7.38796689228652e-11,5.34664180556125e-12)
(5.46395918801031e-13,9.67716562900375e-11,5.52029883700222e-12)
(3.41410696702062e-13,1.16978575128405e-10,3.60082402893801e-12)
(4.51848728277754e-13,1.30040804045641e-10,1.25348747394332e-12)
(0,0,0)
(0,0,0)
(0,0,0)
(0,0,0)
(0,0,0)
(0,0,0)
(-7.8972937696969e-13,2.3901062833506e-12,-1.42205539500001e-11)
(-1.84376824196178e-12,7.46472070205232e-12,-1.31051178189021e-11)
(-1.91240872115215e-12,1.47269297746453e-11,-1.09857992659943e-11)
(-3.1740528694761e-13,2.35500899042379e-11,-7.75528485372585e-12)
(1.27289862937137e-12,3.48131878087394e-11,-2.62511699286733e-12)
(1.53790452751173e-12,5.01967952055765e-11,4.41349188521636e-12)
(-3.24344608577268e-13,7.35733633791795e-11,1.36729344291718e-11)
(-1.38240789947103e-12,9.82944126625783e-11,1.35345506856471e-11)
(-5.56865524813518e-13,1.1858918748864e-10,8.43049935526465e-12)
(1.33252829185356e-13,1.30706303142113e-10,3.2770197898301e-12)
(0,0,0)
(0,0,0)
(0,0,0)
(0,0,0)
(0,0,0)
(0,0,0)
(4.48828520400765e-13,1.48565355979805e-12,-2.15293560205919e-11)
(5.84934549573226e-13,5.41121062805802e-12,-1.99539615102851e-11)
(7.3453398341647e-13,1.1352681347527e-11,-1.73313912143134e-11)
(1.65183110232494e-12,1.85224424546116e-11,-1.30325442068174e-11)
(2.9483986351346e-12,2.76615601157158e-11,-5.56207411420438e-12)
(2.83526962493012e-12,4.08537045162224e-11,7.33037954239354e-12)
(-3.75465310074057e-12,7.43516365016252e-11,3.69647949115062e-11)
(-5.95339266911531e-12,1.03573952443448e-10,3.10416937208365e-11)
(-2.68511087689243e-12,1.23261293886448e-10,1.51888812748104e-11)
(-8.94671276066577e-13,1.33580176307019e-10,5.36739615622006e-12)
(0,0,0)
(0,0,0)
(0,0,0)
(0,0,0)
(0,0,0)
(0,0,0)
(1.18453890619235e-12,5.72782611237593e-13,-3.01917844934379e-11)
(2.68959234879248e-12,3.45902820636905e-12,-2.85417396198362e-11)
(3.88454569702385e-12,7.68807194769198e-12,-2.52476453557877e-11)
(5.21064099734169e-12,1.16481162575957e-11,-1.9871907249409e-11)
(6.35476151092585e-12,1.42996474768836e-11,-1.18582057489731e-11)
(7.80336347875647e-12,9.98770818397089e-12,-2.27509583052652e-12)
(-2.62115330016539e-11,8.29745369429704e-11,1.20100717429448e-16)
(-1.83091778290293e-11,1.19984258145953e-10,6.76147901903448e-11)
(-7.59243847035467e-12,1.33190956673954e-10,2.01825492012874e-11)
(-3.2172224965019e-12,1.39404574965531e-10,5.3255597104377e-12)
(0,0,0)
(0,0,0)
(0,0,0)
(0,0,0)
(0,0,0)
(0,0,0)
(1.34938560441124e-12,-4.59770684410925e-13,-4.02638268358168e-11)
(3.958311555279e-12,9.24659323082908e-13,-3.90605357331656e-11)
(6.12955429855094e-12,3.3130994755816e-12,-3.58251439067651e-11)
(8.69976177514073e-12,4.50681089966309e-12,-3.03392215548911e-11)
(1.05568054274253e-11,3.43766431367212e-12,-2.27311503207023e-11)
(1.27664821238593e-11,6.90808674920883e-14,-1.25464324522772e-11)
(-3.87912872092103e-17,4.4216400615315e-16,-3.33119043118114e-17)
(-1.82342875663407e-11,1.68958973794943e-10,8.35750094076649e-17)
(-1.12034693281021e-11,1.47630056713898e-10,-3.59151647856423e-13)
(-7.33344856101435e-12,1.44856619622402e-10,-1.85208941976137e-12)
(0,0,0)
(0,0,0)
(0,0,0)
(0,0,0)
(0,0,0)
(0,0,0)
(1.54693052600266e-12,-1.17815524425725e-12,-5.43010448776771e-11)
(4.92062505626865e-12,-1.2653888537661e-12,-5.35292478894579e-11)
(7.45623007241062e-12,-8.20235692037786e-13,-5.08466924738805e-11)
(1.0948265477826e-11,-1.57903189884916e-12,-4.6704309801742e-11)
(1.50271316233665e-11,-5.26503925964921e-12,-4.02176221873293e-11)
(2.00089602700431e-11,-1.02116001846116e-11,-2.72670823616335e-11)
(5.686970747165e-18,2.61647854925938e-16,-5.5212884950374e-17)
(-3.20778391220606e-11,1.63668427324318e-10,-2.38675840321309e-16)
(-1.63832692899133e-11,1.47210839829275e-10,-1.66282295181792e-11)
(-1.16474760021048e-11,1.42472777465548e-10,-1.07929328149466e-11)
(0,0,0)
(0,0,0)
(0,0,0)
(0,0,0)
(0,0,0)
(0,0,0)
(1.90602459577133e-12,-1.14632250500242e-12,-7.20254032109509e-11)
(5.1008015597613e-12,-2.38906042574294e-12,-7.16857485903201e-11)
(7.78759561928638e-12,-3.3659910513086e-12,-7.0422208642746e-11)
(1.16883896797375e-11,-6.03737610280052e-12,-6.84662328958258e-11)
(1.79788273546629e-11,-1.43006852896975e-11,-6.48279344699458e-11)
(3.03086618015493e-11,-2.86649276497712e-11,-5.27622043143063e-11)
(4.08133779770551e-17,4.20958883470431e-16,-5.65429636590792e-16)
(-7.30106188580324e-12,1.77282432039114e-10,-1.11565774064201e-10)
(-1.20476319644431e-11,1.38942728804473e-10,-5.25573045172132e-11)
(-1.17877613290255e-11,1.30052174266591e-10,-2.30913353033151e-11)
(0,0,0)
(0,0,0)
(0,0,0)
(0,0,0)
(0,0,0)
(0,0,0)
(1.33463731250082e-12,-6.97622571799368e-13,-9.25390123364697e-11)
(4.28945862901081e-12,-1.89885302608956e-12,-9.27435815540026e-11)
(7.33737306485718e-12,-3.61394537385494e-12,-9.25198659115295e-11)
(1.07295825040415e-11,-7.61446547820902e-12,-9.26431292558187e-11)
(1.56646919327722e-11,-2.12158804387812e-11,-9.59642728415295e-11)
(2.67759007450949e-11,-6.65520360444346e-11,-1.10887131766099e-10)
(-1.08596434141251e-11,1.11565647755611e-10,-1.79711612255298e-10)
(-9.41642293453483e-12,1.11821424913046e-10,-1.09478912878371e-10)
(-1.06429199495305e-11,1.05885481394005e-10,-6.32735739606398e-11)
(-1.03516791222966e-11,1.04013586128914e-10,-2.93692166884046e-11)
(0,0,0)
(0,0,0)
(0,0,0)
(0,0,0)
(0,0,0)
(0,0,0)
(1.07953482392073e-12,-2.66300523204275e-13,-1.11226141819208e-10)
(3.97279735551388e-12,-7.58270725702487e-13,-1.11656093410125e-10)
(7.05841773108925e-12,-2.00162471440268e-12,-1.11604881727363e-10)
(9.03075621951462e-12,-3.21165624083208e-12,-1.12137193175289e-10)
(9.98390992567071e-12,-5.5712129164777e-12,-1.14628917544226e-10)
(9.57655257906795e-12,-2.52779328933005e-12,-1.20119537723789e-10)
(-1.44177370651216e-12,4.81424352212272e-11,-1.27861609664359e-10)
(-5.35315509530251e-12,6.44936942124944e-11,-9.96457244482403e-11)
(-7.56001634769218e-12,6.9670703932339e-11,-6.6065781873248e-11)
(-8.18539746105094e-12,7.21290509890315e-11,-3.28291194844055e-11)
(0,0,0)
(0,0,0)
(0,0,0)
(0,0,0)
(0,0,0)
(0,0,0)
(1.19262247968711e-12,-1.34519996563183e-13,-1.22048202254109e-10)
(4.07965454553398e-12,-2.51099926055972e-13,-1.2244795743936e-10)
(6.71819617483331e-12,-7.88823007467247e-13,-1.22707822440639e-10)
(7.72473438567659e-12,-6.16148760613285e-13,-1.23556766276159e-10)
(7.07022747970944e-12,-1.18634130302158e-14,-1.2472713234432e-10)
(4.94416181068699e-12,5.00449835599585e-12,-1.24832756926541e-10)
(-5.23909773233576e-13,2.11248638790365e-11,-1.19541449215917e-10)
(-4.25308367715819e-12,3.0295509475223e-11,-9.79306856558275e-11)
(-6.69693992074674e-12,3.47838831896775e-11,-6.82626230479884e-11)
(-7.32731555235269e-12,3.71797009628038e-11,-3.51009472821786e-11)
(0,0,0)
(0,0,0)
(0,0,0)
(0,0,0)
(0,0,0)
(0,0,0)
(0,0,0)
(0,0,0)
(0,0,0)
(0,0,0)
(0,0,0)
(0,0,0)
(0,0,0)
(0,0,0)
(0,0,0)
(0,0,0)
(0,0,0)
(0,0,0)
(0,0,0)
(0,0,0)
(0,0,0)
(0,0,0)
(0,0,0)
(0,0,0)
(0,0,0)
(0,0,0)
(0,0,0)
(0,0,0)
(0,0,0)
(0,0,0)
(0,0,0)
(0,0,0)
(0,0,0)
(0,0,0)
(0,0,0)
(0,0,0)
(0,0,0)
(0,0,0)
(0,0,0)
(0,0,0)
(0,0,0)
(0,0,0)
(0,0,0)
(0,0,0)
(0,0,0)
(0,0,0)
(0,0,0)
(0,0,0)
(0,0,0)
(0,0,0)
(0,0,0)
(0,0,0)
(0,0,0)
(0,0,0)
(0,0,0)
(0,0,0)
(0,0,0)
(0,0,0)
(0,0,0)
(0,0,0)
(0,0,0)
(0,0,0)
(0,0,0)
(0,0,0)
(0,0,0)
(0,0,0)
(0,0,0)
(0,0,0)
(0,0,0)
(0,0,0)
(0,0,0)
(0,0,0)
(0,0,0)
(0,0,0)
(0,0,0)
(0,0,0)
(0,0,0)
(0,0,0)
(0,0,0)
(0,0,0)
(0,0,0)
(0,0,0)
(0,0,0)
(0,0,0)
(0,0,0)
(0,0,0)
(0,0,0)
(0,0,0)
(0,0,0)
(0,0,0)
(0,0,0)
(0,0,0)
(0,0,0)
(0,0,0)
(0,0,0)
(0,0,0)
(0,0,0)
(0,0,0)
(0,0,0)
(0,0,0)
(0,0,0)
(0,0,0)
(-5.24092897670335e-13,5.19143396285892e-12,-8.14927479668255e-12)
(-9.60665805986695e-13,1.21382857073794e-11,-7.86821072323159e-12)
(-4.59778153724317e-13,2.0322634742059e-11,-7.17967839532988e-12)
(2.18782694936636e-13,2.88329573598518e-11,-5.20966647337914e-12)
(9.39746183285883e-13,3.83986947069432e-11,-2.3184413949863e-12)
(1.39000101668061e-12,5.0613830935325e-11,1.09051300298889e-12)
(1.12139022008215e-12,6.73026943379865e-11,4.22837722931522e-12)
(9.43114354325484e-13,8.56344779256218e-11,4.6503006550417e-12)
(1.07813489153758e-12,1.00485316293341e-10,3.10537039123558e-12)
(1.03983710579466e-12,1.09120791426677e-10,1.06875835458193e-12)
(0,0,0)
(0,0,0)
(0,0,0)
(0,0,0)
(0,0,0)
(0,0,0)
(-1.00071278451106e-12,4.43933692481663e-12,-1.76209033837375e-11)
(-1.90957672090433e-12,1.08880335993387e-11,-1.62710618351033e-11)
(-1.76867470627203e-12,1.80703836275467e-11,-1.36209051462546e-11)
(-4.19925698174108e-13,2.5865643731457e-11,-9.48195838388317e-12)
(1.38591744428762e-12,3.5100793987321e-11,-4.06954990701984e-12)
(1.62155267287817e-12,4.77249641152737e-11,2.81972268844717e-12)
(-9.6423398749059e-13,6.67526660191873e-11,1.0203305188098e-11)
(-1.55789634997278e-12,8.69513414185632e-11,1.05970854929444e-11)
(-7.54923571919334e-14,1.02058192614546e-10,6.60287947535053e-12)
(5.36399453946223e-13,1.09739456550513e-10,2.71923270211478e-12)
(0,0,0)
(0,0,0)
(0,0,0)
(0,0,0)
(0,0,0)
(0,0,0)
(-2.13695041345245e-13,2.90800472624806e-12,-2.58297844603232e-11)
(-8.54533247076746e-14,7.67915425483446e-12,-2.34238702588728e-11)
(1.00296375760999e-13,1.33350260850735e-11,-1.95237549006523e-11)
(1.05568720670958e-12,2.01676995337684e-11,-1.43033565661888e-11)
(3.41785761740742e-12,2.83606907163358e-11,-6.72610450813922e-12)
(4.06685058802794e-12,4.02131308913703e-11,5.30794226558411e-12)
(-6.45445235140329e-12,6.42492531918541e-11,2.50370638904454e-11)
(-6.51088592557651e-12,8.90640516460246e-11,2.44755048053424e-11)
(-2.79328854568248e-12,1.04544725221215e-10,1.22985252412779e-11)
(-1.35167377837722e-12,1.11467527697659e-10,4.63751008059779e-12)
(0,0,0)
(0,0,0)
(0,0,0)
(0,0,0)
(0,0,0)
(0,0,0)
(5.67047328229092e-13,1.14532993981979e-12,-3.44674769780006e-11)
(1.92986696806658e-12,4.23660112053828e-12,-3.17596547447426e-11)
(2.88378006269514e-12,8.30787952208107e-12,-2.71816174125068e-11)
(4.33824485488106e-12,1.26082058361057e-11,-2.09792616579506e-11)
(7.63363475566283e-12,1.65171768808833e-11,-1.19819525561305e-11)
(1.54467748639832e-11,1.99991970703286e-11,2.36833353254013e-12)
(-1.08521083123178e-11,5.47237833479902e-11,3.09862327503269e-11)
(-1.98516524889689e-11,9.52959481158294e-11,5.53158216184356e-11)
(-7.17454901944668e-12,1.0959933235343e-10,1.67330900342287e-11)
(-3.34370744298684e-12,1.14886889201011e-10,4.61133869738397e-12)
(0,0,0)
(0,0,0)
(0,0,0)
(0,0,0)
(0,0,0)
(0,0,0)
(8.64479061574086e-13,-4.67757969227609e-13,-4.29780800427036e-11)
(2.91296790575536e-12,1.04702110094623e-12,-4.13798723185195e-11)
(4.77696711431195e-12,3.77311076650261e-12,-3.7386799965307e-11)
(7.1775333394566e-12,5.22309997678523e-12,-3.08933054428576e-11)
(9.07479113233104e-12,4.10669541870677e-12,-2.23181441180115e-11)
(1.05007640356146e-11,-2.64192244276477e-12,-1.16423251789181e-11)
(2.48379502985247e-17,4.48266267913094e-16,-1.21692853953259e-16)
(-1.25845058728435e-11,1.15508395330762e-10,9.56133279078403e-13)
(-9.29131467153466e-12,1.16833317877154e-10,8.7113783368517e-14)
(-6.80169582377362e-12,1.17978613513465e-10,-1.34862060528134e-12)
(0,0,0)
(0,0,0)
(0,0,0)
(0,0,0)
(0,0,0)
(0,0,0)
(7.43300798525257e-13,-1.34902101062606e-12,-5.35014435531487e-11)
(3.36174121266035e-12,-1.24959970590381e-12,-5.25700076863859e-11)
(5.85960275952119e-12,-3.04827373956053e-13,-4.93154746129991e-11)
(8.9199220674094e-12,-4.51820378268789e-13,-4.41409074534526e-11)
(1.11122378277069e-11,-2.72705566909599e-12,-3.69176015762415e-11)
(1.11952605864371e-11,-6.3044482753034e-12,-2.4821349357602e-11)
(2.98388975736079e-17,3.00826695671679e-16,-1.62741427142619e-16)
(-2.9063852994517e-11,1.09104801327073e-10,-2.04765487827864e-12)
(-1.39504549683262e-11,1.14054278765985e-10,-1.27188117285823e-11)
(-1.00198056181674e-11,1.14426046441889e-10,-8.35632960246723e-12)
(0,0,0)
(0,0,0)
(0,0,0)
(0,0,0)
(0,0,0)
(0,0,0)
(1.11767004191778e-12,-1.62055953335712e-12,-6.61336087500681e-11)
(3.34705421251975e-12,-2.46814333873863e-12,-6.53266242148651e-11)
(6.07957419493066e-12,-2.99022802968712e-12,-6.34001180787702e-11)
(9.62718062924306e-12,-4.40598839421403e-12,-6.06556345954239e-11)
(1.28282923481182e-11,-8.98304616533524e-12,-5.59447931553968e-11)
(1.54341313115396e-11,-1.74866031018757e-11,-4.41802363254473e-11)
(2.26512111193891e-17,3.76040297154283e-16,-5.15814458524774e-16)
(-8.4852430671175e-13,9.96221849499667e-11,-6.29668451480869e-11)
(-8.45635376793783e-12,1.03202164967257e-10,-3.68910231674119e-11)
(-8.84050849470344e-12,1.02069839536655e-10,-1.74496421401835e-11)
(0,0,0)
(0,0,0)
(0,0,0)
(0,0,0)
(0,0,0)
(0,0,0)
(1.10788448142307e-12,-1.51732239678202e-12,-8.04445257312436e-11)
(2.92516068613999e-12,-2.29084331672328e-12,-8.03659142963091e-11)
(5.8483157497167e-12,-3.44757082818849e-12,-7.98189954513788e-11)
(9.64791685236203e-12,-5.66720591361016e-12,-7.9288933889756e-11)
(1.49428833350418e-11,-1.27464442262306e-11,-7.91558625546227e-11)
(3.15761384791938e-11,-3.66932668514639e-11,-8.16476227472021e-11)
(-1.76691302566549e-11,6.79740212766014e-11,-9.34225491604608e-11)
(-8.29403115172719e-12,7.79886473991544e-11,-7.35970923127519e-11)
(-8.33249976010701e-12,8.13607246556404e-11,-4.72418124212674e-11)
(-7.83636067090793e-12,8.12741785697583e-11,-2.26140340999706e-11)
(0,0,0)
(0,0,0)
(0,0,0)
(0,0,0)
(0,0,0)
(0,0,0)
(1.37770588819133e-12,-1.12989237160115e-12,-9.31433758935379e-11)
(3.41441487310262e-12,-1.48635397234068e-12,-9.36472690880692e-11)
(6.37792747208573e-12,-2.21318996860242e-12,-9.34942930946102e-11)
(8.9269731082073e-12,-2.68318231613088e-12,-9.31628674705921e-11)
(9.91518060180727e-12,-2.67493991754771e-12,-9.32176533801822e-11)
(9.7863328743095e-12,1.77449104445862e-12,-9.36860880848071e-11)
(-2.64008758050218e-12,3.5628014073448e-11,-9.2092799414208e-11)
(-4.7349129330293e-12,4.90573125610959e-11,-7.46455308681462e-11)
(-5.90985799388512e-12,5.46354041013484e-11,-5.07861914999039e-11)
(-6.06516691917551e-12,5.63328196737266e-11,-2.53142994198907e-11)
(0,0,0)
(0,0,0)
(0,0,0)
(0,0,0)
(0,0,0)
(0,0,0)
(1.45785766837508e-12,-6.73974780017413e-13,-1.01132041701435e-10)
(4.08841962075705e-12,-1.03359546933838e-12,-1.01738720405541e-10)
(6.77831700288663e-12,-1.34281636222143e-12,-1.02062649566108e-10)
(8.27895169322433e-12,-8.09672264522251e-13,-1.0208152860177e-10)
(7.16398864890031e-12,7.61621418870941e-13,-1.01518926687983e-10)
(4.65735245605851e-12,5.50313074772941e-12,-9.94361436030387e-11)
(-1.00980945428669e-12,1.71620491463966e-11,-9.25876266012609e-11)
(-3.6256368097718e-12,2.39914221579755e-11,-7.54498857401473e-11)
(-5.07473249689782e-12,2.7620986406324e-11,-5.25630350595298e-11)
(-5.2485618717314e-12,2.89984418134642e-11,-2.67903516177908e-11)
(0,0,0)
(0,0,0)
(0,0,0)
(0,0,0)
(0,0,0)
(0,0,0)
(0,0,0)
(0,0,0)
(0,0,0)
(0,0,0)
(0,0,0)
(0,0,0)
(0,0,0)
(0,0,0)
(0,0,0)
(0,0,0)
(0,0,0)
(0,0,0)
(0,0,0)
(0,0,0)
(0,0,0)
(0,0,0)
(0,0,0)
(0,0,0)
(0,0,0)
(0,0,0)
(0,0,0)
(0,0,0)
(0,0,0)
(0,0,0)
(0,0,0)
(0,0,0)
(0,0,0)
(0,0,0)
(0,0,0)
(0,0,0)
(0,0,0)
(0,0,0)
(0,0,0)
(0,0,0)
(0,0,0)
(0,0,0)
(0,0,0)
(0,0,0)
(0,0,0)
(0,0,0)
(0,0,0)
(0,0,0)
(0,0,0)
(0,0,0)
(0,0,0)
(0,0,0)
(0,0,0)
(0,0,0)
(0,0,0)
(0,0,0)
(0,0,0)
(0,0,0)
(0,0,0)
(0,0,0)
(0,0,0)
(0,0,0)
(0,0,0)
(0,0,0)
(0,0,0)
(0,0,0)
(0,0,0)
(0,0,0)
(0,0,0)
(0,0,0)
(0,0,0)
(0,0,0)
(0,0,0)
(0,0,0)
(0,0,0)
(0,0,0)
(0,0,0)
(0,0,0)
(0,0,0)
(0,0,0)
(0,0,0)
(0,0,0)
(0,0,0)
(0,0,0)
(0,0,0)
(0,0,0)
(0,0,0)
(0,0,0)
(0,0,0)
(0,0,0)
(0,0,0)
(0,0,0)
(0,0,0)
(0,0,0)
(0,0,0)
(0,0,0)
(0,0,0)
(0,0,0)
(0,0,0)
(0,0,0)
(0,0,0)
(0,0,0)
(-5.30599330156493e-14,7.70232893246107e-12,-1.06913143007009e-11)
(-3.9894602589396e-13,1.53236074080665e-11,-9.9159043176284e-12)
(-1.77538961121794e-13,2.38137861273385e-11,-8.58617684728392e-12)
(2.94871244924981e-13,3.17527159307264e-11,-6.314790594956e-12)
(8.28692504917707e-13,4.00245657721174e-11,-3.83034370936508e-12)
(1.14100361041366e-12,5.02823891942676e-11,-8.97665171977878e-13)
(1.24949511313052e-12,6.3761602530253e-11,1.95197080456907e-12)
(1.17118112524208e-12,7.69681830119412e-11,2.63438858568989e-12)
(1.54187060694631e-12,8.69937516866063e-11,1.80134635905322e-12)
(1.48993033656703e-12,9.19850782098525e-11,6.54690643040881e-13)
(0,0,0)
(0,0,0)
(0,0,0)
(0,0,0)
(0,0,0)
(0,0,0)
(-8.19222134572224e-13,6.60607463681701e-12,-2.03682024866928e-11)
(-1.35085406524547e-12,1.38845455358015e-11,-1.90932015196657e-11)
(-1.17226392618741e-12,2.17022966779184e-11,-1.61276715875145e-11)
(-1.34389977341353e-13,2.94648986733191e-11,-1.18180962119142e-11)
(1.23674811982449e-12,3.74298464235767e-11,-6.66016079710724e-12)
(1.74980339710952e-12,4.80737006399388e-11,-5.80177654742611e-13)
(1.14539853501036e-12,6.33815155165534e-11,5.02926888729215e-12)
(3.23599440169744e-13,7.79408753842501e-11,5.64938881731425e-12)
(1.32162180942238e-12,8.82465502940746e-11,3.73064033561481e-12)
(1.5275610089212e-12,9.27765686699775e-11,1.85255404766615e-12)
(0,0,0)
(0,0,0)
(0,0,0)
(0,0,0)
(0,0,0)
(0,0,0)
(-8.56934456360899e-13,4.6926203647896e-12,-2.88015942937047e-11)
(-5.43015548641372e-13,1.04151278761588e-11,-2.7027664755535e-11)
(-9.29553956826695e-14,1.69209103093159e-11,-2.3188777345784e-11)
(1.03792884635194e-12,2.41268161708096e-11,-1.78663367593551e-11)
(3.227324679099e-12,3.17650589082077e-11,-1.04363820561204e-11)
(4.55166278416571e-12,4.31753393700034e-11,1.14616592006433e-14)
(3.63257657757009e-12,6.27447535104255e-11,1.25980456326097e-11)
(-5.65802831313182e-13,7.94664573300007e-11,1.20978590314981e-11)
(-1.86880517240532e-13,9.00089200123633e-11,7.2419143252991e-12)
(-1.3352520116057e-13,9.45359422544231e-11,3.46628408288193e-12)
(0,0,0)
(0,0,0)
(0,0,0)
(0,0,0)
(0,0,0)
(0,0,0)
(-5.27686995996076e-13,2.52657574409757e-12,-3.72570430485229e-11)
(5.41409655402607e-13,6.43390107172103e-12,-3.51143010450169e-11)
(1.21619306374702e-12,1.13742864153265e-11,-3.06838569717566e-11)
(2.72604161233812e-12,1.66792321508456e-11,-2.48200307442827e-11)
(5.69383012919538e-12,2.22436868029777e-11,-1.61227882070428e-11)
(9.46999515929778e-12,3.23587233462058e-11,-1.89662455116919e-12)
(1.95416379013656e-11,6.44623976583618e-11,2.96472030556449e-11)
(-1.48136811965742e-12,8.30924308193554e-11,1.73481228480505e-11)
(-2.28678320637125e-12,9.26925561877929e-11,7.2621306215437e-12)
(-1.82409305807993e-12,9.68489353033745e-11,2.45680043457636e-12)
(0,0,0)
(0,0,0)
(0,0,0)
(0,0,0)
(0,0,0)
(0,0,0)
(1.47534378809218e-13,4.60351540441852e-13,-4.44057265615111e-11)
(1.21651635935918e-12,2.60690173284283e-12,-4.33570943990589e-11)
(2.36141073232113e-12,6.33343334083985e-12,-3.96334866888036e-11)
(4.27729236965616e-12,9.23748731930283e-12,-3.36660807854818e-11)
(5.23272328105717e-12,1.03895627627201e-11,-2.58780928253489e-11)
(2.52108638209877e-12,5.91893438376814e-12,-1.75360835268029e-11)
(-9.56082694410025e-13,9.14814752020266e-11,-1.41995874106476e-11)
(-5.31189237348726e-12,9.11383125299278e-11,-4.64199895659586e-12)
(-5.07654117183204e-12,9.5176046266966e-11,-3.36266998904572e-12)
(-4.59774935746598e-12,9.76626701445155e-11,-2.25702629106161e-12)
(0,0,0)
(0,0,0)
(0,0,0)
(0,0,0)
(0,0,0)
(0,0,0)
(8.34034544596908e-14,-6.23217162322798e-13,-5.33280410178531e-11)
(1.32575177214644e-12,-3.22139627214145e-13,-5.27300863553538e-11)
(3.37043625569669e-12,1.79345037520467e-12,-5.00341042194501e-11)
(5.65078420615323e-12,3.71258858980913e-12,-4.50443865407112e-11)
(5.2719761053118e-12,4.57264003374958e-12,-3.87196160643633e-11)
(-2.44377120314843e-12,2.96593760614786e-12,-3.1659994967771e-11)
(2.04744676214757e-12,8.02047361009921e-11,-2.47787553275963e-11)
(-8.9100797671204e-12,8.62385001842336e-11,-1.85463482965372e-11)
(-7.46082329560567e-12,9.11514662557628e-11,-1.4311029855865e-11)
(-6.01992831538809e-12,9.3232493309269e-11,-7.88473039653399e-12)
(0,0,0)
(0,0,0)
(0,0,0)
(0,0,0)
(0,0,0)
(0,0,0)
(2.07448370152477e-13,-1.42290287646677e-12,-6.25795270105159e-11)
(1.24324805433345e-12,-2.22460170993839e-12,-6.21467037755689e-11)
(3.7924335101518e-12,-1.58408324963574e-12,-6.08885265378055e-11)
(6.17755670858273e-12,-2.41351523593426e-13,-5.81668707610788e-11)
(4.82713357907875e-12,-2.19893070742014e-13,-5.41579906726883e-11)
(-9.53892544986995e-12,-6.93708385804843e-12,-5.23680748114566e-11)
(-5.00729325145982e-12,7.68023244974404e-11,-7.31123859124775e-11)
(-5.29080873662484e-12,7.71817894739775e-11,-4.51081395542394e-11)
(-6.05629448358319e-12,8.11457556375802e-11,-2.86482154625757e-11)
(-5.49448966805407e-12,8.24230485969856e-11,-1.42408408893452e-11)
(0,0,0)
(0,0,0)
(0,0,0)
(0,0,0)
(0,0,0)
(0,0,0)
(6.41843021332661e-13,-1.67926904467875e-12,-7.23721355251617e-11)
(1.5737524967615e-12,-2.51983678744204e-12,-7.24446208361948e-11)
(4.0838733285561e-12,-2.47758723949233e-12,-7.24158190122959e-11)
(6.53082191973601e-12,-1.60260368752574e-12,-7.13462325792907e-11)
(7.36313921893875e-12,-1.10358348103257e-13,-6.90971196239925e-11)
(4.88330699650527e-12,4.85637260455182e-12,-6.75603886362471e-11)
(-5.1485799011751e-12,4.57506302786986e-11,-6.87054379674952e-11)
(-5.71797620514994e-12,5.88479095163265e-11,-5.44265307196531e-11)
(-6.2349575270949e-12,6.43022290407088e-11,-3.68203295797288e-11)
(-5.50903587480363e-12,6.57894910026846e-11,-1.84493718812523e-11)
(0,0,0)
(0,0,0)
(0,0,0)
(0,0,0)
(0,0,0)
(0,0,0)
(1.42568149118146e-12,-1.22023214101446e-12,-8.17131618662172e-11)
(2.80868037663528e-12,-1.82171740413398e-12,-8.18743544591417e-11)
(5.17612824168901e-12,-1.9926126169174e-12,-8.18450839034826e-11)
(7.1082489661884e-12,-1.18545366362915e-12,-8.10590965666618e-11)
(6.94705397000374e-12,1.82507574486158e-12,-7.93326476247024e-11)
(4.46440450041872e-12,9.19002021094646e-12,-7.6699765573674e-11)
(-1.62139119947055e-12,2.80707127223974e-11,-7.17608393531603e-11)
(-3.52836189813804e-12,3.85930859070051e-11,-5.86766827518557e-11)
(-4.36733237887436e-12,4.3581106314977e-11,-4.07969922349326e-11)
(-4.04508847880178e-12,4.531611102171e-11,-2.08039248345259e-11)
(0,0,0)
(0,0,0)
(0,0,0)
(0,0,0)
(0,0,0)
(0,0,0)
(1.39056159246342e-12,-4.93473437825535e-13,-8.69945462270983e-11)
(3.37875331198571e-12,-1.17895302218324e-12,-8.69286150871112e-11)
(5.45437967632749e-12,-1.43754134355853e-12,-8.70900308943371e-11)
(6.90667751491518e-12,-6.29353450464716e-13,-8.6801114426955e-11)
(5.84282698282701e-12,1.75275132368136e-12,-8.51543127173669e-11)
(3.31196620200548e-12,6.23487055091971e-12,-8.14615480959617e-11)
(-9.85501169003748e-13,1.41873235938405e-11,-7.43457972466383e-11)
(-2.52106533242291e-12,1.93594870788369e-11,-6.04092950918998e-11)
(-3.22642953232486e-12,2.20131749305341e-11,-4.19293529143467e-11)
(-3.04047167606665e-12,2.29337185674317e-11,-2.14027931329321e-11)
(0,0,0)
(0,0,0)
(0,0,0)
(0,0,0)
(0,0,0)
(0,0,0)
(0,0,0)
(0,0,0)
(0,0,0)
(0,0,0)
(0,0,0)
(0,0,0)
(0,0,0)
(0,0,0)
(0,0,0)
(0,0,0)
(0,0,0)
(0,0,0)
(0,0,0)
(0,0,0)
(0,0,0)
(0,0,0)
(0,0,0)
(0,0,0)
(0,0,0)
(0,0,0)
(0,0,0)
(0,0,0)
(0,0,0)
(0,0,0)
(0,0,0)
(0,0,0)
(0,0,0)
(0,0,0)
(0,0,0)
(0,0,0)
(0,0,0)
(0,0,0)
(0,0,0)
(0,0,0)
(0,0,0)
(0,0,0)
(0,0,0)
(0,0,0)
(0,0,0)
(0,0,0)
(0,0,0)
(0,0,0)
(0,0,0)
(0,0,0)
(0,0,0)
(0,0,0)
(0,0,0)
(0,0,0)
(0,0,0)
(0,0,0)
(0,0,0)
(0,0,0)
(0,0,0)
(0,0,0)
(0,0,0)
(0,0,0)
(0,0,0)
(0,0,0)
(0,0,0)
(0,0,0)
(0,0,0)
(0,0,0)
(0,0,0)
(0,0,0)
(0,0,0)
(0,0,0)
(0,0,0)
(0,0,0)
(0,0,0)
(0,0,0)
(0,0,0)
(0,0,0)
(0,0,0)
(0,0,0)
(0,0,0)
(0,0,0)
(0,0,0)
(0,0,0)
(0,0,0)
(0,0,0)
(0,0,0)
(0,0,0)
(0,0,0)
(0,0,0)
(0,0,0)
(0,0,0)
(0,0,0)
(0,0,0)
(0,0,0)
(0,0,0)
(0,0,0)
(0,0,0)
(0,0,0)
(0,0,0)
(0,0,0)
(0,0,0)
(2.67784379571734e-13,8.9334844446647e-12,-1.32398149648614e-11)
(-2.8961162397577e-13,1.74680424231568e-11,-1.18391365039384e-11)
(-3.3743576403861e-13,2.61508146944641e-11,-1.00509059319466e-11)
(9.82416167644524e-14,3.42903940992647e-11,-7.71805718385644e-12)
(4.90733316034592e-13,4.29084060736907e-11,-5.02223500255167e-12)
(5.00056188255547e-13,5.25362605340319e-11,-2.20955593179071e-12)
(9.47164345691488e-13,6.3044421425361e-11,3.4332899823293e-13)
(1.03153097952447e-12,7.14779631288326e-11,1.7268524251175e-12)
(1.43572771549081e-12,7.72442326529352e-11,1.58895663102921e-12)
(1.35313051951251e-12,8.01020251797447e-11,8.86426916237373e-13)
(0,0,0)
(0,0,0)
(0,0,0)
(0,0,0)
(0,0,0)
(0,0,0)
(-1.80768829574881e-13,7.4385719611002e-12,-2.39693162348382e-11)
(-8.46966337777103e-13,1.54608242026077e-11,-2.20732230197997e-11)
(-7.00452933173134e-13,2.37801825117767e-11,-1.88894863353517e-11)
(4.57571103891913e-14,3.1842878338811e-11,-1.47263432063049e-11)
(8.21552492816821e-13,4.03380494797298e-11,-9.62368927982797e-12)
(1.03871812497793e-12,5.02370883914167e-11,-4.25058651904058e-12)
(1.16204061117432e-12,6.21098216230727e-11,4.65594551855952e-13)
(7.16765976095814e-13,7.21005348799836e-11,2.44938621346139e-12)
(1.43733837905686e-12,7.84638155318226e-11,2.23493022443369e-12)
(1.62074147217409e-12,8.11829690283236e-11,1.47197631795633e-12)
(0,0,0)
(0,0,0)
(0,0,0)
(0,0,0)
(0,0,0)
(0,0,0)
(-4.64819373843491e-13,5.33483121932662e-12,-3.31422205181738e-11)
(-4.0067615395286e-13,1.17919888187241e-11,-3.12360426789425e-11)
(1.31227911885442e-13,1.90440415281749e-11,-2.73428997361488e-11)
(1.05555816307303e-12,2.67130885202257e-11,-2.18667491648409e-11)
(2.30085306900073e-12,3.53062074832465e-11,-1.48958221432225e-11)
(2.78169483461375e-12,4.60944808088416e-11,-6.71538249997284e-12)
(2.41511903065323e-12,6.07171962143631e-11,1.13728810888271e-12)
(6.64168385567973e-13,7.27095222765603e-11,3.59015989063665e-12)
(9.05113549731329e-13,7.97980198581269e-11,3.11542631574366e-12)
(1.01976583275398e-12,8.29502204770836e-11,1.91953089789999e-12)
(0,0,0)
(0,0,0)
(0,0,0)
(0,0,0)
(0,0,0)
(0,0,0)
(-6.04204795883726e-13,3.17518137393995e-12,-4.12446265264733e-11)
(-6.20350789581372e-14,7.64718970253228e-12,-3.90024083767068e-11)
(3.93219910791078e-13,1.32180321684873e-11,-3.46147659780348e-11)
(1.47054390664316e-12,2.0010761229378e-11,-2.90064459330911e-11)
(3.32179051354656e-12,2.82719895152991e-11,-2.13815479277029e-11)
(4.36595651491055e-12,4.00247841894373e-11,-1.16731816419825e-11)
(4.82164056529406e-12,5.98542332499587e-11,-5.53805883565721e-13)
(5.58742396244526e-13,7.35033684842826e-11,1.43018784886538e-12)
(3.5056901394643e-14,8.10987294344926e-11,8.65872113704804e-13)
(-1.81027464600652e-13,8.45783477494301e-11,2.99026167509475e-13)
(0,0,0)
(0,0,0)
(0,0,0)
(0,0,0)
(0,0,0)
(0,0,0)
(1.82470919114239e-13,7.19412233876441e-13,-4.72528327242008e-11)
(4.21950009150322e-13,3.34620592901258e-12,-4.57832916993263e-11)
(9.33987794651092e-13,7.6867342905971e-12,-4.20091621380885e-11)
(2.01420313898784e-12,1.31202281602997e-11,-3.67818576497198e-11)
(2.70763671150307e-12,2.02205587854673e-11,-3.00019037839698e-11)
(2.13758704359039e-12,3.15488542550907e-11,-2.24635471133683e-11)
(7.63067952557993e-13,6.1202545022511e-11,-1.53785355133743e-11)
(-1.69140899533204e-12,7.39523906924284e-11,-9.55358033164169e-12)
(-2.15760485849264e-12,8.10847274556498e-11,-6.25182994614186e-12)
(-2.4245988133086e-12,8.40783558446035e-11,-3.2747740934298e-12)
(0,0,0)
(0,0,0)
(0,0,0)
(0,0,0)
(0,0,0)
(0,0,0)
(2.8513450614117e-13,-6.00057846541473e-13,-5.49120380376536e-11)
(5.32231718966058e-13,4.29588361549427e-14,-5.37967222124651e-11)
(1.75825220179219e-12,3.19113811365254e-12,-5.11560350906664e-11)
(3.27995384321112e-12,7.77564147532578e-12,-4.65605411240468e-11)
(3.00488811321129e-12,1.42187413320386e-11,-4.06780260555967e-11)
(5.78010620902035e-13,2.54581757512236e-11,-3.43626893373928e-11)
(-7.82548665357098e-13,5.54228572063258e-11,-2.82810223429458e-11)
(-4.08868749760563e-12,6.91163026739113e-11,-2.14500403004669e-11)
(-3.88141213676085e-12,7.65645341002757e-11,-1.52955048904638e-11)
(-3.09521399958567e-12,7.93688988835996e-11,-8.02663434256339e-12)
(0,0,0)
(0,0,0)
(0,0,0)
(0,0,0)
(0,0,0)
(0,0,0)
(3.09913033766668e-14,-1.64435300543059e-12,-6.07618915632579e-11)
(2.80305894086286e-13,-2.30873283631885e-12,-6.05381701494217e-11)
(1.96428172325661e-12,-4.17405741483892e-13,-5.97366227818708e-11)
(3.52992878412179e-12,3.7369615300901e-12,-5.70600705857827e-11)
(2.92768299524375e-12,9.48784979235042e-12,-5.25510228375892e-11)
(-5.88070811473285e-13,1.93027911765554e-11,-4.81581573640235e-11)
(-1.9598453908758e-12,4.81038726193986e-11,-4.60753497985674e-11)
(-3.41685287057069e-12,6.05828632023749e-11,-3.55539472056373e-11)
(-3.62014245993795e-12,6.72332711329746e-11,-2.47214272648902e-11)
(-3.10177296311209e-12,6.97416656524006e-11,-1.26980344575228e-11)
(0,0,0)
(0,0,0)
(0,0,0)
(0,0,0)
(0,0,0)
(0,0,0)
(2.55291428713545e-13,-1.93504676222836e-12,-6.75237033617307e-11)
(8.46831289537028e-13,-3.111846933402e-12,-6.80180762230239e-11)
(2.52931227300294e-12,-2.07496303846656e-12,-6.83097193093269e-11)
(3.86455894053273e-12,1.19792510944293e-12,-6.69289751601547e-11)
(3.89097413822625e-12,6.54846230071126e-12,-6.37156763963238e-11)
(1.6947087214715e-12,1.61509611880574e-11,-5.96865720557917e-11)
(-1.74756959280858e-12,3.60766947020869e-11,-5.46226908047905e-11)
(-3.06935373574832e-12,4.77752808491008e-11,-4.42745110392838e-11)
(-3.8847924998289e-12,5.3323304284002e-11,-3.10775516014289e-11)
(-3.48502777508589e-12,5.52855536638781e-11,-1.60678315364432e-11)
(0,0,0)
(0,0,0)
(0,0,0)
(0,0,0)
(0,0,0)
(0,0,0)
(8.60115380910479e-13,-1.3797308039082e-12,-7.52418396070307e-11)
(2.13664543904445e-12,-2.70991426252977e-12,-7.54741509381298e-11)
(3.83506963150979e-12,-2.29955076198452e-12,-7.56657816166385e-11)
(4.82569981106634e-12,2.92511653911117e-14,-7.47661473376665e-11)
(4.38649634012782e-12,4.62412123837439e-12,-7.22789989763342e-11)
(2.4806279399129e-12,1.22366813877845e-11,-6.79388506105815e-11)
(-8.22158672169139e-13,2.45958352343115e-11,-6.07943881768157e-11)
(-2.17445358690108e-12,3.28811768937577e-11,-4.9329074157641e-11)
(-2.7924683948167e-12,3.65652370761048e-11,-3.4477114687644e-11)
(-2.4666208590516e-12,3.76152702340393e-11,-1.77276576391934e-11)
(0,0,0)
(0,0,0)
(0,0,0)
(0,0,0)
(0,0,0)
(0,0,0)
(8.31157014650657e-13,-6.85694256278768e-13,-7.84882501177753e-11)
(2.36121609702814e-12,-1.70665950291273e-12,-7.87678947401559e-11)
(3.72792186538695e-12,-1.45752851517904e-12,-7.95151277190928e-11)
(4.63052235486366e-12,-2.78910484928297e-14,-7.9357864745151e-11)
(3.9028136851043e-12,2.69402540715923e-12,-7.7222077237162e-11)
(2.43108590360379e-12,6.72409055962286e-12,-7.25796540184524e-11)
(-7.3467972990973e-13,1.28777937644522e-11,-6.45734256572888e-11)
(-1.64152043113614e-12,1.71013952504506e-11,-5.18527673283278e-11)
(-1.73981438321574e-12,1.86078196428262e-11,-3.53639102922517e-11)
(-1.5095462415767e-12,1.87268424775761e-11,-1.77803369023534e-11)
(0,0,0)
(0,0,0)
(0,0,0)
(0,0,0)
(0,0,0)
(0,0,0)
(0,0,0)
(0,0,0)
(0,0,0)
(0,0,0)
(0,0,0)
(0,0,0)
(0,0,0)
(0,0,0)
(0,0,0)
(0,0,0)
(0,0,0)
(0,0,0)
(0,0,0)
(0,0,0)
(0,0,0)
(0,0,0)
(0,0,0)
(0,0,0)
(0,0,0)
(0,0,0)
(0,0,0)
(0,0,0)
(0,0,0)
(0,0,0)
(0,0,0)
(0,0,0)
(0,0,0)
(0,0,0)
(0,0,0)
(0,0,0)
(0,0,0)
(0,0,0)
(0,0,0)
(0,0,0)
(0,0,0)
(0,0,0)
(0,0,0)
(0,0,0)
(0,0,0)
(0,0,0)
(0,0,0)
(0,0,0)
(0,0,0)
(0,0,0)
(0,0,0)
(0,0,0)
(0,0,0)
(0,0,0)
(0,0,0)
(0,0,0)
(0,0,0)
(0,0,0)
(0,0,0)
(0,0,0)
(0,0,0)
(0,0,0)
(0,0,0)
(0,0,0)
(0,0,0)
(0,0,0)
(0,0,0)
(0,0,0)
(0,0,0)
(0,0,0)
(0,0,0)
(0,0,0)
(0,0,0)
(0,0,0)
(0,0,0)
(0,0,0)
(0,0,0)
(0,0,0)
(0,0,0)
(0,0,0)
(0,0,0)
(0,0,0)
(0,0,0)
(0,0,0)
(0,0,0)
(0,0,0)
(0,0,0)
(0,0,0)
(0,0,0)
(0,0,0)
(0,0,0)
(0,0,0)
(0,0,0)
(0,0,0)
(0,0,0)
(0,0,0)
(0,0,0)
(0,0,0)
(0,0,0)
(0,0,0)
(0,0,0)
(0,0,0)
(3.62018402240071e-13,9.24697937382764e-12,-1.47665292985036e-11)
(-7.06239754398868e-14,1.81703767102992e-11,-1.32359711449332e-11)
(-2.99652329435943e-13,2.81644438112934e-11,-1.1310210969722e-11)
(-1.50064804072601e-13,3.76324896578358e-11,-8.89489451643176e-12)
(2.48410839214251e-13,4.55613280015742e-11,-5.79109962232546e-12)
(2.46343400862185e-13,5.38678470512539e-11,-2.61532936166266e-12)
(4.9824072108879e-13,6.18157943642105e-11,-2.19386161091173e-13)
(5.46855022467593e-13,6.80266718712153e-11,1.08586419670256e-12)
(9.18674551381508e-13,7.16330398836352e-11,1.01652535951033e-12)
(1.15861358715712e-12,7.30821489242587e-11,5.62639060876877e-13)
(0,0,0)
(0,0,0)
(0,0,0)
(0,0,0)
(0,0,0)
(0,0,0)
(2.68786971613648e-14,8.07843962250362e-12,-2.60958049999237e-11)
(-3.61867638324782e-13,1.61739925596418e-11,-2.40201775722447e-11)
(-1.27455078590511e-13,2.54494750285337e-11,-2.08823015374944e-11)
(7.28930024522373e-14,3.4378629959671e-11,-1.64895974489102e-11)
(4.80291728530092e-13,4.26339685801347e-11,-1.09500463872217e-11)
(4.65144636634819e-13,5.1718247251583e-11,-5.38441277786568e-12)
(5.7087435826155e-13,6.10087847274791e-11,-9.7326344618638e-13)
(3.22234568548356e-13,6.86428657308775e-11,1.12101503074906e-12)
(8.66087959229313e-13,7.30056007336547e-11,1.12990748856821e-12)
(1.32546634138984e-12,7.48034015722919e-11,8.3592939475378e-13)
(0,0,0)
(0,0,0)
(0,0,0)
(0,0,0)
(0,0,0)
(0,0,0)
(-2.11347367667886e-13,6.02969089199584e-12,-3.59709511175479e-11)
(-1.49019980558754e-13,1.26742488865725e-11,-3.40135513068666e-11)
(4.81086700236436e-13,2.09293158613705e-11,-2.98822469629968e-11)
(7.86958432295879e-13,2.89119719004315e-11,-2.36480371273371e-11)
(1.15463139370742e-12,3.75486266993101e-11,-1.65864010573755e-11)
(9.98720845157263e-13,4.77722425565243e-11,-9.03791655643861e-12)
(8.25210213347594e-13,5.94853806087952e-11,-2.70692780426352e-12)
(3.45055752705677e-13,6.89562078416229e-11,2.28126006541635e-13)
(8.00299391190536e-13,7.4165666786698e-11,8.71735705793666e-13)
(1.31116945830761e-12,7.69647973084323e-11,6.34832374082774e-13)
(0,0,0)
(0,0,0)
(0,0,0)
(0,0,0)
(0,0,0)
(0,0,0)
(-3.90653805568818e-13,3.86094371362996e-12,-4.40282481980451e-11)
(-1.48693704143288e-13,8.39392456217302e-12,-4.18938606115477e-11)
(3.16197743774388e-13,1.51761927259226e-11,-3.74086840544602e-11)
(7.36178970328878e-13,2.26372942627847e-11,-3.1031890944709e-11)
(1.66485495765871e-12,3.115477359206e-11,-2.38037378979789e-11)
(1.72251069086805e-12,4.24399746495186e-11,-1.55516550524635e-11)
(1.48933506035602e-12,5.73755370113205e-11,-8.00812304783445e-12)
(6.74035923208915e-13,6.86576538950787e-11,-3.75164635159805e-12)
(6.15904826475019e-13,7.52028695096042e-11,-1.6848340576585e-12)
(6.17990607733216e-13,7.89107991408192e-11,-9.30080849914636e-13)
(0,0,0)
(0,0,0)
(0,0,0)
(0,0,0)
(0,0,0)
(0,0,0)
(3.23999746882791e-14,1.33590232156801e-12,-4.94985620460121e-11)
(-4.89324592121801e-14,3.76005430094099e-12,-4.77353693752876e-11)
(2.02279483196738e-13,9.11559735992333e-12,-4.38237740611402e-11)
(5.78835958204052e-13,1.61453201864072e-11,-3.82977131831503e-11)
(1.17109749435762e-12,2.45675457042089e-11,-3.18539206329115e-11)
(1.14325394744002e-12,3.66189533357455e-11,-2.44531822712537e-11)
(7.17800587013942e-13,5.46083953754176e-11,-1.71735449176302e-11)
(-1.57071362361588e-13,6.72648775243958e-11,-1.14815035265932e-11)
(-6.14467355833511e-13,7.50640211283255e-11,-7.40632055020932e-12)
(-9.89915945724675e-13,7.85987088986274e-11,-3.89257650112576e-12)
(0,0,0)
(0,0,0)
(0,0,0)
(0,0,0)
(0,0,0)
(0,0,0)
(2.1411383983461e-13,-3.94890374476425e-13,-5.61343706496572e-11)
(2.4323626966367e-13,-2.00473472423241e-13,-5.45781761289774e-11)
(7.71302090317371e-13,3.79181596512903e-12,-5.16644287387646e-11)
(1.43611871998007e-12,1.0280363594399e-11,-4.69938329235017e-11)
(1.42044293466983e-12,1.83379048368858e-11,-4.12411059921235e-11)
(6.51728201106228e-13,3.0482569929583e-11,-3.48857668585783e-11)
(-2.94546120870565e-13,4.96341545713789e-11,-2.85112468289309e-11)
(-1.70978343602912e-12,6.30326231856403e-11,-2.17929692457874e-11)
(-1.81901971739649e-12,7.09358097234331e-11,-1.53469905100709e-11)
(-1.49461511101362e-12,7.37162164517771e-11,-8.07027678490426e-12)
(0,0,0)
(0,0,0)
(0,0,0)
(0,0,0)
(0,0,0)
(0,0,0)
(9.79636463461371e-14,-1.7369710553171e-12,-6.03957628313716e-11)
(2.81872623623368e-13,-2.87098459296982e-12,-6.0094239459093e-11)
(9.45286824189678e-13,-1.07477759829187e-13,-5.88131723933107e-11)
(1.55991745654787e-12,5.96375538299659e-12,-5.55701971294775e-11)
(1.4742050132961e-12,1.34030086380461e-11,-5.06775531998818e-11)
(4.80951611632516e-13,2.47597781010126e-11,-4.51622079080005e-11)
(-4.54070066571151e-13,4.26213308673759e-11,-3.96841122297454e-11)
(-1.44179045804597e-12,5.4876861013885e-11,-3.17248784525323e-11)
(-1.73356841829118e-12,6.18400762808685e-11,-2.23217492278369e-11)
(-1.34369543210421e-12,6.41513245558641e-11,-1.16290612796209e-11)
(0,0,0)
(0,0,0)
(0,0,0)
(0,0,0)
(0,0,0)
(0,0,0)
(1.94348331725339e-13,-1.94053078124153e-12,-6.59524407670974e-11)
(7.36541704942315e-13,-3.87017903511373e-12,-6.63615875403317e-11)
(1.37315584734129e-12,-2.40516619946867e-12,-6.60528709547697e-11)
(1.81993412077385e-12,2.63102890995414e-12,-6.42871346618284e-11)
(1.78621086000987e-12,9.36186835946798e-12,-6.06067301590222e-11)
(5.45107270719065e-13,1.97626340343267e-11,-5.55862069471669e-11)
(-6.14889890509279e-13,3.42080270236203e-11,-4.9134438447402e-11)
(-1.37220921828229e-12,4.40319413311514e-11,-3.95769771121653e-11)
(-2.13644535691644e-12,4.94138199143797e-11,-2.7699804187216e-11)
(-1.88257588170946e-12,5.11785678441405e-11,-1.44572244747761e-11)
(0,0,0)
(0,0,0)
(0,0,0)
(0,0,0)
(0,0,0)
(0,0,0)
(3.98390164377622e-13,-1.33703567627124e-12,-7.25823417789285e-11)
(1.32502135794222e-12,-3.44235391576203e-12,-7.26140871795638e-11)
(2.09341310573247e-12,-2.79774664505272e-12,-7.24548317364937e-11)
(2.39569366360996e-12,7.70558527929001e-13,-7.14924147497236e-11)
(1.97644380558859e-12,6.12755600761782e-12,-6.8586246873107e-11)
(8.48756334323231e-13,1.38559728052822e-11,-6.35189019229843e-11)
(-5.69431221493455e-13,2.40356757978518e-11,-5.57418670524837e-11)
(-1.24663141358588e-12,3.07825591879276e-11,-4.47884148316636e-11)
(-1.58450800998234e-12,3.40347948450228e-11,-3.13796079142354e-11)
(-1.3058507417805e-12,3.48387674876578e-11,-1.62165193076294e-11)
(0,0,0)
(0,0,0)
(0,0,0)
(0,0,0)
(0,0,0)
(0,0,0)
(4.25107380751807e-13,-9.06900111241266e-13,-7.52428034842585e-11)
(1.40178957305042e-12,-2.27658800088876e-12,-7.57245962147478e-11)
(2.11313037626733e-12,-1.66675052609273e-12,-7.65993946425861e-11)
(2.46684379838193e-12,2.60084314921738e-13,-7.61530147924114e-11)
(1.95441587356041e-12,3.03665486306143e-12,-7.34260866791078e-11)
(1.14894810205236e-12,6.92769426913693e-12,-6.8435015942486e-11)
(-5.77544294409928e-13,1.25127923555242e-11,-6.03583735712967e-11)
(-1.02898221676182e-12,1.61271208569149e-11,-4.84231255101826e-11)
(-7.15568130288064e-13,1.72871982284311e-11,-3.33249868700294e-11)
(-5.63040666358282e-13,1.73163974382447e-11,-1.67533567718864e-11)
(0,0,0)
(0,0,0)
(0,0,0)
(0,0,0)
(0,0,0)
(0,0,0)
(0,0,0)
(0,0,0)
(0,0,0)
(0,0,0)
(0,0,0)
(0,0,0)
(0,0,0)
(0,0,0)
(0,0,0)
(0,0,0)
(0,0,0)
(0,0,0)
(0,0,0)
(0,0,0)
(0,0,0)
(0,0,0)
(0,0,0)
(0,0,0)
(0,0,0)
(0,0,0)
(0,0,0)
(0,0,0)
(0,0,0)
(0,0,0)
(0,0,0)
(0,0,0)
(0,0,0)
(0,0,0)
(0,0,0)
(0,0,0)
(0,0,0)
(0,0,0)
(0,0,0)
(0,0,0)
(0,0,0)
(0,0,0)
(0,0,0)
(0,0,0)
(0,0,0)
(0,0,0)
(0,0,0)
(0,0,0)
(0,0,0)
(0,0,0)
(0,0,0)
(0,0,0)
(0,0,0)
(0,0,0)
(0,0,0)
(0,0,0)
(0,0,0)
(0,0,0)
(0,0,0)
(0,0,0)
(0,0,0)
(0,0,0)
(0,0,0)
(0,0,0)
(0,0,0)
(0,0,0)
(0,0,0)
(0,0,0)
(0,0,0)
(0,0,0)
(0,0,0)
(0,0,0)
(0,0,0)
(0,0,0)
(0,0,0)
(0,0,0)
(0,0,0)
(0,0,0)
(0,0,0)
(0,0,0)
(0,0,0)
(0,0,0)
(0,0,0)
(0,0,0)
(0,0,0)
(0,0,0)
(0,0,0)
(0,0,0)
(0,0,0)
(0,0,0)
(0,0,0)
(0,0,0)
(0,0,0)
(0,0,0)
(0,0,0)
(0,0,0)
(0,0,0)
(0,0,0)
(0,0,0)
(0,0,0)
(0,0,0)
(0,0,0)
(0,0,0)
(0,0,0)
(0,0,0)
(0,0,0)
(0,0,0)
(0,0,0)
(0,0,0)
(0,0,0)
(0,0,0)
(0,0,0)
(0,0,0)
(0,0,0)
(0,0,0)
(0,0,0)
(0,0,0)
(0,0,0)
(0,0,0)
(0,0,0)
(0,0,0)
(0,0,0)
(0,0,0)
(0,0,0)
(0,0,0)
(0,0,0)
(0,0,0)
(0,0,0)
(0,0,0)
(0,0,0)
(0,0,0)
(0,0,0)
(0,0,0)
(0,0,0)
(0,0,0)
(0,0,0)
(0,0,0)
(0,0,0)
(0,0,0)
(0,0,0)
(0,0,0)
(0,0,0)
(0,0,0)
(0,0,0)
(0,0,0)
(0,0,0)
(0,0,0)
(0,0,0)
(0,0,0)
(0,0,0)
(0,0,0)
(0,0,0)
(0,0,0)
(0,0,0)
(0,0,0)
(0,0,0)
(0,0,0)
(0,0,0)
(0,0,0)
(0,0,0)
(0,0,0)
(0,0,0)
(0,0,0)
(0,0,0)
(0,0,0)
(0,0,0)
(0,0,0)
(0,0,0)
(0,0,0)
(0,0,0)
(0,0,0)
(0,0,0)
(0,0,0)
(0,0,0)
(0,0,0)
(0,0,0)
(0,0,0)
(0,0,0)
(0,0,0)
(0,0,0)
(0,0,0)
(0,0,0)
(0,0,0)
(0,0,0)
(0,0,0)
(0,0,0)
(0,0,0)
(0,0,0)
(0,0,0)
(0,0,0)
(0,0,0)
(0,0,0)
(0,0,0)
(0,0,0)
(0,0,0)
(0,0,0)
(0,0,0)
(0,0,0)
(0,0,0)
(0,0,0)
(0,0,0)
(0,0,0)
(0,0,0)
(0,0,0)
(0,0,0)
(0,0,0)
(0,0,0)
(0,0,0)
(0,0,0)
(0,0,0)
(0,0,0)
(0,0,0)
(0,0,0)
(0,0,0)
(0,0,0)
(0,0,0)
(0,0,0)
(0,0,0)
(0,0,0)
(0,0,0)
(0,0,0)
(0,0,0)
(0,0,0)
(0,0,0)
(0,0,0)
(0,0,0)
(0,0,0)
(0,0,0)
(0,0,0)
(0,0,0)
(0,0,0)
(0,0,0)
(0,0,0)
(0,0,0)
(0,0,0)
(0,0,0)
(0,0,0)
(0,0,0)
(0,0,0)
(0,0,0)
(0,0,0)
(0,0,0)
(0,0,0)
(0,0,0)
(0,0,0)
(0,0,0)
(0,0,0)
(0,0,0)
(0,0,0)
(0,0,0)
(0,0,0)
(0,0,0)
(0,0,0)
(0,0,0)
(0,0,0)
(0,0,0)
(0,0,0)
(0,0,0)
(0,0,0)
(0,0,0)
(0,0,0)
(0,0,0)
(0,0,0)
(0,0,0)
(0,0,0)
(0,0,0)
(0,0,0)
(0,0,0)
(0,0,0)
(0,0,0)
(0,0,0)
(0,0,0)
(0,0,0)
(0,0,0)
(0,0,0)
(0,0,0)
(0,0,0)
(0,0,0)
(0,0,0)
(0,0,0)
(0,0,0)
(0,0,0)
(0,0,0)
(0,0,0)
(0,0,0)
(0,0,0)
(0,0,0)
(0,0,0)
(0,0,0)
(0,0,0)
(0,0,0)
(0,0,0)
(0,0,0)
(0,0,0)
(0,0,0)
(0,0,0)
(0,0,0)
(0,0,0)
(0,0,0)
(0,0,0)
(0,0,0)
(0,0,0)
(0,0,0)
(0,0,0)
(0,0,0)
(0,0,0)
(0,0,0)
(0,0,0)
(0,0,0)
(0,0,0)
(0,0,0)
(0,0,0)
(0,0,0)
(0,0,0)
(0,0,0)
(0,0,0)
(0,0,0)
(0,0,0)
(0,0,0)
(0,0,0)
(0,0,0)
(0,0,0)
(0,0,0)
(0,0,0)
(0,0,0)
(0,0,0)
(0,0,0)
(0,0,0)
(0,0,0)
(0,0,0)
(0,0,0)
(0,0,0)
(0,0,0)
(0,0,0)
(0,0,0)
(0,0,0)
(0,0,0)
(0,0,0)
(0,0,0)
(0,0,0)
(0,0,0)
(0,0,0)
(0,0,0)
(0,0,0)
(0,0,0)
(0,0,0)
(0,0,0)
(0,0,0)
(0,0,0)
(0,0,0)
(0,0,0)
(0,0,0)
(0,0,0)
(0,0,0)
(0,0,0)
(0,0,0)
(0,0,0)
(0,0,0)
(0,0,0)
(0,0,0)
(0,0,0)
(0,0,0)
(0,0,0)
(0,0,0)
(0,0,0)
(0,0,0)
(0,0,0)
(0,0,0)
(0,0,0)
(0,0,0)
(0,0,0)
(0,0,0)
(0,0,0)
(0,0,0)
(0,0,0)
(0,0,0)
(0,0,0)
(0,0,0)
(0,0,0)
(0,0,0)
(0,0,0)
(0,0,0)
(0,0,0)
(0,0,0)
(0,0,0)
(0,0,0)
(0,0,0)
(0,0,0)
(0,0,0)
(0,0,0)
(0,0,0)
(0,0,0)
(0,0,0)
(0,0,0)
(0,0,0)
(0,0,0)
(0,0,0)
(0,0,0)
(0,0,0)
(0,0,0)
(0,0,0)
(0,0,0)
(0,0,0)
(0,0,0)
(0,0,0)
(0,0,0)
(0,0,0)
(0,0,0)
(0,0,0)
(0,0,0)
(0,0,0)
(0,0,0)
(0,0,0)
(0,0,0)
(0,0,0)
(0,0,0)
(0,0,0)
(0,0,0)
(0,0,0)
(0,0,0)
(0,0,0)
(0,0,0)
(0,0,0)
(0,0,0)
(0,0,0)
(0,0,0)
(0,0,0)
(0,0,0)
(0,0,0)
(0,0,0)
(0,0,0)
(0,0,0)
(0,0,0)
(0,0,0)
(0,0,0)
(0,0,0)
(0,0,0)
(0,0,0)
(0,0,0)
(0,0,0)
(0,0,0)
(0,0,0)
(0,0,0)
(0,0,0)
(0,0,0)
(0,0,0)
(0,0,0)
(0,0,0)
(0,0,0)
(0,0,0)
(0,0,0)
(0,0,0)
(0,0,0)
(0,0,0)
(0,0,0)
(0,0,0)
(0,0,0)
(0,0,0)
(0,0,0)
(0,0,0)
(0,0,0)
(0,0,0)
(0,0,0)
(0,0,0)
(0,0,0)
(0,0,0)
(0,0,0)
(0,0,0)
(0,0,0)
(0,0,0)
(0,0,0)
(0,0,0)
(0,0,0)
(0,0,0)
(0,0,0)
(0,0,0)
(0,0,0)
(0,0,0)
(0,0,0)
(0,0,0)
(0,0,0)
(0,0,0)
(0,0,0)
(0,0,0)
(0,0,0)
(0,0,0)
(0,0,0)
(0,0,0)
(0,0,0)
(0,0,0)
(0,0,0)
(0,0,0)
(0,0,0)
(0,0,0)
(0,0,0)
(0,0,0)
(0,0,0)
(0,0,0)
(0,0,0)
(0,0,0)
(0,0,0)
(0,0,0)
(0,0,0)
(0,0,0)
(0,0,0)
(0,0,0)
(0,0,0)
(0,0,0)
(0,0,0)
(0,0,0)
(0,0,0)
(0,0,0)
(0,0,0)
(0,0,0)
(0,0,0)
(0,0,0)
(0,0,0)
(0,0,0)
(0,0,0)
(0,0,0)
(0,0,0)
(0,0,0)
(0,0,0)
(0,0,0)
(0,0,0)
(0,0,0)
(0,0,0)
(0,0,0)
(0,0,0)
(0,0,0)
(0,0,0)
(0,0,0)
(0,0,0)
(0,0,0)
(0,0,0)
(0,0,0)
(0,0,0)
(0,0,0)
(0,0,0)
(0,0,0)
(0,0,0)
(0,0,0)
(0,0,0)
(0,0,0)
(0,0,0)
(0,0,0)
(0,0,0)
(0,0,0)
(0,0,0)
(0,0,0)
(0,0,0)
(0,0,0)
(0,0,0)
(0,0,0)
(0,0,0)
(0,0,0)
(0,0,0)
(0,0,0)
(0,0,0)
(0,0,0)
(0,0,0)
(0,0,0)
(0,0,0)
(0,0,0)
(0,0,0)
(0,0,0)
(0,0,0)
(0,0,0)
(0,0,0)
(0,0,0)
(0,0,0)
(0,0,0)
(0,0,0)
(0,0,0)
(0,0,0)
(0,0,0)
(0,0,0)
(0,0,0)
(0,0,0)
(0,0,0)
(0,0,0)
(0,0,0)
(0,0,0)
(0,0,0)
(0,0,0)
(0,0,0)
(0,0,0)
(0,0,0)
(0,0,0)
(0,0,0)
(0,0,0)
(0,0,0)
(0,0,0)
(0,0,0)
(0,0,0)
(0,0,0)
(0,0,0)
(0,0,0)
(0,0,0)
(0,0,0)
(0,0,0)
(0,0,0)
(0,0,0)
(0,0,0)
(0,0,0)
(0,0,0)
(0,0,0)
(0,0,0)
(0,0,0)
(0,0,0)
(0,0,0)
(0,0,0)
(0,0,0)
(0,0,0)
(0,0,0)
(0,0,0)
(0,0,0)
(0,0,0)
(0,0,0)
(0,0,0)
(0,0,0)
(0,0,0)
(0,0,0)
(0,0,0)
(0,0,0)
(0,0,0)
(0,0,0)
(0,0,0)
(0,0,0)
(0,0,0)
(0,0,0)
(0,0,0)
(0,0,0)
(0,0,0)
(0,0,0)
(0,0,0)
(0,0,0)
(0,0,0)
(0,0,0)
(0,0,0)
(0,0,0)
(0,0,0)
(0,0,0)
(0,0,0)
(0,0,0)
(0,0,0)
(0,0,0)
(0,0,0)
(0,0,0)
(0,0,0)
(0,0,0)
(0,0,0)
(0,0,0)
(0,0,0)
(0,0,0)
(0,0,0)
(0,0,0)
(0,0,0)
(0,0,0)
(0,0,0)
(0,0,0)
(0,0,0)
(0,0,0)
(0,0,0)
(0,0,0)
(0,0,0)
(0,0,0)
(0,0,0)
(0,0,0)
(0,0,0)
(0,0,0)
(0,0,0)
(0,0,0)
(0,0,0)
(0,0,0)
(0,0,0)
(0,0,0)
(0,0,0)
(0,0,0)
(0,0,0)
(0,0,0)
(0,0,0)
(0,0,0)
(0,0,0)
(0,0,0)
(0,0,0)
(0,0,0)
(0,0,0)
(0,0,0)
(0,0,0)
(0,0,0)
(0,0,0)
(0,0,0)
(0,0,0)
(0,0,0)
(0,0,0)
(0,0,0)
(0,0,0)
(0,0,0)
(0,0,0)
(0,0,0)
(0,0,0)
(0,0,0)
(0,0,0)
(0,0,0)
(0,0,0)
(0,0,0)
(0,0,0)
(0,0,0)
(0,0,0)
(0,0,0)
(0,0,0)
(0,0,0)
(0,0,0)
(0,0,0)
(0,0,0)
(0,0,0)
(0,0,0)
(0,0,0)
(0,0,0)
(0,0,0)
(0,0,0)
(0,0,0)
(0,0,0)
(0,0,0)
(0,0,0)
(0,0,0)
(0,0,0)
(0,0,0)
(0,0,0)
(0,0,0)
(0,0,0)
(0,0,0)
(0,0,0)
(0,0,0)
(0,0,0)
(0,0,0)
(0,0,0)
(0,0,0)
(0,0,0)
(0,0,0)
(0,0,0)
(0,0,0)
(0,0,0)
(0,0,0)
(0,0,0)
(0,0,0)
(0,0,0)
(0,0,0)
(0,0,0)
(0,0,0)
(0,0,0)
(0,0,0)
(0,0,0)
(0,0,0)
(0,0,0)
(0,0,0)
(0,0,0)
(0,0,0)
(0,0,0)
(0,0,0)
(0,0,0)
(0,0,0)
(0,0,0)
(0,0,0)
(0,0,0)
(0,0,0)
(0,0,0)
(0,0,0)
(0,0,0)
(0,0,0)
(0,0,0)
(0,0,0)
(0,0,0)
(0,0,0)
(0,0,0)
(0,0,0)
(0,0,0)
(0,0,0)
(0,0,0)
(0,0,0)
(0,0,0)
(0,0,0)
(0,0,0)
(0,0,0)
(0,0,0)
(0,0,0)
(0,0,0)
(0,0,0)
(0,0,0)
(0,0,0)
(0,0,0)
(0,0,0)
(0,0,0)
(0,0,0)
(0,0,0)
(0,0,0)
(0,0,0)
(0,0,0)
(0,0,0)
(0,0,0)
(0,0,0)
(0,0,0)
(0,0,0)
(0,0,0)
(0,0,0)
(0,0,0)
(0,0,0)
(0,0,0)
(0,0,0)
(0,0,0)
(0,0,0)
(0,0,0)
(0,0,0)
(0,0,0)
(0,0,0)
(0,0,0)
(0,0,0)
(0,0,0)
)
;

boundaryField
{
    fuel
    {
        type            fixedValue;
        value           uniform (0.1 0 0);
    }
    air
    {
        type            fixedValue;
        value           uniform (-0.1 0 0);
    }
    outlet
    {
        type            zeroGradient;
    }
    frontAndBack
    {
        type            empty;
    }
}


// ************************************************************************* //
 