/*--------------------------------*- C++ -*----------------------------------*\
| =========                 |                                                 |
| \\      /  F ield         | foam-extend: Open Source CFD                    |
|  \\    /   O peration     | Version:     4.0                                |
|   \\  /    A nd           | Web:         http://www.foam-extend.org         |
|    \\/     M anipulation  |                                                 |
\*---------------------------------------------------------------------------*/
FoamFile
{
    version 2.0;
    format ascii;
    class volVectorField;
    location "3747";
    object      H;
}
// * * * * * * * * * * * * * * * * * * * * * * * * * * * * * * * * * * * * * //

dimensions      [0 1 -1 0 0 0 0];

internalField   nonuniform List<vector>
4096
(
(0,0,0)
(0,0,0)
(0,0,0)
(0,0,0)
(0,0,0)
(0,0,0)
(0,0,0)
(0,0,0)
(0,0,0)
(0,0,0)
(0,0,0)
(0,0,0)
(0,0,0)
(0,0,0)
(0,0,0)
(0,0,0)
(0,0,0)
(0,0,0)
(0,0,0)
(0,0,0)
(0,0,0)
(0,0,0)
(0,0,0)
(0,0,0)
(0,0,0)
(0,0,0)
(0,0,0)
(0,0,0)
(0,0,0)
(0,0,0)
(0,0,0)
(0,0,0)
(0,0,0)
(0,0,0)
(0,0,0)
(0,0,0)
(0,0,0)
(0,0,0)
(0,0,0)
(0,0,0)
(0,0,0)
(0,0,0)
(0,0,0)
(0,0,0)
(0,0,0)
(0,0,0)
(0,0,0)
(0,0,0)
(0,0,0)
(0,0,0)
(0,0,0)
(0,0,0)
(0,0,0)
(0,0,0)
(0,0,0)
(0,0,0)
(0,0,0)
(0,0,0)
(0,0,0)
(0,0,0)
(0,0,0)
(0,0,0)
(0,0,0)
(0,0,0)
(0,0,0)
(0,0,0)
(0,0,0)
(0,0,0)
(0,0,0)
(0,0,0)
(0,0,0)
(0,0,0)
(0,0,0)
(0,0,0)
(0,0,0)
(0,0,0)
(0,0,0)
(0,0,0)
(0,0,0)
(0,0,0)
(0,0,0)
(0,0,0)
(0,0,0)
(0,0,0)
(0,0,0)
(0,0,0)
(0,0,0)
(0,0,0)
(0,0,0)
(0,0,0)
(0,0,0)
(0,0,0)
(0,0,0)
(0,0,0)
(0,0,0)
(0,0,0)
(0,0,0)
(0,0,0)
(0,0,0)
(0,0,0)
(0,0,0)
(0,0,0)
(0,0,0)
(0,0,0)
(0,0,0)
(0,0,0)
(0,0,0)
(0,0,0)
(0,0,0)
(0,0,0)
(0,0,0)
(0,0,0)
(0,0,0)
(0,0,0)
(0,0,0)
(0,0,0)
(0,0,0)
(0,0,0)
(0,0,0)
(0,0,0)
(0,0,0)
(0,0,0)
(0,0,0)
(0,0,0)
(0,0,0)
(0,0,0)
(0,0,0)
(0,0,0)
(0,0,0)
(0,0,0)
(0,0,0)
(0,0,0)
(0,0,0)
(0,0,0)
(0,0,0)
(0,0,0)
(0,0,0)
(0,0,0)
(0,0,0)
(0,0,0)
(0,0,0)
(0,0,0)
(0,0,0)
(0,0,0)
(0,0,0)
(0,0,0)
(0,0,0)
(0,0,0)
(0,0,0)
(0,0,0)
(0,0,0)
(0,0,0)
(0,0,0)
(0,0,0)
(0,0,0)
(0,0,0)
(0,0,0)
(0,0,0)
(0,0,0)
(0,0,0)
(0,0,0)
(0,0,0)
(0,0,0)
(0,0,0)
(0,0,0)
(0,0,0)
(0,0,0)
(0,0,0)
(0,0,0)
(0,0,0)
(0,0,0)
(0,0,0)
(0,0,0)
(0,0,0)
(0,0,0)
(0,0,0)
(0,0,0)
(0,0,0)
(0,0,0)
(0,0,0)
(0,0,0)
(0,0,0)
(0,0,0)
(0,0,0)
(0,0,0)
(0,0,0)
(0,0,0)
(0,0,0)
(0,0,0)
(0,0,0)
(0,0,0)
(0,0,0)
(0,0,0)
(0,0,0)
(0,0,0)
(0,0,0)
(0,0,0)
(0,0,0)
(0,0,0)
(0,0,0)
(0,0,0)
(0,0,0)
(0,0,0)
(0,0,0)
(0,0,0)
(0,0,0)
(0,0,0)
(0,0,0)
(0,0,0)
(0,0,0)
(0,0,0)
(0,0,0)
(0,0,0)
(0,0,0)
(0,0,0)
(0,0,0)
(0,0,0)
(0,0,0)
(0,0,0)
(0,0,0)
(0,0,0)
(0,0,0)
(0,0,0)
(0,0,0)
(0,0,0)
(0,0,0)
(0,0,0)
(0,0,0)
(0,0,0)
(0,0,0)
(0,0,0)
(0,0,0)
(0,0,0)
(0,0,0)
(0,0,0)
(0,0,0)
(0,0,0)
(0,0,0)
(0,0,0)
(0,0,0)
(0,0,0)
(0,0,0)
(0,0,0)
(0,0,0)
(0,0,0)
(0,0,0)
(0,0,0)
(0,0,0)
(0,0,0)
(0,0,0)
(0,0,0)
(0,0,0)
(0,0,0)
(0,0,0)
(0,0,0)
(0,0,0)
(0,0,0)
(0,0,0)
(0,0,0)
(0,0,0)
(0,0,0)
(0,0,0)
(0,0,0)
(0,0,0)
(0,0,0)
(0,0,0)
(0,0,0)
(0,0,0)
(0,0,0)
(0,0,0)
(0,0,0)
(0,0,0)
(0,0,0)
(0,0,0)
(0,0,0)
(0,0,0)
(0,0,0)
(0,0,0)
(0,0,0)
(0,0,0)
(0,0,0)
(0,0,0)
(0,0,0)
(0,0,0)
(0,0,0)
(0,0,0)
(0,0,0)
(0,0,0)
(0,0,0)
(0,0,0)
(0,0,0)
(0,0,0)
(0,0,0)
(0,0,0)
(0,0,0)
(0,0,0)
(0,0,0)
(0,0,0)
(0,0,0)
(0,0,0)
(0,0,0)
(0,0,0)
(0,0,0)
(0,0,0)
(0,0,0)
(0,0,0)
(0,0,0)
(0,0,0)
(0,0,0)
(0,0,0)
(0,0,0)
(0,0,0)
(0,0,0)
(0,0,0)
(0,0,0)
(0,0,0)
(0,0,0)
(0,0,0)
(0,0,0)
(0,0,0)
(0,0,0)
(0,0,0)
(0,0,0)
(0,0,0)
(0,0,0)
(0,0,0)
(0,0,0)
(0,0,0)
(0,0,0)
(0,0,0)
(0,0,0)
(0,0,0)
(0,0,0)
(0,0,0)
(0,0,0)
(0,0,0)
(0,0,0)
(0,0,0)
(0,0,0)
(0,0,0)
(0,0,0)
(0,0,0)
(0,0,0)
(0,0,0)
(0,0,0)
(0,0,0)
(0,0,0)
(0,0,0)
(0,0,0)
(0,0,0)
(0,0,0)
(0,0,0)
(0,0,0)
(0,0,0)
(0,0,0)
(0,0,0)
(0,0,0)
(0,0,0)
(0,0,0)
(0,0,0)
(0,0,0)
(0,0,0)
(0,0,0)
(0,0,0)
(0,0,0)
(0,0,0)
(0,0,0)
(0,0,0)
(0,0,0)
(0,0,0)
(0,0,0)
(0,0,0)
(0,0,0)
(0,0,0)
(0,0,0)
(0,0,0)
(0,0,0)
(0,0,0)
(0,0,0)
(0,0,0)
(0,0,0)
(0,0,0)
(0,0,0)
(0,0,0)
(0,0,0)
(0,0,0)
(0,0,0)
(0,0,0)
(0,0,0)
(0,0,0)
(0,0,0)
(0,0,0)
(0,0,0)
(0,0,0)
(0,0,0)
(0,0,0)
(0,0,0)
(0,0,0)
(0,0,0)
(0,0,0)
(0,0,0)
(0,0,0)
(0,0,0)
(0,0,0)
(0,0,0)
(0,0,0)
(0,0,0)
(0,0,0)
(0,0,0)
(0,0,0)
(0,0,0)
(0,0,0)
(0,0,0)
(0,0,0)
(0,0,0)
(0,0,0)
(0,0,0)
(0,0,0)
(0,0,0)
(0,0,0)
(0,0,0)
(0,0,0)
(0,0,0)
(0,0,0)
(0,0,0)
(0,0,0)
(0,0,0)
(0,0,0)
(0,0,0)
(0,0,0)
(0,0,0)
(0,0,0)
(0,0,0)
(0,0,0)
(0,0,0)
(0,0,0)
(0,0,0)
(0,0,0)
(0,0,0)
(0,0,0)
(0,0,0)
(0,0,0)
(0,0,0)
(0,0,0)
(0,0,0)
(0,0,0)
(0,0,0)
(0,0,0)
(0,0,0)
(0,0,0)
(0,0,0)
(0,0,0)
(0,0,0)
(0,0,0)
(0,0,0)
(0,0,0)
(0,0,0)
(0,0,0)
(0,0,0)
(0,0,0)
(0,0,0)
(0,0,0)
(0,0,0)
(0,0,0)
(0,0,0)
(0,0,0)
(0,0,0)
(0,0,0)
(0,0,0)
(0,0,0)
(0,0,0)
(0,0,0)
(0,0,0)
(0,0,0)
(0,0,0)
(0,0,0)
(0,0,0)
(0,0,0)
(0,0,0)
(0,0,0)
(0,0,0)
(0,0,0)
(0,0,0)
(0,0,0)
(0,0,0)
(0,0,0)
(0,0,0)
(0,0,0)
(0,0,0)
(0,0,0)
(0,0,0)
(0,0,0)
(0,0,0)
(0,0,0)
(0,0,0)
(0,0,0)
(0,0,0)
(0,0,0)
(0,0,0)
(0,0,0)
(0,0,0)
(0,0,0)
(0,0,0)
(0,0,0)
(0,0,0)
(0,0,0)
(0,0,0)
(0,0,0)
(0,0,0)
(0,0,0)
(0,0,0)
(0,0,0)
(0,0,0)
(0,0,0)
(0,0,0)
(0,0,0)
(0,0,0)
(0,0,0)
(0,0,0)
(0,0,0)
(0,0,0)
(0,0,0)
(0,0,0)
(0,0,0)
(0,0,0)
(0,0,0)
(0,0,0)
(0,0,0)
(0,0,0)
(0,0,0)
(0,0,0)
(0,0,0)
(0,0,0)
(0,0,0)
(0,0,0)
(0,0,0)
(0,0,0)
(0,0,0)
(0,0,0)
(0,0,0)
(0,0,0)
(0,0,0)
(0,0,0)
(0,0,0)
(0,0,0)
(0,0,0)
(0,0,0)
(0,0,0)
(0,0,0)
(0,0,0)
(0,0,0)
(0,0,0)
(0,0,0)
(0,0,0)
(0,0,0)
(0,0,0)
(0,0,0)
(0,0,0)
(0,0,0)
(0,0,0)
(0,0,0)
(0,0,0)
(0,0,0)
(0,0,0)
(0,0,0)
(0,0,0)
(0,0,0)
(0,0,0)
(0,0,0)
(0,0,0)
(0,0,0)
(0,0,0)
(0,0,0)
(0,0,0)
(0,0,0)
(0,0,0)
(0,0,0)
(0,0,0)
(0,0,0)
(0,0,0)
(0,0,0)
(0,0,0)
(0,0,0)
(0,0,0)
(0,0,0)
(0,0,0)
(0,0,0)
(0,0,0)
(0,0,0)
(0,0,0)
(0,0,0)
(0,0,0)
(0,0,0)
(0,0,0)
(0,0,0)
(0,0,0)
(0,0,0)
(0,0,0)
(0,0,0)
(0,0,0)
(0,0,0)
(0,0,0)
(0,0,0)
(0,0,0)
(0,0,0)
(0,0,0)
(0,0,0)
(0,0,0)
(0,0,0)
(0,0,0)
(0,0,0)
(0,0,0)
(0,0,0)
(0,0,0)
(0,0,0)
(0,0,0)
(0,0,0)
(0,0,0)
(0,0,0)
(0,0,0)
(0,0,0)
(0,0,0)
(0,0,0)
(0,0,0)
(0,0,0)
(0,0,0)
(0,0,0)
(0,0,0)
(0,0,0)
(0,0,0)
(0,0,0)
(0,0,0)
(0,0,0)
(0,0,0)
(0,0,0)
(0,0,0)
(0,0,0)
(0,0,0)
(0,0,0)
(0,0,0)
(0,0,0)
(0,0,0)
(0,0,0)
(0,0,0)
(0,0,0)
(0,0,0)
(0,0,0)
(0,0,0)
(0,0,0)
(0,0,0)
(0,0,0)
(0,0,0)
(0,0,0)
(0,0,0)
(0,0,0)
(0,0,0)
(0,0,0)
(0,0,0)
(0,0,0)
(0,0,0)
(0,0,0)
(0,0,0)
(0,0,0)
(0,0,0)
(0,0,0)
(0,0,0)
(0,0,0)
(0,0,0)
(0,0,0)
(0,0,0)
(0,0,0)
(0,0,0)
(0,0,0)
(0,0,0)
(0,0,0)
(0,0,0)
(0,0,0)
(0,0,0)
(0,0,0)
(0,0,0)
(0,0,0)
(0,0,0)
(0,0,0)
(0,0,0)
(0,0,0)
(0,0,0)
(0,0,0)
(0,0,0)
(0,0,0)
(0,0,0)
(0,0,0)
(0,0,0)
(0,0,0)
(0,0,0)
(0,0,0)
(0,0,0)
(0,0,0)
(0,0,0)
(0,0,0)
(0,0,0)
(0,0,0)
(0,0,0)
(0,0,0)
(0,0,0)
(0,0,0)
(0,0,0)
(0,0,0)
(0,0,0)
(0,0,0)
(0,0,0)
(0,0,0)
(0,0,0)
(0,0,0)
(0,0,0)
(0,0,0)
(0,0,0)
(0,0,0)
(0,0,0)
(0,0,0)
(0,0,0)
(0,0,0)
(0,0,0)
(0,0,0)
(0,0,0)
(0,0,0)
(0,0,0)
(0,0,0)
(0,0,0)
(0,0,0)
(0,0,0)
(0,0,0)
(0,0,0)
(0,0,0)
(0,0,0)
(0,0,0)
(0,0,0)
(0,0,0)
(0,0,0)
(0,0,0)
(0,0,0)
(0,0,0)
(0,0,0)
(0,0,0)
(0,0,0)
(0,0,0)
(0,0,0)
(0,0,0)
(0,0,0)
(0,0,0)
(0,0,0)
(0,0,0)
(0,0,0)
(0,0,0)
(0,0,0)
(0,0,0)
(0,0,0)
(0,0,0)
(0,0,0)
(0,0,0)
(0,0,0)
(0,0,0)
(0,0,0)
(0,0,0)
(0,0,0)
(0,0,0)
(0,0,0)
(0,0,0)
(0,0,0)
(0,0,0)
(0,0,0)
(0,0,0)
(0,0,0)
(0,0,0)
(0,0,0)
(0,0,0)
(0,0,0)
(0,0,0)
(0,0,0)
(0,0,0)
(0,0,0)
(0,0,0)
(0,0,0)
(0,0,0)
(0,0,0)
(0,0,0)
(0,0,0)
(0,0,0)
(0,0,0)
(0,0,0)
(0,0,0)
(0,0,0)
(0,0,0)
(0,0,0)
(0,0,0)
(0,0,0)
(0,0,0)
(0,0,0)
(0,0,0)
(0,0,0)
(0,0,0)
(0,0,0)
(0,0,0)
(0,0,0)
(0,0,0)
(0,0,0)
(0,0,0)
(0,0,0)
(0,0,0)
(0,0,0)
(0,0,0)
(0,0,0)
(0,0,0)
(0,0,0)
(0,0,0)
(0,0,0)
(0,0,0)
(0,0,0)
(0,0,0)
(0,0,0)
(2.32117757930502e-14,-8.5729467067021e-12,8.76094389434967e-12)
(-1.60681956226326e-13,-1.64545253933116e-11,8.37065163038609e-12)
(-4.35949264330437e-13,-2.70553021421339e-11,7.75263193935433e-12)
(-1.26182092596874e-12,-4.25869904889797e-11,6.78128551237635e-12)
(-1.01087679037806e-12,-6.84833231548583e-11,5.59471070410973e-12)
(7.77326282105047e-14,-1.1158350646935e-10,3.79159791743227e-12)
(1.12270269968598e-12,-1.80967612632826e-10,2.25354323617122e-12)
(1.48573685480826e-12,-2.96881556671445e-10,9.69655583360569e-13)
(9.95464609355182e-13,-4.90218203304574e-10,2.97506814484963e-13)
(-2.78186516818079e-13,-7.60600849976004e-10,4.63287744133388e-13)
(0,0,0)
(0,0,0)
(0,0,0)
(0,0,0)
(0,0,0)
(0,0,0)
(7.84614647031157e-13,-8.18270018952745e-12,1.70888472732077e-11)
(1.17758803870143e-12,-1.59019195669754e-11,1.6448951924548e-11)
(4.33236735311732e-13,-2.60875699529981e-11,1.57820971413708e-11)
(-1.21890755655357e-12,-4.16736164226402e-11,1.44307574019715e-11)
(-1.20547597782123e-12,-6.73451051214017e-11,1.19357998457115e-11)
(4.64780452000623e-13,-1.10155646989054e-10,8.60979961600371e-12)
(1.75755465413196e-12,-1.7984772866266e-10,6.01931071390237e-12)
(2.48940023538694e-12,-2.96654073147602e-10,4.12678469307716e-12)
(2.34058774945272e-12,-4.90708590794234e-10,2.93097487095526e-12)
(7.14587998116732e-13,-7.60614140505571e-10,1.88533823938242e-12)
(0,0,0)
(0,0,0)
(0,0,0)
(0,0,0)
(0,0,0)
(0,0,0)
(1.15288468145107e-12,-7.50047126506561e-12,2.81312226025436e-11)
(1.82254411082085e-12,-1.48121909519091e-11,2.74573310032939e-11)
(1.52312236553219e-12,-2.39557815498781e-11,2.66485278407291e-11)
(-1.04007069666171e-12,-3.86628807173192e-11,2.47362709552738e-11)
(-1.59331312003589e-12,-6.38463079927394e-11,2.10819566419685e-11)
(4.7548304813926e-13,-1.06782280534672e-10,1.66275661756287e-11)
(2.06508256547433e-12,-1.77752985766507e-10,1.29193885052051e-11)
(3.45661895197459e-12,-2.95981180444617e-10,9.94281286528937e-12)
(4.5053059005806e-12,-4.9044137303078e-10,7.29963986821017e-12)
(3.13557593639557e-12,-7.59873169145306e-10,4.05458080792136e-12)
(0,0,0)
(0,0,0)
(0,0,0)
(0,0,0)
(0,0,0)
(0,0,0)
(7.62069169649048e-14,-6.41698861224814e-12,4.54338024789064e-11)
(-8.55644018647769e-14,-1.24853512994735e-11,4.46972227332098e-11)
(-6.7001124114333e-13,-1.98973518001825e-11,4.35527467538943e-11)
(-2.51119292472233e-12,-3.36480785568451e-11,4.13790497085385e-11)
(-2.60765080397802e-12,-5.84844397978238e-11,3.75730594845099e-11)
(1.08230574419717e-13,-1.01678501597126e-10,3.2654651388001e-11)
(2.66851821656103e-12,-1.74478263334685e-10,2.76642408634587e-11)
(4.91802839436113e-12,-2.94388410009809e-10,2.219929123198e-11)
(6.44594173883829e-12,-4.88751391811751e-10,1.60939597760507e-11)
(6.16415813614472e-12,-7.57987657090037e-10,8.68558140108051e-12)
(0,0,0)
(0,0,0)
(0,0,0)
(0,0,0)
(0,0,0)
(0,0,0)
(-9.05833671841288e-13,-5.32045772505302e-12,7.23342791090611e-11)
(-1.80764596907318e-12,-1.02181388504076e-11,7.11859198640891e-11)
(-2.52168381904974e-12,-1.59402324662102e-11,6.96178193716357e-11)
(-2.33887233607555e-12,-2.82692061138757e-11,6.79569067188816e-11)
(-2.89207834156026e-12,-5.16897656375785e-11,6.54140106036393e-11)
(-7.22414104814439e-13,-9.40851672272129e-11,6.1329472348533e-11)
(2.11877720566765e-12,-1.68078827507991e-10,5.58639240160517e-11)
(4.15123377478277e-12,-2.89977594106755e-10,4.61423892671614e-11)
(5.36150195733667e-12,-4.84203471550476e-10,3.34178294298349e-11)
(5.98550694371039e-12,-7.5262481934479e-10,1.77008862693807e-11)
(0,0,0)
(0,0,0)
(0,0,0)
(0,0,0)
(0,0,0)
(0,0,0)
(-2.2743406569597e-12,-3.95590148515154e-12,1.14544583609054e-10)
(-5.06636896664022e-12,-7.40402897312477e-12,1.13506076710118e-10)
(-6.66337669341549e-12,-1.18796675630582e-11,1.11982405137028e-10)
(-5.46240770441332e-12,-2.27083907946223e-11,1.10557050830116e-10)
(-4.63366434486048e-12,-4.408792973733e-11,1.08303686538302e-10)
(-2.48874563786263e-12,-8.50987667226135e-11,1.04181100994896e-10)
(1.16298265134222e-13,-1.59577296203838e-10,9.65795151359281e-11)
(1.50415246755874e-12,-2.80310652149444e-10,8.19286967884157e-11)
(2.37481885890885e-12,-4.7203152332979e-10,5.99140296999302e-11)
(2.70061531752645e-12,-7.38115561768378e-10,3.167526127812e-11)
(0,0,0)
(0,0,0)
(0,0,0)
(0,0,0)
(0,0,0)
(0,0,0)
(-3.54947263996079e-12,-2.74418015309185e-12,1.81739596515611e-10)
(-7.60595717445131e-12,-5.22619510501223e-12,1.80692228587419e-10)
(-9.65509946760259e-12,-9.08201685907341e-12,1.794592744483e-10)
(-9.14613970265779e-12,-1.83456148477857e-11,1.78312454922923e-10)
(-8.0618651958387e-12,-3.71676099678456e-11,1.76008759673593e-10)
(-5.26318333310773e-12,-7.50674094091229e-11,1.70854452006483e-10)
(-3.05562789803783e-12,-1.46692603490153e-10,1.59207569660309e-10)
(-1.33061491529019e-12,-2.61789653171947e-10,1.38064007983152e-10)
(6.281528638739e-13,-4.47401129994479e-10,1.03442594526603e-10)
(4.63019011151127e-13,-7.09373445020594e-10,5.61374521894256e-11)
(0,0,0)
(0,0,0)
(0,0,0)
(0,0,0)
(0,0,0)
(0,0,0)
(-5.2054628035873e-12,-1.82448705679327e-12,2.96385480892359e-10)
(-9.63065168270368e-12,-4.02200068095778e-12,2.95393628484005e-10)
(-1.20185184385836e-11,-7.51338917963721e-12,2.93855084757075e-10)
(-1.2561964369974e-11,-1.52528325779778e-11,2.92030075461731e-10)
(-1.16847517106724e-11,-3.17656367834297e-11,2.88833673548309e-10)
(-7.67775616408806e-12,-6.51704486014805e-11,2.81275895886021e-10)
(-5.1465990821011e-12,-1.27226262403017e-10,2.65532383422771e-10)
(-3.03305673020269e-12,-2.29640384112817e-10,2.34048559432827e-10)
(-5.94477390213595e-13,-4.02774021314731e-10,1.81258609563961e-10)
(-1.73093560823007e-14,-6.55739898140453e-10,1.02596751554063e-10)
(0,0,0)
(0,0,0)
(0,0,0)
(0,0,0)
(0,0,0)
(0,0,0)
(-6.43307231864774e-12,-1.10583023552047e-12,4.87943311931587e-10)
(-1.17411550651539e-11,-2.52400021255885e-12,4.86758520452236e-10)
(-1.47979400335549e-11,-5.43572953428229e-12,4.84954827019331e-10)
(-1.66623664501966e-11,-1.1625854689628e-11,4.82432137508835e-10)
(-1.59687284133132e-11,-2.42348550858158e-11,4.77255696512886e-10)
(-1.13670940814551e-11,-4.96518468539715e-11,4.66330716118166e-10)
(-7.36093175648728e-12,-9.61445699602867e-11,4.44764222724603e-10)
(-3.65322231779007e-12,-1.77810329151353e-10,4.02070622272287e-10)
(-1.83430902989088e-13,-3.25418163932924e-10,3.25355524243838e-10)
(1.66195677727314e-12,-5.54640846122186e-10,1.95670156512365e-10)
(0,0,0)
(0,0,0)
(0,0,0)
(0,0,0)
(0,0,0)
(0,0,0)
(-7.65360596222015e-12,-5.42758925380716e-13,7.56052674245189e-10)
(-1.3387463465257e-11,-1.14317471126538e-12,7.54573186830441e-10)
(-1.56868074367718e-11,-2.95964764143825e-12,7.52580081745329e-10)
(-1.76676824088791e-11,-6.44374582029364e-12,7.4968835111332e-10)
(-1.72010094886841e-11,-1.31469454594083e-11,7.43411349180573e-10)
(-1.29974923103158e-11,-2.70649594263322e-11,7.3067617631117e-10)
(-7.75346769526758e-12,-5.26673169572392e-11,7.04624092683975e-10)
(-2.58484779749915e-12,-1.00957574694529e-10,6.52850913824106e-10)
(1.92686562043085e-12,-1.95862934944149e-10,5.52606060222475e-10)
(5.21097163215298e-12,-3.59032441645258e-10,3.57517675951571e-10)
(0,0,0)
(0,0,0)
(0,0,0)
(0,0,0)
(0,0,0)
(0,0,0)
(0,0,0)
(0,0,0)
(0,0,0)
(0,0,0)
(0,0,0)
(0,0,0)
(0,0,0)
(0,0,0)
(0,0,0)
(0,0,0)
(0,0,0)
(0,0,0)
(0,0,0)
(0,0,0)
(0,0,0)
(0,0,0)
(0,0,0)
(0,0,0)
(0,0,0)
(0,0,0)
(0,0,0)
(0,0,0)
(0,0,0)
(0,0,0)
(0,0,0)
(0,0,0)
(0,0,0)
(0,0,0)
(0,0,0)
(0,0,0)
(0,0,0)
(0,0,0)
(0,0,0)
(0,0,0)
(0,0,0)
(0,0,0)
(0,0,0)
(0,0,0)
(0,0,0)
(0,0,0)
(0,0,0)
(0,0,0)
(0,0,0)
(0,0,0)
(0,0,0)
(0,0,0)
(0,0,0)
(0,0,0)
(0,0,0)
(0,0,0)
(0,0,0)
(0,0,0)
(0,0,0)
(0,0,0)
(0,0,0)
(0,0,0)
(0,0,0)
(0,0,0)
(0,0,0)
(0,0,0)
(0,0,0)
(0,0,0)
(0,0,0)
(0,0,0)
(0,0,0)
(0,0,0)
(0,0,0)
(0,0,0)
(0,0,0)
(0,0,0)
(0,0,0)
(0,0,0)
(0,0,0)
(0,0,0)
(0,0,0)
(0,0,0)
(0,0,0)
(0,0,0)
(0,0,0)
(0,0,0)
(0,0,0)
(0,0,0)
(0,0,0)
(0,0,0)
(0,0,0)
(0,0,0)
(0,0,0)
(0,0,0)
(0,0,0)
(0,0,0)
(0,0,0)
(0,0,0)
(0,0,0)
(0,0,0)
(0,0,0)
(0,0,0)
(2.32575225789314e-14,-1.54364447644845e-11,1.53497568387629e-11)
(-9.52680915322041e-14,-3.14564293782068e-11,1.46904231906281e-11)
(-4.32335026507479e-13,-5.16933914616491e-11,1.32544508206961e-11)
(-9.88620184048309e-13,-7.97927798833579e-11,1.14261729206132e-11)
(-3.4598203721355e-13,-1.24012412232317e-10,9.14048399869498e-12)
(1.87927829246084e-13,-1.97456933141829e-10,6.12028104997058e-12)
(1.28670638246152e-12,-3.1587795767934e-10,2.87956578921213e-12)
(1.93040209968883e-12,-5.17780814882633e-10,5.56593184007012e-13)
(1.3200711688876e-12,-9.04700938330752e-10,-2.80915342835567e-13)
(1.98391756626898e-13,-1.78934575891628e-09,3.4997819697156e-14)
(0,0,0)
(0,0,0)
(0,0,0)
(0,0,0)
(0,0,0)
(0,0,0)
(7.42281071228016e-13,-1.4273446751867e-11,3.13973181679355e-11)
(7.5471420682427e-13,-2.94357242608027e-11,3.04538232864512e-11)
(-3.47211928423716e-13,-4.9053562136768e-11,2.85882264770302e-11)
(-1.73468570559714e-12,-7.69246003745799e-11,2.52573290255068e-11)
(-1.3782728767633e-12,-1.20773117760885e-10,1.98316922508635e-11)
(-3.18097100304508e-13,-1.9444186911761e-10,1.30867486855915e-11)
(1.555337778661e-12,-3.14487500312122e-10,6.88948265618403e-12)
(3.0123173548808e-12,-5.18231549209571e-10,3.57467079604393e-12)
(3.11900661789828e-12,-9.06204757772221e-10,2.52201987674652e-12)
(1.8589548770964e-12,-1.7906209400946e-09,1.58651699774455e-12)
(0,0,0)
(0,0,0)
(0,0,0)
(0,0,0)
(0,0,0)
(0,0,0)
(7.43293627884744e-13,-1.24915234628244e-11,5.28064979529875e-11)
(3.04507620953911e-13,-2.63350300260819e-11,5.18465456498883e-11)
(-6.23050498676838e-13,-4.42364282042669e-11,4.92351671403414e-11)
(-2.40055854383868e-12,-7.03148663057551e-11,4.39956040598219e-11)
(-2.5007908486816e-12,-1.13260758584135e-10,3.58833080064369e-11)
(-9.20118218987038e-13,-1.87988458976784e-10,2.59196883504431e-11)
(1.76693577366408e-12,-3.12177919877854e-10,1.62198283539631e-11)
(4.50702151406682e-12,-5.19402638003313e-10,1.13373221831584e-11)
(6.06038374174217e-12,-9.07851621418943e-10,8.68416836417723e-12)
(5.30464468851956e-12,-1.79172481397195e-09,4.91782210646016e-12)
(0,0,0)
(0,0,0)
(0,0,0)
(0,0,0)
(0,0,0)
(0,0,0)
(-2.83744224533144e-13,-1.05433329289313e-11,8.46976265920104e-11)
(-1.20830087161681e-12,-2.18365673618823e-11,8.31539974012355e-11)
(-2.45343352977222e-12,-3.6498617061583e-11,7.9817781965371e-11)
(-4.08407514366508e-12,-6.00624584042736e-11,7.41148544142008e-11)
(-4.4839168677238e-12,-1.01461462201726e-10,6.55246046390747e-11)
(-2.49469327094732e-12,-1.76541137662567e-10,5.41502250432083e-11)
(1.73403202129215e-12,-3.06803032419856e-10,4.12882047785501e-11)
(6.61254394732336e-12,-5.19858838350335e-10,3.23023837519397e-11)
(9.30639985326157e-12,-9.08258386545731e-10,2.38790201820801e-11)
(9.48690179354385e-12,-1.79114020342472e-09,1.31202113940132e-11)
(0,0,0)
(0,0,0)
(0,0,0)
(0,0,0)
(0,0,0)
(0,0,0)
(-1.12203066677193e-12,-8.32238279547506e-12,1.32299573102697e-10)
(-3.0536553539047e-12,-1.70747682952625e-11,1.30292960933391e-10)
(-4.92133606945259e-12,-2.82675140572638e-11,1.26680436240413e-10)
(-5.35679154008573e-12,-4.84622588847977e-11,1.22060347368877e-10)
(-6.40937598668623e-12,-8.60292875774247e-11,1.15876941821826e-10)
(-4.24326627700226e-12,-1.57720025228197e-10,1.08179436963121e-10)
(3.33878065049658e-12,-2.92126962581158e-10,1.00983933062456e-10)
(7.20885165495915e-12,-5.15565933629715e-10,7.99590611765499e-11)
(8.90649689671832e-12,-9.03137990741484e-10,5.66482219176875e-11)
(9.17713563637787e-12,-1.78327377645377e-09,2.99659195167539e-11)
(0,0,0)
(0,0,0)
(0,0,0)
(0,0,0)
(0,0,0)
(0,0,0)
(-2.44755509008192e-12,-5.89190137609876e-12,2.0504814007683e-10)
(-5.7205312616682e-12,-1.2034110494519e-11,2.03465612231518e-10)
(-8.03567309049646e-12,-2.04375791600172e-11,2.00450396767525e-10)
(-7.57181935943276e-12,-3.69912291703197e-11,1.9692458922968e-10)
(-7.43139857092435e-12,-7.00828939998979e-11,1.92524492339756e-10)
(-4.91851709241985e-12,-1.38810594788463e-10,1.86353671285645e-10)
(1.88242389892043e-12,-2.79065935806004e-10,1.76178001365049e-10)
(4.9978205784347e-12,-5.00914218177527e-10,1.47703013606011e-10)
(5.98319394534638e-12,-8.8326737240863e-10,1.06485315441014e-10)
(5.63375984819558e-12,-1.75882594842629e-09,5.62428547264149e-11)
(0,0,0)
(0,0,0)
(0,0,0)
(0,0,0)
(0,0,0)
(0,0,0)
(-3.4217978080686e-12,-4.16505694938126e-12,3.19786210258782e-10)
(-7.57719745938393e-12,-8.13825630410275e-12,3.18133354369836e-10)
(-1.00769076216547e-11,-1.46534737162275e-11,3.16153309331979e-10)
(-9.93522672314541e-12,-2.78069719354182e-11,3.14209032876389e-10)
(-8.30953071311212e-12,-5.57442406145448e-11,3.11805569286214e-10)
(-3.5132617945731e-12,-1.17763184998303e-10,3.0592412475772e-10)
(-1.37840730797613e-12,-2.57088960394153e-10,2.83884946869006e-10)
(1.14152948195813e-12,-4.68327748696141e-10,2.49112121100035e-10)
(3.30618652167926e-12,-8.39827069995666e-10,1.84378924488089e-10)
(2.9669243214182e-12,-1.708212289905e-09,9.95957816140047e-11)
(0,0,0)
(0,0,0)
(0,0,0)
(0,0,0)
(0,0,0)
(0,0,0)
(-4.93226721650545e-12,-2.88313468265091e-12,5.17824473299207e-10)
(-9.59010842417054e-12,-5.92981055632906e-12,5.16027124609208e-10)
(-1.22711687885918e-11,-1.14417861436946e-11,5.13674861841049e-10)
(-1.29925403449051e-11,-2.28203153710682e-11,5.11464526282667e-10)
(-1.16577557460184e-11,-4.88224741292701e-11,5.08161183965517e-10)
(-7.4528454482825e-12,-1.06494693557098e-10,4.99299151712261e-10)
(-4.74446753480877e-12,-2.24281263686313e-10,4.74255440962039e-10)
(-2.07316182305813e-12,-4.07615135841622e-10,4.16877590697318e-10)
(7.11523237953351e-13,-7.58952213500232e-10,3.2125276438655e-10)
(1.48039017876931e-12,-1.61252222966574e-09,1.82656065742377e-10)
(0,0,0)
(0,0,0)
(0,0,0)
(0,0,0)
(0,0,0)
(0,0,0)
(-5.81135214943711e-12,-1.86690482692725e-12,8.99416876172466e-10)
(-1.1318287133542e-11,-3.67034489021092e-12,8.97644778274586e-10)
(-1.47513324158969e-11,-8.21462414459184e-12,8.94999933900103e-10)
(-1.66680343235746e-11,-1.77258661814994e-11,8.91388005332344e-10)
(-1.61316576449907e-11,-3.85506780923965e-11,8.84324974881472e-10)
(-1.23874881155695e-11,-8.29219626310979e-11,8.68684439677555e-10)
(-8.14458430719028e-12,-1.67720547352002e-10,8.33097381466467e-10)
(-3.79087874615214e-12,-3.13695414584415e-10,7.57811948481132e-10)
(-5.32921603339978e-14,-6.22253117375859e-10,6.23057859504492e-10)
(1.72370881263276e-12,-1.43220180843179e-09,3.89908747365151e-10)
(0,0,0)
(0,0,0)
(0,0,0)
(0,0,0)
(0,0,0)
(0,0,0)
(-6.71687747285272e-12,-8.68732228350145e-13,1.78100079506368e-09)
(-1.25375330914104e-11,-1.55454519673165e-12,1.77933860629247e-09)
(-1.57547244462049e-11,-4.34051929835628e-12,1.77660820714391e-09)
(-1.78344262964259e-11,-9.81923067674904e-12,1.7718928061423e-09)
(-1.76127820786991e-11,-2.14163133607459e-11,1.76216461657691e-09)
(-1.40103681094603e-11,-4.58309088292623e-11,1.74151278701457e-09)
(-8.64760579266859e-12,-9.17020485733643e-11,1.69738863425934e-09)
(-3.29756889036245e-12,-1.79078825341093e-10,1.60744739686483e-09)
(1.152314947183e-12,-3.89521595269586e-10,1.42991206040147e-09)
(3.69620593859133e-12,-1.04327955577463e-09,1.04186654682157e-09)
(0,0,0)
(0,0,0)
(0,0,0)
(0,0,0)
(0,0,0)
(0,0,0)
(0,0,0)
(0,0,0)
(0,0,0)
(0,0,0)
(0,0,0)
(0,0,0)
(0,0,0)
(0,0,0)
(0,0,0)
(0,0,0)
(0,0,0)
(0,0,0)
(0,0,0)
(0,0,0)
(0,0,0)
(0,0,0)
(0,0,0)
(0,0,0)
(0,0,0)
(0,0,0)
(0,0,0)
(0,0,0)
(0,0,0)
(0,0,0)
(0,0,0)
(0,0,0)
(0,0,0)
(0,0,0)
(0,0,0)
(0,0,0)
(0,0,0)
(0,0,0)
(0,0,0)
(0,0,0)
(0,0,0)
(0,0,0)
(0,0,0)
(0,0,0)
(0,0,0)
(0,0,0)
(0,0,0)
(0,0,0)
(0,0,0)
(0,0,0)
(0,0,0)
(0,0,0)
(0,0,0)
(0,0,0)
(0,0,0)
(0,0,0)
(0,0,0)
(0,0,0)
(0,0,0)
(0,0,0)
(0,0,0)
(0,0,0)
(0,0,0)
(0,0,0)
(0,0,0)
(0,0,0)
(0,0,0)
(0,0,0)
(0,0,0)
(0,0,0)
(0,0,0)
(0,0,0)
(0,0,0)
(0,0,0)
(0,0,0)
(0,0,0)
(0,0,0)
(0,0,0)
(0,0,0)
(0,0,0)
(0,0,0)
(0,0,0)
(0,0,0)
(0,0,0)
(0,0,0)
(0,0,0)
(0,0,0)
(0,0,0)
(0,0,0)
(0,0,0)
(0,0,0)
(0,0,0)
(0,0,0)
(0,0,0)
(0,0,0)
(0,0,0)
(0,0,0)
(0,0,0)
(0,0,0)
(0,0,0)
(0,0,0)
(0,0,0)
(-4.80406842180615e-13,-1.96964283641287e-11,2.02812081510697e-11)
(-6.80000838551607e-13,-4.09605500205736e-11,1.89770572700022e-11)
(-1.24388645069732e-12,-6.79031026768135e-11,1.68511666107466e-11)
(-1.57111077098213e-12,-1.0502700854706e-10,1.41373855775964e-11)
(-5.65073560427842e-13,-1.604186681364e-10,1.00212784110448e-11)
(4.1357906631942e-13,-2.44621421057478e-10,4.72404191430765e-12)
(2.2192216198617e-12,-3.71231981139944e-10,-6.87624829875017e-13)
(3.21864495321589e-12,-5.5556841933632e-10,-3.08578504034701e-12)
(2.50797744834498e-12,-8.1923117687479e-10,-2.90298438869402e-12)
(1.50857075342741e-12,-1.14056018392882e-09,-1.36563962094279e-12)
(0,0,0)
(0,0,0)
(0,0,0)
(0,0,0)
(0,0,0)
(0,0,0)
(-9.61473364368591e-14,-1.8225483867044e-11,4.24968368199127e-11)
(-4.80383219140485e-13,-3.82312574034837e-11,4.0490751423693e-11)
(-1.83344841025067e-12,-6.41888290097164e-11,3.7170390334584e-11)
(-2.91878299944498e-12,-1.00373382541976e-10,3.14896529563809e-11)
(-2.14568848764445e-12,-1.54972067225753e-10,2.22757877563515e-11)
(-5.7424121243521e-13,-2.40133505008179e-10,1.02154630442473e-11)
(2.56056920387561e-12,-3.70342504975288e-10,-1.76995503795632e-12)
(5.23605706874679e-12,-5.57901659794332e-10,-4.85879236930364e-12)
(5.70137314398959e-12,-8.22950866094619e-10,-3.33447994489634e-12)
(4.54934575275588e-12,-1.14395596597518e-09,-1.41139210598695e-12)
(0,0,0)
(0,0,0)
(0,0,0)
(0,0,0)
(0,0,0)
(0,0,0)
(-2.44944604714485e-13,-1.54686682296061e-11,7.05695619107798e-11)
(-1.5825765326857e-12,-3.34476286689048e-11,6.85440806929194e-11)
(-3.12129856054314e-12,-5.66819603671843e-11,6.38463072959473e-11)
(-4.54067039211081e-12,-8.98836640838208e-11,5.48242595999041e-11)
(-4.33646757514939e-12,-1.42429251019634e-10,4.08289561859518e-11)
(-2.66757953679236e-12,-2.29538072742968e-10,2.10859223615942e-11)
(1.27455448656331e-12,-3.70058777416001e-10,-1.66193466091448e-12)
(7.61637567976773e-12,-5.64339782918873e-10,-3.74827900777321e-12)
(1.02334951270848e-11,-8.29436197509927e-10,-1.35180518803601e-13)
(9.63785624771614e-12,-1.14923174897971e-09,1.09144353187575e-12)
(0,0,0)
(0,0,0)
(0,0,0)
(0,0,0)
(0,0,0)
(0,0,0)
(-9.61065168469615e-13,-1.27285499250519e-11,1.10907094816587e-10)
(-2.633884501165e-12,-2.73101324709249e-11,1.08517049025529e-10)
(-4.98160898306193e-12,-4.56809043282964e-11,1.03121939145878e-10)
(-7.09402488970312e-12,-7.37880818854494e-11,9.29248827763927e-11)
(-8.54171189649423e-12,-1.21100027126398e-10,7.67912478500255e-11)
(-8.45378543926833e-12,-2.06335897749752e-10,5.15350564301834e-11)
(-3.95621679025232e-12,-3.66913535966023e-10,1.59925773006844e-11)
(1.07430027962325e-11,-5.76143572362424e-10,1.58939839049643e-11)
(1.4944812837868e-11,-8.38205236853486e-10,1.70191737351556e-11)
(1.47406862148937e-11,-1.15434054630444e-09,1.10434226063111e-11)
(0,0,0)
(0,0,0)
(0,0,0)
(0,0,0)
(0,0,0)
(0,0,0)
(-1.54589991692234e-12,-9.65690604616799e-12,1.70305806318882e-10)
(-4.48178846113015e-12,-2.03164907066303e-11,1.67659362111804e-10)
(-8.131182096775e-12,-3.32253886485883e-11,1.62128089385179e-10)
(-1.06444157073077e-11,-5.41189291104487e-11,1.53228430235808e-10)
(-1.46582647037051e-11,-9.04854630759949e-11,1.40931258823417e-10)
(-1.59571928167689e-11,-1.59755312850835e-10,1.27184785666521e-10)
(1.13026257596391e-11,-3.26094907691825e-10,1.40947371897399e-10)
(1.58679754610181e-11,-5.89033602285553e-10,9.3072171240008e-11)
(1.57181809667368e-11,-8.42574006092412e-10,6.35913202289427e-11)
(1.46952271252469e-11,-1.15088209657093e-09,3.36077856608616e-11)
(0,0,0)
(0,0,0)
(0,0,0)
(0,0,0)
(0,0,0)
(0,0,0)
(-2.59187167154587e-12,-6.52612918227989e-12,2.5617904488973e-10)
(-6.60116998830708e-12,-1.34110542668835e-11,2.53721661765712e-10)
(-1.02939709967078e-11,-2.17370755996341e-11,2.48784771195243e-10)
(-1.23559797041539e-11,-3.54940444463628e-11,2.42451422773431e-10)
(-1.55992309020352e-11,-6.16963599314077e-11,2.35466450107125e-10)
(-1.57902569624013e-11,-1.24442132137972e-10,2.2786000821361e-10)
(8.3804362473139e-12,-3.27461724234215e-10,2.37587340040319e-10)
(1.36290492605957e-11,-5.81615652335178e-10,1.87305986932768e-10)
(1.2785352248582e-11,-8.242572588035e-10,1.29655535580985e-10)
(1.12629560526628e-11,-1.1250650042506e-09,6.6990416370909e-11)
(0,0,0)
(0,0,0)
(0,0,0)
(0,0,0)
(0,0,0)
(0,0,0)
(-3.05086418439483e-12,-3.9603374589418e-12,3.77080469986975e-10)
(-7.80559817139971e-12,-7.56372408577406e-12,3.75189501952827e-10)
(-1.13443187381456e-11,-1.272242512344e-11,3.72507507155216e-10)
(-1.25184196977069e-11,-2.07264610714839e-11,3.70643102237452e-10)
(-9.34985266914975e-12,-3.49795985608666e-11,3.73039084641438e-10)
(7.2574246531645e-12,-7.44502992972825e-11,3.80943156649622e-10)
(5.86721752401781e-13,-3.06605792404527e-10,3.37083512988652e-10)
(5.16211323882345e-12,-5.45419285437315e-10,3.22733913884121e-10)
(7.21447290111568e-12,-7.72793796880502e-10,2.24188403750709e-10)
(6.87264569568969e-12,-1.0656787508462e-09,1.15642943748927e-10)
(0,0,0)
(0,0,0)
(0,0,0)
(0,0,0)
(0,0,0)
(0,0,0)
(-4.15114838082978e-12,-2.29577574992782e-12,5.55210590718738e-10)
(-9.49731132235705e-12,-4.54007412303911e-12,5.53629781409549e-10)
(-1.32879952294742e-11,-8.7025935305848e-12,5.51465837738031e-10)
(-1.47836472173198e-11,-1.71413708628651e-11,5.5044166719874e-10)
(-1.30675195294815e-11,-3.79845790493007e-11,5.52624916940817e-10)
(-5.98186562393648e-12,-9.89793692468837e-11,5.57790005705151e-10)
(-3.92733360472638e-12,-2.78080672388586e-10,5.46961151420152e-10)
(-3.68056770279592e-13,-4.51148304564305e-10,4.65738317078724e-10)
(2.60912575710743e-12,-6.691040304372e-10,3.39616449214281e-10)
(3.81603468854504e-12,-9.54584426648999e-10,1.83101213211101e-10)
(0,0,0)
(0,0,0)
(0,0,0)
(0,0,0)
(0,0,0)
(0,0,0)
(-5.03742685062852e-12,-1.33167772370414e-12,8.13288726755495e-10)
(-1.07892424536688e-11,-2.57085617979081e-12,8.11837181356924e-10)
(-1.50135086931901e-11,-6.34814315723685e-12,8.09518185571593e-10)
(-1.75116393778844e-11,-1.50938980862816e-11,8.06607876958159e-10)
(-1.76254871718244e-11,-3.61601229521461e-11,8.02284116302313e-10)
(-1.3891483706554e-11,-8.75440354662111e-11,7.92193173236066e-10)
(-8.8776500998097e-12,-1.95815369702914e-10,7.58686748961993e-10)
(-3.65337901527213e-12,-3.26571802887303e-10,6.66776304758613e-10)
(3.64297874557988e-13,-5.1436121135549e-10,5.16456558235812e-10)
(2.71020352029419e-12,-7.73564101869696e-10,2.9690330118757e-10)
(0,0,0)
(0,0,0)
(0,0,0)
(0,0,0)
(0,0,0)
(0,0,0)
(-5.9234209311186e-12,-4.43851560628144e-13,1.13224311425431e-09)
(-1.13616791397253e-11,-9.49708681400218e-13,1.13081831224811e-09)
(-1.53798427427923e-11,-3.53007423954811e-12,1.12854876157821e-09)
(-1.79254674082879e-11,-9.10317469676193e-12,1.12408950625473e-09)
(-1.83772658760421e-11,-2.20527711194059e-11,1.11521878666124e-09)
(-1.57171241844571e-11,-5.04555089428752e-11,1.09508502133245e-09)
(-1.0408416970439e-11,-1.02977532196685e-10,1.04712056418997e-09)
(-4.84105776969882e-12,-1.7648619752631e-10,9.45911452452371e-10)
(-3.23766742435637e-13,-2.95198364582523e-10,7.70518472107596e-10)
(2.28319698643187e-12,-4.77491681494169e-10,4.76443001725706e-10)
(0,0,0)
(0,0,0)
(0,0,0)
(0,0,0)
(0,0,0)
(0,0,0)
(0,0,0)
(0,0,0)
(0,0,0)
(0,0,0)
(0,0,0)
(0,0,0)
(0,0,0)
(0,0,0)
(0,0,0)
(0,0,0)
(0,0,0)
(0,0,0)
(0,0,0)
(0,0,0)
(0,0,0)
(0,0,0)
(0,0,0)
(0,0,0)
(0,0,0)
(0,0,0)
(0,0,0)
(0,0,0)
(0,0,0)
(0,0,0)
(0,0,0)
(0,0,0)
(0,0,0)
(0,0,0)
(0,0,0)
(0,0,0)
(0,0,0)
(0,0,0)
(0,0,0)
(0,0,0)
(0,0,0)
(0,0,0)
(0,0,0)
(0,0,0)
(0,0,0)
(0,0,0)
(0,0,0)
(0,0,0)
(0,0,0)
(0,0,0)
(0,0,0)
(0,0,0)
(0,0,0)
(0,0,0)
(0,0,0)
(0,0,0)
(0,0,0)
(0,0,0)
(0,0,0)
(0,0,0)
(0,0,0)
(0,0,0)
(0,0,0)
(0,0,0)
(0,0,0)
(0,0,0)
(0,0,0)
(0,0,0)
(0,0,0)
(0,0,0)
(0,0,0)
(0,0,0)
(0,0,0)
(0,0,0)
(0,0,0)
(0,0,0)
(0,0,0)
(0,0,0)
(0,0,0)
(0,0,0)
(0,0,0)
(0,0,0)
(0,0,0)
(0,0,0)
(0,0,0)
(0,0,0)
(0,0,0)
(0,0,0)
(0,0,0)
(0,0,0)
(0,0,0)
(0,0,0)
(0,0,0)
(0,0,0)
(0,0,0)
(0,0,0)
(0,0,0)
(0,0,0)
(0,0,0)
(0,0,0)
(0,0,0)
(0,0,0)
(-6.4720045819344e-13,-2.25631055497006e-11,2.41211776212332e-11)
(-1.28340279640199e-12,-4.71722406883472e-11,2.23293615081254e-11)
(-2.24437908463196e-12,-7.73084951221537e-11,1.93035838666538e-11)
(-2.10862960953421e-12,-1.17436532336816e-10,1.51313652043907e-11)
(-7.14437974274117e-13,-1.7556839392236e-10,9.03349159126139e-12)
(1.33732976121458e-12,-2.58073076950749e-10,7.42187329195693e-13)
(3.72790566572728e-12,-3.71972012353897e-10,-7.43431454147232e-12)
(5.36908475949325e-12,-5.13242273705939e-10,-9.01441688427007e-12)
(4.69032190044965e-12,-6.73555089292324e-10,-6.30995843486901e-12)
(3.53871317859951e-12,-8.11023047999961e-10,-2.76799092207266e-12)
(0,0,0)
(0,0,0)
(0,0,0)
(0,0,0)
(0,0,0)
(0,0,0)
(-8.46877577645208e-13,-2.0826032207092e-11,5.09173383271767e-11)
(-1.94365086455597e-12,-4.38849267492619e-11,4.79308111993336e-11)
(-3.65957967464377e-12,-7.25541137765141e-11,4.26127802798174e-11)
(-4.19463625750666e-12,-1.1107160713049e-10,3.38222310679839e-11)
(-2.62817998169015e-12,-1.67092537006149e-10,1.99325868026451e-11)
(8.15744604552546e-13,-2.50833378366271e-10,-3.04581636641513e-15)
(5.36567897584388e-12,-3.72407718230142e-10,-2.22053631699725e-11)
(1.01498677690529e-11,-5.18498522481418e-10,-2.25103518288136e-11)
(1.02636167204109e-11,-6.79611145108745e-10,-1.36742232808119e-11)
(8.41373665108155e-12,-8.15877364103988e-10,-5.71506364262373e-12)
(0,0,0)
(0,0,0)
(0,0,0)
(0,0,0)
(0,0,0)
(0,0,0)
(-9.59581691409161e-13,-1.75890224801658e-11,8.31883968472606e-11)
(-3.02229933369365e-12,-3.77725259324407e-11,7.97066045553214e-11)
(-5.10030690341182e-12,-6.24903329606946e-11,7.22530134577805e-11)
(-6.6409491764953e-12,-9.64392882457127e-11,5.89867222527487e-11)
(-5.92265764404453e-12,-1.47518784011096e-10,3.68410841363405e-11)
(-3.12189750757187e-12,-2.32260795452432e-10,-8.0915596183195e-13)
(2.15657383504882e-13,-3.79515384784627e-10,-5.93101138122532e-11)
(1.58070666342419e-11,-5.35032913765597e-10,-4.5010220563892e-11)
(1.77759104198043e-11,-6.93265222669074e-10,-2.09990639621553e-11)
(1.58380971049929e-11,-8.26260856316917e-10,-6.92114726066669e-12)
(0,0,0)
(0,0,0)
(0,0,0)
(0,0,0)
(0,0,0)
(0,0,0)
(-1.64266325623879e-12,-1.40541191438348e-11,1.27245912331061e-10)
(-4.23241638582411e-12,-2.99077208981331e-11,1.23625932202769e-10)
(-7.24006829326208e-12,-4.84905179623573e-11,1.15416366845358e-10)
(-1.06295427383658e-11,-7.41352737167971e-11,9.98872434043269e-11)
(-1.39000845270583e-11,-1.12459154306401e-10,7.21941701901189e-11)
(-1.94918912086718e-11,-1.84831998578098e-10,1.43845731851676e-11)
(-4.46762516686669e-11,-4.17388852100032e-10,-1.52740858704759e-10)
(2.25078428889993e-11,-5.80252686401441e-10,-6.07421028350682e-11)
(2.52893332057542e-11,-7.18630853662335e-10,-1.23209654235432e-11)
(2.23256590876436e-11,-8.40878419014493e-10,1.21242235377597e-12)
(0,0,0)
(0,0,0)
(0,0,0)
(0,0,0)
(0,0,0)
(0,0,0)
(-2.03023257375049e-12,-1.02916675654384e-11,1.8868618479985e-10)
(-5.85595217426371e-12,-2.10945374645629e-11,1.84840381275366e-10)
(-1.0719835996354e-11,-3.23779389398476e-11,1.76673699619671e-10)
(-1.69721289589752e-11,-4.63271466140997e-11,1.62373734542825e-10)
(-2.97008946913339e-11,-6.00953970333308e-11,1.38219065069573e-10)
(-6.50329597605384e-11,-5.4420516702501e-11,9.20923721161289e-11)
(6.05446429593872e-11,-8.20748874471125e-10,-4.97153809947961e-17)
(3.7930876521592e-11,-6.93754238242434e-10,6.75744028011687e-11)
(2.73849682459719e-11,-7.51279686438728e-10,4.9201621610747e-11)
(2.2485920466104e-11,-8.49173491936967e-10,2.78559048958429e-11)
(0,0,0)
(0,0,0)
(0,0,0)
(0,0,0)
(0,0,0)
(0,0,0)
(-2.70028027084096e-12,-6.47158258347382e-12,2.72134390792819e-10)
(-7.51160959894792e-12,-1.25991676065428e-11,2.6862973168358e-10)
(-1.29752730510777e-11,-1.75491864474593e-11,2.61494477755129e-10)
(-2.01385904128022e-11,-2.0528111548049e-11,2.51227479628497e-10)
(-3.47095503790613e-11,-1.46278330059972e-11,2.35996444102264e-10)
(-7.55094216297354e-11,1.36143681617508e-11,1.97560288801484e-10)
(3.78058575251515e-11,-8.27778555645534e-10,-6.3390086296119e-16)
(3.50831337145248e-11,-7.04958415961256e-10,1.88323035515591e-10)
(2.3987009535666e-11,-7.43175537828289e-10,1.28061872533008e-10)
(1.88671190188617e-11,-8.29055993839239e-10,6.54286428844541e-11)
(0,0,0)
(0,0,0)
(0,0,0)
(0,0,0)
(0,0,0)
(0,0,0)
(-2.82445785916732e-12,-3.16685476821384e-12,3.78857956403322e-10)
(-8.14725333652285e-12,-5.32187297712102e-12,3.76623563376365e-10)
(-1.34997454132488e-11,-5.77332824337561e-12,3.72972953846955e-10)
(-1.84994923102992e-11,9.97886319816541e-13,3.71223499335592e-10)
(-1.42489441889951e-11,4.02013436044002e-11,3.85047171473205e-10)
(7.56461382637772e-11,2.34299141621814e-10,4.8136363373604e-10)
(-1.35887991586734e-11,-9.78296365193764e-10,1.07007966599385e-09)
(9.43664249895868e-12,-6.9512580556772e-10,4.70188663269217e-10)
(1.2070166459521e-11,-6.93650518327977e-10,2.50691946932701e-10)
(1.14212652478453e-11,-7.69588252945678e-10,1.17085583911818e-10)
(0,0,0)
(0,0,0)
(0,0,0)
(0,0,0)
(0,0,0)
(0,0,0)
(-3.53443709776007e-12,-1.20990095443123e-12,5.12399675975345e-10)
(-9.30258559413653e-12,-1.67662690896896e-12,5.11024082346027e-10)
(-1.4618275063541e-11,-1.39313342844223e-12,5.09150081133788e-10)
(-1.90143697362222e-11,9.54596597527533e-13,5.10379731268803e-10)
(-2.0057064390856e-11,7.56287769489725e-12,5.23924484831105e-10)
(-6.58834511960759e-12,-1.06413357493216e-11,5.73218335235193e-10)
(-4.96980194881421e-12,-3.91994261833139e-10,6.86430272803127e-10)
(1.17730941690256e-12,-4.82477263435604e-10,5.00423908657735e-10)
(4.38154267909356e-12,-5.63070917755524e-10,3.25573894376866e-10)
(5.89692311999493e-12,-6.54575553889496e-10,1.63682809202071e-10)
(0,0,0)
(0,0,0)
(0,0,0)
(0,0,0)
(0,0,0)
(0,0,0)
(-4.47370761536606e-12,-4.50962320356453e-13,6.67563162659953e-10)
(-1.00913941667106e-11,-4.21304857721084e-13,6.66364223145345e-10)
(-1.49212689973368e-11,-1.30286164250443e-12,6.64732797428116e-10)
(-1.9178602111638e-11,-4.73388955679838e-12,6.64251048698128e-10)
(-2.16418959384339e-11,-1.61126211477594e-11,6.66887870077129e-10)
(-1.74735859558066e-11,-6.19422328231321e-11,6.739449218904e-10)
(-9.8050434026856e-12,-2.11627012217414e-10,6.68483921601319e-10)
(-3.41923785330805e-12,-3.09366125600393e-10,5.58755769651242e-10)
(7.54708149691258e-13,-4.01598126608067e-10,4.04360406125314e-10)
(3.54108433242576e-12,-4.90906869808967e-10,2.16948854400155e-10)
(0,0,0)
(0,0,0)
(0,0,0)
(0,0,0)
(0,0,0)
(0,0,0)
(-4.94247048555177e-12,-7.29708802448267e-14,8.02516502550295e-10)
(-1.00418371512247e-11,-4.47159115040546e-14,8.01571813513833e-10)
(-1.44506616588572e-11,-1.28039854886764e-12,8.00098806792741e-10)
(-1.81579225115806e-11,-4.87392232244053e-12,7.97629477978742e-10)
(-2.02962716666315e-11,-1.48768137322256e-11,7.93034691664667e-10)
(-1.82081759848025e-11,-4.24772371065899e-11,7.80798538400742e-10)
(-1.21768374296593e-11,-1.00643586665472e-10,7.42211221144265e-10)
(-5.93427495120139e-12,-1.54995948515868e-10,6.42553508964188e-10)
(-1.44666094316468e-12,-2.14147972474725e-10,4.87304358105782e-10)
(1.23451721798207e-12,-2.73502446761019e-10,2.73091963760583e-10)
(0,0,0)
(0,0,0)
(0,0,0)
(0,0,0)
(0,0,0)
(0,0,0)
(0,0,0)
(0,0,0)
(0,0,0)
(0,0,0)
(0,0,0)
(0,0,0)
(0,0,0)
(0,0,0)
(0,0,0)
(0,0,0)
(0,0,0)
(0,0,0)
(0,0,0)
(0,0,0)
(0,0,0)
(0,0,0)
(0,0,0)
(0,0,0)
(0,0,0)
(0,0,0)
(0,0,0)
(0,0,0)
(0,0,0)
(0,0,0)
(0,0,0)
(0,0,0)
(0,0,0)
(0,0,0)
(0,0,0)
(0,0,0)
(0,0,0)
(0,0,0)
(0,0,0)
(0,0,0)
(0,0,0)
(0,0,0)
(0,0,0)
(0,0,0)
(0,0,0)
(0,0,0)
(0,0,0)
(0,0,0)
(0,0,0)
(0,0,0)
(0,0,0)
(0,0,0)
(0,0,0)
(0,0,0)
(0,0,0)
(0,0,0)
(0,0,0)
(0,0,0)
(0,0,0)
(0,0,0)
(0,0,0)
(0,0,0)
(0,0,0)
(0,0,0)
(0,0,0)
(0,0,0)
(0,0,0)
(0,0,0)
(0,0,0)
(0,0,0)
(0,0,0)
(0,0,0)
(0,0,0)
(0,0,0)
(0,0,0)
(0,0,0)
(0,0,0)
(0,0,0)
(0,0,0)
(0,0,0)
(0,0,0)
(0,0,0)
(0,0,0)
(0,0,0)
(0,0,0)
(0,0,0)
(0,0,0)
(0,0,0)
(0,0,0)
(0,0,0)
(0,0,0)
(0,0,0)
(0,0,0)
(0,0,0)
(0,0,0)
(0,0,0)
(0,0,0)
(0,0,0)
(0,0,0)
(0,0,0)
(0,0,0)
(0,0,0)
(-5.92457687670669e-13,-2.3836780727656e-11,2.63857911122777e-11)
(-1.54493909400378e-12,-5.00991043406976e-11,2.4763286079631e-11)
(-2.82654176799391e-12,-8.10857443560529e-11,2.12848515353028e-11)
(-2.37568120272771e-12,-1.19916672759091e-10,1.57129469817734e-11)
(-8.98990628447133e-13,-1.74575226897753e-10,8.07473117860723e-12)
(2.27413304743906e-12,-2.48877802972517e-10,-2.88067746205774e-12)
(5.7437138847738e-12,-3.44082824612531e-10,-1.4171138224778e-11)
(7.9208750855586e-12,-4.49046087788682e-10,-1.52271219202865e-11)
(7.20441020411881e-12,-5.49265254868553e-10,-1.00922094861588e-11)
(5.62503836103155e-12,-6.18658741645107e-10,-4.50231655834219e-12)
(0,0,0)
(0,0,0)
(0,0,0)
(0,0,0)
(0,0,0)
(0,0,0)
(-1.09736017668797e-12,-2.22623564466943e-11,5.51944718760366e-11)
(-2.73802076189999e-12,-4.66029322372951e-11,5.21822187410027e-11)
(-4.93281127858035e-12,-7.53778761467452e-11,4.59771669382348e-11)
(-4.93731087700067e-12,-1.12205565120199e-10,3.49381897906982e-11)
(-2.26630035769241e-12,-1.63807416789189e-10,1.762039049702e-11)
(4.44547904437228e-12,-2.38034030712032e-10,-9.30318907544583e-12)
(1.27783341891584e-11,-3.44175454005373e-10,-4.44068489473988e-11)
(1.7848130505164e-11,-4.55406661113843e-10,-4.24162824717163e-11)
(1.59585346426048e-11,-5.56293409351866e-10,-2.50335310647622e-11)
(1.30821652213001e-11,-6.24374967768558e-10,-1.06294230348195e-11)
(0,0,0)
(0,0,0)
(0,0,0)
(0,0,0)
(0,0,0)
(0,0,0)
(-1.01269273583236e-12,-1.90416413115094e-11,8.91374610592193e-11)
(-3.43351327041653e-12,-4.00637124806582e-11,8.48787801334641e-11)
(-5.83383069670816e-12,-6.40429288309133e-11,7.59714283981486e-11)
(-6.79932558903634e-12,-9.47477086720626e-11,6.02769629266966e-11)
(-3.33204725063444e-12,-1.37212894882362e-10,3.35025813978739e-11)
(7.95026346860695e-12,-2.04332471883134e-10,-1.63701062449215e-11)
(2.37892314505925e-11,-3.51460003771916e-10,-1.33024653429533e-10)
(3.70156826683074e-11,-4.76825115253946e-10,-1.02345645688668e-10)
(2.90636247115556e-11,-5.73679368854824e-10,-4.64967851780242e-11)
(2.35345125419776e-11,-6.37481856465244e-10,-1.62832642449686e-11)
(0,0,0)
(0,0,0)
(0,0,0)
(0,0,0)
(0,0,0)
(0,0,0)
(-1.78513470635559e-12,-1.48269240423839e-11,1.32784193206602e-10)
(-4.83603446195199e-12,-3.11952230015024e-11,1.28263113612595e-10)
(-7.82352387475265e-12,-4.84316027321247e-11,1.18124491387262e-10)
(-1.07445966268418e-11,-6.83821564527607e-11,1.0039376070613e-10)
(-8.45424479518201e-12,-8.8018261900918e-11,7.13237312859245e-11)
(1.72220588055217e-11,-8.90095981818483e-11,2.85687295872485e-11)
(2.66685014832765e-10,-4.02329943139253e-10,1.89720823734821e-16)
(8.75882573185892e-11,-5.41867351457365e-10,-2.3804522172578e-10)
(4.44047782047387e-11,-6.08524554780696e-10,-6.05599478184874e-11)
(3.18331543638025e-11,-6.57058542318758e-10,-1.30314488021661e-11)
(0,0,0)
(0,0,0)
(0,0,0)
(0,0,0)
(0,0,0)
(0,0,0)
(-2.00451403121613e-12,-1.05079834828992e-11,1.90846651148313e-10)
(-6.18464037661985e-12,-2.12013988703409e-11,1.86062340824669e-10)
(-1.12486234118601e-11,-3.09538871511458e-11,1.75727477691068e-10)
(-1.86164945518406e-11,-3.98988000546734e-11,1.5801015698927e-10)
(-2.90417657652017e-11,-4.39570639437106e-11,1.28113335499321e-10)
(-4.0975422793195e-11,-3.81784541743711e-11,7.70919824182907e-11)
(-1.28382754394289e-16,7.8478613747725e-16,-3.18604320907977e-17)
(6.75078354307254e-11,-7.28241880787904e-10,6.47316090192653e-17)
(4.06265363504358e-11,-6.60268528730875e-10,1.5971484543993e-11)
(3.02243272642215e-11,-6.72926795706911e-10,1.55805194712876e-11)
(0,0,0)
(0,0,0)
(0,0,0)
(0,0,0)
(0,0,0)
(0,0,0)
(-2.5003489768617e-12,-6.09469083844781e-12,2.63586938951307e-10)
(-7.6536502998926e-12,-1.14011533657919e-11,2.59466164121518e-10)
(-1.44841331285444e-11,-1.44648376555879e-11,2.5077719544262e-10)
(-2.64335527544524e-11,-1.27650330781166e-11,2.36027434769092e-10)
(-5.11025716886502e-11,4.07726133708241e-13,2.08815034042265e-10)
(-9.8633272387348e-11,2.54911676666701e-11,1.47479622829146e-10)
(-2.34307296755055e-18,5.94071459612213e-16,-5.82467683888744e-17)
(8.55116863034819e-11,-7.23192201372388e-10,-2.89365551409387e-16)
(3.70952196839893e-11,-6.5669708030815e-10,8.35421537369673e-11)
(2.48280210097024e-11,-6.57972748545369e-10,5.24536771950532e-11)
(0,0,0)
(0,0,0)
(0,0,0)
(0,0,0)
(0,0,0)
(0,0,0)
(-2.5470186459768e-12,-2.4336374453652e-12,3.50790235486817e-10)
(-8.14188987528556e-12,-3.53289458214576e-12,3.48094978690926e-10)
(-1.61304857167848e-11,-1.35794235942537e-12,3.43029196712721e-10)
(-3.22798747256438e-11,1.04737998681755e-11,3.35402354397335e-10)
(-7.79269405424312e-11,4.83106474661876e-11,3.22952747056974e-10)
(-2.68129416622975e-10,1.30764523631811e-10,2.80076007663137e-10)
(1.0020535303337e-16,8.17449434444481e-16,-1.00961746687755e-15)
(1.62848167033998e-11,-7.73285300207004e-10,4.89754075598711e-10)
(1.50969289079963e-11,-6.17992795023235e-10,2.376056419063e-10)
(1.34941501035102e-11,-6.03716052780441e-10,1.06437649336631e-10)
(0,0,0)
(0,0,0)
(0,0,0)
(0,0,0)
(0,0,0)
(0,0,0)
(-2.91778210257902e-12,-3.08270900585329e-13,4.47734269650488e-10)
(-8.6839064330716e-12,5.80732204119087e-13,4.46063424964982e-10)
(-1.59381969845226e-11,4.75849216480408e-12,4.43699903851494e-10)
(-2.68706371441419e-11,1.87474472956481e-11,4.43605527852238e-10)
(-4.5675415952334e-11,6.74436934663939e-11,4.55407620570342e-10)
(-6.84993856136515e-11,2.44882707354516e-10,5.14877990747712e-10)
(6.69312580922145e-13,-4.89754204675847e-10,7.91604300715589e-10)
(2.91618586247799e-12,-4.84983924943265e-10,4.94158168684496e-10)
(4.79983670638045e-12,-4.7774740309305e-10,2.94615984811499e-10)
(5.91104824150666e-12,-4.9436819704543e-10,1.41156828783975e-10)
(0,0,0)
(0,0,0)
(0,0,0)
(0,0,0)
(0,0,0)
(0,0,0)
(-3.65275954081545e-12,3.82550338039861e-13,5.42336689138848e-10)
(-8.83655739579899e-12,1.41400278627018e-12,5.40868947416636e-10)
(-1.44619833608869e-11,3.35011959879e-12,5.39333500792303e-10)
(-2.16753907250574e-11,6.57359456832289e-12,5.39735123063659e-10)
(-2.99347551672096e-11,1.13866069954626e-11,5.45528356869054e-10)
(-3.14775813832213e-11,-4.7480155126173e-12,5.63644581797878e-10)
(-1.10603170046052e-11,-2.0860558696171e-10,5.92060499325622e-10)
(-3.39405141188271e-12,-2.81581061074309e-10,4.72027085616416e-10)
(7.1610574148554e-13,-3.21515709396121e-10,3.23730684146921e-10)
(3.08551568469875e-12,-3.51950745387845e-10,1.6614715457737e-10)
(0,0,0)
(0,0,0)
(0,0,0)
(0,0,0)
(0,0,0)
(0,0,0)
(-4.07075232933425e-12,2.78349241106686e-13,6.08970120001404e-10)
(-8.61354634163675e-12,8.25342868543901e-13,6.07756833673342e-10)
(-1.32617313937258e-11,1.09618848694232e-12,6.06447011624789e-10)
(-1.84370585199463e-11,1.12142960396883e-13,6.05471152737741e-10)
(-2.29369321349337e-11,-4.97661462186111e-12,6.04265100334892e-10)
(-2.20980958349161e-11,-2.6755707210193e-11,5.99263612400291e-10)
(-1.31627119150544e-11,-9.05718554601496e-11,5.73645571561008e-10)
(-5.68107260865666e-12,-1.32859884489146e-10,4.8224368463487e-10)
(-1.38223907268382e-12,-1.63251376285595e-10,3.48687408942449e-10)
(8.24034217499761e-13,-1.8534546347757e-10,1.85287066993143e-10)
(0,0,0)
(0,0,0)
(0,0,0)
(0,0,0)
(0,0,0)
(0,0,0)
(0,0,0)
(0,0,0)
(0,0,0)
(0,0,0)
(0,0,0)
(0,0,0)
(0,0,0)
(0,0,0)
(0,0,0)
(0,0,0)
(0,0,0)
(0,0,0)
(0,0,0)
(0,0,0)
(0,0,0)
(0,0,0)
(0,0,0)
(0,0,0)
(0,0,0)
(0,0,0)
(0,0,0)
(0,0,0)
(0,0,0)
(0,0,0)
(0,0,0)
(0,0,0)
(0,0,0)
(0,0,0)
(0,0,0)
(0,0,0)
(0,0,0)
(0,0,0)
(0,0,0)
(0,0,0)
(0,0,0)
(0,0,0)
(0,0,0)
(0,0,0)
(0,0,0)
(0,0,0)
(0,0,0)
(0,0,0)
(0,0,0)
(0,0,0)
(0,0,0)
(0,0,0)
(0,0,0)
(0,0,0)
(0,0,0)
(0,0,0)
(0,0,0)
(0,0,0)
(0,0,0)
(0,0,0)
(0,0,0)
(0,0,0)
(0,0,0)
(0,0,0)
(0,0,0)
(0,0,0)
(0,0,0)
(0,0,0)
(0,0,0)
(0,0,0)
(0,0,0)
(0,0,0)
(0,0,0)
(0,0,0)
(0,0,0)
(0,0,0)
(0,0,0)
(0,0,0)
(0,0,0)
(0,0,0)
(0,0,0)
(0,0,0)
(0,0,0)
(0,0,0)
(0,0,0)
(0,0,0)
(0,0,0)
(0,0,0)
(0,0,0)
(0,0,0)
(0,0,0)
(0,0,0)
(0,0,0)
(0,0,0)
(0,0,0)
(0,0,0)
(0,0,0)
(0,0,0)
(0,0,0)
(0,0,0)
(0,0,0)
(0,0,0)
(-5.44376935985361e-13,-2.39701478390028e-11,2.71680836155496e-11)
(-1.56267665307341e-12,-5.0618610138825e-11,2.55168674907034e-11)
(-2.96250542378321e-12,-8.09645924896482e-11,2.18327640478648e-11)
(-2.4485730384351e-12,-1.17083033605737e-10,1.58484485591969e-11)
(-7.11392096370261e-13,-1.6548924183032e-10,7.69956209788396e-12)
(2.72082154966239e-12,-2.29450988833768e-10,-3.76034113059806e-12)
(6.89232697320619e-12,-3.07557062185588e-10,-1.52816658217641e-11)
(9.14653597643991e-12,-3.87061414694092e-10,-1.65811940652705e-11)
(8.64267175966503e-12,-4.53461705506814e-10,-1.13108535753835e-11)
(6.8389479260735e-12,-4.94126962972567e-10,-5.16311390618004e-12)
(0,0,0)
(0,0,0)
(0,0,0)
(0,0,0)
(0,0,0)
(0,0,0)
(-1.30582217681464e-12,-2.24692495245196e-11,5.56262203881984e-11)
(-3.07218871580369e-12,-4.7248669357855e-11,5.27939357610341e-11)
(-5.22878144685494e-12,-7.54186360977416e-11,4.63445190643947e-11)
(-5.077368031469e-12,-1.0938272814698e-10,3.46465021354735e-11)
(-1.93724269206177e-12,-1.54685488190044e-10,1.65083463549732e-11)
(5.84758008743005e-12,-2.17401101748775e-10,-1.1281801104141e-11)
(1.80723174799839e-11,-3.0518865048515e-10,-4.6744611481617e-11)
(2.18838332383702e-11,-3.91273820124952e-10,-4.58367301909673e-11)
(1.89403861155237e-11,-4.59107536376094e-10,-2.79053786088294e-11)
(1.55596308830734e-11,-4.99068291299241e-10,-1.21200335154855e-11)
(0,0,0)
(0,0,0)
(0,0,0)
(0,0,0)
(0,0,0)
(0,0,0)
(-9.68729079178912e-13,-1.9568293422544e-11,9.00368272046122e-11)
(-3.39465101424841e-12,-4.10173503226692e-11,8.57848503520098e-11)
(-5.75069132404575e-12,-6.44656249087032e-11,7.64273204094374e-11)
(-6.39049627951917e-12,-9.18176514351044e-11,5.99699791505992e-11)
(-2.65399258932287e-12,-1.27062790781248e-10,3.25138299037082e-11)
(9.28193695189704e-12,-1.80344109719132e-10,-1.72354770708675e-11)
(4.39801630770973e-11,-3.03906555863656e-10,-1.30378742986317e-10)
(4.62090583609796e-11,-4.06756725646097e-10,-1.07905552758955e-10)
(3.36952897044035e-11,-4.73231743083391e-10,-5.1490050622536e-11)
(2.68279341502939e-11,-5.09770389729071e-10,-1.87400718990855e-11)
(0,0,0)
(0,0,0)
(0,0,0)
(0,0,0)
(0,0,0)
(0,0,0)
(-1.58299567180114e-12,-1.52300164227293e-11,1.31255976156995e-10)
(-4.69123636780043e-12,-3.20263399225308e-11,1.26685910738373e-10)
(-7.57050877454864e-12,-4.88738972606992e-11,1.15813177133947e-10)
(-1.01579236047258e-11,-6.51991355999071e-11,9.75673764899331e-11)
(-9.76044105369112e-12,-7.73629499839447e-11,6.89669354777402e-11)
(-5.04054533553723e-12,-6.49322502547112e-11,2.9191528501094e-11)
(1.02399698353979e-10,-3.25931512708257e-10,1.07099999645442e-16)
(9.64775127418237e-11,-4.5824797738941e-10,-2.39654487504305e-10)
(4.86202531386453e-11,-5.02202429410043e-10,-6.87956862667822e-11)
(3.46699589498057e-11,-5.26080616617002e-10,-1.73065972488436e-11)
(0,0,0)
(0,0,0)
(0,0,0)
(0,0,0)
(0,0,0)
(0,0,0)
(-1.63349635203262e-12,-1.08382787141808e-11,1.82993596357309e-10)
(-5.65002274756567e-12,-2.19166526507438e-11,1.78311770357026e-10)
(-1.0020352205588e-11,-3.16525235424772e-11,1.67367352170899e-10)
(-1.5853440038462e-11,-3.83220476886102e-11,1.48825732283306e-10)
(-2.23852027616279e-11,-3.91687011042751e-11,1.1831447093193e-10)
(-2.75530303555023e-11,-3.16417129106969e-11,6.87343377058658e-11)
(-3.42601176393155e-17,3.95991889656977e-16,-2.99006496626626e-17)
(4.64867362028256e-11,-6.22397450481095e-10,7.4569607061174e-17)
(3.74460530004291e-11,-5.46393593186947e-10,5.29090755337136e-12)
(3.08507995739271e-11,-5.39089169113148e-10,9.17315547452861e-12)
(0,0,0)
(0,0,0)
(0,0,0)
(0,0,0)
(0,0,0)
(0,0,0)
(-2.04062754015257e-12,-6.39066832695054e-12,2.44653665009811e-10)
(-6.83294040465764e-12,-1.21345257829215e-11,2.40683654293589e-10)
(-1.28412677511248e-11,-1.53458483454947e-11,2.31227778422408e-10)
(-2.24599849739907e-11,-1.29390342355346e-11,2.14446038454534e-10)
(-3.76700818080421e-11,-3.67977392254639e-13,1.83544540743468e-10)
(-5.64269472765461e-11,1.91200225684966e-11,1.20988668998373e-10)
(5.39773522069525e-18,2.34316247199302e-16,-4.95198362789146e-17)
(5.20623420355828e-11,-5.98170389350279e-10,-2.14058908236644e-16)
(2.94794109409848e-11,-5.38443641945315e-10,6.51262914233611e-11)
(2.30250024398955e-11,-5.24249138987374e-10,4.20444871953945e-11)
(0,0,0)
(0,0,0)
(0,0,0)
(0,0,0)
(0,0,0)
(0,0,0)
(-1.97712839489159e-12,-2.77818327437714e-12,3.13170379933019e-10)
(-7.18973468327e-12,-4.2813330397853e-12,3.1054410426534e-10)
(-1.46200779256457e-11,-2.19899389318834e-12,3.04344004278527e-10)
(-2.81039148127737e-11,9.22704157230747e-12,2.9328618467043e-10)
(-5.41832471487833e-11,4.17533641057233e-11,2.71704101373528e-10)
(-1.02170583065127e-10,9.9739566191661e-11,2.13676245108935e-10)
(3.71144567723364e-17,3.77050878307615e-16,-5.06701183669603e-16)
(-1.98681248679133e-11,-6.32750513698601e-10,4.09464043651741e-10)
(6.01952954746653e-12,-5.02791006470499e-10,1.99233214015838e-10)
(1.05839437051414e-11,-4.76164956927911e-10,8.91568412335607e-11)
(0,0,0)
(0,0,0)
(0,0,0)
(0,0,0)
(0,0,0)
(0,0,0)
(-1.93775865570886e-12,-5.1525326632388e-13,3.83982775835805e-10)
(-7.15365590173796e-12,1.07789851963207e-13,3.82589010332715e-10)
(-1.4435448419315e-11,4.74759435343212e-12,3.79590854060581e-10)
(-2.64988771348758e-11,2.07100794875096e-11,3.76842596843348e-10)
(-4.90886996587821e-11,7.34957986755506e-11,3.81809069670521e-10)
(-9.55949727142889e-11,2.49424403760686e-10,4.26977869524237e-10)
(1.69668268978413e-11,-4.09464157155935e-10,6.73215386343118e-10)
(-9.4449413352939e-13,-4.04196532048739e-10,4.15903393074587e-10)
(2.02729903703055e-12,-3.85345414302926e-10,2.45233451748034e-10)
(4.65042536786384e-12,-3.83134920770097e-10,1.16147275050279e-10)
(0,0,0)
(0,0,0)
(0,0,0)
(0,0,0)
(0,0,0)
(0,0,0)
(-2.08081672166603e-12,4.39103756116844e-13,4.44391172518574e-10)
(-6.71245085369693e-12,1.24700919590779e-12,4.43552046186313e-10)
(-1.26096745204642e-11,3.86404155874278e-12,4.42056066102896e-10)
(-2.10071729225422e-11,9.41809982087093e-12,4.41388436862188e-10)
(-3.16877584787233e-11,1.93186400461753e-11,4.44479068357693e-10)
(-3.78858072134439e-11,1.24210197780241e-11,4.58460006240415e-10)
(-9.06063479691708e-12,-1.72427209012147e-10,4.85202115727347e-10)
(-3.81882652753663e-12,-2.32782933279892e-10,3.82254864429043e-10)
(3.53022004940366e-14,-2.54574204497598e-10,2.5749504323316e-10)
(2.62738835189853e-12,-2.66148019775358e-10,1.29683801585859e-10)
(0,0,0)
(0,0,0)
(0,0,0)
(0,0,0)
(0,0,0)
(0,0,0)
(-2.57911676016627e-12,3.36755441400456e-13,4.81465119361985e-10)
(-6.47838142454006e-12,7.74825713733856e-13,4.80551054536909e-10)
(-1.11896840197348e-11,1.5191656615028e-12,4.7953782602059e-10)
(-1.71188631567011e-11,1.94655114718295e-12,4.78425323033293e-10)
(-2.29120588221931e-11,-4.20222685702268e-13,4.76933434404556e-10)
(-2.32357622058267e-11,-1.74395070964927e-11,4.72322097176287e-10)
(-1.23326804490659e-11,-7.42121193219265e-11,4.51262062292027e-10)
(-4.98468140538164e-12,-1.0847339782236e-10,3.74065773614538e-10)
(-1.23327340898681e-12,-1.26795685430038e-10,2.64884284976284e-10)
(7.65637733049833e-13,-1.36841193328587e-10,1.37642246813493e-10)
(0,0,0)
(0,0,0)
(0,0,0)
(0,0,0)
(0,0,0)
(0,0,0)
(0,0,0)
(0,0,0)
(0,0,0)
(0,0,0)
(0,0,0)
(0,0,0)
(0,0,0)
(0,0,0)
(0,0,0)
(0,0,0)
(0,0,0)
(0,0,0)
(0,0,0)
(0,0,0)
(0,0,0)
(0,0,0)
(0,0,0)
(0,0,0)
(0,0,0)
(0,0,0)
(0,0,0)
(0,0,0)
(0,0,0)
(0,0,0)
(0,0,0)
(0,0,0)
(0,0,0)
(0,0,0)
(0,0,0)
(0,0,0)
(0,0,0)
(0,0,0)
(0,0,0)
(0,0,0)
(0,0,0)
(0,0,0)
(0,0,0)
(0,0,0)
(0,0,0)
(0,0,0)
(0,0,0)
(0,0,0)
(0,0,0)
(0,0,0)
(0,0,0)
(0,0,0)
(0,0,0)
(0,0,0)
(0,0,0)
(0,0,0)
(0,0,0)
(0,0,0)
(0,0,0)
(0,0,0)
(0,0,0)
(0,0,0)
(0,0,0)
(0,0,0)
(0,0,0)
(0,0,0)
(0,0,0)
(0,0,0)
(0,0,0)
(0,0,0)
(0,0,0)
(0,0,0)
(0,0,0)
(0,0,0)
(0,0,0)
(0,0,0)
(0,0,0)
(0,0,0)
(0,0,0)
(0,0,0)
(0,0,0)
(0,0,0)
(0,0,0)
(0,0,0)
(0,0,0)
(0,0,0)
(0,0,0)
(0,0,0)
(0,0,0)
(0,0,0)
(0,0,0)
(0,0,0)
(0,0,0)
(0,0,0)
(0,0,0)
(0,0,0)
(0,0,0)
(0,0,0)
(0,0,0)
(0,0,0)
(0,0,0)
(0,0,0)
(-3.94059125547567e-13,-2.34843380399474e-11,2.73450850228746e-11)
(-1.2485139912396e-12,-5.01375684000757e-11,2.55317515708854e-11)
(-2.52414632700275e-12,-7.94732830877321e-11,2.1662506931501e-11)
(-1.99999203589374e-12,-1.1380167292459e-10,1.60567965017948e-11)
(-5.52425081818513e-14,-1.56732358594234e-10,8.71609528558508e-12)
(2.19225915583099e-12,-2.10979431664344e-10,-9.42703913399427e-13)
(5.82344351629609e-12,-2.74382646863582e-10,-1.0757691495487e-11)
(8.08860091735867e-12,-3.36382322656923e-10,-1.29950660216391e-11)
(8.14076295971767e-12,-3.83948673285824e-10,-9.54948875999048e-12)
(6.61716234654936e-12,-4.09887653599237e-10,-4.71976361249474e-12)
(0,0,0)
(0,0,0)
(0,0,0)
(0,0,0)
(0,0,0)
(0,0,0)
(-1.3744936516276e-12,-2.18801469793254e-11,5.5580896027998e-11)
(-2.85409105438395e-12,-4.6762366959418e-11,5.27903111632633e-11)
(-4.48377570694707e-12,-7.46440505358846e-11,4.62370314017102e-11)
(-4.5042889628342e-12,-1.06963018614602e-10,3.5381547744476e-11)
(-1.76979264178453e-12,-1.47096681359435e-10,1.92024366310251e-11)
(4.25339843525898e-12,-1.99582066618976e-10,-3.987742583823e-12)
(1.58823415678318e-11,-2.68902063283708e-10,-3.1687239565467e-11)
(1.94353871773559e-11,-3.36596991369953e-10,-3.38086989382713e-11)
(1.72792477295572e-11,-3.8637155272904e-10,-2.18808921223159e-11)
(1.41416957972959e-11,-4.12736397964713e-10,-1.00418374717005e-11)
(0,0,0)
(0,0,0)
(0,0,0)
(0,0,0)
(0,0,0)
(0,0,0)
(-1.05502922637559e-12,-1.95596153743676e-11,8.94912615933655e-11)
(-3.02813147182367e-12,-4.12405322343056e-11,8.52344553798395e-11)
(-4.88507771322166e-12,-6.49624070913539e-11,7.59291784230814e-11)
(-5.55286286785159e-12,-9.13181199089815e-11,6.04939946003333e-11)
(-2.60452641199343e-12,-1.2323335156535e-10,3.62258442505228e-11)
(7.01334340290516e-12,-1.67639568287361e-10,-4.13206927298772e-12)
(4.35319296943167e-11,-2.55579086511869e-10,-8.21806017685456e-11)
(4.12848079678706e-11,-3.39363886395406e-10,-7.51638960642047e-11)
(2.99159973076967e-11,-3.92639570106101e-10,-3.777675128664e-11)
(2.43980891391114e-11,-4.18779986937223e-10,-1.44395089792129e-11)
(0,0,0)
(0,0,0)
(0,0,0)
(0,0,0)
(0,0,0)
(0,0,0)
(-1.40466796173619e-12,-1.57777972578702e-11,1.28946406530684e-10)
(-3.92819003511737e-12,-3.30835612153887e-11,1.24323652847196e-10)
(-6.54608184881543e-12,-5.08199016015728e-11,1.13647181257262e-10)
(-8.43457050377983e-12,-6.78387702139688e-11,9.61909921041981e-11)
(-8.17928295675563e-12,-8.19110798889056e-11,6.93131527086018e-11)
(-9.13966127847283e-12,-8.1227235062117e-11,3.03090762516851e-11)
(1.61223842581354e-11,-2.20129964153734e-10,-1.26019508304572e-11)
(8.97681845959781e-11,-3.50959499746168e-10,-1.59516193756533e-10)
(4.13223278975862e-11,-4.04310241529914e-10,-4.69835813231655e-11)
(3.03719141970622e-11,-4.26246390439282e-10,-1.2251731188164e-11)
(0,0,0)
(0,0,0)
(0,0,0)
(0,0,0)
(0,0,0)
(0,0,0)
(-1.39928073899601e-12,-1.15660604830549e-11,1.73956592835282e-10)
(-4.48773142923791e-12,-2.36362631889496e-11,1.69306944819952e-10)
(-7.78540751496189e-12,-3.50331285832901e-11,1.58809825566777e-10)
(-1.07251921401808e-11,-4.31934555941202e-11,1.41034407818553e-10)
(-1.16057932475664e-11,-4.53480313996874e-11,1.12768064976928e-10)
(-9.5803982281419e-12,-3.7036626022733e-11,6.82073440017682e-11)
(2.29452680945233e-17,4.01405559584989e-16,-1.09886239556665e-16)
(1.69688420882522e-11,-3.87184778496256e-10,1.34441659026655e-11)
(2.56138538376718e-11,-4.17936823570301e-10,1.07936071652198e-11)
(2.51839249228856e-11,-4.28560285532655e-10,9.26169987386083e-12)
(0,0,0)
(0,0,0)
(0,0,0)
(0,0,0)
(0,0,0)
(0,0,0)
(-1.68310187650549e-12,-7.39460854250493e-12,2.25238625071572e-10)
(-5.23025727662752e-12,-1.45808256968363e-11,2.21309055419462e-10)
(-9.20638223558459e-12,-1.98814788419314e-11,2.11986616401391e-10)
(-1.37245630707174e-11,-2.02268849715206e-11,1.95493373033607e-10)
(-1.72355515609528e-11,-1.19063989551179e-11,1.67096017069674e-10)
(-1.60577723815141e-11,3.19982395904803e-12,1.13179060099836e-10)
(2.72021760701097e-17,2.69352286725599e-16,-1.46407621389645e-16)
(2.15159609016338e-11,-3.72616623442817e-10,4.83868985623192e-11)
(1.69085796941426e-11,-4.04861472789977e-10,6.18199451991626e-11)
(1.69853075756945e-11,-4.11103869168856e-10,3.59719049415631e-11)
(0,0,0)
(0,0,0)
(0,0,0)
(0,0,0)
(0,0,0)
(0,0,0)
(-1.6137827352638e-12,-4.09829521683654e-12,2.79005646657976e-10)
(-5.37875758821512e-12,-7.11950828338955e-12,2.76289074344444e-10)
(-1.05088465641357e-11,-7.51861223683929e-12,2.69785438939867e-10)
(-1.80048694311119e-11,-1.00043578037621e-12,2.57911878297825e-10)
(-2.78978254539989e-11,2.08529610415809e-11,2.3605648360084e-10)
(-3.8178668824041e-11,5.92901176242813e-11,1.83845213059303e-10)
(2.09683415094824e-17,3.36657386546002e-16,-4.62712026903373e-16)
(-3.81912768819139e-11,-3.60445565121296e-10,2.56703939061469e-10)
(-1.34968983786666e-12,-3.69499952721051e-10,1.48573840315326e-10)
(6.71074878077163e-12,-3.69595302941146e-10,7.03732486690281e-11)
(0,0,0)
(0,0,0)
(0,0,0)
(0,0,0)
(0,0,0)
(0,0,0)
(-1.49835017508534e-12,-1.91866546468219e-12,3.31530384588925e-10)
(-5.29471897355566e-12,-2.65858921151202e-12,3.29790220789025e-10)
(-1.08036384073746e-11,-5.16021599017942e-13,3.25967476497093e-10)
(-2.0173370295405e-11,9.23185794565214e-12,3.20523114407258e-10)
(-4.0080340883125e-11,4.20215604572408e-11,3.15745704687716e-10)
(-1.04829105550518e-10,1.42252114519622e-10,3.21324978279711e-10)
(3.72418720226479e-11,-2.42751313063292e-10,3.71802392434495e-10)
(-1.68815157580695e-12,-2.80163593182882e-10,2.90000335160298e-10)
(3.42265929486767e-13,-2.92953712876497e-10,1.86766642162876e-10)
(3.81079942332682e-12,-2.97773444204905e-10,9.10770888245526e-11)
(0,0,0)
(0,0,0)
(0,0,0)
(0,0,0)
(0,0,0)
(0,0,0)
(-1.13934207467153e-12,-6.28474375333688e-13,3.72531086091395e-10)
(-4.74428728817093e-12,-9.07925873924768e-13,3.71658150231827e-10)
(-9.59716938248871e-12,2.58058011286511e-13,3.69239121157864e-10)
(-1.66262557443452e-11,3.66888265231687e-12,3.65913679032059e-10)
(-2.592983362957e-11,8.93014712707821e-12,3.62757126374578e-10)
(-3.47673898258635e-11,-9.75040729101312e-13,3.61244821495056e-10)
(-4.32847318892467e-12,-1.23775500606692e-10,3.55927991214464e-10)
(-3.3685407891959e-12,-1.75432410668817e-10,2.90741788564481e-10)
(6.80247801973994e-14,-1.97164561968965e-10,1.99685052969179e-10)
(3.00436349104758e-12,-2.06085952108692e-10,1.00833430720026e-10)
(0,0,0)
(0,0,0)
(0,0,0)
(0,0,0)
(0,0,0)
(0,0,0)
(-1.32829649368938e-12,-1.27939018274582e-13,3.95512346513475e-10)
(-4.69032719448704e-12,-2.89550821596594e-13,3.94555737869845e-10)
(-8.55801537093446e-12,-2.69381580269942e-13,3.92675462924999e-10)
(-1.36804233807819e-11,-4.90306571131169e-14,3.89236809739948e-10)
(-1.87209442796259e-11,-2.43508739933664e-12,3.8430062683863e-10)
(-1.96152344180601e-11,-1.64760518415184e-11,3.74662905004594e-10)
(-9.34851109350281e-12,-5.75207075382072e-11,3.50418435609775e-10)
(-4.27659058948311e-12,-8.44515699625416e-11,2.90291573714793e-10)
(-7.869206762399e-13,-9.85817247221792e-11,2.05010841846079e-10)
(1.56669121794687e-12,-1.05099527840313e-10,1.05688023611957e-10)
(0,0,0)
(0,0,0)
(0,0,0)
(0,0,0)
(0,0,0)
(0,0,0)
(0,0,0)
(0,0,0)
(0,0,0)
(0,0,0)
(0,0,0)
(0,0,0)
(0,0,0)
(0,0,0)
(0,0,0)
(0,0,0)
(0,0,0)
(0,0,0)
(0,0,0)
(0,0,0)
(0,0,0)
(0,0,0)
(0,0,0)
(0,0,0)
(0,0,0)
(0,0,0)
(0,0,0)
(0,0,0)
(0,0,0)
(0,0,0)
(0,0,0)
(0,0,0)
(0,0,0)
(0,0,0)
(0,0,0)
(0,0,0)
(0,0,0)
(0,0,0)
(0,0,0)
(0,0,0)
(0,0,0)
(0,0,0)
(0,0,0)
(0,0,0)
(0,0,0)
(0,0,0)
(0,0,0)
(0,0,0)
(0,0,0)
(0,0,0)
(0,0,0)
(0,0,0)
(0,0,0)
(0,0,0)
(0,0,0)
(0,0,0)
(0,0,0)
(0,0,0)
(0,0,0)
(0,0,0)
(0,0,0)
(0,0,0)
(0,0,0)
(0,0,0)
(0,0,0)
(0,0,0)
(0,0,0)
(0,0,0)
(0,0,0)
(0,0,0)
(0,0,0)
(0,0,0)
(0,0,0)
(0,0,0)
(0,0,0)
(0,0,0)
(0,0,0)
(0,0,0)
(0,0,0)
(0,0,0)
(0,0,0)
(0,0,0)
(0,0,0)
(0,0,0)
(0,0,0)
(0,0,0)
(0,0,0)
(0,0,0)
(0,0,0)
(0,0,0)
(0,0,0)
(0,0,0)
(0,0,0)
(0,0,0)
(0,0,0)
(0,0,0)
(0,0,0)
(0,0,0)
(0,0,0)
(0,0,0)
(0,0,0)
(0,0,0)
(-1.84916734091301e-13,-2.4127953437987e-11,2.71158925248294e-11)
(-7.54470792570694e-13,-5.06468100243526e-11,2.52002467444687e-11)
(-1.74766844913239e-12,-7.86447814925736e-11,2.14523302368035e-11)
(-1.49794512965359e-12,-1.11062845026398e-10,1.64086464678292e-11)
(-3.21205440189922e-14,-1.50111528616982e-10,1.01342963681913e-11)
(6.09881692563903e-13,-1.96886941086334e-10,2.86397431242193e-12)
(2.58023446254864e-12,-2.48936987391042e-10,-4.73494146726424e-12)
(4.85769236882331e-12,-2.983345797389e-10,-7.74525989654731e-12)
(5.73391725541164e-12,-3.34469727976211e-10,-6.39021806534871e-12)
(4.74614309956164e-12,-3.525997447806e-10,-3.44211419296143e-12)
(0,0,0)
(0,0,0)
(0,0,0)
(0,0,0)
(0,0,0)
(0,0,0)
(-9.0444039185488e-13,-2.20363661269261e-11,5.60734941618118e-11)
(-1.82264601793307e-12,-4.66272870809014e-11,5.30494333460594e-11)
(-3.30993549424727e-12,-7.37485824384347e-11,4.68460025245639e-11)
(-3.97007655501566e-12,-1.04933969167296e-10,3.73726252416165e-11)
(-2.44294322101132e-12,-1.42305541482645e-10,2.36108505113275e-11)
(1.03970852839787e-14,-1.88253658039166e-10,6.10730138531124e-12)
(4.68082416878412e-12,-2.44050362274179e-10,-1.23824054578725e-11)
(1.02744753868766e-11,-2.97031928231939e-10,-1.71279505544402e-11)
(1.17082104560568e-11,-3.34916338953865e-10,-1.28712582447336e-11)
(1.01434472980685e-11,-3.5383968735811e-10,-6.54221846190723e-12)
(0,0,0)
(0,0,0)
(0,0,0)
(0,0,0)
(0,0,0)
(0,0,0)
(-5.80041129360875e-13,-1.91997022796655e-11,8.77654143330504e-11)
(-1.87982553396629e-12,-4.07903760978239e-11,8.38244635361966e-11)
(-3.59239938024562e-12,-6.49626031142082e-11,7.55366816426634e-11)
(-4.76406221301978e-12,-9.2018890171239e-11,6.24098949591549e-11)
(-3.56888456497852e-12,-1.24834795876069e-10,4.23002680551897e-11)
(-1.35045732678977e-12,-1.68471902008486e-10,1.26903757681876e-11)
(1.06610163187661e-12,-2.35526191162241e-10,-2.75017570160454e-11)
(1.54932765410908e-11,-2.9550076443568e-10,-2.97804946291781e-11)
(1.82494264240032e-11,-3.3629495052641e-10,-1.75110639194052e-11)
(1.74249836618715e-11,-3.56182313432695e-10,-7.33963923805053e-12)
(0,0,0)
(0,0,0)
(0,0,0)
(0,0,0)
(0,0,0)
(0,0,0)
(-9.93651053071015e-13,-1.53706525013326e-11,1.23817349283062e-10)
(-2.69901647164153e-12,-3.32902264076649e-11,1.19891246503772e-10)
(-4.8766657140362e-12,-5.29064067570619e-11,1.10389734403626e-10)
(-6.20204572806977e-12,-7.31626353792858e-11,9.51494773070024e-11)
(-5.73825498901919e-12,-9.58279522911399e-11,7.15712588517501e-11)
(-1.0419243235706e-11,-1.2801031086259e-10,3.25920049102444e-11)
(-5.709373837501e-11,-2.31753656168192e-10,-5.55539444859467e-11)
(1.34608509126793e-11,-2.98400641092076e-10,-3.59736581033608e-11)
(2.02170598030117e-11,-3.38210017780959e-10,-1.25996212332328e-11)
(2.04340781023168e-11,-3.56456627988993e-10,-2.78463702014784e-12)
(0,0,0)
(0,0,0)
(0,0,0)
(0,0,0)
(0,0,0)
(0,0,0)
(-9.21084664201443e-13,-1.16958189688529e-11,1.63542424286822e-10)
(-3.04604966818361e-12,-2.50769638476474e-11,1.5961283332913e-10)
(-5.16163950810182e-12,-3.94271343256308e-11,1.50355427902924e-10)
(-5.42541992116251e-12,-5.17790652458224e-11,1.35250419475641e-10)
(-4.86704716966984e-13,-5.92138018676003e-11,1.1327257576893e-10)
(1.83906056780834e-11,-4.60882298856027e-11,8.58883798681912e-11)
(-1.34441207903645e-11,-2.98108477543998e-10,7.15375583965032e-11)
(5.05124577226837e-12,-3.12400311102291e-10,3.4954092990302e-11)
(1.40704103486312e-11,-3.37873581011796e-10,2.32779214106461e-11)
(1.6989208432935e-11,-3.50831567807581e-10,1.28215822398544e-11)
(0,0,0)
(0,0,0)
(0,0,0)
(0,0,0)
(0,0,0)
(0,0,0)
(-1.0498455501097e-12,-8.24120869023979e-12,2.0692101317045e-10)
(-3.36913567197843e-12,-1.7246141768801e-11,2.03342835931202e-10)
(-5.07600547288358e-12,-2.62994480899949e-11,1.95127864637364e-10)
(-4.55365629793563e-12,-3.22107663729112e-11,1.81927911555504e-10)
(3.92204541220236e-12,-3.17406572618653e-11,1.63249714223378e-10)
(4.10311404607198e-11,-1.61161353988665e-11,1.41642513698396e-10)
(-4.83870850728641e-11,-2.70397075158055e-10,1.31432583767586e-10)
(-4.0881440567594e-12,-2.97964049250572e-10,9.29757185380512e-11)
(7.395099882919e-12,-3.2103330084923e-10,6.41870568420103e-11)
(1.14486462895768e-11,-3.31492924448314e-10,3.29962143153876e-11)
(0,0,0)
(0,0,0)
(0,0,0)
(0,0,0)
(0,0,0)
(0,0,0)
(-1.07684017385608e-12,-5.24471665031018e-12,2.50467457179225e-10)
(-3.33604125560453e-12,-1.04086498042148e-11,2.47673978422957e-10)
(-5.63787655982306e-12,-1.52531510799821e-11,2.41804061661233e-10)
(-6.3817684602134e-12,-1.63360181967302e-11,2.3255111322841e-10)
(3.14484567191128e-12,-8.15363639675768e-12,2.21112207216425e-10)
(6.27050100519337e-11,2.70110135393877e-11,2.20132758211361e-10)
(-1.39527310844203e-11,-2.71756290099295e-10,3.12871574659046e-10)
(-1.03431500741535e-11,-2.72180359986823e-10,1.89324418771956e-10)
(3.04661963822491e-13,-2.86829042741408e-10,1.15667969007834e-10)
(5.2621387134898e-12,-2.94580472465593e-10,5.59709535098266e-11)
(0,0,0)
(0,0,0)
(0,0,0)
(0,0,0)
(0,0,0)
(0,0,0)
(-1.04837746449153e-12,-3.08068705328108e-12,2.90430476285088e-10)
(-3.2226380193112e-12,-5.76921069375867e-12,2.88451982303972e-10)
(-6.13335592780302e-12,-8.38682474531089e-12,2.84491519843328e-10)
(-9.83298528252525e-12,-8.49969416194503e-12,2.78595717816691e-10)
(-1.25682011449696e-11,-5.35654926564531e-12,2.71576665492774e-10)
(-1.20793644566495e-11,-1.40238812096605e-11,2.68833863044806e-10)
(6.81168402532692e-14,-1.58792725964414e-10,2.76369778640378e-10)
(-3.18564109245929e-12,-2.06135147050835e-10,2.15854855215811e-10)
(2.4266836032043e-13,-2.27920286693544e-10,1.43559353655877e-10)
(3.20039615170523e-12,-2.37204240657126e-10,7.12813361596227e-11)
(0,0,0)
(0,0,0)
(0,0,0)
(0,0,0)
(0,0,0)
(0,0,0)
(-7.66941572109059e-13,-1.78264517976737e-12,3.20928568989906e-10)
(-2.94363326654466e-12,-3.28124618078425e-12,3.19557752062429e-10)
(-5.74428766513643e-12,-5.29819590151594e-12,3.1623037154844e-10)
(-9.75178977741985e-12,-6.80221308449955e-12,3.11018601134205e-10)
(-1.30522942236488e-11,-1.1035215736035e-11,3.03825846152247e-10)
(-1.39495484328137e-11,-3.11592082545596e-11,2.94392886823309e-10)
(-5.39706360737811e-12,-9.57609303474843e-11,2.76225445972518e-10)
(-3.29264590014859e-12,-1.34826933533844e-10,2.2556269201306e-10)
(3.36809782559626e-13,-1.55782392692563e-10,1.5637793290429e-10)
(2.85136994271193e-12,-1.64809467141442e-10,7.95442281865569e-11)
(0,0,0)
(0,0,0)
(0,0,0)
(0,0,0)
(0,0,0)
(0,0,0)
(-4.99626868333375e-13,-8.44783139772386e-13,3.3719374291901e-10)
(-3.0996030712376e-12,-1.46914003200397e-12,3.35856090226138e-10)
(-5.38874376615396e-12,-2.86677582003094e-12,3.3283957543828e-10)
(-8.79327113657639e-12,-4.37057738238622e-12,3.27366814332305e-10)
(-1.15183098449276e-11,-8.62275564127512e-12,3.18969517175039e-10)
(-1.18468168647643e-11,-2.09692835672303e-11,3.05253484352074e-10)
(-6.74235673672992e-12,-4.66638719305662e-11,2.7907580416757e-10)
(-3.44742868332509e-12,-6.66052614107352e-11,2.29927506382856e-10)
(-4.58271643072705e-14,-7.8669933629502e-11,1.62086252825919e-10)
(2.1551869895721e-12,-8.39542143663203e-11,8.33852487400711e-11)
(0,0,0)
(0,0,0)
(0,0,0)
(0,0,0)
(0,0,0)
(0,0,0)
(0,0,0)
(0,0,0)
(0,0,0)
(0,0,0)
(0,0,0)
(0,0,0)
(0,0,0)
(0,0,0)
(0,0,0)
(0,0,0)
(0,0,0)
(0,0,0)
(0,0,0)
(0,0,0)
(0,0,0)
(0,0,0)
(0,0,0)
(0,0,0)
(0,0,0)
(0,0,0)
(0,0,0)
(0,0,0)
(0,0,0)
(0,0,0)
(0,0,0)
(0,0,0)
(0,0,0)
(0,0,0)
(0,0,0)
(0,0,0)
(0,0,0)
(0,0,0)
(0,0,0)
(0,0,0)
(0,0,0)
(0,0,0)
(0,0,0)
(0,0,0)
(0,0,0)
(0,0,0)
(0,0,0)
(0,0,0)
(0,0,0)
(0,0,0)
(0,0,0)
(0,0,0)
(0,0,0)
(0,0,0)
(0,0,0)
(0,0,0)
(0,0,0)
(0,0,0)
(0,0,0)
(0,0,0)
(0,0,0)
(0,0,0)
(0,0,0)
(0,0,0)
(0,0,0)
(0,0,0)
(0,0,0)
(0,0,0)
(0,0,0)
(0,0,0)
(0,0,0)
(0,0,0)
(0,0,0)
(0,0,0)
(0,0,0)
(0,0,0)
(0,0,0)
(0,0,0)
(0,0,0)
(0,0,0)
(0,0,0)
(0,0,0)
(0,0,0)
(0,0,0)
(0,0,0)
(0,0,0)
(0,0,0)
(0,0,0)
(0,0,0)
(0,0,0)
(0,0,0)
(0,0,0)
(0,0,0)
(0,0,0)
(0,0,0)
(0,0,0)
(0,0,0)
(0,0,0)
(0,0,0)
(0,0,0)
(0,0,0)
(0,0,0)
(-3.60858264791952e-13,-2.37908886240235e-11,2.74735222299031e-11)
(-1.02607722835449e-12,-4.91818278066854e-11,2.57442096453649e-11)
(-1.60018373430601e-12,-7.62823504900764e-11,2.23486571891953e-11)
(-1.3524708891e-12,-1.07780886089464e-10,1.77101124752057e-11)
(-5.67785622596328e-13,-1.44792980332709e-10,1.20655817947499e-11)
(-4.24485574874305e-13,-1.86515266707982e-10,6.41447743215105e-12)
(7.03927774910383e-13,-2.31206899428299e-10,5.69602383294517e-13)
(2.19999903062842e-12,-2.71880985578752e-10,-2.9477704415272e-12)
(3.23242436066485e-12,-3.01028659626541e-10,-3.37798886240726e-12)
(2.54397148413094e-12,-3.15553980122124e-10,-2.07311774813962e-12)
(0,0,0)
(0,0,0)
(0,0,0)
(0,0,0)
(0,0,0)
(0,0,0)
(-7.17043423367986e-13,-2.21946739759861e-11,5.62920017936175e-11)
(-1.45612617953547e-12,-4.61652696425064e-11,5.32811231570842e-11)
(-2.62253753549028e-12,-7.23925579569619e-11,4.7594456990356e-11)
(-3.1233808207831e-12,-1.02719699352622e-10,3.9361272313902e-11)
(-2.41013970157031e-12,-1.38950268784554e-10,2.78717802206619e-11)
(-1.28165210223904e-12,-1.8038803503567e-10,1.48310918197078e-11)
(9.02198153469643e-13,-2.26821139462929e-10,2.38783038237533e-12)
(4.48661928092208e-12,-2.69773093363607e-10,-3.87306892496016e-12)
(6.75778224578787e-12,-3.00341782691508e-10,-4.90264967143324e-12)
(5.9438549108094e-12,-3.15698596458454e-10,-3.08962949405147e-12)
(0,0,0)
(0,0,0)
(0,0,0)
(0,0,0)
(0,0,0)
(0,0,0)
(-4.68140110840989e-13,-1.94334349551103e-11,8.56427418936014e-11)
(-1.09219333060314e-12,-4.11432510685909e-11,8.2087561692058e-11)
(-2.52180905386538e-12,-6.53571294019364e-11,7.4925058434011e-11)
(-3.51069010101896e-12,-9.27546332397215e-11,6.38081523432487e-11)
(-2.96583586289179e-12,-1.2681456698048e-10,4.77667637773518e-11)
(-1.61991568838565e-12,-1.68217128769312e-10,2.70245928088835e-11)
(-4.27695749136919e-13,-2.19513961372827e-10,5.25816981110038e-12)
(6.12372248769658e-12,-2.65725069014399e-10,-3.05921004741635e-12)
(9.99306899712447e-12,-2.98468819097877e-10,-3.52997333742364e-12)
(1.03596589801032e-11,-3.15403957339463e-10,-1.69985439113611e-12)
(0,0,0)
(0,0,0)
(0,0,0)
(0,0,0)
(0,0,0)
(0,0,0)
(-7.42381806302874e-13,-1.58714367243115e-11,1.19036867157428e-10)
(-1.41076693149385e-12,-3.44740292427474e-11,1.15568380360088e-10)
(-3.11568104881103e-12,-5.53601990943579e-11,1.07183371028903e-10)
(-4.00739740628916e-12,-7.84425817920045e-11,9.40941489266584e-11)
(-3.37315147105569e-12,-1.0757093160043e-10,7.59046625437641e-11)
(-4.19537481649786e-12,-1.47555742739052e-10,5.08107679121218e-11)
(-1.03192033818023e-11,-2.11905857002197e-10,1.9278639972257e-11)
(4.08648405276764e-12,-2.6158882827401e-10,9.10760573033913e-12)
(1.00656388206796e-11,-2.9463892669992e-10,6.2346589210086e-12)
(1.20243809007665e-11,-3.11295867580586e-10,3.74308707979968e-12)
(0,0,0)
(0,0,0)
(0,0,0)
(0,0,0)
(0,0,0)
(0,0,0)
(-4.46103985153893e-13,-1.26203649631303e-11,1.55805326843357e-10)
(-1.61946632081985e-12,-2.68276496254518e-11,1.52402346362553e-10)
(-3.18431731644088e-12,-4.37035461135691e-11,1.44351321216222e-10)
(-3.01587508739985e-12,-6.22620536905431e-11,1.31315746913747e-10)
(-5.75653421927713e-13,-8.44533426606499e-11,1.1360773481992e-10)
(2.76933266306556e-12,-1.1918725347655e-10,9.23741340533858e-11)
(-4.57205777016104e-12,-2.10781371232848e-10,7.0805830616486e-11)
(2.2911555002572e-12,-2.56594701786047e-10,4.79828658387479e-11)
(7.68646935704553e-12,-2.86233719273724e-10,3.10935416110954e-11)
(1.04721473134989e-11,-3.00827603052167e-10,1.57549254723696e-11)
(0,0,0)
(0,0,0)
(0,0,0)
(0,0,0)
(0,0,0)
(0,0,0)
(-4.68160350760897e-13,-9.50079387513662e-12,1.93742697705815e-10)
(-1.99165634270635e-12,-1.96433717274338e-11,1.91000496832903e-10)
(-2.92234940106566e-12,-3.22295054192824e-11,1.84346081176428e-10)
(-1.7502071419694e-12,-4.60759797639965e-11,1.73098904681726e-10)
(1.94222507208866e-12,-6.32281270787884e-11,1.57857336835801e-10)
(8.11392145328407e-12,-9.51642986122295e-11,1.4072279455542e-10)
(-8.57100490212067e-12,-1.9171948665336e-10,1.23383291643996e-10)
(-1.08317162466826e-12,-2.38740671771405e-10,9.26206636291294e-11)
(4.38168430172072e-12,-2.66603498047735e-10,6.17784668354419e-11)
(7.53240862229643e-12,-2.79621935518024e-10,3.10234678806104e-11)
(0,0,0)
(0,0,0)
(0,0,0)
(0,0,0)
(0,0,0)
(0,0,0)
(-4.47391014634024e-13,-6.94159297108894e-12,2.31087450044605e-10)
(-2.1055636043539e-12,-1.37672915807995e-11,2.28996453411664e-10)
(-3.25125446166962e-12,-2.24882937178302e-11,2.24063474507425e-10)
(-2.77918648299966e-12,-3.18916438729699e-11,2.15399835740164e-10)
(1.32720754587973e-12,-4.44017203821757e-11,2.03920832347209e-10)
(1.10010883533093e-11,-7.12687167235199e-11,1.93764511456379e-10)
(-3.36913933214228e-12,-1.68275873876784e-10,1.90863838571205e-10)
(-2.73191324592907e-12,-2.09469283123129e-10,1.43401709742076e-10)
(1.09292141400143e-12,-2.33769390970203e-10,9.42970295526416e-11)
(3.85686041484521e-12,-2.44896494209147e-10,4.6540796811499e-11)
(0,0,0)
(0,0,0)
(0,0,0)
(0,0,0)
(0,0,0)
(0,0,0)
(-3.67925356884631e-13,-4.84605592430179e-12,2.63989144179569e-10)
(-1.75014007168708e-12,-9.37450108158356e-12,2.62506382392851e-10)
(-3.32618274489978e-12,-1.5495494380182e-11,2.58678197840981e-10)
(-4.51141403608223e-12,-2.21093912926705e-11,2.51680556639843e-10)
(-4.14673222662559e-12,-3.28938625634725e-11,2.41515506754509e-10)
(-2.4799530072207e-12,-5.91352698996587e-11,2.29518922793327e-10)
(-2.44875535220758e-12,-1.23363867314478e-10,2.1333301113728e-10)
(-2.19835304953014e-12,-1.62824027767648e-10,1.70390830714799e-10)
(3.82791855581993e-13,-1.8593290450656e-10,1.16035480937194e-10)
(2.08695879564549e-12,-1.96505995354337e-10,5.83670967326996e-11)
(0,0,0)
(0,0,0)
(0,0,0)
(0,0,0)
(0,0,0)
(0,0,0)
(-3.33986684637414e-13,-3.32078036982752e-12,2.88407472126213e-10)
(-1.428358901307e-12,-6.0223692625532e-12,2.86940355725536e-10)
(-2.96393733238572e-12,-1.04289020867273e-11,2.83162657579696e-10)
(-4.99067049757964e-12,-1.49435525184393e-11,2.7605553554352e-10)
(-6.03179498950191e-12,-2.3690082031195e-11,2.65632985460961e-10)
(-5.97203226936181e-12,-4.4478518039077e-11,2.51159809761242e-10)
(-3.83136806480593e-12,-8.15317422685462e-11,2.2700618870647e-10)
(-2.32955891447443e-12,-1.09861726530688e-10,1.84268065894358e-10)
(5.805543726152e-14,-1.28489301246561e-10,1.28404389831604e-10)
(1.54034535413771e-12,-1.37251468311108e-10,6.57640759054083e-11)
(0,0,0)
(0,0,0)
(0,0,0)
(0,0,0)
(0,0,0)
(0,0,0)
(-6.75731523419415e-15,-1.86035674789577e-12,3.00609916818191e-10)
(-1.55222831538354e-12,-2.90298755180115e-12,2.98890908540878e-10)
(-2.78275848020945e-12,-5.35441470335334e-12,2.9511171139879e-10)
(-4.76655136169503e-12,-7.79860875180509e-12,2.87783460515755e-10)
(-6.42503266323814e-12,-1.28656410045432e-11,2.77141799379847e-10)
(-6.63842024749067e-12,-2.38559342640746e-11,2.61039274468989e-10)
(-4.25793088258915e-12,-4.07949192709438e-11,2.33772690361186e-10)
(-2.21143653712318e-12,-5.52872128348121e-11,1.90720401044909e-10)
(-1.4756707980895e-14,-6.56768650626188e-11,1.34244354905693e-10)
(1.58622136330975e-12,-7.04055706350006e-11,6.90640175723796e-11)
(0,0,0)
(0,0,0)
(0,0,0)
(0,0,0)
(0,0,0)
(0,0,0)
(0,0,0)
(0,0,0)
(0,0,0)
(0,0,0)
(0,0,0)
(0,0,0)
(0,0,0)
(0,0,0)
(0,0,0)
(0,0,0)
(0,0,0)
(0,0,0)
(0,0,0)
(0,0,0)
(0,0,0)
(0,0,0)
(0,0,0)
(0,0,0)
(0,0,0)
(0,0,0)
(0,0,0)
(0,0,0)
(0,0,0)
(0,0,0)
(0,0,0)
(0,0,0)
(0,0,0)
(0,0,0)
(0,0,0)
(0,0,0)
(0,0,0)
(0,0,0)
(0,0,0)
(0,0,0)
(0,0,0)
(0,0,0)
(0,0,0)
(0,0,0)
(0,0,0)
(0,0,0)
(0,0,0)
(0,0,0)
(0,0,0)
(0,0,0)
(0,0,0)
(0,0,0)
(0,0,0)
(0,0,0)
(0,0,0)
(0,0,0)
(0,0,0)
(0,0,0)
(0,0,0)
(0,0,0)
(0,0,0)
(0,0,0)
(0,0,0)
(0,0,0)
(0,0,0)
(0,0,0)
(0,0,0)
(0,0,0)
(0,0,0)
(0,0,0)
(0,0,0)
(0,0,0)
(0,0,0)
(0,0,0)
(0,0,0)
(0,0,0)
(0,0,0)
(0,0,0)
(0,0,0)
(0,0,0)
(0,0,0)
(0,0,0)
(0,0,0)
(0,0,0)
(0,0,0)
(0,0,0)
(0,0,0)
(0,0,0)
(0,0,0)
(0,0,0)
(0,0,0)
(0,0,0)
(0,0,0)
(0,0,0)
(0,0,0)
(0,0,0)
(0,0,0)
(0,0,0)
(0,0,0)
(0,0,0)
(0,0,0)
(0,0,0)
(-2.27760328277421e-13,-2.28870359534618e-11,2.81678130174875e-11)
(-6.47082936376252e-13,-4.71755299757626e-11,2.66951068891754e-11)
(-8.51431553407503e-13,-7.37974820187716e-11,2.35928624683855e-11)
(-7.69126945479075e-13,-1.06075055870697e-10,1.94299008711498e-11)
(-7.59392808183734e-13,-1.42116236538885e-10,1.41892659273024e-11)
(-7.06842198319679e-13,-1.81131380304529e-10,8.86393890975272e-12)
(-1.6445936564408e-13,-2.22236848510234e-10,3.81375028130062e-12)
(5.22325236375527e-13,-2.58466436636664e-10,2.15343771579888e-13)
(1.24067631137288e-12,-2.84238840760147e-10,-1.07118033986033e-12)
(6.15470072311e-13,-2.97549242818613e-10,-5.65283202056636e-13)
(0,0,0)
(0,0,0)
(0,0,0)
(0,0,0)
(0,0,0)
(0,0,0)
(-4.67403807719963e-13,-2.16420901534438e-11,5.67376292855233e-11)
(-7.91478586702422e-13,-4.47203684913728e-11,5.39390670261683e-11)
(-1.42478141402105e-12,-7.0485951974943e-11,4.89250602571317e-11)
(-1.59895484050488e-12,-1.01603547872331e-10,4.16215984005376e-11)
(-1.50515310467638e-12,-1.37550302329496e-10,3.13412272034214e-11)
(-1.00929693127053e-12,-1.76788033874354e-10,2.00657578525092e-11)
(-1.44080629316015e-13,-2.18802901366214e-10,1.02301816516473e-11)
(1.46817567816584e-12,-2.56657587288809e-10,3.60498512275949e-12)
(3.07179847476556e-12,-2.83504061586583e-10,1.05950656413652e-13)
(2.5595862977656e-12,-2.97499055948362e-10,-5.82036272672208e-13)
(0,0,0)
(0,0,0)
(0,0,0)
(0,0,0)
(0,0,0)
(0,0,0)
(-4.7495814006389e-13,-1.93109317018016e-11,8.47351671817978e-11)
(-5.98911898394571e-13,-4.04978403090274e-11,8.14181088934471e-11)
(-1.40183327070543e-12,-6.46072715323801e-11,7.51712032558622e-11)
(-1.78135298285753e-12,-9.29221315157102e-11,6.51580757311779e-11)
(-1.46730027446424e-12,-1.27779986083267e-10,5.0971552721307e-11)
(-5.14878720883971e-13,-1.67961754604765e-10,3.37636746224621e-11)
(2.81579738773655e-13,-2.12321785466647e-10,1.79376932511898e-11)
(2.45824503728747e-12,-2.51690377144287e-10,8.52899341266593e-12)
(4.33305765285709e-12,-2.79744276182737e-10,3.53539908386438e-12)
(4.55171483010447e-12,-2.95521505923264e-10,1.26775709383152e-12)
(0,0,0)
(0,0,0)
(0,0,0)
(0,0,0)
(0,0,0)
(0,0,0)
(-5.24966770123976e-13,-1.64688315535202e-11,1.16516834616858e-10)
(-6.7213721763659e-13,-3.48498465697929e-11,1.12965657025889e-10)
(-1.68311192732084e-12,-5.59959772784181e-11,1.05206524177266e-10)
(-1.99843912487264e-12,-8.05169614887132e-11,9.31886585974094e-11)
(-1.39684577918069e-12,-1.12039408258888e-10,7.75220740095938e-11)
(-1.03173613914009e-12,-1.52650651954378e-10,5.78617060557847e-11)
(-1.2726549091366e-12,-2.02631505889351e-10,3.72048684341546e-11)
(1.96530437407352e-12,-2.44238537778195e-10,2.3251710529831e-11)
(4.15200323575626e-12,-2.73143576539846e-10,1.37965064644934e-11)
(5.29920345218846e-12,-2.8970203399933e-10,6.69888472665488e-12)
(0,0,0)
(0,0,0)
(0,0,0)
(0,0,0)
(0,0,0)
(0,0,0)
(-1.626945922957e-13,-1.34426207326711e-11,1.51035007519451e-10)
(-7.52719072496571e-13,-2.77628509388058e-11,1.47683420427884e-10)
(-1.62278370829723e-12,-4.56612236259316e-11,1.40152624396719e-10)
(-1.49393692012782e-12,-6.68488160257185e-11,1.28313061286948e-10)
(-5.67268237222749e-13,-9.3775886084241e-11,1.12600920709085e-10)
(3.14681235615177e-13,-1.33025550471928e-10,9.37913409475267e-11)
(-8.10977571889875e-13,-1.89951002894182e-10,7.31786020421878e-11)
(1.32644971321221e-12,-2.32818029338732e-10,5.26392323821776e-11)
(3.3948642698013e-12,-2.6189395156627e-10,3.41665231653745e-11)
(5.02140525168989e-12,-2.77703945820493e-10,1.71093772040031e-11)
(0,0,0)
(0,0,0)
(0,0,0)
(0,0,0)
(0,0,0)
(0,0,0)
(-2.85160381893864e-13,-1.02537282334124e-11,1.85574513543749e-10)
(-1.21332083284166e-12,-2.09847739801283e-11,1.83330862903813e-10)
(-1.41638460784286e-12,-3.54444442245046e-11,1.77430923509379e-10)
(-6.92975187059269e-13,-5.26306123679327e-11,1.67416654432324e-10)
(2.50360655797154e-13,-7.55335745599186e-11,1.53641650745339e-10)
(1.55784247595323e-12,-1.12098130330965e-10,1.36641538832716e-10)
(-1.25198966369085e-12,-1.70222610806059e-10,1.16274153916579e-10)
(4.87636520730202e-13,-2.13018870408738e-10,8.91059308163156e-11)
(2.30257617900382e-12,-2.4144194133507e-10,6.00886741273789e-11)
(3.83043519398043e-12,-2.55573163364802e-10,3.03169999292654e-11)
(0,0,0)
(0,0,0)
(0,0,0)
(0,0,0)
(0,0,0)
(0,0,0)
(-4.51931428513756e-13,-8.29523797537064e-12,2.20865746573021e-10)
(-1.56537519929848e-12,-1.62981554185349e-11,2.18972469660034e-10)
(-1.58041503201493e-12,-2.68465597553121e-11,2.13840872683235e-10)
(-1.08243567038983e-12,-3.95485838680148e-11,2.05433940437775e-10)
(-2.43293820063258e-14,-5.82831019914466e-11,1.93606644276999e-10)
(1.76831441468713e-12,-9.01729029389117e-11,1.78551092608385e-10)
(-8.19017065428056e-13,-1.44306377369468e-10,1.59617772222549e-10)
(-2.72488411984317e-13,-1.83513977199092e-10,1.25345293348779e-10)
(1.0126676914914e-12,-2.09367690957941e-10,8.53556476393676e-11)
(2.00715837153458e-12,-2.21425728241548e-10,4.29560331227515e-11)
(0,0,0)
(0,0,0)
(0,0,0)
(0,0,0)
(0,0,0)
(0,0,0)
(-4.10439124611847e-13,-6.85389249086643e-12,2.51176071258968e-10)
(-1.27408733886066e-12,-1.27319336410513e-11,2.49168643033247e-10)
(-1.39513383722612e-12,-2.00200425418379e-11,2.44175500898571e-10)
(-1.51220292496545e-12,-2.88037233776372e-11,2.3667779328315e-10)
(-1.35392879770985e-12,-4.32518797048234e-11,2.2536798909564e-10)
(-9.50793211809674e-13,-6.94712681384748e-11,2.0943027344579e-10)
(-1.33869997560229e-12,-1.10852915561059e-10,1.86849592614764e-10)
(-8.05304508902496e-13,-1.43796819901673e-10,1.49986760832663e-10)
(6.07572800098017e-13,-1.65955408749812e-10,1.03678936924425e-10)
(1.19952848509709e-12,-1.76462536747268e-10,5.28666345133419e-11)
(0,0,0)
(0,0,0)
(0,0,0)
(0,0,0)
(0,0,0)
(0,0,0)
(-3.27293905867041e-13,-5.25690338974711e-12,2.7383066198471e-10)
(-7.70042466233744e-13,-9.01287884528073e-12,2.71124409632252e-10)
(-9.31302679572983e-13,-1.39174687636088e-11,2.65861031702297e-10)
(-1.71306418167759e-12,-1.90061221150786e-11,2.58133324379034e-10)
(-2.38306031641306e-12,-2.8668092852686e-11,2.46771973893254e-10)
(-2.44099498958231e-12,-4.78413805192601e-11,2.30045897510611e-10)
(-1.8300682503035e-12,-7.53287837546016e-11,2.04046881442926e-10)
(-1.04039654759797e-12,-9.82943005023167e-11,1.64854009975512e-10)
(-1.14066820485139e-13,-1.14535533538631e-10,1.15303543270247e-10)
(4.58523583441587e-13,-1.22396373748826e-10,5.92846707468232e-11)
(0,0,0)
(0,0,0)
(0,0,0)
(0,0,0)
(0,0,0)
(0,0,0)
(-1.48105785818189e-13,-2.8779449431473e-12,2.84781187775911e-10)
(-6.76018725099747e-13,-4.51954338155785e-12,2.81755137046945e-10)
(-8.08922300524377e-13,-7.12106411992699e-12,2.76559574940288e-10)
(-1.92349897759321e-12,-9.35783581097046e-12,2.68629588519837e-10)
(-3.18814875690901e-12,-1.43250767864695e-11,2.57348253731273e-10)
(-3.22777040377901e-12,-2.42833594411389e-11,2.39835028187894e-10)
(-2.00056083725e-12,-3.79659805375137e-11,2.12323898342976e-10)
(-1.02260323271836e-12,-4.97842303446341e-11,1.72357356968213e-10)
(-5.11284437288447e-13,-5.86307278356929e-11,1.2155052339086e-10)
(2.44668300686309e-13,-6.26531794185651e-11,6.24085111178788e-11)
(0,0,0)
(0,0,0)
(0,0,0)
(0,0,0)
(0,0,0)
(0,0,0)
(0,0,0)
(0,0,0)
(0,0,0)
(0,0,0)
(0,0,0)
(0,0,0)
(0,0,0)
(0,0,0)
(0,0,0)
(0,0,0)
(0,0,0)
(0,0,0)
(0,0,0)
(0,0,0)
(0,0,0)
(0,0,0)
(0,0,0)
(0,0,0)
(0,0,0)
(0,0,0)
(0,0,0)
(0,0,0)
(0,0,0)
(0,0,0)
(0,0,0)
(0,0,0)
(0,0,0)
(0,0,0)
(0,0,0)
(0,0,0)
(0,0,0)
(0,0,0)
(0,0,0)
(0,0,0)
(0,0,0)
(0,0,0)
(0,0,0)
(0,0,0)
(0,0,0)
(0,0,0)
(0,0,0)
(0,0,0)
(0,0,0)
(0,0,0)
(0,0,0)
(0,0,0)
(0,0,0)
(0,0,0)
(0,0,0)
(0,0,0)
(0,0,0)
(0,0,0)
(0,0,0)
(0,0,0)
(0,0,0)
(0,0,0)
(0,0,0)
(0,0,0)
(0,0,0)
(0,0,0)
(0,0,0)
(0,0,0)
(0,0,0)
(0,0,0)
(0,0,0)
(0,0,0)
(0,0,0)
(0,0,0)
(0,0,0)
(0,0,0)
(0,0,0)
(0,0,0)
(0,0,0)
(0,0,0)
(0,0,0)
(0,0,0)
(0,0,0)
(0,0,0)
(0,0,0)
(0,0,0)
(0,0,0)
(0,0,0)
(0,0,0)
(0,0,0)
(0,0,0)
(0,0,0)
(0,0,0)
(0,0,0)
(0,0,0)
(0,0,0)
(0,0,0)
(0,0,0)
(0,0,0)
(0,0,0)
(0,0,0)
(0,0,0)
(0,0,0)
(0,0,0)
(0,0,0)
(0,0,0)
(0,0,0)
(0,0,0)
(0,0,0)
(0,0,0)
(0,0,0)
(0,0,0)
(0,0,0)
(0,0,0)
(0,0,0)
(0,0,0)
(0,0,0)
(0,0,0)
(0,0,0)
(0,0,0)
(0,0,0)
(0,0,0)
(0,0,0)
(0,0,0)
(0,0,0)
(0,0,0)
(0,0,0)
(0,0,0)
(0,0,0)
(0,0,0)
(0,0,0)
(0,0,0)
(0,0,0)
(0,0,0)
(0,0,0)
(0,0,0)
(0,0,0)
(0,0,0)
(0,0,0)
(0,0,0)
(0,0,0)
(0,0,0)
(0,0,0)
(0,0,0)
(0,0,0)
(0,0,0)
(0,0,0)
(0,0,0)
(0,0,0)
(0,0,0)
(0,0,0)
(0,0,0)
(0,0,0)
(0,0,0)
(0,0,0)
(0,0,0)
(0,0,0)
(0,0,0)
(0,0,0)
(0,0,0)
(0,0,0)
(0,0,0)
(0,0,0)
(0,0,0)
(0,0,0)
(0,0,0)
(0,0,0)
(0,0,0)
(0,0,0)
(0,0,0)
(0,0,0)
(0,0,0)
(0,0,0)
(0,0,0)
(0,0,0)
(0,0,0)
(0,0,0)
(0,0,0)
(0,0,0)
(0,0,0)
(0,0,0)
(0,0,0)
(0,0,0)
(0,0,0)
(0,0,0)
(0,0,0)
(0,0,0)
(0,0,0)
(0,0,0)
(0,0,0)
(0,0,0)
(0,0,0)
(0,0,0)
(0,0,0)
(0,0,0)
(0,0,0)
(0,0,0)
(0,0,0)
(0,0,0)
(0,0,0)
(0,0,0)
(0,0,0)
(0,0,0)
(0,0,0)
(0,0,0)
(0,0,0)
(0,0,0)
(0,0,0)
(0,0,0)
(0,0,0)
(0,0,0)
(0,0,0)
(0,0,0)
(0,0,0)
(0,0,0)
(0,0,0)
(0,0,0)
(0,0,0)
(0,0,0)
(0,0,0)
(0,0,0)
(0,0,0)
(0,0,0)
(0,0,0)
(0,0,0)
(0,0,0)
(0,0,0)
(0,0,0)
(0,0,0)
(0,0,0)
(0,0,0)
(0,0,0)
(0,0,0)
(0,0,0)
(0,0,0)
(0,0,0)
(0,0,0)
(0,0,0)
(0,0,0)
(0,0,0)
(0,0,0)
(0,0,0)
(0,0,0)
(0,0,0)
(0,0,0)
(0,0,0)
(0,0,0)
(0,0,0)
(0,0,0)
(0,0,0)
(0,0,0)
(0,0,0)
(0,0,0)
(0,0,0)
(0,0,0)
(0,0,0)
(0,0,0)
(0,0,0)
(0,0,0)
(0,0,0)
(0,0,0)
(0,0,0)
(0,0,0)
(0,0,0)
(0,0,0)
(0,0,0)
(0,0,0)
(0,0,0)
(0,0,0)
(0,0,0)
(0,0,0)
(0,0,0)
(0,0,0)
(0,0,0)
(0,0,0)
(0,0,0)
(0,0,0)
(0,0,0)
(0,0,0)
(0,0,0)
(0,0,0)
(0,0,0)
(0,0,0)
(0,0,0)
(0,0,0)
(0,0,0)
(0,0,0)
(0,0,0)
(0,0,0)
(0,0,0)
(0,0,0)
(0,0,0)
(0,0,0)
(0,0,0)
(0,0,0)
(0,0,0)
(0,0,0)
(0,0,0)
(0,0,0)
(0,0,0)
(0,0,0)
(0,0,0)
(0,0,0)
(0,0,0)
(0,0,0)
(0,0,0)
(0,0,0)
(0,0,0)
(0,0,0)
(0,0,0)
(0,0,0)
(0,0,0)
(0,0,0)
(0,0,0)
(0,0,0)
(0,0,0)
(0,0,0)
(0,0,0)
(0,0,0)
(0,0,0)
(0,0,0)
(0,0,0)
(0,0,0)
(0,0,0)
(0,0,0)
(0,0,0)
(0,0,0)
(0,0,0)
(0,0,0)
(0,0,0)
(0,0,0)
(0,0,0)
(0,0,0)
(0,0,0)
(0,0,0)
(0,0,0)
(0,0,0)
(0,0,0)
(0,0,0)
(0,0,0)
(0,0,0)
(0,0,0)
(0,0,0)
(0,0,0)
(0,0,0)
(0,0,0)
(0,0,0)
(0,0,0)
(0,0,0)
(0,0,0)
(0,0,0)
(0,0,0)
(0,0,0)
(0,0,0)
(0,0,0)
(0,0,0)
(0,0,0)
(0,0,0)
(0,0,0)
(0,0,0)
(0,0,0)
(0,0,0)
(0,0,0)
(0,0,0)
(0,0,0)
(0,0,0)
(0,0,0)
(0,0,0)
(0,0,0)
(0,0,0)
(0,0,0)
(0,0,0)
(0,0,0)
(0,0,0)
(0,0,0)
(0,0,0)
(0,0,0)
(0,0,0)
(0,0,0)
(0,0,0)
(0,0,0)
(0,0,0)
(0,0,0)
(0,0,0)
(0,0,0)
(0,0,0)
(0,0,0)
(0,0,0)
(0,0,0)
(0,0,0)
(0,0,0)
(0,0,0)
(0,0,0)
(0,0,0)
(0,0,0)
(0,0,0)
(0,0,0)
(0,0,0)
(0,0,0)
(0,0,0)
(0,0,0)
(0,0,0)
(0,0,0)
(0,0,0)
(0,0,0)
(0,0,0)
(0,0,0)
(0,0,0)
(0,0,0)
(0,0,0)
(0,0,0)
(0,0,0)
(0,0,0)
(0,0,0)
(0,0,0)
(0,0,0)
(0,0,0)
(0,0,0)
(0,0,0)
(0,0,0)
(0,0,0)
(0,0,0)
(0,0,0)
(0,0,0)
(0,0,0)
(0,0,0)
(0,0,0)
(0,0,0)
(0,0,0)
(0,0,0)
(0,0,0)
(0,0,0)
(0,0,0)
(0,0,0)
(0,0,0)
(0,0,0)
(0,0,0)
(0,0,0)
(0,0,0)
(0,0,0)
(0,0,0)
(0,0,0)
(0,0,0)
(0,0,0)
(0,0,0)
(0,0,0)
(0,0,0)
(0,0,0)
(0,0,0)
(0,0,0)
(0,0,0)
(0,0,0)
(0,0,0)
(0,0,0)
(0,0,0)
(0,0,0)
(0,0,0)
(0,0,0)
(0,0,0)
(0,0,0)
(0,0,0)
(0,0,0)
(0,0,0)
(0,0,0)
(0,0,0)
(0,0,0)
(0,0,0)
(0,0,0)
(0,0,0)
(0,0,0)
(0,0,0)
(0,0,0)
(0,0,0)
(0,0,0)
(0,0,0)
(0,0,0)
(0,0,0)
(0,0,0)
(0,0,0)
(0,0,0)
(0,0,0)
(0,0,0)
(0,0,0)
(0,0,0)
(0,0,0)
(0,0,0)
(0,0,0)
(0,0,0)
(0,0,0)
(0,0,0)
(0,0,0)
(0,0,0)
(0,0,0)
(0,0,0)
(0,0,0)
(0,0,0)
(0,0,0)
(0,0,0)
(0,0,0)
(0,0,0)
(0,0,0)
(0,0,0)
(0,0,0)
(0,0,0)
(0,0,0)
(0,0,0)
(0,0,0)
(0,0,0)
(0,0,0)
(0,0,0)
(0,0,0)
(0,0,0)
(0,0,0)
(0,0,0)
(0,0,0)
(0,0,0)
(0,0,0)
(0,0,0)
(0,0,0)
(0,0,0)
(0,0,0)
(0,0,0)
(0,0,0)
(0,0,0)
(0,0,0)
(0,0,0)
(0,0,0)
(0,0,0)
(0,0,0)
(0,0,0)
(0,0,0)
(0,0,0)
(0,0,0)
(0,0,0)
(0,0,0)
(0,0,0)
(0,0,0)
(0,0,0)
(0,0,0)
(0,0,0)
(0,0,0)
(0,0,0)
(0,0,0)
(0,0,0)
(0,0,0)
(0,0,0)
(0,0,0)
(0,0,0)
(0,0,0)
(0,0,0)
(0,0,0)
(0,0,0)
(0,0,0)
(0,0,0)
(0,0,0)
(0,0,0)
(0,0,0)
(0,0,0)
(0,0,0)
(0,0,0)
(0,0,0)
(0,0,0)
(0,0,0)
(0,0,0)
(0,0,0)
(0,0,0)
(0,0,0)
(0,0,0)
(0,0,0)
(0,0,0)
(0,0,0)
(0,0,0)
(0,0,0)
(0,0,0)
(0,0,0)
(0,0,0)
(0,0,0)
(0,0,0)
(0,0,0)
(0,0,0)
(0,0,0)
(0,0,0)
(0,0,0)
(0,0,0)
(0,0,0)
(0,0,0)
(0,0,0)
(0,0,0)
(0,0,0)
(0,0,0)
(0,0,0)
(0,0,0)
(0,0,0)
(0,0,0)
(0,0,0)
(0,0,0)
(0,0,0)
(0,0,0)
(0,0,0)
(0,0,0)
(0,0,0)
(0,0,0)
(0,0,0)
(0,0,0)
(0,0,0)
(0,0,0)
(0,0,0)
(0,0,0)
(0,0,0)
(0,0,0)
(0,0,0)
(0,0,0)
(0,0,0)
(0,0,0)
(0,0,0)
(0,0,0)
(0,0,0)
(0,0,0)
(0,0,0)
(0,0,0)
(0,0,0)
(0,0,0)
(0,0,0)
(0,0,0)
(0,0,0)
(0,0,0)
(0,0,0)
(0,0,0)
(0,0,0)
(0,0,0)
(0,0,0)
(0,0,0)
(0,0,0)
(0,0,0)
(0,0,0)
(0,0,0)
(0,0,0)
(0,0,0)
(0,0,0)
(0,0,0)
(0,0,0)
(0,0,0)
(0,0,0)
(0,0,0)
(0,0,0)
(0,0,0)
(0,0,0)
(0,0,0)
(0,0,0)
(0,0,0)
(0,0,0)
(0,0,0)
(0,0,0)
(0,0,0)
(0,0,0)
(0,0,0)
(0,0,0)
(0,0,0)
(0,0,0)
(0,0,0)
(0,0,0)
(0,0,0)
(0,0,0)
(0,0,0)
(0,0,0)
(0,0,0)
(0,0,0)
(0,0,0)
(0,0,0)
(0,0,0)
(0,0,0)
(0,0,0)
(0,0,0)
(0,0,0)
(0,0,0)
(0,0,0)
(0,0,0)
(0,0,0)
(0,0,0)
(0,0,0)
(0,0,0)
(0,0,0)
(0,0,0)
(0,0,0)
(0,0,0)
(0,0,0)
(0,0,0)
(0,0,0)
(0,0,0)
(0,0,0)
(0,0,0)
(0,0,0)
(0,0,0)
(0,0,0)
(0,0,0)
(0,0,0)
(0,0,0)
(0,0,0)
(0,0,0)
(0,0,0)
(0,0,0)
(0,0,0)
(0,0,0)
(0,0,0)
(0,0,0)
(0,0,0)
(0,0,0)
(0,0,0)
(0,0,0)
(0,0,0)
(0,0,0)
(0,0,0)
(0,0,0)
(0,0,0)
(0,0,0)
(0,0,0)
(0,0,0)
(0,0,0)
(0,0,0)
(0,0,0)
(0,0,0)
(0,0,0)
(0,0,0)
(0,0,0)
(0,0,0)
(0,0,0)
(0,0,0)
(0,0,0)
(0,0,0)
(0,0,0)
(0,0,0)
(0,0,0)
(0,0,0)
(0,0,0)
(0,0,0)
(0,0,0)
(0,0,0)
(0,0,0)
(0,0,0)
(0,0,0)
(0,0,0)
(0,0,0)
(0,0,0)
(0,0,0)
(0,0,0)
(0,0,0)
(0,0,0)
(0,0,0)
(0,0,0)
(0,0,0)
(0,0,0)
(0,0,0)
(0,0,0)
(0,0,0)
(0,0,0)
(0,0,0)
(0,0,0)
(0,0,0)
(0,0,0)
(0,0,0)
(0,0,0)
(0,0,0)
(0,0,0)
(0,0,0)
(0,0,0)
(0,0,0)
(0,0,0)
(0,0,0)
(0,0,0)
(0,0,0)
(0,0,0)
(0,0,0)
(0,0,0)
(0,0,0)
(0,0,0)
(0,0,0)
(0,0,0)
(0,0,0)
(0,0,0)
(0,0,0)
(0,0,0)
(0,0,0)
(0,0,0)
(0,0,0)
(0,0,0)
(0,0,0)
(0,0,0)
(0,0,0)
(0,0,0)
(0,0,0)
(0,0,0)
(0,0,0)
(0,0,0)
(0,0,0)
(0,0,0)
(0,0,0)
(0,0,0)
(0,0,0)
(0,0,0)
(0,0,0)
(0,0,0)
(0,0,0)
(0,0,0)
(0,0,0)
(0,0,0)
(0,0,0)
(0,0,0)
(0,0,0)
(0,0,0)
(0,0,0)
(0,0,0)
(0,0,0)
(0,0,0)
(0,0,0)
(0,0,0)
(0,0,0)
(0,0,0)
(0,0,0)
(0,0,0)
)
;

boundaryField
{
    fuel
    {
        type            fixedValue;
        value           uniform (0.1 0 0);
    }
    air
    {
        type            fixedValue;
        value           uniform (-0.1 0 0);
    }
    outlet
    {
        type            zeroGradient;
    }
    frontAndBack
    {
        type            empty;
    }
}


// ************************************************************************* //
 