/*--------------------------------*- C++ -*----------------------------------*\
| =========                 |                                                 |
| \\      /  F ield         | foam-extend: Open Source CFD                    |
|  \\    /   O peration     | Version:     4.0                                |
|   \\  /    A nd           | Web:         http://www.foam-extend.org         |
|    \\/     M anipulation  |                                                 |
\*---------------------------------------------------------------------------*/
FoamFile
{
    version 2.0;
    format ascii;
    class volVectorField;
    location "2257";
    object      E;
}
// * * * * * * * * * * * * * * * * * * * * * * * * * * * * * * * * * * * * * //

dimensions      [0 1 -1 0 0 0 0];

internalField   nonuniform List<vector>
4096
(
(0,0,0)
(0,0,0)
(0,0,0)
(0,0,0)
(0,0,0)
(0,0,0)
(0,0,0)
(0,0,0)
(0,0,0)
(0,0,0)
(0,0,0)
(0,0,0)
(0,0,0)
(0,0,0)
(0,0,0)
(0,0,0)
(0,0,0)
(0,0,0)
(0,0,0)
(0,0,0)
(0,0,0)
(0,0,0)
(0,0,0)
(0,0,0)
(0,0,0)
(0,0,0)
(0,0,0)
(0,0,0)
(0,0,0)
(0,0,0)
(0,0,0)
(0,0,0)
(0,0,0)
(0,0,0)
(0,0,0)
(0,0,0)
(0,0,0)
(0,0,0)
(0,0,0)
(0,0,0)
(0,0,0)
(0,0,0)
(0,0,0)
(0,0,0)
(0,0,0)
(0,0,0)
(0,0,0)
(0,0,0)
(0,0,0)
(0,0,0)
(0,0,0)
(0,0,0)
(0,0,0)
(0,0,0)
(0,0,0)
(0,0,0)
(0,0,0)
(0,0,0)
(0,0,0)
(0,0,0)
(0,0,0)
(0,0,0)
(0,0,0)
(0,0,0)
(0,0,0)
(0,0,0)
(0,0,0)
(0,0,0)
(0,0,0)
(0,0,0)
(0,0,0)
(0,0,0)
(0,0,0)
(0,0,0)
(0,0,0)
(0,0,0)
(0,0,0)
(0,0,0)
(0,0,0)
(0,0,0)
(0,0,0)
(0,0,0)
(0,0,0)
(0,0,0)
(0,0,0)
(0,0,0)
(0,0,0)
(0,0,0)
(0,0,0)
(0,0,0)
(0,0,0)
(0,0,0)
(0,0,0)
(0,0,0)
(0,0,0)
(0,0,0)
(0,0,0)
(0,0,0)
(0,0,0)
(0,0,0)
(0,0,0)
(0,0,0)
(0,0,0)
(0,0,0)
(0,0,0)
(0,0,0)
(0,0,0)
(0,0,0)
(0,0,0)
(0,0,0)
(0,0,0)
(0,0,0)
(0,0,0)
(0,0,0)
(0,0,0)
(0,0,0)
(0,0,0)
(0,0,0)
(0,0,0)
(0,0,0)
(0,0,0)
(0,0,0)
(0,0,0)
(0,0,0)
(0,0,0)
(0,0,0)
(0,0,0)
(0,0,0)
(0,0,0)
(0,0,0)
(0,0,0)
(0,0,0)
(0,0,0)
(0,0,0)
(0,0,0)
(0,0,0)
(0,0,0)
(0,0,0)
(0,0,0)
(0,0,0)
(0,0,0)
(0,0,0)
(0,0,0)
(0,0,0)
(0,0,0)
(0,0,0)
(0,0,0)
(0,0,0)
(0,0,0)
(0,0,0)
(0,0,0)
(0,0,0)
(0,0,0)
(0,0,0)
(0,0,0)
(0,0,0)
(0,0,0)
(0,0,0)
(0,0,0)
(0,0,0)
(0,0,0)
(0,0,0)
(0,0,0)
(0,0,0)
(0,0,0)
(0,0,0)
(0,0,0)
(0,0,0)
(0,0,0)
(0,0,0)
(0,0,0)
(0,0,0)
(0,0,0)
(0,0,0)
(0,0,0)
(0,0,0)
(0,0,0)
(0,0,0)
(0,0,0)
(0,0,0)
(0,0,0)
(0,0,0)
(0,0,0)
(0,0,0)
(0,0,0)
(0,0,0)
(0,0,0)
(0,0,0)
(0,0,0)
(0,0,0)
(0,0,0)
(0,0,0)
(0,0,0)
(0,0,0)
(0,0,0)
(0,0,0)
(0,0,0)
(0,0,0)
(0,0,0)
(0,0,0)
(0,0,0)
(0,0,0)
(0,0,0)
(0,0,0)
(0,0,0)
(0,0,0)
(0,0,0)
(0,0,0)
(0,0,0)
(0,0,0)
(0,0,0)
(0,0,0)
(0,0,0)
(0,0,0)
(0,0,0)
(0,0,0)
(0,0,0)
(0,0,0)
(0,0,0)
(0,0,0)
(0,0,0)
(0,0,0)
(0,0,0)
(0,0,0)
(0,0,0)
(0,0,0)
(0,0,0)
(0,0,0)
(0,0,0)
(0,0,0)
(0,0,0)
(0,0,0)
(0,0,0)
(0,0,0)
(0,0,0)
(0,0,0)
(0,0,0)
(0,0,0)
(0,0,0)
(0,0,0)
(0,0,0)
(0,0,0)
(0,0,0)
(0,0,0)
(0,0,0)
(0,0,0)
(0,0,0)
(0,0,0)
(0,0,0)
(0,0,0)
(0,0,0)
(0,0,0)
(0,0,0)
(0,0,0)
(0,0,0)
(0,0,0)
(0,0,0)
(0,0,0)
(0,0,0)
(0,0,0)
(0,0,0)
(0,0,0)
(0,0,0)
(0,0,0)
(0,0,0)
(0,0,0)
(0,0,0)
(0,0,0)
(0,0,0)
(0,0,0)
(0,0,0)
(0,0,0)
(0,0,0)
(0,0,0)
(0,0,0)
(0,0,0)
(0,0,0)
(0,0,0)
(0,0,0)
(0,0,0)
(0,0,0)
(0,0,0)
(0,0,0)
(0,0,0)
(0,0,0)
(0,0,0)
(0,0,0)
(0,0,0)
(0,0,0)
(0,0,0)
(0,0,0)
(0,0,0)
(0,0,0)
(0,0,0)
(0,0,0)
(0,0,0)
(0,0,0)
(0,0,0)
(0,0,0)
(0,0,0)
(0,0,0)
(0,0,0)
(0,0,0)
(0,0,0)
(0,0,0)
(0,0,0)
(0,0,0)
(0,0,0)
(0,0,0)
(0,0,0)
(0,0,0)
(0,0,0)
(0,0,0)
(0,0,0)
(0,0,0)
(0,0,0)
(0,0,0)
(0,0,0)
(0,0,0)
(0,0,0)
(0,0,0)
(0,0,0)
(0,0,0)
(0,0,0)
(0,0,0)
(0,0,0)
(0,0,0)
(0,0,0)
(0,0,0)
(0,0,0)
(0,0,0)
(0,0,0)
(0,0,0)
(0,0,0)
(0,0,0)
(0,0,0)
(0,0,0)
(0,0,0)
(0,0,0)
(0,0,0)
(0,0,0)
(0,0,0)
(0,0,0)
(0,0,0)
(0,0,0)
(0,0,0)
(0,0,0)
(0,0,0)
(0,0,0)
(0,0,0)
(0,0,0)
(0,0,0)
(0,0,0)
(0,0,0)
(0,0,0)
(0,0,0)
(0,0,0)
(0,0,0)
(0,0,0)
(0,0,0)
(0,0,0)
(0,0,0)
(0,0,0)
(0,0,0)
(0,0,0)
(0,0,0)
(0,0,0)
(0,0,0)
(0,0,0)
(0,0,0)
(0,0,0)
(0,0,0)
(0,0,0)
(0,0,0)
(0,0,0)
(0,0,0)
(0,0,0)
(0,0,0)
(0,0,0)
(0,0,0)
(0,0,0)
(0,0,0)
(0,0,0)
(0,0,0)
(0,0,0)
(0,0,0)
(0,0,0)
(0,0,0)
(0,0,0)
(0,0,0)
(0,0,0)
(0,0,0)
(0,0,0)
(0,0,0)
(0,0,0)
(0,0,0)
(0,0,0)
(0,0,0)
(0,0,0)
(0,0,0)
(0,0,0)
(0,0,0)
(0,0,0)
(0,0,0)
(0,0,0)
(0,0,0)
(0,0,0)
(0,0,0)
(0,0,0)
(0,0,0)
(0,0,0)
(0,0,0)
(0,0,0)
(0,0,0)
(0,0,0)
(0,0,0)
(0,0,0)
(0,0,0)
(0,0,0)
(0,0,0)
(0,0,0)
(0,0,0)
(0,0,0)
(0,0,0)
(0,0,0)
(0,0,0)
(0,0,0)
(0,0,0)
(0,0,0)
(0,0,0)
(0,0,0)
(0,0,0)
(0,0,0)
(0,0,0)
(0,0,0)
(0,0,0)
(0,0,0)
(0,0,0)
(0,0,0)
(0,0,0)
(0,0,0)
(0,0,0)
(0,0,0)
(0,0,0)
(0,0,0)
(0,0,0)
(0,0,0)
(0,0,0)
(0,0,0)
(0,0,0)
(0,0,0)
(0,0,0)
(0,0,0)
(0,0,0)
(0,0,0)
(0,0,0)
(0,0,0)
(0,0,0)
(0,0,0)
(0,0,0)
(0,0,0)
(0,0,0)
(0,0,0)
(0,0,0)
(0,0,0)
(0,0,0)
(0,0,0)
(0,0,0)
(0,0,0)
(0,0,0)
(0,0,0)
(0,0,0)
(0,0,0)
(0,0,0)
(0,0,0)
(0,0,0)
(0,0,0)
(0,0,0)
(0,0,0)
(0,0,0)
(0,0,0)
(0,0,0)
(0,0,0)
(0,0,0)
(0,0,0)
(0,0,0)
(0,0,0)
(0,0,0)
(0,0,0)
(0,0,0)
(0,0,0)
(0,0,0)
(0,0,0)
(0,0,0)
(0,0,0)
(0,0,0)
(0,0,0)
(0,0,0)
(0,0,0)
(0,0,0)
(0,0,0)
(0,0,0)
(0,0,0)
(0,0,0)
(0,0,0)
(0,0,0)
(0,0,0)
(0,0,0)
(0,0,0)
(0,0,0)
(0,0,0)
(0,0,0)
(0,0,0)
(0,0,0)
(0,0,0)
(0,0,0)
(0,0,0)
(0,0,0)
(0,0,0)
(0,0,0)
(0,0,0)
(0,0,0)
(0,0,0)
(0,0,0)
(0,0,0)
(0,0,0)
(0,0,0)
(0,0,0)
(0,0,0)
(0,0,0)
(0,0,0)
(0,0,0)
(0,0,0)
(0,0,0)
(0,0,0)
(0,0,0)
(0,0,0)
(0,0,0)
(0,0,0)
(0,0,0)
(0,0,0)
(0,0,0)
(0,0,0)
(0,0,0)
(0,0,0)
(0,0,0)
(0,0,0)
(0,0,0)
(0,0,0)
(0,0,0)
(0,0,0)
(0,0,0)
(0,0,0)
(0,0,0)
(0,0,0)
(0,0,0)
(0,0,0)
(0,0,0)
(0,0,0)
(0,0,0)
(0,0,0)
(0,0,0)
(0,0,0)
(0,0,0)
(0,0,0)
(0,0,0)
(0,0,0)
(0,0,0)
(0,0,0)
(0,0,0)
(0,0,0)
(0,0,0)
(0,0,0)
(0,0,0)
(0,0,0)
(0,0,0)
(0,0,0)
(0,0,0)
(0,0,0)
(0,0,0)
(0,0,0)
(0,0,0)
(0,0,0)
(0,0,0)
(0,0,0)
(0,0,0)
(0,0,0)
(0,0,0)
(0,0,0)
(0,0,0)
(0,0,0)
(0,0,0)
(0,0,0)
(0,0,0)
(0,0,0)
(0,0,0)
(0,0,0)
(0,0,0)
(0,0,0)
(0,0,0)
(0,0,0)
(0,0,0)
(0,0,0)
(0,0,0)
(0,0,0)
(0,0,0)
(0,0,0)
(0,0,0)
(0,0,0)
(0,0,0)
(0,0,0)
(0,0,0)
(0,0,0)
(0,0,0)
(0,0,0)
(0,0,0)
(0,0,0)
(0,0,0)
(0,0,0)
(0,0,0)
(0,0,0)
(0,0,0)
(0,0,0)
(0,0,0)
(0,0,0)
(0,0,0)
(0,0,0)
(0,0,0)
(0,0,0)
(0,0,0)
(0,0,0)
(0,0,0)
(0,0,0)
(0,0,0)
(0,0,0)
(0,0,0)
(0,0,0)
(0,0,0)
(0,0,0)
(0,0,0)
(0,0,0)
(0,0,0)
(0,0,0)
(0,0,0)
(0,0,0)
(0,0,0)
(0,0,0)
(0,0,0)
(0,0,0)
(0,0,0)
(0,0,0)
(0,0,0)
(0,0,0)
(0,0,0)
(0,0,0)
(0,0,0)
(0,0,0)
(0,0,0)
(0,0,0)
(0,0,0)
(0,0,0)
(0,0,0)
(0,0,0)
(0,0,0)
(0,0,0)
(0,0,0)
(0,0,0)
(0,0,0)
(0,0,0)
(0,0,0)
(0,0,0)
(0,0,0)
(0,0,0)
(0,0,0)
(0,0,0)
(0,0,0)
(0,0,0)
(0,0,0)
(0,0,0)
(0,0,0)
(0,0,0)
(0,0,0)
(0,0,0)
(0,0,0)
(0,0,0)
(0,0,0)
(0,0,0)
(0,0,0)
(0,0,0)
(0,0,0)
(0,0,0)
(0,0,0)
(0,0,0)
(0,0,0)
(0,0,0)
(0,0,0)
(0,0,0)
(0,0,0)
(0,0,0)
(0,0,0)
(0,0,0)
(0,0,0)
(0,0,0)
(0,0,0)
(0,0,0)
(0,0,0)
(0,0,0)
(0,0,0)
(0,0,0)
(0,0,0)
(0,0,0)
(0,0,0)
(0,0,0)
(0,0,0)
(0,0,0)
(0,0,0)
(0,0,0)
(0,0,0)
(0,0,0)
(0,0,0)
(0,0,0)
(0,0,0)
(0,0,0)
(0,0,0)
(0,0,0)
(0,0,0)
(0,0,0)
(0,0,0)
(0,0,0)
(0,0,0)
(0,0,0)
(0,0,0)
(0,0,0)
(0,0,0)
(0,0,0)
(0,0,0)
(0,0,0)
(0,0,0)
(0,0,0)
(0,0,0)
(0,0,0)
(0,0,0)
(0,0,0)
(0,0,0)
(0,0,0)
(0,0,0)
(0,0,0)
(0,0,0)
(0,0,0)
(0,0,0)
(0,0,0)
(0,0,0)
(0,0,0)
(0,0,0)
(0,0,0)
(0,0,0)
(0,0,0)
(0,0,0)
(0,0,0)
(0,0,0)
(0,0,0)
(0,0,0)
(0,0,0)
(0,0,0)
(0,0,0)
(0,0,0)
(0,0,0)
(0,0,0)
(0,0,0)
(0,0,0)
(0,0,0)
(0,0,0)
(0,0,0)
(0,0,0)
(0,0,0)
(0,0,0)
(0,0,0)
(0,0,0)
(0,0,0)
(0,0,0)
(0,0,0)
(0,0,0)
(0,0,0)
(0,0,0)
(0,0,0)
(0,0,0)
(0,0,0)
(0,0,0)
(0,0,0)
(0,0,0)
(0,0,0)
(0,0,0)
(0,0,0)
(0,0,0)
(0,0,0)
(0,0,0)
(0,0,0)
(0,0,0)
(0,0,0)
(0,0,0)
(0,0,0)
(0,0,0)
(0,0,0)
(0,0,0)
(0,0,0)
(0,0,0)
(0,0,0)
(0,0,0)
(0,0,0)
(0,0,0)
(0,0,0)
(0,0,0)
(0,0,0)
(0,0,0)
(0,0,0)
(0,0,0)
(0,0,0)
(0,0,0)
(0,0,0)
(-59185.125491058,31185.7517141884,27999.373776868)
(-62578.6924290671,29904.2829196886,60673.7832862466)
(-70473.9775422727,27209.5941620705,103938.166666449)
(-85478.5748481349,23019.4976735257,166397.243841064)
(-112564.216036764,17354.8438830595,261606.615994778)
(-161165.863358763,10804.4758025757,411968.003550957)
(-249133.052573098,4826.58771799485,656274.468406085)
(-408078.037909217,1195.56431533833,1063156.942)
(-673274.580735878,40.8372277195911,1736390.68550813)
(-938236.003572405,-33.5339390846322,2674660.22301965)
(0,0,0)
(0,0,0)
(0,0,0)
(0,0,0)
(0,0,0)
(0,0,0)
(-62592.5556483265,67094.8583026998,26683.4490598134)
(-66033.5323950222,64709.3545541085,57911.9098204207)
(-74085.7682604091,59645.7505267775,99561.5217161188)
(-89457.4644978577,51533.7077040805,160504.776183428)
(-117286.936218569,40263.2842480964,254883.27203695)
(-167049.880012179,26830.6792134996,405906.948638204)
(-255982.630671345,14130.0020424725,652586.164985071)
(-414319.936269196,6154.03630983818,1061947.62925969)
(-677432.069495484,3095.14281498467,1736325.39316796)
(-940159.317175299,1634.87121184538,2674816.30519226)
(0,0,0)
(0,0,0)
(0,0,0)
(0,0,0)
(0,0,0)
(0,0,0)
(-70428.2537704926,113362.963329224,24160.1487439677)
(-73937.3250994802,110164.014134075,52642.8142634844)
(-82259.1451959514,103323.854894126,91223.8550920922)
(-98399.4646246781,92110.0342535024,149046.993167351)
(-127999.17999526,76026.8027372619,241282.654673433)
(-180857.269148747,55924.8306843519,393045.772351328)
(-272857.392095524,35586.5915224667,644446.574966872)
(-429857.345306866,21694.2767754509,1058763.6798081)
(-687427.189681169,14422.8518504604,1734863.16045382)
(-944673.494317201,7864.65622474877,2673306.86975818)
(0,0,0)
(0,0,0)
(0,0,0)
(0,0,0)
(0,0,0)
(0,0,0)
(-85105.1378117859,177667.316985532,20800.7841554794)
(-88661.1408421845,174085.925895075,45540.0132366659)
(-97293.6282242256,166391.474813007,79766.0215420036)
(-114542.60111027,153655.581227007,132763.075678761)
(-147075.071856399,134890.392839985,220974.557432443)
(-205831.695649093,110235.676582067,372495.407183825)
(-305097.874320693,82848.9368648625,630330.936162117)
(-459821.759816055,60517.4523581645,1051329.52039539)
(-705706.990523674,43132.1957614484,1728327.16700804)
(-952652.943380152,23266.47309828,2665578.2935148)
(0,0,0)
(0,0,0)
(0,0,0)
(0,0,0)
(0,0,0)
(0,0,0)
(-111415.721688768,271967.035974447,17116.0026998494)
(-114954.734903885,268476.153701998,37680.509796808)
(-123744.408439461,260973.643948866,66842.7491004119)
(-141893.755421009,248542.743540182,113849.342208245)
(-177428.835345251,230061.051212008,196107.519181474)
(-243475.26807226,204938.609731456,344879.854104323)
(-354167.122700167,174113.659898803,607782.25377055)
(-505427.882074404,139994.065596078,1033733.52260705)
(-732257.243058686,100740.880796716,1708382.08063055)
(-964167.167024635,53411.3751710185,2642404.34558243)
(0,0,0)
(0,0,0)
(0,0,0)
(0,0,0)
(0,0,0)
(0,0,0)
(-158794.663054916,417220.395384182,13541.303645183)
(-162162.165443304,414099.216387349,30080.4064031324)
(-170671.729909201,407406.509052997,54319.2712082035)
(-188628.074024585,396221.882271185,95268.2065017839)
(-224513.353196427,379057.470446962,170785.140463262)
(-291765.470988945,353686.356397902,313802.86478578)
(-402751.651030016,317285.789961999,573382.385752612)
(-547159.288927283,266305.382097398,994230.358178575)
(-761027.991300932,195057.367467888,1660941.86280841)
(-978675.96938395,104108.538989469,2588920.66837374)
(0,0,0)
(0,0,0)
(0,0,0)
(0,0,0)
(0,0,0)
(0,0,0)
(-245702.451617069,652568.602867795,10354.2441334546)
(-248686.391166219,649851.504516319,23288.3471707135)
(-256333.943515687,644022.228108847,43006.5716305553)
(-272745.207808965,634046.131264811,77927.5304458978)
(-306059.979807764,617803.113125615,145241.867575005)
(-369213.266351282,590954.191238697,277187.299085487)
(-473316.036089019,545690.506631527,522098.618504989)
(-604648.440601258,470290.723678521,922761.717525129)
(-803934.63530158,351928.896671337,1569824.82362321)
(-1002359.01229791,191756.157914619,2484536.21699608)
(0,0,0)
(0,0,0)
(0,0,0)
(0,0,0)
(0,0,0)
(0,0,0)
(-404663.649983019,1049650.44371607,7581.80913474152)
(-407068.905682333,1047160.28826695,17341.931066449)
(-413252.479930322,1041753.23864853,32863.4004571055)
(-426607.553977333,1032052.66000388,61464.4256953534)
(-453962.477207785,1015026.26472272,118203.751306031)
(-506441.053215036,983894.75037989,231704.245379856)
(-593576.743244581,924570.194363601,446401.300892344)
(-699946.690802248,812476.826029737,804161.889343395)
(-881952.541805523,628659.50073938,1409383.82708087)
(-1047693.21039024,356395.464121232,2292437.73126444)
(0,0,0)
(0,0,0)
(0,0,0)
(0,0,0)
(0,0,0)
(0,0,0)
(-670870.606543125,1715419.10019186,5101.95006730912)
(-672542.223461045,1712938.45379605,11866.0079992767)
(-676764.911757346,1707348.1510943,23036.0073108029)
(-685751.754252065,1696595.10050379,44245.3210629439)
(-703806.268872252,1676177.60399319,86900.2506647266)
(-737763.34121213,1636316.68735394,172241.654902808)
(-794819.939128547,1557535.2161386,334096.572256368)
(-879768.099715655,1406254.42385804,620087.074143727)
(-1025861.73962881,1137811.0280715,1136797.28644034)
(-1126746.7033218,684243.551159682,1935695.9027237)
(0,0,0)
(0,0,0)
(0,0,0)
(0,0,0)
(0,0,0)
(0,0,0)
(-937059.819812234,2649886.5726207,2592.34738341284)
(-937923.090031519,2647344.55301457,6109.33819641515)
(-940026.413788737,2641423.8904804,12060.0125990828)
(-944437.968337083,2629507.44648489,23585.6349551018)
(-953173.426373364,2606097.72006028,46838.9452614042)
(-969522.473970191,2559409.75750855,93268.3490769777)
(-998087.812423004,2466287.44464749,182603.932991082)
(-1046297.55478723,2283847.29389181,351308.617744491)
(-1126453.62062206,1932824.06888575,682749.197552262)
(-1134521.51797828,1250522.19933668,1250992.06735357)
(0,0,0)
(0,0,0)
(0,0,0)
(0,0,0)
(0,0,0)
(0,0,0)
(0,0,0)
(0,0,0)
(0,0,0)
(0,0,0)
(0,0,0)
(0,0,0)
(0,0,0)
(0,0,0)
(0,0,0)
(0,0,0)
(0,0,0)
(0,0,0)
(0,0,0)
(0,0,0)
(0,0,0)
(0,0,0)
(0,0,0)
(0,0,0)
(0,0,0)
(0,0,0)
(0,0,0)
(0,0,0)
(0,0,0)
(0,0,0)
(0,0,0)
(0,0,0)
(0,0,0)
(0,0,0)
(0,0,0)
(0,0,0)
(0,0,0)
(0,0,0)
(0,0,0)
(0,0,0)
(0,0,0)
(0,0,0)
(0,0,0)
(0,0,0)
(0,0,0)
(0,0,0)
(0,0,0)
(0,0,0)
(0,0,0)
(0,0,0)
(0,0,0)
(0,0,0)
(0,0,0)
(0,0,0)
(0,0,0)
(0,0,0)
(0,0,0)
(0,0,0)
(0,0,0)
(0,0,0)
(0,0,0)
(0,0,0)
(0,0,0)
(0,0,0)
(0,0,0)
(0,0,0)
(0,0,0)
(0,0,0)
(0,0,0)
(0,0,0)
(0,0,0)
(0,0,0)
(0,0,0)
(0,0,0)
(0,0,0)
(0,0,0)
(0,0,0)
(0,0,0)
(0,0,0)
(0,0,0)
(0,0,0)
(0,0,0)
(0,0,0)
(0,0,0)
(0,0,0)
(0,0,0)
(0,0,0)
(0,0,0)
(0,0,0)
(0,0,0)
(0,0,0)
(0,0,0)
(0,0,0)
(0,0,0)
(0,0,0)
(0,0,0)
(0,0,0)
(0,0,0)
(0,0,0)
(0,0,0)
(0,0,0)
(0,0,0)
(8800804.77100348,27776.17928717,24570.6589353449)
(8795095.5516635,26495.1123313942,52738.0372284922)
(8781953.95550332,23713.9243164356,88932.9145834494)
(8757290.40578233,19155.770540202,139344.898129812)
(8713331.79726339,12718.5562484342,213067.063298286)
(8635158.35471716,4982.48232833286,324097.097610956)
(8491813.20879905,-1967.06514420652,497454.636099978)
(8208614.13820058,-5006.0425260932,798105.237233337)
(7569656.69166222,-4102.61533823138,1471613.31489056)
(5834595.33831455,-1984.08034635866,3613102.788067)
(0,0,0)
(0,0,0)
(0,0,0)
(0,0,0)
(0,0,0)
(0,0,0)
(8794987.15904476,59316.6975249279,23216.5017862331)
(8789273.31495126,56899.6411210163,49841.8603674328)
(8775982.27872388,51598.8795943348,84225.592822263)
(8750827.79172741,42702.0147206024,132730.827133621)
(8705651.90756186,29642.5055783987,205204.768740307)
(8625277.25041558,13125.2612206519,317071.594137344)
(8479744.76179773,-2634.38400854105,494348.255249719)
(8197714.76412921,-9307.62856345608,798951.875605753)
(7562885.43816299,-6889.97291139189,1473758.46023729)
(5831655.76772747,-2904.97757580616,3615201.00728096)
(0,0,0)
(0,0,0)
(0,0,0)
(0,0,0)
(0,0,0)
(0,0,0)
(8781700.89700893,98882.5731618899,20641.708300602)
(8775984.64886791,95612.7638665716,44343.3463047099)
(8762425.01365249,88435.53065278,75159.2711149778)
(8736172.67788558,76105.3696262136,119520.508416224)
(8687868.06522506,57090.8452621764,188541.658229193)
(8600907.4495528,31066.338570182,301172.596895193)
(8447050.02834536,3422.69741344849,487544.829749429)
(8167691.24171798,-8257.39860621431,801282.747484521)
(7545435.03270396,-3890.38259617703,1477757.66950118)
(5824437.28534071,-135.611518355496,3618214.25850293)
(0,0,0)
(0,0,0)
(0,0,0)
(0,0,0)
(0,0,0)
(0,0,0)
(8757234.30198487,151635.296612163,17244.5714701292)
(8751532.79666566,148046.962245333,36953.1703006133)
(8737665.34632413,140155.990416664,62610.4707054202)
(8709705.70406499,126475.220502396,100329.04937106)
(8655657.00750042,104683.696815868,162340.853177667)
(8553862.47263021,72690.5398230693,273359.218362595)
(8374490.26874684,33826.5068474636,475704.000578146)
(8099494.4711251,14909.5527704787,805557.552977362)
(7510212.54299486,16542.0602105502,1481542.31136905)
(5810904.19448446,11717.555980627,3618468.74072264)
(0,0,0)
(0,0,0)
(0,0,0)
(0,0,0)
(0,0,0)
(0,0,0)
(8714190.27374795,224803.809959148,13562.2259333372)
(8708610.42057868,221459.750941833,28921.0164712947)
(8694682.53937555,214225.156945205,48761.6368448739)
(8665296.85691639,201969.655990781,78413.3237361121)
(8604709.82431534,183120.078000109,130175.017608411)
(8480696.90929261,156736.634444065,234293.480339649)
(8244123.68633314,125563.389825716,456602.523045173)
(7973128.09582287,98269.2973165799,807023.535318931)
(7455057.44604323,71959.874707542,1476627.76643697)
(5790813.32405824,38911.9311292701,3606789.63492252)
(0,0,0)
(0,0,0)
(0,0,0)
(0,0,0)
(0,0,0)
(0,0,0)
(8637768.3318192,330417.59417204,10159.9556300144)
(8632543.24604786,327666.242386761,21584.7874110297)
(8619246.48211718,321834.902694992,36393.5643519005)
(8590413.41975676,312205.934207745,59452.527070766)
(8529176.66888542,297605.167392278,103614.150313844)
(8401705.20591887,276314.422187961,202902.420379168)
(8162246.40029133,246743.959501382,429060.534099247)
(7903213.46974965,208820.419101935,780473.388353913)
(7408149.62843704,152146.922795708,1443445.45524485)
(5767777.08988304,80446.9554454601,3567794.10637868)
(0,0,0)
(0,0,0)
(0,0,0)
(0,0,0)
(0,0,0)
(0,0,0)
(8496039.13240769,493654.911548781,7357.83331556472)
(8491465.85103003,491541.074807115,15667.4934160644)
(8479665.14339126,487192.182458184,26647.8614631152)
(8453498.35891993,480270.932979994,44676.03067903)
(8396448.09713835,469967.524556187,82142.3312861094)
(8274656.40127035,453793.065360411,173130.755209024)
(8042582.5111602,425463.567345526,390849.334832657)
(7808778.67987701,375011.054122708,723568.314050735)
(7338602.88562553,273943.280288464,1371571.17034774)
(5728432.03551148,146457.382245739,3487106.43045526)
(0,0,0)
(0,0,0)
(0,0,0)
(0,0,0)
(0,0,0)
(0,0,0)
(8212662.14148302,783477.459354748,5188.39544510136)
(8209029.261246,781756.198989969,11211.8390509908)
(8199610.67321358,778311.847437391,19565.7556449511)
(8178457.76960558,772978.348529142,34129.7512299829)
(8131487.9572957,765239.42348919,65744.1525104199)
(8028261.55245214,752611.563390339,144559.783530499)
(7825309.14521177,723388.128825276,340086.068311418)
(7672529.73433213,632721.58772086,622235.844295834)
(7197972.49141468,484788.814862737,1243802.01121836)
(5637240.07740319,277354.351088707,3340308.48929903)
(0,0,0)
(0,0,0)
(0,0,0)
(0,0,0)
(0,0,0)
(0,0,0)
(7572115.08020049,1449344.12769745,3484.379630809)
(7569644.61933725,1447683.14351407,7707.32702554712)
(7563336.44004347,1444169.94632948,14084.6110497151)
(7549494.34296452,1437977.76116228,26175.8359170278)
(7520116.16971075,1426881.22315919,52948.3323810684)
(7460349.5847398,1404604.3729976,115179.33153893)
(7352570.58648142,1354331.69007391,249181.97939746)
(7200638.57829147,1239811.00941771,474022.614410606)
(6771968.54137984,1037294.59017289,1036023.29280888)
(5359882.10413022,676493.277093423,3062592.29406917)
(0,0,0)
(0,0,0)
(0,0,0)
(0,0,0)
(0,0,0)
(0,0,0)
(5835609.89227923,3587209.89675812,1801.25356484442)
(5834353.23854885,3585481.92748435,4062.87573119188)
(5831246.6334879,3581622.49129183,7674.01820929047)
(5824604.12696978,3574107.7526314,14838.6661504866)
(5810959.51686117,3559435.87618471,30487.8046075697)
(5784096.5351114,3529098.02747207,64711.8757686281)
(5734318.75281641,3464538.89271676,134434.842603458)
(5638773.66786944,3330324.01048122,271187.353600432)
(5360132.90116685,3059475.04089915,674757.115802336)
(4358241.89058333,2385176.51233306,2385647.20671803)
(0,0,0)
(0,0,0)
(0,0,0)
(0,0,0)
(0,0,0)
(0,0,0)
(0,0,0)
(0,0,0)
(0,0,0)
(0,0,0)
(0,0,0)
(0,0,0)
(0,0,0)
(0,0,0)
(0,0,0)
(0,0,0)
(0,0,0)
(0,0,0)
(0,0,0)
(0,0,0)
(0,0,0)
(0,0,0)
(0,0,0)
(0,0,0)
(0,0,0)
(0,0,0)
(0,0,0)
(0,0,0)
(0,0,0)
(0,0,0)
(0,0,0)
(0,0,0)
(0,0,0)
(0,0,0)
(0,0,0)
(0,0,0)
(0,0,0)
(0,0,0)
(0,0,0)
(0,0,0)
(0,0,0)
(0,0,0)
(0,0,0)
(0,0,0)
(0,0,0)
(0,0,0)
(0,0,0)
(0,0,0)
(0,0,0)
(0,0,0)
(0,0,0)
(0,0,0)
(0,0,0)
(0,0,0)
(0,0,0)
(0,0,0)
(0,0,0)
(0,0,0)
(0,0,0)
(0,0,0)
(0,0,0)
(0,0,0)
(0,0,0)
(0,0,0)
(0,0,0)
(0,0,0)
(0,0,0)
(0,0,0)
(0,0,0)
(0,0,0)
(0,0,0)
(0,0,0)
(0,0,0)
(0,0,0)
(0,0,0)
(0,0,0)
(0,0,0)
(0,0,0)
(0,0,0)
(0,0,0)
(0,0,0)
(0,0,0)
(0,0,0)
(0,0,0)
(0,0,0)
(0,0,0)
(0,0,0)
(0,0,0)
(0,0,0)
(0,0,0)
(0,0,0)
(0,0,0)
(0,0,0)
(0,0,0)
(0,0,0)
(0,0,0)
(0,0,0)
(0,0,0)
(0,0,0)
(0,0,0)
(0,0,0)
(0,0,0)
(-152335.195273489,22010.8843807052,18792.3471792119)
(-158645.039094054,20702.6015603278,39493.6016593251)
(-172940.541765097,17799.8278404504,64251.5363703074)
(-199020.59590559,12757.3763149834,95468.4270262147)
(-243674.818137813,5097.04426310494,135041.263447256)
(-318219.016242272,-4843.20828749462,180925.107977245)
(-440098.711832949,-13985.4590843095,214485.752976556)
(-632905.618248618,-15858.8529071653,159527.627615866)
(-909297.298577934,-10877.134817746,-262977.982043349)
(-1114903.92115358,-4975.76787999129,-2220839.68941213)
(0,0,0)
(0,0,0)
(0,0,0)
(0,0,0)
(0,0,0)
(0,0,0)
(-158996.062172537,46232.1092172177,17425.2616637069)
(-165177.66225947,43751.7511064192,36490.35461124)
(-179332.318923729,38152.8712162708,59115.1741660081)
(-205457.987793591,28131.2348157019,87690.3604692618)
(-250838.560545163,11934.5532310908,125006.584891226)
(-327432.687986381,-11169.5018822997,171706.082170881)
(-452160.682752502,-35259.4884769253,212548.821396633)
(-643116.157770929,-39278.1950791717,164462.350751683)
(-914437.044050194,-24369.1715141779,-257059.865055581)
(-1116718.66767851,-10184.7180980778,-2215813.21414851)
(0,0,0)
(0,0,0)
(0,0,0)
(0,0,0)
(0,0,0)
(0,0,0)
(-173974.601406256,74719.2777460771,14851.595169342)
(-179929.651990468,71404.5429493663,30776.3694677171)
(-193832.949048617,63857.0025932142,48993.4660747218)
(-220217.090117122,49789.0295126239,71388.7046633909)
(-267965.612129546,25018.8048278243,101801.39570419)
(-352437.930432637,-15873.6990844992,147514.238174745)
(-492395.548750524,-69071.964155524,208435.556232125)
(-678360.116690527,-76441.4347983668,179313.419642631)
(-929926.63774285,-39145.0212479239,-242885.794893776)
(-1121680.58608363,-13691.8234538831,-2205597.55283072)
(0,0,0)
(0,0,0)
(0,0,0)
(0,0,0)
(0,0,0)
(0,0,0)
(-200830.679074046,108942.45619218,11505.0678957543)
(-206461.751581663,105445.150779259,23122.273596097)
(-219930.321761141,97458.632051293,34779.5775062436)
(-246833.916157579,82291.4008890135,46480.091635337)
(-299864.91286878,53916.2982537571,60767.7838614951)
(-407404.536029509,-355.174919393824,94179.5336390052)
(-617194.391850195,-96479.0901932982,200934.585556718)
(-793445.059178404,-111453.069349545,216549.015694362)
(-968634.204262911,-38651.4190361959,-217434.573976594)
(-1132319.12682403,-8405.4390463403,-2191834.37179279)
(0,0,0)
(0,0,0)
(0,0,0)
(0,0,0)
(0,0,0)
(0,0,0)
(-245805.184662915,148640.631207618,7960.54867838001)
(-250992.118887691,145630.487233786,15041.0169731964)
(-263701.747183161,139042.054260151,19505.1466059128)
(-290572.990194242,127310.94898419,18018.7109043447)
(-349815.538578626,107763.579939396,6360.05739554648)
(-501353.075960578,77844.480338518,-2126.34732627849)
(-996324.184986995,43721.9175820739,185783.781501373)
(-1182436.43736104,28338.7565671212,289219.754051527)
(-1044435.37760107,25008.0556896676,-187283.631747025)
(-1149692.76808802,15884.3042802446,-2183404.01764428)
(0,0,0)
(0,0,0)
(0,0,0)
(0,0,0)
(0,0,0)
(0,0,0)
(-319789.160279736,188904.616254757,4956.77233477999)
(-324364.53393939,186774.61550508,8383.68933363582)
(-335802.35318928,182433.222751579,7704.6214316247)
(-360779.306210213,175458.544731929,-1586.98306631401)
(-418329.427670972,165013.758494379,-23667.7997819947)
(-569387.894708145,149346.75208123,-36413.7056147229)
(-1040065.88886056,127081.485038704,170202.281363437)
(-1210625.30001924,114379.822493425,285663.250489012)
(-1079505.64329541,82585.8736054163,-196596.030411398)
(-1166999.32502292,41131.3792856926,-2199403.42522783)
(0,0,0)
(0,0,0)
(0,0,0)
(0,0,0)
(0,0,0)
(0,0,0)
(-440758.896786755,210509.246797375,2856.66393475003)
(-444575.953035031,209332.402720381,4003.94606741396)
(-454226.837676416,207359.795210449,632.619959012592)
(-475987.939066992,205446.820143299,-12206.0921824951)
(-528781.08148122,205205.038065209,-39504.9278508452)
(-676551.729734648,207564.605383483,-58851.3848650872)
(-1167002.55659907,208285.890365881,157192.542850031)
(-1324406.01034291,238827.760203289,253592.560642995)
(-1132621.48387731,133374.734508785,-238308.665474417)
(-1195605.1002261,55323.6938696309,-2240800.57903799)
(0,0,0)
(0,0,0)
(0,0,0)
(0,0,0)
(0,0,0)
(0,0,0)
(-634025.850037476,143212.855776599,1647.6478241697)
(-636918.133388834,142659.008756495,1931.70170580954)
(-644305.011495768,142313.619463221,-1443.17255468514)
(-661399.239181745,144258.775760325,-12734.8541014799)
(-705046.430447191,154074.021511181,-37406.1845214901)
(-840427.007264772,184872.18245601,-58361.9365942652)
(-1375316.61918182,250799.71800433,187413.265443857)
(-1122333.2598292,160943.816126802,147823.468964666)
(-1175317.3710522,58854.3562722421,-316703.025048861)
(-1240029.5059648,23.1833309663022,-2296469.66585922)
(0,0,0)
(0,0,0)
(0,0,0)
(0,0,0)
(0,0,0)
(0,0,0)
(-911345.999922196,-286743.490493327,1080.69167548406)
(-913225.493105937,-287206.998987438,1480.07714546843)
(-917976.932763604,-287564.65051452,334.985213226787)
(-928504.847113109,-286606.147372138,-3137.63629371566)
(-952518.604657029,-282003.657612791,-6761.91751900179)
(-1009852.51986544,-271426.433120974,7402.06794613708)
(-1135144.10886651,-263702.927295556,97282.6738768295)
(-1177031.4847484,-321839.502274088,45399.3206004463)
(-1285822.70139255,-374355.208145858,-375936.606926126)
(-1306458.13179159,-325027.697073055,-2296882.22531736)
(0,0,0)
(0,0,0)
(0,0,0)
(0,0,0)
(0,0,0)
(0,0,0)
(-1116492.09387556,-2247584.60717497,606.368119398495)
(-1117425.63482085,-2248169.47759334,1010.98537788926)
(-1119714.04593148,-2249009.47306279,1079.75262848588)
(-1124581.95759813,-2249912.53669853,1235.4918055879)
(-1134880.00454383,-2250940.85716315,3675.47804387519)
(-1156483.30830125,-2254458.47473904,14950.6283574871)
(-1196427.01056353,-2269245.277561,38902.0072858466)
(-1241192.74132946,-2307880.85448261,-7426.96602390931)
(-1306811.06228369,-2300116.34967677,-327058.595759562)
(-1261262.85998247,-1972646.95135646,-1972271.32562739)
(0,0,0)
(0,0,0)
(0,0,0)
(0,0,0)
(0,0,0)
(0,0,0)
(0,0,0)
(0,0,0)
(0,0,0)
(0,0,0)
(0,0,0)
(0,0,0)
(0,0,0)
(0,0,0)
(0,0,0)
(0,0,0)
(0,0,0)
(0,0,0)
(0,0,0)
(0,0,0)
(0,0,0)
(0,0,0)
(0,0,0)
(0,0,0)
(0,0,0)
(0,0,0)
(0,0,0)
(0,0,0)
(0,0,0)
(0,0,0)
(0,0,0)
(0,0,0)
(0,0,0)
(0,0,0)
(0,0,0)
(0,0,0)
(0,0,0)
(0,0,0)
(0,0,0)
(0,0,0)
(0,0,0)
(0,0,0)
(0,0,0)
(0,0,0)
(0,0,0)
(0,0,0)
(0,0,0)
(0,0,0)
(0,0,0)
(0,0,0)
(0,0,0)
(0,0,0)
(0,0,0)
(0,0,0)
(0,0,0)
(0,0,0)
(0,0,0)
(0,0,0)
(0,0,0)
(0,0,0)
(0,0,0)
(0,0,0)
(0,0,0)
(0,0,0)
(0,0,0)
(0,0,0)
(0,0,0)
(0,0,0)
(0,0,0)
(0,0,0)
(0,0,0)
(0,0,0)
(0,0,0)
(0,0,0)
(0,0,0)
(0,0,0)
(0,0,0)
(0,0,0)
(0,0,0)
(0,0,0)
(0,0,0)
(0,0,0)
(0,0,0)
(0,0,0)
(0,0,0)
(0,0,0)
(0,0,0)
(0,0,0)
(0,0,0)
(0,0,0)
(0,0,0)
(0,0,0)
(0,0,0)
(0,0,0)
(0,0,0)
(0,0,0)
(0,0,0)
(0,0,0)
(0,0,0)
(0,0,0)
(0,0,0)
(0,0,0)
(-180125.971555745,15362.9247187356,12427.8515635214)
(-185506.747518703,14141.6893584857,25147.8706296892)
(-197343.957188167,11369.3856743298,38181.9003784304)
(-218049.846861467,6315.81264779318,50895.3386865112)
(-251473.517653461,-2019.4470611523,60713.4852633128)
(-302885.193434605,-13993.7725123392,59373.4349679871)
(-376776.696000173,-26005.4957475882,22056.914882801)
(-468384.050244841,-26030.1928876499,-116434.460233333)
(-541654.027096052,-15996.2882717553,-468081.443443435)
(-470794.698714184,-6797.8122025634,-1105392.85368025)
(0,0,0)
(0,0,0)
(0,0,0)
(0,0,0)
(0,0,0)
(0,0,0)
(-186205.263678125,31397.3047050687,11174.8215192533)
(-191266.164448512,29092.1774361433,22312.8356306383)
(-202438.995391917,23721.5858032084,33067.3119699519)
(-222039.478313693,13475.3571326634,42489.2580051801)
(-253987.073810903,-5051.64109609838,48669.9653058693)
(-303963.454651076,-36075.1167422474,47282.07620048)
(-377409.336152144,-75442.9130286018,21968.1468811424)
(-466259.310953719,-74486.9322348721,-106431.960588843)
(-538136.083123963,-39854.0543425715,-458875.15544425)
(-468627.278568606,-15169.6274488852,-1098594.72930788)
(0,0,0)
(0,0,0)
(0,0,0)
(0,0,0)
(0,0,0)
(0,0,0)
(-199576.637228591,48165.1010641083,8834.23946329901)
(-204039.150912476,45142.6196073693,16893.2962140769)
(-213913.338436787,37969.1974888292,22726.0739166248)
(-231266.987568818,23377.8211615035,23873.5073394842)
(-260064.971869872,-6695.6356397185,17616.861623428)
(-308022.822637265,-70736.6803177249,7863.31740352092)
(-388961.263157763,-193851.255805306,22837.3745874659)
(-466592.674291902,-191548.829565013,-71868.1704810292)
(-529569.65394286,-77869.1032226644,-434210.105400911)
(-463293.900502049,-24348.485105516,-1083417.93332586)
(0,0,0)
(0,0,0)
(0,0,0)
(0,0,0)
(0,0,0)
(0,0,0)
(-222722.708789439,64238.694408195,5818.43637131301)
(-226343.994704724,61192.8401380152,9650.45896373346)
(-234261.466734049,53946.3159737571,8004.48545171649)
(-247941.425735105,38770.8773650537,-6281.06117430925)
(-270539.878330143,4141.39055230734,-46443.1219049701)
(-315083.269518527,-94207.0493743843,-115294.019359294)
(-475768.977929965,-475599.388294615,25028.6992097781)
(-501214.947104402,-500490.007204577,41739.7647753449)
(-509562.560669791,-114506.335395655,-380694.646644788)
(-452520.324425438,-25836.2863013092,-1059005.64784761)
(0,0,0)
(0,0,0)
(0,0,0)
(0,0,0)
(0,0,0)
(0,0,0)
(-259154.433167772,74829.1731948922,2758.76971815787)
(-261835.17697002,72460.2096601988,2334.45827830234)
(-267354.80932376,67187.2738795287,-7253.43748686939)
(-275395.058684666,57326.3821663982,-40986.8737977859)
(-281212.964909607,39423.6636826899,-144871.72059719)
(-253555.686074408,9907.64987368053,-496783.809731432)
(-7.69546548093958e-05,-2.02431985945967e-05,4.9897676489491e-05)
(-810.846941741425,86.2301576089261,427621.788418318)
(-429086.753855616,-10124.6574557691,-292108.513267041)
(-433035.573391077,-1436.83385930951,-1033165.16040601)
(0,0,0)
(0,0,0)
(0,0,0)
(0,0,0)
(0,0,0)
(0,0,0)
(-313497.403240827,68117.8081041764,419.60805180903)
(-315284.274059989,66774.2426087747,-2974.68477617104)
(-318666.876606939,64227.7313522967,-17150.6188312771)
(-322142.552803721,60459.6934586191,-58920.6835299905)
(-318096.926465961,54731.3989480412,-174460.920000363)
(-269389.934670752,42263.6306772657,-506814.860841341)
(-6.93993046002856e-05,-2.67951096048869e-05,3.87168739679497e-05)
(-689.549366128835,509.319040317232,417115.545086175)
(-418245.906861605,29418.1108265129,-283686.959629904)
(-432734.724176482,12523.1096508618,-1031911.50398645)
(0,0,0)
(0,0,0)
(0,0,0)
(0,0,0)
(0,0,0)
(0,0,0)
(-389383.207162214,17594.4707159404,-852.352236300349)
(-390450.492143439,17313.0111599483,-5516.58167907694)
(-392101.620591859,17595.7624126731,-21009.8298239983)
(-392107.643309907,20375.3172477379,-64805.7493701951)
(-381038.033250726,29245.7260408403,-187063.12469349)
(-316128.590555441,43911.5793794799,-549134.21257491)
(-0.000185724067943981,6.71517986075168e-05,5.08332630162854e-05)
(-1086.12430723717,440949.34203392,445676.149859053)
(-447332.958109334,90731.4922148505,-300925.757297248)
(-450178.52601382,10934.9399811318,-1044764.1618398)
(0,0,0)
(0,0,0)
(0,0,0)
(0,0,0)
(0,0,0)
(0,0,0)
(-481699.703914268,-133590.114427932,-1141.56097934453)
(-482235.763457696,-133183.793931611,-5327.12581892815)
(-482728.011049503,-130909.340326348,-18399.023526178)
(-480774.759379322,-122430.85884054,-56217.3272403277)
(-466346.48393991,-93047.9306171453,-172623.617089634)
(-391781.846501749,15726.2816100738,-593083.480083249)
(-1013.69336669631,491162.813579429,440635.840145251)
(-442200.262492498,106387.370584726,95064.8142577289)
(-556845.462093013,-51538.5902455915,-381137.012241016)
(-487786.987596057,-66344.5831670573,-1056100.00746157)
(0,0,0)
(0,0,0)
(0,0,0)
(0,0,0)
(0,0,0)
(0,0,0)
(-552898.095855392,-491285.265117158,-752.753377568262)
(-553143.516710563,-490829.132957744,-3189.3907468058)
(-553223.952129873,-488763.540816316,-10088.1708905426)
(-551743.190529832,-482235.522174986,-27045.1641393723)
(-544628.502402698,-464003.745942413,-63979.451068429)
(-522561.704380485,-417762.518121424,-117781.466821895)
(-492541.724673649,-324731.627756238,55510.5903209147)
(-566117.784410793,-385766.426066149,-63249.3133658085)
(-609115.106737402,-395130.719130733,-396364.779135804)
(-499314.773998743,-279703.956983247,-990148.763112475)
(0,0,0)
(0,0,0)
(0,0,0)
(0,0,0)
(0,0,0)
(0,0,0)
(-477097.241745812,-1130390.17475481,-289.942492089697)
(-477215.757061648,-1130097.83712719,-1231.11608184526)
(-477245.980376747,-1128726.3811002,-3736.34135268189)
(-476674.543157888,-1124856.36722818,-9022.91073971531)
(-474412.941520008,-1115637.90962976,-17855.8100761765)
(-469560.026387764,-1097614.94284718,-24926.6672639194)
(-467792.986623279,-1072476.79227477,-5815.52668562024)
(-493500.541920149,-1066330.91754494,-72943.2346161155)
(-500510.173450658,-993009.058928275,-281365.783651598)
(-400304.007393573,-711198.135358863,-710830.457864875)
(0,0,0)
(0,0,0)
(0,0,0)
(0,0,0)
(0,0,0)
(0,0,0)
(0,0,0)
(0,0,0)
(0,0,0)
(0,0,0)
(0,0,0)
(0,0,0)
(0,0,0)
(0,0,0)
(0,0,0)
(0,0,0)
(0,0,0)
(0,0,0)
(0,0,0)
(0,0,0)
(0,0,0)
(0,0,0)
(0,0,0)
(0,0,0)
(0,0,0)
(0,0,0)
(0,0,0)
(0,0,0)
(0,0,0)
(0,0,0)
(0,0,0)
(0,0,0)
(0,0,0)
(0,0,0)
(0,0,0)
(0,0,0)
(0,0,0)
(0,0,0)
(0,0,0)
(0,0,0)
(0,0,0)
(0,0,0)
(0,0,0)
(0,0,0)
(0,0,0)
(0,0,0)
(0,0,0)
(0,0,0)
(0,0,0)
(0,0,0)
(0,0,0)
(0,0,0)
(0,0,0)
(0,0,0)
(0,0,0)
(0,0,0)
(0,0,0)
(0,0,0)
(0,0,0)
(0,0,0)
(0,0,0)
(0,0,0)
(0,0,0)
(0,0,0)
(0,0,0)
(0,0,0)
(0,0,0)
(0,0,0)
(0,0,0)
(0,0,0)
(0,0,0)
(0,0,0)
(0,0,0)
(0,0,0)
(0,0,0)
(0,0,0)
(0,0,0)
(0,0,0)
(0,0,0)
(0,0,0)
(0,0,0)
(0,0,0)
(0,0,0)
(0,0,0)
(0,0,0)
(0,0,0)
(0,0,0)
(0,0,0)
(0,0,0)
(0,0,0)
(0,0,0)
(0,0,0)
(0,0,0)
(0,0,0)
(0,0,0)
(0,0,0)
(0,0,0)
(0,0,0)
(0,0,0)
(0,0,0)
(0,0,0)
(0,0,0)
(-196492.594010469,9328.18318004094,7038.43927468393)
(-200187.255317865,8415.96089256094,13302.986181285)
(-207877.28280324,6290.35697554533,17545.9548208101)
(-220408.623155602,2308.78564824418,17595.9454667022)
(-238860.954371879,-4539.8648854959,9523.24707061086)
(-264101.944347275,-15063.6162731049,-14196.3857436151)
(-295205.775831638,-26626.6564090334,-69140.6495031198)
(-324343.831874549,-23898.8208082994,-189282.047065111)
(-321702.256105925,-12471.1387553828,-396762.679299858)
(-228869.968905178,-4607.78364291118,-634079.625465903)
(0,0,0)
(0,0,0)
(0,0,0)
(0,0,0)
(0,0,0)
(0,0,0)
(-201161.959069263,18183.2541113434,6101.62445983175)
(-204358.129645029,16467.0174932068,11142.5330556993)
(-210939.988026969,12389.0527871781,13544.8298791174)
(-221288.46224165,4375.14056584995,10727.4588894721)
(-235735.737431181,-11030.6618678269,-1033.08050792295)
(-254173.083771731,-40079.9080771264,-25807.1595832484)
(-276393.70268744,-86992.7811456863,-66456.6683113029)
(-303908.865900184,-74827.6417575614,-177878.292415573)
(-308299.922714928,-31281.2331147682,-388904.358465223)
(-222839.221130885,-9833.47105644296,-629466.728489395)
(0,0,0)
(0,0,0)
(0,0,0)
(0,0,0)
(0,0,0)
(0,0,0)
(-211122.13510447,25362.9588553338,4365.79313188682)
(-213409.527666273,23156.9310052281,7046.25637366719)
(-217816.609091679,17875.195038634,5463.38477710543)
(-223622.232055282,6911.10063760766,-4717.33080818618)
(-228697.319162448,-17049.8579887834,-30065.7873946536)
(-227706.569429694,-77756.71042315,-72705.2382561922)
(-213586.845715369,-280733.63491233,-54338.801931942)
(-235067.439768212,-226271.775949926,-134419.902263271)
(-269850.623022136,-57909.5257499076,-367510.640548874)
(-207403.608196853,-13595.0251313385,-619639.378779191)
(0,0,0)
(0,0,0)
(0,0,0)
(0,0,0)
(0,0,0)
(0,0,0)
(-227605.280692978,28087.1338431363,2158.39691573653)
(-228722.671041368,25979.5129677848,1714.4912898191)
(-230173.518927647,21092.9110143833,-5591.17249232873)
(-229435.555925776,11478.3838059567,-28664.3254700086)
(-219087.043213979,-6465.31120053931,-90701.7073744247)
(-175205.846381691,-32689.9008538607,-275645.940080551)
(-3.5481766605565e-05,-5.27645299267584e-06,1.66714664968292e-05)
(-841.194954371435,-256.445018207028,33856.55481867)
(-176241.743257705,-34133.8636435244,-323239.924699794)
(-176898.711824347,-6423.5876060774,-606032.974826176)
(0,0,0)
(0,0,0)
(0,0,0)
(0,0,0)
(0,0,0)
(0,0,0)
(-251777.658632318,20631.8884835277,78.4708241574014)
(-251764.950879775,19180.7105605081,-3192.95285881597)
(-250310.255051588,16098.6115530539,-15243.2076696591)
(-243296.300487885,10772.1062155867,-46635.6882760726)
(-220003.360208034,2659.27877114646,-116969.882949323)
(-154402.113049014,-5854.36993932486,-242958.986889239)
(4.92977899198474e-06,-1.92964917256442e-06,-9.08356051863812e-05)
(-8.31218932961694e-05,-9.79552385819012e-06,2.04963123256608e-06)
(-511.085732510225,647.949460646912,-295619.523568787)
(-134251.51834344,-1154.55296796202,-599672.61325451)
(0,0,0)
(0,0,0)
(0,0,0)
(0,0,0)
(0,0,0)
(0,0,0)
(-283916.120333275,-7586.10819872156,-1363.28622530329)
(-283012.557407063,-8140.26240647952,-6314.02991124085)
(-279404.490896048,-8894.92181811239,-20582.8822509656)
(-268013.972844791,-9191.13350688065,-54748.2224874301)
(-236663.553371224,-7950.45826261077,-125571.858548402)
(-159305.081848942,-4276.38601905597,-237234.695290468)
(-6.77826380333469e-07,-6.5434894834093e-06,-6.9540252056799e-05)
(-6.10786273110285e-05,-1.86614220769951e-05,3.55325939146368e-07)
(-600.17845180846,319.181109579494,-297764.629462167)
(-128012.856473893,-4889.63766280044,-598751.412469931)
(0,0,0)
(0,0,0)
(0,0,0)
(0,0,0)
(0,0,0)
(0,0,0)
(-320776.165009531,-74290.2788043495,-1902.87154705514)
(-319365.923680668,-74012.7431379747,-7114.95927832093)
(-314584.665270733,-72550.1499922695,-20976.6864252957)
(-300884.719803614,-67786.9848030823,-53603.7586353844)
(-264969.274311525,-55607.6715037692,-122015.304333429)
(-178078.420968863,-31262.8686817652,-233078.991257306)
(-9.72120024574344e-06,-0.000106861890685569,-8.11266910885214e-05)
(-0.000105892767723505,3.16135686121052e-06,2.40879859730693e-06)
(-551.571583695407,-18643.5554132462,-303354.663569859)
(-137631.83121275,-26581.9732258487,-594209.022807862)
(0,0,0)
(0,0,0)
(0,0,0)
(0,0,0)
(0,0,0)
(0,0,0)
(-350139.039955175,-204205.25455397,-1645.68820947893)
(-348656.499021739,-203488.834654818,-5748.86112859718)
(-343849.89026835,-200806.150613495,-16370.9812885206)
(-330444.29682667,-192830.347894192,-41658.0807500617)
(-294880.136205824,-170824.826156018,-97907.2738318915)
(-204196.689820199,-114582.430716669,-202172.868478539)
(-0.000127237386533789,7.75745001579281e-06,6.54524188259163e-06)
(-429.043908132848,-17207.5310423346,-19234.3778896793)
(-179389.990840579,-103562.290615652,-311771.113939708)
(-180348.045172747,-77737.7007902833,-568054.328798602)
(0,0,0)
(0,0,0)
(0,0,0)
(0,0,0)
(0,0,0)
(0,0,0)
(-341259.69404203,-414883.272312052,-960.384055277349)
(-340124.305210069,-414268.873560603,-3199.55664998507)
(-336506.706074165,-412191.519426552,-8531.43389263724)
(-326616.651459015,-406639.655143628,-19848.6657140217)
(-300167.989780848,-393333.296028547,-41800.708463339)
(-226957.133188941,-364343.691146549,-87644.0192249972)
(-1103.85170954878,-299619.145205444,-17886.660142622)
(-182297.500423833,-312830.603525929,-106083.871646)
(-246122.098741872,-286261.732349028,-286377.437908157)
(-192170.962002847,-180564.463378359,-490694.487315976)
(0,0,0)
(0,0,0)
(0,0,0)
(0,0,0)
(0,0,0)
(0,0,0)
(-239033.519337766,-652576.211070616,-370.783649478601)
(-238461.883944184,-652184.046297105,-1209.48403045717)
(-236662.679450467,-650882.340657075,-3101.963726231)
(-232013.44721533,-647670.663814372,-6732.05099805292)
(-220790.929478519,-640745.977638051,-12941.3814300326)
(-196121.266201052,-627623.785838574,-23100.0469247262)
(-154734.311599886,-604308.699669605,-31469.1674839711)
(-185431.007632619,-572487.1314643,-79882.1738331267)
(-193349.254267375,-492237.392441416,-181067.432924032)
(-140696.501320453,-310771.484208185,-310467.918167338)
(0,0,0)
(0,0,0)
(0,0,0)
(0,0,0)
(0,0,0)
(0,0,0)
(0,0,0)
(0,0,0)
(0,0,0)
(0,0,0)
(0,0,0)
(0,0,0)
(0,0,0)
(0,0,0)
(0,0,0)
(0,0,0)
(0,0,0)
(0,0,0)
(0,0,0)
(0,0,0)
(0,0,0)
(0,0,0)
(0,0,0)
(0,0,0)
(0,0,0)
(0,0,0)
(0,0,0)
(0,0,0)
(0,0,0)
(0,0,0)
(0,0,0)
(0,0,0)
(0,0,0)
(0,0,0)
(0,0,0)
(0,0,0)
(0,0,0)
(0,0,0)
(0,0,0)
(0,0,0)
(0,0,0)
(0,0,0)
(0,0,0)
(0,0,0)
(0,0,0)
(0,0,0)
(0,0,0)
(0,0,0)
(0,0,0)
(0,0,0)
(0,0,0)
(0,0,0)
(0,0,0)
(0,0,0)
(0,0,0)
(0,0,0)
(0,0,0)
(0,0,0)
(0,0,0)
(0,0,0)
(0,0,0)
(0,0,0)
(0,0,0)
(0,0,0)
(0,0,0)
(0,0,0)
(0,0,0)
(0,0,0)
(0,0,0)
(0,0,0)
(0,0,0)
(0,0,0)
(0,0,0)
(0,0,0)
(0,0,0)
(0,0,0)
(0,0,0)
(0,0,0)
(0,0,0)
(0,0,0)
(0,0,0)
(0,0,0)
(0,0,0)
(0,0,0)
(0,0,0)
(0,0,0)
(0,0,0)
(0,0,0)
(0,0,0)
(0,0,0)
(0,0,0)
(0,0,0)
(0,0,0)
(0,0,0)
(0,0,0)
(0,0,0)
(0,0,0)
(0,0,0)
(0,0,0)
(0,0,0)
(0,0,0)
(0,0,0)
(-204665.459983598,4751.48876523301,3421.37720790304)
(-206686.933841356,4288.36664519657,5632.689086199)
(-210549.430026375,3251.85414024304,5052.98216909012)
(-216031.629799055,1421.35104008391,-745.362227540673)
(-222669.978501779,-1417.32481677856,-15519.0132808654)
(-229470.523922283,-5127.36327479971,-45023.0704310554)
(-234558.920297728,-7803.98273179527,-97865.9432331732)
(-232599.889183837,-3460.50189907733,-186149.384024814)
(-205352.986450554,923.284296809931,-303421.937976976)
(-128954.670502485,1418.50442861398,-404755.740808317)
(0,0,0)
(0,0,0)
(0,0,0)
(0,0,0)
(0,0,0)
(0,0,0)
(-207690.978606153,8354.92259860123,2925.58570352628)
(-209213.153477456,7502.46284192226,4566.51333922847)
(-211920.635272675,5559.91468091279,3239.10004426483)
(-215095.492065123,2027.18135570741,-3559.70044788822)
(-217445.086670385,-4038.29663159763,-19229.3793938624)
(-217160.081690164,-13659.7491370059,-47709.995613225)
(-214088.358144977,-24264.1452903281,-93555.1775971464)
(-213069.638662013,-6045.90375992572,-181809.002974468)
(-193323.142743047,7104.85407565643,-302967.352725192)
(-123706.363013651,5535.53788569519,-406217.244299507)
(0,0,0)
(0,0,0)
(0,0,0)
(0,0,0)
(0,0,0)
(0,0,0)
(-213911.936447903,9089.62912207656,2055.09481996169)
(-214515.296425249,8040.17807080845,2623.14835005082)
(-214993.242963497,5650.02212709742,-290.325224314589)
(-213435.539212864,1148.35782148198,-9598.19453251244)
(-206061.546875844,-7447.12863856583,-28825.134812148)
(-186638.634532012,-25295.231526307,-58257.5873205326)
(-153420.513845196,-67374.270931133,-75313.7935499005)
(-155460.361634198,7779.54941361181,-168746.32485745)
(-162433.495532034,35598.075739007,-304656.674010908)
(-111503.536768856,16855.0563483745,-411876.263901561)
(0,0,0)
(0,0,0)
(0,0,0)
(0,0,0)
(0,0,0)
(0,0,0)
(-223573.07328596,4074.42145721691,983.000257839575)
(-223049.730073572,3145.44674355971,204.790617293812)
(-220653.751185246,1147.07108418575,-4812.02608219798)
(-212706.459169553,-2259.88913510349,-18132.8758818323)
(-190747.178387861,-7321.27265183087,-46598.5966946833)
(-134986.255198898,-11880.0260128623,-100233.393390919)
(-3.09356389257052e-05,-5.70454323110064e-06,-2.37562743768181e-06)
(-270.650633343917,308.406229559848,-140995.220258351)
(-99620.2147766322,141474.607989102,-323493.280989521)
(-90889.7742808331,36164.4249518172,-428811.587136484)
(0,0,0)
(0,0,0)
(0,0,0)
(0,0,0)
(0,0,0)
(0,0,0)
(-236379.639108968,-11405.8667570383,82.268690909618)
(-234849.240690543,-11921.7832504445,-1766.21150431565)
(-229911.710524213,-12814.4152200915,-8203.26972741478)
(-216782.348294273,-13775.6622862778,-23201.4487698535)
(-185467.930860946,-13873.8709045015,-51184.2798642721)
(-118436.435229191,-10692.0200213425,-88337.9636756154)
(4.76767197538049e-06,-4.89936144396479e-07,-6.88716716440951e-06)
(-7.28255539415027e-05,-1.77224582496252e-06,-1.50756444389593e-05)
(-924.599979170195,519.898366154347,-428958.561695612)
(-66984.2171501181,5057.8010847375,-465119.239021847)
(0,0,0)
(0,0,0)
(0,0,0)
(0,0,0)
(0,0,0)
(0,0,0)
(-250602.256169302,-44283.4904844218,-436.240436590285)
(-248430.099126958,-44276.7865406608,-2663.69542648198)
(-241918.598690092,-43817.3846268348,-9146.61822569745)
(-225804.398713958,-41818.305996952,-23313.5486458557)
(-189683.057445478,-36052.4967752231,-48115.4187008809)
(-117442.307019133,-22897.9710525907,-77772.2424994441)
(1.3370602516168e-08,-2.78305070491096e-06,-7.18614935303916e-12)
(-5.12496315607595e-05,-1.14241627539459e-06,-1.04588324859857e-05)
(-689.603007224205,389.411238627456,-424768.513130821)
(-62745.8112998687,-14500.1761099106,-470477.58111018)
(0,0,0)
(0,0,0)
(0,0,0)
(0,0,0)
(0,0,0)
(0,0,0)
(-261368.997685183,-103226.073073044,-464.584735733535)
(-258987.364559971,-102844.971463558,-2274.95893353988)
(-252092.276833326,-101368.296696957,-7216.43530082636)
(-235422.209554799,-96903.2026620447,-17594.0488845507)
(-198442.574820577,-85121.51245319,-35051.7326975336)
(-123979.457153697,-57052.0624375377,-54996.605127752)
(-7.23712289058785e-06,-6.46186580973366e-06,-8.46816969295222e-12)
(-9.03437626928515e-05,-3.13861425286951e-06,-1.35528155213485e-05)
(-257.349022956874,-197314.253482712,-440046.826169534)
(-66618.6831293401,-69230.197301082,-456329.953061799)
(0,0,0)
(0,0,0)
(0,0,0)
(0,0,0)
(0,0,0)
(0,0,0)
(-258455.997780143,-194788.218935418,-120.896312655944)
(-256323.04711061,-194400.142634753,-899.177052587368)
(-250275.095605792,-192922.513966101,-2919.75444600474)
(-235810.931598137,-188454.055088443,-6002.26724813801)
(-203251.26837207,-175597.25035678,-7155.3971783019)
(-133479.231815546,-136752.687424802,1827.76980430835)
(-0.000113164870952053,-1.54683507373027e-05,-5.28527477189051e-06)
(-261.530633986861,-198563.459154109,-197849.291319809)
(-92102.0657791717,-170030.079002804,-312421.390861123)
(-85046.0169619197,-89446.6610010907,-387506.955371936)
(0,0,0)
(0,0,0)
(0,0,0)
(0,0,0)
(0,0,0)
(0,0,0)
(-224212.667305252,-312065.137535416,229.891863218407)
(-222727.09315706,-312021.78765664,454.324832086391)
(-218556.172847791,-311800.062643615,1381.34028322375)
(-208819.784423479,-311503.935286593,6634.3534458488)
(-187129.462622193,-313482.341632681,31480.9175630955)
(-137441.494697316,-333029.140838048,138241.732484713)
(-591.548349489385,-452716.416092829,-198936.50447866)
(-94478.5919232722,-315574.818141135,-169744.053992192)
(-120412.857529057,-233229.143715558,-232254.230492248)
(-86473.5016398507,-128973.351708271,-298425.000148075)
(0,0,0)
(0,0,0)
(0,0,0)
(0,0,0)
(0,0,0)
(0,0,0)
(-138517.039436729,-412828.099689724,246.482253278002)
(-137796.087073451,-413062.084908494,620.982634399531)
(-135782.301458503,-413636.296848212,1576.83884703153)
(-131277.923220771,-415141.892428225,4479.2719940997)
(-122043.668950524,-419489.439861242,11739.1096946774)
(-104654.292838287,-431054.105999546,18297.101493406)
(-77890.5826190718,-449140.810829198,-62122.2327510389)
(-88715.2239176152,-386680.985325126,-87731.8492820487)
(-87354.2994217272,-298612.720576402,-128343.227266844)
(-58332.6280249566,-169942.648675417,-169737.803595195)
(0,0,0)
(0,0,0)
(0,0,0)
(0,0,0)
(0,0,0)
(0,0,0)
(0,0,0)
(0,0,0)
(0,0,0)
(0,0,0)
(0,0,0)
(0,0,0)
(0,0,0)
(0,0,0)
(0,0,0)
(0,0,0)
(0,0,0)
(0,0,0)
(0,0,0)
(0,0,0)
(0,0,0)
(0,0,0)
(0,0,0)
(0,0,0)
(0,0,0)
(0,0,0)
(0,0,0)
(0,0,0)
(0,0,0)
(0,0,0)
(0,0,0)
(0,0,0)
(0,0,0)
(0,0,0)
(0,0,0)
(0,0,0)
(0,0,0)
(0,0,0)
(0,0,0)
(0,0,0)
(0,0,0)
(0,0,0)
(0,0,0)
(0,0,0)
(0,0,0)
(0,0,0)
(0,0,0)
(0,0,0)
(0,0,0)
(0,0,0)
(0,0,0)
(0,0,0)
(0,0,0)
(0,0,0)
(0,0,0)
(0,0,0)
(0,0,0)
(0,0,0)
(0,0,0)
(0,0,0)
(0,0,0)
(0,0,0)
(0,0,0)
(0,0,0)
(0,0,0)
(0,0,0)
(0,0,0)
(0,0,0)
(0,0,0)
(0,0,0)
(0,0,0)
(0,0,0)
(0,0,0)
(0,0,0)
(0,0,0)
(0,0,0)
(0,0,0)
(0,0,0)
(0,0,0)
(0,0,0)
(0,0,0)
(0,0,0)
(0,0,0)
(0,0,0)
(0,0,0)
(0,0,0)
(0,0,0)
(0,0,0)
(0,0,0)
(0,0,0)
(0,0,0)
(0,0,0)
(0,0,0)
(0,0,0)
(0,0,0)
(0,0,0)
(0,0,0)
(0,0,0)
(0,0,0)
(0,0,0)
(0,0,0)
(0,0,0)
(-207936.367213214,1816.48986326802,1454.41736633613)
(-208823.481676246,1821.80698718229,1769.15821404159)
(-210216.630076759,1907.19218490043,-470.833920472539)
(-211485.152049344,2361.94262415848,-7379.25429433992)
(-211594.574490401,3821.64166048157,-22276.2999661959)
(-208983.615965516,7201.66973675107,-49964.8776597121)
(-201614.36378414,12693.4705046144,-95602.9046779124)
(-185727.808018462,16064.3984875972,-158539.384330879)
(-150132.15690677,12917.1771544384,-226677.391029101)
(-86712.2661095025,6631.04896667324,-275550.844388753)
(0,0,0)
(0,0,0)
(0,0,0)
(0,0,0)
(0,0,0)
(0,0,0)
(-209550.010836156,2254.72635035608,1420.79574291571)
(-210097.161591377,2276.06860065365,1850.54224336744)
(-210711.51213243,2508.52453721017,40.0867508123033)
(-210454.828682453,3613.0442837836,-5851.67829148452)
(-207863.387360693,7236.55439474354,-18848.2903354432)
(-201131.57631236,16774.6193139541,-44449.7452904536)
(-189929.320791515,36326.1372999403,-92241.4494392516)
(-178980.834980707,51462.3908618661,-161728.245494837)
(-146984.567449946,37870.5006491418,-233020.144282642)
(-85449.7420423055,17628.8860484724,-282274.602335792)
(0,0,0)
(0,0,0)
(0,0,0)
(0,0,0)
(0,0,0)
(0,0,0)
(-212650.72132474,-427.584518204883,1421.09574539662)
(-212553.269825865,-373.316896779335,2108.45464344353)
(-211664.262777802,50.3147774570382,1237.68421749959)
(-208280.675768221,1824.63298593576,-2128.76792929424)
(-199420.448437212,7741.80357688115,-9275.11555006576)
(-180551.807720786,26262.538932882,-24849.8619802164)
(-150815.241283925,85933.6788786203,-77062.6761201746)
(-168456.89870031,162805.600412519,-175409.348604722)
(-144852.584563727,98306.4701004562,-253426.22902432)
(-84581.8548715315,37398.470579892,-300117.495453075)
(0,0,0)
(0,0,0)
(0,0,0)
(0,0,0)
(0,0,0)
(0,0,0)
(-216837.579405567,-8641.34018666921,1478.26178806855)
(-215958.310372594,-8533.26088704025,2546.78607734866)
(-213122.276043711,-8009.67695823544,3075.30267150473)
(-205411.093330631,-6273.1671558696,3877.73697439043)
(-186357.39762497,-2026.93025271944,9256.69004110862)
(-139020.582864364,4667.93243294348,34885.624206513)
(-2.18368785957403e-05,7.90515510474027e-06,-1.37714812244062e-05)
(-194685.471930546,224.401552537315,-239917.246231759)
(-166860.950959284,240054.631836633,-314424.671785283)
(-90281.6240581048,60023.3869970111,-337657.738425122)
(0,0,0)
(0,0,0)
(0,0,0)
(0,0,0)
(0,0,0)
(0,0,0)
(-221064.027215855,-25569.3417774773,1612.38969768918)
(-219511.666095625,-25369.6153868243,3111.16960256008)
(-214996.462270133,-24650.6041717137,4836.84856195907)
(-203706.124777457,-22620.1588981816,8107.61678745667)
(-177345.552576342,-17931.0300772128,15889.3383273417)
(-118524.558326791,-9581.01658757831,30226.4104454654)
(1.01673359431718e-05,1.4110164599518e-06,2.08650320982988e-06)
(-4.97075454611102e-05,3.81909602231272e-06,-2.47333251038971e-05)
(-303763.726508226,735.696635124868,-494606.094988534)
(-112963.321047202,9285.77404725839,-397889.3781417)
(0,0,0)
(0,0,0)
(0,0,0)
(0,0,0)
(0,0,0)
(0,0,0)
(-223004.581449589,-54954.7258160996,1787.70931890959)
(-221142.218445257,-54703.9350414909,3834.14829188036)
(-215830.283783985,-53807.6566064752,6902.88582053242)
(-203043.916654367,-51257.6751386126,12779.920001374)
(-174330.746929546,-44635.7103628046,24132.2897710375)
(-113376.192342025,-29280.3925140307,39765.5510203821)
(1.61744057824664e-06,9.32995036450237e-07,5.50788951156862e-13)
(-3.62167964418252e-05,7.14482547609671e-06,-1.83585640219294e-05)
(-288385.563913406,859.002609189073,-486473.169001929)
(-114023.068824518,-18346.672010554,-407563.465419485)
(0,0,0)
(0,0,0)
(0,0,0)
(0,0,0)
(0,0,0)
(0,0,0)
(-218352.227589299,-99939.9995560316,1968.50364405478)
(-216545.905640255,-99819.6842874513,4642.7939702982)
(-211510.886584195,-99186.895880181,9440.64299487467)
(-199681.663043394,-96951.743091083,19394.1644359393)
(-173488.077665665,-89612.2665355386,39416.2234537629)
(-116538.854273351,-66285.4644297602,68980.6924891417)
(-3.62208688643676e-06,-8.6106391015255e-07,-5.96940903727172e-13)
(-4.93385479266725e-05,-6.97685899377629e-06,-2.68835308932469e-05)
(-316937.410765631,-289012.550285749,-506153.801937709)
(-113952.234229185,-87585.7740891466,-389581.148759267)
(0,0,0)
(0,0,0)
(0,0,0)
(0,0,0)
(0,0,0)
(0,0,0)
(-200374.572004771,-160080.18904302,2058.76371162214)
(-198929.149593245,-160342.565772658,5187.7476794673)
(-195115.637482672,-160732.890231845,11574.2839080107)
(-186801.617274818,-160999.638484695,26612.8649783027)
(-169815.116046352,-159054.856872456,62619.3029894993)
(-132013.501853944,-140264.210923172,135132.319521309)
(-6.76282365651948e-05,-3.15160495558321e-05,-1.18642289517533e-05)
(-233520.751939144,-292402.443573715,-289426.990425466)
(-167253.038765314,-198129.827777634,-305158.739947447)
(-84638.8417835794,-90782.5569024689,-302369.132312462)
(0,0,0)
(0,0,0)
(0,0,0)
(0,0,0)
(0,0,0)
(0,0,0)
(-160268.569309147,-225825.808838239,1801.52179911259)
(-159391.318432727,-226582.890523727,4706.07182585039)
(-157227.451586271,-228533.57588878,11178.0362212619)
(-153544.323379565,-233484.551122608,28387.4878152549)
(-151078.010999146,-247951.299970073,81232.4792898285)
(-171802.302103485,-299807.739522618,275136.815295436)
(-356071.15888208,-529580.526626852,-292675.942588254)
(-174588.742641513,-309478.801592336,-195489.433851393)
(-115898.378904437,-199967.73312836,-198166.007125296)
(-62780.5095727644,-100743.848682533,-211897.707412311)
(0,0,0)
(0,0,0)
(0,0,0)
(0,0,0)
(0,0,0)
(0,0,0)
(-91739.64002509,-273651.5713189,1048.36306902354)
(-91356.9587673042,-274678.352657404,2704.69689655747)
(-90428.2010115394,-277313.958877494,6130.97943830658)
(-89013.8770757586,-283369.124851888,13751.5070225776)
(-88456.9508278522,-296961.072372127,29174.5613019536)
(-94473.260661424,-325932.805700429,45118.5953029059)
(-118660.827913917,-370826.62560676,-72865.0604223419)
(-87161.7560757197,-297624.401446858,-86272.9284097183)
(-63308.3674180348,-211036.456186399,-99250.1373553794)
(-35412.5329869583,-111526.285645642,-111387.795430263)
(0,0,0)
(0,0,0)
(0,0,0)
(0,0,0)
(0,0,0)
(0,0,0)
(0,0,0)
(0,0,0)
(0,0,0)
(0,0,0)
(0,0,0)
(0,0,0)
(0,0,0)
(0,0,0)
(0,0,0)
(0,0,0)
(0,0,0)
(0,0,0)
(0,0,0)
(0,0,0)
(0,0,0)
(0,0,0)
(0,0,0)
(0,0,0)
(0,0,0)
(0,0,0)
(0,0,0)
(0,0,0)
(0,0,0)
(0,0,0)
(0,0,0)
(0,0,0)
(0,0,0)
(0,0,0)
(0,0,0)
(0,0,0)
(0,0,0)
(0,0,0)
(0,0,0)
(0,0,0)
(0,0,0)
(0,0,0)
(0,0,0)
(0,0,0)
(0,0,0)
(0,0,0)
(0,0,0)
(0,0,0)
(0,0,0)
(0,0,0)
(0,0,0)
(0,0,0)
(0,0,0)
(0,0,0)
(0,0,0)
(0,0,0)
(0,0,0)
(0,0,0)
(0,0,0)
(0,0,0)
(0,0,0)
(0,0,0)
(0,0,0)
(0,0,0)
(0,0,0)
(0,0,0)
(0,0,0)
(0,0,0)
(0,0,0)
(0,0,0)
(0,0,0)
(0,0,0)
(0,0,0)
(0,0,0)
(0,0,0)
(0,0,0)
(0,0,0)
(0,0,0)
(0,0,0)
(0,0,0)
(0,0,0)
(0,0,0)
(0,0,0)
(0,0,0)
(0,0,0)
(0,0,0)
(0,0,0)
(0,0,0)
(0,0,0)
(0,0,0)
(0,0,0)
(0,0,0)
(0,0,0)
(0,0,0)
(0,0,0)
(0,0,0)
(0,0,0)
(0,0,0)
(0,0,0)
(0,0,0)
(0,0,0)
(0,0,0)
(-208816.491732449,265.970534073675,614.153985167172)
(-209161.947737926,571.422884152546,381.197162692616)
(-209480.937271704,1398.86934788338,-1753.36499025309)
(-209104.978574445,3374.71567566718,-7508.25414082)
(-206936.280743171,7562.68101703645,-19729.2289050858)
(-201231.074264219,15093.5156923918,-42575.2862987777)
(-189070.678598069,24448.3714914053,-79567.342976253)
(-165428.119111026,22853.2545992063,-122720.286482891)
(-125822.740352725,16045.2578366578,-163074.960873601)
(-68945.7005236375,7871.22838975977,-188712.754849217)
(0,0,0)
(0,0,0)
(0,0,0)
(0,0,0)
(0,0,0)
(0,0,0)
(-209451.753905039,-740.294954411131,908.008557364027)
(-209715.594696929,-147.174849087484,1245.03939616021)
(-209876.442354539,1540.96131662726,267.877649527209)
(-209281.672336772,5754.65494498736,-3285.21796547314)
(-207107.598002713,15679.2706802618,-12157.5969866764)
(-202338.01937366,37359.3215781098,-33216.9598110927)
(-192975.234657013,75463.6462533236,-81186.320707513)
(-169717.694771463,61971.2093031504,-129567.415620696)
(-129106.64508435,39921.3655860737,-171321.445735707)
(-70589.8752300696,18416.3037342142,-196726.387892398)
(0,0,0)
(0,0,0)
(0,0,0)
(0,0,0)
(0,0,0)
(0,0,0)
(-210406.743859425,-4491.15891945055,1506.88649972492)
(-210475.129548428,-3705.94834168627,2987.51971488642)
(-210310.06686454,-1397.87370961722,4572.15882787352)
(-209333.945569415,4672.51641578279,6707.5671582737)
(-207379.394345479,20796.9072114636,9548.87653534429)
(-206344.026495061,67791.338527781,4909.07835994652)
(-212588.488374868,236812.921100138,-94666.9493959182)
(-185989.839017023,136556.145357517,-151718.945133571)
(-139924.807781973,76289.6761491149,-193015.032478365)
(-75448.4541282741,31675.6605401958,-215407.790027601)
(0,0,0)
(0,0,0)
(0,0,0)
(0,0,0)
(0,0,0)
(0,0,0)
(-210858.84189622,-12774.6721515757,2304.7757227824)
(-210694.257676063,-11993.1559655726,5327.930650147)
(-210073.413306645,-9824.43535960402,10705.6295630698)
(-208417.314957559,-4506.55108143742,22890.9186872101)
(-206270.185633089,7054.12335185517,56546.4905549338)
(-213847.088074925,25204.956056715,173959.378236558)
(-315239.102353578,-90.06711518091,-194884.063091655)
(-235752.941108596,194802.522432507,-212062.970988599)
(-168055.368416084,103163.692497417,-237742.5698801)
(-86445.5935600778,37360.0562010177,-247262.996038942)
(0,0,0)
(0,0,0)
(0,0,0)
(0,0,0)
(0,0,0)
(0,0,0)
(-209431.660457229,-27485.3904091253,3078.35149892724)
(-209068.965994161,-26879.4292232302,7521.92465511617)
(-207969.090592603,-25338.432518504,16008.5501364811)
(-204805.109053801,-21806.256203414,34407.2395347967)
(-195764.369925504,-14761.9101212061,74642.0903570256)
(-163097.068852728,-4291.41386041638,148710.970800088)
(-3.49470221582512e-05,1.76302402385088e-05,3.1090316866988e-05)
(-311631.084041826,277.085745395239,-303817.649946074)
(-216910.856395027,16222.5511804732,-303729.378742327)
(-102749.692719867,8280.36755139018,-284863.318420035)
(0,0,0)
(0,0,0)
(0,0,0)
(0,0,0)
(0,0,0)
(0,0,0)
(-203845.472935315,-50264.7858821217,3620.28695872369)
(-203467.685939541,-50014.0016478025,9080.32687758006)
(-202317.905189872,-49347.7847985375,19577.3005635072)
(-198996.694092945,-47722.9618718042,41446.7836704749)
(-189127.698830206,-43604.6679754219,85086.4934253496)
(-153478.88257393,-32295.9750936134,153193.744890449)
(-2.79347080314214e-05,2.92199598877104e-05,2.1805183336199e-05)
(-293424.452935436,342.291590368831,-288227.546913577)
(-220864.751402827,-27538.8996349542,-311986.908608722)
(-106042.684721571,-18202.5529454428,-293484.372214839)
(0,0,0)
(0,0,0)
(0,0,0)
(0,0,0)
(0,0,0)
(0,0,0)
(-190726.394213609,-81691.5909825436,3800.97172472834)
(-190500.260609353,-81947.1408464039,9688.4658924224)
(-189826.345066121,-82549.4592125005,21205.5987883107)
(-187943.143916731,-83820.2929153252,45564.4107051627)
(-182208.612487861,-85698.0662644385,96378.3438163705)
(-156437.741693418,-81571.8780230931,185553.134165927)
(-3.81709448155353e-05,3.98104645221942e-05,2.85121214186756e-05)
(-323787.366529922,-233108.794102164,-316532.432909684)
(-218888.983808886,-139125.300967579,-302994.458533803)
(-101396.860921726,-58196.2983417849,-275556.086444926)
(0,0,0)
(0,0,0)
(0,0,0)
(0,0,0)
(0,0,0)
(0,0,0)
(-166023.434808741,-119566.529801196,3523.80162261952)
(-166006.680536471,-120371.900823772,9026.09254321655)
(-166098.801871663,-122434.877625187,19894.675344888)
(-166987.164030083,-127364.839980419,43624.7691652479)
(-172314.126838452,-139987.790488972,100413.50418189)
(-200507.767752882,-179730.202633361,267066.094691105)
(-362839.963543017,-355724.079812993,-233371.34540384)
(-243914.96516727,-233179.662338509,-222906.263939364)
(-160292.907968031,-146598.103145419,-222393.592558796)
(-78750.7148183277,-68851.3977212227,-217626.62014462)
(0,0,0)
(0,0,0)
(0,0,0)
(0,0,0)
(0,0,0)
(0,0,0)
(-125752.167010927,-156807.862034227,2724.929934809)
(-125894.329055115,-158046.951466916,6902.99120034344)
(-126408.017848462,-161256.906146379,14905.5859837323)
(-128403.099838593,-168510.856375028,30910.3788373739)
(-135756.743851225,-184925.208498586,60526.5296990663)
(-159804.558692038,-222091.809778213,90890.3934324699)
(-218028.664248008,-291802.338700282,-111073.842314307)
(-160464.133329685,-221756.072195917,-136622.041768737)
(-106991.027335226,-147196.080358767,-144931.416124596)
(-54266.6233117813,-73291.9264729788,-149004.773633818)
(0,0,0)
(0,0,0)
(0,0,0)
(0,0,0)
(0,0,0)
(0,0,0)
(-68713.4659414673,-181311.974123656,1477.93800580779)
(-68846.0062738059,-182742.728448099,3662.7624934906)
(-69253.9685475999,-186347.55270193,7579.17658509964)
(-70500.8213584195,-193818.781357313,14374.0458500476)
(-74230.7214369996,-207981.340249679,23203.9482102914)
(-83363.1756120381,-230969.130194205,20971.1835769004)
(-96462.8275220161,-251726.534535199,-41302.6209800946)
(-77780.8898288967,-210107.160634826,-62332.39878801)
(-54058.5127794353,-147490.434486504,-71287.8992988737)
(-28084.3272072223,-76010.4644888861,-75897.5670627038)
(0,0,0)
(0,0,0)
(0,0,0)
(0,0,0)
(0,0,0)
(0,0,0)
(0,0,0)
(0,0,0)
(0,0,0)
(0,0,0)
(0,0,0)
(0,0,0)
(0,0,0)
(0,0,0)
(0,0,0)
(0,0,0)
(0,0,0)
(0,0,0)
(0,0,0)
(0,0,0)
(0,0,0)
(0,0,0)
(0,0,0)
(0,0,0)
(0,0,0)
(0,0,0)
(0,0,0)
(0,0,0)
(0,0,0)
(0,0,0)
(0,0,0)
(0,0,0)
(0,0,0)
(0,0,0)
(0,0,0)
(0,0,0)
(0,0,0)
(0,0,0)
(0,0,0)
(0,0,0)
(0,0,0)
(0,0,0)
(0,0,0)
(0,0,0)
(0,0,0)
(0,0,0)
(0,0,0)
(0,0,0)
(0,0,0)
(0,0,0)
(0,0,0)
(0,0,0)
(0,0,0)
(0,0,0)
(0,0,0)
(0,0,0)
(0,0,0)
(0,0,0)
(0,0,0)
(0,0,0)
(0,0,0)
(0,0,0)
(0,0,0)
(0,0,0)
(0,0,0)
(0,0,0)
(0,0,0)
(0,0,0)
(0,0,0)
(0,0,0)
(0,0,0)
(0,0,0)
(0,0,0)
(0,0,0)
(0,0,0)
(0,0,0)
(0,0,0)
(0,0,0)
(0,0,0)
(0,0,0)
(0,0,0)
(0,0,0)
(0,0,0)
(0,0,0)
(0,0,0)
(0,0,0)
(0,0,0)
(0,0,0)
(0,0,0)
(0,0,0)
(0,0,0)
(0,0,0)
(0,0,0)
(0,0,0)
(0,0,0)
(0,0,0)
(0,0,0)
(0,0,0)
(0,0,0)
(0,0,0)
(0,0,0)
(0,0,0)
(-208853.711235305,-283.479852578265,320.699355429873)
(-209029.041216254,88.5136767494667,99.2791570090153)
(-209083.729377478,1077.66932198104,-1375.59805918816)
(-208375.001165552,3263.61184214845,-5369.18731023595)
(-205701.369704242,7457.91645560808,-14062.0148047754)
(-198881.858718183,14058.5694340145,-30469.7997848222)
(-184243.813654841,20631.3972674482,-55928.0619955009)
(-156908.872866122,18635.7950626512,-83083.1033030502)
(-115488.126835493,12800.6459371217,-106218.362757411)
(-61560.1454492487,6246.15279572736,-119850.070627525)
(0,0,0)
(0,0,0)
(0,0,0)
(0,0,0)
(0,0,0)
(0,0,0)
(-208915.982684765,-1521.79183222034,702.540759369124)
(-209249.789611507,-791.969548596011,1117.21889928561)
(-209697.286168233,1206.61547266749,809.116562294716)
(-209827.200432866,5810.10153599515,-1191.84503545596)
(-208936.22723503,15540.2733373453,-7445.57268487607)
(-205284.162822076,33457.6743693353,-23898.5341717804)
(-194255.861784397,55951.6460867177,-57938.1558636654)
(-165871.460987209,45802.2461622032,-88950.8407474759)
(-121576.241898741,29135.3352357963,-112815.933231756)
(-64514.9408490461,13551.5011952639,-126196.216012318)
(0,0,0)
(0,0,0)
(0,0,0)
(0,0,0)
(0,0,0)
(0,0,0)
(-208621.21868969,-4763.3636039807,1456.04660202529)
(-209176.560950399,-3794.48388573369,3159.99234113407)
(-210346.686744151,-1064.37783891573,5467.60553232808)
(-212324.263832232,5694.58155461167,8573.44377652492)
(-215790.24461803,22032.8378371806,10491.7295492349)
(-221381.638098026,60386.5150498017,-1399.49952826873)
(-224188.270808414,134252.745876138,-68100.8168841383)
(-189475.410647723,86900.2466159685,-105713.245707209)
(-136232.255501494,48259.1504348394,-128529.613186729)
(-71226.9375068325,20724.8712426847,-139924.499855587)
(0,0,0)
(0,0,0)
(0,0,0)
(0,0,0)
(0,0,0)
(0,0,0)
(-206884.225526697,-11176.4385301024,2438.45855659989)
(-207745.882463587,-10226.3400696162,5921.9395280022)
(-209917.170750962,-7582.24997765695,12283.5691110584)
(-214667.12478791,-750.851202676334,24978.8116987044)
(-225819.554139494,17687.9855321716,48873.0325101199)
(-253112.298363178,76054.4051563223,72470.3526918602)
(-308162.994023554,315121.321281505,-115474.331043533)
(-238874.718452291,119005.965503889,-144458.272587756)
(-162490.121876501,54419.4089101041,-156183.777602612)
(-82214.9770399241,21129.7599462289,-160819.282826308)
(0,0,0)
(0,0,0)
(0,0,0)
(0,0,0)
(0,0,0)
(0,0,0)
(-202201.315140969,-21782.8930592588,3376.10921289591)
(-203383.465740155,-21125.2420070741,8589.51089635036)
(-206551.021475208,-19510.7679690106,19099.9597703141)
(-214055.379171802,-15806.2548301124,43405.6335157511)
(-233929.261964246,-7947.99268511633,107206.503771781)
(-296962.113521388,5590.30413792288,311535.649458845)
(-547840.792530732,759.570252374548,-311620.183157355)
(-313890.66294239,18802.5407218158,-209157.179474708)
(-194469.803069935,12446.3024257344,-189625.126315437)
(-94157.6259317159,5073.49748915897,-182160.930646524)
(0,0,0)
(0,0,0)
(0,0,0)
(0,0,0)
(0,0,0)
(0,0,0)
(-192461.984850185,-37108.9385558448,3942.55741145626)
(-193882.922927622,-36962.7064365231,10195.2588289844)
(-197693.379009287,-36748.2417335241,22808.2064129111)
(-206731.715741259,-36522.9698050839,51259.9430361965)
(-229999.519536856,-36522.9246763365,120706.695734061)
(-298828.677292754,-35069.7685496078,306716.563140419)
(-537448.996680447,272.209779605931,-293711.278769936)
(-322874.474280789,-29762.3166650478,-215696.400037709)
(-201525.356009134,-25411.6164814026,-197177.876524273)
(-97178.5512940412,-13501.6357742129,-187466.876688429)
(0,0,0)
(0,0,0)
(0,0,0)
(0,0,0)
(0,0,0)
(0,0,0)
(-175040.545101836,-56818.754537785,4023.96687017064)
(-176548.641504049,-57271.9689659199,10381.610294266)
(-180552.94853825,-58669.6264896628,23029.5985225341)
(-189987.668001713,-62689.1577042785,51240.3105067175)
(-214007.715438966,-75621.9207581002,122138.409539584)
(-285955.610427808,-125472.382601786,342058.892326161)
(-559405.61204071,-362701.385233177,-323897.284408231)
(-312889.447323471,-153015.85830666,-211541.661973075)
(-190003.695553414,-80390.3940939474,-185448.172616003)
(-90695.1152238354,-35508.6180280571,-174142.936060045)
(0,0,0)
(0,0,0)
(0,0,0)
(0,0,0)
(0,0,0)
(0,0,0)
(-147443.787936745,-78954.2905384603,3555.88912867826)
(-148795.192700102,-79892.5680285806,8965.00035496771)
(-152382.778126022,-82407.3747142986,18986.7248339647)
(-160490.507145612,-88458.364244872,38259.2744900878)
(-178787.283022755,-103120.330351274,72230.8402675619)
(-219815.927110115,-138720.839783487,104787.456806488)
(-295762.488214425,-210638.307675506,-114353.096079767)
(-222671.21337077,-149485.546631427,-139127.159551504)
(-145931.509176198,-93131.2712800979,-140747.681157197)
(-71898.6770472619,-44295.9958553393,-138812.341100969)
(0,0,0)
(0,0,0)
(0,0,0)
(0,0,0)
(0,0,0)
(0,0,0)
(-108043.89762062,-99291.876765959,2629.31683719352)
(-109053.928021755,-100527.353112913,6423.70088816474)
(-111692.896648311,-103606.055049029,12907.2600227431)
(-117384.536770529,-110115.863013424,23546.1957232291)
(-128913.341416858,-122943.724239857,36526.1871774433)
(-149514.47764081,-145229.546994325,32744.8133370524)
(-172667.302140629,-169861.080047906,-53393.7763979343)
(-141547.177895658,-138780.353372655,-83015.9250907295)
(-96906.5729933573,-94104.4769302203,-92127.1737824685)
(-48941.1537101038,-47054.2192256308,-94694.4200138556)
(0,0,0)
(0,0,0)
(0,0,0)
(0,0,0)
(0,0,0)
(0,0,0)
(-57512.8230283805,-111883.571405409,1391.05172636378)
(-58045.3957383308,-113233.761989898,3296.85006787311)
(-59440.2663009106,-116454.029995588,6331.12276774453)
(-62265.686535115,-122666.536447106,10646.6613781201)
(-67490.9380471737,-133153.285028193,14116.4387766282)
(-75328.6107636478,-147081.99208339,7934.31901729898)
(-80998.3441978169,-154831.268987239,-22559.9753675678)
(-68557.3545757877,-132017.390139592,-38546.4738537383)
(-48162.5101932821,-93282.4320470661,-45264.5213230461)
(-24718.6633672764,-47903.1787300872,-47781.2256585355)
(0,0,0)
(0,0,0)
(0,0,0)
(0,0,0)
(0,0,0)
(0,0,0)
(0,0,0)
(0,0,0)
(0,0,0)
(0,0,0)
(0,0,0)
(0,0,0)
(0,0,0)
(0,0,0)
(0,0,0)
(0,0,0)
(0,0,0)
(0,0,0)
(0,0,0)
(0,0,0)
(0,0,0)
(0,0,0)
(0,0,0)
(0,0,0)
(0,0,0)
(0,0,0)
(0,0,0)
(0,0,0)
(0,0,0)
(0,0,0)
(0,0,0)
(0,0,0)
(0,0,0)
(0,0,0)
(0,0,0)
(0,0,0)
(0,0,0)
(0,0,0)
(0,0,0)
(0,0,0)
(0,0,0)
(0,0,0)
(0,0,0)
(0,0,0)
(0,0,0)
(0,0,0)
(0,0,0)
(0,0,0)
(0,0,0)
(0,0,0)
(0,0,0)
(0,0,0)
(0,0,0)
(0,0,0)
(0,0,0)
(0,0,0)
(0,0,0)
(0,0,0)
(0,0,0)
(0,0,0)
(0,0,0)
(0,0,0)
(0,0,0)
(0,0,0)
(0,0,0)
(0,0,0)
(0,0,0)
(0,0,0)
(0,0,0)
(0,0,0)
(0,0,0)
(0,0,0)
(0,0,0)
(0,0,0)
(0,0,0)
(0,0,0)
(0,0,0)
(0,0,0)
(0,0,0)
(0,0,0)
(0,0,0)
(0,0,0)
(0,0,0)
(0,0,0)
(0,0,0)
(0,0,0)
(0,0,0)
(0,0,0)
(0,0,0)
(0,0,0)
(0,0,0)
(0,0,0)
(0,0,0)
(0,0,0)
(0,0,0)
(0,0,0)
(0,0,0)
(0,0,0)
(0,0,0)
(0,0,0)
(0,0,0)
(0,0,0)
(-208735.35308717,-272.505790820487,154.147642684536)
(-208890.436229964,-21.9365670625042,37.4792234629901)
(-208974.525696561,616.024861835847,-687.749319292225)
(-208272.692238427,1951.36736063421,-2741.42560705027)
(-205489.815915472,4348.09421502316,-7301.0736108394)
(-198098.736930801,7770.67273363635,-15854.8681318587)
(-182198.788191552,10718.0320320782,-28617.9256272316)
(-153485.874445969,9742.33521342912,-41783.2592608155)
(-111546.266164434,6744.29773506969,-52469.4176669385)
(-58832.336366505,3306.15083339642,-58503.3775830839)
(0,0,0)
(0,0,0)
(0,0,0)
(0,0,0)
(0,0,0)
(0,0,0)
(-208544.65049317,-1044.23137259359,400.393390181069)
(-208989.39841823,-565.763967899712,683.829597744186)
(-209726.877526437,697.050922416171,632.394895366993)
(-210329.540025089,3457.51650955389,-371.414661333548)
(-209916.173761251,8825.73784719211,-3869.11176728207)
(-205965.304488419,17488.3402424796,-12905.6376097822)
(-192980.249262801,26138.688857294,-29601.9069565907)
(-163236.61598431,22302.043383091,-44796.4601291491)
(-118248.675261882,14535.0060580474,-55914.7350889826)
(-62119.073148992,6858.46008949019,-61862.9120451277)
(0,0,0)
(0,0,0)
(0,0,0)
(0,0,0)
(0,0,0)
(0,0,0)
(-207672.821621632,-2876.51029670793,883.881856055512)
(-208573.734917497,-2246.54899476335,1961.84085001887)
(-210551.588670242,-543.862878771158,3407.65657729752)
(-213915.073793261,3451.60363532042,5004.37941256363)
(-218872.223613027,12116.003711548,4796.09254321069)
(-223611.650815374,28771.01863256,-4256.57312952002)
(-219253.768790986,50386.766795205,-33439.1530848609)
(-185624.097587894,37628.2102749401,-52616.6330365359)
(-132821.174325931,22150.054534151,-63642.7626882058)
(-69026.0131963682,9834.78694888784,-68820.0138580669)
(0,0,0)
(0,0,0)
(0,0,0)
(0,0,0)
(0,0,0)
(0,0,0)
(-204947.085650609,-6336.82225388896,1523.17208109189)
(-206447.368278624,-5723.10746193589,3701.21636330024)
(-210142.194522721,-4067.06554748491,7449.44280377513)
(-217508.569710648,12.6983588189719,13729.793003012)
(-231157.861925652,9712.49661450369,21471.6078862121)
(-252569.560642465,32345.6843253847,17354.2044726759)
(-269800.234041768,75586.7883018619,-46208.5770157657)
(-223418.039375808,44145.3731378556,-68182.4189551614)
(-155102.922632913,22617.7201167792,-76037.2837813842)
(-78963.6391263065,9300.59785628968,-78754.4326024022)
(0,0,0)
(0,0,0)
(0,0,0)
(0,0,0)
(0,0,0)
(0,0,0)
(-198835.56032797,-11831.844523035,2129.26745614833)
(-200938.204310533,-11417.7012702368,5378.59983482641)
(-206306.731024311,-10447.2144122211,11514.4582486692)
(-217707.046843528,-8265.54813941508,23444.3724186269)
(-241046.580508614,-3812.05541550057,44086.2429929973)
(-285076.187409313,3970.63286716553,60575.3683391421)
(-345540.88641536,11530.7776725673,-77668.5271469408)
(-267733.721418095,10104.2249938297,-89784.3205271924)
(-177840.542522971,5611.35672632352,-89407.2176837022)
(-88323.6348451449,2170.93334012729,-88111.5442541028)
(0,0,0)
(0,0,0)
(0,0,0)
(0,0,0)
(0,0,0)
(0,0,0)
(-187275.615953365,-19495.3015061242,2477.08808626811)
(-189732.510371997,-19427.182067849,6336.15632825668)
(-196050.74483216,-19424.1021330153,13670.4098719193)
(-209618.747094373,-19594.5571546172,27886.4502402321)
(-237402.785613935,-20337.6757335046,51815.3366353158)
(-289176.484676048,-21964.2539251462,68098.0308109204)
(-357247.049453204,-21405.2747293654,-79167.8640143795)
(-278025.068201354,-19553.7332064838,-94359.3118934976)
(-183616.703511878,-13753.697264439,-92902.9103999973)
(-90580.6057836828,-6968.1905598223,-90361.7320104099)
(0,0,0)
(0,0,0)
(0,0,0)
(0,0,0)
(0,0,0)
(0,0,0)
(-168069.793287227,-28968.5966560405,2502.54333530451)
(-170538.170607379,-29280.6117493549,6345.5021201417)
(-176841.558351659,-30290.1269374676,13500.1367380012)
(-190225.625329433,-32970.4165623628,27113.9534734674)
(-217234.571872994,-40144.9235052978,50148.0576792869)
(-267344.008431085,-59068.4837906619,68640.6855480716)
(-335972.808687048,-98837.6081682771,-77359.7843666528)
(-258583.817618478,-62626.7286614817,-88592.4186166516)
(-169957.186813392,-36237.6930878046,-86154.9315333118)
(-83656.8381234712,-16680.8973684996,-83480.5018250008)
(0,0,0)
(0,0,0)
(0,0,0)
(0,0,0)
(0,0,0)
(0,0,0)
(-139384.839632658,-39188.9879456096,2161.44298548368)
(-141473.414753954,-39781.9860267371,5341.03931671934)
(-146765.04080682,-41384.6706088505,10817.8456689021)
(-157496.124858966,-45042.6463265207,19895.6931464151)
(-177324.84738895,-52902.5884615642,31190.9224688831)
(-208477.010520282,-68081.5260553617,28865.0481437484)
(-237295.537573353,-87255.6728144832,-41183.8378511165)
(-196069.500097605,-68156.472519233,-62255.8072665171)
(-133768.824494764,-44008.0360674644,-66648.1489682953)
(-67021.3692585369,-21297.1961873556,-66909.1579381624)
(0,0,0)
(0,0,0)
(0,0,0)
(0,0,0)
(0,0,0)
(0,0,0)
(-100590.525252686,-48222.9588855929,1580.59857204617)
(-102051.507314997,-48961.3282576924,3757.52009624498)
(-105716.249421132,-50778.2648112836,7174.46707149736)
(-112803.152117621,-54453.2592933099,12003.6953853764)
(-124774.202283004,-60999.9148279924,15961.8826179509)
(-140706.038894955,-70563.9819902444,9635.89980697742)
(-150319.348483447,-77778.5921886845,-22189.1344760035)
(-128129.870403131,-65516.9546304297,-38245.9598573348)
(-89867.5535280765,-45229.4615400746,-44063.5538500059)
(-45778.2626580661,-22786.1258616486,-45737.5152277521)
(0,0,0)
(0,0,0)
(0,0,0)
(0,0,0)
(0,0,0)
(0,0,0)
(-52945.9890092591,-53630.5155151011,840.722610386309)
(-53674.7267645435,-54415.6699179612,1924.39529686811)
(-55524.6238868476,-56262.913670381,3493.40174190076)
(-58949.6471541165,-59695.478391967,5419.58145955998)
(-64356.4046154652,-65027.7026263126,6312.83582617112)
(-70669.5403120131,-71213.1656880922,2302.94907238556)
(-72989.5050874617,-73400.4493453813,-10084.0328812723)
(-62904.6396748321,-63164.2815350121,-18089.4208776459)
(-44794.9306880075,-44943.5386561654,-21742.9232668298)
(-23068.5069344491,-23131.4884194885,-23047.7171418167)
(0,0,0)
(0,0,0)
(0,0,0)
(0,0,0)
(0,0,0)
(0,0,0)
(0,0,0)
(0,0,0)
(0,0,0)
(0,0,0)
(0,0,0)
(0,0,0)
(0,0,0)
(0,0,0)
(0,0,0)
(0,0,0)
(0,0,0)
(0,0,0)
(0,0,0)
(0,0,0)
(0,0,0)
(0,0,0)
(0,0,0)
(0,0,0)
(0,0,0)
(0,0,0)
(0,0,0)
(0,0,0)
(0,0,0)
(0,0,0)
(0,0,0)
(0,0,0)
(0,0,0)
(0,0,0)
(0,0,0)
(0,0,0)
(0,0,0)
(0,0,0)
(0,0,0)
(0,0,0)
(0,0,0)
(0,0,0)
(0,0,0)
(0,0,0)
(0,0,0)
(0,0,0)
(0,0,0)
(0,0,0)
(0,0,0)
(0,0,0)
(0,0,0)
(0,0,0)
(0,0,0)
(0,0,0)
(0,0,0)
(0,0,0)
(0,0,0)
(0,0,0)
(0,0,0)
(0,0,0)
(0,0,0)
(0,0,0)
(0,0,0)
(0,0,0)
(0,0,0)
(0,0,0)
(0,0,0)
(0,0,0)
(0,0,0)
(0,0,0)
(0,0,0)
(0,0,0)
(0,0,0)
(0,0,0)
(0,0,0)
(0,0,0)
(0,0,0)
(0,0,0)
(0,0,0)
(0,0,0)
(0,0,0)
(0,0,0)
(0,0,0)
(0,0,0)
(0,0,0)
(0,0,0)
(0,0,0)
(0,0,0)
(0,0,0)
(0,0,0)
(0,0,0)
(0,0,0)
(0,0,0)
(0,0,0)
(0,0,0)
(0,0,0)
(0,0,0)
(0,0,0)
(0,0,0)
(0,0,0)
(0,0,0)
(0,0,0)
(0,0,0)
(0,0,0)
(0,0,0)
(0,0,0)
(0,0,0)
(0,0,0)
(0,0,0)
(0,0,0)
(0,0,0)
(0,0,0)
(0,0,0)
(0,0,0)
(0,0,0)
(0,0,0)
(0,0,0)
(0,0,0)
(0,0,0)
(0,0,0)
(0,0,0)
(0,0,0)
(0,0,0)
(0,0,0)
(0,0,0)
(0,0,0)
(0,0,0)
(0,0,0)
(0,0,0)
(0,0,0)
(0,0,0)
(0,0,0)
(0,0,0)
(0,0,0)
(0,0,0)
(0,0,0)
(0,0,0)
(0,0,0)
(0,0,0)
(0,0,0)
(0,0,0)
(0,0,0)
(0,0,0)
(0,0,0)
(0,0,0)
(0,0,0)
(0,0,0)
(0,0,0)
(0,0,0)
(0,0,0)
(0,0,0)
(0,0,0)
(0,0,0)
(0,0,0)
(0,0,0)
(0,0,0)
(0,0,0)
(0,0,0)
(0,0,0)
(0,0,0)
(0,0,0)
(0,0,0)
(0,0,0)
(0,0,0)
(0,0,0)
(0,0,0)
(0,0,0)
(0,0,0)
(0,0,0)
(0,0,0)
(0,0,0)
(0,0,0)
(0,0,0)
(0,0,0)
(0,0,0)
(0,0,0)
(0,0,0)
(0,0,0)
(0,0,0)
(0,0,0)
(0,0,0)
(0,0,0)
(0,0,0)
(0,0,0)
(0,0,0)
(0,0,0)
(0,0,0)
(0,0,0)
(0,0,0)
(0,0,0)
(0,0,0)
(0,0,0)
(0,0,0)
(0,0,0)
(0,0,0)
(0,0,0)
(0,0,0)
(0,0,0)
(0,0,0)
(0,0,0)
(0,0,0)
(0,0,0)
(0,0,0)
(0,0,0)
(0,0,0)
(0,0,0)
(0,0,0)
(0,0,0)
(0,0,0)
(0,0,0)
(0,0,0)
(0,0,0)
(0,0,0)
(0,0,0)
(0,0,0)
(0,0,0)
(0,0,0)
(0,0,0)
(0,0,0)
(0,0,0)
(0,0,0)
(0,0,0)
(0,0,0)
(0,0,0)
(0,0,0)
(0,0,0)
(0,0,0)
(0,0,0)
(0,0,0)
(0,0,0)
(0,0,0)
(0,0,0)
(0,0,0)
(0,0,0)
(0,0,0)
(0,0,0)
(0,0,0)
(0,0,0)
(0,0,0)
(0,0,0)
(0,0,0)
(0,0,0)
(0,0,0)
(0,0,0)
(0,0,0)
(0,0,0)
(0,0,0)
(0,0,0)
(0,0,0)
(0,0,0)
(0,0,0)
(0,0,0)
(0,0,0)
(0,0,0)
(0,0,0)
(0,0,0)
(0,0,0)
(0,0,0)
(0,0,0)
(0,0,0)
(0,0,0)
(0,0,0)
(0,0,0)
(0,0,0)
(0,0,0)
(0,0,0)
(0,0,0)
(0,0,0)
(0,0,0)
(0,0,0)
(0,0,0)
(0,0,0)
(0,0,0)
(0,0,0)
(0,0,0)
(0,0,0)
(0,0,0)
(0,0,0)
(0,0,0)
(0,0,0)
(0,0,0)
(0,0,0)
(0,0,0)
(0,0,0)
(0,0,0)
(0,0,0)
(0,0,0)
(0,0,0)
(0,0,0)
(0,0,0)
(0,0,0)
(0,0,0)
(0,0,0)
(0,0,0)
(0,0,0)
(0,0,0)
(0,0,0)
(0,0,0)
(0,0,0)
(0,0,0)
(0,0,0)
(0,0,0)
(0,0,0)
(0,0,0)
(0,0,0)
(0,0,0)
(0,0,0)
(0,0,0)
(0,0,0)
(0,0,0)
(0,0,0)
(0,0,0)
(0,0,0)
(0,0,0)
(0,0,0)
(0,0,0)
(0,0,0)
(0,0,0)
(0,0,0)
(0,0,0)
(0,0,0)
(0,0,0)
(0,0,0)
(0,0,0)
(0,0,0)
(0,0,0)
(0,0,0)
(0,0,0)
(0,0,0)
(0,0,0)
(0,0,0)
(0,0,0)
(0,0,0)
(0,0,0)
(0,0,0)
(0,0,0)
(0,0,0)
(0,0,0)
(0,0,0)
(0,0,0)
(0,0,0)
(0,0,0)
(0,0,0)
(0,0,0)
(0,0,0)
(0,0,0)
(0,0,0)
(0,0,0)
(0,0,0)
(0,0,0)
(0,0,0)
(0,0,0)
(0,0,0)
(0,0,0)
(0,0,0)
(0,0,0)
(0,0,0)
(0,0,0)
(0,0,0)
(0,0,0)
(0,0,0)
(0,0,0)
(0,0,0)
(0,0,0)
(0,0,0)
(0,0,0)
(0,0,0)
(0,0,0)
(0,0,0)
(0,0,0)
(0,0,0)
(0,0,0)
(0,0,0)
(0,0,0)
(0,0,0)
(0,0,0)
(0,0,0)
(0,0,0)
(0,0,0)
(0,0,0)
(0,0,0)
(0,0,0)
(0,0,0)
(0,0,0)
(0,0,0)
(0,0,0)
(0,0,0)
(0,0,0)
(0,0,0)
(0,0,0)
(0,0,0)
(0,0,0)
(0,0,0)
(0,0,0)
(0,0,0)
(0,0,0)
(0,0,0)
(0,0,0)
(0,0,0)
(0,0,0)
(0,0,0)
(0,0,0)
(0,0,0)
(0,0,0)
(0,0,0)
(0,0,0)
(0,0,0)
(0,0,0)
(0,0,0)
(0,0,0)
(0,0,0)
(0,0,0)
(0,0,0)
(0,0,0)
(0,0,0)
(0,0,0)
(0,0,0)
(0,0,0)
(0,0,0)
(0,0,0)
(0,0,0)
(0,0,0)
(0,0,0)
(0,0,0)
(0,0,0)
(0,0,0)
(0,0,0)
(0,0,0)
(0,0,0)
(0,0,0)
(0,0,0)
(0,0,0)
(0,0,0)
(0,0,0)
(0,0,0)
(0,0,0)
(0,0,0)
(0,0,0)
(0,0,0)
(0,0,0)
(0,0,0)
(0,0,0)
(0,0,0)
(0,0,0)
(0,0,0)
(0,0,0)
(0,0,0)
(0,0,0)
(0,0,0)
(0,0,0)
(0,0,0)
(0,0,0)
(0,0,0)
(0,0,0)
(0,0,0)
(0,0,0)
(0,0,0)
(0,0,0)
(0,0,0)
(0,0,0)
(0,0,0)
(0,0,0)
(0,0,0)
(0,0,0)
(0,0,0)
(0,0,0)
(0,0,0)
(0,0,0)
(0,0,0)
(0,0,0)
(0,0,0)
(0,0,0)
(0,0,0)
(0,0,0)
(0,0,0)
(0,0,0)
(0,0,0)
(0,0,0)
(0,0,0)
(0,0,0)
(0,0,0)
(0,0,0)
(0,0,0)
(0,0,0)
(0,0,0)
(0,0,0)
(0,0,0)
(0,0,0)
(0,0,0)
(0,0,0)
(0,0,0)
(0,0,0)
(0,0,0)
(0,0,0)
(0,0,0)
(0,0,0)
(0,0,0)
(0,0,0)
(0,0,0)
(0,0,0)
(0,0,0)
(0,0,0)
(0,0,0)
(0,0,0)
(0,0,0)
(0,0,0)
(0,0,0)
(0,0,0)
(0,0,0)
(0,0,0)
(0,0,0)
(0,0,0)
(0,0,0)
(0,0,0)
(0,0,0)
(0,0,0)
(0,0,0)
(0,0,0)
(0,0,0)
(0,0,0)
(0,0,0)
(0,0,0)
(0,0,0)
(0,0,0)
(0,0,0)
(0,0,0)
(0,0,0)
(0,0,0)
(0,0,0)
(0,0,0)
(0,0,0)
(0,0,0)
(0,0,0)
(0,0,0)
(0,0,0)
(0,0,0)
(0,0,0)
(0,0,0)
(0,0,0)
(0,0,0)
(0,0,0)
(0,0,0)
(0,0,0)
(0,0,0)
(0,0,0)
(0,0,0)
(0,0,0)
(0,0,0)
(0,0,0)
(0,0,0)
(0,0,0)
(0,0,0)
(0,0,0)
(0,0,0)
(0,0,0)
(0,0,0)
(0,0,0)
(0,0,0)
(0,0,0)
(0,0,0)
(0,0,0)
(0,0,0)
(0,0,0)
(0,0,0)
(0,0,0)
(0,0,0)
(0,0,0)
(0,0,0)
(0,0,0)
(0,0,0)
(0,0,0)
(0,0,0)
(0,0,0)
(0,0,0)
(0,0,0)
(0,0,0)
(0,0,0)
(0,0,0)
(0,0,0)
(0,0,0)
(0,0,0)
(0,0,0)
(0,0,0)
(0,0,0)
(0,0,0)
(0,0,0)
(0,0,0)
(0,0,0)
(0,0,0)
(0,0,0)
(0,0,0)
(0,0,0)
(0,0,0)
(0,0,0)
(0,0,0)
(0,0,0)
(0,0,0)
(0,0,0)
(0,0,0)
(0,0,0)
(0,0,0)
(0,0,0)
(0,0,0)
(0,0,0)
(0,0,0)
(0,0,0)
(0,0,0)
(0,0,0)
(0,0,0)
(0,0,0)
(0,0,0)
(0,0,0)
(0,0,0)
(0,0,0)
(0,0,0)
(0,0,0)
(0,0,0)
(0,0,0)
(0,0,0)
(0,0,0)
(0,0,0)
(0,0,0)
(0,0,0)
(0,0,0)
(0,0,0)
(0,0,0)
(0,0,0)
(0,0,0)
(0,0,0)
(0,0,0)
(0,0,0)
(0,0,0)
(0,0,0)
(0,0,0)
(0,0,0)
(0,0,0)
(0,0,0)
(0,0,0)
(0,0,0)
(0,0,0)
(0,0,0)
(0,0,0)
(0,0,0)
(0,0,0)
(0,0,0)
(0,0,0)
(0,0,0)
(0,0,0)
(0,0,0)
(0,0,0)
(0,0,0)
(0,0,0)
(0,0,0)
(0,0,0)
(0,0,0)
(0,0,0)
(0,0,0)
(0,0,0)
(0,0,0)
(0,0,0)
(0,0,0)
(0,0,0)
(0,0,0)
(0,0,0)
(0,0,0)
(0,0,0)
(0,0,0)
(0,0,0)
(0,0,0)
(0,0,0)
(0,0,0)
(0,0,0)
(0,0,0)
(0,0,0)
(0,0,0)
(0,0,0)
(0,0,0)
(0,0,0)
(0,0,0)
(0,0,0)
(0,0,0)
(0,0,0)
(0,0,0)
(0,0,0)
(0,0,0)
(0,0,0)
(0,0,0)
(0,0,0)
(0,0,0)
(0,0,0)
(0,0,0)
(0,0,0)
(0,0,0)
(0,0,0)
(0,0,0)
(0,0,0)
(0,0,0)
(0,0,0)
(0,0,0)
(0,0,0)
(0,0,0)
(0,0,0)
(0,0,0)
(0,0,0)
(0,0,0)
(0,0,0)
(0,0,0)
(0,0,0)
(0,0,0)
(0,0,0)
(0,0,0)
(0,0,0)
(0,0,0)
(0,0,0)
(0,0,0)
(0,0,0)
(0,0,0)
(0,0,0)
(0,0,0)
(0,0,0)
(0,0,0)
(0,0,0)
(0,0,0)
(0,0,0)
(0,0,0)
(0,0,0)
(0,0,0)
(0,0,0)
(0,0,0)
(0,0,0)
(0,0,0)
(0,0,0)
(0,0,0)
(0,0,0)
(0,0,0)
(0,0,0)
(0,0,0)
(0,0,0)
(0,0,0)
(0,0,0)
(0,0,0)
(0,0,0)
(0,0,0)
(0,0,0)
(0,0,0)
(0,0,0)
(0,0,0)
(0,0,0)
(0,0,0)
(0,0,0)
(0,0,0)
(0,0,0)
(0,0,0)
(0,0,0)
(0,0,0)
(0,0,0)
(0,0,0)
(0,0,0)
(0,0,0)
(0,0,0)
(0,0,0)
(0,0,0)
(0,0,0)
(0,0,0)
(0,0,0)
(0,0,0)
(0,0,0)
(0,0,0)
(0,0,0)
(0,0,0)
(0,0,0)
(0,0,0)
(0,0,0)
(0,0,0)
(0,0,0)
(0,0,0)
(0,0,0)
(0,0,0)
(0,0,0)
(0,0,0)
(0,0,0)
(0,0,0)
(0,0,0)
(0,0,0)
(0,0,0)
(0,0,0)
(0,0,0)
(0,0,0)
(0,0,0)
(0,0,0)
(0,0,0)
(0,0,0)
(0,0,0)
(0,0,0)
(0,0,0)
(0,0,0)
(0,0,0)
(0,0,0)
(0,0,0)
(0,0,0)
(0,0,0)
(0,0,0)
(0,0,0)
(0,0,0)
(0,0,0)
(0,0,0)
(0,0,0)
(0,0,0)
(0,0,0)
(0,0,0)
(0,0,0)
(0,0,0)
(0,0,0)
(0,0,0)
(0,0,0)
(0,0,0)
(0,0,0)
(0,0,0)
(0,0,0)
)
;

boundaryField
{
    fuel
    {
        type            fixedValue;
        value           uniform (0.1 0 0);
    }
    air
    {
        type            fixedValue;
        value           uniform (-0.1 0 0);
    }
    outlet
    {
        type            zeroGradient;
    }
    frontAndBack
    {
        type            empty;
    }
}


// ************************************************************************* //
 