/*--------------------------------*- C++ -*----------------------------------*\
| =========                 |                                                 |
| \\      /  F ield         | foam-extend: Open Source CFD                    |
|  \\    /   O peration     | Version:     4.0                                |
|   \\  /    A nd           | Web:         http://www.foam-extend.org         |
|    \\/     M anipulation  |                                                 |
\*---------------------------------------------------------------------------*/
FoamFile
{
    version 2.0;
    format ascii;
    class volVectorField;
    location "3509";
    object      E;
}
// * * * * * * * * * * * * * * * * * * * * * * * * * * * * * * * * * * * * * //

dimensions      [0 1 -1 0 0 0 0];

internalField   nonuniform List<vector>
4096
(
(0,0,0)
(0,0,0)
(0,0,0)
(0,0,0)
(0,0,0)
(0,0,0)
(0,0,0)
(0,0,0)
(0,0,0)
(0,0,0)
(0,0,0)
(0,0,0)
(0,0,0)
(0,0,0)
(0,0,0)
(0,0,0)
(0,0,0)
(0,0,0)
(0,0,0)
(0,0,0)
(0,0,0)
(0,0,0)
(0,0,0)
(0,0,0)
(0,0,0)
(0,0,0)
(0,0,0)
(0,0,0)
(0,0,0)
(0,0,0)
(0,0,0)
(0,0,0)
(0,0,0)
(0,0,0)
(0,0,0)
(0,0,0)
(0,0,0)
(0,0,0)
(0,0,0)
(0,0,0)
(0,0,0)
(0,0,0)
(0,0,0)
(0,0,0)
(0,0,0)
(0,0,0)
(0,0,0)
(0,0,0)
(0,0,0)
(0,0,0)
(0,0,0)
(0,0,0)
(0,0,0)
(0,0,0)
(0,0,0)
(0,0,0)
(0,0,0)
(0,0,0)
(0,0,0)
(0,0,0)
(0,0,0)
(0,0,0)
(0,0,0)
(0,0,0)
(0,0,0)
(0,0,0)
(0,0,0)
(0,0,0)
(0,0,0)
(0,0,0)
(0,0,0)
(0,0,0)
(0,0,0)
(0,0,0)
(0,0,0)
(0,0,0)
(0,0,0)
(0,0,0)
(0,0,0)
(0,0,0)
(0,0,0)
(0,0,0)
(0,0,0)
(0,0,0)
(0,0,0)
(0,0,0)
(0,0,0)
(0,0,0)
(0,0,0)
(0,0,0)
(0,0,0)
(0,0,0)
(0,0,0)
(0,0,0)
(0,0,0)
(0,0,0)
(0,0,0)
(0,0,0)
(0,0,0)
(0,0,0)
(0,0,0)
(0,0,0)
(0,0,0)
(0,0,0)
(0,0,0)
(0,0,0)
(0,0,0)
(0,0,0)
(0,0,0)
(0,0,0)
(0,0,0)
(0,0,0)
(0,0,0)
(0,0,0)
(0,0,0)
(0,0,0)
(0,0,0)
(0,0,0)
(0,0,0)
(0,0,0)
(0,0,0)
(0,0,0)
(0,0,0)
(0,0,0)
(0,0,0)
(0,0,0)
(0,0,0)
(0,0,0)
(0,0,0)
(0,0,0)
(0,0,0)
(0,0,0)
(0,0,0)
(0,0,0)
(0,0,0)
(0,0,0)
(0,0,0)
(0,0,0)
(0,0,0)
(0,0,0)
(0,0,0)
(0,0,0)
(0,0,0)
(0,0,0)
(0,0,0)
(0,0,0)
(0,0,0)
(0,0,0)
(0,0,0)
(0,0,0)
(0,0,0)
(0,0,0)
(0,0,0)
(0,0,0)
(0,0,0)
(0,0,0)
(0,0,0)
(0,0,0)
(0,0,0)
(0,0,0)
(0,0,0)
(0,0,0)
(0,0,0)
(0,0,0)
(0,0,0)
(0,0,0)
(0,0,0)
(0,0,0)
(0,0,0)
(0,0,0)
(0,0,0)
(0,0,0)
(0,0,0)
(0,0,0)
(0,0,0)
(0,0,0)
(0,0,0)
(0,0,0)
(0,0,0)
(0,0,0)
(0,0,0)
(0,0,0)
(0,0,0)
(0,0,0)
(0,0,0)
(0,0,0)
(0,0,0)
(0,0,0)
(0,0,0)
(0,0,0)
(0,0,0)
(0,0,0)
(0,0,0)
(0,0,0)
(0,0,0)
(0,0,0)
(0,0,0)
(0,0,0)
(0,0,0)
(0,0,0)
(0,0,0)
(0,0,0)
(0,0,0)
(0,0,0)
(0,0,0)
(0,0,0)
(0,0,0)
(0,0,0)
(0,0,0)
(0,0,0)
(0,0,0)
(0,0,0)
(0,0,0)
(0,0,0)
(0,0,0)
(0,0,0)
(0,0,0)
(0,0,0)
(0,0,0)
(0,0,0)
(0,0,0)
(0,0,0)
(0,0,0)
(0,0,0)
(0,0,0)
(0,0,0)
(0,0,0)
(0,0,0)
(0,0,0)
(0,0,0)
(0,0,0)
(0,0,0)
(0,0,0)
(0,0,0)
(0,0,0)
(0,0,0)
(0,0,0)
(0,0,0)
(0,0,0)
(0,0,0)
(0,0,0)
(0,0,0)
(0,0,0)
(0,0,0)
(0,0,0)
(0,0,0)
(0,0,0)
(0,0,0)
(0,0,0)
(0,0,0)
(0,0,0)
(0,0,0)
(0,0,0)
(0,0,0)
(0,0,0)
(0,0,0)
(0,0,0)
(0,0,0)
(0,0,0)
(0,0,0)
(0,0,0)
(0,0,0)
(0,0,0)
(0,0,0)
(0,0,0)
(0,0,0)
(0,0,0)
(0,0,0)
(0,0,0)
(0,0,0)
(0,0,0)
(0,0,0)
(0,0,0)
(0,0,0)
(0,0,0)
(0,0,0)
(0,0,0)
(0,0,0)
(0,0,0)
(0,0,0)
(0,0,0)
(0,0,0)
(0,0,0)
(0,0,0)
(0,0,0)
(0,0,0)
(0,0,0)
(0,0,0)
(0,0,0)
(0,0,0)
(0,0,0)
(0,0,0)
(0,0,0)
(0,0,0)
(0,0,0)
(0,0,0)
(0,0,0)
(0,0,0)
(0,0,0)
(0,0,0)
(0,0,0)
(0,0,0)
(0,0,0)
(0,0,0)
(0,0,0)
(0,0,0)
(0,0,0)
(0,0,0)
(0,0,0)
(0,0,0)
(0,0,0)
(0,0,0)
(0,0,0)
(0,0,0)
(0,0,0)
(0,0,0)
(0,0,0)
(0,0,0)
(0,0,0)
(0,0,0)
(0,0,0)
(0,0,0)
(0,0,0)
(0,0,0)
(0,0,0)
(0,0,0)
(0,0,0)
(0,0,0)
(0,0,0)
(0,0,0)
(0,0,0)
(0,0,0)
(0,0,0)
(0,0,0)
(0,0,0)
(0,0,0)
(0,0,0)
(0,0,0)
(0,0,0)
(0,0,0)
(0,0,0)
(0,0,0)
(0,0,0)
(0,0,0)
(0,0,0)
(0,0,0)
(0,0,0)
(0,0,0)
(0,0,0)
(0,0,0)
(0,0,0)
(0,0,0)
(0,0,0)
(0,0,0)
(0,0,0)
(0,0,0)
(0,0,0)
(0,0,0)
(0,0,0)
(0,0,0)
(0,0,0)
(0,0,0)
(0,0,0)
(0,0,0)
(0,0,0)
(0,0,0)
(0,0,0)
(0,0,0)
(0,0,0)
(0,0,0)
(0,0,0)
(0,0,0)
(0,0,0)
(0,0,0)
(0,0,0)
(0,0,0)
(0,0,0)
(0,0,0)
(0,0,0)
(0,0,0)
(0,0,0)
(0,0,0)
(0,0,0)
(0,0,0)
(0,0,0)
(0,0,0)
(0,0,0)
(0,0,0)
(0,0,0)
(0,0,0)
(0,0,0)
(0,0,0)
(0,0,0)
(0,0,0)
(0,0,0)
(0,0,0)
(0,0,0)
(0,0,0)
(0,0,0)
(0,0,0)
(0,0,0)
(0,0,0)
(0,0,0)
(0,0,0)
(0,0,0)
(0,0,0)
(0,0,0)
(0,0,0)
(0,0,0)
(0,0,0)
(0,0,0)
(0,0,0)
(0,0,0)
(0,0,0)
(0,0,0)
(0,0,0)
(0,0,0)
(0,0,0)
(0,0,0)
(0,0,0)
(0,0,0)
(0,0,0)
(0,0,0)
(0,0,0)
(0,0,0)
(0,0,0)
(0,0,0)
(0,0,0)
(0,0,0)
(0,0,0)
(0,0,0)
(0,0,0)
(0,0,0)
(0,0,0)
(0,0,0)
(0,0,0)
(0,0,0)
(0,0,0)
(0,0,0)
(0,0,0)
(0,0,0)
(0,0,0)
(0,0,0)
(0,0,0)
(0,0,0)
(0,0,0)
(0,0,0)
(0,0,0)
(0,0,0)
(0,0,0)
(0,0,0)
(0,0,0)
(0,0,0)
(0,0,0)
(0,0,0)
(0,0,0)
(0,0,0)
(0,0,0)
(0,0,0)
(0,0,0)
(0,0,0)
(0,0,0)
(0,0,0)
(0,0,0)
(0,0,0)
(0,0,0)
(0,0,0)
(0,0,0)
(0,0,0)
(0,0,0)
(0,0,0)
(0,0,0)
(0,0,0)
(0,0,0)
(0,0,0)
(0,0,0)
(0,0,0)
(0,0,0)
(0,0,0)
(0,0,0)
(0,0,0)
(0,0,0)
(0,0,0)
(0,0,0)
(0,0,0)
(0,0,0)
(0,0,0)
(0,0,0)
(0,0,0)
(0,0,0)
(0,0,0)
(0,0,0)
(0,0,0)
(0,0,0)
(0,0,0)
(0,0,0)
(0,0,0)
(0,0,0)
(0,0,0)
(0,0,0)
(0,0,0)
(0,0,0)
(0,0,0)
(0,0,0)
(0,0,0)
(0,0,0)
(0,0,0)
(0,0,0)
(0,0,0)
(0,0,0)
(0,0,0)
(0,0,0)
(0,0,0)
(0,0,0)
(0,0,0)
(0,0,0)
(0,0,0)
(0,0,0)
(0,0,0)
(0,0,0)
(0,0,0)
(0,0,0)
(0,0,0)
(0,0,0)
(0,0,0)
(0,0,0)
(0,0,0)
(0,0,0)
(0,0,0)
(0,0,0)
(0,0,0)
(0,0,0)
(0,0,0)
(0,0,0)
(0,0,0)
(0,0,0)
(0,0,0)
(0,0,0)
(0,0,0)
(0,0,0)
(0,0,0)
(0,0,0)
(0,0,0)
(0,0,0)
(0,0,0)
(0,0,0)
(0,0,0)
(0,0,0)
(0,0,0)
(0,0,0)
(0,0,0)
(0,0,0)
(0,0,0)
(0,0,0)
(0,0,0)
(0,0,0)
(0,0,0)
(0,0,0)
(0,0,0)
(0,0,0)
(0,0,0)
(0,0,0)
(0,0,0)
(0,0,0)
(0,0,0)
(0,0,0)
(0,0,0)
(0,0,0)
(0,0,0)
(0,0,0)
(0,0,0)
(0,0,0)
(0,0,0)
(0,0,0)
(0,0,0)
(0,0,0)
(0,0,0)
(0,0,0)
(0,0,0)
(0,0,0)
(0,0,0)
(0,0,0)
(0,0,0)
(0,0,0)
(0,0,0)
(0,0,0)
(0,0,0)
(0,0,0)
(0,0,0)
(0,0,0)
(0,0,0)
(0,0,0)
(0,0,0)
(0,0,0)
(0,0,0)
(0,0,0)
(0,0,0)
(0,0,0)
(0,0,0)
(0,0,0)
(0,0,0)
(0,0,0)
(0,0,0)
(0,0,0)
(0,0,0)
(0,0,0)
(0,0,0)
(0,0,0)
(0,0,0)
(0,0,0)
(0,0,0)
(0,0,0)
(0,0,0)
(0,0,0)
(0,0,0)
(0,0,0)
(0,0,0)
(0,0,0)
(0,0,0)
(0,0,0)
(0,0,0)
(0,0,0)
(0,0,0)
(0,0,0)
(0,0,0)
(0,0,0)
(0,0,0)
(0,0,0)
(0,0,0)
(0,0,0)
(0,0,0)
(0,0,0)
(0,0,0)
(0,0,0)
(0,0,0)
(0,0,0)
(0,0,0)
(0,0,0)
(0,0,0)
(0,0,0)
(0,0,0)
(0,0,0)
(0,0,0)
(0,0,0)
(0,0,0)
(0,0,0)
(0,0,0)
(0,0,0)
(0,0,0)
(0,0,0)
(0,0,0)
(0,0,0)
(0,0,0)
(0,0,0)
(0,0,0)
(0,0,0)
(0,0,0)
(0,0,0)
(0,0,0)
(0,0,0)
(0,0,0)
(0,0,0)
(0,0,0)
(0,0,0)
(0,0,0)
(0,0,0)
(0,0,0)
(0,0,0)
(0,0,0)
(0,0,0)
(0,0,0)
(0,0,0)
(0,0,0)
(0,0,0)
(0,0,0)
(0,0,0)
(0,0,0)
(0,0,0)
(0,0,0)
(0,0,0)
(0,0,0)
(0,0,0)
(0,0,0)
(0,0,0)
(0,0,0)
(0,0,0)
(0,0,0)
(0,0,0)
(0,0,0)
(0,0,0)
(0,0,0)
(0,0,0)
(0,0,0)
(0,0,0)
(0,0,0)
(0,0,0)
(0,0,0)
(0,0,0)
(0,0,0)
(0,0,0)
(0,0,0)
(0,0,0)
(0,0,0)
(0,0,0)
(0,0,0)
(0,0,0)
(0,0,0)
(0,0,0)
(0,0,0)
(0,0,0)
(0,0,0)
(0,0,0)
(0,0,0)
(0,0,0)
(0,0,0)
(0,0,0)
(0,0,0)
(0,0,0)
(0,0,0)
(0,0,0)
(0,0,0)
(0,0,0)
(0,0,0)
(0,0,0)
(0,0,0)
(0,0,0)
(0,0,0)
(0,0,0)
(0,0,0)
(0,0,0)
(0,0,0)
(0,0,0)
(0,0,0)
(0,0,0)
(0,0,0)
(0,0,0)
(0,0,0)
(0,0,0)
(0,0,0)
(0,0,0)
(0,0,0)
(0,0,0)
(0,0,0)
(0,0,0)
(0,0,0)
(0,0,0)
(0,0,0)
(0,0,0)
(0,0,0)
(0,0,0)
(0,0,0)
(0,0,0)
(0,0,0)
(0,0,0)
(0,0,0)
(0,0,0)
(0,0,0)
(0,0,0)
(0,0,0)
(0,0,0)
(0,0,0)
(0,0,0)
(0,0,0)
(0,0,0)
(0,0,0)
(0,0,0)
(0,0,0)
(0,0,0)
(0,0,0)
(0,0,0)
(0,0,0)
(0,0,0)
(0,0,0)
(0,0,0)
(0,0,0)
(0,0,0)
(0,0,0)
(0,0,0)
(0,0,0)
(0,0,0)
(0,0,0)
(0,0,0)
(0,0,0)
(0,0,0)
(0,0,0)
(0,0,0)
(0,0,0)
(0,0,0)
(0,0,0)
(0,0,0)
(0,0,0)
(0,0,0)
(0,0,0)
(0,0,0)
(0,0,0)
(0,0,0)
(0,0,0)
(0,0,0)
(0,0,0)
(0,0,0)
(0,0,0)
(0,0,0)
(0,0,0)
(0,0,0)
(0,0,0)
(0,0,0)
(0,0,0)
(0,0,0)
(0,0,0)
(0,0,0)
(0,0,0)
(0,0,0)
(0,0,0)
(0,0,0)
(0,0,0)
(0,0,0)
(0,0,0)
(0,0,0)
(0,0,0)
(-190207.367787915,100878.517718666,89328.8500692484)
(-201185.770680608,96752.346538879,193762.274210976)
(-226583.012629664,88150.0619349852,332195.224905651)
(-274627.474083888,74591.3101405136,532231.388849036)
(-361315.427905452,56232.6601865809,837314.156567906)
(-516863.06092011,35067.8880734286,1319109.32941459)
(-798404.531518196,15794.2352448945,2101719.62568791)
(-1307141.07846876,3981.6497035076,3404879.05445318)
(-2155971.83665128,54.9547338677633,5560795.93637055)
(-3003959.81250849,-272.687128035839,8565028.43600716)
(0,0,0)
(0,0,0)
(0,0,0)
(0,0,0)
(0,0,0)
(0,0,0)
(-201242.768899382,216975.088242052,85146.1983759951)
(-212340.492437849,209207.25799739,185031.779355335)
(-238153.134551599,192842.708074644,318492.267767272)
(-287320.102410044,166633.121701445,513770.558616384)
(-376382.770515415,130294.446464068,816091.54285431)
(-535634.337944607,86973.4255948769,1299820.34327746)
(-820290.672328367,45984.8371169756,2089920.41373374)
(-1327095.61779453,20022.9939896731,3400974.68724206)
(-2169271.81662621,9808.14147091781,5560493.31713127)
(-3010174.44048995,5001.81343337569,8565393.2570597)
(0,0,0)
(0,0,0)
(0,0,0)
(0,0,0)
(0,0,0)
(0,0,0)
(-226470.971545974,366234.184155591,77211.8756324349)
(-237732.578256709,355793.243272619,168358.468613919)
(-264351.418417324,333582.093297203,291970.501808689)
(-315974.402483301,297370.222300156,477207.803693278)
(-410724.527326981,245575.389158485,772651.388325829)
(-579817.625971331,180709.970401335,1258732.46949071)
(-874234.805312992,115046.846220259,2063905.26570042)
(-1376758.41808104,69927.4050337146,3390759.27273737)
(-2201256.76118276,46114.7760330768,5555709.39935804)
(-3024661.48442143,24977.7759333922,8560394.92127949)
(0,0,0)
(0,0,0)
(0,0,0)
(0,0,0)
(0,0,0)
(0,0,0)
(-273414.525278678,573065.633604908,66583.0758293613)
(-284848.259856631,561391.019888381,145833.559070232)
(-312497.519403394,536433.454651761,255479.71711906)
(-367670.454010931,495303.359212533,425217.034217605)
(-471801.157685861,434884.975532785,707708.605529181)
(-659850.546927782,355294.321361337,1192974.80149695)
(-977604.519871001,266866.09623848,2018760.07134972)
(-1472879.49732472,194632.602602012,3366934.37110613)
(-2259884.27258166,138320.427881358,5534612.99183943)
(-3050223.56521943,74402.1622980771,8535412.17069438)
(0,0,0)
(0,0,0)
(0,0,0)
(0,0,0)
(0,0,0)
(0,0,0)
(-357429.963597664,875755.120352053,54740.4768505124)
(-368854.480392895,864375.313633024,120610.663498762)
(-397081.26074983,840103.820659346,214021.558241006)
(-455214.569884022,799997.415797815,364542.071539746)
(-569002.672542418,740433.68768646,627996.031928489)
(-780514.802862956,659331.277902217,1104473.87825055)
(-1134992.70090805,559811.949725043,1946520.72567204)
(-1619194.9254908,449704.417281113,3310643.83648377)
(-2345053.41545507,323275.815509076,5470741.86431124)
(-3087165.47070824,171330.282372102,8460979.21494546)
(0,0,0)
(0,0,0)
(0,0,0)
(0,0,0)
(0,0,0)
(0,0,0)
(-509024.374686007,1341548.48154289,43231.0134951758)
(-519903.993342797,1331426.23204562,96084.088425372)
(-547233.708589866,1309800.91290336,173620.704771228)
(-604793.283920146,1273664.09984803,304747.304641155)
(-719753.43958681,1218217.83391842,546716.597996019)
(-935255.758149047,1136428.32075078,1004875.31329652)
(-1290790.02008754,1019099.59512893,1836377.68798017)
(-1753039.71980986,854886.733328303,3184235.09174285)
(-2437312.25956284,625973.145475072,5318850.02133974)
(-3133652.70709139,334164.094434738,8289668.91636846)
(0,0,0)
(0,0,0)
(0,0,0)
(0,0,0)
(0,0,0)
(0,0,0)
(-787344.448727649,2095847.81859135,33045.111679188)
(-796989.211934062,2087136.81452739,74323.7411314876)
(-821512.34990652,2068290.587927,137346.416014367)
(-874091.451457381,2035966.82853516,249135.138784609)
(-980850.138027697,1983422.53967451,464780.571056213)
(-1183304.0962179,1896981.83989133,887531.148133571)
(-1516945.44965579,1751365.40880665,1672210.78411166)
(-1937280.84009281,1508977.54068699,2955400.81684578)
(-2574822.31761815,1129056.82424618,5027139.45569278)
(-3209512.74577983,615199.757393634,7955616.53851381)
(0,0,0)
(0,0,0)
(0,0,0)
(0,0,0)
(0,0,0)
(0,0,0)
(-1296303.31503186,3367923.76436762,24227.3692555682)
(-1304009.22487922,3359998.24851336,55375.1601488262)
(-1323751.12761306,3342459.92470246,104956.950986442)
(-1366519.38479453,3311008.38006265,196434.784253467)
(-1454268.31991807,3255939.7938129,378185.850033141)
(-1622561.39122705,3155809.96836489,741919.112786617)
(-1901954.27652607,2965338.41715143,1429900.38096785)
(-2242239.05708352,2605500.23611363,2575616.74262476)
(-2824499.6069399,2015761.63113463,4513411.54267619)
(-3354592.73269936,1142609.55854283,7340594.47422631)
(0,0,0)
(0,0,0)
(0,0,0)
(0,0,0)
(0,0,0)
(0,0,0)
(-2148559.82813834,5500266.87640445,16216.7161015046)
(-2153822.14107406,5492298.2096554,37738.8960335089)
(-2167239.45906836,5474021.83642961,73416.4433746763)
(-2195995.14111322,5439130.11650254,141289.848047981)
(-2253965.41212732,5373235.37159998,277959.682388237)
(-2362855.26253197,5245207.22560013,551417.687684987)
(-2545753.24770784,4992421.43758404,1070087.91496024)
(-2817553.68702538,4507206.9794694,1985934.85862988)
(-3285048.59037068,3646440.46148408,3640304.61865099)
(-3607640.55885275,2192478.3632429,6198076.37280368)
(0,0,0)
(0,0,0)
(0,0,0)
(0,0,0)
(0,0,0)
(0,0,0)
(-3000530.54423523,8492534.64953103,8262.77110864502)
(-3003170.87072978,8484262.55074197,19469.3007518371)
(-3009844.36310934,8464814.13167014,38521.3686206641)
(-3023967.95470105,8426224.91053064,75394.5292936745)
(-3052047.07464111,8350765.65164625,149911.323888533)
(-3104492.81637599,8200920.09913396,298691.266730635)
(-3196029.65556949,7902216.10066838,584926.259215751)
(-3350297.99278908,7317249.88988344,1125181.34159077)
(-3606811.83319729,6192039.55728147,2186394.07899059)
(-3632441.96726842,4005646.69877562,4005667.71072633)
(0,0,0)
(0,0,0)
(0,0,0)
(0,0,0)
(0,0,0)
(0,0,0)
(0,0,0)
(0,0,0)
(0,0,0)
(0,0,0)
(0,0,0)
(0,0,0)
(0,0,0)
(0,0,0)
(0,0,0)
(0,0,0)
(0,0,0)
(0,0,0)
(0,0,0)
(0,0,0)
(0,0,0)
(0,0,0)
(0,0,0)
(0,0,0)
(0,0,0)
(0,0,0)
(0,0,0)
(0,0,0)
(0,0,0)
(0,0,0)
(0,0,0)
(0,0,0)
(0,0,0)
(0,0,0)
(0,0,0)
(0,0,0)
(0,0,0)
(0,0,0)
(0,0,0)
(0,0,0)
(0,0,0)
(0,0,0)
(0,0,0)
(0,0,0)
(0,0,0)
(0,0,0)
(0,0,0)
(0,0,0)
(0,0,0)
(0,0,0)
(0,0,0)
(0,0,0)
(0,0,0)
(0,0,0)
(0,0,0)
(0,0,0)
(0,0,0)
(0,0,0)
(0,0,0)
(0,0,0)
(0,0,0)
(0,0,0)
(0,0,0)
(0,0,0)
(0,0,0)
(0,0,0)
(0,0,0)
(0,0,0)
(0,0,0)
(0,0,0)
(0,0,0)
(0,0,0)
(0,0,0)
(0,0,0)
(0,0,0)
(0,0,0)
(0,0,0)
(0,0,0)
(0,0,0)
(0,0,0)
(0,0,0)
(0,0,0)
(0,0,0)
(0,0,0)
(0,0,0)
(0,0,0)
(0,0,0)
(0,0,0)
(0,0,0)
(0,0,0)
(0,0,0)
(0,0,0)
(0,0,0)
(0,0,0)
(0,0,0)
(0,0,0)
(0,0,0)
(0,0,0)
(0,0,0)
(0,0,0)
(0,0,0)
(0,0,0)
(28172730.3254165,89943.9878553083,78318.9244405673)
(28154357.5875832,85704.6512872864,168271.520389879)
(28112102.8644483,76692.5668418312,284093.681970254)
(28033097.3446779,61989.9876101665,445579.481098523)
(27892425.2066817,41198.4069788295,681841.045032709)
(27642282.5954046,16274.7927386514,1037621.20146956)
(27183506.3062461,-6097.63990398611,1593008.60910938)
(26277033.8708285,-15966.1648506852,2556000.43016306)
(24231834.2360422,-13265.7226295409,4712660.68559947)
(18677649.9199568,-6511.59131123389,11568763.1499458)
(0,0,0)
(0,0,0)
(0,0,0)
(0,0,0)
(0,0,0)
(0,0,0)
(28153911.5301291,191963.702278586,74026.5920484981)
(28135476.3655759,183969.709578631,159145.281243722)
(28092834.9574454,166754.97736594,269295.384222893)
(28012357.4883329,138060.026127797,424748.360462656)
(27867871.9315832,95993.3706693744,656899.300173848)
(27610738.9770811,42775.0071279064,1015226.37625917)
(27144908.9933999,-8002.25982766676,1583131.93595501)
(26242199.1157581,-29668.4431578864,2558740.08620978)
(24210191.8109295,-22221.8427898374,4719433.18431449)
(18668186.4359385,-9521.78776284925,11575283.1098378)
(0,0,0)
(0,0,0)
(0,0,0)
(0,0,0)
(0,0,0)
(0,0,0)
(28111261.4645349,319519.450898557,65912.4207992707)
(28092800.7430512,308853.978456625,141695.436113563)
(28049347.3037863,285577.075317705,240375.221458479)
(27965368.6378639,245758.348542902,382534.464196524)
(27810873.4720735,184530.764203556,603599.67676216)
(27532695.599685,100705.553198668,964356.510535407)
(27040229.3020747,11683.8901701588,1561406.8586502)
(26146123.302538,-26179.1852092151,2566236.48558288)
(24154306.2474161,-12530.4418867899,4732182.68158104)
(18645006.6272889,-605.966418579925,11584799.3540267)
(0,0,0)
(0,0,0)
(0,0,0)
(0,0,0)
(0,0,0)
(0,0,0)
(28033020.0461596,489164.531640782,55120.9533197372)
(28014605.9779846,477532.004691593,118189.294743794)
(27970090.7245921,452026.314451494,200352.417114796)
(27880615.4400561,407863.063736366,321162.413354602)
(27707682.7457066,337714.105314076,519695.774351984)
(27381866.9069199,234645.171823314,875239.30737998)
(26807555.5675289,109473.971040495,1523489.74461009)
(25927437.2459852,48321.7251228068,2579872.69646856)
(24041400.6971777,53136.1077247976,4744121.78259771)
(18601650.7048835,37457.9841556111,11585384.167421)
(0,0,0)
(0,0,0)
(0,0,0)
(0,0,0)
(0,0,0)
(0,0,0)
(27895416.7155393,724175.266524847,43343.1914792342)
(27877395.7908566,713370.708164383,92454.8222571613)
(27832641.261246,690024.179253599,155935.040959626)
(27738511.1127401,650468.197836646,250804.82973537)
(27544524.9171952,589671.278843647,416520.671968525)
(27147319.6505359,504527.660563708,750004.335329657)
(26389442.7840157,403936.011750505,1462307.41519618)
(25522121.6262934,315816.693435746,2584696.50059935)
(23864518.4717983,230992.351309764,4728468.97526114)
(18537194.9541175,124847.745921054,11547919.3941701)
(0,0,0)
(0,0,0)
(0,0,0)
(0,0,0)
(0,0,0)
(0,0,0)
(27650731.2079284,1063205.71448569,32414.5749249201)
(27633896.1038655,1054323.59707071,68862.1943104848)
(27591239.1868342,1035497.79538211,116116.28825828)
(27498835.7979004,1004339.81603685,189816.193737943)
(27302645.8983046,957041.662469066,331247.077721386)
(26894126.7809137,888246.014859073,649346.789863468)
(26126732.6523814,792819.57822733,1374141.15641806)
(25297682.5871736,670565.464161317,2499870.68420931)
(23713967.4723031,488440.1519738,4622343.75717965)
(18463342.5473597,258308.922888494,11423087.9312613)
(0,0,0)
(0,0,0)
(0,0,0)
(0,0,0)
(0,0,0)
(0,0,0)
(27196809.9981149,1586806.56883419,23445.3043091952)
(27182135.2881911,1579985.36879554,49859.6379594396)
(27144343.8489617,1565892.45197084,84809.3880028589)
(27060481.4757404,1543383.08421636,142393.798125837)
(26877609.4203197,1509846.00704172,262330.500706038)
(26487046.6349417,1457565.08279218,553861.307113486)
(25742867.346502,1366220.07868482,1251848.61599842)
(24994717.7701571,1203887.8656629,2317728.20974725)
(23490999.8747957,879312.157622685,4392234.6171846)
(18337288.0722281,470096.201869673,11164847.1256958)
(0,0,0)
(0,0,0)
(0,0,0)
(0,0,0)
(0,0,0)
(0,0,0)
(26289592.8083559,2515568.69274613,16542.3582005689)
(26278029.5871456,2510058.43555514,35631.0849163371)
(26247934.0120128,2498839.97691268,62199.0258489682)
(26180192.3239255,2481366.22722893,108704.779616591)
(26029543.4646336,2456059.23898675,209880.368620048)
(25698303.0614596,2415321.07774599,462460.526479936)
(25047038.353305,2321369.13345936,1089519.44737463)
(24559099.1424399,2030051.55486846,1993218.16414582)
(23041008.9229646,1555121.96762112,3983100.42974307)
(18045409.2462764,889511.380194647,10694883.8779426)
(0,0,0)
(0,0,0)
(0,0,0)
(0,0,0)
(0,0,0)
(0,0,0)
(24239104.6523186,4648127.64407798,10977.1737115623)
(24231324.9158983,4642778.20091706,24310.9568775659)
(24211216.3962023,4631243.38730315,44652.2967166416)
(24166924.7950324,4610965.82298988,83333.3703103375)
(24072646.2483866,4574943.09321115,169038.461072195)
(23880872.1407026,4503358.52020204,368474.220881956)
(23535126.8590346,4341953.71155086,798210.141548346)
(23049255.4691003,3974311.80873304,1518341.33705839)
(21677517.8911345,3324540.96156682,3317556.46710782)
(17157513.5880872,2167609.88332225,9805504.42254049)
(0,0,0)
(0,0,0)
(0,0,0)
(0,0,0)
(0,0,0)
(0,0,0)
(18680320.5363387,11492842.7349354,5634.43406889344)
(18676458.6306728,11487194.8314652,12788.9076182295)
(18666597.0945923,11474392.3459044,24399.0968156509)
(18645333.6893937,11449921.9705614,47341.910649848)
(18601494.5677358,11402484.5776974,97459.3892870351)
(18515312.3055767,11305070.6218982,207142.771138569)
(18355707.9204216,11097937.7561538,430621.756044818)
(18049970.0631573,10667274.0617248,868592.052607143)
(17158207.1289327,9798630.05250421,2160684.60504011)
(13951124.2337779,7637941.80122136,7637987.09159494)
(0,0,0)
(0,0,0)
(0,0,0)
(0,0,0)
(0,0,0)
(0,0,0)
(0,0,0)
(0,0,0)
(0,0,0)
(0,0,0)
(0,0,0)
(0,0,0)
(0,0,0)
(0,0,0)
(0,0,0)
(0,0,0)
(0,0,0)
(0,0,0)
(0,0,0)
(0,0,0)
(0,0,0)
(0,0,0)
(0,0,0)
(0,0,0)
(0,0,0)
(0,0,0)
(0,0,0)
(0,0,0)
(0,0,0)
(0,0,0)
(0,0,0)
(0,0,0)
(0,0,0)
(0,0,0)
(0,0,0)
(0,0,0)
(0,0,0)
(0,0,0)
(0,0,0)
(0,0,0)
(0,0,0)
(0,0,0)
(0,0,0)
(0,0,0)
(0,0,0)
(0,0,0)
(0,0,0)
(0,0,0)
(0,0,0)
(0,0,0)
(0,0,0)
(0,0,0)
(0,0,0)
(0,0,0)
(0,0,0)
(0,0,0)
(0,0,0)
(0,0,0)
(0,0,0)
(0,0,0)
(0,0,0)
(0,0,0)
(0,0,0)
(0,0,0)
(0,0,0)
(0,0,0)
(0,0,0)
(0,0,0)
(0,0,0)
(0,0,0)
(0,0,0)
(0,0,0)
(0,0,0)
(0,0,0)
(0,0,0)
(0,0,0)
(0,0,0)
(0,0,0)
(0,0,0)
(0,0,0)
(0,0,0)
(0,0,0)
(0,0,0)
(0,0,0)
(0,0,0)
(0,0,0)
(0,0,0)
(0,0,0)
(0,0,0)
(0,0,0)
(0,0,0)
(0,0,0)
(0,0,0)
(0,0,0)
(0,0,0)
(0,0,0)
(0,0,0)
(0,0,0)
(0,0,0)
(0,0,0)
(0,0,0)
(0,0,0)
(-489637.648058815,71269.1192405336,59898.2487344908)
(-509905.810027208,66997.1201536278,125963.920690861)
(-555805.432203098,57595.7974464568,205075.814395636)
(-639369.55250526,41367.7366864548,304974.369392112)
(-782333.534973999,16698.6697645619,431833.83578309)
(-1020831.11262905,-15253.8404009033,579000.778717416)
(-1410705.95594011,-44643.3092271803,686655.744630638)
(-2027585.08689821,-50744.8005577809,510818.897414864)
(-2912029.31589098,-34911.9221123929,-841606.234039899)
(-3569804.89461149,-15999.1715487518,-7109352.85342309)
(0,0,0)
(0,0,0)
(0,0,0)
(0,0,0)
(0,0,0)
(0,0,0)
(-511207.788311383,149614.176968194,55573.6552125617)
(-531155.572954426,141547.058749485,116455.049646711)
(-576572.519316611,123465.007322522,188792.711032379)
(-660189.455100352,91206.6399818549,280300.145669895)
(-805290.90183333,39088.5488405307,399872.494510119)
(-1050211.61521197,-35206.6594000726,549575.300302078)
(-1449241.36661555,-112657.163793928,680538.909383869)
(-2060175.5734296,-125743.966852203,526712.159365756)
(-2928378.67130026,-78134.7099779904,-822695.17603898)
(-3575572.18865942,-32729.7485557825,-7093406.57993419)
(0,0,0)
(0,0,0)
(0,0,0)
(0,0,0)
(0,0,0)
(0,0,0)
(-559294.792270018,241556.253977745,47413.5742952523)
(-578549.35351686,230893.247585213,98216.876527385)
(-623123.903453574,206529.714141361,156422.771448113)
(-707507.200463463,161170.659258751,228133.984998242)
(-860104.725293797,81463.0680876596,325537.057618102)
(-1130233.79385327,-49998.3293266634,472057.51558262)
(-1578066.41104908,-220934.801899008,667430.261311162)
(-2172953.62300849,-244862.986838582,574425.601343658)
(-2977898.20967552,-125460.045605476,-777245.211437307)
(-3591460.32897308,-43987.2326285752,-7060721.37660283)
(0,0,0)
(0,0,0)
(0,0,0)
(0,0,0)
(0,0,0)
(0,0,0)
(-645031.709491601,351760.769581734,36646.6345469661)
(-663261.55344413,340530.683676086,73676.1243845668)
(-706603.00218922,314769.352913336,110929.606893621)
(-792715.730424086,265878.704135982,148352.126996274)
(-962304.070064016,174587.5531082,194013.852245994)
(-1306463.23224198,93.5098184444,301051.546762465)
(-1978267.64837628,-308699.603262234,643438.958530517)
(-2541911.24351683,-357062.4377949,693786.293488469)
(-3101837.47422544,-123804.706154856,-695831.48005912)
(-3625486.36689186,-27030.0342777208,-7016852.21213497)
(0,0,0)
(0,0,0)
(0,0,0)
(0,0,0)
(0,0,0)
(0,0,0)
(-788907.661606761,479572.701307427,25311.8399201032)
(-805663.727847905,469957.698043981,47743.7387564977)
(-846608.019165224,448698.521840884,61863.2447397675)
(-932729.084452409,410844.031081404,56937.5094867095)
(-1122377.4558235,347776.390732167,19450.4393811)
(-1607802.7128037,251250.571643283,-7784.86460451174)
(-3194339.49242023,141089.503213828,595007.699855034)
(-3789365.27063949,91245.0278510266,926986.525641723)
(-3344736.04437375,80341.0282041093,-599105.298045344)
(-3681206.40764743,50949.103832554,-6989883.6798909)
(0,0,0)
(0,0,0)
(0,0,0)
(0,0,0)
(0,0,0)
(0,0,0)
(-1025936.13603771,609388.816730613,15650.6230427559)
(-1040649.49923842,602630.751591376,26322.567099105)
(-1077355.33570134,588615.50626793,23799.4997072294)
(-1157445.39092894,565991.902071129,-6267.78795356152)
(-1341819.0071712,531938.023051251,-77165.1202971137)
(-1826009.23486059,481007.868297231,-117987.006676962)
(-3335265.49059641,408762.082702402,545137.951311901)
(-3880566.77137211,367408.057603137,916023.67460515)
(-3457677.76381761,265345.381045742,-628536.047616155)
(-3736792.13376118,132196.85156865,-7040849.71973155)
(0,0,0)
(0,0,0)
(0,0,0)
(0,0,0)
(0,0,0)
(0,0,0)
(-1413480.69820986,679625.520333616,8853.38722149574)
(-1425609.49032176,675842.713543255,12185.5982822371)
(-1456473.23783508,669380.518058108,1037.06778844617)
(-1526279.40620604,662989.043825532,-40399.7975197803)
(-1695515.35291628,661632.711352468,-128170.318085255)
(-2169606.50293161,668600.817863135,-190310.735277991)
(-3743681.58611126,670147.894535704,503651.780001766)
(-4247259.57833891,768010.956613546,813825.623987094)
(-3628403.74138552,429144.145029411,-761770.129315406)
(-3828549.71107088,178133.561723956,-7173069.66167206)
(0,0,0)
(0,0,0)
(0,0,0)
(0,0,0)
(0,0,0)
(0,0,0)
(-2032068.67797145,465056.132883514,5030.26827719077)
(-2041208.11438052,463284.124545186,5625.95330120814)
(-2064795.57665961,462003.204499805,-5467.74996840495)
(-2119550.88938995,467936.299355629,-41872.3976832796)
(-2259552.81933507,498981.164587127,-121325.172449418)
(-2694420.09512292,597645.807288875,-188847.610792971)
(-4413520.42089019,809209.365130439,601449.087307177)
(-3597555.45231159,519982.850751988,474931.18241998)
(-3764735.65355767,191441.431553333,-1012822.13308177)
(-3970750.79786607,1500.87518634973,-7351230.0079019)
(0,0,0)
(0,0,0)
(0,0,0)
(0,0,0)
(0,0,0)
(0,0,0)
(-2919387.76681244,-910885.568992129,3233.51550633512)
(-2925318.37466102,-912315.86858321,4276.19369379568)
(-2940449.66476452,-913647.402697242,392.256357454219)
(-2974120.69136324,-910921.086809746,-10905.4765817945)
(-3051222.51134183,-896513.153072213,-22743.0046942172)
(-3235553.70875357,-862554.464264431,22682.51081487)
(-3638562.40183091,-837823.849990479,312204.381301019)
(-3770907.13695507,-1025281.00708638,146430.239694438)
(-4118044.03762319,-1195034.07955619,-1202732.9259386)
(-4183314.3482392,-1038936.01673319,-7352668.70319291)
(0,0,0)
(0,0,0)
(0,0,0)
(0,0,0)
(0,0,0)
(0,0,0)
(-3575455.2231088,-7188095.80592519,1785.39088026612)
(-3578333.81783278,-7189889.84078766,2951.20609002197)
(-3585570.77687427,-7192864.52688636,3135.59624547884)
(-3601128.67978554,-7196053.35337671,3529.62649126794)
(-3634264.98968314,-7199691.42124529,11266.8465829752)
(-3703691.87531906,-7210997.51734236,47513.4750562833)
(-3832031.76584709,-7258572.14244918,124800.848283398)
(-3974964.93855156,-7383452.81223178,-23292.950362826)
(-4184554.08060764,-7360200.42969326,-1046565.99618574)
(-4038320.47144046,-6313633.77973925,-6313624.13346168)
(0,0,0)
(0,0,0)
(0,0,0)
(0,0,0)
(0,0,0)
(0,0,0)
(0,0,0)
(0,0,0)
(0,0,0)
(0,0,0)
(0,0,0)
(0,0,0)
(0,0,0)
(0,0,0)
(0,0,0)
(0,0,0)
(0,0,0)
(0,0,0)
(0,0,0)
(0,0,0)
(0,0,0)
(0,0,0)
(0,0,0)
(0,0,0)
(0,0,0)
(0,0,0)
(0,0,0)
(0,0,0)
(0,0,0)
(0,0,0)
(0,0,0)
(0,0,0)
(0,0,0)
(0,0,0)
(0,0,0)
(0,0,0)
(0,0,0)
(0,0,0)
(0,0,0)
(0,0,0)
(0,0,0)
(0,0,0)
(0,0,0)
(0,0,0)
(0,0,0)
(0,0,0)
(0,0,0)
(0,0,0)
(0,0,0)
(0,0,0)
(0,0,0)
(0,0,0)
(0,0,0)
(0,0,0)
(0,0,0)
(0,0,0)
(0,0,0)
(0,0,0)
(0,0,0)
(0,0,0)
(0,0,0)
(0,0,0)
(0,0,0)
(0,0,0)
(0,0,0)
(0,0,0)
(0,0,0)
(0,0,0)
(0,0,0)
(0,0,0)
(0,0,0)
(0,0,0)
(0,0,0)
(0,0,0)
(0,0,0)
(0,0,0)
(0,0,0)
(0,0,0)
(0,0,0)
(0,0,0)
(0,0,0)
(0,0,0)
(0,0,0)
(0,0,0)
(0,0,0)
(0,0,0)
(0,0,0)
(0,0,0)
(0,0,0)
(0,0,0)
(0,0,0)
(0,0,0)
(0,0,0)
(0,0,0)
(0,0,0)
(0,0,0)
(0,0,0)
(0,0,0)
(0,0,0)
(0,0,0)
(0,0,0)
(0,0,0)
(-579076.697696759,49854.7600203576,39584.2896175869)
(-596307.650301251,45928.4474269285,80057.6824647054)
(-634318.455628332,36979.2266254466,121591.479264495)
(-700604.035740824,20642.9681087346,162182.994391322)
(-807500.392785354,-6205.10500587735,193554.957208556)
(-971920.436815684,-44651.9324074462,189296.213802638)
(-1208115.48030361,-83195.0727940513,69900.8109601984)
(-1500845.47598533,-83324.1162164636,-373514.68373621)
(-1734986.73051178,-51242.1155895778,-1499315.15352579)
(-1507713.23906093,-21764.5142645902,-3539642.29481174)
(0,0,0)
(0,0,0)
(0,0,0)
(0,0,0)
(0,0,0)
(0,0,0)
(-598723.0023401,101761.254389826,35608.7196592467)
(-615008.839776294,94371.2354096909,71019.1984983551)
(-650880.657703704,77086.2557560092,105220.307754889)
(-713619.849993048,43990.7247699085,135302.945986405)
(-815643.608804232,-15636.9383088817,155087.486260307)
(-975288.240749152,-115195.818156915,150707.997546958)
(-1209954.22791866,-241503.377877525,69729.1639335431)
(-1493815.43413493,-238544.975505235,-341410.116072351)
(-1723533.26030311,-127650.784694359,-1469846.8579647)
(-1500655.00172389,-48610.1217226826,-3517918.43744223)
(0,0,0)
(0,0,0)
(0,0,0)
(0,0,0)
(0,0,0)
(0,0,0)
(-641631.112518472,155983.213198275,28114.3614400076)
(-656037.674369433,146349.744386302,53624.1733159686)
(-687721.193843911,123237.878178273,72069.841284039)
(-743202.579519687,76133.0268817818,75622.9182283879)
(-835053.640273251,-20569.3921830655,55504.2870820238)
(-988170.457181558,-226111.499132182,24356.6313855614)
(-1246763.16184789,-621112.976721613,72662.9810284594)
(-1494504.03577266,-613847.122128765,-230484.459583853)
(-1695756.41915558,-249429.456687325,-1390847.57811084)
(-1483465.18030152,-78032.3695044828,-3469420.47900062)
(0,0,0)
(0,0,0)
(0,0,0)
(0,0,0)
(0,0,0)
(0,0,0)
(-715421.69325267,208006.370572908,18366.8263864449)
(-727202.530532782,198283.069037756,30374.478823649)
(-752786.231488646,174909.622700807,24885.9636005458)
(-796548.455467956,125977.771252458,-21126.0557262597)
(-868574.239583499,14606.3463819142,-150031.624771753)
(-1010753.87434567,-301215.521210021,-370636.960590237)
(-1525045.15661314,-1524853.64973489,79881.2206599003)
(-1605083.83054904,-1604634.3517285,133841.037291837)
(-1631057.45768017,-366782.619400311,-1219585.81654047)
(-1448715.78266517,-82778.7085794384,-3391610.06169228)
(0,0,0)
(0,0,0)
(0,0,0)
(0,0,0)
(0,0,0)
(0,0,0)
(-831984.890276809,242533.787701977,8549.81154097796)
(-840704.642537876,235008.694824621,6865.10044408548)
(-858637.736041958,217979.828631684,-24175.3886100466)
(-884443.769190703,186119.804243495,-132602.736862788)
(-902798.939454533,128304.527060239,-465879.433910081)
(-813615.352694133,32968.5675841441,-1594250.88281381)
(-5.75707754546585e-05,-1.42768406705649e-05,3.64199333989629e-05)
(89.4290717035164,-140.759554953502,1371557.76718367)
(-1371524.32276272,-32718.504644987,-935718.069182714)
(-1386031.09431097,-4691.78013265204,-3308980.31096596)
(0,0,0)
(0,0,0)
(0,0,0)
(0,0,0)
(0,0,0)
(0,0,0)
(-1006239.45184414,221848.082627204,989.020881211552)
(-1012036.20246177,217676.888827973,-10292.4698987979)
(-1022923.2029371,209464.780140472,-56209.5541718232)
(-1034084.62015454,197099.857026309,-190550.377729046)
(-1020897.77365707,178111.070295189,-561278.154478139)
(-864343.590905626,137197.03144801,-1627172.26229697)
(-5.2323094890978e-05,-1.98535668587681e-05,3.00772868954552e-05)
(461.733988258755,444.869851947359,1338810.56348908)
(-1338203.70566327,94451.3460605119,-907833.345370742)
(-1385286.60169479,40353.1176621685,-3304383.77523186)
(0,0,0)
(0,0,0)
(0,0,0)
(0,0,0)
(0,0,0)
(0,0,0)
(-1249434.92525065,61029.1360538316,-3226.82638582399)
(-1252778.51075422,60222.8935650242,-18603.8106904248)
(-1257960.30226759,61039.805023999,-68691.7711414293)
(-1257981.37729106,69692.8460200894,-209582.789050193)
(-1222257.38024866,97479.2613279632,-602208.952750599)
(-1013838.25701166,143559.599235765,-1764339.76645831)
(-0.000142831268169277,5.25121150024444e-05,3.93167117259337e-05)
(306.756555299284,1417408.50895999,1432501.74942844)
(-1431945.80533531,292631.391250307,-962136.231811568)
(-1441336.9231813,35864.544049356,-3344860.44608834)
(0,0,0)
(0,0,0)
(0,0,0)
(0,0,0)
(0,0,0)
(0,0,0)
(-1544676.9189944,-422294.203264628,-4068.41965860073)
(-1546293.09731035,-420890.814710068,-17869.7284536845)
(-1547746.31273886,-413742.25981975,-60136.9275306953)
(-1541404.61078776,-386746.687671811,-181843.672440986)
(-1494921.88741948,-292830.361930561,-556164.981098059)
(-1255392.14547217,56299.4735648569,-1907932.80507789)
(421.454488740432,1583910.59651065,1417317.29237582)
(-1416804.16221435,346381.587243099,307592.923995458)
(-1783400.76458744,-162043.862934507,-1219066.71078997)
(-1561954.06655218,-211146.602630262,-3380852.29542427)
(0,0,0)
(0,0,0)
(0,0,0)
(0,0,0)
(0,0,0)
(0,0,0)
(-1771995.43315579,-1567034.25013372,-2652.28678755607)
(-1772664.42776867,-1565455.60651519,-10741.4418747694)
(-1772789.10330819,-1558950.10503333,-33194.1581174925)
(-1767949.80815072,-1538145.28007005,-87966.4489317737)
(-1745170.76901378,-1479787.15864748,-207061.39454289)
(-1675037.27466087,-1330965.08133861,-380313.273732131)
(-1583164.64063222,-1031578.91614512,179778.477724933)
(-1814279.61777418,-1229615.79811432,-200851.656098539)
(-1950943.49647816,-1261768.8900194,-1268227.17015866)
(-1598901.49366721,-894068.851522996,-3169717.77583794)
(0,0,0)
(0,0,0)
(0,0,0)
(0,0,0)
(0,0,0)
(0,0,0)
(-1528571.30610388,-3612852.67174509,-1065.49539352762)
(-1528806.10203892,-3611816.69738081,-4232.12032176759)
(-1528772.75330998,-3607585.41578168,-12394.8331377075)
(-1526853.68428561,-3595231.32612325,-29583.7825844056)
(-1519690.372111,-3565773.78768692,-58171.7711171079)
(-1504298.1634512,-3507703.39809484,-80827.1662287413)
(-1499243.3811323,-3426996.6916415,-18197.7754471202)
(-1580862.70783862,-3408921.81800473,-232993.986269633)
(-1602897.44559581,-3175954.10238953,-900465.408911316)
(-1281787.14769342,-2275517.09179014,-2275550.49239119)
(0,0,0)
(0,0,0)
(0,0,0)
(0,0,0)
(0,0,0)
(0,0,0)
(0,0,0)
(0,0,0)
(0,0,0)
(0,0,0)
(0,0,0)
(0,0,0)
(0,0,0)
(0,0,0)
(0,0,0)
(0,0,0)
(0,0,0)
(0,0,0)
(0,0,0)
(0,0,0)
(0,0,0)
(0,0,0)
(0,0,0)
(0,0,0)
(0,0,0)
(0,0,0)
(0,0,0)
(0,0,0)
(0,0,0)
(0,0,0)
(0,0,0)
(0,0,0)
(0,0,0)
(0,0,0)
(0,0,0)
(0,0,0)
(0,0,0)
(0,0,0)
(0,0,0)
(0,0,0)
(0,0,0)
(0,0,0)
(0,0,0)
(0,0,0)
(0,0,0)
(0,0,0)
(0,0,0)
(0,0,0)
(0,0,0)
(0,0,0)
(0,0,0)
(0,0,0)
(0,0,0)
(0,0,0)
(0,0,0)
(0,0,0)
(0,0,0)
(0,0,0)
(0,0,0)
(0,0,0)
(0,0,0)
(0,0,0)
(0,0,0)
(0,0,0)
(0,0,0)
(0,0,0)
(0,0,0)
(0,0,0)
(0,0,0)
(0,0,0)
(0,0,0)
(0,0,0)
(0,0,0)
(0,0,0)
(0,0,0)
(0,0,0)
(0,0,0)
(0,0,0)
(0,0,0)
(0,0,0)
(0,0,0)
(0,0,0)
(0,0,0)
(0,0,0)
(0,0,0)
(0,0,0)
(0,0,0)
(0,0,0)
(0,0,0)
(0,0,0)
(0,0,0)
(0,0,0)
(0,0,0)
(0,0,0)
(0,0,0)
(0,0,0)
(0,0,0)
(0,0,0)
(0,0,0)
(0,0,0)
(0,0,0)
(0,0,0)
(-631820.163588338,30372.7811277607,22370.6847638201)
(-643496.842372293,27397.3225812521,42162.5542536127)
(-668172.957390086,20542.423860427,55474.6321549355)
(-708289.765953292,7707.88279485709,55452.4795725476)
(-767179.625233124,-14286.9296567634,29418.6416770812)
(-847782.059000647,-48042.1281271151,-46677.6080108454)
(-947020.157128756,-85085.6657300548,-222687.265455648)
(-1039720.27304508,-76316.3552206701,-607496.113175228)
(-1030716.1728268,-39777.8404129825,-1271988.83044724)
(-733027.765982319,-14696.2927865275,-2031978.01073931)
(0,0,0)
(0,0,0)
(0,0,0)
(0,0,0)
(0,0,0)
(0,0,0)
(-646775.307170952,59052.6815856977,19372.4043729144)
(-656996.931859356,53525.4077778987,35232.4112593233)
(-678128.059032922,40405.758013664,42616.4784353009)
(-711243.128512495,14518.3316712037,33429.3080784074)
(-757193.11503075,-34959.5653773984,-4348.54997444179)
(-815839.432133039,-128065.458423785,-83774.0282938841)
(-886448.364898721,-278359.749707108,-214005.807336766)
(-973900.887208472,-239243.013468926,-570993.696014955)
(-987549.462359869,-99845.6967746615,-1246909.63759653)
(-713588.845777444,-31386.3259056769,-2017285.7604238)
(0,0,0)
(0,0,0)
(0,0,0)
(0,0,0)
(0,0,0)
(0,0,0)
(-678681.570285601,82366.3242486117,13736.8151042154)
(-686113.749337467,75350.5305802429,21987.7672699096)
(-700333.583303023,58347.8725786225,16658.0421640658)
(-718884.063010091,22955.7998462431,-16097.9425205661)
(-734718.435248669,-53946.3619922998,-97446.3509302471)
(-730951.573316161,-248638.330438189,-234092.362781227)
(-684855.488207861,-899424.280371701,-174935.505756653)
(-752603.606401675,-724456.499183544,-431622.449413031)
(-863972.780913636,-184752.166451915,-1178499.61797773)
(-664070.783919904,-43277.1400846458,-1986003.20018039)
(0,0,0)
(0,0,0)
(0,0,0)
(0,0,0)
(0,0,0)
(0,0,0)
(-731234.897729065,91558.7340619182,6620.79466309018)
(-735015.722201689,84903.3780848727,4881.13882735982)
(-739904.758055359,69155.2332048371,-18807.6952321411)
(-737534.090122618,38166.2351678212,-93032.4958990596)
(-703933.759623568,-19539.9457913934,-292079.392059905)
(-562573.143152496,-104068.093262867,-884830.360428399)
(-2.82289897162768e-05,-2.05393566156314e-06,1.16353183320325e-05)
(-43.422886326956,398.567186653504,107959.022461563)
(-563324.010446672,-107327.956676725,-1037198.63454712)
(-566083.970331293,-20117.6940548677,-1942989.89291079)
(0,0,0)
(0,0,0)
(0,0,0)
(0,0,0)
(0,0,0)
(0,0,0)
(-808618.483397909,68325.3008313187,-132.973648299006)
(-808704.30162168,63745.8664141627,-10975.8028937914)
(-804261.707440671,53724.3279101766,-49920.9262004223)
(-781821.051538602,36472.5234524154,-150849.93213712)
(-706799.439654385,10203.0382260597,-376592.415954712)
(-495884.507974221,-17762.3540040475,-780628.99993342)
(3.64625192184921e-06,-1.98782670952013e-06,-6.55673647061944e-05)
(-6.31509023976947e-05,-4.73459238213316e-06,1.22210670414582e-06)
(-249.099264255136,516.312276081892,-950212.525949423)
(-429283.325856188,-3984.30056035898,-1923093.6878987)
(0,0,0)
(0,0,0)
(0,0,0)
(0,0,0)
(0,0,0)
(0,0,0)
(-911804.038255236,-21338.2126574849,-4771.90010010444)
(-908921.283814297,-23059.1596647349,-21081.7926686775)
(-897374.261925201,-25614.1844147851,-67292.2213556164)
(-860798.075984924,-26858.5155702994,-177247.726502513)
(-759995.733802868,-23346.1430442521,-404600.58508639)
(-511519.997916064,-12402.9416953757,-762783.590384617)
(-4.93090362778718e-07,-5.51042673190471e-06,-5.2431284038965e-05)
(-4.7240136749362e-05,-1.31380781013461e-05,2.92338519835795e-06)
(-249.907070713846,590.946426567023,-955000.029070323)
(-409255.148106392,-15749.4699187002,-1919266.31330039)
(0,0,0)
(0,0,0)
(0,0,0)
(0,0,0)
(0,0,0)
(0,0,0)
(-1030039.93567158,-234186.161319555,-6547.04091700436)
(-1025409.32481299,-233275.490293081,-23699.8962298873)
(-1009937.51277567,-228741.358857989,-68595.5112786175)
(-965915.793986522,-213746.88852803,-173772.721625419)
(-850429.69219906,-175275.365857021,-393671.186862245)
(-571397.456426607,-98176.3821800115,-750338.54696268)
(-7.44438344219425e-06,-8.32240590493678e-05,-6.18190901873552e-05)
(-8.26680822811223e-05,2.72933738095836e-06,4.3390995921689e-06)
(-431.724719054053,-58946.0817456491,-971681.494683014)
(-440251.144170582,-84791.0762332684,-1903725.66737917)
(0,0,0)
(0,0,0)
(0,0,0)
(0,0,0)
(0,0,0)
(0,0,0)
(-1123660.10653091,-649557.926750053,-5645.04703300353)
(-1118751.07994459,-647251.041444647,-19211.5132472126)
(-1103212.34398603,-638818.405573999,-53668.4352840224)
(-1060131.17399372,-613370.544705847,-135318.215900233)
(-945757.756032369,-543202.039235696,-316555.673908661)
(-654547.865621172,-363546.230529689,-652030.105409992)
(-9.87285433873513e-05,5.70941424547248e-06,5.67164994741417e-06)
(-16.4924143919527,-51310.40149302,-59088.2113018603)
(-573964.881255039,-329707.710255334,-997762.466124572)
(-577284.411976323,-248137.060713658,-1819086.13622005)
(0,0,0)
(0,0,0)
(0,0,0)
(0,0,0)
(0,0,0)
(0,0,0)
(-1094625.08406875,-1323643.54476857,-3284.73106852166)
(-1090783.06499103,-1321667.78885314,-10749.3464376773)
(-1079043.83311269,-1315078.88551198,-28234.1366951991)
(-1047189.2736432,-1297250.18269011,-65115.0332184539)
(-962095.103208664,-1254543.31033964,-136849.427919616)
(-726606.876477818,-1160485.0282464,-288341.028385938)
(218.299552229955,-947927.287631485,-51316.1717848831)
(-582932.364964276,-996434.453666927,-337539.372420889)
(-787957.863875849,-913938.267439869,-916294.447838672)
(-615267.223156055,-577081.753153705,-1570984.02590978)
(0,0,0)
(0,0,0)
(0,0,0)
(0,0,0)
(0,0,0)
(0,0,0)
(-766509.996918704,-2084408.59023754,-1296.26371622053)
(-764495.915900087,-2083125.14924433,-4149.0894638773)
(-758599.001857085,-2078982.31744418,-10419.408984576)
(-743555.421516317,-2068604.73951853,-22363.1149254598)
(-707482.343511696,-2046372.98286041,-42741.4710039748)
(-628112.011457555,-2003711.02970679,-75701.6215372454)
(-494982.542913393,-1928095.87250133,-99793.8748863235)
(-593657.390424278,-1828378.7022003,-255054.943767305)
(-619129.864821518,-1573330.28367576,-579430.508305721)
(-450504.525671405,-993907.927351906,-993886.956129538)
(0,0,0)
(0,0,0)
(0,0,0)
(0,0,0)
(0,0,0)
(0,0,0)
(0,0,0)
(0,0,0)
(0,0,0)
(0,0,0)
(0,0,0)
(0,0,0)
(0,0,0)
(0,0,0)
(0,0,0)
(0,0,0)
(0,0,0)
(0,0,0)
(0,0,0)
(0,0,0)
(0,0,0)
(0,0,0)
(0,0,0)
(0,0,0)
(0,0,0)
(0,0,0)
(0,0,0)
(0,0,0)
(0,0,0)
(0,0,0)
(0,0,0)
(0,0,0)
(0,0,0)
(0,0,0)
(0,0,0)
(0,0,0)
(0,0,0)
(0,0,0)
(0,0,0)
(0,0,0)
(0,0,0)
(0,0,0)
(0,0,0)
(0,0,0)
(0,0,0)
(0,0,0)
(0,0,0)
(0,0,0)
(0,0,0)
(0,0,0)
(0,0,0)
(0,0,0)
(0,0,0)
(0,0,0)
(0,0,0)
(0,0,0)
(0,0,0)
(0,0,0)
(0,0,0)
(0,0,0)
(0,0,0)
(0,0,0)
(0,0,0)
(0,0,0)
(0,0,0)
(0,0,0)
(0,0,0)
(0,0,0)
(0,0,0)
(0,0,0)
(0,0,0)
(0,0,0)
(0,0,0)
(0,0,0)
(0,0,0)
(0,0,0)
(0,0,0)
(0,0,0)
(0,0,0)
(0,0,0)
(0,0,0)
(0,0,0)
(0,0,0)
(0,0,0)
(0,0,0)
(0,0,0)
(0,0,0)
(0,0,0)
(0,0,0)
(0,0,0)
(0,0,0)
(0,0,0)
(0,0,0)
(0,0,0)
(0,0,0)
(0,0,0)
(0,0,0)
(0,0,0)
(0,0,0)
(0,0,0)
(0,0,0)
(0,0,0)
(-658105.446163869,15572.6736520303,10712.6089235053)
(-664403.071562957,14050.6471539241,17568.1909602451)
(-676756.575412403,10696.7351735651,15455.0738089943)
(-694303.831995858,4856.64136448371,-3387.50151292603)
(-715393.217630044,-4179.93739522577,-50993.9717207823)
(-737031.585319149,-16029.8072487441,-145714.638153531)
(-753000.387679374,-24515.5312504136,-315218.87635251)
(-746096.940060755,-10523.8661299686,-598318.343206869)
(-658210.292612124,3360.74338226321,-974184.966803782)
(-413066.329864891,4724.35877625827,-1298870.76169753)
(0,0,0)
(0,0,0)
(0,0,0)
(0,0,0)
(0,0,0)
(0,0,0)
(-667746.226056111,27361.7290091496,9181.86352804206)
(-672547.753792082,24605.637371237,14177.6952434588)
(-681227.758705417,18364.6020682372,9609.52802128918)
(-691356.768399586,7025.20856909347,-12445.3992962317)
(-698609.141318358,-12347.3373117838,-62861.9730920624)
(-697410.371849302,-43097.3448317232,-154223.495792821)
(-687105.984906881,-76773.6233757306,-301307.783659341)
(-683272.903572619,-17954.558468199,-584505.074956966)
(-619557.383883839,23734.5705019902,-972870.980552702)
(-396221.35007025,18156.0785923491,-1303670.19607599)
(0,0,0)
(0,0,0)
(0,0,0)
(0,0,0)
(0,0,0)
(0,0,0)
(-687640.814878934,29977.2832411349,6343.69036135141)
(-689628.277137983,26623.9961191343,7839.85941397178)
(-691250.793735174,18927.5218581485,-1805.84994378623)
(-686259.861408982,4441.2366336519,-31846.0796094581)
(-662262.08727947,-23060.9484014935,-93588.8164889482)
(-599543.958616015,-80202.8441171901,-187890.931903639)
(-492392.268731715,-214573.494434187,-242554.280321331)
(-498333.802483033,28089.53153365,-542868.174241823)
(-520462.743387872,115875.037991868,-978518.679257468)
(-357202.603124259,54718.384379889,-1321949.16584064)
(0,0,0)
(0,0,0)
(0,0,0)
(0,0,0)
(0,0,0)
(0,0,0)
(-718438.580500877,14265.4623853286,2915.50362761461)
(-716913.887453849,11340.0064187838,97.6585801296951)
(-709430.705403038,4901.01208109101,-16349.8842951335)
(-684052.472557435,-6042.06973487125,-59348.1954917921)
(-613308.672212069,-22361.440514241,-150672.790790542)
(-433888.931546799,-37343.9107469792,-322215.935766449)
(-2.44199628627533e-05,-1.96083550682135e-06,-4.5562764301244e-06)
(-78.747736284723,339.103563969991,-455225.469356138)
(-318494.301041539,455681.089972881,-1039861.23074229)
(-290951.476704679,116653.934391645,-1376929.27438065)
(0,0,0)
(0,0,0)
(0,0,0)
(0,0,0)
(0,0,0)
(0,0,0)
(-759441.952818165,-34780.6000523526,-130.468142055407)
(-754667.90714833,-36404.3769784788,-6422.47921814034)
(-739032.466197983,-39357.2679156197,-27393.4404641203)
(-697025.100534096,-42506.5929377601,-75724.8682657391)
(-596300.54761595,-42995.1462897869,-165590.054528628)
(-380782.620097488,-33370.0540811901,-284665.799071153)
(3.50499771422473e-06,-6.72271149245605e-07,-2.63676939754099e-06)
(-5.59774822777068e-05,-2.14509230280678e-07,-1.02394347495473e-05)
(313.674817728294,481.0393240938,-1379126.89014174)
(-213913.182744408,16007.1492401035,-1493850.24810197)
(0,0,0)
(0,0,0)
(0,0,0)
(0,0,0)
(0,0,0)
(0,0,0)
(-805218.012017904,-139531.878751829,-1834.74753785781)
(-798189.048646701,-139535.561654883,-9435.79802905146)
(-777328.219190408,-138209.217082792,-30629.8915966776)
(-725623.676288241,-132002.890204997,-76307.9940261243)
(-609514.471370134,-113821.079461868,-155963.323286776)
(-377407.270837613,-72325.9497670979,-251120.154679323)
(4.73193467698385e-08,-2.55072685026939e-06,-2.30439016144453e-11)
(-3.90507754476289e-05,-7.38364638620839e-07,-7.66552893729393e-06)
(203.527277568229,386.541311510292,-1363916.42889438)
(-200360.452063108,-46762.2164851168,-1510041.75921245)
(0,0,0)
(0,0,0)
(0,0,0)
(0,0,0)
(0,0,0)
(0,0,0)
(-839935.138072277,-327727.525879766,-1909.1504713751)
(-832137.758204755,-326555.008781182,-8161.26995330817)
(-809877.342742878,-321977.68149212,-24452.9755767656)
(-756289.710738557,-307923.57730161,-58158.3717281147)
(-637354.203756788,-270595.114995581,-114459.824636676)
(-398114.339005996,-181381.797159033,-178687.094665349)
(-5.42330796492429e-06,-5.5871616668698e-06,-2.7219375107429e-11)
(-6.80395785558644e-05,-2.42758404777942e-06,-1.29393115354734e-05)
(25.6958201679005,-632522.574951666,-1411433.72193191)
(-213049.409208807,-221852.195842742,-1463545.47753609)
(0,0,0)
(0,0,0)
(0,0,0)
(0,0,0)
(0,0,0)
(0,0,0)
(-830230.930976696,-620433.419676321,-723.28175765603)
(-823234.82063058,-619222.438417248,-3572.11143559048)
(-803704.651784367,-614639.49199891,-10417.9931304648)
(-757184.540844842,-600468.741868709,-20819.4617122479)
(-652379.198925226,-559605.846185724,-25187.2876292489)
(-428165.012131468,-435757.656695397,2805.71841741231)
(-8.57146161814411e-05,-1.40032477416023e-05,-4.61229889171653e-06)
(56.697630012984,-634347.47473066,-632947.177889157)
(-294592.716649847,-543770.119486156,-1001071.79795985)
(-272177.653604791,-286151.588917524,-1241879.16325659)
(0,0,0)
(0,0,0)
(0,0,0)
(0,0,0)
(0,0,0)
(0,0,0)
(-720037.838839094,-995597.567787129,576.902881158546)
(-715053.995380482,-995479.317728333,1104.71258169167)
(-701518.041894966,-994819.377687799,3758.80705284468)
(-670126.762697766,-993845.081784434,20072.6360231481)
(-600208.052891525,-1000150.08071644,98729.8202367192)
(-440074.605175279,-1062205.24356803,438645.135806806)
(581.313052649979,-1443345.18196996,-634383.440594723)
(-301805.130044426,-1007343.84448603,-542514.305759193)
(-385353.540874122,-745280.777471083,-743607.970775994)
(-276791.041503362,-412427.028202724,-955808.713143507)
(0,0,0)
(0,0,0)
(0,0,0)
(0,0,0)
(0,0,0)
(0,0,0)
(-444799.851276086,-1318036.07703663,728.363606889602)
(-442299.345716078,-1318765.82978603,1818.30548057718)
(-435708.196291889,-1320604.56121246,4712.68344004076)
(-421139.903598011,-1325328.45888172,13780.54261901)
(-391370.988385105,-1339168.31675521,36687.4235311957)
(-335270.145315321,-1375881.02344099,57521.3372619191)
(-248962.169491818,-1433428.19564361,-198416.022486001)
(-283913.183472015,-1235000.11070805,-280503.963216246)
(-279663.657359532,-954440.794625205,-410810.153524107)
(-186742.721599692,-543559.637486529,-543439.348312018)
(0,0,0)
(0,0,0)
(0,0,0)
(0,0,0)
(0,0,0)
(0,0,0)
(0,0,0)
(0,0,0)
(0,0,0)
(0,0,0)
(0,0,0)
(0,0,0)
(0,0,0)
(0,0,0)
(0,0,0)
(0,0,0)
(0,0,0)
(0,0,0)
(0,0,0)
(0,0,0)
(0,0,0)
(0,0,0)
(0,0,0)
(0,0,0)
(0,0,0)
(0,0,0)
(0,0,0)
(0,0,0)
(0,0,0)
(0,0,0)
(0,0,0)
(0,0,0)
(0,0,0)
(0,0,0)
(0,0,0)
(0,0,0)
(0,0,0)
(0,0,0)
(0,0,0)
(0,0,0)
(0,0,0)
(0,0,0)
(0,0,0)
(0,0,0)
(0,0,0)
(0,0,0)
(0,0,0)
(0,0,0)
(0,0,0)
(0,0,0)
(0,0,0)
(0,0,0)
(0,0,0)
(0,0,0)
(0,0,0)
(0,0,0)
(0,0,0)
(0,0,0)
(0,0,0)
(0,0,0)
(0,0,0)
(0,0,0)
(0,0,0)
(0,0,0)
(0,0,0)
(0,0,0)
(0,0,0)
(0,0,0)
(0,0,0)
(0,0,0)
(0,0,0)
(0,0,0)
(0,0,0)
(0,0,0)
(0,0,0)
(0,0,0)
(0,0,0)
(0,0,0)
(0,0,0)
(0,0,0)
(0,0,0)
(0,0,0)
(0,0,0)
(0,0,0)
(0,0,0)
(0,0,0)
(0,0,0)
(0,0,0)
(0,0,0)
(0,0,0)
(0,0,0)
(0,0,0)
(0,0,0)
(0,0,0)
(0,0,0)
(0,0,0)
(0,0,0)
(0,0,0)
(0,0,0)
(0,0,0)
(0,0,0)
(0,0,0)
(-668687.155767458,6124.1689010023,4457.54070257871)
(-671354.529839965,6071.29447203888,5337.70450754603)
(-675762.10768731,6354.14244403747,-2010.90566157993)
(-679784.581515402,7921.58856426831,-24451.7447062996)
(-680013.688762266,12729.4558509265,-72560.7294250044)
(-671625.303689538,23688.8007953632,-161655.811849978)
(-647785.207281299,41436.2545598113,-308307.246807858)
(-596336.592305999,52328.4636484241,-510396.058211036)
(-481624.044450435,42035.9564302855,-729018.262803014)
(-277948.243177664,21581.2967170514,-885717.646207279)
(0,0,0)
(0,0,0)
(0,0,0)
(0,0,0)
(0,0,0)
(0,0,0)
(-673808.686477353,7773.16265823144,4413.4666640124)
(-675449.222874141,7771.30757572294,5614.92264238653)
(-677380.58629445,8555.05643364919,-433.163758199607)
(-676524.746163993,12307.0161288898,-19650.6135584146)
(-668059.747557976,24153.5715960727,-61624.1230639455)
(-646324.357081461,54883.4527609031,-143904.789797334)
(-610112.159905942,117986.519310827,-297448.879549299)
(-574643.476954007,166995.959844742,-520745.802364243)
(-471584.621947922,122837.636508968,-749520.244378844)
(-273941.825385076,57192.8704993511,-907411.34284631)
(0,0,0)
(0,0,0)
(0,0,0)
(0,0,0)
(0,0,0)
(0,0,0)
(-683667.956066148,-592.48095925259,4392.78480469471)
(-683382.939159346,-438.438712057712,6357.19311383319)
(-680550.622407171,938.215492876239,3273.86272660092)
(-669689.440388141,6816.18688123338,-7805.72904658367)
(-641052.914788645,26011.069714549,-30872.3996558878)
(-580301.017014146,85534.0001437451,-80765.8886405968)
(-484550.609252511,277831.720068499,-248452.748877481)
(-541242.587445159,526367.831210806,-564915.835281422)
(-465163.686982831,317826.825817261,-815204.08099474)
(-271442.993252192,120960.54311005,-964731.363477507)
(0,0,0)
(0,0,0)
(0,0,0)
(0,0,0)
(0,0,0)
(0,0,0)
(-696940.110770108,-26604.6617979493,4513.71110792613)
(-694289.880000765,-26259.7206716953,7710.98561447499)
(-685326.029617566,-24556.5291877021,9101.05450958016)
(-660653.191005598,-18897.7280830043,11415.6879219839)
(-599291.770060208,-5306.62638807616,28716.4818727563)
(-447039.225629359,15801.5003732609,111599.275725801)
(-1.96295782132449e-05,1.1187914489861e-05,-1.31315522411172e-05)
(-627052.864195347,543.196284988758,-773608.513253561)
(-536584.979982639,774538.058060092,-1012229.06655528)
(-289998.520515026,193713.442920592,-1085934.92255547)
(0,0,0)
(0,0,0)
(0,0,0)
(0,0,0)
(0,0,0)
(0,0,0)
(-710366.459400616,-80441.6534397747,4761.49822426945)
(-705626.750999267,-79869.7493198543,9330.37072337295)
(-691308.197269494,-77629.8151558621,14679.3877630467)
(-655150.898929022,-71122.7660999169,25030.2241748894)
(-570321.496577345,-56241.5569587004,49986.1037069012)
(-381185.328173523,-30009.3551532223,96199.6673094197)
(1.00840532996529e-05,1.11611764643731e-06,4.14085103426582e-06)
(-3.78553800568332e-05,5.73670479026108e-06,-2.03246284578922e-05)
(-978456.456535219,425.243904403794,-1593332.07265514)
(-363159.897245918,29571.7519355968,-1279943.66716862)
(0,0,0)
(0,0,0)
(0,0,0)
(0,0,0)
(0,0,0)
(0,0,0)
(-716765.534670192,-174182.300153936,5288.16936645154)
(-710804.934552146,-173488.834126859,11523.1400789078)
(-693765.141665946,-170808.936595168,21139.1839937536)
(-652776.91588859,-162728.553461028,39898.2109552122)
(-560447.344842996,-141729.532100748,76319.0595701251)
(-364480.23540396,-93101.6120538726,126484.281037123)
(1.40317472109474e-06,5.10647687415784e-07,1.76012498788661e-12)
(-2.72322217844815e-05,6.98371884526256e-06,-1.30655659580238e-05)
(-927170.034058812,247.944137133971,-1564491.53080577)
(-366138.365693211,-59433.1181002397,-1309708.74713983)
(0,0,0)
(0,0,0)
(0,0,0)
(0,0,0)
(0,0,0)
(0,0,0)
(-702167.535484012,-317914.763341512,5964.86059932105)
(-696248.988298479,-317612.098570501,14199.3551366828)
(-679906.724589105,-315813.075152457,29232.8755401979)
(-641869.164349057,-308820.061659363,60903.8373490284)
(-557565.393302826,-285625.205404836,125010.700199157)
(-374463.172536274,-211490.900854351,219748.822529908)
(-2.50342823896951e-06,-1.17726909253548e-06,-1.9576152145359e-12)
(-3.71524660024184e-05,-5.08236552991125e-06,-1.88210301358881e-05)
(-1016653.20323613,-927189.547640096,-1624514.96392554)
(-365425.918109219,-281021.172097026,-1250550.40102834)
(0,0,0)
(0,0,0)
(0,0,0)
(0,0,0)
(0,0,0)
(0,0,0)
(-644336.147863388,-510135.757760435,6326.21130562407)
(-639617.467902406,-510994.042870128,16090.8028770823)
(-627241.529678179,-512451.538960337,36266.1445787721)
(-600410.589008446,-513461.296410714,84133.4274937227)
(-545563.744783515,-507534.214994715,199226.982941888)
(-423867.21700763,-447896.513305067,431334.800268766)
(-5.09330513323049e-05,-2.43185977113461e-05,-9.33035097401415e-06)
(-748446.382395807,-936392.487904511,-927595.763206525)
(-536094.736500663,-634639.103903498,-978644.187092307)
(-271248.440050352,-290836.62437147,-969757.948372304)
(0,0,0)
(0,0,0)
(0,0,0)
(0,0,0)
(0,0,0)
(0,0,0)
(-515357.210093638,-720405.083337471,5588.69683157346)
(-512401.840273535,-722803.190044035,14745.688898533)
(-505365.972656636,-729118.90038632,35260.9810861843)
(-493395.414885297,-745014.571234651,90082.9080976495)
(-485127.408388364,-791483.367742989,258951.416342763)
(-550875.801917582,-957576.421661952,879432.52144194)
(-1139825.09293687,-1693110.36544997,-936722.843531353)
(-559263.733336288,-989594.526461531,-626062.20168246)
(-371306.909232768,-639699.300483783,-635048.636743541)
(-201133.85866157,-322449.401785236,-679093.04217156)
(0,0,0)
(0,0,0)
(0,0,0)
(0,0,0)
(0,0,0)
(0,0,0)
(-295068.883301651,-873369.633624234,3233.58231233167)
(-293703.087945068,-876616.472501809,8450.60699910152)
(-290643.007775,-885070.69657124,19337.2146671329)
(-286028.123744026,-904409.030661731,43619.8942402291)
(-284056.596042831,-948033.085395565,92855.2195505246)
(-303039.313045683,-1040845.64598915,143893.611608092)
(-380133.993465019,-1184707.0583459,-233337.87152278)
(-279304.617214322,-951262.310504175,-276278.653737835)
(-202847.325176318,-674881.032522286,-317913.253882545)
(-113456.019467714,-356884.997398717,-356764.360401041)
(0,0,0)
(0,0,0)
(0,0,0)
(0,0,0)
(0,0,0)
(0,0,0)
(0,0,0)
(0,0,0)
(0,0,0)
(0,0,0)
(0,0,0)
(0,0,0)
(0,0,0)
(0,0,0)
(0,0,0)
(0,0,0)
(0,0,0)
(0,0,0)
(0,0,0)
(0,0,0)
(0,0,0)
(0,0,0)
(0,0,0)
(0,0,0)
(0,0,0)
(0,0,0)
(0,0,0)
(0,0,0)
(0,0,0)
(0,0,0)
(0,0,0)
(0,0,0)
(0,0,0)
(0,0,0)
(0,0,0)
(0,0,0)
(0,0,0)
(0,0,0)
(0,0,0)
(0,0,0)
(0,0,0)
(0,0,0)
(0,0,0)
(0,0,0)
(0,0,0)
(0,0,0)
(0,0,0)
(0,0,0)
(0,0,0)
(0,0,0)
(0,0,0)
(0,0,0)
(0,0,0)
(0,0,0)
(0,0,0)
(0,0,0)
(0,0,0)
(0,0,0)
(0,0,0)
(0,0,0)
(0,0,0)
(0,0,0)
(0,0,0)
(0,0,0)
(0,0,0)
(0,0,0)
(0,0,0)
(0,0,0)
(0,0,0)
(0,0,0)
(0,0,0)
(0,0,0)
(0,0,0)
(0,0,0)
(0,0,0)
(0,0,0)
(0,0,0)
(0,0,0)
(0,0,0)
(0,0,0)
(0,0,0)
(0,0,0)
(0,0,0)
(0,0,0)
(0,0,0)
(0,0,0)
(0,0,0)
(0,0,0)
(0,0,0)
(0,0,0)
(0,0,0)
(0,0,0)
(0,0,0)
(0,0,0)
(0,0,0)
(0,0,0)
(0,0,0)
(0,0,0)
(0,0,0)
(0,0,0)
(0,0,0)
(0,0,0)
(-671688.069113272,1167.50012662738,1833.41321919247)
(-672665.817054533,2135.30290381279,1009.397529945)
(-673633.997889311,4885.4630877965,-6004.17535585663)
(-672386.417151787,11307.881486075,-24710.2212055473)
(-665349.917269476,24784.9925319536,-64158.9852302905)
(-647000.598965885,49043.5303598643,-137827.220313812)
(-607836.398154663,79143.5298389042,-256919.559279354)
(-531562.84058391,74032.6835410786,-395725.994542518)
(-404035.839014375,52063.0567838811,-525377.256762465)
(-221224.467186633,25585.2125731993,-607686.245326689)
(0,0,0)
(0,0,0)
(0,0,0)
(0,0,0)
(0,0,0)
(0,0,0)
(-673677.078962324,-1763.16363742137,2799.05624901658)
(-674379.270982093,118.159587547494,3746.2476732354)
(-674806.612807673,5637.50638630888,420.230887949278)
(-672916.330223791,19332.5343895068,-11212.8379556872)
(-665885.790495334,51297.0508323057,-39898.8533186778)
(-650476.774019046,121008.853182938,-107711.759204162)
(-620264.05966678,243605.194745813,-262021.524350237)
(-545321.609523035,200415.218043425,-417725.926283538)
(-414631.14618748,129270.221349071,-551886.566609175)
(-226553.538986426,59702.9566247972,-633392.597059426)
(0,0,0)
(0,0,0)
(0,0,0)
(0,0,0)
(0,0,0)
(0,0,0)
(-676576.798641237,-13564.5795685558,4710.2585062239)
(-676771.052784299,-11059.3552841474,9275.88700286933)
(-676197.043601526,-3573.31764224455,14133.1322257834)
(-673107.540464998,16074.3353126479,20809.4313795042)
(-666744.095198788,67955.2352584884,29842.4273634653)
(-663335.23371363,218960.948934103,14924.5483117858)
(-683312.934212584,762438.463795397,-305146.395777713)
(-597790.343649309,440636.624141511,-488820.045671647)
(-449705.335435271,246462.468738564,-621470.644608701)
(-242396.725201788,102443.616914292,-693257.5729486)
(0,0,0)
(0,0,0)
(0,0,0)
(0,0,0)
(0,0,0)
(0,0,0)
(-677906.984934711,-39838.1947798903,7240.48937594174)
(-677477.721022039,-37407.2977057983,16776.2728188764)
(-675537.197109813,-30373.9716763776,33788.094345258)
(-670282.541692202,-13264.5473686932,72756.3277131966)
(-663257.957461561,23781.6792442096,180896.071128825)
(-687513.483555776,81915.5472930078,558415.730696332)
(-1013305.92065504,883.871761886601,-626963.886797287)
(-758204.077485483,627878.191317093,-683054.240682733)
(-540414.017022634,332830.607073344,-765593.341977532)
(-277872.573928972,120647.984795489,-795923.656444768)
(0,0,0)
(0,0,0)
(0,0,0)
(0,0,0)
(0,0,0)
(0,0,0)
(-673205.715613785,-86646.8214564946,9647.88288977722)
(-672230.551816078,-84935.9995195013,23780.3855202845)
(-668746.256972187,-80048.0376054839,50892.5111520774)
(-658656.349076378,-68751.6940965466,109885.10802728)
(-629512.48292561,-46336.3369756591,239194.110595424)
(-524440.013432288,-13211.0812623656,477575.424409558)
(-2.72841912271333e-05,1.63344449008135e-05,2.30775033328386e-05)
(-1002854.53107591,542.777780825351,-978278.010134805)
(-697843.787795101,51922.8172048816,-977982.889006458)
(-330347.096235484,26669.6000175243,-916817.305238921)
(0,0,0)
(0,0,0)
(0,0,0)
(0,0,0)
(0,0,0)
(0,0,0)
(-655330.389099215,-159451.527491539,11369.5604640656)
(-654194.706193272,-158846.622567921,28669.9551536109)
(-650433.306777037,-156911.33064551,62201.4133047285)
(-639823.453173067,-151818.10491749,132314.36141015)
(-608093.44694948,-138840.176635808,272464.30317678)
(-493406.888844823,-103034.706748912,491214.582104189)
(-2.02929154132747e-05,2.39982321529913e-05,1.6665279355341e-05)
(-943525.766872219,442.681281093355,-927190.915643317)
(-709890.70885875,-89058.0042038802,-1003489.4194346)
(-340654.865382382,-58653.7275986405,-943649.592129268)
(0,0,0)
(0,0,0)
(0,0,0)
(0,0,0)
(0,0,0)
(0,0,0)
(-613574.17465093,-260046.26199425,12001.3736696235)
(-612794.190555467,-260952.682388577,30652.6357472647)
(-610425.893078818,-263102.647080768,67363.1206722362)
(-604331.822592262,-267316.20359594,145323.877593885)
(-585840.295726807,-273588.699531418,308347.30291347)
(-502834.744170915,-260870.771919408,594554.939718614)
(-2.65922288158432e-05,2.96896291651724e-05,2.14593294570948e-05)
(-1040030.51905216,-748392.01798086,-1016967.83049682)
(-702742.134394433,-446562.946322078,-973373.957220317)
(-325440.392360485,-186819.006801097,-885194.203766596)
(0,0,0)
(0,0,0)
(0,0,0)
(0,0,0)
(0,0,0)
(0,0,0)
(-534385.125827911,-381143.852820398,11146.5687906676)
(-534275.682554454,-383755.282816767,28607.3838709049)
(-534420.757202801,-390532.79817037,63216.7624851254)
(-537153.651996554,-406439.490191219,139083.112068512)
(-554067.142327452,-447104.84067452,321102.650755557)
(-644145.3828222,-574949.152731377,855459.197382104)
(-1164123.11954229,-1139835.6345347,-748604.317634368)
(-782845.948724958,-747230.176790724,-715366.592495352)
(-514331.442756618,-469837.131043318,-713855.701518146)
(-252629.212759793,-220717.626067461,-698576.309542347)
(0,0,0)
(0,0,0)
(0,0,0)
(0,0,0)
(0,0,0)
(0,0,0)
(-404950.074169385,-500154.454659997,8603.46591534731)
(-405301.383644195,-504147.286239346,21895.0127085837)
(-406877.03048568,-514443.173267512,47316.4456347749)
(-413198.650051128,-537745.200902571,98425.3915119632)
(-436590.03078849,-590516.868558823,193300.041796389)
(-513285.631871799,-709826.497092179,290587.216111414)
(-699418.087129243,-933496.847852627,-356158.576378276)
(-514828.684697786,-709668.148992547,-438155.652814965)
(-343158.892226628,-471220.943534782,-464919.857329636)
(-173995.512311466,-234751.635445865,-478024.194301324)
(0,0,0)
(0,0,0)
(0,0,0)
(0,0,0)
(0,0,0)
(0,0,0)
(-221460.760732223,-578371.860416898,4609.28318747254)
(-221776.44973183,-583009.107833402,11544.4665682893)
(-222978.60998223,-594532.460185236,23969.3556932364)
(-226945.326715904,-618493.506989242,45634.8647517869)
(-238793.171735929,-664098.678721532,73953.2506076043)
(-267827.668288857,-737954.986086571,66870.0948451744)
(-309545.409662254,-804733.927371366,-132481.409438861)
(-249550.000712299,-672041.812981634,-199862.361951794)
(-173359.262586243,-472011.21080944,-228560.157267212)
(-90010.7079674166,-243400.094556315,-243357.009657065)
(0,0,0)
(0,0,0)
(0,0,0)
(0,0,0)
(0,0,0)
(0,0,0)
(0,0,0)
(0,0,0)
(0,0,0)
(0,0,0)
(0,0,0)
(0,0,0)
(0,0,0)
(0,0,0)
(0,0,0)
(0,0,0)
(0,0,0)
(0,0,0)
(0,0,0)
(0,0,0)
(0,0,0)
(0,0,0)
(0,0,0)
(0,0,0)
(0,0,0)
(0,0,0)
(0,0,0)
(0,0,0)
(0,0,0)
(0,0,0)
(0,0,0)
(0,0,0)
(0,0,0)
(0,0,0)
(0,0,0)
(0,0,0)
(0,0,0)
(0,0,0)
(0,0,0)
(0,0,0)
(0,0,0)
(0,0,0)
(0,0,0)
(0,0,0)
(0,0,0)
(0,0,0)
(0,0,0)
(0,0,0)
(0,0,0)
(0,0,0)
(0,0,0)
(0,0,0)
(0,0,0)
(0,0,0)
(0,0,0)
(0,0,0)
(0,0,0)
(0,0,0)
(0,0,0)
(0,0,0)
(0,0,0)
(0,0,0)
(0,0,0)
(0,0,0)
(0,0,0)
(0,0,0)
(0,0,0)
(0,0,0)
(0,0,0)
(0,0,0)
(0,0,0)
(0,0,0)
(0,0,0)
(0,0,0)
(0,0,0)
(0,0,0)
(0,0,0)
(0,0,0)
(0,0,0)
(0,0,0)
(0,0,0)
(0,0,0)
(0,0,0)
(0,0,0)
(0,0,0)
(0,0,0)
(0,0,0)
(0,0,0)
(0,0,0)
(0,0,0)
(0,0,0)
(0,0,0)
(0,0,0)
(0,0,0)
(0,0,0)
(0,0,0)
(0,0,0)
(0,0,0)
(0,0,0)
(0,0,0)
(0,0,0)
(0,0,0)
(-671876.602944211,-708.166799563225,896.700630496131)
(-672397.855201698,527.280341916349,101.458435744185)
(-672548.003570706,3791.0101037994,-4775.54598665148)
(-670235.211326381,10834.6971308211,-17761.4489428864)
(-661595.245006338,24285.7776813126,-45801.8988873377)
(-639707.205762194,45551.8379784128,-98647.1300694324)
(-592483.066610361,66682.5208583665,-180682.982472101)
(-504286.154286,60231.7787412043,-268191.447511211)
(-370994.048090754,41405.2331799418,-342638.471614775)
(-197638.87566996,20252.9567782121,-386477.019909661)
(0,0,0)
(0,0,0)
(0,0,0)
(0,0,0)
(0,0,0)
(0,0,0)
(-672049.419905008,-4454.49095228194,2118.66509540234)
(-672986.302430057,-2101.65005475089,3354.62694002973)
(-674301.434163962,4378.94896057837,2261.50943953942)
(-674739.35791153,19232.9896285729,-4313.75537047138)
(-671856.318497382,50511.5843646326,-24569.034051746)
(-660133.590253687,108180.731625283,-77541.111463981)
(-624551.294667918,180555.973348459,-187127.32895293)
(-533094.592679211,147933.778672677,-287056.345728235)
(-390640.874264284,94186.0436263175,-363827.4280978)
(-207201.652255007,43874.094398379,-406800.452449392)
(0,0,0)
(0,0,0)
(0,0,0)
(0,0,0)
(0,0,0)
(0,0,0)
(-670877.042785252,-14676.5333400482,4522.2865317816)
(-672636.052683039,-11591.3917853854,9877.02816115766)
(-676344.252253392,-2765.22432369872,17168.4100972997)
(-682750.459145762,19015.3200367054,27028.9983699269)
(-693874.565996366,71566.3620342828,33104.6914978531)
(-711825.002844061,194914.351765322,-5139.1595117521)
(-720755.831368917,432536.99702017,-219677.286027133)
(-609053.749091431,280297.21023266,-340777.312145005)
(-437942.059709397,155828.570978791,-414183.115223354)
(-228907.274349342,67014.9190690596,-450813.390746475)
(0,0,0)
(0,0,0)
(0,0,0)
(0,0,0)
(0,0,0)
(0,0,0)
(-665252.917397543,-35005.034300772,7674.43342355631)
(-668089.655784715,-32038.7295734186,18733.7059742596)
(-675074.390600776,-23489.442880459,38995.1180219807)
(-690377.544889855,-1565.74724076052,79671.1884971086)
(-726172.209677364,57659.4372917953,156492.365455398)
(-813879.649024236,245263.930239617,232508.952449575)
(-990906.913721096,1014545.71618833,-371898.773652533)
(-768015.306574478,383487.068946652,-465277.40327752)
(-522367.308103513,175567.691095373,-503063.232313232)
(-264197.266238193,68268.0501970162,-517991.67113197)
(0,0,0)
(0,0,0)
(0,0,0)
(0,0,0)
(0,0,0)
(0,0,0)
(-650192.361299701,-68669.2503832323,10650.8617683724)
(-654089.345697843,-66810.1422968712,27281.0683735923)
(-664228.657226269,-61685.5798870126,60959.6056342322)
(-688395.472660804,-49872.6587408299,139005.640718726)
(-752297.998934839,-24772.698366939,344223.292386692)
(-955020.605903002,18189.1111270754,1001878.70396994)
(-1762275.36770965,969.33361882316,-1002968.16555735)
(-1009405.43150859,60357.372906219,-673287.569084232)
(-625175.868821667,40109.2943013698,-610497.091263661)
(-302568.20095915,16452.2633174125,-586460.199660401)
(0,0,0)
(0,0,0)
(0,0,0)
(0,0,0)
(0,0,0)
(0,0,0)
(-618927.914660166,-117603.929171851,12532.2043495736)
(-623551.797354159,-117349.066634775,32428.2198483628)
(-635699.274249494,-116808.61715792,72817.2245917277)
(-664759.4802163,-116244.707265107,164125.300159238)
(-739558.605719145,-116448.433983142,387266.194545103)
(-960609.502748972,-112112.883971417,984770.803547754)
(-1726821.73575973,881.517544851373,-943707.013662619)
(-1037594.54818865,-95624.2584465498,-693656.600993393)
(-647424.131223806,-81690.9554292609,-634322.928897732)
(-312097.140324086,-43353.0447078406,-603075.345930771)
(0,0,0)
(0,0,0)
(0,0,0)
(0,0,0)
(0,0,0)
(0,0,0)
(-563205.528547225,-180767.327654983,12794.7523794306)
(-568035.086913519,-182322.255088327,33008.8371910355)
(-580771.474070696,-186935.068149647,73480.8691746377)
(-611073.541963568,-199980.462578411,163958.343859254)
(-688234.248843705,-241680.756465373,391584.61945838)
(-919138.098080296,-402016.698583505,1097791.78797986)
(-1796882.90444839,-1164141.42333729,-1040399.53777405)
(-1005119.98757481,-491062.384648404,-679871.943049548)
(-610115.791785655,-258033.150618936,-596156.090468662)
(-291162.244953366,-113948.31819784,-559838.964385774)
(0,0,0)
(0,0,0)
(0,0,0)
(0,0,0)
(0,0,0)
(0,0,0)
(-474768.886653524,-251639.721276346,11256.1544469745)
(-479141.033904653,-254672.018451105,28471.2691599496)
(-490567.730351778,-262837.159044083,60520.3332033625)
(-516526.117799762,-282354.538761109,122266.875189268)
(-575160.788293278,-329503.943908283,231183.708598007)
(-706637.19373173,-443978.216567654,335637.037491683)
(-950093.565683164,-675082.632504742,-367451.307199986)
(-715226.088738412,-479162.200334344,-446971.351500601)
(-468510.996071164,-298614.919681871,-452210.029123127)
(-230743.990076349,-142049.096051844,-445994.473952559)
(0,0,0)
(0,0,0)
(0,0,0)
(0,0,0)
(0,0,0)
(0,0,0)
(-348190.240680973,-316638.32431897,8238.76955421553)
(-351490.937903659,-320579.612742662,20335.9181052357)
(-359939.013817043,-330477.935850579,41038.6782430948)
(-378169.925376977,-351450.442350256,75105.8571580886)
(-414990.553563755,-392677.187268744,116679.623293811)
(-480791.991423088,-464307.795398888,104515.561676328)
(-554776.145861766,-543592.245905385,-171616.766190519)
(-454657.334838212,-444397.139318572,-266553.177065859)
(-311096.31133238,-301442.071799093,-295788.605842877)
(-157010.734531814,-150770.547643166,-304051.932031209)
(0,0,0)
(0,0,0)
(0,0,0)
(0,0,0)
(0,0,0)
(0,0,0)
(-185519.678861864,-356865.261394977,4285.85520564721)
(-187270.409050667,-361164.860302795,10365.0620846165)
(-191662.612142287,-371473.84713435,20044.9755284456)
(-200716.032399035,-391478.849267521,33844.0881288372)
(-217357.370045287,-425241.494506837,44972.5936762857)
(-242281.774464288,-470074.836709449,25193.7411622721)
(-260256.797642083,-495181.623561812,-72505.4932014686)
(-220201.4785648,-422526.998135914,-123724.156531627)
(-154632.359548424,-298661.261844891,-145231.869523648)
(-79279.2841475891,-153373.802753632,-153360.038233007)
(0,0,0)
(0,0,0)
(0,0,0)
(0,0,0)
(0,0,0)
(0,0,0)
(0,0,0)
(0,0,0)
(0,0,0)
(0,0,0)
(0,0,0)
(0,0,0)
(0,0,0)
(0,0,0)
(0,0,0)
(0,0,0)
(0,0,0)
(0,0,0)
(0,0,0)
(0,0,0)
(0,0,0)
(0,0,0)
(0,0,0)
(0,0,0)
(0,0,0)
(0,0,0)
(0,0,0)
(0,0,0)
(0,0,0)
(0,0,0)
(0,0,0)
(0,0,0)
(0,0,0)
(0,0,0)
(0,0,0)
(0,0,0)
(0,0,0)
(0,0,0)
(0,0,0)
(0,0,0)
(0,0,0)
(0,0,0)
(0,0,0)
(0,0,0)
(0,0,0)
(0,0,0)
(0,0,0)
(0,0,0)
(0,0,0)
(0,0,0)
(0,0,0)
(0,0,0)
(0,0,0)
(0,0,0)
(0,0,0)
(0,0,0)
(0,0,0)
(0,0,0)
(0,0,0)
(0,0,0)
(0,0,0)
(0,0,0)
(0,0,0)
(0,0,0)
(0,0,0)
(0,0,0)
(0,0,0)
(0,0,0)
(0,0,0)
(0,0,0)
(0,0,0)
(0,0,0)
(0,0,0)
(0,0,0)
(0,0,0)
(0,0,0)
(0,0,0)
(0,0,0)
(0,0,0)
(0,0,0)
(0,0,0)
(0,0,0)
(0,0,0)
(0,0,0)
(0,0,0)
(0,0,0)
(0,0,0)
(0,0,0)
(0,0,0)
(0,0,0)
(0,0,0)
(0,0,0)
(0,0,0)
(0,0,0)
(0,0,0)
(0,0,0)
(0,0,0)
(0,0,0)
(0,0,0)
(0,0,0)
(0,0,0)
(0,0,0)
(-671572.446595957,-765.761042122196,461.604693867713)
(-672051.699631529,38.3847346440651,77.0643890629611)
(-672183.377610168,2106.39102903859,-2393.95260051582)
(-669912.727630907,6393.01203651309,-9109.44833250217)
(-660931.092105611,14070.5541915478,-23844.155424772)
(-637257.607428155,25124.3819545143,-51418.1357133299)
(-585940.274609794,34601.0613092021,-92561.9890231046)
(-493344.954037122,31413.8463146211,-134917.035586608)
(-358300.384308409,21731.8411142045,-169342.540483152)
(-188850.602349604,10701.2189682114,-188832.032771725)
(0,0,0)
(0,0,0)
(0,0,0)
(0,0,0)
(0,0,0)
(0,0,0)
(-670922.390918862,-3136.18575887684,1243.3957306121)
(-672217.653876197,-1613.7145251074,2126.84643650398)
(-674415.386688932,2467.50977375797,1879.680216755)
(-676385.291208936,11358.4408878224,-1439.81533715129)
(-675040.122592254,28632.2970613323,-12817.7541120661)
(-662397.627010384,56543.9442347528,-41973.2796356032)
(-620546.160998281,84365.1427632662,-95742.4947593007)
(-524785.536278424,71994.5900187296,-144632.294864197)
(-380046.596130492,46921.6147076996,-180416.346591481)
(-199554.292543691,22216.5257556059,-199579.013090186)
(0,0,0)
(0,0,0)
(0,0,0)
(0,0,0)
(0,0,0)
(0,0,0)
(-667924.18843794,-8895.40888346447,2806.36877727457)
(-670776.091718544,-6905.2570511796,6237.95033885622)
(-677071.703170837,-1379.22361316355,10812.1346432237)
(-687935.01361433,11473.0789937318,15882.0510058857)
(-703846.1744627,39378.2231165878,15107.7334169702)
(-719004.542217853,92955.1469202982,-14123.9298947851)
(-704912.840796857,162455.709100841,-108057.486804419)
(-596811.781325662,121407.006993972,-169711.871545425)
(-427021.007166654,71472.9049097235,-205184.2142902)
(-221796.36593165,31782.9694059006,-221861.566358186)
(0,0,0)
(0,0,0)
(0,0,0)
(0,0,0)
(0,0,0)
(0,0,0)
(-659163.229845643,-19832.7146060517,4847.61817068798)
(-664017.773050981,-17915.802060217,11786.2804459927)
(-675817.153224211,-12557.3149513379,23707.1344076057)
(-699516.519132279,476.472897741409,43842.7147460162)
(-743321.855386279,31663.3658370497,68707.2177344675)
(-811997.816665513,104372.908986012,55407.6233100277)
(-867392.854835793,243431.733680545,-149082.460154967)
(-718288.894027955,142283.290510447,-219685.156217961)
(-498551.111914563,72898.5228117867,-244926.970308985)
(-253623.796266819,29991.5121011381,-253708.982975595)
(0,0,0)
(0,0,0)
(0,0,0)
(0,0,0)
(0,0,0)
(0,0,0)
(-639470.16547344,-37311.6533876668,6756.74295535774)
(-646244.07318037,-36149.8774002757,17145.5457779431)
(-663371.304005142,-33053.8076262318,36784.6852317159)
(-700101.578258755,-26133.5803345454,75100.8440619526)
(-775124.713858513,-11882.025903079,141472.950725751)
(-916540.80039805,12862.354780062,194503.699426752)
(-1110958.41923805,36836.1475156071,-250217.662879929)
(-860690.829201797,32464.0527812198,-289113.027457465)
(-571538.062663318,18050.5176383543,-287902.828442379)
(-283695.474141972,7025.18724502561,-283809.230403437)
(0,0,0)
(0,0,0)
(0,0,0)
(0,0,0)
(0,0,0)
(0,0,0)
(-602375.757970515,-61788.4029264636,7924.59284914519)
(-610306.622305114,-61727.7008686198,20257.2412684435)
(-630482.390306014,-61756.0981646351,43742.6478633624)
(-674118.966734066,-62398.9201972237,89367.4742438066)
(-763393.153183502,-64938.2045032976,166258.200308385)
(-929614.768203822,-70394.6698699408,218520.490413233)
(-1148057.81950105,-68795.6027230694,-254611.675606769)
(-893346.81920594,-62842.6718816496,-303552.67992661)
(-589736.974165938,-44189.714364062,-298999.604982067)
(-290813.484158463,-22330.0438571001,-290928.030045571)
(0,0,0)
(0,0,0)
(0,0,0)
(0,0,0)
(0,0,0)
(0,0,0)
(-540821.443674824,-92142.4269950833,7969.93919621586)
(-548770.582215011,-93252.626477835,20230.3601069262)
(-568918.274238051,-96524.6959732411,43145.7580828881)
(-611965.239885747,-105201.565696611,86840.1015044541)
(-698719.247669566,-128397.844516673,160784.740343689)
(-859526.453758255,-189330.232384005,220108.658535704)
(-1079634.96924764,-317162.610412643,-248772.268975445)
(-830802.094025402,-200963.447488751,-284969.386917753)
(-545749.286633061,-116303.608560167,-277221.997874239)
(-268573.718555455,-53482.2596051323,-268658.308524121)
(0,0,0)
(0,0,0)
(0,0,0)
(0,0,0)
(0,0,0)
(0,0,0)
(-448913.376143472,-124864.544792708,6866.60728757332)
(-455716.780083507,-126809.244235938,16998.9712245337)
(-472631.769574858,-131979.632083894,34517.9465582703)
(-507080.596369279,-143758.38486427,63629.2442954467)
(-570637.644821012,-169081.682347886,99789.9386543987)
(-670479.056641567,-217930.455204438,92232.0243846688)
(-762750.490093576,-279589.474666247,-132684.186951308)
(-630063.725630569,-218434.140180747,-200375.857367139)
(-429619.40115867,-141106.027239183,-214465.033600631)
(-215181.112342784,-68289.9587646825,-215220.212174641)
(0,0,0)
(0,0,0)
(0,0,0)
(0,0,0)
(0,0,0)
(0,0,0)
(-324222.386059828,-153758.412623699,4926.01320984159)
(-329085.15091762,-156138.206488661,11849.188476527)
(-340864.61515537,-161984.165968897,22779.3236998562)
(-363648.518538552,-173776.835217565,38276.3672147239)
(-401885.80559772,-194810.825965009,50900.7628658139)
(-452785.506837918,-225586.666251553,30550.4893277595)
(-483346.227395832,-248892.658243572,-71576.2455608492)
(-411770.771600912,-209812.448406248,-123084.500572651)
(-288658.1654779,-144916.132656278,-141712.541010038)
(-146975.91952791,-73033.3625108966,-147003.952267728)
(0,0,0)
(0,0,0)
(0,0,0)
(0,0,0)
(0,0,0)
(0,0,0)
(-170713.880898224,-171097.99152478,2533.78093744244)
(-173218.646865239,-173621.922629472,5965.73489282627)
(-179144.237001002,-179543.612619865,11006.8064025057)
(-190174.555482831,-190529.515891617,17218.0101603545)
(-207358.317544254,-207661.066762972,20069.1984572852)
(-227403.465708192,-227620.853128238,7225.07657787817)
(-234614.729566708,-234798.176738683,-32511.4730023839)
(-202083.515803559,-202234.930596513,-58206.9535733613)
(-143889.220547497,-143987.594732606,-69878.6304979599)
(-74039.6868150017,-74093.7266329686,-74057.8637084765)
(0,0,0)
(0,0,0)
(0,0,0)
(0,0,0)
(0,0,0)
(0,0,0)
(0,0,0)
(0,0,0)
(0,0,0)
(0,0,0)
(0,0,0)
(0,0,0)
(0,0,0)
(0,0,0)
(0,0,0)
(0,0,0)
(0,0,0)
(0,0,0)
(0,0,0)
(0,0,0)
(0,0,0)
(0,0,0)
(0,0,0)
(0,0,0)
(0,0,0)
(0,0,0)
(0,0,0)
(0,0,0)
(0,0,0)
(0,0,0)
(0,0,0)
(0,0,0)
(0,0,0)
(0,0,0)
(0,0,0)
(0,0,0)
(0,0,0)
(0,0,0)
(0,0,0)
(0,0,0)
(0,0,0)
(0,0,0)
(0,0,0)
(0,0,0)
(0,0,0)
(0,0,0)
(0,0,0)
(0,0,0)
(0,0,0)
(0,0,0)
(0,0,0)
(0,0,0)
(0,0,0)
(0,0,0)
(0,0,0)
(0,0,0)
(0,0,0)
(0,0,0)
(0,0,0)
(0,0,0)
(0,0,0)
(0,0,0)
(0,0,0)
(0,0,0)
(0,0,0)
(0,0,0)
(0,0,0)
(0,0,0)
(0,0,0)
(0,0,0)
(0,0,0)
(0,0,0)
(0,0,0)
(0,0,0)
(0,0,0)
(0,0,0)
(0,0,0)
(0,0,0)
(0,0,0)
(0,0,0)
(0,0,0)
(0,0,0)
(0,0,0)
(0,0,0)
(0,0,0)
(0,0,0)
(0,0,0)
(0,0,0)
(0,0,0)
(0,0,0)
(0,0,0)
(0,0,0)
(0,0,0)
(0,0,0)
(0,0,0)
(0,0,0)
(0,0,0)
(0,0,0)
(0,0,0)
(0,0,0)
(0,0,0)
(0,0,0)
(0,0,0)
(0,0,0)
(0,0,0)
(0,0,0)
(0,0,0)
(0,0,0)
(0,0,0)
(0,0,0)
(0,0,0)
(0,0,0)
(0,0,0)
(0,0,0)
(0,0,0)
(0,0,0)
(0,0,0)
(0,0,0)
(0,0,0)
(0,0,0)
(0,0,0)
(0,0,0)
(0,0,0)
(0,0,0)
(0,0,0)
(0,0,0)
(0,0,0)
(0,0,0)
(0,0,0)
(0,0,0)
(0,0,0)
(0,0,0)
(0,0,0)
(0,0,0)
(0,0,0)
(0,0,0)
(0,0,0)
(0,0,0)
(0,0,0)
(0,0,0)
(0,0,0)
(0,0,0)
(0,0,0)
(0,0,0)
(0,0,0)
(0,0,0)
(0,0,0)
(0,0,0)
(0,0,0)
(0,0,0)
(0,0,0)
(0,0,0)
(0,0,0)
(0,0,0)
(0,0,0)
(0,0,0)
(0,0,0)
(0,0,0)
(0,0,0)
(0,0,0)
(0,0,0)
(0,0,0)
(0,0,0)
(0,0,0)
(0,0,0)
(0,0,0)
(0,0,0)
(0,0,0)
(0,0,0)
(0,0,0)
(0,0,0)
(0,0,0)
(0,0,0)
(0,0,0)
(0,0,0)
(0,0,0)
(0,0,0)
(0,0,0)
(0,0,0)
(0,0,0)
(0,0,0)
(0,0,0)
(0,0,0)
(0,0,0)
(0,0,0)
(0,0,0)
(0,0,0)
(0,0,0)
(0,0,0)
(0,0,0)
(0,0,0)
(0,0,0)
(0,0,0)
(0,0,0)
(0,0,0)
(0,0,0)
(0,0,0)
(0,0,0)
(0,0,0)
(0,0,0)
(0,0,0)
(0,0,0)
(0,0,0)
(0,0,0)
(0,0,0)
(0,0,0)
(0,0,0)
(0,0,0)
(0,0,0)
(0,0,0)
(0,0,0)
(0,0,0)
(0,0,0)
(0,0,0)
(0,0,0)
(0,0,0)
(0,0,0)
(0,0,0)
(0,0,0)
(0,0,0)
(0,0,0)
(0,0,0)
(0,0,0)
(0,0,0)
(0,0,0)
(0,0,0)
(0,0,0)
(0,0,0)
(0,0,0)
(0,0,0)
(0,0,0)
(0,0,0)
(0,0,0)
(0,0,0)
(0,0,0)
(0,0,0)
(0,0,0)
(0,0,0)
(0,0,0)
(0,0,0)
(0,0,0)
(0,0,0)
(0,0,0)
(0,0,0)
(0,0,0)
(0,0,0)
(0,0,0)
(0,0,0)
(0,0,0)
(0,0,0)
(0,0,0)
(0,0,0)
(0,0,0)
(0,0,0)
(0,0,0)
(0,0,0)
(0,0,0)
(0,0,0)
(0,0,0)
(0,0,0)
(0,0,0)
(0,0,0)
(0,0,0)
(0,0,0)
(0,0,0)
(0,0,0)
(0,0,0)
(0,0,0)
(0,0,0)
(0,0,0)
(0,0,0)
(0,0,0)
(0,0,0)
(0,0,0)
(0,0,0)
(0,0,0)
(0,0,0)
(0,0,0)
(0,0,0)
(0,0,0)
(0,0,0)
(0,0,0)
(0,0,0)
(0,0,0)
(0,0,0)
(0,0,0)
(0,0,0)
(0,0,0)
(0,0,0)
(0,0,0)
(0,0,0)
(0,0,0)
(0,0,0)
(0,0,0)
(0,0,0)
(0,0,0)
(0,0,0)
(0,0,0)
(0,0,0)
(0,0,0)
(0,0,0)
(0,0,0)
(0,0,0)
(0,0,0)
(0,0,0)
(0,0,0)
(0,0,0)
(0,0,0)
(0,0,0)
(0,0,0)
(0,0,0)
(0,0,0)
(0,0,0)
(0,0,0)
(0,0,0)
(0,0,0)
(0,0,0)
(0,0,0)
(0,0,0)
(0,0,0)
(0,0,0)
(0,0,0)
(0,0,0)
(0,0,0)
(0,0,0)
(0,0,0)
(0,0,0)
(0,0,0)
(0,0,0)
(0,0,0)
(0,0,0)
(0,0,0)
(0,0,0)
(0,0,0)
(0,0,0)
(0,0,0)
(0,0,0)
(0,0,0)
(0,0,0)
(0,0,0)
(0,0,0)
(0,0,0)
(0,0,0)
(0,0,0)
(0,0,0)
(0,0,0)
(0,0,0)
(0,0,0)
(0,0,0)
(0,0,0)
(0,0,0)
(0,0,0)
(0,0,0)
(0,0,0)
(0,0,0)
(0,0,0)
(0,0,0)
(0,0,0)
(0,0,0)
(0,0,0)
(0,0,0)
(0,0,0)
(0,0,0)
(0,0,0)
(0,0,0)
(0,0,0)
(0,0,0)
(0,0,0)
(0,0,0)
(0,0,0)
(0,0,0)
(0,0,0)
(0,0,0)
(0,0,0)
(0,0,0)
(0,0,0)
(0,0,0)
(0,0,0)
(0,0,0)
(0,0,0)
(0,0,0)
(0,0,0)
(0,0,0)
(0,0,0)
(0,0,0)
(0,0,0)
(0,0,0)
(0,0,0)
(0,0,0)
(0,0,0)
(0,0,0)
(0,0,0)
(0,0,0)
(0,0,0)
(0,0,0)
(0,0,0)
(0,0,0)
(0,0,0)
(0,0,0)
(0,0,0)
(0,0,0)
(0,0,0)
(0,0,0)
(0,0,0)
(0,0,0)
(0,0,0)
(0,0,0)
(0,0,0)
(0,0,0)
(0,0,0)
(0,0,0)
(0,0,0)
(0,0,0)
(0,0,0)
(0,0,0)
(0,0,0)
(0,0,0)
(0,0,0)
(0,0,0)
(0,0,0)
(0,0,0)
(0,0,0)
(0,0,0)
(0,0,0)
(0,0,0)
(0,0,0)
(0,0,0)
(0,0,0)
(0,0,0)
(0,0,0)
(0,0,0)
(0,0,0)
(0,0,0)
(0,0,0)
(0,0,0)
(0,0,0)
(0,0,0)
(0,0,0)
(0,0,0)
(0,0,0)
(0,0,0)
(0,0,0)
(0,0,0)
(0,0,0)
(0,0,0)
(0,0,0)
(0,0,0)
(0,0,0)
(0,0,0)
(0,0,0)
(0,0,0)
(0,0,0)
(0,0,0)
(0,0,0)
(0,0,0)
(0,0,0)
(0,0,0)
(0,0,0)
(0,0,0)
(0,0,0)
(0,0,0)
(0,0,0)
(0,0,0)
(0,0,0)
(0,0,0)
(0,0,0)
(0,0,0)
(0,0,0)
(0,0,0)
(0,0,0)
(0,0,0)
(0,0,0)
(0,0,0)
(0,0,0)
(0,0,0)
(0,0,0)
(0,0,0)
(0,0,0)
(0,0,0)
(0,0,0)
(0,0,0)
(0,0,0)
(0,0,0)
(0,0,0)
(0,0,0)
(0,0,0)
(0,0,0)
(0,0,0)
(0,0,0)
(0,0,0)
(0,0,0)
(0,0,0)
(0,0,0)
(0,0,0)
(0,0,0)
(0,0,0)
(0,0,0)
(0,0,0)
(0,0,0)
(0,0,0)
(0,0,0)
(0,0,0)
(0,0,0)
(0,0,0)
(0,0,0)
(0,0,0)
(0,0,0)
(0,0,0)
(0,0,0)
(0,0,0)
(0,0,0)
(0,0,0)
(0,0,0)
(0,0,0)
(0,0,0)
(0,0,0)
(0,0,0)
(0,0,0)
(0,0,0)
(0,0,0)
(0,0,0)
(0,0,0)
(0,0,0)
(0,0,0)
(0,0,0)
(0,0,0)
(0,0,0)
(0,0,0)
(0,0,0)
(0,0,0)
(0,0,0)
(0,0,0)
(0,0,0)
(0,0,0)
(0,0,0)
(0,0,0)
(0,0,0)
(0,0,0)
(0,0,0)
(0,0,0)
(0,0,0)
(0,0,0)
(0,0,0)
(0,0,0)
(0,0,0)
(0,0,0)
(0,0,0)
(0,0,0)
(0,0,0)
(0,0,0)
(0,0,0)
(0,0,0)
(0,0,0)
(0,0,0)
(0,0,0)
(0,0,0)
(0,0,0)
(0,0,0)
(0,0,0)
(0,0,0)
(0,0,0)
(0,0,0)
(0,0,0)
(0,0,0)
(0,0,0)
(0,0,0)
(0,0,0)
(0,0,0)
(0,0,0)
(0,0,0)
(0,0,0)
(0,0,0)
(0,0,0)
(0,0,0)
(0,0,0)
(0,0,0)
(0,0,0)
(0,0,0)
(0,0,0)
(0,0,0)
(0,0,0)
(0,0,0)
(0,0,0)
(0,0,0)
(0,0,0)
(0,0,0)
(0,0,0)
(0,0,0)
(0,0,0)
(0,0,0)
(0,0,0)
(0,0,0)
(0,0,0)
(0,0,0)
(0,0,0)
(0,0,0)
(0,0,0)
(0,0,0)
(0,0,0)
(0,0,0)
(0,0,0)
(0,0,0)
(0,0,0)
(0,0,0)
(0,0,0)
(0,0,0)
(0,0,0)
(0,0,0)
(0,0,0)
(0,0,0)
(0,0,0)
(0,0,0)
(0,0,0)
(0,0,0)
(0,0,0)
(0,0,0)
(0,0,0)
(0,0,0)
(0,0,0)
(0,0,0)
(0,0,0)
(0,0,0)
(0,0,0)
(0,0,0)
(0,0,0)
(0,0,0)
(0,0,0)
(0,0,0)
(0,0,0)
(0,0,0)
(0,0,0)
(0,0,0)
(0,0,0)
(0,0,0)
(0,0,0)
(0,0,0)
(0,0,0)
(0,0,0)
(0,0,0)
(0,0,0)
(0,0,0)
(0,0,0)
(0,0,0)
(0,0,0)
(0,0,0)
(0,0,0)
(0,0,0)
(0,0,0)
(0,0,0)
(0,0,0)
(0,0,0)
(0,0,0)
(0,0,0)
(0,0,0)
(0,0,0)
(0,0,0)
(0,0,0)
(0,0,0)
(0,0,0)
(0,0,0)
(0,0,0)
(0,0,0)
(0,0,0)
(0,0,0)
(0,0,0)
(0,0,0)
(0,0,0)
(0,0,0)
(0,0,0)
(0,0,0)
(0,0,0)
(0,0,0)
(0,0,0)
(0,0,0)
(0,0,0)
(0,0,0)
(0,0,0)
(0,0,0)
(0,0,0)
(0,0,0)
(0,0,0)
(0,0,0)
(0,0,0)
(0,0,0)
(0,0,0)
(0,0,0)
(0,0,0)
(0,0,0)
(0,0,0)
(0,0,0)
(0,0,0)
(0,0,0)
(0,0,0)
(0,0,0)
(0,0,0)
(0,0,0)
(0,0,0)
(0,0,0)
(0,0,0)
(0,0,0)
(0,0,0)
(0,0,0)
(0,0,0)
(0,0,0)
(0,0,0)
(0,0,0)
(0,0,0)
(0,0,0)
(0,0,0)
(0,0,0)
(0,0,0)
(0,0,0)
(0,0,0)
(0,0,0)
(0,0,0)
(0,0,0)
(0,0,0)
(0,0,0)
(0,0,0)
(0,0,0)
(0,0,0)
(0,0,0)
(0,0,0)
(0,0,0)
(0,0,0)
(0,0,0)
(0,0,0)
(0,0,0)
(0,0,0)
(0,0,0)
(0,0,0)
(0,0,0)
(0,0,0)
(0,0,0)
(0,0,0)
(0,0,0)
(0,0,0)
(0,0,0)
(0,0,0)
(0,0,0)
(0,0,0)
(0,0,0)
(0,0,0)
(0,0,0)
(0,0,0)
(0,0,0)
(0,0,0)
(0,0,0)
(0,0,0)
(0,0,0)
(0,0,0)
(0,0,0)
(0,0,0)
(0,0,0)
(0,0,0)
(0,0,0)
(0,0,0)
(0,0,0)
(0,0,0)
(0,0,0)
(0,0,0)
(0,0,0)
(0,0,0)
(0,0,0)
(0,0,0)
(0,0,0)
(0,0,0)
(0,0,0)
(0,0,0)
(0,0,0)
(0,0,0)
(0,0,0)
(0,0,0)
(0,0,0)
(0,0,0)
(0,0,0)
(0,0,0)
(0,0,0)
(0,0,0)
(0,0,0)
(0,0,0)
(0,0,0)
(0,0,0)
(0,0,0)
(0,0,0)
(0,0,0)
(0,0,0)
(0,0,0)
(0,0,0)
(0,0,0)
(0,0,0)
(0,0,0)
(0,0,0)
(0,0,0)
(0,0,0)
(0,0,0)
(0,0,0)
(0,0,0)
(0,0,0)
(0,0,0)
(0,0,0)
(0,0,0)
(0,0,0)
(0,0,0)
(0,0,0)
(0,0,0)
(0,0,0)
(0,0,0)
(0,0,0)
(0,0,0)
(0,0,0)
(0,0,0)
(0,0,0)
(0,0,0)
(0,0,0)
(0,0,0)
(0,0,0)
(0,0,0)
(0,0,0)
)
;

boundaryField
{
    fuel
    {
        type            fixedValue;
        value           uniform (0.1 0 0);
    }
    air
    {
        type            fixedValue;
        value           uniform (-0.1 0 0);
    }
    outlet
    {
        type            zeroGradient;
    }
    frontAndBack
    {
        type            empty;
    }
}


// ************************************************************************* //
 