/*--------------------------------*- C++ -*----------------------------------*\
| =========                 |                                                 |
| \\      /  F ield         | foam-extend: Open Source CFD                    |
|  \\    /   O peration     | Version:     4.0                                |
|   \\  /    A nd           | Web:         http://www.foam-extend.org         |
|    \\/     M anipulation  |                                                 |
\*---------------------------------------------------------------------------*/
FoamFile
{
    version 2.0;
    format ascii;
    class volVectorField;
    location "2787";
    object      H;
}
// * * * * * * * * * * * * * * * * * * * * * * * * * * * * * * * * * * * * * //

dimensions      [0 1 -1 0 0 0 0];

internalField   nonuniform List<vector>
4096
(
(0,0,0)
(0,0,0)
(0,0,0)
(0,0,0)
(0,0,0)
(0,0,0)
(0,0,0)
(0,0,0)
(0,0,0)
(0,0,0)
(0,0,0)
(0,0,0)
(0,0,0)
(0,0,0)
(0,0,0)
(0,0,0)
(0,0,0)
(0,0,0)
(0,0,0)
(0,0,0)
(0,0,0)
(0,0,0)
(0,0,0)
(0,0,0)
(0,0,0)
(0,0,0)
(0,0,0)
(0,0,0)
(0,0,0)
(0,0,0)
(0,0,0)
(0,0,0)
(0,0,0)
(0,0,0)
(0,0,0)
(0,0,0)
(0,0,0)
(0,0,0)
(0,0,0)
(0,0,0)
(0,0,0)
(0,0,0)
(0,0,0)
(0,0,0)
(0,0,0)
(0,0,0)
(0,0,0)
(0,0,0)
(0,0,0)
(0,0,0)
(0,0,0)
(0,0,0)
(0,0,0)
(0,0,0)
(0,0,0)
(0,0,0)
(0,0,0)
(0,0,0)
(0,0,0)
(0,0,0)
(0,0,0)
(0,0,0)
(0,0,0)
(0,0,0)
(0,0,0)
(0,0,0)
(0,0,0)
(0,0,0)
(0,0,0)
(0,0,0)
(0,0,0)
(0,0,0)
(0,0,0)
(0,0,0)
(0,0,0)
(0,0,0)
(0,0,0)
(0,0,0)
(0,0,0)
(0,0,0)
(0,0,0)
(0,0,0)
(0,0,0)
(0,0,0)
(0,0,0)
(0,0,0)
(0,0,0)
(0,0,0)
(0,0,0)
(0,0,0)
(0,0,0)
(0,0,0)
(0,0,0)
(0,0,0)
(0,0,0)
(0,0,0)
(0,0,0)
(0,0,0)
(0,0,0)
(0,0,0)
(0,0,0)
(0,0,0)
(0,0,0)
(0,0,0)
(0,0,0)
(0,0,0)
(0,0,0)
(0,0,0)
(0,0,0)
(0,0,0)
(0,0,0)
(0,0,0)
(0,0,0)
(0,0,0)
(0,0,0)
(0,0,0)
(0,0,0)
(0,0,0)
(0,0,0)
(0,0,0)
(0,0,0)
(0,0,0)
(0,0,0)
(0,0,0)
(0,0,0)
(0,0,0)
(0,0,0)
(0,0,0)
(0,0,0)
(0,0,0)
(0,0,0)
(0,0,0)
(0,0,0)
(0,0,0)
(0,0,0)
(0,0,0)
(0,0,0)
(0,0,0)
(0,0,0)
(0,0,0)
(0,0,0)
(0,0,0)
(0,0,0)
(0,0,0)
(0,0,0)
(0,0,0)
(0,0,0)
(0,0,0)
(0,0,0)
(0,0,0)
(0,0,0)
(0,0,0)
(0,0,0)
(0,0,0)
(0,0,0)
(0,0,0)
(0,0,0)
(0,0,0)
(0,0,0)
(0,0,0)
(0,0,0)
(0,0,0)
(0,0,0)
(0,0,0)
(0,0,0)
(0,0,0)
(0,0,0)
(0,0,0)
(0,0,0)
(0,0,0)
(0,0,0)
(0,0,0)
(0,0,0)
(0,0,0)
(0,0,0)
(0,0,0)
(0,0,0)
(0,0,0)
(0,0,0)
(0,0,0)
(0,0,0)
(0,0,0)
(0,0,0)
(0,0,0)
(0,0,0)
(0,0,0)
(0,0,0)
(0,0,0)
(0,0,0)
(0,0,0)
(0,0,0)
(0,0,0)
(0,0,0)
(0,0,0)
(0,0,0)
(0,0,0)
(0,0,0)
(0,0,0)
(0,0,0)
(0,0,0)
(0,0,0)
(0,0,0)
(0,0,0)
(0,0,0)
(0,0,0)
(0,0,0)
(0,0,0)
(0,0,0)
(0,0,0)
(0,0,0)
(0,0,0)
(0,0,0)
(0,0,0)
(0,0,0)
(0,0,0)
(0,0,0)
(0,0,0)
(0,0,0)
(0,0,0)
(0,0,0)
(0,0,0)
(0,0,0)
(0,0,0)
(0,0,0)
(0,0,0)
(0,0,0)
(0,0,0)
(0,0,0)
(0,0,0)
(0,0,0)
(0,0,0)
(0,0,0)
(0,0,0)
(0,0,0)
(0,0,0)
(0,0,0)
(0,0,0)
(0,0,0)
(0,0,0)
(0,0,0)
(0,0,0)
(0,0,0)
(0,0,0)
(0,0,0)
(0,0,0)
(0,0,0)
(0,0,0)
(0,0,0)
(0,0,0)
(0,0,0)
(0,0,0)
(0,0,0)
(0,0,0)
(0,0,0)
(0,0,0)
(0,0,0)
(0,0,0)
(0,0,0)
(0,0,0)
(0,0,0)
(0,0,0)
(0,0,0)
(0,0,0)
(0,0,0)
(0,0,0)
(0,0,0)
(0,0,0)
(0,0,0)
(0,0,0)
(0,0,0)
(0,0,0)
(0,0,0)
(0,0,0)
(0,0,0)
(0,0,0)
(0,0,0)
(0,0,0)
(0,0,0)
(0,0,0)
(0,0,0)
(0,0,0)
(0,0,0)
(0,0,0)
(0,0,0)
(0,0,0)
(0,0,0)
(0,0,0)
(0,0,0)
(0,0,0)
(0,0,0)
(0,0,0)
(0,0,0)
(0,0,0)
(0,0,0)
(0,0,0)
(0,0,0)
(0,0,0)
(0,0,0)
(0,0,0)
(0,0,0)
(0,0,0)
(0,0,0)
(0,0,0)
(0,0,0)
(0,0,0)
(0,0,0)
(0,0,0)
(0,0,0)
(0,0,0)
(0,0,0)
(0,0,0)
(0,0,0)
(0,0,0)
(0,0,0)
(0,0,0)
(0,0,0)
(0,0,0)
(0,0,0)
(0,0,0)
(0,0,0)
(0,0,0)
(0,0,0)
(0,0,0)
(0,0,0)
(0,0,0)
(0,0,0)
(0,0,0)
(0,0,0)
(0,0,0)
(0,0,0)
(0,0,0)
(0,0,0)
(0,0,0)
(0,0,0)
(0,0,0)
(0,0,0)
(0,0,0)
(0,0,0)
(0,0,0)
(0,0,0)
(0,0,0)
(0,0,0)
(0,0,0)
(0,0,0)
(0,0,0)
(0,0,0)
(0,0,0)
(0,0,0)
(0,0,0)
(0,0,0)
(0,0,0)
(0,0,0)
(0,0,0)
(0,0,0)
(0,0,0)
(0,0,0)
(0,0,0)
(0,0,0)
(0,0,0)
(0,0,0)
(0,0,0)
(0,0,0)
(0,0,0)
(0,0,0)
(0,0,0)
(0,0,0)
(0,0,0)
(0,0,0)
(0,0,0)
(0,0,0)
(0,0,0)
(0,0,0)
(0,0,0)
(0,0,0)
(0,0,0)
(0,0,0)
(0,0,0)
(0,0,0)
(0,0,0)
(0,0,0)
(0,0,0)
(0,0,0)
(0,0,0)
(0,0,0)
(0,0,0)
(0,0,0)
(0,0,0)
(0,0,0)
(0,0,0)
(0,0,0)
(0,0,0)
(0,0,0)
(0,0,0)
(0,0,0)
(0,0,0)
(0,0,0)
(0,0,0)
(0,0,0)
(0,0,0)
(0,0,0)
(0,0,0)
(0,0,0)
(0,0,0)
(0,0,0)
(0,0,0)
(0,0,0)
(0,0,0)
(0,0,0)
(0,0,0)
(0,0,0)
(0,0,0)
(0,0,0)
(0,0,0)
(0,0,0)
(0,0,0)
(0,0,0)
(0,0,0)
(0,0,0)
(0,0,0)
(0,0,0)
(0,0,0)
(0,0,0)
(0,0,0)
(0,0,0)
(0,0,0)
(0,0,0)
(0,0,0)
(0,0,0)
(0,0,0)
(0,0,0)
(0,0,0)
(0,0,0)
(0,0,0)
(0,0,0)
(0,0,0)
(0,0,0)
(0,0,0)
(0,0,0)
(0,0,0)
(0,0,0)
(0,0,0)
(0,0,0)
(0,0,0)
(0,0,0)
(0,0,0)
(0,0,0)
(0,0,0)
(0,0,0)
(0,0,0)
(0,0,0)
(0,0,0)
(0,0,0)
(0,0,0)
(0,0,0)
(0,0,0)
(0,0,0)
(0,0,0)
(0,0,0)
(0,0,0)
(0,0,0)
(0,0,0)
(0,0,0)
(0,0,0)
(0,0,0)
(0,0,0)
(0,0,0)
(0,0,0)
(0,0,0)
(0,0,0)
(0,0,0)
(0,0,0)
(0,0,0)
(0,0,0)
(0,0,0)
(0,0,0)
(0,0,0)
(0,0,0)
(0,0,0)
(0,0,0)
(0,0,0)
(0,0,0)
(0,0,0)
(0,0,0)
(0,0,0)
(0,0,0)
(0,0,0)
(0,0,0)
(0,0,0)
(0,0,0)
(0,0,0)
(0,0,0)
(0,0,0)
(0,0,0)
(0,0,0)
(0,0,0)
(0,0,0)
(0,0,0)
(0,0,0)
(0,0,0)
(0,0,0)
(0,0,0)
(0,0,0)
(0,0,0)
(0,0,0)
(0,0,0)
(0,0,0)
(0,0,0)
(0,0,0)
(0,0,0)
(0,0,0)
(0,0,0)
(0,0,0)
(0,0,0)
(0,0,0)
(0,0,0)
(0,0,0)
(0,0,0)
(0,0,0)
(0,0,0)
(0,0,0)
(0,0,0)
(0,0,0)
(0,0,0)
(0,0,0)
(0,0,0)
(0,0,0)
(0,0,0)
(0,0,0)
(0,0,0)
(0,0,0)
(0,0,0)
(0,0,0)
(0,0,0)
(0,0,0)
(0,0,0)
(0,0,0)
(0,0,0)
(0,0,0)
(0,0,0)
(0,0,0)
(0,0,0)
(0,0,0)
(0,0,0)
(0,0,0)
(0,0,0)
(0,0,0)
(0,0,0)
(0,0,0)
(0,0,0)
(0,0,0)
(0,0,0)
(0,0,0)
(0,0,0)
(0,0,0)
(0,0,0)
(0,0,0)
(0,0,0)
(0,0,0)
(0,0,0)
(0,0,0)
(0,0,0)
(0,0,0)
(0,0,0)
(0,0,0)
(0,0,0)
(0,0,0)
(0,0,0)
(0,0,0)
(0,0,0)
(0,0,0)
(0,0,0)
(0,0,0)
(0,0,0)
(0,0,0)
(0,0,0)
(0,0,0)
(0,0,0)
(0,0,0)
(0,0,0)
(0,0,0)
(0,0,0)
(0,0,0)
(0,0,0)
(0,0,0)
(0,0,0)
(0,0,0)
(0,0,0)
(0,0,0)
(0,0,0)
(0,0,0)
(0,0,0)
(0,0,0)
(0,0,0)
(0,0,0)
(0,0,0)
(0,0,0)
(0,0,0)
(0,0,0)
(0,0,0)
(0,0,0)
(0,0,0)
(0,0,0)
(0,0,0)
(0,0,0)
(0,0,0)
(0,0,0)
(0,0,0)
(0,0,0)
(0,0,0)
(0,0,0)
(0,0,0)
(0,0,0)
(0,0,0)
(0,0,0)
(0,0,0)
(0,0,0)
(0,0,0)
(0,0,0)
(0,0,0)
(0,0,0)
(0,0,0)
(0,0,0)
(0,0,0)
(0,0,0)
(0,0,0)
(0,0,0)
(0,0,0)
(0,0,0)
(0,0,0)
(0,0,0)
(0,0,0)
(0,0,0)
(0,0,0)
(0,0,0)
(0,0,0)
(0,0,0)
(0,0,0)
(0,0,0)
(0,0,0)
(0,0,0)
(0,0,0)
(0,0,0)
(0,0,0)
(0,0,0)
(0,0,0)
(0,0,0)
(0,0,0)
(0,0,0)
(0,0,0)
(0,0,0)
(0,0,0)
(0,0,0)
(0,0,0)
(0,0,0)
(0,0,0)
(0,0,0)
(0,0,0)
(0,0,0)
(0,0,0)
(0,0,0)
(0,0,0)
(0,0,0)
(0,0,0)
(0,0,0)
(0,0,0)
(0,0,0)
(0,0,0)
(0,0,0)
(0,0,0)
(0,0,0)
(0,0,0)
(0,0,0)
(0,0,0)
(0,0,0)
(0,0,0)
(0,0,0)
(0,0,0)
(0,0,0)
(0,0,0)
(0,0,0)
(0,0,0)
(0,0,0)
(0,0,0)
(0,0,0)
(0,0,0)
(0,0,0)
(0,0,0)
(0,0,0)
(0,0,0)
(0,0,0)
(0,0,0)
(0,0,0)
(0,0,0)
(0,0,0)
(0,0,0)
(0,0,0)
(0,0,0)
(0,0,0)
(0,0,0)
(0,0,0)
(0,0,0)
(0,0,0)
(0,0,0)
(0,0,0)
(0,0,0)
(0,0,0)
(0,0,0)
(0,0,0)
(0,0,0)
(0,0,0)
(0,0,0)
(0,0,0)
(0,0,0)
(0,0,0)
(0,0,0)
(0,0,0)
(0,0,0)
(0,0,0)
(0,0,0)
(0,0,0)
(0,0,0)
(0,0,0)
(0,0,0)
(0,0,0)
(0,0,0)
(0,0,0)
(0,0,0)
(0,0,0)
(0,0,0)
(0,0,0)
(0,0,0)
(0,0,0)
(0,0,0)
(0,0,0)
(0,0,0)
(0,0,0)
(0,0,0)
(0,0,0)
(0,0,0)
(0,0,0)
(0,0,0)
(0,0,0)
(0,0,0)
(0,0,0)
(0,0,0)
(0,0,0)
(0,0,0)
(0,0,0)
(0,0,0)
(0,0,0)
(0,0,0)
(0,0,0)
(0,0,0)
(0,0,0)
(0,0,0)
(0,0,0)
(0,0,0)
(0,0,0)
(0,0,0)
(0,0,0)
(0,0,0)
(0,0,0)
(0,0,0)
(0,0,0)
(0,0,0)
(0,0,0)
(0,0,0)
(0,0,0)
(0,0,0)
(0,0,0)
(0,0,0)
(0,0,0)
(0,0,0)
(0,0,0)
(0,0,0)
(0,0,0)
(0,0,0)
(0,0,0)
(0,0,0)
(0,0,0)
(0,0,0)
(0,0,0)
(0,0,0)
(0,0,0)
(0,0,0)
(0,0,0)
(0,0,0)
(0,0,0)
(0,0,0)
(0,0,0)
(0,0,0)
(0,0,0)
(0,0,0)
(0,0,0)
(0,0,0)
(0,0,0)
(0,0,0)
(0,0,0)
(0,0,0)
(0,0,0)
(0,0,0)
(0,0,0)
(0,0,0)
(0,0,0)
(0,0,0)
(0,0,0)
(0,0,0)
(0,0,0)
(0,0,0)
(0,0,0)
(0,0,0)
(0,0,0)
(0,0,0)
(0,0,0)
(0,0,0)
(0,0,0)
(0,0,0)
(0,0,0)
(0,0,0)
(-3.07675961338905e-13,-1.15449365888165e-11,1.28804380575544e-11)
(-1.43853306273925e-12,-2.55995816464165e-11,1.23199534593794e-11)
(-1.18714865829823e-12,-4.488859677468e-11,1.12287963465458e-11)
(-4.12457849443442e-13,-7.30569255083245e-11,9.71125263141688e-12)
(2.91671959704684e-14,-1.13337773499031e-10,7.23582757787554e-12)
(3.83979864624858e-13,-1.74692308397022e-10,4.27568998485988e-12)
(1.58619244451961e-12,-2.7494125121702e-10,1.67835224364405e-12)
(3.13540523326104e-12,-4.43659814838153e-10,5.25245959228051e-13)
(4.52403687146209e-12,-7.23221460080535e-10,2.09262014236345e-13)
(5.32083597718204e-12,-1.11271432573883e-09,-1.53770413693525e-13)
(0,0,0)
(0,0,0)
(0,0,0)
(0,0,0)
(0,0,0)
(0,0,0)
(-1.19278172382914e-12,-1.14254483001937e-11,3.01735834662412e-11)
(-2.25004758597866e-12,-2.5038420583704e-11,2.85952156739777e-11)
(-1.92362941335547e-12,-4.33521655760205e-11,2.60962123445635e-11)
(-1.77990987600905e-12,-7.03047182698495e-11,2.28528154055844e-11)
(-1.00935466485364e-12,-1.1018840385649e-10,1.79441190106575e-11)
(2.79168364860863e-13,-1.72181733054095e-10,1.20224319331891e-11)
(2.43933939961192e-12,-2.73699548979458e-10,6.49045209844229e-12)
(5.78358437851641e-12,-4.4321408803311e-10,3.24970105159637e-12)
(8.90152396738583e-12,-7.22719932662595e-10,1.97805235718436e-12)
(1.11124284425186e-11,-1.11289309892111e-09,8.51147748618024e-13)
(0,0,0)
(0,0,0)
(0,0,0)
(0,0,0)
(0,0,0)
(0,0,0)
(-2.62265372409806e-12,-1.05570954106646e-11,5.07297512462256e-11)
(-3.45369800566747e-12,-2.32492238842001e-11,4.8900546338069e-11)
(-4.06236449153167e-12,-4.02263864437067e-11,4.58106617959102e-11)
(-4.41601934913282e-12,-6.51868220627853e-11,4.07690522141738e-11)
(-3.92539153402878e-12,-1.04098043062681e-10,3.35297110567847e-11)
(-2.21886737135634e-12,-1.66756549904736e-10,2.47654052923318e-11)
(1.52766359550509e-12,-2.70352383389285e-10,1.61045720340099e-11)
(7.05585204836502e-12,-4.41890949779663e-10,1.03338087871929e-11)
(1.10819970346582e-11,-7.21794736616822e-10,6.79828253535192e-12)
(1.34574818429949e-11,-1.11249260382526e-09,3.42570682114613e-12)
(0,0,0)
(0,0,0)
(0,0,0)
(0,0,0)
(0,0,0)
(0,0,0)
(-3.03349432475098e-12,-9.27401425204924e-12,7.95554177915496e-11)
(-5.10017381440065e-12,-2.05776761426417e-11,7.78952255139858e-11)
(-7.34925223626002e-12,-3.54066789516682e-11,7.40766747469349e-11)
(-8.42546229721075e-12,-5.76544315635529e-11,6.75278183584185e-11)
(-7.92650414100346e-12,-9.47912862973659e-11,5.87435763160033e-11)
(-5.6204784487632e-12,-1.5763018694473e-10,4.83026825276826e-11)
(-1.71828255001274e-12,-2.64138382794349e-10,3.73334820560047e-11)
(4.58158381083927e-12,-4.38693305271039e-10,2.73890004842768e-11)
(9.21961066402529e-12,-7.19096360023865e-10,1.8478731001039e-11)
(1.1578845948253e-11,-1.10959526230559e-09,9.51990609522524e-12)
(0,0,0)
(0,0,0)
(0,0,0)
(0,0,0)
(0,0,0)
(0,0,0)
(-4.58142840442552e-12,-7.68965217962768e-12,1.20557256704266e-10)
(-7.90318232815142e-12,-1.68447832175864e-11,1.18191502216434e-10)
(-1.03896169509211e-11,-2.91864131294264e-11,1.13848414839642e-10)
(-1.17767849484655e-11,-4.857112871467e-11,1.07653092402112e-10)
(-1.09580771219215e-11,-8.31129295598345e-11,9.94372754445754e-11)
(-7.91224449416424e-12,-1.44772831209181e-10,8.92629890623698e-11)
(-4.60984895430421e-12,-2.53395132614547e-10,7.7597197404451e-11)
(-1.10231303885767e-12,-4.31173625053174e-10,6.15084149998663e-11)
(1.73688186842828e-12,-7.11632588656783e-10,4.29537050174643e-11)
(3.02708987370187e-12,-1.10110779114538e-09,2.23936846689856e-11)
(0,0,0)
(0,0,0)
(0,0,0)
(0,0,0)
(0,0,0)
(0,0,0)
(-5.36168700871963e-12,-5.61294284798369e-12,1.81430665445441e-10)
(-1.08519479986255e-11,-1.26879468073978e-11,1.79011241714763e-10)
(-1.38820328717629e-11,-2.28193949604263e-11,1.7510358012996e-10)
(-1.54993091809815e-11,-3.91872190838322e-11,1.69841093617334e-10)
(-1.5653418243152e-11,-7.03369458601069e-11,1.6265343841129e-10)
(-1.26407407901363e-11,-1.30080049462975e-10,1.52579198251529e-10)
(-8.69950355300438e-12,-2.39726212490596e-10,1.379970423194e-10)
(-6.93648186899134e-12,-4.16128851029407e-10,1.15094579052491e-10)
(-6.41565736122168e-12,-6.93696899430011e-10,8.33671925308527e-11)
(-5.96575552311572e-12,-1.080817414438e-09,4.44270537167833e-11)
(0,0,0)
(0,0,0)
(0,0,0)
(0,0,0)
(0,0,0)
(0,0,0)
(-5.49774761506541e-12,-3.50433515134168e-12,2.78880246015154e-10)
(-1.29700956051603e-11,-9.08021702588681e-12,2.77281267466969e-10)
(-1.72080821303755e-11,-1.73300381007059e-11,2.74257301373584e-10)
(-1.89198106210111e-11,-3.10228485894131e-11,2.7003132406134e-10)
(-1.94409425950176e-11,-5.85240728103696e-11,2.63918456534722e-10)
(-1.67222789765378e-11,-1.14063734817318e-10,2.53142451341314e-10)
(-1.34416983778446e-11,-2.19359208697836e-10,2.32583083377301e-10)
(-1.23677183375397e-11,-3.87934632972657e-10,2.00252946330779e-10)
(-1.35850153576042e-11,-6.57573475601707e-10,1.49710629889223e-10)
(-1.4102286703394e-11,-1.03886393502991e-09,8.17134522441171e-11)
(0,0,0)
(0,0,0)
(0,0,0)
(0,0,0)
(0,0,0)
(0,0,0)
(-5.8680069681956e-12,-2.38021294477289e-12,4.43366937103548e-10)
(-1.38909039742749e-11,-6.88960190568842e-12,4.42561002798617e-10)
(-1.86696107861549e-11,-1.3433967561126e-11,4.39792619197776e-10)
(-2.02759663889708e-11,-2.49325423573189e-11,4.35721621615345e-10)
(-2.08984054069841e-11,-4.88025842328998e-11,4.29324555902985e-10)
(-2.03461693805404e-11,-9.76120527999097e-11,4.16679244072351e-10)
(-1.94136005884975e-11,-1.88584410374116e-10,3.90798131503071e-10)
(-1.9597317434837e-11,-3.38672144281662e-10,3.43173516123179e-10)
(-2.13281134655395e-11,-5.91016218393212e-10,2.65421862341956e-10)
(-2.11954462705439e-11,-9.58971994295501e-10,1.50321955357666e-10)
(0,0,0)
(0,0,0)
(0,0,0)
(0,0,0)
(0,0,0)
(0,0,0)
(-7.40096717292951e-12,-1.15172610854141e-12,7.20337453808681e-10)
(-1.52321835386867e-11,-4.32563478026325e-12,7.19589728707345e-10)
(-1.98798910861115e-11,-9.3461201005363e-12,7.16944750667616e-10)
(-2.21761055774822e-11,-1.80233810479903e-11,7.12750747149487e-10)
(-2.28762606258389e-11,-3.6012596089852e-11,7.04996313371241e-10)
(-2.3003946165589e-11,-7.30543472086317e-11,6.8887278098168e-10)
(-2.34092432333794e-11,-1.41323618262207e-10,6.55492658393778e-10)
(-2.46333198771318e-11,-2.61274799328576e-10,5.9151597734901e-10)
(-2.59454238188927e-11,-4.7680972305969e-10,4.78069968078691e-10)
(-2.53741891552233e-11,-8.09587044948558e-10,2.86810476293498e-10)
(0,0,0)
(0,0,0)
(0,0,0)
(0,0,0)
(0,0,0)
(0,0,0)
(-8.74236902738324e-12,-1.78869096272867e-13,1.10932063778058e-09)
(-1.53456747754947e-11,-1.94207454288264e-12,1.10835131366736e-09)
(-1.89862297896778e-11,-5.03047518778203e-12,1.10589066257907e-09)
(-2.16126440240884e-11,-9.58468567492839e-12,1.10159151742187e-09)
(-2.32277173814958e-11,-1.9127596752108e-11,1.09303567926622e-09)
(-2.3559737347183e-11,-3.94459351676452e-11,1.07465019467558e-09)
(-2.48463044552908e-11,-7.71539476258991e-11,1.03569130946016e-09)
(-2.72914804625192e-11,-1.48098474157484e-10,9.58973943129523e-10)
(-2.86991226233534e-11,-2.86500427596664e-10,8.10738860964787e-10)
(-2.86584275005862e-11,-5.23327590944175e-10,5.23563400285137e-10)
(0,0,0)
(0,0,0)
(0,0,0)
(0,0,0)
(0,0,0)
(0,0,0)
(0,0,0)
(0,0,0)
(0,0,0)
(0,0,0)
(0,0,0)
(0,0,0)
(0,0,0)
(0,0,0)
(0,0,0)
(0,0,0)
(0,0,0)
(0,0,0)
(0,0,0)
(0,0,0)
(0,0,0)
(0,0,0)
(0,0,0)
(0,0,0)
(0,0,0)
(0,0,0)
(0,0,0)
(0,0,0)
(0,0,0)
(0,0,0)
(0,0,0)
(0,0,0)
(0,0,0)
(0,0,0)
(0,0,0)
(0,0,0)
(0,0,0)
(0,0,0)
(0,0,0)
(0,0,0)
(0,0,0)
(0,0,0)
(0,0,0)
(0,0,0)
(0,0,0)
(0,0,0)
(0,0,0)
(0,0,0)
(0,0,0)
(0,0,0)
(0,0,0)
(0,0,0)
(0,0,0)
(0,0,0)
(0,0,0)
(0,0,0)
(0,0,0)
(0,0,0)
(0,0,0)
(0,0,0)
(0,0,0)
(0,0,0)
(0,0,0)
(0,0,0)
(0,0,0)
(0,0,0)
(0,0,0)
(0,0,0)
(0,0,0)
(0,0,0)
(0,0,0)
(0,0,0)
(0,0,0)
(0,0,0)
(0,0,0)
(0,0,0)
(0,0,0)
(0,0,0)
(0,0,0)
(0,0,0)
(0,0,0)
(0,0,0)
(0,0,0)
(0,0,0)
(0,0,0)
(0,0,0)
(0,0,0)
(0,0,0)
(0,0,0)
(0,0,0)
(0,0,0)
(0,0,0)
(0,0,0)
(0,0,0)
(0,0,0)
(0,0,0)
(0,0,0)
(0,0,0)
(0,0,0)
(0,0,0)
(0,0,0)
(0,0,0)
(1.33320348213373e-13,-2.28534629873521e-11,2.40222051650826e-11)
(-9.08537012620419e-13,-4.89474582948335e-11,2.30949096154884e-11)
(-1.20603614182939e-12,-8.40989681268995e-11,2.0796976970115e-11)
(-6.89240034399225e-13,-1.33548605543083e-10,1.74797280127894e-11)
(-1.60064853600016e-13,-2.04577062405369e-10,1.27517940165566e-11)
(4.70742262937534e-13,-3.11410110464174e-10,6.98202861048251e-12)
(1.49759649151152e-12,-4.82282334684998e-10,1.71503019338747e-12)
(3.00566237304143e-12,-7.75011564350987e-10,-7.85778930436607e-13)
(4.38554188102712e-12,-1.33494333417437e-09,-1.26880496596496e-12)
(5.34583874517016e-12,-2.61832524804629e-09,-9.83316677490971e-13)
(0,0,0)
(0,0,0)
(0,0,0)
(0,0,0)
(0,0,0)
(0,0,0)
(-4.82766821095336e-13,-2.2051633133057e-11,5.4012231442852e-11)
(-1.54024095606174e-12,-4.72320245681158e-11,5.20392331943622e-11)
(-1.80601160670447e-12,-8.08783241925873e-11,4.76099620037977e-11)
(-1.98910968814253e-12,-1.28437201340159e-10,4.07652097518251e-11)
(-1.17802838117992e-12,-1.9851899482917e-10,3.05865915085982e-11)
(3.85965050228192e-13,-3.06320419601107e-10,1.79931639681375e-11)
(2.33292485611568e-12,-4.80270735869925e-10,6.47770229435726e-12)
(5.73209481986343e-12,-7.75117758254303e-10,9.90642561495351e-13)
(9.1032325306634e-12,-1.33541311074076e-09,-2.70558365846571e-13)
(1.15630810953459e-11,-2.61941722973469e-09,-4.04845513110464e-13)
(0,0,0)
(0,0,0)
(0,0,0)
(0,0,0)
(0,0,0)
(0,0,0)
(-2.07652997455543e-12,-2.01357976773537e-11,9.17807088195362e-11)
(-3.03536120506225e-12,-4.32141228488535e-11,8.92100997938982e-11)
(-3.84046240181213e-12,-7.41060644715632e-11,8.34771825069402e-11)
(-4.7090686909786e-12,-1.18079900968646e-10,7.32153094873057e-11)
(-4.46784253494355e-12,-1.85915046728224e-10,5.78312321442797e-11)
(-2.68439707301164e-12,-2.95107550910656e-10,3.82448113491772e-11)
(1.08442624739445e-12,-4.75388939694453e-10,1.9418640713949e-11)
(7.3937337914015e-12,-7.75400677808464e-10,1.05808695707725e-11)
(1.17561961557921e-11,-1.33655708606801e-09,6.97623731359239e-12)
(1.39858471443556e-11,-2.62080751248193e-09,3.74879798141751e-12)
(0,0,0)
(0,0,0)
(0,0,0)
(0,0,0)
(0,0,0)
(0,0,0)
(-2.95766411960902e-12,-1.77818706152456e-11,1.44891435482597e-10)
(-5.01451597240592e-12,-3.78343093060676e-11,1.41626153075584e-10)
(-7.02066166999178e-12,-6.42479689465407e-11,1.34165127393913e-10)
(-8.72452310366982e-12,-1.02671734730596e-10,1.21274458914504e-10)
(-9.16396709022723e-12,-1.65944886918903e-10,1.02995632177169e-10)
(-7.5086337126082e-12,-2.75379229877637e-10,7.96491743010997e-11)
(-2.51705115808116e-12,-4.64896446831029e-10,5.50767401629137e-11)
(5.97217307623868e-12,-7.74159551902773e-10,3.99592729695107e-11)
(1.07146642033674e-11,-1.3360902175125e-09,2.83163566299248e-11)
(1.26112808841167e-11,-2.61888202488462e-09,1.52490079025378e-11)
(0,0,0)
(0,0,0)
(0,0,0)
(0,0,0)
(0,0,0)
(0,0,0)
(-4.29238324823785e-12,-1.44460976143572e-11,2.17760055730184e-10)
(-7.71693136155086e-12,-3.02674037530415e-11,2.13748658732804e-10)
(-1.05613126823946e-11,-5.15503679200082e-11,2.0585832561791e-10)
(-1.2944877621777e-11,-8.36519156121877e-11,1.93813560571695e-10)
(-1.35597744394129e-11,-1.39717719074025e-10,1.77303360029938e-10)
(-1.09392345825145e-11,-2.44585440228348e-10,1.57291760595171e-10)
(-2.18998667364864e-12,-4.40891330713582e-10,1.39243036377235e-10)
(2.40762291989425e-12,-7.6608927363111e-10,1.07498927578914e-10)
(4.36121298992601e-12,-1.32752327750721e-09,7.50077914779327e-11)
(5.1303978347417e-12,-2.60690844820202e-09,3.91955456626049e-11)
(0,0,0)
(0,0,0)
(0,0,0)
(0,0,0)
(0,0,0)
(0,0,0)
(-5.05087097468222e-12,-1.04786923554751e-11,3.23223472074681e-10)
(-1.05520161953374e-11,-2.22106451038212e-11,3.19663419044419e-10)
(-1.41089032188623e-11,-3.87778946809137e-11,3.1320194879586e-10)
(-1.64760244693478e-11,-6.43351152684928e-11,3.03575456864733e-10)
(-1.73920511331155e-11,-1.12502185651737e-10,2.90385984122851e-10)
(-1.40748995036865e-11,-2.13589901756424e-10,2.72636631638244e-10)
(-6.16404407884541e-12,-4.20125009499439e-10,2.49932003538799e-10)
(-3.40331340420509e-12,-7.4388885173741e-10,2.07443122666658e-10)
(-3.59894237549147e-12,-1.29835524010956e-09,1.49060554346984e-10)
(-3.49218121380056e-12,-2.57231800332435e-09,7.86559930506783e-11)
(0,0,0)
(0,0,0)
(0,0,0)
(0,0,0)
(0,0,0)
(0,0,0)
(-5.02289127345066e-12,-6.96786483212746e-12,4.897875338352e-10)
(-1.21367446319711e-11,-1.56046597700712e-11,4.87381299734125e-10)
(-1.68781753577064e-11,-2.80182023425024e-11,4.82664348271623e-10)
(-1.88972493264937e-11,-4.78596809783405e-11,4.75763005246853e-10)
(-1.8386425979053e-11,-8.79740847160393e-11,4.66781907306609e-10)
(-1.26145930299193e-11,-1.79466436995364e-10,4.51490068367721e-10)
(-1.18863596550383e-11,-3.85191882608063e-10,4.1303045612888e-10)
(-1.10878905870931e-11,-6.9452476429686e-10,3.61196786027527e-10)
(-1.21450949210477e-11,-1.23402594901552e-09,2.66894759682936e-10)
(-1.2280775193362e-11,-2.49801654932539e-09,1.4397266323807e-10)
(0,0,0)
(0,0,0)
(0,0,0)
(0,0,0)
(0,0,0)
(0,0,0)
(-6.29055949949521e-12,-4.53367816104635e-12,7.76128115330165e-10)
(-1.36864874988582e-11,-1.10673766958487e-11,7.74366734296171e-10)
(-1.86864606643106e-11,-2.06311855571728e-11,7.70079095186816e-10)
(-2.07880619859459e-11,-3.77880674121462e-11,7.63935816183728e-10)
(-2.10430817194248e-11,-7.50591019883523e-11,7.55369351978017e-10)
(-1.90227624025045e-11,-1.59813607907703e-10,7.38493119450591e-10)
(-1.90497773204792e-11,-3.3376452053768e-10,6.97566223668264e-10)
(-1.92430086068513e-11,-6.02502927997213e-10,6.12073767119106e-10)
(-2.0434701814614e-11,-1.11392902586768e-09,4.71237386430832e-10)
(-2.02584402601902e-11,-2.35671943625956e-09,2.67689047543687e-10)
(0,0,0)
(0,0,0)
(0,0,0)
(0,0,0)
(0,0,0)
(0,0,0)
(-7.62609908386168e-12,-2.63046703545895e-12,1.33054341906554e-09)
(-1.49707657363376e-11,-7.21268495843362e-12,1.32894961736774e-09)
(-2.00015324807333e-11,-1.43441056792715e-11,1.32508896067608e-09)
(-2.28603671722889e-11,-2.81268017642178e-11,1.31868268765868e-09)
(-2.36377275740092e-11,-5.81622123236579e-11,1.30707317741901e-09)
(-2.32322356186894e-11,-1.22962338293676e-10,1.28227384265977e-09)
(-2.36022328249057e-11,-2.47859925403788e-10,1.22728901013802e-09)
(-2.43636357779061e-11,-4.62256925969495e-10,1.11501011002344e-09)
(-2.499522749673e-11,-9.12211771397247e-10,9.1546709649596e-10)
(-2.48231668663351e-11,-2.09082134978588e-09,5.71454011117658e-10)
(0,0,0)
(0,0,0)
(0,0,0)
(0,0,0)
(0,0,0)
(0,0,0)
(-7.95191401043645e-12,-1.10093007043121e-12,2.61281695400617e-09)
(-1.48270982300892e-11,-3.72318855350868e-12,2.61132840144408e-09)
(-1.97175598202633e-11,-7.77403763725463e-12,2.60750599043679e-09)
(-2.26414915433659e-11,-1.53662832275761e-11,2.60045918078845e-09)
(-2.39698295429774e-11,-3.20400128169421e-11,2.58644517931328e-09)
(-2.40467872994215e-11,-6.72780352684949e-11,2.5555331296329e-09)
(-2.52828857505782e-11,-1.34643678682107e-10,2.48941839629611e-09)
(-2.71548724552338e-11,-2.63090523458278e-10,2.3557442262801e-09)
(-2.80240895403716e-11,-5.69869848807382e-10,2.09249393170352e-09)
(-2.84226181595091e-11,-1.52094308659144e-09,1.52175395196364e-09)
(0,0,0)
(0,0,0)
(0,0,0)
(0,0,0)
(0,0,0)
(0,0,0)
(0,0,0)
(0,0,0)
(0,0,0)
(0,0,0)
(0,0,0)
(0,0,0)
(0,0,0)
(0,0,0)
(0,0,0)
(0,0,0)
(0,0,0)
(0,0,0)
(0,0,0)
(0,0,0)
(0,0,0)
(0,0,0)
(0,0,0)
(0,0,0)
(0,0,0)
(0,0,0)
(0,0,0)
(0,0,0)
(0,0,0)
(0,0,0)
(0,0,0)
(0,0,0)
(0,0,0)
(0,0,0)
(0,0,0)
(0,0,0)
(0,0,0)
(0,0,0)
(0,0,0)
(0,0,0)
(0,0,0)
(0,0,0)
(0,0,0)
(0,0,0)
(0,0,0)
(0,0,0)
(0,0,0)
(0,0,0)
(0,0,0)
(0,0,0)
(0,0,0)
(0,0,0)
(0,0,0)
(0,0,0)
(0,0,0)
(0,0,0)
(0,0,0)
(0,0,0)
(0,0,0)
(0,0,0)
(0,0,0)
(0,0,0)
(0,0,0)
(0,0,0)
(0,0,0)
(0,0,0)
(0,0,0)
(0,0,0)
(0,0,0)
(0,0,0)
(0,0,0)
(0,0,0)
(0,0,0)
(0,0,0)
(0,0,0)
(0,0,0)
(0,0,0)
(0,0,0)
(0,0,0)
(0,0,0)
(0,0,0)
(0,0,0)
(0,0,0)
(0,0,0)
(0,0,0)
(0,0,0)
(0,0,0)
(0,0,0)
(0,0,0)
(0,0,0)
(0,0,0)
(0,0,0)
(0,0,0)
(0,0,0)
(0,0,0)
(0,0,0)
(0,0,0)
(0,0,0)
(0,0,0)
(0,0,0)
(0,0,0)
(0,0,0)
(2.58786043053246e-13,-3.14680488212863e-11,3.32121345710107e-11)
(-3.26038094241118e-13,-6.62156312587325e-11,3.18120902249936e-11)
(-1.10943111823836e-12,-1.11070033114117e-10,2.8349552492126e-11)
(-1.07271024103754e-12,-1.72217710408429e-10,2.2889443203222e-11)
(-4.48367023843332e-13,-2.59697545620969e-10,1.51662136782566e-11)
(6.48049817234089e-13,-3.86227713270901e-10,5.89516206756754e-12)
(1.98680679980875e-12,-5.70812554428681e-10,-2.64803722456196e-12)
(3.59488231174565e-12,-8.39608353091558e-10,-5.54527742729626e-12)
(4.56983015925334e-12,-1.2229128144691e-09,-4.59015768266924e-12)
(5.45450375542269e-12,-1.68948805145633e-09,-2.46931040724775e-12)
(0,0,0)
(0,0,0)
(0,0,0)
(0,0,0)
(0,0,0)
(0,0,0)
(-4.2560402833337e-13,-2.98007651999733e-11,7.30625899469077e-11)
(-1.12887148500752e-12,-6.29611335436522e-11,7.03141772633105e-11)
(-1.73351907750353e-12,-1.06021615036022e-10,6.37558368436886e-11)
(-2.16779181575871e-12,-1.64885229192386e-10,5.29045024589935e-11)
(-1.18854894108696e-12,-2.50885547760939e-10,3.64371635672202e-11)
(6.88558033003467e-13,-3.7866233974113e-10,1.50589869699355e-11)
(2.93818841318179e-12,-5.69359130976523e-10,-5.60359695138766e-12)
(7.27621530214637e-12,-8.42162950717072e-10,-1.11224664855278e-11)
(1.0381495005493e-11,-1.22594598954058e-09,-8.1140424712913e-12)
(1.25485183298283e-11,-1.69229584277105e-09,-4.02585500251184e-12)
(0,0,0)
(0,0,0)
(0,0,0)
(0,0,0)
(0,0,0)
(0,0,0)
(-1.85984801274024e-12,-2.70036231222628e-11,1.23498376269665e-10)
(-2.68225746014238e-12,-5.66514334927832e-11,1.19333396324141e-10)
(-3.43668490646697e-12,-9.54611154238387e-11,1.10407922146954e-10)
(-4.73315758648634e-12,-1.48977595834404e-10,9.46429235326927e-11)
(-4.85158154953821e-12,-2.30405520704978e-10,6.92671349694358e-11)
(-3.58654747066544e-12,-3.59815398824879e-10,3.29931829728061e-11)
(-5.70295472694529e-13,-5.66635358860662e-10,-6.47899001754636e-12)
(9.7572401425302e-12,-8.49784408508813e-10,-1.17423604327135e-11)
(1.45167669336079e-11,-1.23306983733063e-09,-5.42473644087514e-12)
(1.58091575278228e-11,-1.69772358734209e-09,-1.07142743469639e-12)
(0,0,0)
(0,0,0)
(0,0,0)
(0,0,0)
(0,0,0)
(0,0,0)
(-3.0281547141616e-12,-2.32362613496292e-11,1.91696752045959e-10)
(-5.12039584263538e-12,-4.80564182387184e-11,1.86016514026299e-10)
(-6.82759421771526e-12,-7.98206521596324e-11,1.7475926558283e-10)
(-9.46551548594953e-12,-1.23982824548083e-10,1.5569377064538e-10)
(-1.20446770586206e-11,-1.95122416944207e-10,1.25206589774589e-10)
(-1.37299892230338e-11,-3.21380368898316e-10,7.85792359627171e-11)
(-1.14047000819576e-11,-5.58175195302329e-10,1.70575050341642e-11)
(9.54481114406784e-12,-8.64533728347968e-10,1.43629995172821e-11)
(1.52150729262188e-11,-1.24390792321879e-09,1.77301454838497e-11)
(1.58867121026763e-11,-1.70255485404129e-09,1.24522353754345e-11)
(0,0,0)
(0,0,0)
(0,0,0)
(0,0,0)
(0,0,0)
(0,0,0)
(-4.24839151052405e-12,-1.78648233256091e-11,2.80854638454546e-10)
(-7.88335689518311e-12,-3.70324765519557e-11,2.75156177926178e-10)
(-1.12890208761755e-11,-6.0886032820369e-11,2.64103764747413e-10)
(-1.5751477423699e-11,-9.31361818468987e-11,2.46459248582665e-10)
(-2.07637084254619e-11,-1.46313931490253e-10,2.20205272311225e-10)
(-2.38860488375788e-11,-2.49296983585859e-10,1.87946612169449e-10)
(8.78780090947429e-12,-4.9544337625555e-10,1.90618948709201e-10)
(1.26983371270175e-11,-8.80561188612885e-10,1.24131681525703e-10)
(1.10054214092773e-11,-1.24913612116396e-09,8.48096117267092e-11)
(9.73549861944868e-12,-1.69629251432725e-09,4.4690316282796e-11)
(0,0,0)
(0,0,0)
(0,0,0)
(0,0,0)
(0,0,0)
(0,0,0)
(-5.00164546743057e-12,-1.25811447348093e-11,4.04294813936836e-10)
(-1.06965312809522e-11,-2.63237014783646e-11,3.99599113983971e-10)
(-1.52421036259836e-11,-4.26461443988618e-11,3.90484266868297e-10)
(-1.97619860162511e-11,-6.32653770436234e-11,3.76979721462708e-10)
(-2.41707995852114e-11,-9.99760349955054e-11,3.58780784629037e-10)
(-2.54937361654088e-11,-1.93380781345098e-10,3.35594265468649e-10)
(1.39170990278243e-12,-4.95801978520376e-10,3.30450848254986e-10)
(5.61516747407623e-12,-8.68880253288436e-10,2.62130925575377e-10)
(2.47632782740926e-12,-1.22167158627645e-09,1.83238701487423e-10)
(8.62357837173938e-13,-1.65861762589543e-09,9.46938218673691e-11)
(0,0,0)
(0,0,0)
(0,0,0)
(0,0,0)
(0,0,0)
(0,0,0)
(-5.0508438419341e-12,-8.20800126263661e-12,5.81096898760636e-10)
(-1.19570762454276e-11,-1.73179077262473e-11,5.78021323471439e-10)
(-1.73638491179608e-11,-2.73117865374766e-11,5.72165446282748e-10)
(-1.99877649525658e-11,-3.85949910483724e-11,5.65155103369096e-10)
(-1.60095697675549e-11,-5.7095086196523e-11,5.61606288916004e-10)
(6.1921901214841e-12,-1.15546344052586e-10,5.63698121148571e-10)
(-1.14800516241077e-11,-4.60547117028225e-10,4.84165394119894e-10)
(-8.80770054299595e-12,-8.1338982463872e-10,4.67282144131412e-10)
(-9.31992162363223e-12,-1.14368964232792e-09,3.26054897979033e-10)
(-9.60522502106218e-12,-1.56944910322182e-09,1.68036364729931e-10)
(0,0,0)
(0,0,0)
(0,0,0)
(0,0,0)
(0,0,0)
(0,0,0)
(-6.43238959023349e-12,-4.96106825977455e-12,8.40025333764027e-10)
(-1.3253540126846e-11,-1.11830485441691e-11,8.37620333927411e-10)
(-1.88302615399926e-11,-1.8581999504424e-11,8.33386023780848e-10)
(-2.18828634270708e-11,-3.05230268988244e-11,8.28806889515004e-10)
(-2.10637388575873e-11,-5.95642611574546e-11,8.27035342463627e-10)
(-1.49471362337068e-11,-1.50128040624864e-10,8.27978840113966e-10)
(-1.94619159055486e-11,-4.18172992704734e-10,8.03547279765267e-10)
(-1.86526299470751e-11,-6.72662759931487e-10,6.85301063755948e-10)
(-1.86036173980014e-11,-9.88933471504682e-10,5.00248626568242e-10)
(-1.84674791894744e-11,-1.40407666548463e-09,2.69740156832247e-10)
(0,0,0)
(0,0,0)
(0,0,0)
(0,0,0)
(0,0,0)
(0,0,0)
(-7.56183435153113e-12,-2.85624079658974e-12,1.21535374782007e-09)
(-1.45996054501125e-11,-7.09089163215467e-12,1.21315588915953e-09)
(-2.01653275041872e-11,-1.29174622734197e-11,1.20938370147825e-09)
(-2.40113754696738e-11,-2.52200948271915e-11,1.20376889929456e-09)
(-2.4960592321005e-11,-5.55906880012679e-11,1.19497536689323e-09)
(-2.39317061223136e-11,-1.31796797768309e-10,1.17639292575414e-09)
(-2.45395794313966e-11,-2.92841350826888e-10,1.12311342896029e-09)
(-2.3987024763003e-11,-4.85997666070808e-10,9.86574941045505e-10)
(-2.33240647073294e-11,-7.59415031114381e-10,7.63320609160038e-10)
(-2.32474189435298e-11,-1.13556914182463e-09,4.37909414545417e-10)
(0,0,0)
(0,0,0)
(0,0,0)
(0,0,0)
(0,0,0)
(0,0,0)
(-7.56429151999178e-12,-1.32121186971583e-12,1.67956908270018e-09)
(-1.47278757763521e-11,-3.70829952033879e-12,1.67755993415696e-09)
(-2.04447878089803e-11,-6.98110449484009e-12,1.67341138847789e-09)
(-2.39937732954257e-11,-1.47506332775637e-11,1.66627529329163e-09)
(-2.50977926793903e-11,-3.34144470547952e-11,1.65216589996112e-09)
(-2.52100892321382e-11,-7.49605616164827e-11,1.62055828504472e-09)
(-2.62523944158207e-11,-1.52718929136476e-10,1.54836034651918e-09)
(-2.69951013383093e-11,-2.61937468398918e-10,1.39775188951051e-09)
(-2.71539586077175e-11,-4.34960408644066e-10,1.13586434288634e-09)
(-2.76117527863603e-11,-6.9910871413585e-10,7.0014626864172e-10)
(0,0,0)
(0,0,0)
(0,0,0)
(0,0,0)
(0,0,0)
(0,0,0)
(0,0,0)
(0,0,0)
(0,0,0)
(0,0,0)
(0,0,0)
(0,0,0)
(0,0,0)
(0,0,0)
(0,0,0)
(0,0,0)
(0,0,0)
(0,0,0)
(0,0,0)
(0,0,0)
(0,0,0)
(0,0,0)
(0,0,0)
(0,0,0)
(0,0,0)
(0,0,0)
(0,0,0)
(0,0,0)
(0,0,0)
(0,0,0)
(0,0,0)
(0,0,0)
(0,0,0)
(0,0,0)
(0,0,0)
(0,0,0)
(0,0,0)
(0,0,0)
(0,0,0)
(0,0,0)
(0,0,0)
(0,0,0)
(0,0,0)
(0,0,0)
(0,0,0)
(0,0,0)
(0,0,0)
(0,0,0)
(0,0,0)
(0,0,0)
(0,0,0)
(0,0,0)
(0,0,0)
(0,0,0)
(0,0,0)
(0,0,0)
(0,0,0)
(0,0,0)
(0,0,0)
(0,0,0)
(0,0,0)
(0,0,0)
(0,0,0)
(0,0,0)
(0,0,0)
(0,0,0)
(0,0,0)
(0,0,0)
(0,0,0)
(0,0,0)
(0,0,0)
(0,0,0)
(0,0,0)
(0,0,0)
(0,0,0)
(0,0,0)
(0,0,0)
(0,0,0)
(0,0,0)
(0,0,0)
(0,0,0)
(0,0,0)
(0,0,0)
(0,0,0)
(0,0,0)
(0,0,0)
(0,0,0)
(0,0,0)
(0,0,0)
(0,0,0)
(0,0,0)
(0,0,0)
(0,0,0)
(0,0,0)
(0,0,0)
(0,0,0)
(0,0,0)
(0,0,0)
(0,0,0)
(0,0,0)
(0,0,0)
(0,0,0)
(-8.45323222189125e-15,-3.8225118899089e-11,4.07043218203841e-11)
(-1.17998076473969e-13,-7.9110356499801e-11,3.88713453403454e-11)
(-6.97739907420936e-13,-1.27868154609213e-10,3.43472649583401e-11)
(-6.81961932121455e-13,-1.92406804691427e-10,2.6940748798162e-11)
(1.0686726847091e-14,-2.82728186334984e-10,1.60973595895194e-11)
(1.62587557958486e-12,-4.08150694641877e-10,2.22558291793718e-12)
(3.430623550349e-12,-5.76567447295456e-10,-1.11939606987895e-11)
(5.19436019265198e-12,-7.86961205693005e-10,-1.37079097699868e-11)
(5.48215795526511e-12,-1.02466087242847e-09,-9.68842957280802e-12)
(5.79298466276005e-12,-1.22720114122152e-09,-4.78963493667087e-12)
(0,0,0)
(0,0,0)
(0,0,0)
(0,0,0)
(0,0,0)
(0,0,0)
(-4.74333422445224e-13,-3.60382333411033e-11,8.81518365784835e-11)
(-8.80231116215776e-13,-7.4567463012174e-11,8.42717070412736e-11)
(-1.4426843050158e-12,-1.21055635565329e-10,7.50917677808348e-11)
(-1.60808628193526e-12,-1.8267690891625e-10,5.99100516676431e-11)
(-2.90399399760894e-13,-2.70538261980179e-10,3.62661524571409e-11)
(2.50420103809821e-12,-3.97378131025477e-10,2.3403119936051e-12)
(5.73328583141634e-12,-5.77277582652932e-10,-3.49960830441442e-11)
(1.18892490797462e-11,-7.93971562958204e-10,-3.65325782689141e-11)
(1.34171553268494e-11,-1.0317432530981e-09,-2.26504981425676e-11)
(1.39504078982788e-11,-1.23315931141679e-09,-9.94934819676341e-12)
(0,0,0)
(0,0,0)
(0,0,0)
(0,0,0)
(0,0,0)
(0,0,0)
(-1.46222983985451e-12,-3.24019532400557e-11,1.46438264308091e-10)
(-2.35179853702908e-12,-6.60402226603246e-11,1.40261976206614e-10)
(-3.31214955642114e-12,-1.06807309892345e-10,1.27055349409569e-10)
(-4.3521403095202e-12,-1.607357777822e-10,1.04827643387629e-10)
(-3.86073331367793e-12,-2.40114757891778e-10,6.7202655068075e-11)
(-2.54940440696031e-12,-3.67037258188193e-10,3.65352573750046e-12)
(-3.76708861583053e-12,-5.86005719655966e-10,-9.08482444441555e-11)
(1.81889359897495e-11,-8.16780173693416e-10,-7.18966062541002e-11)
(2.10015438154412e-11,-1.04896318118609e-09,-3.46814671972136e-11)
(1.95689967928214e-11,-1.24477550123558e-09,-1.17388789995326e-11)
(0,0,0)
(0,0,0)
(0,0,0)
(0,0,0)
(0,0,0)
(0,0,0)
(-2.71935471846709e-12,-2.71201668587164e-11,2.20611598846316e-10)
(-4.88708908592016e-12,-5.40460945525886e-11,2.12571430747143e-10)
(-6.69671861953807e-12,-8.5641698353669e-11,1.96805567142303e-10)
(-9.82497731635954e-12,-1.25473906130947e-10,1.70574667338245e-10)
(-1.42258087007014e-11,-1.83860012288195e-10,1.24221809217551e-10)
(-2.42916436069485e-11,-2.91656091955704e-10,2.98306500444896e-11)
(-7.14420136117627e-11,-6.35321364291688e-10,-2.29226260292784e-10)
(2.22051254422189e-11,-8.800984392423e-10,-9.87974801105385e-11)
(2.57211809799577e-11,-1.08270868670954e-09,-2.46903404370645e-11)
(2.20766077637068e-11,-1.26113011210718e-09,-9.70273317787028e-13)
(0,0,0)
(0,0,0)
(0,0,0)
(0,0,0)
(0,0,0)
(0,0,0)
(-3.83360957294873e-12,-1.98839181985186e-11,3.12824339323211e-10)
(-7.53971879000777e-12,-3.95799660841999e-11,3.05468856246102e-10)
(-1.1884393132952e-11,-6.08119430475379e-11,2.90628088200734e-10)
(-1.93683059555099e-11,-8.24868684564038e-11,2.65913645826951e-10)
(-3.48429447784102e-11,-1.02977673718704e-10,2.237261096973e-10)
(-8.24745876180804e-11,-9.5438931244519e-11,1.4582885736744e-10)
(7.56336703577329e-11,-1.22451751755494e-09,-3.93698846905035e-17)
(4.03394716015043e-11,-1.03936262673806e-09,8.66615269854059e-11)
(2.36601819657018e-11,-1.12768796434994e-09,6.50602669286634e-11)
(1.67509264708704e-11,-1.26949733102116e-09,3.77777537076922e-11)
(0,0,0)
(0,0,0)
(0,0,0)
(0,0,0)
(0,0,0)
(0,0,0)
(-4.67908898671809e-12,-1.31748829017212e-11,4.33032780865978e-10)
(-1.05874779174208e-11,-2.58907438984031e-11,4.27319910849503e-10)
(-1.7071916081754e-11,-3.70457191353375e-11,4.1555024167082e-10)
(-2.62334351778701e-11,-4.14320441988634e-11,3.96918026441662e-10)
(-4.38652292237951e-11,-3.0753063408347e-11,3.67391634169336e-10)
(-9.81847562442503e-11,1.1216366880385e-11,3.01008248819608e-10)
(3.44567710901253e-11,-1.23554531154238e-09,-5.00528300316741e-16)
(2.90169629124432e-11,-1.0571677884911e-09,2.61052533598183e-10)
(1.30392634989933e-11,-1.11353071172222e-09,1.83341289830722e-10)
(6.38765703043704e-12,-1.23716889480831e-09,9.47123464138608e-11)
(0,0,0)
(0,0,0)
(0,0,0)
(0,0,0)
(0,0,0)
(0,0,0)
(-5.22220155551037e-12,-8.08704670359054e-12,5.88799242122332e-10)
(-1.22360582388861e-11,-1.49073916233513e-11,5.85226833986945e-10)
(-1.90832932373315e-11,-1.77412080661121e-11,5.7855489619444e-10)
(-2.45109146489907e-11,-6.50155427575908e-12,5.72827083878517e-10)
(-1.56322270393362e-11,5.47434774858598e-11,5.87144847494426e-10)
(1.20306613722507e-10,3.43223009394954e-10,7.21494404191801e-10)
(-3.69709259588245e-11,-1.46214157225117e-09,1.58458285975616e-09)
(-8.30751909807034e-12,-1.03797410353191e-09,6.83460830864601e-10)
(-6.05755919784012e-12,-1.03686259446242e-09,3.69198702221128e-10)
(-6.94129802793103e-12,-1.14616308254974e-09,1.73306922679845e-10)
(0,0,0)
(0,0,0)
(0,0,0)
(0,0,0)
(0,0,0)
(0,0,0)
(-6.13221721678233e-12,-4.59153835644702e-12,7.85164949411362e-10)
(-1.31113868922857e-11,-8.32949278287227e-12,7.82762805546193e-10)
(-1.99156645051451e-11,-9.38116836007343e-12,7.79040747389231e-10)
(-2.54142484475701e-11,-4.36111554004549e-12,7.78420584619189e-10)
(-2.59808096639261e-11,8.33888016354929e-12,7.93979362921293e-10)
(-8.846818741658e-12,-1.84493982829135e-11,8.59124536517641e-10)
(-2.6547341773951e-11,-5.97990547784388e-10,1.00353021725716e-09)
(-2.02652866201962e-11,-7.25852748212223e-10,7.41644349901925e-10)
(-1.7613588051944e-11,-8.41952521916561e-10,4.85379510541599e-10)
(-1.72348460176689e-11,-9.73948940345121e-10,2.44858539896439e-10)
(0,0,0)
(0,0,0)
(0,0,0)
(0,0,0)
(0,0,0)
(0,0,0)
(-6.89900461813194e-12,-2.53616125697377e-12,1.01314814893723e-09)
(-1.4210009880594e-11,-4.92837141077049e-12,1.01085962958495e-09)
(-2.0486883098943e-11,-7.13917622169898e-12,1.00751227950947e-09)
(-2.56873046180387e-11,-1.11084426123185e-11,1.00481216832245e-09)
(-2.85543921284593e-11,-2.62955868855228e-11,1.00596055287453e-09)
(-2.74884454802969e-11,-9.45772383230107e-11,1.01276002094517e-09)
(-2.8123513207095e-11,-3.20576206546444e-10,9.98934731896149e-10)
(-2.47928905493031e-11,-4.66332173003713e-10,8.35488623947678e-10)
(-2.23674925631299e-11,-6.0106381268441e-10,6.04630569754919e-10)
(-2.17984320867394e-11,-7.29579029939385e-10,3.24180994791274e-10)
(0,0,0)
(0,0,0)
(0,0,0)
(0,0,0)
(0,0,0)
(0,0,0)
(-6.87635484649304e-12,-1.06435363036032e-12,1.21016426556241e-09)
(-1.42876296176189e-11,-2.65905494117636e-12,1.20850139938125e-09)
(-2.02897971175559e-11,-4.53690723671862e-12,1.20477400822591e-09)
(-2.46350132424841e-11,-9.4304676642298e-12,1.1995992200146e-09)
(-2.69046248177799e-11,-2.35620607437749e-11,1.19091234135995e-09)
(-2.79727123230487e-11,-6.43598562168389e-11,1.1705317489389e-09)
(-2.83628665437495e-11,-1.51866858016832e-10,1.11109064353814e-09)
(-2.70450231129075e-11,-2.34063564948803e-10,9.61151627870818e-10)
(-2.63962930073409e-11,-3.20474569916317e-10,7.27458438009311e-10)
(-2.65741982803238e-11,-4.05667890491202e-10,4.06533129714312e-10)
(0,0,0)
(0,0,0)
(0,0,0)
(0,0,0)
(0,0,0)
(0,0,0)
(0,0,0)
(0,0,0)
(0,0,0)
(0,0,0)
(0,0,0)
(0,0,0)
(0,0,0)
(0,0,0)
(0,0,0)
(0,0,0)
(0,0,0)
(0,0,0)
(0,0,0)
(0,0,0)
(0,0,0)
(0,0,0)
(0,0,0)
(0,0,0)
(0,0,0)
(0,0,0)
(0,0,0)
(0,0,0)
(0,0,0)
(0,0,0)
(0,0,0)
(0,0,0)
(0,0,0)
(0,0,0)
(0,0,0)
(0,0,0)
(0,0,0)
(0,0,0)
(0,0,0)
(0,0,0)
(0,0,0)
(0,0,0)
(0,0,0)
(0,0,0)
(0,0,0)
(0,0,0)
(0,0,0)
(0,0,0)
(0,0,0)
(0,0,0)
(0,0,0)
(0,0,0)
(0,0,0)
(0,0,0)
(0,0,0)
(0,0,0)
(0,0,0)
(0,0,0)
(0,0,0)
(0,0,0)
(0,0,0)
(0,0,0)
(0,0,0)
(0,0,0)
(0,0,0)
(0,0,0)
(0,0,0)
(0,0,0)
(0,0,0)
(0,0,0)
(0,0,0)
(0,0,0)
(0,0,0)
(0,0,0)
(0,0,0)
(0,0,0)
(0,0,0)
(0,0,0)
(0,0,0)
(0,0,0)
(0,0,0)
(0,0,0)
(0,0,0)
(0,0,0)
(0,0,0)
(0,0,0)
(0,0,0)
(0,0,0)
(0,0,0)
(0,0,0)
(0,0,0)
(0,0,0)
(0,0,0)
(0,0,0)
(0,0,0)
(0,0,0)
(0,0,0)
(0,0,0)
(0,0,0)
(0,0,0)
(0,0,0)
(0,0,0)
(-3.62362310144176e-13,-4.14158734647726e-11,4.52050414501443e-11)
(-1.36811182081081e-13,-8.54189917895265e-11,4.30835654814936e-11)
(-1.03742791116352e-13,-1.34443090868269e-10,3.79552721962858e-11)
(4.31531501350018e-13,-1.97740198437802e-10,2.94858359873134e-11)
(1.69253904360485e-12,-2.83048237157932e-10,1.62897707517135e-11)
(4.27285557993899e-12,-3.96842039445655e-10,-1.76462502294395e-12)
(6.65470797901395e-12,-5.41996621046899e-10,-2.01168716953884e-11)
(8.18523726065648e-12,-7.0364966833273e-10,-2.24227432214112e-11)
(7.66574398880669e-12,-8.56661141273019e-10,-1.55358561871386e-11)
(6.96151992165488e-12,-9.61921438429774e-10,-7.47484759871768e-12)
(0,0,0)
(0,0,0)
(0,0,0)
(0,0,0)
(0,0,0)
(0,0,0)
(-2.30483986239571e-13,-3.92960788784359e-11,9.71382319168171e-11)
(-2.27532207664432e-13,-8.04294796726398e-11,9.24320304305041e-11)
(-5.09293864768999e-13,-1.26270888724515e-10,8.17353565029053e-11)
(9.46817944822962e-14,-1.85235751618224e-10,6.39891396368924e-11)
(3.21193697540826e-12,-2.66385484405056e-10,3.52004525267405e-11)
(9.4997232385952e-12,-3.80512370848334e-10,-9.27054241148124e-12)
(1.59979180592424e-11,-5.42492840589682e-10,-6.70336313067075e-11)
(2.08157796885031e-11,-7.12561094309575e-10,-6.47978926445625e-11)
(1.79359334690993e-11,-8.6562367019513e-10,-3.82264911308316e-11)
(1.5617249520249e-11,-9.69443286844067e-10,-1.60889705558745e-11)
(0,0,0)
(0,0,0)
(0,0,0)
(0,0,0)
(0,0,0)
(0,0,0)
(-5.67728119744627e-13,-3.49659012048021e-11,1.58444077193475e-10)
(-1.13929984769137e-12,-7.04811705477612e-11,1.51182811877248e-10)
(-2.25005507314953e-12,-1.09631423816975e-10,1.35825692923748e-10)
(-1.98902364126608e-12,-1.5827617683288e-10,1.09949170801594e-10)
(3.43365041328214e-12,-2.25122915277518e-10,6.50790924889861e-11)
(1.65711995422824e-11,-3.27940072556264e-10,-1.74970838039813e-11)
(2.65969178298772e-11,-5.54512869055526e-10,-2.04414039791742e-10)
(4.4292062481716e-11,-7.44292982647621e-10,-1.56834356741541e-10)
(3.18044611412128e-11,-8.8915853695135e-10,-7.02081640630534e-11)
(2.41847286649713e-11,-9.8517800749238e-10,-2.38263244873617e-11)
(0,0,0)
(0,0,0)
(0,0,0)
(0,0,0)
(0,0,0)
(0,0,0)
(-1.91543527951622e-12,-2.85899609845453e-11,2.32379397536132e-10)
(-3.58735394944286e-12,-5.66120543437608e-11,2.23589248862265e-10)
(-5.29557412160483e-12,-8.56486396664058e-11,2.05582474055626e-10)
(-6.45915687019296e-12,-1.16440594588342e-10,1.75865003453134e-10)
(-7.16988097182414e-13,-1.47370560757757e-10,1.27285201398275e-10)
(3.85481060190702e-11,-1.48515469861907e-10,5.50265275108039e-11)
(3.87325359469253e-10,-6.37989126306321e-10,1.49826036837955e-16)
(1.07362173264564e-10,-8.42927843503769e-10,-3.67785417834929e-10)
(4.69803915010399e-11,-9.38263882878357e-10,-9.32971136912159e-11)
(2.94735533597365e-11,-1.0088405308471e-09,-1.9707969693881e-11)
(0,0,0)
(0,0,0)
(0,0,0)
(0,0,0)
(0,0,0)
(0,0,0)
(-3.18716179264065e-12,-2.0764489251558e-11,3.19710572207349e-10)
(-6.38817293043972e-12,-4.04886390795402e-11,3.11474883577252e-10)
(-1.0936174671353e-11,-5.84906118679032e-11,2.94151607909424e-10)
(-1.82355940834326e-11,-7.20938448527702e-11,2.64525774245207e-10)
(-2.91703027588741e-11,-7.90666641532312e-11,2.14013771757548e-10)
(-4.33009890056031e-11,-7.13553774280563e-11,1.28514471601424e-10)
(-1.02010114981794e-16,6.19923653619101e-16,-2.5132708618587e-17)
(7.97458934112493e-11,-1.12835484812501e-09,5.10542874801043e-17)
(3.6785442558941e-11,-1.01323343751201e-09,2.2511266095505e-11)
(2.22002439658227e-11,-1.02757663237706e-09,2.30679962487858e-11)
(0,0,0)
(0,0,0)
(0,0,0)
(0,0,0)
(0,0,0)
(0,0,0)
(-4.05405516836789e-12,-1.37015239975436e-11,4.27553783679704e-10)
(-9.80116101378489e-12,-2.52761030810172e-11,4.20699079341054e-10)
(-1.77442119218403e-11,-3.24039473351664e-11,4.06302944962775e-10)
(-3.16375328286406e-11,-2.88107670212967e-11,3.8076942781348e-10)
(-6.29783847683156e-11,-8.39400547538001e-12,3.33798501527059e-10)
(-1.29182649410793e-10,2.95232174570772e-11,2.32800041439381e-10)
(-2.32757032216854e-18,4.69210205891314e-16,-4.5964767868527e-17)
(8.75345217206234e-11,-1.10462344228805e-09,-2.28545313957151e-16)
(2.50000896561258e-11,-1.00200663662506e-09,1.25531036927269e-10)
(1.00941911855553e-11,-9.9996774095896e-10,7.89730157635421e-11)
(0,0,0)
(0,0,0)
(0,0,0)
(0,0,0)
(0,0,0)
(0,0,0)
(-5.14530176724845e-12,-8.19941264774808e-12,5.56617246851074e-10)
(-1.21420192868628e-11,-1.33098594617806e-11,5.51511551510903e-10)
(-2.17155206274338e-11,-1.12874371550484e-11,5.4203865501661e-10)
(-4.0969117000633e-11,8.76739321044706e-12,5.27531807054273e-10)
(-1.03577186414436e-10,6.8193606327053e-11,5.04159784774089e-10)
(-3.81109434164098e-10,1.94165723429568e-10,4.32807219546966e-10)
(7.84660005114256e-17,6.4548895218016e-16,-7.96967069710421e-16)
(-6.16674577425909e-12,-1.17156595662628e-09,7.49315345390695e-10)
(-5.0758522023595e-12,-9.39268858791795e-10,3.61460609511259e-10)
(-5.84851755270745e-12,-9.14673800033767e-10,1.61335487328013e-10)
(0,0,0)
(0,0,0)
(0,0,0)
(0,0,0)
(0,0,0)
(0,0,0)
(-5.78545045113682e-12,-4.24086493965124e-12,6.99606671020446e-10)
(-1.27904501073626e-11,-5.99251763087729e-12,6.9637723625382e-10)
(-2.15374938735025e-11,-7.1090583724653e-13,6.91578716055332e-10)
(-3.42256996773765e-11,2.30487428040358e-11,6.89629001701314e-10)
(-5.64915162112288e-11,1.00986935962285e-10,7.05321981938215e-10)
(-7.7124659441029e-11,3.77948010209626e-10,7.95202204625052e-10)
(-4.20758156565813e-11,-7.4931544726611e-10,1.22853469501887e-09)
(-2.35210224684778e-11,-7.38199219353221e-10,7.57790217577527e-10)
(-1.79813266390208e-11,-7.25902382032913e-10,4.49800395620272e-10)
(-1.67462165269196e-11,-7.47895333093175e-10,2.15025863275239e-10)
(0,0,0)
(0,0,0)
(0,0,0)
(0,0,0)
(0,0,0)
(0,0,0)
(-6.08229289242982e-12,-2.11944131304921e-12,8.40217057197108e-10)
(-1.31319762747866e-11,-3.14749331348053e-12,8.37930514590115e-10)
(-2.03890408968386e-11,-1.25672800352931e-12,8.34736555726942e-10)
(-2.85136641182448e-11,5.51924720945004e-12,8.33185474535879e-10)
(-3.80873863408279e-11,1.56012449600284e-11,8.39621311371881e-10)
(-4.38805385374455e-11,-7.19142975678969e-12,8.66082992955748e-10)
(-3.3386753788254e-11,-3.19348556845754e-10,9.09103754858167e-10)
(-2.62034444114149e-11,-4.29285975573206e-10,7.21516141813967e-10)
(-2.25071603675747e-11,-4.88439276613415e-10,4.93466612413986e-10)
(-2.15285767435893e-11,-5.31115312730904e-10,2.52436489924325e-10)
(0,0,0)
(0,0,0)
(0,0,0)
(0,0,0)
(0,0,0)
(0,0,0)
(-6.27784229568678e-12,-8.08253455261855e-13,9.38227191895145e-10)
(-1.32192934034622e-11,-1.80942214637584e-12,9.36903231620582e-10)
(-1.96519161429624e-11,-1.89634581745365e-12,9.33724289300359e-10)
(-2.53786022520658e-11,-2.54558734514682e-12,9.30040357401271e-10)
(-3.00860931405028e-11,-8.85618513026883e-12,9.25604667423253e-10)
(-3.28914631391324e-11,-4.10683204648099e-11,9.16199633703858e-10)
(-3.02907088932554e-11,-1.38586738640197e-10,8.75982489901573e-10)
(-2.74153982002015e-11,-2.02761141450775e-10,7.34825463493121e-10)
(-2.59455546286494e-11,-2.47526215734832e-10,5.30190040999637e-10)
(-2.57089590572511e-11,-2.78626924862972e-10,2.80687523304628e-10)
(0,0,0)
(0,0,0)
(0,0,0)
(0,0,0)
(0,0,0)
(0,0,0)
(0,0,0)
(0,0,0)
(0,0,0)
(0,0,0)
(0,0,0)
(0,0,0)
(0,0,0)
(0,0,0)
(0,0,0)
(0,0,0)
(0,0,0)
(0,0,0)
(0,0,0)
(0,0,0)
(0,0,0)
(0,0,0)
(0,0,0)
(0,0,0)
(0,0,0)
(0,0,0)
(0,0,0)
(0,0,0)
(0,0,0)
(0,0,0)
(0,0,0)
(0,0,0)
(0,0,0)
(0,0,0)
(0,0,0)
(0,0,0)
(0,0,0)
(0,0,0)
(0,0,0)
(0,0,0)
(0,0,0)
(0,0,0)
(0,0,0)
(0,0,0)
(0,0,0)
(0,0,0)
(0,0,0)
(0,0,0)
(0,0,0)
(0,0,0)
(0,0,0)
(0,0,0)
(0,0,0)
(0,0,0)
(0,0,0)
(0,0,0)
(0,0,0)
(0,0,0)
(0,0,0)
(0,0,0)
(0,0,0)
(0,0,0)
(0,0,0)
(0,0,0)
(0,0,0)
(0,0,0)
(0,0,0)
(0,0,0)
(0,0,0)
(0,0,0)
(0,0,0)
(0,0,0)
(0,0,0)
(0,0,0)
(0,0,0)
(0,0,0)
(0,0,0)
(0,0,0)
(0,0,0)
(0,0,0)
(0,0,0)
(0,0,0)
(0,0,0)
(0,0,0)
(0,0,0)
(0,0,0)
(0,0,0)
(0,0,0)
(0,0,0)
(0,0,0)
(0,0,0)
(0,0,0)
(0,0,0)
(0,0,0)
(0,0,0)
(0,0,0)
(0,0,0)
(0,0,0)
(0,0,0)
(0,0,0)
(0,0,0)
(0,0,0)
(-3.60680927835855e-13,-4.17809982965056e-11,4.77871868118771e-11)
(1.96998624187872e-15,-8.60430313602976e-11,4.52529195797107e-11)
(1.93491274088151e-13,-1.34775931370622e-10,3.96092278884088e-11)
(1.12314991738776e-12,-1.95125700924368e-10,3.06457214565086e-11)
(3.08418206538333e-12,-2.72996680400758e-10,1.7133552214278e-11)
(6.29543365504416e-12,-3.72312054970606e-10,-1.57564775169375e-12)
(9.45679904787371e-12,-4.93505669962719e-10,-2.04412416426555e-11)
(1.0209776203148e-11,-6.19817318970562e-10,-2.27907209262007e-11)
(8.56726432249194e-12,-7.26663187751369e-10,-1.57477144652943e-11)
(7.00852073719948e-12,-7.90383346319258e-10,-7.54656055440162e-12)
(0,0,0)
(0,0,0)
(0,0,0)
(0,0,0)
(0,0,0)
(0,0,0)
(1.45539826452403e-13,-4.00993260751136e-11,1.00984731041862e-10)
(5.20832595047108e-13,-8.15142747715961e-11,9.58827483011604e-11)
(5.97458093714382e-13,-1.2653864833505e-10,8.45017703692676e-11)
(1.9237941192793e-12,-1.81922765909404e-10,6.60177243114916e-11)
(6.42036278608359e-12,-2.54564279547441e-10,3.70184165085839e-11)
(1.46905138417442e-11,-3.52988249826883e-10,-7.60084470009371e-12)
(2.57822078629008e-11,-4.90074299368502e-10,-6.58983790680372e-11)
(2.59762665128699e-11,-6.25361717591278e-10,-6.56610533525988e-11)
(1.93332796502917e-11,-7.33005435293236e-10,-3.90183996053791e-11)
(1.52629996126651e-11,-7.95889595280738e-10,-1.65297375066647e-11)
(0,0,0)
(0,0,0)
(0,0,0)
(0,0,0)
(0,0,0)
(0,0,0)
(3.17596976232331e-13,-3.59311540702811e-11,1.61003356260791e-10)
(3.48702901822287e-13,-7.16234540574642e-11,1.53656749699586e-10)
(-3.56317101573649e-13,-1.0957482029192e-10,1.3814440392542e-10)
(1.04547242680046e-12,-1.54063187887334e-10,1.12023620190928e-10)
(8.25747218646524e-12,-2.1077795289748e-10,6.79632019041443e-11)
(2.40635528356678e-11,-2.94526906584555e-10,-1.20586220771326e-11)
(6.24934920304777e-11,-4.88548841489661e-10,-1.93658020230461e-10)
(5.63007306593102e-11,-6.483454545837e-10,-1.58573689684236e-10)
(3.45279674924726e-11,-7.51923594802811e-10,-7.26679821979249e-11)
(2.40209275320933e-11,-8.09075253580037e-10,-2.51090728400371e-11)
(0,0,0)
(0,0,0)
(0,0,0)
(0,0,0)
(0,0,0)
(0,0,0)
(-9.5075833859777e-13,-2.96444870827836e-11,2.31559973594291e-10)
(-1.70399440703398e-12,-5.78767750832058e-11,2.23017753924459e-10)
(-2.73613131757834e-12,-8.55978413387431e-11,2.05089121461835e-10)
(-2.22610455091466e-12,-1.12263096751587e-10,1.75381190957704e-10)
(3.23778918579143e-12,-1.32602990822016e-10,1.2875892036426e-10)
(1.64143912699732e-11,-1.1430070802733e-10,6.32113505321399e-11)
(1.17121180900247e-10,-5.23747917360085e-10,8.47954347307067e-17)
(1.18300873742083e-10,-7.25158804754133e-10,-3.6215691439346e-10)
(4.83608021373964e-11,-7.91811014720424e-10,-9.84948394079465e-11)
(2.85016851958522e-11,-8.28212827176595e-10,-2.26100402352592e-11)
(0,0,0)
(0,0,0)
(0,0,0)
(0,0,0)
(0,0,0)
(0,0,0)
(-2.01443841657858e-12,-2.2161835468779e-11,3.12069926836754e-10)
(-4.27743326112079e-12,-4.19249971204014e-11,3.03979807570899e-10)
(-7.39700553987932e-12,-5.87760694531976e-11,2.86226855029636e-10)
(-1.10066694272266e-11,-7.01912207066556e-11,2.5567614756919e-10)
(-1.43436612806511e-11,-7.39055328135605e-11,2.04607211137664e-10)
(-1.56650871565931e-11,-6.65954874185092e-11,1.21587271051326e-10)
(-2.74836633526971e-17,3.1281065075855e-16,-2.35737796267531e-17)
(3.35032725330691e-11,-9.70861911734099e-10,5.90395867899275e-17)
(2.50019115187232e-11,-8.54383104783159e-10,1.40278465937525e-11)
(1.76593487965336e-11,-8.41995109951602e-10,1.76698220046933e-11)
(0,0,0)
(0,0,0)
(0,0,0)
(0,0,0)
(0,0,0)
(0,0,0)
(-2.70146217950293e-12,-1.51741575024718e-11,4.06260903093356e-10)
(-7.37127025476462e-12,-2.65663328090158e-11,3.99158519880203e-10)
(-1.33272049526259e-11,-3.30564299544146e-11,3.83403579732202e-10)
(-2.22447667740355e-11,-2.92740213107615e-11,3.55154886327411e-10)
(-3.85675364830731e-11,-1.11645996808883e-11,3.03319850039475e-10)
(-6.10250679791279e-11,1.75855363028196e-11,2.00082184385237e-10)
(3.9742294776096e-18,1.85100230749935e-16,-3.90633060734141e-17)
(2.89457705862738e-11,-9.3776246292231e-10,-1.68855008946144e-16)
(8.82033298659097e-12,-8.39300485015308e-10,1.05762928597786e-10)
(3.77326602390203e-12,-8.1403778290806e-10,6.75880886527471e-11)
(0,0,0)
(0,0,0)
(0,0,0)
(0,0,0)
(0,0,0)
(0,0,0)
(-3.99815413522538e-12,-9.30036205401425e-12,5.11304806999476e-10)
(-9.98646462340687e-12,-1.40101938125452e-11,5.05342671821261e-10)
(-1.77852039828986e-11,-1.19109372396291e-11,4.93561324158625e-10)
(-3.18784443140425e-11,6.95307773591124e-12,4.73808899373728e-10)
(-6.50179508225354e-11,5.71600318993416e-11,4.37483150020969e-10)
(-1.32083704430167e-10,1.47587209621774e-10,3.42724233247101e-10)
(2.88632985242607e-17,2.97761278440329e-16,-3.9993018252292e-16)
(-5.16787471679026e-11,-9.91323982149258e-10,6.41951108366616e-10)
(-1.83172067779301e-11,-7.82092915229666e-10,3.13087573426392e-10)
(-1.12914971652729e-11,-7.36768442936456e-10,1.39578243108432e-10)
(0,0,0)
(0,0,0)
(0,0,0)
(0,0,0)
(0,0,0)
(0,0,0)
(-4.67743931109697e-12,-4.87407123693651e-12,6.16627038040634e-10)
(-1.08369542262937e-11,-6.03001170500934e-12,6.12661913280823e-10)
(-1.90419573532514e-11,-3.16927002171997e-14,6.06152455743131e-10)
(-3.23891843196389e-11,2.61262497931618e-11,6.00146275794639e-10)
(-6.09860478958363e-11,1.09325849632257e-10,6.06935703486366e-10)
(-1.25317709868336e-10,3.8724447191683e-10,6.76741237105928e-10)
(-1.29822863560897e-12,-6.41951197693605e-10,1.05951545144315e-09)
(-2.44444442912814e-11,-6.29502331586903e-10,6.53788599415326e-10)
(-2.0669899713442e-11,-5.98124980052979e-10,3.84532613245378e-10)
(-1.85003736140036e-11,-5.91973816654482e-10,1.81744203510135e-10)
(0,0,0)
(0,0,0)
(0,0,0)
(0,0,0)
(0,0,0)
(0,0,0)
(-5.10693814318243e-12,-2.58293910716842e-12,7.08925602505499e-10)
(-1.12760885786912e-11,-3.22366098190612e-12,7.06175517604073e-10)
(-1.8198341891932e-11,-3.64483570136647e-13,7.01735370564625e-10)
(-2.68846663996493e-11,9.16970506844328e-12,6.97908744510427e-10)
(-4.00916378343981e-11,2.59436649834285e-11,7.01131736245959e-10)
(-5.30244097318782e-11,1.68087313573474e-11,7.22638797644946e-10)
(-2.65609589495846e-11,-2.70752895863075e-10,7.62792614292448e-10)
(-2.46787491338578e-11,-3.61598256985251e-10,5.99216940868119e-10)
(-2.23900987565095e-11,-3.94085568249686e-10,4.02267496025917e-10)
(-2.15804746871293e-11,-4.09528047845951e-10,2.0205519875449e-10)
(0,0,0)
(0,0,0)
(0,0,0)
(0,0,0)
(0,0,0)
(0,0,0)
(-5.76213547638535e-12,-1.15799327238436e-12,7.6605088057633e-10)
(-1.18497732296155e-11,-1.84003012637884e-12,7.63865623827998e-10)
(-1.7864330061327e-11,-1.26073013672424e-12,7.59490378383562e-10)
(-2.34884996191951e-11,-2.98191707532657e-13,7.54206859137559e-10)
(-2.95372445513761e-11,-3.12998956759352e-12,7.49103361756169e-10)
(-3.3742639801659e-11,-2.86682166314118e-11,7.40468035877026e-10)
(-2.7720421125001e-11,-1.16821443862302e-10,7.06202733045738e-10)
(-2.55411171574918e-11,-1.682037569323e-10,5.83914420679456e-10)
(-2.39692526684679e-11,-1.95547812573886e-10,4.1167203051576e-10)
(-2.36483606156128e-11,-2.09090880412256e-10,2.12546938678432e-10)
(0,0,0)
(0,0,0)
(0,0,0)
(0,0,0)
(0,0,0)
(0,0,0)
(0,0,0)
(0,0,0)
(0,0,0)
(0,0,0)
(0,0,0)
(0,0,0)
(0,0,0)
(0,0,0)
(0,0,0)
(0,0,0)
(0,0,0)
(0,0,0)
(0,0,0)
(0,0,0)
(0,0,0)
(0,0,0)
(0,0,0)
(0,0,0)
(0,0,0)
(0,0,0)
(0,0,0)
(0,0,0)
(0,0,0)
(0,0,0)
(0,0,0)
(0,0,0)
(0,0,0)
(0,0,0)
(0,0,0)
(0,0,0)
(0,0,0)
(0,0,0)
(0,0,0)
(0,0,0)
(0,0,0)
(0,0,0)
(0,0,0)
(0,0,0)
(0,0,0)
(0,0,0)
(0,0,0)
(0,0,0)
(0,0,0)
(0,0,0)
(0,0,0)
(0,0,0)
(0,0,0)
(0,0,0)
(0,0,0)
(0,0,0)
(0,0,0)
(0,0,0)
(0,0,0)
(0,0,0)
(0,0,0)
(0,0,0)
(0,0,0)
(0,0,0)
(0,0,0)
(0,0,0)
(0,0,0)
(0,0,0)
(0,0,0)
(0,0,0)
(0,0,0)
(0,0,0)
(0,0,0)
(0,0,0)
(0,0,0)
(0,0,0)
(0,0,0)
(0,0,0)
(0,0,0)
(0,0,0)
(0,0,0)
(0,0,0)
(0,0,0)
(0,0,0)
(0,0,0)
(0,0,0)
(0,0,0)
(0,0,0)
(0,0,0)
(0,0,0)
(0,0,0)
(0,0,0)
(0,0,0)
(0,0,0)
(0,0,0)
(0,0,0)
(0,0,0)
(0,0,0)
(0,0,0)
(0,0,0)
(0,0,0)
(0,0,0)
(4.91914083010728e-13,-4.18184776232339e-11,4.80975249014394e-11)
(1.11690508881628e-12,-8.56439073010743e-11,4.57055214341201e-11)
(9.19714670423692e-13,-1.33233999610637e-10,4.05778861680644e-11)
(1.43238414463769e-12,-1.89935522953281e-10,3.23495748620307e-11)
(3.36098117802998e-12,-2.61222429527646e-10,2.04774981040682e-11)
(5.8372224022908e-12,-3.48587738712118e-10,4.67389326817086e-12)
(8.37490773718738e-12,-4.48927087755193e-10,-1.12957120687631e-11)
(8.71116836294992e-12,-5.4899623799376e-10,-1.46847833176285e-11)
(6.70835795349826e-12,-6.28991744953194e-10,-1.06665169953414e-11)
(4.9682091443337e-12,-6.73093157756897e-10,-5.36699247316832e-12)
(0,0,0)
(0,0,0)
(0,0,0)
(0,0,0)
(0,0,0)
(0,0,0)
(1.07935056234604e-12,-3.97084504889247e-11,9.98198156224545e-11)
(2.01098981276721e-12,-8.10482599777236e-11,9.54972238493966e-11)
(2.11767610839366e-12,-1.25590238683438e-10,8.54389187756571e-11)
(3.06352390010547e-12,-1.78449403451213e-10,6.84828714183022e-11)
(7.25329734478437e-12,-2.44762292437473e-10,4.28885469909381e-11)
(1.45267049673289e-11,-3.29989051610997e-10,6.4213156884891e-12)
(2.40194242686297e-11,-4.41160119591932e-10,-3.8636799352626e-11)
(2.2317349758067e-11,-5.49145886041801e-10,-4.23275374224034e-11)
(1.57627770612093e-11,-6.31307648426325e-10,-2.59127207303383e-11)
(1.1918920405161e-11,-6.75736620518725e-10,-1.12396877584354e-11)
(0,0,0)
(0,0,0)
(0,0,0)
(0,0,0)
(0,0,0)
(0,0,0)
(1.37753654994046e-12,-3.57118708941028e-11,1.57371239579149e-10)
(2.11436970172167e-12,-7.1886884776993e-11,1.51227132073637e-10)
(1.78748767975283e-12,-1.09764003214289e-10,1.37451528818635e-10)
(3.30579957780887e-12,-1.53313842964184e-10,1.1400487441522e-10)
(1.01043340923207e-11,-2.06018034287143e-10,7.67238766902284e-11)
(2.54367524317427e-11,-2.77276742193126e-10,1.48132488018314e-11)
(6.26082373546718e-11,-4.21190479996571e-10,-1.14238080966589e-10)
(4.72083733434544e-11,-5.53447659782697e-10,-9.90780180722813e-11)
(2.68564780522566e-11,-6.38662649049528e-10,-4.56458104410083e-11)
(1.80494282885888e-11,-6.8148925467371e-10,-1.53133291660067e-11)
(0,0,0)
(0,0,0)
(0,0,0)
(0,0,0)
(0,0,0)
(0,0,0)
(1.08809717229366e-13,-3.0206681397796e-11,2.23764995154759e-10)
(2.7286009281265e-13,-5.94401573934315e-11,2.1604025318564e-10)
(1.50027300939296e-13,-8.78614045635172e-11,1.99806647216961e-10)
(2.32428999764756e-12,-1.16575510811377e-10,1.73587009091014e-10)
(1.00879010094318e-11,-1.39965316327141e-10,1.34638229770389e-10)
(3.19204363978491e-11,-1.2943030157534e-10,8.63945124303316e-11)
(-4.44700500815939e-11,-3.69349366588465e-10,8.3633375197452e-11)
(1.00341905736527e-10,-5.70241008614993e-10,-2.14403934078308e-10)
(3.50480930274867e-11,-6.52735082075057e-10,-5.41413681441961e-11)
(1.9673927735554e-11,-6.87586786589127e-10,-9.77312869297862e-12)
(0,0,0)
(0,0,0)
(0,0,0)
(0,0,0)
(0,0,0)
(0,0,0)
(-9.11997117068764e-13,-2.34671622717553e-11,2.98431672986235e-10)
(-1.88314503121704e-12,-4.50683400256779e-11,2.90804913007957e-10)
(-2.56593757820089e-12,-6.38562469985532e-11,2.74137033328627e-10)
(-8.54932391604381e-13,-7.93909255919717e-11,2.46880199685689e-10)
(5.93534567302964e-12,-8.90526747761364e-11,2.03244784519414e-10)
(2.17411837472112e-11,-9.56691699945569e-11,1.32373884617111e-10)
(1.76133902392365e-17,3.17231817637728e-16,-8.63500416500844e-17)
(-1.36239638328795e-11,-6.25422071588431e-10,6.09763137452855e-11)
(6.27731633994601e-12,-6.68689721645167e-10,3.76154649806639e-11)
(7.37184375785106e-12,-6.84557567751381e-10,2.41993318115017e-11)
(0,0,0)
(0,0,0)
(0,0,0)
(0,0,0)
(0,0,0)
(0,0,0)
(-1.47287441479586e-12,-1.69970365221385e-11,3.80918580753265e-10)
(-4.17246910324165e-12,-3.0974782454194e-11,3.73977692836989e-10)
(-6.2240042626534e-12,-4.06788663620031e-11,3.58423964194456e-10)
(-6.63682953272961e-12,-4.31966994223511e-11,3.32744984432126e-10)
(-3.65450240907408e-12,-3.50923100545679e-11,2.8813614751925e-10)
(9.0554821504363e-12,-1.72105708366241e-11,2.00445943586233e-10)
(2.11048846599452e-17,2.12877737894976e-16,-1.15253217380283e-16)
(-2.32558076395732e-11,-5.9320709627667e-10,1.16780240343769e-10)
(-1.02123968540073e-11,-6.4290003971397e-10,1.17057409789904e-10)
(-5.90798529505062e-12,-6.51260353931422e-10,6.5238559202105e-11)
(0,0,0)
(0,0,0)
(0,0,0)
(0,0,0)
(0,0,0)
(0,0,0)
(-2.46230977409026e-12,-1.10712800384695e-11,4.66842638502268e-10)
(-6.18529906831577e-12,-1.84891112005415e-11,4.60920404140799e-10)
(-9.91202373739968e-12,-2.09179892172589e-11,4.4849516632813e-10)
(-1.47258670185688e-11,-1.16403409396069e-11,4.28655588108683e-10)
(-2.24248517815651e-11,1.82741166061443e-11,3.93900397555737e-10)
(-2.90163335479304e-11,7.56002120691618e-11,3.08746370703904e-10)
(1.60213796588944e-17,2.66058580382833e-16,-3.64989003207387e-16)
(-8.4636862790047e-11,-5.77807062364721e-10,4.29270372404804e-10)
(-2.87758116366948e-11,-5.8418076379372e-10,2.47588609380327e-10)
(-1.65078803388823e-11,-5.80916440320322e-10,1.16675229956596e-10)
(0,0,0)
(0,0,0)
(0,0,0)
(0,0,0)
(0,0,0)
(0,0,0)
(-3.00344668106125e-12,-6.50045611923098e-12,5.48481174038505e-10)
(-7.13384741172084e-12,-9.97482290420972e-12,5.44019352502701e-10)
(-1.2702986534821e-11,-8.71549387234287e-12,5.35828904477062e-10)
(-2.22220672866617e-11,6.11820289913931e-12,5.25474295303032e-10)
(-4.74093968665641e-11,5.56048990396433e-11,5.18175472489418e-10)
(-1.37656183646082e-10,2.19145643277512e-10,5.29272412339133e-10)
(3.32303215617215e-11,-3.91292107428866e-10,6.24398246599311e-10)
(-2.30925327229947e-11,-4.4471665677835e-10,4.7518425430504e-10)
(-2.19209017815185e-11,-4.60600718515187e-10,3.04037603482092e-10)
(-1.92019389124778e-11,-4.65355772091356e-10,1.48154397203274e-10)
(0,0,0)
(0,0,0)
(0,0,0)
(0,0,0)
(0,0,0)
(0,0,0)
(-3.78179907655843e-12,-3.7734633777724e-12,6.14396002104236e-10)
(-8.21957239479062e-12,-5.81526782872721e-12,6.1074412042684e-10)
(-1.34754692711264e-11,-5.8864454017154e-12,6.04592745610958e-10)
(-2.06397613592259e-11,-1.63090861319391e-12,5.96701623736097e-10)
(-3.2525044682346e-11,5.38254920913305e-12,5.90375589602721e-10)
(-4.77012783906265e-11,-8.46225491934828e-12,5.87696603121414e-10)
(-1.69167375260979e-11,-2.00571642390861e-10,5.79358094219969e-10)
(-2.11238043446101e-11,-2.77699063861604e-10,4.70062207982032e-10)
(-2.07155571609057e-11,-3.08817805591081e-10,3.2142697251076e-10)
(-1.99624433662801e-11,-3.20593032594341e-10,1.623062666374e-10)
(0,0,0)
(0,0,0)
(0,0,0)
(0,0,0)
(0,0,0)
(0,0,0)
(-4.73487200043748e-12,-1.70632292600282e-12,6.52187873419126e-10)
(-9.31455791155798e-12,-2.98058296786491e-12,6.48878376676548e-10)
(-1.38415409520486e-11,-3.84589418725412e-12,6.43220461979332e-10)
(-1.86831939453372e-11,-4.69524289307931e-12,6.34745801570811e-10)
(-2.40319082398269e-11,-9.15970759901838e-12,6.2393960245268e-10)
(-2.81455536017832e-11,-3.02170606954127e-11,6.06400465113195e-10)
(-2.22535526210215e-11,-9.380703300223e-11,5.65379153380106e-10)
(-2.15024839260926e-11,-1.33661260724507e-10,4.65858221261903e-10)
(-2.03919734050454e-11,-1.54188989699942e-10,3.26897381445424e-10)
(-2.01923023494382e-11,-1.62786873464474e-10,1.67861499479936e-10)
(0,0,0)
(0,0,0)
(0,0,0)
(0,0,0)
(0,0,0)
(0,0,0)
(0,0,0)
(0,0,0)
(0,0,0)
(0,0,0)
(0,0,0)
(0,0,0)
(0,0,0)
(0,0,0)
(0,0,0)
(0,0,0)
(0,0,0)
(0,0,0)
(0,0,0)
(0,0,0)
(0,0,0)
(0,0,0)
(0,0,0)
(0,0,0)
(0,0,0)
(0,0,0)
(0,0,0)
(0,0,0)
(0,0,0)
(0,0,0)
(0,0,0)
(0,0,0)
(0,0,0)
(0,0,0)
(0,0,0)
(0,0,0)
(0,0,0)
(0,0,0)
(0,0,0)
(0,0,0)
(0,0,0)
(0,0,0)
(0,0,0)
(0,0,0)
(0,0,0)
(0,0,0)
(0,0,0)
(0,0,0)
(0,0,0)
(0,0,0)
(0,0,0)
(0,0,0)
(0,0,0)
(0,0,0)
(0,0,0)
(0,0,0)
(0,0,0)
(0,0,0)
(0,0,0)
(0,0,0)
(0,0,0)
(0,0,0)
(0,0,0)
(0,0,0)
(0,0,0)
(0,0,0)
(0,0,0)
(0,0,0)
(0,0,0)
(0,0,0)
(0,0,0)
(0,0,0)
(0,0,0)
(0,0,0)
(0,0,0)
(0,0,0)
(0,0,0)
(0,0,0)
(0,0,0)
(0,0,0)
(0,0,0)
(0,0,0)
(0,0,0)
(0,0,0)
(0,0,0)
(0,0,0)
(0,0,0)
(0,0,0)
(0,0,0)
(0,0,0)
(0,0,0)
(0,0,0)
(0,0,0)
(0,0,0)
(0,0,0)
(0,0,0)
(0,0,0)
(0,0,0)
(0,0,0)
(0,0,0)
(0,0,0)
(0,0,0)
(7.73890416093682e-13,-4.18595254605486e-11,4.69016446804247e-11)
(1.64889303147878e-12,-8.48659383679127e-11,4.45909689095952e-11)
(1.5042650492907e-12,-1.31647583000214e-10,4.04936014962756e-11)
(1.81834140051756e-12,-1.86196283393823e-10,3.38920543487317e-11)
(2.70444892374288e-12,-2.52515085907096e-10,2.46933370792082e-11)
(3.2081406381143e-12,-3.30701563187529e-10,1.32017869886671e-11)
(3.99701082276133e-12,-4.15228924816572e-10,1.48999068473837e-12)
(4.84255008876942e-12,-4.95806751799567e-10,-3.11773217373165e-12)
(3.72473690441046e-12,-5.58030062891493e-10,-3.18417712469641e-12)
(2.24467943300196e-12,-5.91582600952743e-10,-1.71696843096084e-12)
(0,0,0)
(0,0,0)
(0,0,0)
(0,0,0)
(0,0,0)
(0,0,0)
(1.40536274059402e-12,-3.96803607237616e-11,9.57763162702485e-11)
(2.90791968575318e-12,-8.07304139531987e-11,9.20544497405325e-11)
(3.24748799660761e-12,-1.25167649188043e-10,8.42689514146677e-11)
(3.52228784044484e-12,-1.77135691442846e-10,7.10880316195698e-11)
(4.97627049690842e-12,-2.40318391121909e-10,5.12890736597653e-11)
(6.87251059055178e-12,-3.17316187005316e-10,2.5380277319175e-11)
(7.74052274304743e-12,-4.08314467341536e-10,-2.48511250356178e-12)
(1.02043068069251e-11,-4.93214191655587e-10,-1.01489093876089e-11)
(8.44474471258285e-12,-5.57346700674554e-10,-6.74361526740016e-12)
(6.43186680170175e-12,-5.91571676379547e-10,-2.6990591948747e-12)
(0,0,0)
(0,0,0)
(0,0,0)
(0,0,0)
(0,0,0)
(0,0,0)
(2.01645455914099e-12,-3.60472706372625e-11,1.51422075582706e-10)
(3.44324557316889e-12,-7.27908008071701e-11,1.46361634244264e-10)
(3.33154343241143e-12,-1.11798103470838e-10,1.35418263202893e-10)
(3.84846515002851e-12,-1.56954113641071e-10,1.17007120288784e-10)
(5.96224402068355e-12,-2.12382222744608e-10,8.86044951101622e-11)
(6.64164158235154e-12,-2.8545163296672e-10,4.60761377188211e-11)
(-4.39293894772889e-12,-3.95595674094595e-10,-1.44295553250534e-11)
(1.05695145444554e-11,-4.90587229141614e-10,-2.02949477853546e-11)
(1.05964298027405e-11,-5.56409799037259e-10,-8.1272277763096e-12)
(8.83363103795399e-12,-5.90288213695218e-10,-1.10168496873355e-12)
(0,0,0)
(0,0,0)
(0,0,0)
(0,0,0)
(0,0,0)
(0,0,0)
(1.09403256029587e-12,-3.10804158901145e-11,2.14682393309283e-10)
(2.13464869373003e-12,-6.17721740474472e-11,2.08075173057836e-10)
(2.36450786193365e-12,-9.31716327680696e-11,1.94754885215847e-10)
(4.08848409883042e-12,-1.27725225791117e-10,1.73546617017059e-10)
(7.41897679851031e-12,-1.66921003287785e-10,1.41657446178805e-10)
(9.2044204994592e-13,-2.20296890448473e-10,8.94137183552122e-11)
(-1.15782424626029e-10,-3.90932530673896e-10,-3.91694564065526e-11)
(-4.73959722415254e-12,-4.93734509214815e-10,-1.84100507407096e-11)
(6.63449314631183e-12,-5.556146844354e-10,5.16590538409545e-12)
(6.87158020483297e-12,-5.85488781704562e-10,8.27600333517662e-12)
(0,0,0)
(0,0,0)
(0,0,0)
(0,0,0)
(0,0,0)
(0,0,0)
(2.44637111599372e-13,-2.49855156583384e-11,2.84345348207671e-10)
(6.91177076613417e-13,-4.89401860259071e-11,2.77319073296662e-10)
(1.51351542819124e-12,-7.21363600601654e-11,2.63310794086999e-10)
(6.58625660503874e-12,-9.47483114270546e-11,2.42076301959383e-10)
(2.28458808537775e-11,-1.1104496450449e-10,2.13202062773928e-10)
(7.56565555564409e-11,-9.07200524649401e-11,1.82661623255195e-10)
(-6.09762781278574e-11,-5.02842903232378e-10,1.98545686798111e-10)
(-2.24780903800691e-11,-5.1434495390234e-10,1.03503044739672e-10)
(-6.09623242216613e-12,-5.50744146322618e-10,6.49571303994036e-11)
(-1.72603825058212e-12,-5.70961358848334e-10,3.4093604895588e-11)
(0,0,0)
(0,0,0)
(0,0,0)
(0,0,0)
(0,0,0)
(0,0,0)
(-4.57742982232615e-13,-1.88719321064488e-11,3.58190281467491e-10)
(-1.10441171432632e-12,-3.60560618245764e-11,3.51409331571972e-10)
(-3.05901645069833e-13,-5.17335797862545e-11,3.38040921654825e-10)
(6.41564889739935e-12,-6.44278903747433e-11,3.18702421358973e-10)
(3.06692748632458e-11,-6.91164915901718e-11,2.93762803003817e-10)
(1.16690758084121e-10,-4.83496628022912e-11,2.72263810047791e-10)
(-1.16780387672944e-10,-4.51526839539152e-10,3.03232157455043e-10)
(-3.89330109976735e-11,-4.85665644023585e-10,1.96356999138295e-10)
(-1.71128221863991e-11,-5.18889977165007e-10,1.30090861443257e-10)
(-1.10133397040226e-11,-5.33907532936986e-10,6.60062992677323e-11)
(0,0,0)
(0,0,0)
(0,0,0)
(0,0,0)
(0,0,0)
(0,0,0)
(-1.11089933183077e-12,-1.32256254435893e-11,4.3063973610748e-10)
(-2.27434955206757e-12,-2.45632919135001e-11,4.2470904536192e-10)
(-2.27494086278921e-12,-3.43659750492437e-11,4.13494900618393e-10)
(2.27077969559027e-12,-3.90956207673424e-11,3.97986382601782e-10)
(2.53983926367925e-11,-3.28707015718614e-11,3.81440429497074e-10)
(1.36184970936606e-10,9.63302844202275e-12,3.84206622806692e-10)
(-3.79783478849261e-11,-4.38585334476346e-10,5.38649600507768e-10)
(-3.60455053520019e-11,-4.40108324788875e-10,3.3334894744493e-10)
(-2.14424774915343e-11,-4.5965623713314e-10,2.05536110603586e-10)
(-1.53933186113144e-11,-4.69168911558185e-10,9.98547425163671e-11)
(0,0,0)
(0,0,0)
(0,0,0)
(0,0,0)
(0,0,0)
(0,0,0)
(-1.26861788668618e-12,-8.62626688550053e-12,4.96671342631273e-10)
(-3.10295446164623e-12,-1.5732165262159e-11,4.91748821304071e-10)
(-5.17742583136478e-12,-2.19279822489521e-11,4.82913780741736e-10)
(-7.17413296073009e-12,-2.43081962239914e-11,4.70911370940153e-10)
(-8.28398688577084e-12,-2.33808332160879e-11,4.59411573475816e-10)
(-5.17411970944624e-12,-3.86983716400973e-11,4.56006617377981e-10)
(-8.2761511819707e-12,-2.62117419284775e-10,4.69866018351687e-10)
(-1.89634748167839e-11,-3.32529089386347e-10,3.66061225149454e-10)
(-1.7820608426767e-11,-3.62422936055968e-10,2.43832583296604e-10)
(-1.58102812061771e-11,-3.74063530167513e-10,1.21464435812152e-10)
(0,0,0)
(0,0,0)
(0,0,0)
(0,0,0)
(0,0,0)
(0,0,0)
(-2.19705785087011e-12,-5.04174305710355e-12,5.48209257089861e-10)
(-4.90288243979865e-12,-9.30899962073754e-12,5.43967370425868e-10)
(-7.62489861071364e-12,-1.39380956762136e-11,5.36392887942717e-10)
(-1.12493929459703e-11,-1.86676064465343e-11,5.25283636789742e-10)
(-1.53038013929013e-11,-2.80734553908702e-11,5.11639404499266e-10)
(-1.76079637131088e-11,-6.00561988198014e-11,4.94167000689978e-10)
(-1.43854606767478e-11,-1.60201533735589e-10,4.62719941741625e-10)
(-1.65263720104326e-11,-2.1775476759166e-10,3.76090518057206e-10)
(-1.62236671786891e-11,-2.46452645466946e-10,2.6026994833101e-10)
(-1.54623358587394e-11,-2.57881126933371e-10,1.32223236151552e-10)
(0,0,0)
(0,0,0)
(0,0,0)
(0,0,0)
(0,0,0)
(0,0,0)
(-3.13169818386251e-12,-2.13294483848475e-12,5.75917380505607e-10)
(-6.63722618220642e-12,-4.27730783654993e-12,5.71914592714871e-10)
(-9.21277473078238e-12,-7.11976545791818e-12,5.64748754122948e-10)
(-1.25722377202851e-11,-1.12931889772407e-11,5.53397423430294e-10)
(-1.56524784993606e-11,-1.9570397642222e-11,5.36551626573583e-10)
(-1.73413025641121e-11,-3.92333166417424e-11,5.10330313525339e-10)
(-1.65396535050483e-11,-7.90518425260289e-11,4.64038001627239e-10)
(-1.62029048341258e-11,-1.07847910323912e-10,3.79359021597998e-10)
(-1.55450811395097e-11,-1.24085273851818e-10,2.65904700101116e-10)
(-1.51176763339907e-11,-1.30732520043119e-10,1.36276657423361e-10)
(0,0,0)
(0,0,0)
(0,0,0)
(0,0,0)
(0,0,0)
(0,0,0)
(0,0,0)
(0,0,0)
(0,0,0)
(0,0,0)
(0,0,0)
(0,0,0)
(0,0,0)
(0,0,0)
(0,0,0)
(0,0,0)
(0,0,0)
(0,0,0)
(0,0,0)
(0,0,0)
(0,0,0)
(0,0,0)
(0,0,0)
(0,0,0)
(0,0,0)
(0,0,0)
(0,0,0)
(0,0,0)
(0,0,0)
(0,0,0)
(0,0,0)
(0,0,0)
(0,0,0)
(0,0,0)
(0,0,0)
(0,0,0)
(0,0,0)
(0,0,0)
(0,0,0)
(0,0,0)
(0,0,0)
(0,0,0)
(0,0,0)
(0,0,0)
(0,0,0)
(0,0,0)
(0,0,0)
(0,0,0)
(0,0,0)
(0,0,0)
(0,0,0)
(0,0,0)
(0,0,0)
(0,0,0)
(0,0,0)
(0,0,0)
(0,0,0)
(0,0,0)
(0,0,0)
(0,0,0)
(0,0,0)
(0,0,0)
(0,0,0)
(0,0,0)
(0,0,0)
(0,0,0)
(0,0,0)
(0,0,0)
(0,0,0)
(0,0,0)
(0,0,0)
(0,0,0)
(0,0,0)
(0,0,0)
(0,0,0)
(0,0,0)
(0,0,0)
(0,0,0)
(0,0,0)
(0,0,0)
(0,0,0)
(0,0,0)
(0,0,0)
(0,0,0)
(0,0,0)
(0,0,0)
(0,0,0)
(0,0,0)
(0,0,0)
(0,0,0)
(0,0,0)
(0,0,0)
(0,0,0)
(0,0,0)
(0,0,0)
(0,0,0)
(0,0,0)
(0,0,0)
(0,0,0)
(0,0,0)
(0,0,0)
(0,0,0)
(9.05401450141002e-13,-4.13560408404999e-11,4.4662894529564e-11)
(1.6107360300911e-12,-8.42901957898551e-11,4.29874768113571e-11)
(1.62587838465605e-12,-1.31251432861335e-10,3.99179421370445e-11)
(1.95646671908684e-12,-1.85427127226789e-10,3.47377336605704e-11)
(1.99930422907078e-12,-2.48324620989421e-10,2.7591795307794e-11)
(1.53456075988782e-12,-3.19487695135142e-10,1.91545489376347e-11)
(1.69027620614615e-12,-3.93189909127138e-10,1.06092205912119e-11)
(2.31643489571443e-12,-4.60508453076435e-10,5.43258085161193e-12)
(1.57416599372144e-12,-5.11242474348832e-10,2.85926443472021e-12)
(5.16786428876489e-13,-5.3902262312939e-10,1.59276100656535e-12)
(0,0,0)
(0,0,0)
(0,0,0)
(0,0,0)
(0,0,0)
(0,0,0)
(1.49413918380412e-12,-3.93529988604373e-11,9.18232059626768e-11)
(2.75380486557012e-12,-8.0487839742135e-11,8.91448232604759e-11)
(3.05886207453182e-12,-1.25543963640055e-10,8.34627960989118e-11)
(3.13966799847608e-12,-1.77765792572013e-10,7.35111205044298e-11)
(2.94889846019295e-12,-2.39129858337601e-10,5.85237715053144e-11)
(2.87334637467068e-12,-3.10240964788736e-10,4.00810022743083e-11)
(2.68552638021233e-12,-3.86953851602682e-10,2.17509537773093e-11)
(4.17205017273458e-12,-4.56452390824491e-10,1.20177597409599e-11)
(3.46328700276293e-12,-5.0876523166214e-10,7.88108538358553e-12)
(2.44934492255396e-12,-5.36818073319019e-10,4.34888898106182e-12)
(0,0,0)
(0,0,0)
(0,0,0)
(0,0,0)
(0,0,0)
(0,0,0)
(2.11004115042638e-12,-3.60515794262188e-11,1.45491465071592e-10)
(3.36798985481486e-12,-7.35109396703735e-11,1.41630619633962e-10)
(3.11621564375834e-12,-1.14325572719625e-10,1.33322277258772e-10)
(3.02220247868622e-12,-1.61655736176624e-10,1.19317762532602e-10)
(3.02938195521126e-12,-2.19345195813575e-10,9.83635944082519e-11)
(1.99259210802454e-12,-2.90376103370654e-10,7.04886353251524e-11)
(-3.19068990820732e-12,-3.75470853434997e-10,3.9281980912398e-11)
(1.54907460864626e-12,-4.49585060237374e-10,2.43076936684179e-11)
(2.77577239327303e-12,-5.0262889078121e-10,1.70317416020074e-11)
(2.93251407855215e-12,-5.30641215635865e-10,9.40182365949802e-12)
(0,0,0)
(0,0,0)
(0,0,0)
(0,0,0)
(0,0,0)
(0,0,0)
(1.60635257993016e-12,-3.13466676711575e-11,2.0584359792834e-10)
(2.62294851420059e-12,-6.37377184632524e-11,2.01006936457021e-10)
(2.53750335284253e-12,-9.89413516843878e-11,1.90872131977956e-10)
(3.00074057302439e-12,-1.39302719905591e-10,1.74345892719803e-10)
(3.78666583879947e-12,-1.89802687497682e-10,1.50569493866778e-10)
(-7.3221171858294e-14,-2.58021572439741e-10,1.17370853169642e-10)
(-2.4631457733429e-11,-3.62818245322998e-10,7.30632708080611e-11)
(-7.70510866143464e-12,-4.40860298679209e-10,5.24417913897265e-11)
(-1.34614291758621e-12,-4.92281938596893e-10,3.75745546944759e-11)
(6.20160683808449e-13,-5.18438707044839e-10,2.01904057973093e-11)
(0,0,0)
(0,0,0)
(0,0,0)
(0,0,0)
(0,0,0)
(0,0,0)
(1.15732847068916e-12,-2.59770937097276e-11,2.72435548050956e-10)
(1.81533208494895e-12,-5.26932246239604e-11,2.6703395837456e-10)
(2.34522728191393e-12,-8.15316090803296e-11,2.55780074777735e-10)
(5.14007473815252e-12,-1.1416739269219e-10,2.38698449555872e-10)
(1.14578474582237e-11,-1.5461494917791e-10,2.16569546287894e-10)
(1.74021023508973e-11,-2.14160205643896e-10,1.90397420364539e-10)
(-1.72496997626651e-11,-3.61466830296458e-10,1.65654585451633e-10)
(-1.26114859185301e-11,-4.3032962841791e-10,1.19616045592589e-10)
(-7.08687607582473e-12,-4.74397109546396e-10,7.95251796019452e-11)
(-4.68625926636401e-12,-4.96686253128049e-10,4.05615402834107e-11)
(0,0,0)
(0,0,0)
(0,0,0)
(0,0,0)
(0,0,0)
(0,0,0)
(6.76900250448459e-13,-2.03916716875587e-11,3.40681340013374e-10)
(7.71228291752138e-13,-4.09899284073069e-11,3.35386780459813e-10)
(1.66499391376283e-12,-6.374617201335e-11,3.2436560032669e-10)
(6.02299764515948e-12,-8.94468682912916e-11,3.08032105834589e-10)
(1.59224778009748e-11,-1.21478887517372e-10,2.87904502431736e-10)
(2.77397194325869e-11,-1.76679460855017e-10,2.67477328219801e-10)
(-2.28467344190545e-11,-3.28541004421477e-10,2.4998957781869e-10)
(-1.82241925374495e-11,-3.97940896433516e-10,1.89810386374417e-10)
(-1.22620000427398e-11,-4.38452404467194e-10,1.2757144420656e-10)
(-9.74566181506444e-12,-4.57494657841723e-10,6.44982465834073e-11)
(0,0,0)
(0,0,0)
(0,0,0)
(0,0,0)
(0,0,0)
(0,0,0)
(2.20432855619849e-13,-1.51994587816762e-11,4.05553212887179e-10)
(1.08668540122577e-13,-3.00984377518331e-11,4.00461786603885e-10)
(7.95584353504012e-13,-4.71850199851333e-11,3.90440807031284e-10)
(4.02930825695388e-12,-6.6349822381244e-11,3.75950590208985e-10)
(1.31423309714193e-11,-9.1092905518776e-11,3.5902149986591e-10)
(3.00733933176823e-11,-1.38587139525898e-10,3.45742293068778e-10)
(-9.14561001357133e-12,-2.86368034202523e-10,3.43270441108768e-10)
(-1.5811903913091e-11,-3.47164344253661e-10,2.61952412889784e-10)
(-1.29944104814718e-11,-3.81642966091939e-10,1.74511350382846e-10)
(-1.06439574856294e-11,-3.9746026106543e-10,8.72757222640149e-11)
(0,0,0)
(0,0,0)
(0,0,0)
(0,0,0)
(0,0,0)
(0,0,0)
(6.93796121325416e-14,-1.0333040737698e-11,4.61901622850882e-10)
(-6.91079540751144e-13,-2.04346535712947e-11,4.57354685500919e-10)
(-1.16490260248661e-12,-3.2938066574659e-11,4.48584885510627e-10)
(-1.31492527386474e-12,-4.7660385407306e-11,4.3543482098412e-10)
(-1.8640861316254e-13,-6.92989559092203e-11,4.18876273913595e-10)
(2.32430649664652e-12,-1.13044898942069e-10,3.99414865347627e-10)
(-6.38724352900881e-12,-2.11456850145446e-10,3.71634920067489e-10)
(-1.15091547586092e-11,-2.69252069018923e-10,2.97121453504643e-10)
(-1.14227515313503e-11,-3.01361808538929e-10,2.03650756180872e-10)
(-1.05282486281679e-11,-3.15726218073901e-10,1.03298703852173e-10)
(0,0,0)
(0,0,0)
(0,0,0)
(0,0,0)
(0,0,0)
(0,0,0)
(-8.63969405502887e-13,-5.94702606010845e-12,5.04542588431278e-10)
(-2.36009174081355e-12,-1.22776640563696e-11,5.00531860765045e-10)
(-3.33397767604029e-12,-2.10079758647735e-11,4.92421446718391e-10)
(-4.97957812478391e-12,-3.25661531383145e-11,4.79416153694831e-10)
(-6.33445533228479e-12,-5.05128541604114e-11,4.607125466482e-10)
(-6.98378694282614e-12,-8.38247291873178e-11,4.33343756893543e-10)
(-8.90572820185122e-12,-1.40513603400383e-10,3.8974859655289e-10)
(-1.06126595519932e-11,-1.82019751213509e-10,3.15038371078691e-10)
(-1.05443266143378e-11,-2.06837834487336e-10,2.19444556007665e-10)
(-1.03877065974363e-11,-2.17575129537851e-10,1.1232006100202e-10)
(0,0,0)
(0,0,0)
(0,0,0)
(0,0,0)
(0,0,0)
(0,0,0)
(-1.26185523161135e-12,-2.4078437989912e-12,5.26294627924161e-10)
(-3.74869542683428e-12,-5.53032319159541e-12,5.22794004643019e-10)
(-4.98120949604635e-12,-1.02689456290338e-11,5.1498076977984e-10)
(-7.01962984081273e-12,-1.70847358764335e-11,5.01700125173382e-10)
(-9.00156309333896e-12,-2.71657961421061e-11,4.8070889255071e-10)
(-1.0282307307754e-11,-4.44486638474824e-11,4.48561222538812e-10)
(-1.09125160018441e-11,-7.05855959528798e-11,3.98679844690033e-10)
(-1.05964936611528e-11,-9.17510363230996e-11,3.22590209155939e-10)
(-1.0002312313581e-11,-1.04854542956579e-10,2.25546168292221e-10)
(-9.57353895376324e-12,-1.10245564574411e-10,1.15527193429565e-10)
(0,0,0)
(0,0,0)
(0,0,0)
(0,0,0)
(0,0,0)
(0,0,0)
(0,0,0)
(0,0,0)
(0,0,0)
(0,0,0)
(0,0,0)
(0,0,0)
(0,0,0)
(0,0,0)
(0,0,0)
(0,0,0)
(0,0,0)
(0,0,0)
(0,0,0)
(0,0,0)
(0,0,0)
(0,0,0)
(0,0,0)
(0,0,0)
(0,0,0)
(0,0,0)
(0,0,0)
(0,0,0)
(0,0,0)
(0,0,0)
(0,0,0)
(0,0,0)
(0,0,0)
(0,0,0)
(0,0,0)
(0,0,0)
(0,0,0)
(0,0,0)
(0,0,0)
(0,0,0)
(0,0,0)
(0,0,0)
(0,0,0)
(0,0,0)
(0,0,0)
(0,0,0)
(0,0,0)
(0,0,0)
(0,0,0)
(0,0,0)
(0,0,0)
(0,0,0)
(0,0,0)
(0,0,0)
(0,0,0)
(0,0,0)
(0,0,0)
(0,0,0)
(0,0,0)
(0,0,0)
(0,0,0)
(0,0,0)
(0,0,0)
(0,0,0)
(0,0,0)
(0,0,0)
(0,0,0)
(0,0,0)
(0,0,0)
(0,0,0)
(0,0,0)
(0,0,0)
(0,0,0)
(0,0,0)
(0,0,0)
(0,0,0)
(0,0,0)
(0,0,0)
(0,0,0)
(0,0,0)
(0,0,0)
(0,0,0)
(0,0,0)
(0,0,0)
(0,0,0)
(0,0,0)
(0,0,0)
(0,0,0)
(0,0,0)
(0,0,0)
(0,0,0)
(0,0,0)
(0,0,0)
(0,0,0)
(0,0,0)
(0,0,0)
(0,0,0)
(0,0,0)
(0,0,0)
(0,0,0)
(0,0,0)
(0,0,0)
(5.77777188291508e-13,-4.12513006718321e-11,4.30534036541478e-11)
(8.77914656683782e-13,-8.46782556559833e-11,4.18378309185365e-11)
(1.09861763984352e-12,-1.3193437046494e-10,3.92394091018142e-11)
(1.44107041710851e-12,-1.86298110362908e-10,3.51219218652407e-11)
(1.2417879473938e-12,-2.47583168830564e-10,2.93406221840148e-11)
(8.33158759902591e-13,-3.14453818596628e-10,2.22347016057779e-11)
(6.30858421295042e-13,-3.82195221442297e-10,1.55501416804724e-11)
(8.33689060673749e-13,-4.42744298606958e-10,1.0164784999413e-11)
(3.63426735178049e-13,-4.8765425798998e-10,6.26154664094204e-12)
(-9.50023749340062e-14,-5.1172745568934e-10,3.29627112350704e-12)
(0,0,0)
(0,0,0)
(0,0,0)
(0,0,0)
(0,0,0)
(0,0,0)
(8.71102451782601e-13,-3.94579507479219e-11,9.02077789770213e-11)
(1.45893195539368e-12,-8.12019191826004e-11,8.82191756548688e-11)
(1.79214674861593e-12,-1.26718265588546e-10,8.31917848113662e-11)
(2.0169606021596e-12,-1.79075740264554e-10,7.4817700769792e-11)
(1.60700516719509e-12,-2.39235460304921e-10,6.25890410375318e-11)
(1.3385334535491e-12,-3.06936099911392e-10,4.76871213454978e-11)
(9.35722248868562e-13,-3.7617900633997e-10,3.33329644764595e-11)
(1.44139394298648e-12,-4.38007371187797e-10,2.26936215686063e-11)
(8.59142524356248e-13,-4.84325555737371e-10,1.51569333229991e-11)
(6.21376220470477e-13,-5.08526186940769e-10,7.5296233230099e-12)
(0,0,0)
(0,0,0)
(0,0,0)
(0,0,0)
(0,0,0)
(0,0,0)
(1.26597483301139e-12,-3.65982449739836e-11,1.42696638867464e-10)
(1.90311102289791e-12,-7.47155963836987e-11,1.39461014525063e-10)
(1.73650933466252e-12,-1.16552034798339e-10,1.32271449334497e-10)
(1.62335433197922e-12,-1.64830119930152e-10,1.20592596458543e-10)
(1.36183272242198e-12,-2.22726535445678e-10,1.03491814515653e-10)
(8.44715589860375e-13,-2.91243409588819e-10,8.20511919151904e-11)
(-8.69010776192238e-13,-3.64603941183255e-10,5.96919258887916e-11)
(1.00265116852325e-13,-4.29029288999192e-10,4.24990803257711e-11)
(5.87381514378139e-14,-4.75839103213025e-10,2.88449268547643e-11)
(1.31829147032365e-13,-5.00375187397291e-10,1.45374144118782e-11)
(0,0,0)
(0,0,0)
(0,0,0)
(0,0,0)
(0,0,0)
(0,0,0)
(1.07344008982927e-12,-3.20966457985774e-11,2.01064639195319e-10)
(1.71325915394456e-12,-6.56229201701934e-11,1.97054821027859e-10)
(1.65400000697047e-12,-1.03136672587757e-10,1.88641051680418e-10)
(1.64181221265243e-12,-1.46105983655262e-10,1.74847183131141e-10)
(1.79756821615037e-12,-1.99924080122812e-10,1.55145772817612e-10)
(3.72994393921834e-13,-2.68039427972572e-10,1.29885476650386e-10)
(-5.36139334157941e-12,-3.48280106396413e-10,1.01035906270026e-10)
(-3.36854222751243e-12,-4.15274870411334e-10,7.52883751692308e-11)
(-1.84682307087485e-12,-4.61472852618698e-10,5.08982979195078e-11)
(-9.41887435666611e-13,-4.85705943838385e-10,2.57418987867785e-11)
(0,0,0)
(0,0,0)
(0,0,0)
(0,0,0)
(0,0,0)
(0,0,0)
(9.73496124940479e-13,-2.70133875413005e-11,2.65580085198788e-10)
(1.36591946514599e-12,-5.54958916688087e-11,2.61055105821703e-10)
(1.64141543676643e-12,-8.76888040315322e-11,2.51124677699335e-10)
(2.5484536052248e-12,-1.24762761129039e-10,2.36118619566156e-10)
(4.49391172107172e-12,-1.72866215739434e-10,2.16518856173025e-10)
(4.66419247491631e-12,-2.38816863198313e-10,1.91836814981188e-10)
(-4.13698577858655e-12,-3.27893968637211e-10,1.62863069889774e-10)
(-4.9093519123323e-12,-3.94253335389083e-10,1.25301421920277e-10)
(-4.0679418364893e-12,-4.38163276556857e-10,8.51408326125389e-11)
(-3.31631426927899e-12,-4.60905932487279e-10,4.3332968946352e-11)
(0,0,0)
(0,0,0)
(0,0,0)
(0,0,0)
(0,0,0)
(0,0,0)
(7.792468981178e-13,-2.15149120392957e-11,3.30562556685869e-10)
(9.00917769424948e-13,-4.4199544081292e-11,3.26160399190215e-10)
(1.437336377639e-12,-7.10413304615965e-11,3.16217178766826e-10)
(3.05355513795467e-12,-1.02614544130641e-10,3.01060354876909e-10)
(5.96367001426441e-12,-1.43690262826556e-10,2.81459144122506e-10)
(7.13514850456788e-12,-2.05178925631973e-10,2.58351909827613e-10)
(-4.84051319368061e-12,-2.94469306446288e-10,2.29437972707141e-10)
(-6.76180254941393e-12,-3.59002097993706e-10,1.81043399403064e-10)
(-5.99824079487009e-12,-4.00423354727131e-10,1.24131132287505e-10)
(-5.28181200800063e-12,-4.20889277810207e-10,6.32265755251446e-11)
(0,0,0)
(0,0,0)
(0,0,0)
(0,0,0)
(0,0,0)
(0,0,0)
(4.45441094919839e-13,-1.63335076455139e-11,3.91977777551236e-10)
(4.65863932199505e-13,-3.33554058884777e-11,3.8746364270505e-10)
(1.03884776537587e-12,-5.44471701940495e-11,3.77625113454753e-10)
(2.26896162604993e-12,-7.99597782382935e-11,3.62955577346122e-10)
(4.62758815898839e-12,-1.14619358517355e-10,3.44006483226839e-10)
(7.00300469387222e-12,-1.69129840006956e-10,3.21542655278776e-10)
(-2.73876585171346e-12,-2.50915246335885e-10,2.9153939315432e-10)
(-6.28311664090615e-12,-3.08851633427579e-10,2.3248537436147e-10)
(-6.03993991562304e-12,-3.45517038759635e-10,1.5986135903116e-10)
(-5.10227821314486e-12,-3.62944514293056e-10,8.11122257510423e-11)
(0,0,0)
(0,0,0)
(0,0,0)
(0,0,0)
(0,0,0)
(0,0,0)
(2.3030228454627e-13,-1.13739317043974e-11,4.4434861678646e-10)
(-7.82690654093017e-14,-2.30510127059726e-11,4.40191511091554e-10)
(5.50712141244434e-14,-3.87387863200321e-11,4.31226037259391e-10)
(1.4938952768079e-13,-5.87417224929721e-11,4.17253780043477e-10)
(4.888982040172e-13,-8.75279424102925e-11,3.97901170827569e-10)
(8.8408202198374e-13,-1.32123573188692e-10,3.71228810653881e-10)
(-2.81702371119938e-12,-1.94599993394711e-10,3.3155678270331e-10)
(-5.27077524024789e-12,-2.42510734738176e-10,2.66590762486252e-10)
(-5.59467325423375e-12,-2.72807845395119e-10,1.84931658810134e-10)
(-5.38063331207545e-12,-2.86934566755158e-10,9.45319398297618e-11)
(0,0,0)
(0,0,0)
(0,0,0)
(0,0,0)
(0,0,0)
(0,0,0)
(-3.92424000377995e-13,-6.98652372492631e-12,4.8386486932785e-10)
(-9.97018558936297e-13,-1.41638079392585e-11,4.79691775266601e-10)
(-1.06771488821991e-12,-2.47114578899753e-11,4.71100763287558e-10)
(-1.75738834003676e-12,-3.92397237493648e-11,4.57154652701935e-10)
(-2.31272359592641e-12,-6.03666840325985e-11,4.3593151455313e-10)
(-2.76469194199742e-12,-9.15674632161269e-11,4.04113620290055e-10)
(-4.1235101751719e-12,-1.3245099688888e-10,3.56477549504422e-10)
(-5.28755937137593e-12,-1.66122406302298e-10,2.86861806944228e-10)
(-5.40312313943955e-12,-1.8800279966899e-10,1.99829376536555e-10)
(-5.39721055884795e-12,-1.97783260237466e-10,1.0235312042958e-10)
(0,0,0)
(0,0,0)
(0,0,0)
(0,0,0)
(0,0,0)
(0,0,0)
(-1.69075749461514e-13,-3.20585366404662e-12,5.02462160587563e-10)
(-1.46578375525229e-12,-6.56981451915361e-12,4.99087231174055e-10)
(-1.96951051862099e-12,-1.18330621925697e-11,4.91051632899649e-10)
(-3.11313309457575e-12,-1.97739739405964e-11,4.77249060188458e-10)
(-4.01968922353561e-12,-3.08615133654661e-11,4.54361953153286e-10)
(-4.84959330646989e-12,-4.66960843724678e-11,4.19480750564284e-10)
(-5.40847642062365e-12,-6.69587645038731e-11,3.67935072885347e-10)
(-5.30348912053696e-12,-8.43775352660026e-11,2.9556783196085e-10)
(-4.83788040750681e-12,-9.59296667014524e-11,2.0588680757431e-10)
(-4.29191009861437e-12,-1.00827350366737e-10,1.05119260465351e-10)
(0,0,0)
(0,0,0)
(0,0,0)
(0,0,0)
(0,0,0)
(0,0,0)
(0,0,0)
(0,0,0)
(0,0,0)
(0,0,0)
(0,0,0)
(0,0,0)
(0,0,0)
(0,0,0)
(0,0,0)
(0,0,0)
(0,0,0)
(0,0,0)
(0,0,0)
(0,0,0)
(0,0,0)
(0,0,0)
(0,0,0)
(0,0,0)
(0,0,0)
(0,0,0)
(0,0,0)
(0,0,0)
(0,0,0)
(0,0,0)
(0,0,0)
(0,0,0)
(0,0,0)
(0,0,0)
(0,0,0)
(0,0,0)
(0,0,0)
(0,0,0)
(0,0,0)
(0,0,0)
(0,0,0)
(0,0,0)
(0,0,0)
(0,0,0)
(0,0,0)
(0,0,0)
(0,0,0)
(0,0,0)
(0,0,0)
(0,0,0)
(0,0,0)
(0,0,0)
(0,0,0)
(0,0,0)
(0,0,0)
(0,0,0)
(0,0,0)
(0,0,0)
(0,0,0)
(0,0,0)
(0,0,0)
(0,0,0)
(0,0,0)
(0,0,0)
(0,0,0)
(0,0,0)
(0,0,0)
(0,0,0)
(0,0,0)
(0,0,0)
(0,0,0)
(0,0,0)
(0,0,0)
(0,0,0)
(0,0,0)
(0,0,0)
(0,0,0)
(0,0,0)
(0,0,0)
(0,0,0)
(0,0,0)
(0,0,0)
(0,0,0)
(0,0,0)
(0,0,0)
(0,0,0)
(0,0,0)
(0,0,0)
(0,0,0)
(0,0,0)
(0,0,0)
(0,0,0)
(0,0,0)
(0,0,0)
(0,0,0)
(0,0,0)
(0,0,0)
(0,0,0)
(0,0,0)
(0,0,0)
(0,0,0)
(0,0,0)
(0,0,0)
(0,0,0)
(0,0,0)
(0,0,0)
(0,0,0)
(0,0,0)
(0,0,0)
(0,0,0)
(0,0,0)
(0,0,0)
(0,0,0)
(0,0,0)
(0,0,0)
(0,0,0)
(0,0,0)
(0,0,0)
(0,0,0)
(0,0,0)
(0,0,0)
(0,0,0)
(0,0,0)
(0,0,0)
(0,0,0)
(0,0,0)
(0,0,0)
(0,0,0)
(0,0,0)
(0,0,0)
(0,0,0)
(0,0,0)
(0,0,0)
(0,0,0)
(0,0,0)
(0,0,0)
(0,0,0)
(0,0,0)
(0,0,0)
(0,0,0)
(0,0,0)
(0,0,0)
(0,0,0)
(0,0,0)
(0,0,0)
(0,0,0)
(0,0,0)
(0,0,0)
(0,0,0)
(0,0,0)
(0,0,0)
(0,0,0)
(0,0,0)
(0,0,0)
(0,0,0)
(0,0,0)
(0,0,0)
(0,0,0)
(0,0,0)
(0,0,0)
(0,0,0)
(0,0,0)
(0,0,0)
(0,0,0)
(0,0,0)
(0,0,0)
(0,0,0)
(0,0,0)
(0,0,0)
(0,0,0)
(0,0,0)
(0,0,0)
(0,0,0)
(0,0,0)
(0,0,0)
(0,0,0)
(0,0,0)
(0,0,0)
(0,0,0)
(0,0,0)
(0,0,0)
(0,0,0)
(0,0,0)
(0,0,0)
(0,0,0)
(0,0,0)
(0,0,0)
(0,0,0)
(0,0,0)
(0,0,0)
(0,0,0)
(0,0,0)
(0,0,0)
(0,0,0)
(0,0,0)
(0,0,0)
(0,0,0)
(0,0,0)
(0,0,0)
(0,0,0)
(0,0,0)
(0,0,0)
(0,0,0)
(0,0,0)
(0,0,0)
(0,0,0)
(0,0,0)
(0,0,0)
(0,0,0)
(0,0,0)
(0,0,0)
(0,0,0)
(0,0,0)
(0,0,0)
(0,0,0)
(0,0,0)
(0,0,0)
(0,0,0)
(0,0,0)
(0,0,0)
(0,0,0)
(0,0,0)
(0,0,0)
(0,0,0)
(0,0,0)
(0,0,0)
(0,0,0)
(0,0,0)
(0,0,0)
(0,0,0)
(0,0,0)
(0,0,0)
(0,0,0)
(0,0,0)
(0,0,0)
(0,0,0)
(0,0,0)
(0,0,0)
(0,0,0)
(0,0,0)
(0,0,0)
(0,0,0)
(0,0,0)
(0,0,0)
(0,0,0)
(0,0,0)
(0,0,0)
(0,0,0)
(0,0,0)
(0,0,0)
(0,0,0)
(0,0,0)
(0,0,0)
(0,0,0)
(0,0,0)
(0,0,0)
(0,0,0)
(0,0,0)
(0,0,0)
(0,0,0)
(0,0,0)
(0,0,0)
(0,0,0)
(0,0,0)
(0,0,0)
(0,0,0)
(0,0,0)
(0,0,0)
(0,0,0)
(0,0,0)
(0,0,0)
(0,0,0)
(0,0,0)
(0,0,0)
(0,0,0)
(0,0,0)
(0,0,0)
(0,0,0)
(0,0,0)
(0,0,0)
(0,0,0)
(0,0,0)
(0,0,0)
(0,0,0)
(0,0,0)
(0,0,0)
(0,0,0)
(0,0,0)
(0,0,0)
(0,0,0)
(0,0,0)
(0,0,0)
(0,0,0)
(0,0,0)
(0,0,0)
(0,0,0)
(0,0,0)
(0,0,0)
(0,0,0)
(0,0,0)
(0,0,0)
(0,0,0)
(0,0,0)
(0,0,0)
(0,0,0)
(0,0,0)
(0,0,0)
(0,0,0)
(0,0,0)
(0,0,0)
(0,0,0)
(0,0,0)
(0,0,0)
(0,0,0)
(0,0,0)
(0,0,0)
(0,0,0)
(0,0,0)
(0,0,0)
(0,0,0)
(0,0,0)
(0,0,0)
(0,0,0)
(0,0,0)
(0,0,0)
(0,0,0)
(0,0,0)
(0,0,0)
(0,0,0)
(0,0,0)
(0,0,0)
(0,0,0)
(0,0,0)
(0,0,0)
(0,0,0)
(0,0,0)
(0,0,0)
(0,0,0)
(0,0,0)
(0,0,0)
(0,0,0)
(0,0,0)
(0,0,0)
(0,0,0)
(0,0,0)
(0,0,0)
(0,0,0)
(0,0,0)
(0,0,0)
(0,0,0)
(0,0,0)
(0,0,0)
(0,0,0)
(0,0,0)
(0,0,0)
(0,0,0)
(0,0,0)
(0,0,0)
(0,0,0)
(0,0,0)
(0,0,0)
(0,0,0)
(0,0,0)
(0,0,0)
(0,0,0)
(0,0,0)
(0,0,0)
(0,0,0)
(0,0,0)
(0,0,0)
(0,0,0)
(0,0,0)
(0,0,0)
(0,0,0)
(0,0,0)
(0,0,0)
(0,0,0)
(0,0,0)
(0,0,0)
(0,0,0)
(0,0,0)
(0,0,0)
(0,0,0)
(0,0,0)
(0,0,0)
(0,0,0)
(0,0,0)
(0,0,0)
(0,0,0)
(0,0,0)
(0,0,0)
(0,0,0)
(0,0,0)
(0,0,0)
(0,0,0)
(0,0,0)
(0,0,0)
(0,0,0)
(0,0,0)
(0,0,0)
(0,0,0)
(0,0,0)
(0,0,0)
(0,0,0)
(0,0,0)
(0,0,0)
(0,0,0)
(0,0,0)
(0,0,0)
(0,0,0)
(0,0,0)
(0,0,0)
(0,0,0)
(0,0,0)
(0,0,0)
(0,0,0)
(0,0,0)
(0,0,0)
(0,0,0)
(0,0,0)
(0,0,0)
(0,0,0)
(0,0,0)
(0,0,0)
(0,0,0)
(0,0,0)
(0,0,0)
(0,0,0)
(0,0,0)
(0,0,0)
(0,0,0)
(0,0,0)
(0,0,0)
(0,0,0)
(0,0,0)
(0,0,0)
(0,0,0)
(0,0,0)
(0,0,0)
(0,0,0)
(0,0,0)
(0,0,0)
(0,0,0)
(0,0,0)
(0,0,0)
(0,0,0)
(0,0,0)
(0,0,0)
(0,0,0)
(0,0,0)
(0,0,0)
(0,0,0)
(0,0,0)
(0,0,0)
(0,0,0)
(0,0,0)
(0,0,0)
(0,0,0)
(0,0,0)
(0,0,0)
(0,0,0)
(0,0,0)
(0,0,0)
(0,0,0)
(0,0,0)
(0,0,0)
(0,0,0)
(0,0,0)
(0,0,0)
(0,0,0)
(0,0,0)
(0,0,0)
(0,0,0)
(0,0,0)
(0,0,0)
(0,0,0)
(0,0,0)
(0,0,0)
(0,0,0)
(0,0,0)
(0,0,0)
(0,0,0)
(0,0,0)
(0,0,0)
(0,0,0)
(0,0,0)
(0,0,0)
(0,0,0)
(0,0,0)
(0,0,0)
(0,0,0)
(0,0,0)
(0,0,0)
(0,0,0)
(0,0,0)
(0,0,0)
(0,0,0)
(0,0,0)
(0,0,0)
(0,0,0)
(0,0,0)
(0,0,0)
(0,0,0)
(0,0,0)
(0,0,0)
(0,0,0)
(0,0,0)
(0,0,0)
(0,0,0)
(0,0,0)
(0,0,0)
(0,0,0)
(0,0,0)
(0,0,0)
(0,0,0)
(0,0,0)
(0,0,0)
(0,0,0)
(0,0,0)
(0,0,0)
(0,0,0)
(0,0,0)
(0,0,0)
(0,0,0)
(0,0,0)
(0,0,0)
(0,0,0)
(0,0,0)
(0,0,0)
(0,0,0)
(0,0,0)
(0,0,0)
(0,0,0)
(0,0,0)
(0,0,0)
(0,0,0)
(0,0,0)
(0,0,0)
(0,0,0)
(0,0,0)
(0,0,0)
(0,0,0)
(0,0,0)
(0,0,0)
(0,0,0)
(0,0,0)
(0,0,0)
(0,0,0)
(0,0,0)
(0,0,0)
(0,0,0)
(0,0,0)
(0,0,0)
(0,0,0)
(0,0,0)
(0,0,0)
(0,0,0)
(0,0,0)
(0,0,0)
(0,0,0)
(0,0,0)
(0,0,0)
(0,0,0)
(0,0,0)
(0,0,0)
(0,0,0)
(0,0,0)
(0,0,0)
(0,0,0)
(0,0,0)
(0,0,0)
(0,0,0)
(0,0,0)
(0,0,0)
(0,0,0)
(0,0,0)
(0,0,0)
(0,0,0)
(0,0,0)
(0,0,0)
(0,0,0)
(0,0,0)
(0,0,0)
(0,0,0)
(0,0,0)
(0,0,0)
(0,0,0)
(0,0,0)
(0,0,0)
(0,0,0)
(0,0,0)
(0,0,0)
(0,0,0)
(0,0,0)
(0,0,0)
(0,0,0)
(0,0,0)
(0,0,0)
(0,0,0)
(0,0,0)
(0,0,0)
(0,0,0)
(0,0,0)
(0,0,0)
(0,0,0)
(0,0,0)
(0,0,0)
(0,0,0)
(0,0,0)
(0,0,0)
(0,0,0)
(0,0,0)
(0,0,0)
(0,0,0)
(0,0,0)
(0,0,0)
(0,0,0)
(0,0,0)
(0,0,0)
(0,0,0)
(0,0,0)
(0,0,0)
(0,0,0)
(0,0,0)
(0,0,0)
(0,0,0)
(0,0,0)
(0,0,0)
(0,0,0)
(0,0,0)
(0,0,0)
(0,0,0)
(0,0,0)
(0,0,0)
(0,0,0)
(0,0,0)
(0,0,0)
(0,0,0)
(0,0,0)
(0,0,0)
(0,0,0)
(0,0,0)
(0,0,0)
(0,0,0)
(0,0,0)
(0,0,0)
(0,0,0)
(0,0,0)
(0,0,0)
(0,0,0)
(0,0,0)
(0,0,0)
(0,0,0)
(0,0,0)
(0,0,0)
(0,0,0)
(0,0,0)
(0,0,0)
(0,0,0)
(0,0,0)
(0,0,0)
(0,0,0)
(0,0,0)
(0,0,0)
(0,0,0)
(0,0,0)
(0,0,0)
(0,0,0)
(0,0,0)
(0,0,0)
(0,0,0)
(0,0,0)
(0,0,0)
(0,0,0)
(0,0,0)
(0,0,0)
(0,0,0)
(0,0,0)
(0,0,0)
(0,0,0)
(0,0,0)
(0,0,0)
(0,0,0)
(0,0,0)
(0,0,0)
(0,0,0)
(0,0,0)
(0,0,0)
(0,0,0)
(0,0,0)
(0,0,0)
(0,0,0)
(0,0,0)
(0,0,0)
(0,0,0)
(0,0,0)
(0,0,0)
(0,0,0)
(0,0,0)
(0,0,0)
(0,0,0)
(0,0,0)
(0,0,0)
(0,0,0)
(0,0,0)
(0,0,0)
(0,0,0)
(0,0,0)
(0,0,0)
(0,0,0)
(0,0,0)
(0,0,0)
(0,0,0)
(0,0,0)
(0,0,0)
(0,0,0)
(0,0,0)
(0,0,0)
(0,0,0)
(0,0,0)
(0,0,0)
(0,0,0)
(0,0,0)
(0,0,0)
(0,0,0)
(0,0,0)
(0,0,0)
(0,0,0)
(0,0,0)
(0,0,0)
(0,0,0)
(0,0,0)
(0,0,0)
(0,0,0)
(0,0,0)
(0,0,0)
(0,0,0)
(0,0,0)
(0,0,0)
(0,0,0)
(0,0,0)
(0,0,0)
(0,0,0)
(0,0,0)
(0,0,0)
(0,0,0)
(0,0,0)
(0,0,0)
(0,0,0)
(0,0,0)
(0,0,0)
(0,0,0)
(0,0,0)
(0,0,0)
(0,0,0)
(0,0,0)
(0,0,0)
(0,0,0)
(0,0,0)
(0,0,0)
(0,0,0)
(0,0,0)
(0,0,0)
(0,0,0)
(0,0,0)
(0,0,0)
(0,0,0)
(0,0,0)
(0,0,0)
(0,0,0)
(0,0,0)
(0,0,0)
(0,0,0)
(0,0,0)
(0,0,0)
(0,0,0)
(0,0,0)
(0,0,0)
(0,0,0)
(0,0,0)
(0,0,0)
(0,0,0)
(0,0,0)
(0,0,0)
(0,0,0)
(0,0,0)
(0,0,0)
(0,0,0)
(0,0,0)
(0,0,0)
(0,0,0)
(0,0,0)
(0,0,0)
(0,0,0)
(0,0,0)
(0,0,0)
(0,0,0)
(0,0,0)
(0,0,0)
(0,0,0)
(0,0,0)
(0,0,0)
(0,0,0)
(0,0,0)
(0,0,0)
(0,0,0)
(0,0,0)
(0,0,0)
(0,0,0)
(0,0,0)
(0,0,0)
(0,0,0)
(0,0,0)
(0,0,0)
(0,0,0)
(0,0,0)
(0,0,0)
(0,0,0)
(0,0,0)
)
;

boundaryField
{
    fuel
    {
        type            fixedValue;
        value           uniform (0.1 0 0);
    }
    air
    {
        type            fixedValue;
        value           uniform (-0.1 0 0);
    }
    outlet
    {
        type            zeroGradient;
    }
    frontAndBack
    {
        type            empty;
    }
}


// ************************************************************************* //
 