/*--------------------------------*- C++ -*----------------------------------*\
| =========                 |                                                 |
| \\      /  F ield         | foam-extend: Open Source CFD                    |
|  \\    /   O peration     | Version:     4.0                                |
|   \\  /    A nd           | Web:         http://www.foam-extend.org         |
|    \\/     M anipulation  |                                                 |
\*---------------------------------------------------------------------------*/
FoamFile
{
    version 2.0;
    format ascii;
    class volVectorField;
    location "Data/1350";
    object      E;
}
// * * * * * * * * * * * * * * * * * * * * * * * * * * * * * * * * * * * * * //

dimensions      [0 1 -1 0 0 0 0];

internalField   nonuniform List<vector>
4096
(
(0,0,0)
(0,0,0)
(0,0,0)
(0,0,0)
(0,0,0)
(0,0,0)
(0,0,0)
(0,0,0)
(0,0,0)
(0,0,0)
(0,0,0)
(0,0,0)
(0,0,0)
(0,0,0)
(0,0,0)
(0,0,0)
(0,0,0)
(0,0,0)
(0,0,0)
(0,0,0)
(0,0,0)
(0,0,0)
(0,0,0)
(0,0,0)
(0,0,0)
(0,0,0)
(0,0,0)
(0,0,0)
(0,0,0)
(0,0,0)
(0,0,0)
(0,0,0)
(0,0,0)
(0,0,0)
(0,0,0)
(0,0,0)
(0,0,0)
(0,0,0)
(0,0,0)
(0,0,0)
(0,0,0)
(0,0,0)
(0,0,0)
(0,0,0)
(0,0,0)
(0,0,0)
(0,0,0)
(0,0,0)
(0,0,0)
(0,0,0)
(0,0,0)
(0,0,0)
(0,0,0)
(0,0,0)
(0,0,0)
(0,0,0)
(0,0,0)
(0,0,0)
(0,0,0)
(0,0,0)
(0,0,0)
(0,0,0)
(0,0,0)
(0,0,0)
(0,0,0)
(0,0,0)
(0,0,0)
(0,0,0)
(0,0,0)
(0,0,0)
(0,0,0)
(0,0,0)
(0,0,0)
(0,0,0)
(0,0,0)
(0,0,0)
(0,0,0)
(0,0,0)
(0,0,0)
(0,0,0)
(0,0,0)
(0,0,0)
(0,0,0)
(0,0,0)
(0,0,0)
(0,0,0)
(0,0,0)
(0,0,0)
(0,0,0)
(0,0,0)
(0,0,0)
(0,0,0)
(0,0,0)
(0,0,0)
(0,0,0)
(0,0,0)
(0,0,0)
(0,0,0)
(0,0,0)
(0,0,0)
(0,0,0)
(0,0,0)
(0,0,0)
(0,0,0)
(0,0,0)
(0,0,0)
(0,0,0)
(0,0,0)
(0,0,0)
(0,0,0)
(0,0,0)
(0,0,0)
(0,0,0)
(0,0,0)
(0,0,0)
(0,0,0)
(0,0,0)
(0,0,0)
(0,0,0)
(0,0,0)
(0,0,0)
(0,0,0)
(0,0,0)
(0,0,0)
(0,0,0)
(0,0,0)
(0,0,0)
(0,0,0)
(0,0,0)
(0,0,0)
(0,0,0)
(0,0,0)
(0,0,0)
(0,0,0)
(0,0,0)
(0,0,0)
(0,0,0)
(0,0,0)
(0,0,0)
(0,0,0)
(0,0,0)
(0,0,0)
(0,0,0)
(0,0,0)
(0,0,0)
(0,0,0)
(0,0,0)
(0,0,0)
(0,0,0)
(0,0,0)
(0,0,0)
(0,0,0)
(0,0,0)
(0,0,0)
(0,0,0)
(0,0,0)
(0,0,0)
(0,0,0)
(0,0,0)
(0,0,0)
(0,0,0)
(0,0,0)
(0,0,0)
(0,0,0)
(0,0,0)
(0,0,0)
(0,0,0)
(0,0,0)
(0,0,0)
(0,0,0)
(0,0,0)
(0,0,0)
(0,0,0)
(0,0,0)
(0,0,0)
(0,0,0)
(0,0,0)
(0,0,0)
(0,0,0)
(0,0,0)
(0,0,0)
(0,0,0)
(0,0,0)
(0,0,0)
(0,0,0)
(0,0,0)
(0,0,0)
(0,0,0)
(0,0,0)
(0,0,0)
(0,0,0)
(0,0,0)
(0,0,0)
(0,0,0)
(0,0,0)
(0,0,0)
(0,0,0)
(0,0,0)
(0,0,0)
(0,0,0)
(0,0,0)
(0,0,0)
(0,0,0)
(0,0,0)
(0,0,0)
(0,0,0)
(0,0,0)
(0,0,0)
(0,0,0)
(0,0,0)
(0,0,0)
(0,0,0)
(0,0,0)
(0,0,0)
(0,0,0)
(0,0,0)
(0,0,0)
(0,0,0)
(0,0,0)
(0,0,0)
(0,0,0)
(0,0,0)
(0,0,0)
(0,0,0)
(0,0,0)
(0,0,0)
(0,0,0)
(0,0,0)
(0,0,0)
(0,0,0)
(0,0,0)
(0,0,0)
(0,0,0)
(0,0,0)
(0,0,0)
(0,0,0)
(0,0,0)
(0,0,0)
(0,0,0)
(0,0,0)
(0,0,0)
(0,0,0)
(0,0,0)
(0,0,0)
(0,0,0)
(0,0,0)
(0,0,0)
(0,0,0)
(0,0,0)
(0,0,0)
(0,0,0)
(0,0,0)
(0,0,0)
(0,0,0)
(0,0,0)
(0,0,0)
(0,0,0)
(0,0,0)
(0,0,0)
(0,0,0)
(0,0,0)
(0,0,0)
(0,0,0)
(0,0,0)
(0,0,0)
(0,0,0)
(0,0,0)
(0,0,0)
(0,0,0)
(0,0,0)
(0,0,0)
(0,0,0)
(0,0,0)
(0,0,0)
(0,0,0)
(0,0,0)
(0,0,0)
(0,0,0)
(0,0,0)
(0,0,0)
(0,0,0)
(0,0,0)
(0,0,0)
(0,0,0)
(0,0,0)
(0,0,0)
(0,0,0)
(0,0,0)
(0,0,0)
(0,0,0)
(0,0,0)
(0,0,0)
(0,0,0)
(0,0,0)
(0,0,0)
(0,0,0)
(0,0,0)
(0,0,0)
(0,0,0)
(0,0,0)
(0,0,0)
(0,0,0)
(0,0,0)
(0,0,0)
(0,0,0)
(0,0,0)
(0,0,0)
(0,0,0)
(0,0,0)
(0,0,0)
(0,0,0)
(0,0,0)
(0,0,0)
(0,0,0)
(0,0,0)
(0,0,0)
(0,0,0)
(0,0,0)
(0,0,0)
(0,0,0)
(0,0,0)
(0,0,0)
(0,0,0)
(0,0,0)
(0,0,0)
(0,0,0)
(0,0,0)
(0,0,0)
(0,0,0)
(0,0,0)
(0,0,0)
(0,0,0)
(0,0,0)
(0,0,0)
(0,0,0)
(0,0,0)
(0,0,0)
(0,0,0)
(0,0,0)
(0,0,0)
(0,0,0)
(0,0,0)
(0,0,0)
(0,0,0)
(0,0,0)
(0,0,0)
(0,0,0)
(0,0,0)
(0,0,0)
(0,0,0)
(0,0,0)
(0,0,0)
(0,0,0)
(0,0,0)
(0,0,0)
(0,0,0)
(0,0,0)
(0,0,0)
(0,0,0)
(0,0,0)
(0,0,0)
(0,0,0)
(0,0,0)
(0,0,0)
(0,0,0)
(0,0,0)
(0,0,0)
(0,0,0)
(0,0,0)
(0,0,0)
(0,0,0)
(0,0,0)
(0,0,0)
(0,0,0)
(0,0,0)
(0,0,0)
(0,0,0)
(0,0,0)
(0,0,0)
(0,0,0)
(0,0,0)
(0,0,0)
(0,0,0)
(0,0,0)
(0,0,0)
(0,0,0)
(0,0,0)
(0,0,0)
(0,0,0)
(0,0,0)
(0,0,0)
(0,0,0)
(0,0,0)
(0,0,0)
(0,0,0)
(0,0,0)
(0,0,0)
(0,0,0)
(0,0,0)
(0,0,0)
(0,0,0)
(0,0,0)
(0,0,0)
(0,0,0)
(0,0,0)
(0,0,0)
(0,0,0)
(0,0,0)
(0,0,0)
(0,0,0)
(0,0,0)
(0,0,0)
(0,0,0)
(0,0,0)
(0,0,0)
(0,0,0)
(0,0,0)
(0,0,0)
(0,0,0)
(0,0,0)
(0,0,0)
(0,0,0)
(0,0,0)
(0,0,0)
(0,0,0)
(0,0,0)
(0,0,0)
(0,0,0)
(0,0,0)
(0,0,0)
(0,0,0)
(0,0,0)
(0,0,0)
(0,0,0)
(0,0,0)
(0,0,0)
(0,0,0)
(0,0,0)
(0,0,0)
(0,0,0)
(0,0,0)
(0,0,0)
(0,0,0)
(0,0,0)
(0,0,0)
(0,0,0)
(0,0,0)
(0,0,0)
(0,0,0)
(0,0,0)
(0,0,0)
(0,0,0)
(0,0,0)
(0,0,0)
(0,0,0)
(0,0,0)
(0,0,0)
(0,0,0)
(0,0,0)
(0,0,0)
(0,0,0)
(0,0,0)
(0,0,0)
(0,0,0)
(0,0,0)
(0,0,0)
(0,0,0)
(0,0,0)
(0,0,0)
(0,0,0)
(0,0,0)
(0,0,0)
(0,0,0)
(0,0,0)
(0,0,0)
(0,0,0)
(0,0,0)
(0,0,0)
(0,0,0)
(0,0,0)
(0,0,0)
(0,0,0)
(0,0,0)
(0,0,0)
(0,0,0)
(0,0,0)
(0,0,0)
(0,0,0)
(0,0,0)
(0,0,0)
(0,0,0)
(0,0,0)
(0,0,0)
(0,0,0)
(0,0,0)
(0,0,0)
(0,0,0)
(0,0,0)
(0,0,0)
(0,0,0)
(0,0,0)
(0,0,0)
(0,0,0)
(0,0,0)
(0,0,0)
(0,0,0)
(0,0,0)
(0,0,0)
(0,0,0)
(0,0,0)
(0,0,0)
(0,0,0)
(0,0,0)
(0,0,0)
(0,0,0)
(0,0,0)
(0,0,0)
(0,0,0)
(0,0,0)
(0,0,0)
(0,0,0)
(0,0,0)
(0,0,0)
(0,0,0)
(0,0,0)
(0,0,0)
(0,0,0)
(0,0,0)
(0,0,0)
(0,0,0)
(0,0,0)
(0,0,0)
(0,0,0)
(0,0,0)
(0,0,0)
(0,0,0)
(0,0,0)
(0,0,0)
(0,0,0)
(0,0,0)
(0,0,0)
(0,0,0)
(0,0,0)
(0,0,0)
(0,0,0)
(0,0,0)
(0,0,0)
(0,0,0)
(0,0,0)
(0,0,0)
(0,0,0)
(0,0,0)
(0,0,0)
(0,0,0)
(0,0,0)
(0,0,0)
(0,0,0)
(0,0,0)
(0,0,0)
(0,0,0)
(0,0,0)
(0,0,0)
(0,0,0)
(0,0,0)
(0,0,0)
(0,0,0)
(0,0,0)
(0,0,0)
(0,0,0)
(0,0,0)
(0,0,0)
(0,0,0)
(0,0,0)
(0,0,0)
(0,0,0)
(0,0,0)
(0,0,0)
(0,0,0)
(0,0,0)
(0,0,0)
(0,0,0)
(0,0,0)
(0,0,0)
(0,0,0)
(0,0,0)
(0,0,0)
(0,0,0)
(0,0,0)
(0,0,0)
(0,0,0)
(0,0,0)
(0,0,0)
(0,0,0)
(0,0,0)
(0,0,0)
(0,0,0)
(0,0,0)
(0,0,0)
(0,0,0)
(0,0,0)
(0,0,0)
(0,0,0)
(0,0,0)
(0,0,0)
(0,0,0)
(0,0,0)
(0,0,0)
(0,0,0)
(0,0,0)
(0,0,0)
(0,0,0)
(0,0,0)
(0,0,0)
(0,0,0)
(0,0,0)
(0,0,0)
(0,0,0)
(0,0,0)
(0,0,0)
(0,0,0)
(0,0,0)
(0,0,0)
(0,0,0)
(0,0,0)
(0,0,0)
(0,0,0)
(0,0,0)
(0,0,0)
(0,0,0)
(0,0,0)
(0,0,0)
(0,0,0)
(0,0,0)
(0,0,0)
(0,0,0)
(0,0,0)
(0,0,0)
(0,0,0)
(0,0,0)
(0,0,0)
(0,0,0)
(0,0,0)
(0,0,0)
(0,0,0)
(0,0,0)
(0,0,0)
(0,0,0)
(0,0,0)
(0,0,0)
(0,0,0)
(0,0,0)
(0,0,0)
(0,0,0)
(0,0,0)
(0,0,0)
(0,0,0)
(0,0,0)
(0,0,0)
(0,0,0)
(0,0,0)
(0,0,0)
(0,0,0)
(0,0,0)
(0,0,0)
(0,0,0)
(0,0,0)
(0,0,0)
(0,0,0)
(0,0,0)
(0,0,0)
(0,0,0)
(0,0,0)
(0,0,0)
(0,0,0)
(0,0,0)
(0,0,0)
(0,0,0)
(0,0,0)
(0,0,0)
(0,0,0)
(0,0,0)
(0,0,0)
(0,0,0)
(0,0,0)
(0,0,0)
(0,0,0)
(0,0,0)
(0,0,0)
(0,0,0)
(0,0,0)
(0,0,0)
(0,0,0)
(0,0,0)
(0,0,0)
(0,0,0)
(0,0,0)
(0,0,0)
(0,0,0)
(0,0,0)
(0,0,0)
(0,0,0)
(0,0,0)
(0,0,0)
(0,0,0)
(0,0,0)
(0,0,0)
(0,0,0)
(0,0,0)
(0,0,0)
(0,0,0)
(0,0,0)
(0,0,0)
(0,0,0)
(0,0,0)
(0,0,0)
(0,0,0)
(0,0,0)
(0,0,0)
(0,0,0)
(0,0,0)
(0,0,0)
(0,0,0)
(0,0,0)
(0,0,0)
(0,0,0)
(0,0,0)
(0,0,0)
(0,0,0)
(0,0,0)
(0,0,0)
(0,0,0)
(0,0,0)
(0,0,0)
(0,0,0)
(0,0,0)
(0,0,0)
(0,0,0)
(0,0,0)
(0,0,0)
(0,0,0)
(0,0,0)
(0,0,0)
(0,0,0)
(0,0,0)
(0,0,0)
(0,0,0)
(0,0,0)
(0,0,0)
(0,0,0)
(0,0,0)
(0,0,0)
(0,0,0)
(0,0,0)
(0,0,0)
(0,0,0)
(0,0,0)
(0,0,0)
(0,0,0)
(0,0,0)
(0,0,0)
(0,0,0)
(0,0,0)
(0,0,0)
(0,0,0)
(0,0,0)
(0,0,0)
(0,0,0)
(0,0,0)
(0,0,0)
(0,0,0)
(0,0,0)
(0,0,0)
(0,0,0)
(0,0,0)
(0,0,0)
(0,0,0)
(0,0,0)
(0,0,0)
(0,0,0)
(0,0,0)
(0,0,0)
(0,0,0)
(0,0,0)
(0,0,0)
(0,0,0)
(0,0,0)
(0,0,0)
(0,0,0)
(0,0,0)
(0,0,0)
(0,0,0)
(0,0,0)
(0,0,0)
(0,0,0)
(0,0,0)
(0,0,0)
(0,0,0)
(0,0,0)
(0,0,0)
(0,0,0)
(0,0,0)
(0,0,0)
(0,0,0)
(0,0,0)
(0,0,0)
(0,0,0)
(0,0,0)
(0,0,0)
(0,0,0)
(0,0,0)
(0,0,0)
(0,0,0)
(0,0,0)
(0,0,0)
(0,0,0)
(0,0,0)
(0,0,0)
(0,0,0)
(0,0,0)
(-144729.795760542,77087.9466461252,67641.8491144162)
(-153030.462056751,73901.1338548752,146771.177316293)
(-172312.759843768,67260.6432388937,251823.293921167)
(-208805.623200988,56828.2841294996,403800.632992658)
(-274581.520688831,42781.6143616419,635600.539319854)
(-392713.935452137,26597.5304954749,1001716.9442765)
(-606579.51552349,11892.8704961454,1596403.58930388)
(-993071.232980253,2926.68184831535,2586548.14043581)
(-1637973.29346808,-24.7952376383743,4224546.22914158)
(-2282280.11752809,-255.273736004238,6507081.62040568)
(0,0,0)
(0,0,0)
(0,0,0)
(0,0,0)
(0,0,0)
(0,0,0)
(-153028.995431778,165630.130210986,64486.8118669175)
(-161457.24008912,159638.438673688,140206.747137228)
(-181053.876557053,147012.09656724,241509.170365932)
(-218405.095198423,126891.143993486,389851.405700373)
(-286026.4078681,99122.9952305818,619536.432699531)
(-407008.894181486,66058.2807855357,987084.576590963)
(-623212.534327262,34792.6850128127,1587397.29640153)
(-1008210.60786554,15039.7332570723,2583494.85285828)
(-1648060.06686258,7338.7188283447,4224191.40565494)
(-2286993.56284091,3750.99167821022,6507178.70308155)
(0,0,0)
(0,0,0)
(0,0,0)
(0,0,0)
(0,0,0)
(0,0,0)
(-172093.367561424,279202.32730185,58521.1704705589)
(-180696.193994555,271156.681734074,127699.121404728)
(-200927.316981959,254073.417655845,221565.117298086)
(-240131.392765247,226342.010381266,362245.643675555)
(-312080.427397959,186776.467173641,586672.599130455)
(-440553.718599085,137318.430135746,955966.16837933)
(-664197.888230659,87293.6902900058,1567663.0513328)
(-1045941.3886585,53000.0355375363,2575644.1377108)
(-1672343.23960132,34938.2710035125,4220387.82513704)
(-2297984.29156157,18945.7936626688,6503177.31471411)
(0,0,0)
(0,0,0)
(0,0,0)
(0,0,0)
(0,0,0)
(0,0,0)
(-207705.999146573,436415.052292075,50493.2741563487)
(-216443.905606581,427443.513491389,110650.348005617)
(-237463.570256607,408298.200346677,193889.135571386)
(-279361.850894713,376783.041557413,322809.955289949)
(-358439.810297138,330627.388566529,537398.844194202)
(-501283.844412016,269970.388981086,906030.729760872)
(-742657.777394744,202656.067001033,1533326.1304446)
(-1118907.62375805,147777.302294627,2557456.48744553)
(-1716853.65555102,105029.12283293,4204219.29116709)
(-2317405.03563288,56528.8820839389,6484041.23837879)
(0,0,0)
(0,0,0)
(0,0,0)
(0,0,0)
(0,0,0)
(0,0,0)
(-271582.959005309,666456.151396976,41541.8599004069)
(-280275.988897345,657742.579236458,91518.7830526813)
(-301720.40625861,639097.372252425,162440.017405542)
(-345892.45712522,608344.084909117,276771.431179062)
(-432320.669307649,562845.292031637,476874.197021608)
(-592957.190961486,501024.839848729,838776.937115439)
(-862217.743745501,425290.003542174,1478360.7443198)
(-1230043.71495463,341595.608091282,2514586.1534778)
(-1781566.68733664,245555.651305564,4155626.31234187)
(-2345493.87856501,130181.33804552,6427467.73494529)
(0,0,0)
(0,0,0)
(0,0,0)
(0,0,0)
(0,0,0)
(0,0,0)
(-386825.205720361,1020447.71498502,32833.6421323144)
(-395079.756900652,1012693.67957425,72962.2986951716)
(-415808.900630845,996036.315711877,131832.255866564)
(-459535.134199483,968339.788382578,231371.686592583)
(-546873.743221716,925996.829141174,415093.892704761)
(-710575.099419245,863634.697529813,763059.13444293)
(-980671.427159444,774345.145245772,1394675.4198988)
(-1331804.07779173,649517.239691863,2418557.86608994)
(-1851723.59617524,475610.385843155,4040226.72772762)
(-2380850.94313201,253928.977913708,6297330.03099136)
(0,0,0)
(0,0,0)
(0,0,0)
(0,0,0)
(0,0,0)
(0,0,0)
(-598237.020864553,1593605.02811651,25079.707733069)
(-605562.150958351,1586905.99830879,56429.5399568811)
(-624177.450303714,1572390.05491111,104253.251061364)
(-664119.711416683,1547651.6272643,189061.123596334)
(-745240.020165254,1507530.36302744,352767.609875322)
(-899066.564574287,1441606.63988307,673862.232096347)
(-1152568.1807727,1330809.15088379,1269966.40723104)
(-1471865.61702375,1146597.42030199,2244751.84364466)
(-1956254.38034462,857973.471898444,3818643.13793393)
(-2438511.9078313,467509.109316746,6043574.91436224)
(0,0,0)
(0,0,0)
(0,0,0)
(0,0,0)
(0,0,0)
(0,0,0)
(-984902.089299468,2560126.80823493,18380.3091810345)
(-990778.602114319,2554029.99498157,42034.9146225755)
(-1005777.31048256,2540561.12650803,79641.1535082284)
(-1038259.76736844,2516514.89446511,149037.653675837)
(-1104936.97514548,2474512.8564322,286992.135416554)
(-1232833.08650115,2398177.02865622,563254.833144551)
(-1445131.37460513,2253297.24734392,1085898.11128953)
(-1703639.06544322,1979874.7440607,1956259.85297407)
(-2145992.00937595,1531797.85652275,3428427.47772571)
(-2548752.30061952,868276.991937036,5576411.89572488)
(0,0,0)
(0,0,0)
(0,0,0)
(0,0,0)
(0,0,0)
(0,0,0)
(-1632386.48907066,4180187.69420695,12325.603098637)
(-1636404.93584644,4174082.08308725,28678.4508394062)
(-1646607.80584037,4160116.2091689,55731.1740188851)
(-1668469.64319194,4133504.56148105,107211.150194883)
(-1712514.16595233,4083302.68811624,210935.484463191)
(-1795276.48319721,3985734.40116483,418654.595151768)
(-1934253.05595618,3793542.13480816,812662.763643718)
(-2140744.67681383,3424859.81962627,1508422.36489197)
(-2495901.24731124,2770801.53293047,2765319.93579546)
(-2741005.7160843,1665985.65683015,4708616.98698665)
(0,0,0)
(0,0,0)
(0,0,0)
(0,0,0)
(0,0,0)
(0,0,0)
(-2279675.90515875,6453578.03932258,6285.56004310226)
(-2281692.59826795,6447255.81053318,14804.4308651331)
(-2286765.00493417,6432419.76837922,29265.8765889937)
(-2297513.04916573,6403054.04675291,57229.4404828855)
(-2318843.66501659,6345616.01912507,113759.77449066)
(-2358700.04494048,6231435.94821275,226758.272383218)
(-2428255.99349804,6004362.74221209,444193.658477313)
(-2545470.0616663,5559894.19032159,854629.349448258)
(-2740372.73412536,4704938.5307226,1660865.08578148)
(-2759841.84255449,3043638.33798998,3043054.24717615)
(0,0,0)
(0,0,0)
(0,0,0)
(0,0,0)
(0,0,0)
(0,0,0)
(0,0,0)
(0,0,0)
(0,0,0)
(0,0,0)
(0,0,0)
(0,0,0)
(0,0,0)
(0,0,0)
(0,0,0)
(0,0,0)
(0,0,0)
(0,0,0)
(0,0,0)
(0,0,0)
(0,0,0)
(0,0,0)
(0,0,0)
(0,0,0)
(0,0,0)
(0,0,0)
(0,0,0)
(0,0,0)
(0,0,0)
(0,0,0)
(0,0,0)
(0,0,0)
(0,0,0)
(0,0,0)
(0,0,0)
(0,0,0)
(0,0,0)
(0,0,0)
(0,0,0)
(0,0,0)
(0,0,0)
(0,0,0)
(0,0,0)
(0,0,0)
(0,0,0)
(0,0,0)
(0,0,0)
(0,0,0)
(0,0,0)
(0,0,0)
(0,0,0)
(0,0,0)
(0,0,0)
(0,0,0)
(0,0,0)
(0,0,0)
(0,0,0)
(0,0,0)
(0,0,0)
(0,0,0)
(0,0,0)
(0,0,0)
(0,0,0)
(0,0,0)
(0,0,0)
(0,0,0)
(0,0,0)
(0,0,0)
(0,0,0)
(0,0,0)
(0,0,0)
(0,0,0)
(0,0,0)
(0,0,0)
(0,0,0)
(0,0,0)
(0,0,0)
(0,0,0)
(0,0,0)
(0,0,0)
(0,0,0)
(0,0,0)
(0,0,0)
(0,0,0)
(0,0,0)
(0,0,0)
(0,0,0)
(0,0,0)
(0,0,0)
(0,0,0)
(0,0,0)
(0,0,0)
(0,0,0)
(0,0,0)
(0,0,0)
(0,0,0)
(0,0,0)
(0,0,0)
(0,0,0)
(0,0,0)
(0,0,0)
(0,0,0)
(21404560.1539433,68667.9360696186,59341.3571993997)
(21390657.8178837,65441.2282030098,127511.092028724)
(21358616.2463418,58509.9451385355,215371.383677385)
(21298639.9343646,47215.1693881206,338009.899696406)
(21191861.5583506,31329.6754174964,517536.388212241)
(21001872.5428464,12341.4311410024,787907.721745378)
(20653384.0687442,-4697.04810704011,1209940.42855748)
(19964729.6716052,-12209.4143250591,1941648.18126981)
(18410877.0367333,-10127.3135441211,3580224.40758536)
(14190932.1846124,-4973.49977425466,8789284.84819196)
(0,0,0)
(0,0,0)
(0,0,0)
(0,0,0)
(0,0,0)
(0,0,0)
(21390375.6901592,146464.264824877,56098.2286266008)
(21376397.9825608,140356.437184514,120627.039968009)
(21344056.7111325,127123.351878231,204202.288511524)
(21282925.3605097,105129.478051744,322256.767112582)
(21173198.555515,73013.5267028251,498647.195417009)
(20977869.2945403,32485.3395173025,770924.341291717)
(20624064.2233717,-6167.62101526744,1202417.39947389)
(19938295.9215962,-22661.4853712407,1943662.18403111)
(18394442.8239273,-16942.7293201746,3585273.95199001)
(14183731.2213426,-7257.82288693686,8794132.73389196)
(0,0,0)
(0,0,0)
(0,0,0)
(0,0,0)
(0,0,0)
(0,0,0)
(21358153.4631215,243538.28127701,49978.3958377008)
(21344092.9453149,235364.344972591,107480.591713079)
(21311085.3420331,217509.024035841,182381.503513305)
(21247271.3294292,187076.573091512,290330.929251966)
(21129936.3205687,140362.064126354,458264.886834483)
(20918622.5506911,76528.3843735163,732344.815660924)
(20544574.8590105,8798.56468167418,1185905.12569568)
(19865347.314149,-19985.338926608,1949239.51941646)
(18352035.5545443,-9576.97989745562,3594794.21882091)
(14166149.2076241,-474.395316634202,8801176.53503782)
(0,0,0)
(0,0,0)
(0,0,0)
(0,0,0)
(0,0,0)
(0,0,0)
(21298774.9360383,372552.43649466,41804.1525702754)
(21284754.6706559,363613.434686934,89655.7295663081)
(21250936.5420238,344051.307968436,152012.576326093)
(21182945.987497,310295.758165981,243784.79583271)
(21051614.3004061,256790.249380684,394601.74284797)
(20804161.6440578,178316.987142826,664666.894581727)
(20367943.610868,83114.5176767661,1157048.79629671)
(19699335.2174176,36634.3175784446,1959485.5415888)
(18266326.5282215,40318.3421778543,3603709.27871374)
(14133230.6267278,28449.7795430332,8801448.68446628)
(0,0,0)
(0,0,0)
(0,0,0)
(0,0,0)
(0,0,0)
(0,0,0)
(21194168.3422282,551210.804658599,32889.5735753903)
(21180486.9078875,542920.391684608,70118.9627656572)
(21146478.8900257,524972.427712083,118297.789710532)
(21074934.7428812,494687.739669951,190377.851172937)
(20927607.3650671,448307.317044789,316231.992106925)
(20625950.8187181,383445.712088351,569494.500454618)
(20050300.13295,306884.997275302,1110505.38713337)
(19391519.6935472,239838.80764351,1963036.73153934)
(18131963.3331808,175418.819029124,3591705.47714335)
(14084237.7807587,94841.3444167217,8772881.49591882)
(0,0,0)
(0,0,0)
(0,0,0)
(0,0,0)
(0,0,0)
(0,0,0)
(21008134.6419688,808934.217051549,24615.9828907209)
(20995386.7458253,802117.436894276,52251.6779278468)
(20963012.424013,787593.448095371,88108.5758735626)
(20892807.5689361,763702.277038977,144050.57834181)
(20743791.044893,727587.887335226,251404.462909437)
(20433477.4121973,675119.266004893,492977.640349222)
(19850495.5767546,602450.383139314,1043544.49354405)
(19220786.9099184,509452.872227728,1898638.68422246)
(18017450.5190269,371084.346006994,3511098.28501526)
(14028055.3048291,196262.886466339,8678069.73797747)
(0,0,0)
(0,0,0)
(0,0,0)
(0,0,0)
(0,0,0)
(0,0,0)
(20663327.1930106,1206885.7147649,17783.5313842928)
(20652199.7672581,1201625.73815547,37812.5548794562)
(20623498.1665698,1190723.00524843,64306.6238257657)
(20559779.7623043,1173445.35065491,107963.319461669)
(20420846.3291363,1147779.38801276,198984.712455369)
(20124110.5250656,1107825.33800112,420400.793792101)
(19558677.1720269,1038240.61365767,950664.45344697)
(18990390.5267007,914806.390316635,1760354.03460639)
(17847901.8261931,668199.136490259,3336382.28055815)
(13932222.3920535,357232.153228815,8481977.95688377)
(0,0,0)
(0,0,0)
(0,0,0)
(0,0,0)
(0,0,0)
(0,0,0)
(19974143.3157146,1912592.9278949,12546.6248288318)
(19965344.8211593,1908315.95708825,27032.2255952863)
(19942484.4470849,1899638.24358492,47154.4726641043)
(19891005.629037,1886231.59096332,82402.0789231491)
(19776507.895004,1866858.27333693,159177.56642227)
(19524779.2286389,1835682.93288605,351006.899370153)
(19029891.9673045,1764127.02034111,827396.393749834)
(18659257.7939829,1542699.6679224,1513905.49969072)
(17505927.6639988,1181812.88337945,3025671.32239951)
(13710434.0173972,675965.711490531,8125050.68909383)
(0,0,0)
(0,0,0)
(0,0,0)
(0,0,0)
(0,0,0)
(0,0,0)
(18416329.8230856,3532820.86931244,8354.98939896027)
(18410400.2259482,3528668.74665145,18496.2810139845)
(18395123.7395928,3519795.76918491,33906.4529536203)
(18361423.2540993,3504323.83141651,63220.558181918)
(18289744.930863,3476867.0284871,128251.949189203)
(18143977.5507726,3422254.20058333,279725.89049494)
(17881247.5476257,3299475.94866972,606175.601557335)
(17512132.5112293,3020045.12466494,1153252.19974451)
(16469989.8801785,2526253.14000844,2520220.05859861)
(13035842.5950073,1647093.65423923,7449543.04773108)
(0,0,0)
(0,0,0)
(0,0,0)
(0,0,0)
(0,0,0)
(0,0,0)
(14192972.2412327,8733166.25334822,4305.71254551182)
(14190013.311653,8728815.93030959,9751.86193922291)
(14182515.0082179,8719009.2635141,18557.5974307933)
(14166310.6036931,8700413.33997314,35943.6789882318)
(14132970.7951982,8664350.61540904,73944.874824362)
(14067469.8723452,8590090.5250157,157237.876079171)
(13946206.2027471,8432550.78089675,327000.090579769)
(13713912.6676727,8105230.05258632,659731.676292194)
(13036370.646036,7445145.67721185,1641395.00190027)
(10599732.0917834,5803364.91199654,5802849.05277782)
(0,0,0)
(0,0,0)
(0,0,0)
(0,0,0)
(0,0,0)
(0,0,0)
(0,0,0)
(0,0,0)
(0,0,0)
(0,0,0)
(0,0,0)
(0,0,0)
(0,0,0)
(0,0,0)
(0,0,0)
(0,0,0)
(0,0,0)
(0,0,0)
(0,0,0)
(0,0,0)
(0,0,0)
(0,0,0)
(0,0,0)
(0,0,0)
(0,0,0)
(0,0,0)
(0,0,0)
(0,0,0)
(0,0,0)
(0,0,0)
(0,0,0)
(0,0,0)
(0,0,0)
(0,0,0)
(0,0,0)
(0,0,0)
(0,0,0)
(0,0,0)
(0,0,0)
(0,0,0)
(0,0,0)
(0,0,0)
(0,0,0)
(0,0,0)
(0,0,0)
(0,0,0)
(0,0,0)
(0,0,0)
(0,0,0)
(0,0,0)
(0,0,0)
(0,0,0)
(0,0,0)
(0,0,0)
(0,0,0)
(0,0,0)
(0,0,0)
(0,0,0)
(0,0,0)
(0,0,0)
(0,0,0)
(0,0,0)
(0,0,0)
(0,0,0)
(0,0,0)
(0,0,0)
(0,0,0)
(0,0,0)
(0,0,0)
(0,0,0)
(0,0,0)
(0,0,0)
(0,0,0)
(0,0,0)
(0,0,0)
(0,0,0)
(0,0,0)
(0,0,0)
(0,0,0)
(0,0,0)
(0,0,0)
(0,0,0)
(0,0,0)
(0,0,0)
(0,0,0)
(0,0,0)
(0,0,0)
(0,0,0)
(0,0,0)
(0,0,0)
(0,0,0)
(0,0,0)
(0,0,0)
(0,0,0)
(0,0,0)
(0,0,0)
(0,0,0)
(0,0,0)
(0,0,0)
(0,0,0)
(0,0,0)
(0,0,0)
(-372475.178419143,54409.2984828055,45326.7909067798)
(-387857.992031799,51166.6509992883,95376.7068502025)
(-422629.671970533,43951.0604460509,155372.321743719)
(-486010.441376108,31534.3631313387,231189.091380361)
(-594526.66203506,12729.2553724001,327548.81342086)
(-775663.750978839,-11581.3566074688,439367.220880879)
(-1071808.76336666,-33967.6268565192,521228.436875493)
(-1540456.83881396,-38616.7069138946,387732.411235818)
(-2212374.10328226,-26533.0983352941,-639782.593386201)
(-2712134.98494003,-12145.7601118101,-5401868.90669476)
(0,0,0)
(0,0,0)
(0,0,0)
(0,0,0)
(0,0,0)
(0,0,0)
(-388738.922893011,114147.746967892,42076.9215942871)
(-403874.004537153,108000.32413676,88215.9925819351)
(-438301.580132213,94146.8991957433,143079.20212419)
(-501783.772771013,69496.3923735434,212527.063189892)
(-611981.9386165,29798.6333626522,303338.936358292)
(-798043.731704512,-26699.6106713836,417070.973694216)
(-1101113.34479762,-85618.2394710942,516599.911505224)
(-1565195.772236,-95580.6164805302,399756.271931277)
(-2224792.73247594,-59349.8084719483,-625490.704501554)
(-2716531.87481734,-24846.1811121918,-5389826.43031411)
(0,0,0)
(0,0,0)
(0,0,0)
(0,0,0)
(0,0,0)
(0,0,0)
(-425068.552837627,184158.483787098,35912.0361671618)
(-439727.189595902,175994.849551395,74438.4026904184)
(-473572.605429401,157344.910775601,118599.095600163)
(-537680.781739428,122740.378234846,173007.97793461)
(-653583.265672583,62065.9642845015,246960.990281331)
(-858792.194884666,-37896.4350916399,358273.317304506)
(-1198910.69735584,-167813.297213648,506654.688440552)
(-1650759.87886142,-185984.293626689,435866.315624228)
(-2262331.57622224,-95286.5347599122,-591129.070294043)
(-2728566.31495135,-33389.4771585758,-5365169.49464506)
(0,0,0)
(0,0,0)
(0,0,0)
(0,0,0)
(0,0,0)
(0,0,0)
(-490140.908673859,268031.692192936,27743.3933335232)
(-504012.183363239,259384.316662301,55821.5372689009)
(-536918.368870697,239640.646297026,84081.4696691884)
(-602334.589337574,202329.031158538,112474.150607269)
(-731121.360371549,132853.759047903,147122.773648685)
(-992518.51320086,189.256580935665,228417.996261898)
(-1502732.06423087,-234455.121224905,488436.252399217)
(-1930771.08216907,-271172.035483296,526431.050869707)
(-2356365.06174797,-94039.9992700593,-529423.137623458)
(-2754369.27171407,-20529.5408776093,-5331982.41843544)
(0,0,0)
(0,0,0)
(0,0,0)
(0,0,0)
(0,0,0)
(0,0,0)
(-599518.173415875,365242.886287835,19176.0785763354)
(-612245.476164922,357834.906532097,36158.6297861701)
(-643339.646015591,341486.900445589,46831.6687060646)
(-708754.784363342,312515.112290091,43035.8718462603)
(-852764.963250697,264488.303518297,14474.4127208225)
(-1221466.24414408,191037.712569368,-6256.22337822381)
(-2426568.00281282,107204.503659656,451653.044527233)
(-2877906.14801757,69138.6965475674,703468.911088274)
(-2540789.22174806,60930.5217816211,-456048.2980073)
(-2796701.42533726,38665.1071845888,-5311602.98294629)
(0,0,0)
(0,0,0)
(0,0,0)
(0,0,0)
(0,0,0)
(0,0,0)
(-779762.127458903,463990.813837868,11849.5989048408)
(-790911.852952902,458771.412975938,19912.4482664586)
(-818761.803830415,447941.54810793,17932.7854746851)
(-879583.132998698,430550.537071213,-5011.18034449275)
(-1019593.12073958,404554.783242195,-58992.7374085853)
(-1387422.78426008,365708.338242273,-90062.4095969738)
(-2534121.56982979,310644.134337547,413815.863336615)
(-2947965.94463166,279082.909074787,695325.262386704)
(-2626817.83869589,201550.105353054,-478325.206434795)
(-2839035.09027309,100412.800534887,-5350281.74765572)
(0,0,0)
(0,0,0)
(0,0,0)
(0,0,0)
(0,0,0)
(0,0,0)
(-1074194.9984856,517556.087860616,6657.67450064259)
(-1083397.5995392,514590.138171757,9137.07312931992)
(-1106836.6539564,509519.037921236,595.160869321506)
(-1159860.43230577,504497.062090049,-31010.4125122608)
(-1288434.12882946,503329.23451614,-97803.6487932313)
(-1648656.27951495,508434.334111257,-145062.083054496)
(-2844777.53912007,509398.978949757,382338.540507445)
(-3226972.51396117,583628.581277811,617856.665993512)
(-2756796.60074968,326157.725019539,-579351.769702951)
(-2908858.35509885,135393.865944429,-5450551.33093301)
(0,0,0)
(0,0,0)
(0,0,0)
(0,0,0)
(0,0,0)
(0,0,0)
(-1544054.06972629,354678.973441942,3775.25688668072)
(-1550993.19774162,353226.899930629,4177.27105587064)
(-1568902.99506462,352120.894861543,-4336.38670768374)
(-1610529.60936639,356512.232721807,-32115.5619089592)
(-1716998.09178639,379994.150746173,-92573.7343213977)
(-2047543.37677041,454800.683283946,-143916.72105761)
(-3354061.49339295,615392.174805889,456744.300810963)
(-2733701.14289159,395468.144620936,360564.431369523)
(-2860516.42384805,145744.539695849,-769877.538432654)
(-3016945.50149255,1279.95180046651,-5585683.34837165)
(0,0,0)
(0,0,0)
(0,0,0)
(0,0,0)
(0,0,0)
(0,0,0)
(-2218076.12080729,-690661.339822187,2447.01418424542)
(-2222571.52110655,-691868.024070144,3214.44226689515)
(-2234060.84407202,-692981.69337762,202.371198077875)
(-2259712.90570404,-690972.559385207,-8475.9198643073)
(-2318398.97081755,-680083.226787793,-17553.883622581)
(-2458601.49970235,-654422.35368928,16948.9608527432)
(-2765021.18540989,-635753.46907775,237064.094799089)
(-2865356.73034999,-778378.600730774,111100.838757238)
(-3128935.73606911,-907551.658390947,-913976.589881211)
(-3178426.46095566,-789152.892990433,-5586573.93210012)
(0,0,0)
(0,0,0)
(0,0,0)
(0,0,0)
(0,0,0)
(0,0,0)
(-2716430.54983373,-5459935.39000743,1377.59827890889)
(-2718639.86952788,-5461386.51115271,2250.02356949972)
(-2724151.30398254,-5463727.31161799,2362.71103753034)
(-2736034.59906437,-5466173.42331514,2609.53475205073)
(-2761273.51281313,-5468943.60938946,8414.98239223312)
(-2814082.96602736,-5477703.50247164,35949.7265743432)
(-2911628.70514091,-5514003.10570622,94735.028118098)
(-3020184.76379254,-5609063.9126695,-17781.4714507588)
(-3179386.21527061,-5591614.86402026,-795260.647487663)
(-3068227.44143649,-4796673.46712435,-4797079.78310662)
(0,0,0)
(0,0,0)
(0,0,0)
(0,0,0)
(0,0,0)
(0,0,0)
(0,0,0)
(0,0,0)
(0,0,0)
(0,0,0)
(0,0,0)
(0,0,0)
(0,0,0)
(0,0,0)
(0,0,0)
(0,0,0)
(0,0,0)
(0,0,0)
(0,0,0)
(0,0,0)
(0,0,0)
(0,0,0)
(0,0,0)
(0,0,0)
(0,0,0)
(0,0,0)
(0,0,0)
(0,0,0)
(0,0,0)
(0,0,0)
(0,0,0)
(0,0,0)
(0,0,0)
(0,0,0)
(0,0,0)
(0,0,0)
(0,0,0)
(0,0,0)
(0,0,0)
(0,0,0)
(0,0,0)
(0,0,0)
(0,0,0)
(0,0,0)
(0,0,0)
(0,0,0)
(0,0,0)
(0,0,0)
(0,0,0)
(0,0,0)
(0,0,0)
(0,0,0)
(0,0,0)
(0,0,0)
(0,0,0)
(0,0,0)
(0,0,0)
(0,0,0)
(0,0,0)
(0,0,0)
(0,0,0)
(0,0,0)
(0,0,0)
(0,0,0)
(0,0,0)
(0,0,0)
(0,0,0)
(0,0,0)
(0,0,0)
(0,0,0)
(0,0,0)
(0,0,0)
(0,0,0)
(0,0,0)
(0,0,0)
(0,0,0)
(0,0,0)
(0,0,0)
(0,0,0)
(0,0,0)
(0,0,0)
(0,0,0)
(0,0,0)
(0,0,0)
(0,0,0)
(0,0,0)
(0,0,0)
(0,0,0)
(0,0,0)
(0,0,0)
(0,0,0)
(0,0,0)
(0,0,0)
(0,0,0)
(0,0,0)
(0,0,0)
(0,0,0)
(0,0,0)
(0,0,0)
(0,0,0)
(0,0,0)
(0,0,0)
(-440493.50032188,38075.9410315357,29942.3808712013)
(-453567.147979604,35078.657657891,60572.8791611153)
(-482309.85754195,28221.9617482433,92031.1029842911)
(-532551.835930284,15796.3407431745,122776.156795289)
(-613718.234544796,-4612.9557306148,146580.685035644)
(-738557.288656909,-33815.773910218,143289.996623933)
(-917949.234429069,-63152.8601895853,52583.3278759335)
(-1140340.05938628,-63284.8598966564,-284248.591655091)
(-1318117.69048546,-38902.5081349358,-1139602.49631694)
(-1145427.24729184,-16507.1643186231,-2689803.06964651)
(0,0,0)
(0,0,0)
(0,0,0)
(0,0,0)
(0,0,0)
(0,0,0)
(-455290.8507776,77675.8357960362,26952.0331200892)
(-467639.188961879,72031.772448107,53764.1027545955)
(-494796.345410316,58818.6727642963,79662.1570166465)
(-542399.226849516,33618.8623041598,102455.089534164)
(-619899.577367947,-11715.394915387,117475.167470382)
(-741154.716801299,-87334.5154892913,114104.89414625)
(-919373.813412697,-183327.998983599,52540.5015553453)
(-1134979.89432237,-181088.408604256,-259871.827650674)
(-1309421.89467152,-96869.0254514085,-1117276.14813862)
(-1140074.99531703,-36859.5891882798,-2673380.6027693)
(0,0,0)
(0,0,0)
(0,0,0)
(0,0,0)
(0,0,0)
(0,0,0)
(-487718.593655715,119038.897143532,21286.9794705952)
(-498675.230599923,111652.120008035,40614.6729146838)
(-522697.320445852,93978.6887497469,54579.3719456822)
(-564822.970282855,58108.4161302256,57232.0066630466)
(-634590.263889309,-15414.2904285894,41937.9003929732)
(-750879.216411931,-171567.598188656,18258.0046195936)
(-947226.378536151,-471578.661802599,54824.3486189115)
(-1135341.32990977,-465937.197355713,-175745.411581294)
(-1288229.93016573,-189297.244682466,-1057418.83840675)
(-1126971.01292365,-59181.3629850944,-2636692.36663765)
(0,0,0)
(0,0,0)
(0,0,0)
(0,0,0)
(0,0,0)
(0,0,0)
(-543715.394472825,158729.603100269,13883.7798422339)
(-552664.254207988,151219.387929315,22968.5827657065)
(-572057.48308096,133318.981415322,18767.4043103967)
(-605267.628084588,96024.6937040125,-16215.8345163767)
(-659936.491556434,11339.7607077613,-114154.754467836)
(-767869.849837223,-228640.264231271,-281730.751788864)
(-1158263.5607209,-1158173.76884345,60395.851742016)
(-1218846.05329308,-1218265.58615073,100799.211661052)
(-1238923.72314513,-278451.619709465,-927487.751914791)
(-1100515.03719402,-62837.6980876661,-2577685.65133226)
(0,0,0)
(0,0,0)
(0,0,0)
(0,0,0)
(0,0,0)
(0,0,0)
(-632362.766502343,185120.761733441,6453.43445329652)
(-638959.909031065,179264.754225033,5122.50102372162)
(-652527.318378248,166146.525758099,-18517.3709563986)
(-672076.713771452,141773.052770398,-100943.800614673)
(-685944.512859992,97771.7063708231,-354196.196668442)
(-618132.287799215,25228.2567176156,-1211398.6739622)
(-8.154518376864e-05,-2.12117728939166e-05,5.2899255950875e-05)
(-819.596694658602,-857.130613600356,1040536.28049605)
(-1041603.88693823,-25082.4547997966,-712018.219223445)
(-1052886.58958666,-3652.73155082196,-2515018.0215109)
(0,0,0)
(0,0,0)
(0,0,0)
(0,0,0)
(0,0,0)
(0,0,0)
(-764856.841296682,169508.077472164,707.398099058692)
(-769236.145359932,166205.496803927,-7909.05207280572)
(-777455.90305158,159804.199978306,-42872.6270718473)
(-785886.372120292,150249.811904677,-145046.147084533)
(-775769.661728092,135738.412850778,-426836.312575979)
(-656736.375596612,104493.098780007,-1236787.56330183)
(-7.40642416223749e-05,-2.86994797282874e-05,4.23280229976339e-05)
(43.3436682209102,102.497336160937,1016440.16356478)
(-1016407.98463529,71568.6012002747,-690620.746495897)
(-1052413.75996611,30565.7097490048,-2511460.51810265)
(0,0,0)
(0,0,0)
(0,0,0)
(0,0,0)
(0,0,0)
(0,0,0)
(-949640.983603884,47485.5647137872,-2531.5021233396)
(-952176.511237743,46740.2252200172,-14287.3188408912)
(-956088.175907402,47207.4599133859,-52439.0568249582)
(-956059.705019144,53645.1480612597,-159635.120268167)
(-928891.335010703,74675.3295763144,-458114.830812456)
(-770468.192642106,109488.015518513,-1341297.8344238)
(-0.00019906926559636,7.16934343132047e-05,5.49112131346839e-05)
(-148.716020773354,1076879.19458602,1087990.47526992)
(-1088133.87142319,222385.077516066,-731488.730372364)
(-1095138.14900922,27259.8248527423,-2541903.05156571)
(0,0,0)
(0,0,0)
(0,0,0)
(0,0,0)
(0,0,0)
(0,0,0)
(-1173815.72981106,-319583.536536489,-3169.23866495755)
(-1175053.66745072,-318630.571329182,-13737.9724066574)
(-1176143.7007216,-313322.479263744,-45967.3275725562)
(-1171330.52313922,-292911.283345083,-138609.982393383)
(-1136107.80281195,-221603.742263295,-423221.199528217)
(-954224.814588444,43552.4209235773,-1450604.16711526)
(-284.055342422141,1204266.15240349,1077024.68828832)
(-1077186.46840522,263684.269157967,233704.939230011)
(-1355232.80576275,-122808.41657987,-926385.184759359)
(-1186827.12324272,-160309.227152905,-2568934.51100353)
(0,0,0)
(0,0,0)
(0,0,0)
(0,0,0)
(0,0,0)
(0,0,0)
(-1346334.55832744,-1189242.00770761,-2083.09130871682)
(-1346863.96698499,-1188131.59963631,-8289.61712313772)
(-1346974.3634004,-1183266.73773976,-25431.8393187342)
(-1343352.83584124,-1167519.95482982,-67183.2376967933)
(-1326153.80063102,-1123180.53848378,-157851.611662824)
(-1273154.9239546,-1010136.69436464,-289609.072122349)
(-1204495.54663267,-782592.904504942,136724.346008858)
(-1379008.1488911,-933447.454598351,-152492.511693705)
(-1482486.72943349,-958217.19757585,-963532.737333345)
(-1214862.66895634,-679104.299569818,-2408301.45691575)
(0,0,0)
(0,0,0)
(0,0,0)
(0,0,0)
(0,0,0)
(0,0,0)
(-1161276.96366909,-2743574.82988716,-820.763985087485)
(-1161501.75370691,-2742839.01149151,-3251.46795086014)
(-1161518.49795208,-2739667.92317404,-9483.08854703897)
(-1160121.79800487,-2730299.12118309,-22616.7232532534)
(-1154725.16239181,-2707894.06704459,-44451.5451137594)
(-1143129.75715876,-2663872.22795357,-61669.2203934427)
(-1139449.80207553,-2602645.41195946,-13795.616004283)
(-1201288.57246816,-2589179.41376998,-176959.848157028)
(-1217930.6159635,-2412510.55529637,-684122.089743612)
(-973883.508797072,-1728643.9279808,-1728926.39397204)
(0,0,0)
(0,0,0)
(0,0,0)
(0,0,0)
(0,0,0)
(0,0,0)
(0,0,0)
(0,0,0)
(0,0,0)
(0,0,0)
(0,0,0)
(0,0,0)
(0,0,0)
(0,0,0)
(0,0,0)
(0,0,0)
(0,0,0)
(0,0,0)
(0,0,0)
(0,0,0)
(0,0,0)
(0,0,0)
(0,0,0)
(0,0,0)
(0,0,0)
(0,0,0)
(0,0,0)
(0,0,0)
(0,0,0)
(0,0,0)
(0,0,0)
(0,0,0)
(0,0,0)
(0,0,0)
(0,0,0)
(0,0,0)
(0,0,0)
(0,0,0)
(0,0,0)
(0,0,0)
(0,0,0)
(0,0,0)
(0,0,0)
(0,0,0)
(0,0,0)
(0,0,0)
(0,0,0)
(0,0,0)
(0,0,0)
(0,0,0)
(0,0,0)
(0,0,0)
(0,0,0)
(0,0,0)
(0,0,0)
(0,0,0)
(0,0,0)
(0,0,0)
(0,0,0)
(0,0,0)
(0,0,0)
(0,0,0)
(0,0,0)
(0,0,0)
(0,0,0)
(0,0,0)
(0,0,0)
(0,0,0)
(0,0,0)
(0,0,0)
(0,0,0)
(0,0,0)
(0,0,0)
(0,0,0)
(0,0,0)
(0,0,0)
(0,0,0)
(0,0,0)
(0,0,0)
(0,0,0)
(0,0,0)
(0,0,0)
(0,0,0)
(0,0,0)
(0,0,0)
(0,0,0)
(0,0,0)
(0,0,0)
(0,0,0)
(0,0,0)
(0,0,0)
(0,0,0)
(0,0,0)
(0,0,0)
(0,0,0)
(0,0,0)
(0,0,0)
(0,0,0)
(0,0,0)
(0,0,0)
(0,0,0)
(0,0,0)
(-480618.689891922,23257.3919230559,16867.7976469844)
(-489459.098216513,20970.3197181906,31789.4281657049)
(-508071.324024057,15715.6536085766,41835.2410392349)
(-538453.325980752,5977.97456203718,41758.7565276675)
(-583201.556441437,-10715.8530518463,21957.9314761478)
(-644369.568893714,-36316.2708368928,-35913.5174501547)
(-719689.049229568,-64484.7274176238,-169688.975232031)
(-790065.62037042,-57880.0599025423,-462083.354345346)
(-783085.370662175,-30183.2283072942,-966932.445861338)
(-556876.13625133,-11147.1355801942,-1544336.42132163)
(0,0,0)
(0,0,0)
(0,0,0)
(0,0,0)
(0,0,0)
(0,0,0)
(-491856.487665811,45221.3071592445,14601.7216520185)
(-499609.518141394,40975.721341241,26566.6492084851)
(-515567.269250877,30934.4457396854,32118.7809179396)
(-540652.389905909,11240.5674557738,25109.3510805981)
(-575582.492806645,-26342.3088324297,-3581.27770012119)
(-620106.649344469,-97000.4374563516,-63945.1785374925)
(-673691.488826438,-211126.770412255,-162985.460129126)
(-740073.192542027,-181417.553302137,-434354.668509883)
(-750312.781835736,-75678.4911609089,-947968.518492054)
(-542117.123832564,-23759.7457605703,-1533313.77979612)
(0,0,0)
(0,0,0)
(0,0,0)
(0,0,0)
(0,0,0)
(0,0,0)
(-515942.086713472,63093.9114230359,10350.888793965)
(-521611.60100005,57684.8878145529,16578.0927207833)
(-532349.630272499,44661.2769286189,12503.5713584957)
(-546384.430546572,17713.6079646302,-12408.0088866441)
(-558423.195149655,-40729.5677293533,-74187.8187293741)
(-555542.240229287,-188560.076631252,-177965.155737108)
(-520460.187459247,-682631.542829938,-133226.574396333)
(-571895.592209829,-549423.09561083,-328666.769787581)
(-656379.954756388,-139981.976125263,-896213.260232577)
(-504463.740532065,-32729.2005848604,-1509751.07779988)
(0,0,0)
(0,0,0)
(0,0,0)
(0,0,0)
(0,0,0)
(0,0,0)
(-555825.932535607,70246.8881542759,4957.56133153935)
(-558695.253238439,65065.2097359999,3608.23844054279)
(-562357.124828691,52974.4985179236,-14405.3414010296)
(-560486.918991023,29332.3026437128,-70804.745173677)
(-534921.898484417,-14585.220810003,-221963.68516505)
(-427495.984985546,-78878.1259957275,-672019.500652252)
(-3.82183813451354e-05,-6.35879704101194e-06,1.85001676406715e-05)
(-231.127427937593,-256.076366666553,80765.7748647641)
(-427884.129481485,-81140.8413555941,-789114.953568539)
(-429981.638025297,-15185.0626164653,-1477192.49070567)
(0,0,0)
(0,0,0)
(0,0,0)
(0,0,0)
(0,0,0)
(0,0,0)
(-614708.19127849,52734.7814912729,-142.468560848756)
(-614707.186462838,49107.5412398071,-8437.52263288348)
(-611250.951267802,41338.4416831654,-38077.8329085723)
(-594127.626625314,28104.1850508879,-114798.802461884)
(-537071.761864873,8058.76958410811,-286315.543851112)
(-376800.351898872,-13320.8536010407,-593204.752146136)
(5.52508406359064e-06,-1.79316443191247e-06,-9.78128841167747e-05)
(-8.83577865485041e-05,-1.22567741641253e-05,2.65432480773058e-06)
(214.745131985487,129.581043377436,-723266.383923854)
(-326025.17752858,-3142.76109421495,-1462170.09750416)
(0,0,0)
(0,0,0)
(0,0,0)
(0,0,0)
(0,0,0)
(0,0,0)
(-693162.467043642,-15302.5271316557,-3657.06563011276)
(-690911.582872647,-16749.5596021736,-16124.527275417)
(-682079.411037951,-18831.5360210106,-51331.0415848706)
(-654242.228467904,-19888.3125257491,-134982.687660622)
(-577565.848787709,-17302.8531302971,-307824.877886593)
(-388686.644666965,-9170.89372465965,-580024.568692619)
(-3.28650244244916e-07,-6.7777879109509e-06,-7.47034888969412e-05)
(-6.5318068238064e-05,-2.35800422318915e-05,2.1952789950813e-06)
(-84.5139097910406,-126.001000336175,-726609.402401225)
(-310904.014698037,-12143.5357419552,-1459118.37302157)
(0,0,0)
(0,0,0)
(0,0,0)
(0,0,0)
(0,0,0)
(0,0,0)
(-783012.2051008,-176893.714878195,-5037.59075654198)
(-779467.7973651,-176314.799827877,-18181.064403477)
(-767678.813469233,-172990.377316025,-52431.585546642)
(-734170.002828628,-161692.546238241,-132517.054024669)
(-646383.605007336,-132537.186833269,-299790.450325067)
(-434274.477819331,-74192.1500502417,-570962.908822262)
(-9.87787514601498e-06,-0.000114668831141161,-8.72756044677041e-05)
(-0.000113258981318156,1.27462360851411e-06,9.54005379063504e-07)
(-169.872489399357,-44700.1701439455,-738504.972871093)
(-334484.415223835,-64440.6337037556,-1446861.60869467)
(0,0,0)
(0,0,0)
(0,0,0)
(0,0,0)
(0,0,0)
(0,0,0)
(-853971.180146746,-492371.671521626,-4366.59302088455)
(-850268.535385763,-490683.187241618,-14783.337672108)
(-838450.035274644,-484350.034554376,-41117.3458807116)
(-805682.235922215,-465074.939431481,-103383.239904475)
(-718811.585589912,-411805.388034492,-241411.255925282)
(-497518.223278324,-275523.870981137,-496786.126304509)
(-0.000133739963246505,4.82900925159056e-06,8.45604491654142e-06)
(32.7214055714774,-38206.2931561146,-44413.1169408023)
(-436143.784844337,-250146.140340724,-758056.167662431)
(-438648.666320562,-188419.63376726,-1382255.62452108)
(0,0,0)
(0,0,0)
(0,0,0)
(0,0,0)
(0,0,0)
(0,0,0)
(-831695.355379623,-1004426.52768188,-2584.34678756515)
(-828830.759913812,-1002967.29596794,-8333.44513241666)
(-819920.644535505,-997992.08610953,-21745.112442155)
(-795740.234641329,-984452.155879803,-49980.4971937481)
(-731130.611602944,-951919.801554297,-104889.272702019)
(-552241.084248223,-880296.603329833,-221030.380059703)
(241.112423166499,-717731.288056839,-37837.6713743233)
(-443036.87936831,-755952.560984308,-256062.673068926)
(-598788.372929824,-693869.93580989,-696037.234103424)
(-467498.279064579,-438245.427510654,-1193575.83025179)
(0,0,0)
(0,0,0)
(0,0,0)
(0,0,0)
(0,0,0)
(0,0,0)
(-582324.488489261,-1582373.49331666,-1005.50954504629)
(-580846.003733863,-1581430.0144765,-3198.54100955347)
(-576399.936035209,-1578282.54714922,-8026.64188675183)
(-565016.097785223,-1570361.94174404,-17222.5562421619)
(-537624.039957803,-1553352.24240467,-32891.2378257906)
(-477325.558055986,-1520941.82350012,-58050.2167582834)
(-376146.491984768,-1463408.61462831,-75676.2002775896)
(-451114.092453809,-1388143.84845903,-193659.392817221)
(-470461.540548014,-1194834.47125498,-440163.932787626)
(-342284.686323976,-754892.48785651,-755115.694914874)
(0,0,0)
(0,0,0)
(0,0,0)
(0,0,0)
(0,0,0)
(0,0,0)
(0,0,0)
(0,0,0)
(0,0,0)
(0,0,0)
(0,0,0)
(0,0,0)
(0,0,0)
(0,0,0)
(0,0,0)
(0,0,0)
(0,0,0)
(0,0,0)
(0,0,0)
(0,0,0)
(0,0,0)
(0,0,0)
(0,0,0)
(0,0,0)
(0,0,0)
(0,0,0)
(0,0,0)
(0,0,0)
(0,0,0)
(0,0,0)
(0,0,0)
(0,0,0)
(0,0,0)
(0,0,0)
(0,0,0)
(0,0,0)
(0,0,0)
(0,0,0)
(0,0,0)
(0,0,0)
(0,0,0)
(0,0,0)
(0,0,0)
(0,0,0)
(0,0,0)
(0,0,0)
(0,0,0)
(0,0,0)
(0,0,0)
(0,0,0)
(0,0,0)
(0,0,0)
(0,0,0)
(0,0,0)
(0,0,0)
(0,0,0)
(0,0,0)
(0,0,0)
(0,0,0)
(0,0,0)
(0,0,0)
(0,0,0)
(0,0,0)
(0,0,0)
(0,0,0)
(0,0,0)
(0,0,0)
(0,0,0)
(0,0,0)
(0,0,0)
(0,0,0)
(0,0,0)
(0,0,0)
(0,0,0)
(0,0,0)
(0,0,0)
(0,0,0)
(0,0,0)
(0,0,0)
(0,0,0)
(0,0,0)
(0,0,0)
(0,0,0)
(0,0,0)
(0,0,0)
(0,0,0)
(0,0,0)
(0,0,0)
(0,0,0)
(0,0,0)
(0,0,0)
(0,0,0)
(0,0,0)
(0,0,0)
(0,0,0)
(0,0,0)
(0,0,0)
(0,0,0)
(0,0,0)
(0,0,0)
(0,0,0)
(0,0,0)
(-500617.355868228,11995.9683139888,8002.69766232045)
(-505380.362603848,10810.1717470724,13113.7903025838)
(-514672.390296043,8245.12622172368,11469.7303528446)
(-527927.7694984,3809.00512798817,-2864.83125749523)
(-543953.24617857,-3036.00915055042,-39077.1323698131)
(-560347.084977085,-11976.3912488937,-111123.225037547)
(-572439.763132118,-18366.1871271056,-240006.324007892)
(-567123.065782101,-7772.1722118084,-455176.706384403)
(-500206.374694096,2678.055796089,-740733.758148558)
(-313875.063560563,3648.71419478938,-987383.545034133)
(0,0,0)
(0,0,0)
(0,0,0)
(0,0,0)
(0,0,0)
(0,0,0)
(-507821.921767186,21112.3889861372,6849.01342923097)
(-511481.218109246,18972.507788987,10558.3773551668)
(-518005.104260407,14190.022940804,7051.31564561596)
(-525645.122259838,5538.33171637153,-9685.2785888414)
(-531163.972045213,-9146.05898758527,-47993.7495132375)
(-530225.83532955,-32385.6347896654,-117465.319987387)
(-522357.549158447,-57797.7266378256,-229367.720144653)
(-519376.527972867,-13130.5589358525,-444705.997989767)
(-470839.615492261,18331.7509818525,-739832.859518998)
(-301078.163437446,13932.9272385426,-991156.032957875)
(0,0,0)
(0,0,0)
(0,0,0)
(0,0,0)
(0,0,0)
(0,0,0)
(-522788.910162526,23237.0853446715,4722.1270905203)
(-524342.552945905,20607.1137422775,5818.47308308606)
(-525513.422942564,14693.2946230042,-1521.00592904469)
(-521684.229697075,3642.27682972659,-24325.1518918999)
(-503460.853457111,-17216.2816072957,-71217.2709647316)
(-455790.519685036,-60495.0227865837,-142859.60351207)
(-374328.738686715,-162141.29138337,-184647.487539057)
(-378751.477012527,22319.4930089194,-413241.654681129)
(-395526.305792486,88583.5769482522,-744347.129611435)
(-271427.267231147,41796.9166725285,-1005247.59234633)
(0,0,0)
(0,0,0)
(0,0,0)
(0,0,0)
(0,0,0)
(0,0,0)
(-546159.394463936,11443.4782946404,2127.06897835972)
(-545011.533761259,9092.43341348478,-41.9701700259048)
(-539271.462208041,4118.25444565846,-12552.5926133312)
(-519944.81772521,-4259.69627411266,-45192.7207753059)
(-466166.502851329,-16697.4281609437,-114466.969854745)
(-329801.917139283,-28166.0302671134,-244490.030220481)
(-3.24280809224907e-05,-6.0984996820456e-06,-4.15302427104952e-06)
(509.922587663635,62.1442196344561,-346942.930113798)
(-242003.059203668,347008.457435279,-791248.880878644)
(-221087.079584281,88831.5250781315,-1047178.04772527)
(0,0,0)
(0,0,0)
(0,0,0)
(0,0,0)
(0,0,0)
(0,0,0)
(-577398.041970887,-25715.5453330005,-151.125679958719)
(-573693.933689486,-27071.4091122765,-5000.53592754752)
(-561729.485865592,-29409.82316233,-20993.9237217676)
(-529765.56833157,-31881.3252093242,-57734.3530802999)
(-453201.291882952,-32326.8939419306,-125975.357281234)
(-289401.791516929,-25178.4129476426,-216361.534982648)
(5.04431488337584e-06,-3.6241961786845e-07,-7.6465277327654e-06)
(-7.73169274840124e-05,-3.53638366873312e-06,-1.52510025036723e-05)
(259.679348117817,-158.635612532969,-1049520.20020384)
(-162566.92283197,11997.0915495063,-1136144.02137183)
(0,0,0)
(0,0,0)
(0,0,0)
(0,0,0)
(0,0,0)
(0,0,0)
(-612209.585356929,-105229.76465654,-1438.66236317462)
(-606779.53535083,-105324.872636052,-7317.24636121826)
(-590870.199363767,-104401.057950097,-23535.2232476388)
(-551556.476567034,-99759.1231892954,-58343.1771685357)
(-463271.455334158,-86019.1792282659,-118945.285335752)
(-286817.951126466,-54688.9641543456,-191303.427669549)
(1.75591248797658e-07,-2.94778195621864e-06,-1.7502896007887e-11)
(-5.38876430058482e-05,-4.25537983613188e-06,-1.07114465677136e-05)
(-114.23177455348,-211.271844830301,-1037369.65835497)
(-152334.281691776,-35741.406258132,-1148200.89355359)
(0,0,0)
(0,0,0)
(0,0,0)
(0,0,0)
(0,0,0)
(0,0,0)
(-638614.922771415,-248110.669079515,-1516.37790641633)
(-632625.559718183,-247268.400219966,-6415.08796942274)
(-615674.033022188,-243844.998573784,-18975.9277927795)
(-574907.912944141,-233228.244737857,-44768.8961287067)
(-484488.482344056,-204937.260670709,-87745.9373495419)
(-302593.136509441,-137388.72985105,-136727.512962727)
(-7.2776892609832e-06,-7.09925402929213e-06,-2.06944723935108e-11)
(-9.40676126739104e-05,-5.03630297724548e-06,-1.84104661976041e-05)
(-399.477376853754,-480678.902479152,-1072764.86174423)
(-161980.522076734,-168624.769426396,-1112385.39172308)
(0,0,0)
(0,0,0)
(0,0,0)
(0,0,0)
(0,0,0)
(0,0,0)
(-631085.501233763,-470363.231990979,-633.11600151962)
(-625773.91707841,-469449.429834933,-2946.70469390028)
(-610913.56775782,-465979.709084886,-8348.46169962134)
(-575517.423192668,-455229.385209248,-16512.1339577753)
(-495864.919986072,-424224.787123931,-20171.2731083942)
(-325432.309354072,-330356.159353527,710.242469829508)
(-0.000116578060322939,-1.92038520689358e-05,-5.23520491951666e-06)
(-187.026044170943,-481356.706483757,-480515.420199506)
(-223969.086575966,-412829.618720562,-760539.402226467)
(-206861.284087245,-217310.284461832,-943641.269424348)
(0,0,0)
(0,0,0)
(0,0,0)
(0,0,0)
(0,0,0)
(0,0,0)
(-547160.064445674,-755231.690594481,333.167669550339)
(-543412.897667683,-755151.442033539,617.31762202093)
(-533125.516356291,-754631.684517945,2474.16487586476)
(-509278.594821198,-753845.208971917,14628.3488184026)
(-456162.444830896,-758529.982928971,73965.3778513942)
(-334536.94041802,-805520.400887615,331425.475555276)
(-252.080488789834,-1094294.03257249,-481099.939374222)
(-229467.56316693,-764230.199764664,-411795.762294692)
(-292879.819932078,-565720.951132401,-564812.982880603)
(-210339.618368041,-313141.103613442,-726140.824425529)
(0,0,0)
(0,0,0)
(0,0,0)
(0,0,0)
(0,0,0)
(0,0,0)
(-337956.991750851,-1000112.62237572,513.435042831159)
(-336095.158264147,-1000675.94918303,1287.09672260804)
(-331105.189893163,-1002033.37943155,3394.04549416586)
(-320064.795587506,-1005555.48208799,10153.0164125199)
(-297434.434122516,-1015925.2574012,27358.6850494722)
(-254782.200299773,-1043791.91867164,43086.8450772807)
(-189255.35966647,-1087441.29034574,-150657.029467769)
(-215743.203228955,-937246.556028763,-213011.562428526)
(-212520.056022152,-724610.258051414,-312063.740035368)
(-141889.391436873,-412731.962737465,-412868.175798455)
(0,0,0)
(0,0,0)
(0,0,0)
(0,0,0)
(0,0,0)
(0,0,0)
(0,0,0)
(0,0,0)
(0,0,0)
(0,0,0)
(0,0,0)
(0,0,0)
(0,0,0)
(0,0,0)
(0,0,0)
(0,0,0)
(0,0,0)
(0,0,0)
(0,0,0)
(0,0,0)
(0,0,0)
(0,0,0)
(0,0,0)
(0,0,0)
(0,0,0)
(0,0,0)
(0,0,0)
(0,0,0)
(0,0,0)
(0,0,0)
(0,0,0)
(0,0,0)
(0,0,0)
(0,0,0)
(0,0,0)
(0,0,0)
(0,0,0)
(0,0,0)
(0,0,0)
(0,0,0)
(0,0,0)
(0,0,0)
(0,0,0)
(0,0,0)
(0,0,0)
(0,0,0)
(0,0,0)
(0,0,0)
(0,0,0)
(0,0,0)
(0,0,0)
(0,0,0)
(0,0,0)
(0,0,0)
(0,0,0)
(0,0,0)
(0,0,0)
(0,0,0)
(0,0,0)
(0,0,0)
(0,0,0)
(0,0,0)
(0,0,0)
(0,0,0)
(0,0,0)
(0,0,0)
(0,0,0)
(0,0,0)
(0,0,0)
(0,0,0)
(0,0,0)
(0,0,0)
(0,0,0)
(0,0,0)
(0,0,0)
(0,0,0)
(0,0,0)
(0,0,0)
(0,0,0)
(0,0,0)
(0,0,0)
(0,0,0)
(0,0,0)
(0,0,0)
(0,0,0)
(0,0,0)
(0,0,0)
(0,0,0)
(0,0,0)
(0,0,0)
(0,0,0)
(0,0,0)
(0,0,0)
(0,0,0)
(0,0,0)
(0,0,0)
(0,0,0)
(0,0,0)
(0,0,0)
(0,0,0)
(0,0,0)
(0,0,0)
(-508621.619767772,4744.1624714244,3260.10142811583)
(-510649.579984562,4686.58753562515,3842.73127320206)
(-513972.863645749,4909.30189389835,-1766.09727099089)
(-516988.624418412,6112.55691055688,-18817.7992615332)
(-517206.17690143,9806.80027465341,-55371.6688133252)
(-510796.65684155,18194.7165183671,-123116.813467225)
(-492639.244159681,31767.340026242,-234684.672465902)
(-453482.88901812,40018.5289956089,-388343.378225495)
(-366178.616952861,32097.7625866658,-554468.898553394)
(-211316.482939532,16477.6231191776,-673505.102293612)
(0,0,0)
(0,0,0)
(0,0,0)
(0,0,0)
(0,0,0)
(0,0,0)
(-512400.332241859,6089.13928436224,3233.4336617333)
(-513683.505763944,6078.30979860573,4043.99905345145)
(-515144.033656326,6667.08151349861,-574.851170229985)
(-514484.858382155,9498.06424740413,-15120.6223847599)
(-508096.069548753,18580.8155461786,-46962.5401527485)
(-491568.683892716,42097.5511542854,-109522.526225501)
(-464032.217387276,90321.6175023876,-226402.135472822)
(-437049.332337799,127558.889775813,-396269.691888103)
(-358601.471183626,93717.307881733,-570127.381491813)
(-208302.587478704,43636.1299383478,-690061.464269727)
(0,0,0)
(0,0,0)
(0,0,0)
(0,0,0)
(0,0,0)
(0,0,0)
(-519778.651497602,-148.434484306649,3227.31510374388)
(-519620.996565751,-59.385125333598,4643.45364752613)
(-517465.392898172,950.443448204115,2312.06166842503)
(-509235.888724545,5384.73369869723,-6022.94875539533)
(-487523.758000343,20076.1147872697,-23455.3434532538)
(-441382.867492056,65557.1317844338,-61322.5762763796)
(-368636.968606884,212457.851077837,-189150.579931662)
(-411894.601529025,401685.122113961,-430133.687753314)
(-353853.626458153,242196.078234536,-620285.137440445)
(-206453.261924474,92183.6730781831,-733806.685886962)
(0,0,0)
(0,0,0)
(0,0,0)
(0,0,0)
(0,0,0)
(0,0,0)
(-529837.530371307,-19788.031619017,3317.73304208161)
(-527846.815108623,-19600.5849375077,5694.21420161642)
(-521027.056083377,-18363.1772391014,6763.42876425671)
(-502302.738579116,-14106.8832909201,8612.96660778052)
(-455700.569303885,-3762.39459844559,21985.542446059)
(-340007.804504696,12227.7148309201,85520.8467649882)
(-2.28719389196481e-05,6.90438807202565e-06,-1.36665455272098e-05)
(-477926.480697101,-337.107490391929,-589663.843792707)
(-408405.339818344,589353.788451454,-770419.273394957)
(-220603.947666858,147409.571684914,-826128.303919092)
(0,0,0)
(0,0,0)
(0,0,0)
(0,0,0)
(0,0,0)
(0,0,0)
(-540121.871923466,-60579.9952255595,3515.79355911829)
(-536470.00638357,-60224.3109294863,6915.59224518251)
(-525548.070082023,-58580.8564096136,10951.8556321241)
(-498082.309669309,-53672.8951572012,18834.6088361424)
(-433616.511719994,-42399.351528522,37886.7856032599)
(-289839.499364722,-22604.237588623,73156.4458705974)
(9.96235156085447e-06,1.4885987104227e-06,1.18870294363786e-06)
(-5.20374316614655e-05,2.16191338542837e-06,-2.60611469676141e-05)
(-744609.530099179,-507.932391241639,-1212428.23150001)
(-276226.322944138,22265.2889719044,-973624.548674838)
(0,0,0)
(0,0,0)
(0,0,0)
(0,0,0)
(0,0,0)
(0,0,0)
(-545001.437451493,-131707.853153244,3919.71002224664)
(-540422.15250133,-131215.11041004,8553.12665330208)
(-527451.112155255,-129208.289876727,15761.4729119067)
(-496292.693737779,-123101.321377451,29926.1163029012)
(-426082.133163377,-107191.770228738,57529.2128323383)
(-277069.989969892,-70420.840346409,95597.854433549)
(1.80431417487557e-06,8.3261612966313e-07,1.34414224674685e-12)
(-3.74083609420995e-05,3.76912183201388e-06,-1.8086489166192e-05)
(-704933.787962167,-499.049927588592,-1189544.6154251)
(-278373.970999803,-45382.9557858492,-995856.681359326)
(0,0,0)
(0,0,0)
(0,0,0)
(0,0,0)
(0,0,0)
(0,0,0)
(-533928.007889095,-240821.227225852,4426.45919029135)
(-529388.593880465,-240561.133883663,10535.5168261945)
(-516948.96321334,-239174.947386375,21777.1045269936)
(-488002.261035208,-233884.475256434,45654.6064970456)
(-423871.464872548,-216296.320901515,94142.1396983138)
(-284590.972824664,-160167.942788832,165887.078455956)
(-3.59324340576942e-06,-1.21136439288071e-06,-1.50165504575599e-12)
(-5.12533512997907e-05,-9.12667923371021e-06,-2.99184618100506e-05)
(-772332.878175184,-704213.628719386,-1234220.0562894)
(-277703.870672238,-213506.013663105,-950373.649816647)
(0,0,0)
(0,0,0)
(0,0,0)
(0,0,0)
(0,0,0)
(0,0,0)
(-489897.256676473,-386692.244813718,4682.77303057996)
(-486302.794289951,-387281.084796071,11931.6011545289)
(-476855.75789504,-388353.711380109,27052.5552854811)
(-456402.939898477,-389110.728444987,63164.3251798418)
(-414655.295363737,-384596.314984102,150254.694640091)
(-322006.82983753,-339438.066234061,326099.338568777)
(-6.87426003588441e-05,-3.45872942518361e-05,-1.14418378695538e-05)
(-568165.371152364,-710553.511391499,-704119.090861409)
(-407231.848331403,-481728.868931437,-743341.088893932)
(-206120.324458382,-220811.52497386,-736776.537212034)
(0,0,0)
(0,0,0)
(0,0,0)
(0,0,0)
(0,0,0)
(0,0,0)
(-391740.446359274,-546229.155035461,4117.29213534039)
(-389503.937026258,-548013.39241398,10940.6391118249)
(-384128.41492736,-552776.928519366,26366.7548221485)
(-375003.5581712,-564792.298373414,67773.288100574)
(-368627.209602612,-599964.495288546,195606.233176735)
(-418234.635707777,-725888.976764574,665754.838997005)
(-864294.403281891,-1283365.11986493,-710241.625784231)
(-424513.608725142,-750600.45258419,-475148.63903332)
(-282055.215566535,-485435.145453489,-482266.966876822)
(-152833.545785615,-244746.08691586,-515838.477517243)
(0,0,0)
(0,0,0)
(0,0,0)
(0,0,0)
(0,0,0)
(0,0,0)
(-224274.113324126,-662315.086969575,2403.05350738936)
(-223254.507193297,-664751.523962661,6300.53398522118)
(-220927.889908837,-671123.413318359,14469.7187998872)
(-217429.857495991,-685750.081009707,32792.563344669)
(-215866.650505399,-718751.620087171,70011.90452617)
(-230128.167696653,-789188.190135443,108657.08529392)
(-288483.001358151,-898349.337770342,-177131.055108989)
(-212065.355185828,-721648.171508528,-209761.184227782)
(-154101.211745205,-512182.728223324,-241432.44573489)
(-86211.3363382307,-270881.034946335,-270975.552803057)
(0,0,0)
(0,0,0)
(0,0,0)
(0,0,0)
(0,0,0)
(0,0,0)
(0,0,0)
(0,0,0)
(0,0,0)
(0,0,0)
(0,0,0)
(0,0,0)
(0,0,0)
(0,0,0)
(0,0,0)
(0,0,0)
(0,0,0)
(0,0,0)
(0,0,0)
(0,0,0)
(0,0,0)
(0,0,0)
(0,0,0)
(0,0,0)
(0,0,0)
(0,0,0)
(0,0,0)
(0,0,0)
(0,0,0)
(0,0,0)
(0,0,0)
(0,0,0)
(0,0,0)
(0,0,0)
(0,0,0)
(0,0,0)
(0,0,0)
(0,0,0)
(0,0,0)
(0,0,0)
(0,0,0)
(0,0,0)
(0,0,0)
(0,0,0)
(0,0,0)
(0,0,0)
(0,0,0)
(0,0,0)
(0,0,0)
(0,0,0)
(0,0,0)
(0,0,0)
(0,0,0)
(0,0,0)
(0,0,0)
(0,0,0)
(0,0,0)
(0,0,0)
(0,0,0)
(0,0,0)
(0,0,0)
(0,0,0)
(0,0,0)
(0,0,0)
(0,0,0)
(0,0,0)
(0,0,0)
(0,0,0)
(0,0,0)
(0,0,0)
(0,0,0)
(0,0,0)
(0,0,0)
(0,0,0)
(0,0,0)
(0,0,0)
(0,0,0)
(0,0,0)
(0,0,0)
(0,0,0)
(0,0,0)
(0,0,0)
(0,0,0)
(0,0,0)
(0,0,0)
(0,0,0)
(0,0,0)
(0,0,0)
(0,0,0)
(0,0,0)
(0,0,0)
(0,0,0)
(0,0,0)
(0,0,0)
(0,0,0)
(0,0,0)
(0,0,0)
(0,0,0)
(0,0,0)
(0,0,0)
(0,0,0)
(0,0,0)
(-510887.250023216,935.642624337122,1329.98763111042)
(-511616.322444392,1659.66592202808,637.064168913455)
(-512339.030874538,3750.34863367178,-4747.11723597277)
(-511406.026916542,8653.56272760174,-18983.2774654462)
(-506165.903931589,18946.3023325499,-48969.8527678355)
(-492226.202054999,37424.048970789,-104964.356525179)
(-462447.484348526,60373.5467479905,-195529.663084324)
(-404434.090283461,56460.6671896218,-301039.129008606)
(-307358.65427417,39714.7665032432,-399573.858190542)
(-168302.277114559,19551.5482488104,-462139.612264321)
(0,0,0)
(0,0,0)
(0,0,0)
(0,0,0)
(0,0,0)
(0,0,0)
(-512283.645989388,-1250.60731817706,2069.56369004317)
(-512835.746445836,167.256897179128,2714.21339678758)
(-513180.960820073,4351.25328105969,150.23591314764)
(-511789.009581676,14781.3526095347,-8673.40276926392)
(-506569.25461744,39185.4608540052,-30439.3762220298)
(-494913.92407644,92312.624345278,-81982.7114127948)
(-471988.379947599,185766.875764062,-199419.877868543)
(-414959.610968907,152782.823888089,-317831.755935901)
(-315488.180679786,98555.270014864,-419785.54995136)
(-172395.081691086,45565.5819487857,-481707.089438952)
(0,0,0)
(0,0,0)
(0,0,0)
(0,0,0)
(0,0,0)
(0,0,0)
(-514396.640897039,-10150.7642529653,3518.14633422638)
(-514578.72493082,-8271.88319313412,6915.01478960838)
(-514184.923418378,-2618.74082899926,10604.5394198764)
(-511907.555074756,12328.14221784,15729.4161617803)
(-507209.099994899,51897.4352903226,22702.7837200172)
(-504796.316521251,166954.727938614,11474.1291558732)
(-520228.204161807,581238.784183418,-232406.543708556)
(-455096.340025738,335722.818755074,-372144.800078825)
(-342299.190716032,187718.132607742,-472862.098413822)
(-184491.784223519,78060.961619209,-527318.955785196)
(0,0,0)
(0,0,0)
(0,0,0)
(0,0,0)
(0,0,0)
(0,0,0)
(-515385.19588518,-30030.0373590155,5426.93861992353)
(-515084.954960677,-28222.4737806066,12615.6690594535)
(-513665.505055607,-22906.4684107318,25541.8456134185)
(-509762.806796434,-9903.12304668344,55233.1790952559)
(-504561.209743102,18259.6619778081,137731.592846983)
(-523337.958398887,62275.4174793333,425741.057200455)
(-772186.243463322,-388.134868025841,-477943.671351317)
(-577484.233218313,477551.245208943,-520214.345283982)
(-411427.847543844,253179.685672125,-582653.390622857)
(-211494.90346301,91802.2356341554,-605503.708841656)
(0,0,0)
(0,0,0)
(0,0,0)
(0,0,0)
(0,0,0)
(0,0,0)
(-511894.62418734,-65480.2240376885,7222.9389425471)
(-511137.701370008,-64215.9528921046,17884.1130404819)
(-508519.142545369,-60503.800800533,38452.5178936269)
(-500934.064186016,-51917.8335332943,83318.9828969437)
(-478821.683478095,-34937.7423034464,181721.5589363)
(-398968.290965563,-9919.42160803272,363045.189624504)
(-3.49769912098249e-05,1.67180628717243e-05,3.16521297880924e-05)
(-763370.775295622,-283.021116817602,-744587.303606329)
(-531080.080481857,39139.9454890526,-744077.013040571)
(-251334.792778959,20174.7456099293,-697341.053181523)
(0,0,0)
(0,0,0)
(0,0,0)
(0,0,0)
(0,0,0)
(0,0,0)
(-498330.607241106,-120657.359443596,8506.30519552303)
(-497456.511222053,-120209.408172423,21534.1191965633)
(-494624.414867129,-118725.945831634,46929.5669395383)
(-486602.171873809,-114857.689317657,100178.900859929)
(-462439.168472881,-105037.816454524,206636.010320509)
(-375164.058440784,-78014.5141200181,372825.171303383)
(-2.77173593894599e-05,2.71798044784043e-05,2.28251308270474e-05)
(-717434.934897636,-342.248931723884,-704954.414680972)
(-539820.958025067,-67954.8704651086,-762972.428663918)
(-259053.809592045,-44670.2568567562,-717447.587604991)
(0,0,0)
(0,0,0)
(0,0,0)
(0,0,0)
(0,0,0)
(0,0,0)
(-466643.845603593,-196909.267540522,8967.74581142519)
(-466039.792507201,-197581.379932829,22990.9161985659)
(-464233.0834476,-199189.836751324,50738.9273525175)
(-459583.585247141,-202393.445272217,109856.007519007)
(-445417.034610845,-207142.625455567,233506.386258346)
(-382096.139336302,-197608.689649928,450605.728299902)
(-3.96253241524317e-05,3.86411318392394e-05,2.91474275893548e-05)
(-789861.953092047,-568134.084847353,-772294.420066977)
(-533956.331688335,-339093.850346665,-739531.986672273)
(-247352.614404339,-141892.066589354,-672661.433207573)
(0,0,0)
(0,0,0)
(0,0,0)
(0,0,0)
(0,0,0)
(0,0,0)
(-406403.771083282,-288725.29442786,8322.54129414292)
(-406323.082917376,-290671.805505795,21433.2554945351)
(-406385.345579129,-295790.252681382,47563.2591086791)
(-408398.325433147,-307845.669644701,105010.869015833)
(-421117.084395904,-338658.625890129,242988.658482567)
(-489133.892452315,-435680.666878638,648187.698326067)
(-883136.766526567,-864239.572945702,-567959.646646131)
(-594307.532572764,-566858.266694985,-543093.303378089)
(-390678.819000998,-356558.315881228,-542181.867173925)
(-191963.622175841,-167550.323299783,-530680.312746047)
(0,0,0)
(0,0,0)
(0,0,0)
(0,0,0)
(0,0,0)
(0,0,0)
(-307935.694559765,-378947.439285969,6417.39305860013)
(-308211.403524148,-381940.652538136,16393.7065888328)
(-309361.450090982,-389737.71157732,35574.2006483971)
(-314101.731585791,-407393.297865092,74220.0022833816)
(-331758.99360569,-447380.967701694,146074.128098023)
(-389743.536126449,-537908.746833079,219811.108471133)
(-530707.827043709,-707636.417293196,-270378.623419554)
(-390851.244260946,-538238.456059663,-332660.79851908)
(-260660.12390663,-357548.890279856,-353065.315780355)
(-132202.801085653,-178165.782885875,-363080.600894222)
(0,0,0)
(0,0,0)
(0,0,0)
(0,0,0)
(0,0,0)
(0,0,0)
(-168443.338181559,-438236.464976329,3458.25054779536)
(-168687.469911644,-441708.277772428,8658.83850043396)
(-169570.829969291,-450437.317532247,18001.3845158132)
(-172551.663761071,-468627.832927722,34357.7258435267)
(-181484.264077038,-503177.157011495,55771.5287249685)
(-203404.534165607,-559246.100895331,50385.2492561732)
(-234977.551349996,-610048.961458003,-100707.656587183)
(-189496.922397931,-509731.971262145,-151782.574172597)
(-131711.713668326,-358167.29454325,-173553.667986081)
(-68411.0593908818,-184708.295944458,-184811.431874849)
(0,0,0)
(0,0,0)
(0,0,0)
(0,0,0)
(0,0,0)
(0,0,0)
(0,0,0)
(0,0,0)
(0,0,0)
(0,0,0)
(0,0,0)
(0,0,0)
(0,0,0)
(0,0,0)
(0,0,0)
(0,0,0)
(0,0,0)
(0,0,0)
(0,0,0)
(0,0,0)
(0,0,0)
(0,0,0)
(0,0,0)
(0,0,0)
(0,0,0)
(0,0,0)
(0,0,0)
(0,0,0)
(0,0,0)
(0,0,0)
(0,0,0)
(0,0,0)
(0,0,0)
(0,0,0)
(0,0,0)
(0,0,0)
(0,0,0)
(0,0,0)
(0,0,0)
(0,0,0)
(0,0,0)
(0,0,0)
(0,0,0)
(0,0,0)
(0,0,0)
(0,0,0)
(0,0,0)
(0,0,0)
(0,0,0)
(0,0,0)
(0,0,0)
(0,0,0)
(0,0,0)
(0,0,0)
(0,0,0)
(0,0,0)
(0,0,0)
(0,0,0)
(0,0,0)
(0,0,0)
(0,0,0)
(0,0,0)
(0,0,0)
(0,0,0)
(0,0,0)
(0,0,0)
(0,0,0)
(0,0,0)
(0,0,0)
(0,0,0)
(0,0,0)
(0,0,0)
(0,0,0)
(0,0,0)
(0,0,0)
(0,0,0)
(0,0,0)
(0,0,0)
(0,0,0)
(0,0,0)
(0,0,0)
(0,0,0)
(0,0,0)
(0,0,0)
(0,0,0)
(0,0,0)
(0,0,0)
(0,0,0)
(0,0,0)
(0,0,0)
(0,0,0)
(0,0,0)
(0,0,0)
(0,0,0)
(0,0,0)
(0,0,0)
(0,0,0)
(0,0,0)
(0,0,0)
(0,0,0)
(0,0,0)
(0,0,0)
(-511035.64856756,-500.091100032944,648.489644372441)
(-511388.258308954,426.335232272851,-5.90972333762766)
(-511495.569416665,2911.02440767036,-3760.39558887672)
(-509821.413869626,8281.65353456588,-13626.6621703615)
(-503369.945831094,18546.8633778819,-34969.4836487411)
(-486753.396275368,34723.021873091,-75165.3113014606)
(-450886.961927289,50819.4070169399,-137545.240739637)
(-383846.43939459,45919.228716056,-204052.12034456)
(-282398.164218563,31584.940993112,-260597.551393284)
(-150487.992076859,15492.2221751674,-293904.058606148)
(0,0,0)
(0,0,0)
(0,0,0)
(0,0,0)
(0,0,0)
(0,0,0)
(-511051.584635603,-3334.10147153097,1601.94901771431)
(-511753.734790438,-1551.2203296032,2497.49292418844)
(-512787.073680441,3375.14037759788,1639.48981462732)
(-513225.728156891,14693.8036705111,-3335.94174610084)
(-511179.03708701,38560.1902332174,-18739.4861318671)
(-502338.95207559,82447.057071577,-59038.4933312043)
(-475342.641321224,137559.567096239,-142424.392036876)
(-405773.568849059,112720.972269193,-218412.177709862)
(-297376.100141821,71806.0672145891,-276745.384469306)
(-157778.283884492,33503.154804858,-309373.114905594)
(0,0,0)
(0,0,0)
(0,0,0)
(0,0,0)
(0,0,0)
(0,0,0)
(-510079.218876602,-11077.5980147981,3426.07452282759)
(-511416.131435559,-8737.02999065221,7449.29068861507)
(-514283.144947734,-2057.5558644243,12980.2084599934)
(-519260.733593683,14519.6809895788,20507.5096598518)
(-527884.109274001,54575.2653704159,25167.4438017547)
(-541724.203342591,148455.960441508,-3913.57274683493)
(-548671.001695008,329354.19880831,-167265.406925703)
(-463682.78625806,213426.42389977,-259384.412323966)
(-333422.922239521,118658.345883415,-315112.959469298)
(-174304.55473688,51078.1903027051,-342875.224453783)
(0,0,0)
(0,0,0)
(0,0,0)
(0,0,0)
(0,0,0)
(0,0,0)
(-505807.62712305,-26454.4359798029,5799.26920287594)
(-507974.683563002,-24218.6587489585,14170.6265635073)
(-513356.965423769,-17751.4233044303,29555.9543716727)
(-525100.767514586,-1084.41804920923,60498.0141286173)
(-552470.663435087,43966.0655570694,119016.66763395)
(-619427.71712944,186590.112675837,176972.274130173)
(-754384.194576268,771713.354509538,-283188.930458102)
(-584722.020598713,291650.043895855,-354174.763073782)
(-397694.689456409,133532.791277065,-382782.366554868)
(-201149.474186277,51966.7215974272,-394016.327126326)
(0,0,0)
(0,0,0)
(0,0,0)
(0,0,0)
(0,0,0)
(0,0,0)
(-494438.385778434,-51942.620270304,8031.94588159481)
(-497387.886656337,-50553.0537137611,20616.5261327263)
(-505167.252636873,-46660.3968803758,46173.6098001793)
(-523659.780998633,-37682.4624755165,105497.371039102)
(-572319.055983956,-18670.9180907569,261631.727192792)
(-726600.197558941,13744.9366295056,762108.809832508)
(-1340949.27481067,-68.2710250839627,-763207.924730416)
(-768167.332421062,45507.6047887753,-512268.928497892)
(-475785.023395678,30342.9072847058,-464374.101591713)
(-230267.502941741,12486.8792579435,-445961.549089452)
(0,0,0)
(0,0,0)
(0,0,0)
(0,0,0)
(0,0,0)
(0,0,0)
(-470694.241503097,-89011.1942816525,9432.20827334271)
(-474192.94243739,-88840.8084651004,24456.394240021)
(-483491.268712057,-88420.741041662,55083.592246235)
(-505668.098489624,-87963.9544854933,124431.010872025)
(-562501.805033993,-88172.5657227228,293995.295065099)
(-730455.821475492,-85229.6547867246,748261.649516043)
(-1312959.20564148,-651.992669840003,-717551.314822591)
(-789036.811857624,-73071.1842669923,-527370.648806831)
(-492407.622974707,-62214.9346547413,-482226.141917737)
(-237408.286429429,-32984.3361997971,-458400.449622608)
(0,0,0)
(0,0,0)
(0,0,0)
(0,0,0)
(0,0,0)
(0,0,0)
(-428449.494593158,-136809.653753178,9604.10846109055)
(-432092.019394394,-138030.692622894,24846.2195060789)
(-441762.166009071,-141535.610812274,55490.1718381635)
(-464772.871916844,-151405.790546105,124121.29456848)
(-523293.104786636,-183041.410181522,296866.20920307)
(-698392.46875315,-304871.345760967,832804.229594165)
(-1364437.12463909,-883451.718026406,-789844.194494168)
(-763617.237466044,-372772.327489293,-516387.76689788)
(-463707.333370494,-195926.418757223,-452925.281113236)
(-221370.29653398,-86546.2184881696,-425345.716695222)
(0,0,0)
(0,0,0)
(0,0,0)
(0,0,0)
(0,0,0)
(0,0,0)
(-361203.510828544,-190452.917880446,8443.00387252922)
(-364521.497312039,-192804.611800494,21415.3374447914)
(-373141.511977037,-199021.619328102,45657.5123585289)
(-392787.710229012,-213788.594847778,92429.7014560655)
(-437225.390891098,-249541.730444924,175038.328214659)
(-536793.75548268,-336473.983869765,254300.829353824)
(-721345.306668265,-511938.851171972,-279003.497358914)
(-543197.047432773,-363477.928816438,-339408.381171764)
(-355972.571760002,-226588.383008936,-343452.664161052)
(-175393.810953463,-107824.195131184,-338744.498740408)
(0,0,0)
(0,0,0)
(0,0,0)
(0,0,0)
(0,0,0)
(0,0,0)
(-264925.098336547,-239657.467412164,6193.95330850114)
(-267455.494553474,-242662.791422616,15296.2239599492)
(-273812.209242159,-250212.570100669,30937.9338836923)
(-287543.033556517,-266105.819813305,56696.4608199446)
(-315403.829502218,-297383.319482086,88182.8857536334)
(-365204.526332177,-351803.422796224,78973.3148858215)
(-421202.052687212,-412068.971484635,-130402.339158014)
(-345301.163310941,-337003.237792434,-202427.11113202)
(-236377.835379447,-228673.477900927,-224624.304767208)
(-119344.417852594,-114398.318108775,-230908.565022677)
(0,0,0)
(0,0,0)
(0,0,0)
(0,0,0)
(0,0,0)
(0,0,0)
(-141226.007301004,-270109.573957608,3234.77566489017)
(-142563.258402907,-273341.652669013,7789.42540254844)
(-145858.519314149,-281211.600106558,15076.1447532965)
(-152647.325818919,-296427.476090425,25493.4630882629)
(-165219.283304757,-322056.686748343,33901.8495822367)
(-184053.80896316,-356151.339509675,18899.0410932389)
(-197629.186603264,-375336.089501145,-55182.2056369846)
(-167267.057385085,-320427.503075607,-93987.8053666575)
(-117504.961516883,-226591.54077709,-110276.494641938)
(-60258.7555856623,-116373.792881173,-116453.323674759)
(0,0,0)
(0,0,0)
(0,0,0)
(0,0,0)
(0,0,0)
(0,0,0)
(0,0,0)
(0,0,0)
(0,0,0)
(0,0,0)
(0,0,0)
(0,0,0)
(0,0,0)
(0,0,0)
(0,0,0)
(0,0,0)
(0,0,0)
(0,0,0)
(0,0,0)
(0,0,0)
(0,0,0)
(0,0,0)
(0,0,0)
(0,0,0)
(0,0,0)
(0,0,0)
(0,0,0)
(0,0,0)
(0,0,0)
(0,0,0)
(0,0,0)
(0,0,0)
(0,0,0)
(0,0,0)
(0,0,0)
(0,0,0)
(0,0,0)
(0,0,0)
(0,0,0)
(0,0,0)
(0,0,0)
(0,0,0)
(0,0,0)
(0,0,0)
(0,0,0)
(0,0,0)
(0,0,0)
(0,0,0)
(0,0,0)
(0,0,0)
(0,0,0)
(0,0,0)
(0,0,0)
(0,0,0)
(0,0,0)
(0,0,0)
(0,0,0)
(0,0,0)
(0,0,0)
(0,0,0)
(0,0,0)
(0,0,0)
(0,0,0)
(0,0,0)
(0,0,0)
(0,0,0)
(0,0,0)
(0,0,0)
(0,0,0)
(0,0,0)
(0,0,0)
(0,0,0)
(0,0,0)
(0,0,0)
(0,0,0)
(0,0,0)
(0,0,0)
(0,0,0)
(0,0,0)
(0,0,0)
(0,0,0)
(0,0,0)
(0,0,0)
(0,0,0)
(0,0,0)
(0,0,0)
(0,0,0)
(0,0,0)
(0,0,0)
(0,0,0)
(0,0,0)
(0,0,0)
(0,0,0)
(0,0,0)
(0,0,0)
(0,0,0)
(0,0,0)
(0,0,0)
(0,0,0)
(0,0,0)
(0,0,0)
(0,0,0)
(-510798.417512089,-540.936385757035,303.705330286092)
(-511124.787485564,58.2094583426204,-17.9749514457571)
(-511254.786147769,1633.18977844223,-1891.9479987827)
(-509643.66962041,4900.75475638759,-6970.44700438693)
(-502939.581016296,10761.6728439796,-18162.4846631612)
(-484951.98674728,19158.4054675356,-39122.2996587843)
(-445949.604205344,26369.9646028806,-70429.6219836117)
(-375562.259531676,23954.5781351112,-102668.379981636)
(-272822.15235251,16563.7716811404,-128808.163528828)
(-143856.537953536,8168.23277695274,-143607.850429107)
(0,0,0)
(0,0,0)
(0,0,0)
(0,0,0)
(0,0,0)
(0,0,0)
(-510189.972744441,-2344.77912729052,942.230850369239)
(-511148.742563269,-1187.53094357801,1582.97902512064)
(-512870.852199458,1919.41396971752,1380.53335286539)
(-514520.056613216,8695.50470839715,-1119.8881428224)
(-513674.611186221,21878.3448276324,-9740.98602726204)
(-504117.783332418,43095.5918235537,-31899.341126451)
(-472306.72107998,64272.0994680821,-72837.3962328976)
(-399455.879427172,54862.8192725988,-110063.32679227)
(-289376.467231442,35752.6296166521,-137251.817638156)
(-152023.434092627,16935.9241544108,-151774.358807476)
(0,0,0)
(0,0,0)
(0,0,0)
(0,0,0)
(0,0,0)
(0,0,0)
(-507827.745670813,-6730.06972684517,2133.81739376734)
(-509964.23426506,-5214.41901575295,4708.80829544564)
(-514795.910321025,-1020.25557420625,8161.24321266005)
(-523200.474708039,8769.54837911081,12026.940656305)
(-535502.553949236,30039.1921174433,11484.5380417336)
(-547200.370710518,70785.7180485863,-10729.4208153729)
(-536560.43122418,123678.904551178,-82246.796369295)
(-454328.208724257,92440.1583287071,-129178.712959205)
(-325146.103177276,54411.0018727179,-156113.904277519)
(-168947.89536384,24211.6462365176,-168746.285732665)
(0,0,0)
(0,0,0)
(0,0,0)
(0,0,0)
(0,0,0)
(0,0,0)
(-501198.167860321,-14990.2180148903,3650.68902531634)
(-504885.347779509,-13547.3528884431,8894.28711451163)
(-513933.398313984,-9487.46967015471,17937.9341006772)
(-532074.078809688,429.852377675361,33250.9413972131)
(-565550.523849331,24155.1914052442,52214.8025236598)
(-617973.38852893,79406.2020715562,42139.9899001793)
(-660218.596789229,185132.462803904,-113479.166139589)
(-546772.381993489,108195.105607296,-167183.752023401)
(-379555.159569291,55427.2582807161,-186339.538318521)
(-193119.329966107,22828.4275392609,-192986.463841432)
(0,0,0)
(0,0,0)
(0,0,0)
(0,0,0)
(0,0,0)
(0,0,0)
(-486314.484976894,-28195.0807378599,5080.96192142984)
(-491444.223153384,-27341.1190144258,12931.0645444583)
(-504550.785880862,-25001.4764651007,27828.6045833927)
(-532606.730517768,-19737.6483775081,56943.0548577102)
(-589747.937639999,-8933.76538819599,107460.893307193)
(-697379.164292237,9769.03303952418,147877.029072518)
(-845367.733030073,27815.8423960427,-190387.892300223)
(-654981.433601968,24545.9741287709,-219924.659640783)
(-434990.168174836,13661.9274998941,-218954.184080809)
(-215927.026557586,5337.64279642205,-215803.875722122)
(0,0,0)
(0,0,0)
(0,0,0)
(0,0,0)
(0,0,0)
(0,0,0)
(-458156.339741508,-46686.8270624237,5953.84456297112)
(-464149.842843545,-46688.5590014291,15258.184956129)
(-479561.420254372,-46733.552318348,33060.4123516892)
(-512844.296011912,-47199.1818916144,67698.1433880823)
(-580726.336392493,-49147.129894431,126136.03925282)
(-707026.275194912,-53438.0244481789,165913.550459938)
(-873096.809347305,-52477.5061798139,-193655.497258366)
(-679458.934704412,-47868.6328598621,-230818.767422942)
(-448627.361581281,-33620.1897768173,-227316.911539662)
(-221263.274585881,-16979.6242773415,-221144.656309449)
(0,0,0)
(0,0,0)
(0,0,0)
(0,0,0)
(0,0,0)
(0,0,0)
(-411457.12453047,-69656.164142002,5976.96701688974)
(-417472.221072551,-70559.2738280662,15227.8835216855)
(-432779.317537116,-73067.2084349378,32578.6911663177)
(-465482.163268625,-79620.4570664865,65709.2576929725)
(-531341.076804125,-97227.980595414,121838.080411443)
(-653305.650383554,-143565.701700472,166878.939294136)
(-820334.099372733,-240685.076839407,-189016.515312609)
(-631402.283111287,-152566.39987016,-216533.702657074)
(-414912.426408593,-88302.2171712243,-210646.582224565)
(-204255.82858268,-40617.513146641,-204123.161306566)
(0,0,0)
(0,0,0)
(0,0,0)
(0,0,0)
(0,0,0)
(0,0,0)
(-341583.312415887,-94415.4347059278,5139.07215126927)
(-346762.150823287,-95962.9465716672,12783.3984061187)
(-359551.154682373,-99920.2920035505,26046.1246800671)
(-385640.908060121,-108818.577036355,48097.4424810462)
(-433851.084242286,-128050.055737211,75545.2109740336)
(-509478.417604313,-165177.940233052,69842.1116282437)
(-579383.656798082,-212027.797012924,-100776.818068417)
(-478663.145831171,-165704.736380494,-152172.383159677)
(-326513.613056428,-107050.532496948,-162883.026537528)
(-163613.715570287,-51819.8055677321,-163460.829499612)
(0,0,0)
(0,0,0)
(0,0,0)
(0,0,0)
(0,0,0)
(0,0,0)
(-246777.780618508,-116261.392634952,3698.6402109847)
(-250526.26199434,-118109.732464053,8916.19354423709)
(-259403.071176342,-122599.449708573,17186.2131834419)
(-276540.3760301,-131542.023165232,28907.0017859015)
(-305486.729906403,-147531.459440511,38471.3058933861)
(-344035.980743932,-170939.555621983,23064.3756940713)
(-367127.829578973,-188675.893572095,-54361.7508549979)
(-312825.207707488,-159096.946304091,-93445.496534857)
(-219393.33785427,-109900.66472075,-107579.861836235)
(-111758.123125647,-55382.9347838731,-111603.027347042)
(0,0,0)
(0,0,0)
(0,0,0)
(0,0,0)
(0,0,0)
(0,0,0)
(-130017.072601279,-129376.451827769,1906.12449309139)
(-131953.24698673,-131290.71260561,4477.0932184719)
(-136409.990747093,-135843.617572926,8272.73251576916)
(-144656.313163908,-144217.691684752,12957.3883802794)
(-157649.66198463,-157250.630563409,15106.9381830503)
(-172820.505304287,-172442.596846347,5376.67574854206)
(-178245.628295873,-177940.619821471,-24742.1563094737)
(-153558.424345003,-153336.622931851,-44211.1127217955)
(-109350.351675475,-109224.657542232,-53041.7297417211)
(-56270.9771869448,-56199.7097571973,-56212.733167115)
(0,0,0)
(0,0,0)
(0,0,0)
(0,0,0)
(0,0,0)
(0,0,0)
(0,0,0)
(0,0,0)
(0,0,0)
(0,0,0)
(0,0,0)
(0,0,0)
(0,0,0)
(0,0,0)
(0,0,0)
(0,0,0)
(0,0,0)
(0,0,0)
(0,0,0)
(0,0,0)
(0,0,0)
(0,0,0)
(0,0,0)
(0,0,0)
(0,0,0)
(0,0,0)
(0,0,0)
(0,0,0)
(0,0,0)
(0,0,0)
(0,0,0)
(0,0,0)
(0,0,0)
(0,0,0)
(0,0,0)
(0,0,0)
(0,0,0)
(0,0,0)
(0,0,0)
(0,0,0)
(0,0,0)
(0,0,0)
(0,0,0)
(0,0,0)
(0,0,0)
(0,0,0)
(0,0,0)
(0,0,0)
(0,0,0)
(0,0,0)
(0,0,0)
(0,0,0)
(0,0,0)
(0,0,0)
(0,0,0)
(0,0,0)
(0,0,0)
(0,0,0)
(0,0,0)
(0,0,0)
(0,0,0)
(0,0,0)
(0,0,0)
(0,0,0)
(0,0,0)
(0,0,0)
(0,0,0)
(0,0,0)
(0,0,0)
(0,0,0)
(0,0,0)
(0,0,0)
(0,0,0)
(0,0,0)
(0,0,0)
(0,0,0)
(0,0,0)
(0,0,0)
(0,0,0)
(0,0,0)
(0,0,0)
(0,0,0)
(0,0,0)
(0,0,0)
(0,0,0)
(0,0,0)
(0,0,0)
(0,0,0)
(0,0,0)
(0,0,0)
(0,0,0)
(0,0,0)
(0,0,0)
(0,0,0)
(0,0,0)
(0,0,0)
(0,0,0)
(0,0,0)
(0,0,0)
(0,0,0)
(0,0,0)
(0,0,0)
(0,0,0)
(0,0,0)
(0,0,0)
(0,0,0)
(0,0,0)
(0,0,0)
(0,0,0)
(0,0,0)
(0,0,0)
(0,0,0)
(0,0,0)
(0,0,0)
(0,0,0)
(0,0,0)
(0,0,0)
(0,0,0)
(0,0,0)
(0,0,0)
(0,0,0)
(0,0,0)
(0,0,0)
(0,0,0)
(0,0,0)
(0,0,0)
(0,0,0)
(0,0,0)
(0,0,0)
(0,0,0)
(0,0,0)
(0,0,0)
(0,0,0)
(0,0,0)
(0,0,0)
(0,0,0)
(0,0,0)
(0,0,0)
(0,0,0)
(0,0,0)
(0,0,0)
(0,0,0)
(0,0,0)
(0,0,0)
(0,0,0)
(0,0,0)
(0,0,0)
(0,0,0)
(0,0,0)
(0,0,0)
(0,0,0)
(0,0,0)
(0,0,0)
(0,0,0)
(0,0,0)
(0,0,0)
(0,0,0)
(0,0,0)
(0,0,0)
(0,0,0)
(0,0,0)
(0,0,0)
(0,0,0)
(0,0,0)
(0,0,0)
(0,0,0)
(0,0,0)
(0,0,0)
(0,0,0)
(0,0,0)
(0,0,0)
(0,0,0)
(0,0,0)
(0,0,0)
(0,0,0)
(0,0,0)
(0,0,0)
(0,0,0)
(0,0,0)
(0,0,0)
(0,0,0)
(0,0,0)
(0,0,0)
(0,0,0)
(0,0,0)
(0,0,0)
(0,0,0)
(0,0,0)
(0,0,0)
(0,0,0)
(0,0,0)
(0,0,0)
(0,0,0)
(0,0,0)
(0,0,0)
(0,0,0)
(0,0,0)
(0,0,0)
(0,0,0)
(0,0,0)
(0,0,0)
(0,0,0)
(0,0,0)
(0,0,0)
(0,0,0)
(0,0,0)
(0,0,0)
(0,0,0)
(0,0,0)
(0,0,0)
(0,0,0)
(0,0,0)
(0,0,0)
(0,0,0)
(0,0,0)
(0,0,0)
(0,0,0)
(0,0,0)
(0,0,0)
(0,0,0)
(0,0,0)
(0,0,0)
(0,0,0)
(0,0,0)
(0,0,0)
(0,0,0)
(0,0,0)
(0,0,0)
(0,0,0)
(0,0,0)
(0,0,0)
(0,0,0)
(0,0,0)
(0,0,0)
(0,0,0)
(0,0,0)
(0,0,0)
(0,0,0)
(0,0,0)
(0,0,0)
(0,0,0)
(0,0,0)
(0,0,0)
(0,0,0)
(0,0,0)
(0,0,0)
(0,0,0)
(0,0,0)
(0,0,0)
(0,0,0)
(0,0,0)
(0,0,0)
(0,0,0)
(0,0,0)
(0,0,0)
(0,0,0)
(0,0,0)
(0,0,0)
(0,0,0)
(0,0,0)
(0,0,0)
(0,0,0)
(0,0,0)
(0,0,0)
(0,0,0)
(0,0,0)
(0,0,0)
(0,0,0)
(0,0,0)
(0,0,0)
(0,0,0)
(0,0,0)
(0,0,0)
(0,0,0)
(0,0,0)
(0,0,0)
(0,0,0)
(0,0,0)
(0,0,0)
(0,0,0)
(0,0,0)
(0,0,0)
(0,0,0)
(0,0,0)
(0,0,0)
(0,0,0)
(0,0,0)
(0,0,0)
(0,0,0)
(0,0,0)
(0,0,0)
(0,0,0)
(0,0,0)
(0,0,0)
(0,0,0)
(0,0,0)
(0,0,0)
(0,0,0)
(0,0,0)
(0,0,0)
(0,0,0)
(0,0,0)
(0,0,0)
(0,0,0)
(0,0,0)
(0,0,0)
(0,0,0)
(0,0,0)
(0,0,0)
(0,0,0)
(0,0,0)
(0,0,0)
(0,0,0)
(0,0,0)
(0,0,0)
(0,0,0)
(0,0,0)
(0,0,0)
(0,0,0)
(0,0,0)
(0,0,0)
(0,0,0)
(0,0,0)
(0,0,0)
(0,0,0)
(0,0,0)
(0,0,0)
(0,0,0)
(0,0,0)
(0,0,0)
(0,0,0)
(0,0,0)
(0,0,0)
(0,0,0)
(0,0,0)
(0,0,0)
(0,0,0)
(0,0,0)
(0,0,0)
(0,0,0)
(0,0,0)
(0,0,0)
(0,0,0)
(0,0,0)
(0,0,0)
(0,0,0)
(0,0,0)
(0,0,0)
(0,0,0)
(0,0,0)
(0,0,0)
(0,0,0)
(0,0,0)
(0,0,0)
(0,0,0)
(0,0,0)
(0,0,0)
(0,0,0)
(0,0,0)
(0,0,0)
(0,0,0)
(0,0,0)
(0,0,0)
(0,0,0)
(0,0,0)
(0,0,0)
(0,0,0)
(0,0,0)
(0,0,0)
(0,0,0)
(0,0,0)
(0,0,0)
(0,0,0)
(0,0,0)
(0,0,0)
(0,0,0)
(0,0,0)
(0,0,0)
(0,0,0)
(0,0,0)
(0,0,0)
(0,0,0)
(0,0,0)
(0,0,0)
(0,0,0)
(0,0,0)
(0,0,0)
(0,0,0)
(0,0,0)
(0,0,0)
(0,0,0)
(0,0,0)
(0,0,0)
(0,0,0)
(0,0,0)
(0,0,0)
(0,0,0)
(0,0,0)
(0,0,0)
(0,0,0)
(0,0,0)
(0,0,0)
(0,0,0)
(0,0,0)
(0,0,0)
(0,0,0)
(0,0,0)
(0,0,0)
(0,0,0)
(0,0,0)
(0,0,0)
(0,0,0)
(0,0,0)
(0,0,0)
(0,0,0)
(0,0,0)
(0,0,0)
(0,0,0)
(0,0,0)
(0,0,0)
(0,0,0)
(0,0,0)
(0,0,0)
(0,0,0)
(0,0,0)
(0,0,0)
(0,0,0)
(0,0,0)
(0,0,0)
(0,0,0)
(0,0,0)
(0,0,0)
(0,0,0)
(0,0,0)
(0,0,0)
(0,0,0)
(0,0,0)
(0,0,0)
(0,0,0)
(0,0,0)
(0,0,0)
(0,0,0)
(0,0,0)
(0,0,0)
(0,0,0)
(0,0,0)
(0,0,0)
(0,0,0)
(0,0,0)
(0,0,0)
(0,0,0)
(0,0,0)
(0,0,0)
(0,0,0)
(0,0,0)
(0,0,0)
(0,0,0)
(0,0,0)
(0,0,0)
(0,0,0)
(0,0,0)
(0,0,0)
(0,0,0)
(0,0,0)
(0,0,0)
(0,0,0)
(0,0,0)
(0,0,0)
(0,0,0)
(0,0,0)
(0,0,0)
(0,0,0)
(0,0,0)
(0,0,0)
(0,0,0)
(0,0,0)
(0,0,0)
(0,0,0)
(0,0,0)
(0,0,0)
(0,0,0)
(0,0,0)
(0,0,0)
(0,0,0)
(0,0,0)
(0,0,0)
(0,0,0)
(0,0,0)
(0,0,0)
(0,0,0)
(0,0,0)
(0,0,0)
(0,0,0)
(0,0,0)
(0,0,0)
(0,0,0)
(0,0,0)
(0,0,0)
(0,0,0)
(0,0,0)
(0,0,0)
(0,0,0)
(0,0,0)
(0,0,0)
(0,0,0)
(0,0,0)
(0,0,0)
(0,0,0)
(0,0,0)
(0,0,0)
(0,0,0)
(0,0,0)
(0,0,0)
(0,0,0)
(0,0,0)
(0,0,0)
(0,0,0)
(0,0,0)
(0,0,0)
(0,0,0)
(0,0,0)
(0,0,0)
(0,0,0)
(0,0,0)
(0,0,0)
(0,0,0)
(0,0,0)
(0,0,0)
(0,0,0)
(0,0,0)
(0,0,0)
(0,0,0)
(0,0,0)
(0,0,0)
(0,0,0)
(0,0,0)
(0,0,0)
(0,0,0)
(0,0,0)
(0,0,0)
(0,0,0)
(0,0,0)
(0,0,0)
(0,0,0)
(0,0,0)
(0,0,0)
(0,0,0)
(0,0,0)
(0,0,0)
(0,0,0)
(0,0,0)
(0,0,0)
(0,0,0)
(0,0,0)
(0,0,0)
(0,0,0)
(0,0,0)
(0,0,0)
(0,0,0)
(0,0,0)
(0,0,0)
(0,0,0)
(0,0,0)
(0,0,0)
(0,0,0)
(0,0,0)
(0,0,0)
(0,0,0)
(0,0,0)
(0,0,0)
(0,0,0)
(0,0,0)
(0,0,0)
(0,0,0)
(0,0,0)
(0,0,0)
(0,0,0)
(0,0,0)
(0,0,0)
(0,0,0)
(0,0,0)
(0,0,0)
(0,0,0)
(0,0,0)
(0,0,0)
(0,0,0)
(0,0,0)
(0,0,0)
(0,0,0)
(0,0,0)
(0,0,0)
(0,0,0)
(0,0,0)
(0,0,0)
(0,0,0)
(0,0,0)
(0,0,0)
(0,0,0)
(0,0,0)
(0,0,0)
(0,0,0)
(0,0,0)
(0,0,0)
(0,0,0)
(0,0,0)
(0,0,0)
(0,0,0)
(0,0,0)
(0,0,0)
(0,0,0)
(0,0,0)
(0,0,0)
(0,0,0)
(0,0,0)
(0,0,0)
(0,0,0)
(0,0,0)
(0,0,0)
(0,0,0)
(0,0,0)
(0,0,0)
(0,0,0)
(0,0,0)
(0,0,0)
(0,0,0)
(0,0,0)
(0,0,0)
(0,0,0)
(0,0,0)
(0,0,0)
(0,0,0)
(0,0,0)
(0,0,0)
(0,0,0)
(0,0,0)
(0,0,0)
(0,0,0)
(0,0,0)
(0,0,0)
(0,0,0)
(0,0,0)
(0,0,0)
(0,0,0)
(0,0,0)
(0,0,0)
(0,0,0)
(0,0,0)
(0,0,0)
(0,0,0)
(0,0,0)
(0,0,0)
(0,0,0)
(0,0,0)
(0,0,0)
(0,0,0)
(0,0,0)
(0,0,0)
(0,0,0)
(0,0,0)
(0,0,0)
(0,0,0)
(0,0,0)
(0,0,0)
(0,0,0)
(0,0,0)
(0,0,0)
(0,0,0)
(0,0,0)
(0,0,0)
(0,0,0)
(0,0,0)
(0,0,0)
(0,0,0)
(0,0,0)
(0,0,0)
(0,0,0)
(0,0,0)
(0,0,0)
(0,0,0)
(0,0,0)
(0,0,0)
(0,0,0)
(0,0,0)
(0,0,0)
(0,0,0)
(0,0,0)
(0,0,0)
(0,0,0)
(0,0,0)
(0,0,0)
(0,0,0)
(0,0,0)
(0,0,0)
(0,0,0)
(0,0,0)
(0,0,0)
(0,0,0)
(0,0,0)
(0,0,0)
(0,0,0)
(0,0,0)
(0,0,0)
(0,0,0)
(0,0,0)
(0,0,0)
(0,0,0)
(0,0,0)
(0,0,0)
(0,0,0)
(0,0,0)
(0,0,0)
(0,0,0)
(0,0,0)
(0,0,0)
(0,0,0)
(0,0,0)
(0,0,0)
(0,0,0)
(0,0,0)
(0,0,0)
(0,0,0)
(0,0,0)
(0,0,0)
(0,0,0)
(0,0,0)
(0,0,0)
(0,0,0)
(0,0,0)
(0,0,0)
(0,0,0)
(0,0,0)
(0,0,0)
(0,0,0)
(0,0,0)
(0,0,0)
(0,0,0)
(0,0,0)
(0,0,0)
(0,0,0)
(0,0,0)
(0,0,0)
(0,0,0)
(0,0,0)
(0,0,0)
(0,0,0)
(0,0,0)
(0,0,0)
(0,0,0)
(0,0,0)
(0,0,0)
(0,0,0)
(0,0,0)
(0,0,0)
(0,0,0)
(0,0,0)
(0,0,0)
(0,0,0)
(0,0,0)
(0,0,0)
(0,0,0)
(0,0,0)
(0,0,0)
(0,0,0)
(0,0,0)
(0,0,0)
(0,0,0)
(0,0,0)
(0,0,0)
(0,0,0)
(0,0,0)
(0,0,0)
(0,0,0)
(0,0,0)
(0,0,0)
(0,0,0)
(0,0,0)
(0,0,0)
(0,0,0)
(0,0,0)
(0,0,0)
(0,0,0)
(0,0,0)
(0,0,0)
(0,0,0)
(0,0,0)
(0,0,0)
(0,0,0)
(0,0,0)
(0,0,0)
(0,0,0)
(0,0,0)
(0,0,0)
(0,0,0)
(0,0,0)
(0,0,0)
(0,0,0)
(0,0,0)
(0,0,0)
(0,0,0)
(0,0,0)
(0,0,0)
(0,0,0)
(0,0,0)
(0,0,0)
(0,0,0)
(0,0,0)
(0,0,0)
(0,0,0)
(0,0,0)
(0,0,0)
(0,0,0)
(0,0,0)
(0,0,0)
(0,0,0)
(0,0,0)
(0,0,0)
(0,0,0)
(0,0,0)
(0,0,0)
)
;

boundaryField
{
    fuel
    {
        type            fixedValue;
        value           uniform (0.1 0 0);
    }
    air
    {
        type            fixedValue;
        value           uniform (-0.1 0 0);
    }
    outlet
    {
        type            zeroGradient;
    }
    frontAndBack
    {
        type            empty;
    }
}


// ************************************************************************* //
 