/*--------------------------------*- C++ -*----------------------------------*\
| =========                 |                                                 |
| \\      /  F ield         | foam-extend: Open Source CFD                    |
|  \\    /   O peration     | Version:     4.0                                |
|   \\  /    A nd           | Web:         http://www.foam-extend.org         |
|    \\/     M anipulation  |                                                 |
\*---------------------------------------------------------------------------*/
FoamFile
{
    version 2.0;
    format ascii;
    class volVectorField;
    location "1814";
    object      H;
}
// * * * * * * * * * * * * * * * * * * * * * * * * * * * * * * * * * * * * * //

dimensions      [0 1 -1 0 0 0 0];

internalField   nonuniform List<vector>
4096
(
(0,0,0)
(0,0,0)
(0,0,0)
(0,0,0)
(0,0,0)
(0,0,0)
(0,0,0)
(0,0,0)
(0,0,0)
(0,0,0)
(0,0,0)
(0,0,0)
(0,0,0)
(0,0,0)
(0,0,0)
(0,0,0)
(0,0,0)
(0,0,0)
(0,0,0)
(0,0,0)
(0,0,0)
(0,0,0)
(0,0,0)
(0,0,0)
(0,0,0)
(0,0,0)
(0,0,0)
(0,0,0)
(0,0,0)
(0,0,0)
(0,0,0)
(0,0,0)
(0,0,0)
(0,0,0)
(0,0,0)
(0,0,0)
(0,0,0)
(0,0,0)
(0,0,0)
(0,0,0)
(0,0,0)
(0,0,0)
(0,0,0)
(0,0,0)
(0,0,0)
(0,0,0)
(0,0,0)
(0,0,0)
(0,0,0)
(0,0,0)
(0,0,0)
(0,0,0)
(0,0,0)
(0,0,0)
(0,0,0)
(0,0,0)
(0,0,0)
(0,0,0)
(0,0,0)
(0,0,0)
(0,0,0)
(0,0,0)
(0,0,0)
(0,0,0)
(0,0,0)
(0,0,0)
(0,0,0)
(0,0,0)
(0,0,0)
(0,0,0)
(0,0,0)
(0,0,0)
(0,0,0)
(0,0,0)
(0,0,0)
(0,0,0)
(0,0,0)
(0,0,0)
(0,0,0)
(0,0,0)
(0,0,0)
(0,0,0)
(0,0,0)
(0,0,0)
(0,0,0)
(0,0,0)
(0,0,0)
(0,0,0)
(0,0,0)
(0,0,0)
(0,0,0)
(0,0,0)
(0,0,0)
(0,0,0)
(0,0,0)
(0,0,0)
(0,0,0)
(0,0,0)
(0,0,0)
(0,0,0)
(0,0,0)
(0,0,0)
(0,0,0)
(0,0,0)
(0,0,0)
(0,0,0)
(0,0,0)
(0,0,0)
(0,0,0)
(0,0,0)
(0,0,0)
(0,0,0)
(0,0,0)
(0,0,0)
(0,0,0)
(0,0,0)
(0,0,0)
(0,0,0)
(0,0,0)
(0,0,0)
(0,0,0)
(0,0,0)
(0,0,0)
(0,0,0)
(0,0,0)
(0,0,0)
(0,0,0)
(0,0,0)
(0,0,0)
(0,0,0)
(0,0,0)
(0,0,0)
(0,0,0)
(0,0,0)
(0,0,0)
(0,0,0)
(0,0,0)
(0,0,0)
(0,0,0)
(0,0,0)
(0,0,0)
(0,0,0)
(0,0,0)
(0,0,0)
(0,0,0)
(0,0,0)
(0,0,0)
(0,0,0)
(0,0,0)
(0,0,0)
(0,0,0)
(0,0,0)
(0,0,0)
(0,0,0)
(0,0,0)
(0,0,0)
(0,0,0)
(0,0,0)
(0,0,0)
(0,0,0)
(0,0,0)
(0,0,0)
(0,0,0)
(0,0,0)
(0,0,0)
(0,0,0)
(0,0,0)
(0,0,0)
(0,0,0)
(0,0,0)
(0,0,0)
(0,0,0)
(0,0,0)
(0,0,0)
(0,0,0)
(0,0,0)
(0,0,0)
(0,0,0)
(0,0,0)
(0,0,0)
(0,0,0)
(0,0,0)
(0,0,0)
(0,0,0)
(0,0,0)
(0,0,0)
(0,0,0)
(0,0,0)
(0,0,0)
(0,0,0)
(0,0,0)
(0,0,0)
(0,0,0)
(0,0,0)
(0,0,0)
(0,0,0)
(0,0,0)
(0,0,0)
(0,0,0)
(0,0,0)
(0,0,0)
(0,0,0)
(0,0,0)
(0,0,0)
(0,0,0)
(0,0,0)
(0,0,0)
(0,0,0)
(0,0,0)
(0,0,0)
(0,0,0)
(0,0,0)
(0,0,0)
(0,0,0)
(0,0,0)
(0,0,0)
(0,0,0)
(0,0,0)
(0,0,0)
(0,0,0)
(0,0,0)
(0,0,0)
(0,0,0)
(0,0,0)
(0,0,0)
(0,0,0)
(0,0,0)
(0,0,0)
(0,0,0)
(0,0,0)
(0,0,0)
(0,0,0)
(0,0,0)
(0,0,0)
(0,0,0)
(0,0,0)
(0,0,0)
(0,0,0)
(0,0,0)
(0,0,0)
(0,0,0)
(0,0,0)
(0,0,0)
(0,0,0)
(0,0,0)
(0,0,0)
(0,0,0)
(0,0,0)
(0,0,0)
(0,0,0)
(0,0,0)
(0,0,0)
(0,0,0)
(0,0,0)
(0,0,0)
(0,0,0)
(0,0,0)
(0,0,0)
(0,0,0)
(0,0,0)
(0,0,0)
(0,0,0)
(0,0,0)
(0,0,0)
(0,0,0)
(0,0,0)
(0,0,0)
(0,0,0)
(0,0,0)
(0,0,0)
(0,0,0)
(0,0,0)
(0,0,0)
(0,0,0)
(0,0,0)
(0,0,0)
(0,0,0)
(0,0,0)
(0,0,0)
(0,0,0)
(0,0,0)
(0,0,0)
(0,0,0)
(0,0,0)
(0,0,0)
(0,0,0)
(0,0,0)
(0,0,0)
(0,0,0)
(0,0,0)
(0,0,0)
(0,0,0)
(0,0,0)
(0,0,0)
(0,0,0)
(0,0,0)
(0,0,0)
(0,0,0)
(0,0,0)
(0,0,0)
(0,0,0)
(0,0,0)
(0,0,0)
(0,0,0)
(0,0,0)
(0,0,0)
(0,0,0)
(0,0,0)
(0,0,0)
(0,0,0)
(0,0,0)
(0,0,0)
(0,0,0)
(0,0,0)
(0,0,0)
(0,0,0)
(0,0,0)
(0,0,0)
(0,0,0)
(0,0,0)
(0,0,0)
(0,0,0)
(0,0,0)
(0,0,0)
(0,0,0)
(0,0,0)
(0,0,0)
(0,0,0)
(0,0,0)
(0,0,0)
(0,0,0)
(0,0,0)
(0,0,0)
(0,0,0)
(0,0,0)
(0,0,0)
(0,0,0)
(0,0,0)
(0,0,0)
(0,0,0)
(0,0,0)
(0,0,0)
(0,0,0)
(0,0,0)
(0,0,0)
(0,0,0)
(0,0,0)
(0,0,0)
(0,0,0)
(0,0,0)
(0,0,0)
(0,0,0)
(0,0,0)
(0,0,0)
(0,0,0)
(0,0,0)
(0,0,0)
(0,0,0)
(0,0,0)
(0,0,0)
(0,0,0)
(0,0,0)
(0,0,0)
(0,0,0)
(0,0,0)
(0,0,0)
(0,0,0)
(0,0,0)
(0,0,0)
(0,0,0)
(0,0,0)
(0,0,0)
(0,0,0)
(0,0,0)
(0,0,0)
(0,0,0)
(0,0,0)
(0,0,0)
(0,0,0)
(0,0,0)
(0,0,0)
(0,0,0)
(0,0,0)
(0,0,0)
(0,0,0)
(0,0,0)
(0,0,0)
(0,0,0)
(0,0,0)
(0,0,0)
(0,0,0)
(0,0,0)
(0,0,0)
(0,0,0)
(0,0,0)
(0,0,0)
(0,0,0)
(0,0,0)
(0,0,0)
(0,0,0)
(0,0,0)
(0,0,0)
(0,0,0)
(0,0,0)
(0,0,0)
(0,0,0)
(0,0,0)
(0,0,0)
(0,0,0)
(0,0,0)
(0,0,0)
(0,0,0)
(0,0,0)
(0,0,0)
(0,0,0)
(0,0,0)
(0,0,0)
(0,0,0)
(0,0,0)
(0,0,0)
(0,0,0)
(0,0,0)
(0,0,0)
(0,0,0)
(0,0,0)
(0,0,0)
(0,0,0)
(0,0,0)
(0,0,0)
(0,0,0)
(0,0,0)
(0,0,0)
(0,0,0)
(0,0,0)
(0,0,0)
(0,0,0)
(0,0,0)
(0,0,0)
(0,0,0)
(0,0,0)
(0,0,0)
(0,0,0)
(0,0,0)
(0,0,0)
(0,0,0)
(0,0,0)
(0,0,0)
(0,0,0)
(0,0,0)
(0,0,0)
(0,0,0)
(0,0,0)
(0,0,0)
(0,0,0)
(0,0,0)
(0,0,0)
(0,0,0)
(0,0,0)
(0,0,0)
(0,0,0)
(0,0,0)
(0,0,0)
(0,0,0)
(0,0,0)
(0,0,0)
(0,0,0)
(0,0,0)
(0,0,0)
(0,0,0)
(0,0,0)
(0,0,0)
(0,0,0)
(0,0,0)
(0,0,0)
(0,0,0)
(0,0,0)
(0,0,0)
(0,0,0)
(0,0,0)
(0,0,0)
(0,0,0)
(0,0,0)
(0,0,0)
(0,0,0)
(0,0,0)
(0,0,0)
(0,0,0)
(0,0,0)
(0,0,0)
(0,0,0)
(0,0,0)
(0,0,0)
(0,0,0)
(0,0,0)
(0,0,0)
(0,0,0)
(0,0,0)
(0,0,0)
(0,0,0)
(0,0,0)
(0,0,0)
(0,0,0)
(0,0,0)
(0,0,0)
(0,0,0)
(0,0,0)
(0,0,0)
(0,0,0)
(0,0,0)
(0,0,0)
(0,0,0)
(0,0,0)
(0,0,0)
(0,0,0)
(0,0,0)
(0,0,0)
(0,0,0)
(0,0,0)
(0,0,0)
(0,0,0)
(0,0,0)
(0,0,0)
(0,0,0)
(0,0,0)
(0,0,0)
(0,0,0)
(0,0,0)
(0,0,0)
(0,0,0)
(0,0,0)
(0,0,0)
(0,0,0)
(0,0,0)
(0,0,0)
(0,0,0)
(0,0,0)
(0,0,0)
(0,0,0)
(0,0,0)
(0,0,0)
(0,0,0)
(0,0,0)
(0,0,0)
(0,0,0)
(0,0,0)
(0,0,0)
(0,0,0)
(0,0,0)
(0,0,0)
(0,0,0)
(0,0,0)
(0,0,0)
(0,0,0)
(0,0,0)
(0,0,0)
(0,0,0)
(0,0,0)
(0,0,0)
(0,0,0)
(0,0,0)
(0,0,0)
(0,0,0)
(0,0,0)
(0,0,0)
(0,0,0)
(0,0,0)
(0,0,0)
(0,0,0)
(0,0,0)
(0,0,0)
(0,0,0)
(0,0,0)
(0,0,0)
(0,0,0)
(0,0,0)
(0,0,0)
(0,0,0)
(0,0,0)
(0,0,0)
(0,0,0)
(0,0,0)
(0,0,0)
(0,0,0)
(0,0,0)
(0,0,0)
(0,0,0)
(0,0,0)
(0,0,0)
(0,0,0)
(0,0,0)
(0,0,0)
(0,0,0)
(0,0,0)
(0,0,0)
(0,0,0)
(0,0,0)
(0,0,0)
(0,0,0)
(0,0,0)
(0,0,0)
(0,0,0)
(0,0,0)
(0,0,0)
(0,0,0)
(0,0,0)
(0,0,0)
(0,0,0)
(0,0,0)
(0,0,0)
(0,0,0)
(0,0,0)
(0,0,0)
(0,0,0)
(0,0,0)
(0,0,0)
(0,0,0)
(0,0,0)
(0,0,0)
(0,0,0)
(0,0,0)
(0,0,0)
(0,0,0)
(0,0,0)
(0,0,0)
(0,0,0)
(0,0,0)
(0,0,0)
(0,0,0)
(0,0,0)
(0,0,0)
(0,0,0)
(0,0,0)
(0,0,0)
(0,0,0)
(0,0,0)
(0,0,0)
(0,0,0)
(0,0,0)
(0,0,0)
(0,0,0)
(0,0,0)
(0,0,0)
(0,0,0)
(0,0,0)
(0,0,0)
(0,0,0)
(0,0,0)
(0,0,0)
(0,0,0)
(0,0,0)
(0,0,0)
(0,0,0)
(0,0,0)
(0,0,0)
(0,0,0)
(0,0,0)
(0,0,0)
(0,0,0)
(0,0,0)
(0,0,0)
(0,0,0)
(0,0,0)
(0,0,0)
(0,0,0)
(0,0,0)
(0,0,0)
(0,0,0)
(0,0,0)
(0,0,0)
(0,0,0)
(0,0,0)
(0,0,0)
(0,0,0)
(0,0,0)
(0,0,0)
(0,0,0)
(0,0,0)
(0,0,0)
(0,0,0)
(0,0,0)
(0,0,0)
(0,0,0)
(0,0,0)
(0,0,0)
(0,0,0)
(0,0,0)
(0,0,0)
(0,0,0)
(0,0,0)
(0,0,0)
(0,0,0)
(0,0,0)
(0,0,0)
(0,0,0)
(0,0,0)
(0,0,0)
(0,0,0)
(0,0,0)
(0,0,0)
(0,0,0)
(0,0,0)
(0,0,0)
(0,0,0)
(0,0,0)
(0,0,0)
(0,0,0)
(0,0,0)
(0,0,0)
(0,0,0)
(0,0,0)
(0,0,0)
(0,0,0)
(0,0,0)
(0,0,0)
(0,0,0)
(0,0,0)
(0,0,0)
(0,0,0)
(0,0,0)
(0,0,0)
(0,0,0)
(0,0,0)
(0,0,0)
(0,0,0)
(0,0,0)
(0,0,0)
(0,0,0)
(0,0,0)
(0,0,0)
(0,0,0)
(0,0,0)
(0,0,0)
(0,0,0)
(0,0,0)
(0,0,0)
(0,0,0)
(0,0,0)
(0,0,0)
(0,0,0)
(0,0,0)
(0,0,0)
(0,0,0)
(0,0,0)
(0,0,0)
(0,0,0)
(0,0,0)
(0,0,0)
(0,0,0)
(0,0,0)
(0,0,0)
(0,0,0)
(0,0,0)
(0,0,0)
(0,0,0)
(0,0,0)
(0,0,0)
(0,0,0)
(0,0,0)
(0,0,0)
(0,0,0)
(0,0,0)
(0,0,0)
(0,0,0)
(0,0,0)
(0,0,0)
(0,0,0)
(0,0,0)
(0,0,0)
(0,0,0)
(0,0,0)
(0,0,0)
(0,0,0)
(0,0,0)
(0,0,0)
(0,0,0)
(0,0,0)
(0,0,0)
(0,0,0)
(0,0,0)
(0,0,0)
(0,0,0)
(0,0,0)
(0,0,0)
(0,0,0)
(0,0,0)
(0,0,0)
(0,0,0)
(0,0,0)
(0,0,0)
(0,0,0)
(0,0,0)
(0,0,0)
(0,0,0)
(0,0,0)
(0,0,0)
(0,0,0)
(0,0,0)
(0,0,0)
(0,0,0)
(0,0,0)
(0,0,0)
(0,0,0)
(0,0,0)
(0,0,0)
(0,0,0)
(0,0,0)
(0,0,0)
(0,0,0)
(0,0,0)
(0,0,0)
(0,0,0)
(0,0,0)
(0,0,0)
(0,0,0)
(0,0,0)
(0,0,0)
(0,0,0)
(0,0,0)
(0,0,0)
(7.1241240192993e-13,-1.17221608127936e-11,1.44334796388111e-11)
(1.51236576945954e-12,-2.55551451438021e-11,1.40750423934733e-11)
(2.56891411482224e-12,-4.58625123317949e-11,1.31122527160178e-11)
(2.66283611878012e-12,-7.53418615711225e-11,1.1243171783421e-11)
(2.79462762111978e-12,-1.18103248476428e-10,8.49365596005302e-12)
(1.99275499406433e-12,-1.85114455832655e-10,5.57631625023803e-12)
(2.35864568581699e-12,-2.94934038760298e-10,3.22266217541235e-12)
(2.41008114962528e-12,-4.80322731318139e-10,1.98862271530105e-12)
(2.90536376012618e-12,-7.88132672377937e-10,1.59669209626003e-12)
(2.91770825930489e-12,-1.2166371362861e-09,1.18576015082097e-12)
(0,0,0)
(0,0,0)
(0,0,0)
(0,0,0)
(0,0,0)
(0,0,0)
(6.60662160353351e-13,-1.16354574277296e-11,3.02491240235911e-11)
(1.34049109007049e-12,-2.48449939828568e-11,2.9370639814104e-11)
(3.06782174331591e-12,-4.38811834369488e-11,2.73733711444659e-11)
(3.95934524464161e-12,-7.23629054493244e-11,2.40381237629585e-11)
(4.69076264235874e-12,-1.14998623525189e-10,1.87362104359894e-11)
(4.50184485379687e-12,-1.82927440194654e-10,1.30396674152971e-11)
(5.65795052516785e-12,-2.93790684155135e-10,8.15450399936703e-12)
(6.80830774674298e-12,-4.79878887834131e-10,5.20958980538201e-12)
(7.17352142597872e-12,-7.87787478307659e-10,3.55820193926998e-12)
(7.0196534888069e-12,-1.21623324210284e-09,1.8066221486172e-12)
(0,0,0)
(0,0,0)
(0,0,0)
(0,0,0)
(0,0,0)
(0,0,0)
(1.49712672584581e-13,-1.06394569811906e-11,5.04965029353923e-11)
(-3.29738229786326e-13,-2.30337385116988e-11,4.92669556823227e-11)
(3.74078666023702e-13,-4.04028842488396e-11,4.64766693086512e-11)
(2.23046216890883e-12,-6.68081571657866e-11,4.20135390571019e-11)
(3.88750567289944e-12,-1.08680495663996e-10,3.52528599042198e-11)
(5.05897158350319e-12,-1.77582721555979e-10,2.75934750918559e-11)
(6.96942666711746e-12,-2.90689243321315e-10,2.00973156557242e-11)
(9.19870671414879e-12,-4.78480626833908e-10,1.44958324777108e-11)
(1.01221349787021e-11,-7.8701255434674e-10,9.96098106369253e-12)
(1.02539677323787e-11,-1.21623969409446e-09,5.2757028513765e-12)
(0,0,0)
(0,0,0)
(0,0,0)
(0,0,0)
(0,0,0)
(0,0,0)
(-1.44693528266208e-12,-8.9905024305748e-12,7.88330254493857e-11)
(-3.27142306043428e-12,-2.03320036378877e-11,7.76403987051715e-11)
(-3.99587125156684e-12,-3.58132909416998e-11,7.44315801821766e-11)
(-2.54534917648346e-12,-5.95623852977641e-11,6.94470939355246e-11)
(-4.48602485975528e-13,-9.96423668466368e-11,6.2011448897554e-11)
(2.80791386254757e-12,-1.68489291899756e-10,5.30511117267728e-11)
(6.83012958734027e-12,-2.84433810911348e-10,4.33659082435865e-11)
(1.09218054997932e-11,-4.75224501646139e-10,3.38634650770601e-11)
(1.2375811863716e-11,-7.84619315197984e-10,2.41855319248161e-11)
(1.21386172297049e-11,-1.21360772475102e-09,1.30260444781161e-11)
(0,0,0)
(0,0,0)
(0,0,0)
(0,0,0)
(0,0,0)
(0,0,0)
(-3.12512289676059e-12,-7.54089075289884e-12,1.22084944812492e-10)
(-5.64859206714029e-12,-1.73118894346653e-11,1.21079667784622e-10)
(-7.45138702615604e-12,-3.06244645696024e-11,1.17784012903856e-10)
(-7.21379861419907e-12,-5.12754148248822e-11,1.12765669252169e-10)
(-4.52030817645909e-12,-8.85385064751848e-11,1.05809942320262e-10)
(4.33983811327836e-13,-1.55974176496812e-10,9.71125373533117e-11)
(7.91550454853679e-12,-2.73960014274748e-10,8.65950655470256e-11)
(1.35328525336608e-11,-4.68166649693122e-10,7.00004908466985e-11)
(1.50530331170259e-11,-7.76881972560382e-10,4.97317702800304e-11)
(1.51224701382426e-11,-1.20403262513635e-09,2.61636629712609e-11)
(0,0,0)
(0,0,0)
(0,0,0)
(0,0,0)
(0,0,0)
(0,0,0)
(-2.63186255145688e-12,-6.42709997288983e-12,1.88887557414184e-10)
(-5.34641032398661e-12,-1.40891738518207e-11,1.87534678884568e-10)
(-7.48880405903502e-12,-2.51291848029788e-11,1.85011138334135e-10)
(-8.43646456088141e-12,-4.31239725980141e-11,1.81252420968975e-10)
(-6.42947335261948e-12,-7.6994357888822e-11,1.75090212303035e-10)
(-1.08628661687979e-12,-1.42161329329309e-10,1.65563802176967e-10)
(7.51954349558574e-12,-2.60553469162572e-10,1.5094050688004e-10)
(1.40398981908924e-11,-4.52649087912756e-10,1.26524120421384e-10)
(1.60866462873991e-11,-7.57382607011248e-10,9.20282620833176e-11)
(1.61333564461384e-11,-1.18133744130991e-09,4.88852659563839e-11)
(0,0,0)
(0,0,0)
(0,0,0)
(0,0,0)
(0,0,0)
(0,0,0)
(-2.37818532095202e-12,-4.71539868114342e-12,2.95294257745765e-10)
(-4.9297074859419e-12,-1.06105357866595e-11,2.94133519040907e-10)
(-7.0928809327565e-12,-1.98495362396971e-11,2.92328032436815e-10)
(-8.47177063246826e-12,-3.52423992762377e-11,2.89672914869011e-10)
(-6.10605111271659e-12,-6.48844251475846e-11,2.8403495622793e-10)
(-6.54936499175465e-13,-1.25147614728782e-10,2.73535116631847e-10)
(5.96731190690274e-12,-2.38592184017281e-10,2.52781538893581e-10)
(1.21488841672395e-11,-4.21944160981284e-10,2.18549081659991e-10)
(1.47938009394994e-11,-7.17371865653888e-10,1.63587557202295e-10)
(1.51350546075266e-11,-1.13504025384979e-09,8.89618123967407e-11)
(0,0,0)
(0,0,0)
(0,0,0)
(0,0,0)
(0,0,0)
(0,0,0)
(-2.1276039435091e-12,-2.92786658853791e-12,4.76131932069724e-10)
(-4.96530968999446e-12,-7.38839709671669e-12,4.75549845984625e-10)
(-6.9695283370402e-12,-1.52738496129153e-11,4.74051312002516e-10)
(-8.89716754625876e-12,-2.80222848817899e-11,4.71339557113929e-10)
(-7.53814263528265e-12,-5.38040627444171e-11,4.64808810387554e-10)
(-3.63091199507675e-12,-1.06909053232899e-10,4.51941256225509e-10)
(2.35688774819233e-12,-2.05475613031648e-10,4.24943153771417e-10)
(7.74344430495837e-12,-3.68638239355218e-10,3.73842902193118e-10)
(1.12700505793521e-11,-6.44464089490066e-10,2.89047454607803e-10)
(1.27774581898312e-11,-1.04742112108794e-09,1.63577923693783e-10)
(0,0,0)
(0,0,0)
(0,0,0)
(0,0,0)
(0,0,0)
(0,0,0)
(-2.77840129848706e-12,-1.4966331440691e-12,7.80855895064022e-10)
(-6.28213889784106e-12,-4.5617050960952e-12,7.80559370274099e-10)
(-8.86109247241446e-12,-1.08886505587892e-11,7.78890822628479e-10)
(-1.1288675544449e-11,-2.02824169195308e-11,7.74838005118848e-10)
(-1.03491238530981e-11,-4.03457176593507e-11,7.66456367376061e-10)
(-7.72607938932295e-12,-8.06132348366971e-11,7.49320733374464e-10)
(-2.56153589027654e-12,-1.54273307782491e-10,7.13250174072239e-10)
(1.99602341988317e-12,-2.84111404543875e-10,6.44108651594298e-10)
(6.10592674845114e-12,-5.19816280360896e-10,5.2099994383276e-10)
(8.78527096831163e-12,-8.84725320738746e-10,3.13211869851996e-10)
(0,0,0)
(0,0,0)
(0,0,0)
(0,0,0)
(0,0,0)
(0,0,0)
(-3.13066436089856e-12,-6.86981762109559e-13,1.20739940632968e-09)
(-6.22040372231603e-12,-2.09923139013232e-12,1.20716126258736e-09)
(-8.88796437103059e-12,-5.6072296536699e-12,1.20592775190726e-09)
(-1.14273374298397e-11,-1.07207326547635e-11,1.20134369337681e-09)
(-1.06828860955484e-11,-2.19233329617233e-11,1.19171475592695e-09)
(-9.17363584253554e-12,-4.37773247219302e-11,1.1712615672391e-09)
(-5.56611900498869e-12,-8.42047642871861e-11,1.12858858725547e-09)
(-2.50121968821816e-12,-1.60723483143668e-10,1.0454974617971e-09)
(1.68103871059613e-12,-3.12208795394483e-10,8.84899629488567e-10)
(5.75144802361473e-12,-5.72065754318892e-10,5.72593229718528e-10)
(0,0,0)
(0,0,0)
(0,0,0)
(0,0,0)
(0,0,0)
(0,0,0)
(0,0,0)
(0,0,0)
(0,0,0)
(0,0,0)
(0,0,0)
(0,0,0)
(0,0,0)
(0,0,0)
(0,0,0)
(0,0,0)
(0,0,0)
(0,0,0)
(0,0,0)
(0,0,0)
(0,0,0)
(0,0,0)
(0,0,0)
(0,0,0)
(0,0,0)
(0,0,0)
(0,0,0)
(0,0,0)
(0,0,0)
(0,0,0)
(0,0,0)
(0,0,0)
(0,0,0)
(0,0,0)
(0,0,0)
(0,0,0)
(0,0,0)
(0,0,0)
(0,0,0)
(0,0,0)
(0,0,0)
(0,0,0)
(0,0,0)
(0,0,0)
(0,0,0)
(0,0,0)
(0,0,0)
(0,0,0)
(0,0,0)
(0,0,0)
(0,0,0)
(0,0,0)
(0,0,0)
(0,0,0)
(0,0,0)
(0,0,0)
(0,0,0)
(0,0,0)
(0,0,0)
(0,0,0)
(0,0,0)
(0,0,0)
(0,0,0)
(0,0,0)
(0,0,0)
(0,0,0)
(0,0,0)
(0,0,0)
(0,0,0)
(0,0,0)
(0,0,0)
(0,0,0)
(0,0,0)
(0,0,0)
(0,0,0)
(0,0,0)
(0,0,0)
(0,0,0)
(0,0,0)
(0,0,0)
(0,0,0)
(0,0,0)
(0,0,0)
(0,0,0)
(0,0,0)
(0,0,0)
(0,0,0)
(0,0,0)
(0,0,0)
(0,0,0)
(0,0,0)
(0,0,0)
(0,0,0)
(0,0,0)
(0,0,0)
(0,0,0)
(0,0,0)
(0,0,0)
(0,0,0)
(0,0,0)
(0,0,0)
(0,0,0)
(9.84146262200741e-13,-2.19343250126221e-11,2.49931990812563e-11)
(1.76500428596716e-12,-4.78017129716742e-11,2.43122431317544e-11)
(2.45666615254748e-12,-8.48105375220011e-11,2.24405573967898e-11)
(2.43339582035044e-12,-1.37734879932618e-10,1.90892487652957e-11)
(2.60734237965347e-12,-2.14062649364392e-10,1.42349049535289e-11)
(2.15939343091968e-12,-3.30930134542197e-10,8.68530382239893e-12)
(2.44933054084038e-12,-5.18625600282332e-10,3.84000448004503e-12)
(2.35816828446553e-12,-8.39965471910975e-10,1.49421217801261e-12)
(2.97110163498944e-12,-1.45452545784519e-09,8.0604415370101e-13)
(3.69957422643607e-12,-2.86086720838799e-09,7.61145314253343e-13)
(0,0,0)
(0,0,0)
(0,0,0)
(0,0,0)
(0,0,0)
(0,0,0)
(5.43145923302462e-13,-2.09248667864465e-11,5.40259770221296e-11)
(1.52650428855366e-12,-4.57333771118733e-11,5.2258154046763e-11)
(2.9247699367243e-12,-8.09234295601593e-11,4.86201642069441e-11)
(3.70651028806829e-12,-1.32069639194101e-10,4.22196126634374e-11)
(4.06917780185414e-12,-2.07941294613571e-10,3.22372776837272e-11)
(4.04228963103572e-12,-3.26389215656022e-10,2.04922822453608e-11)
(5.50142388523225e-12,-5.1708724122393e-10,9.61931601229953e-12)
(7.06143461285168e-12,-8.40557064832357e-10,4.23099548122815e-12)
(8.1501772560886e-12,-1.45550850764192e-09,2.48497648664999e-12)
(8.83272762925507e-12,-2.86134154304486e-09,1.43856108076823e-12)
(0,0,0)
(0,0,0)
(0,0,0)
(0,0,0)
(0,0,0)
(0,0,0)
(-2.69694624960606e-13,-1.8700207799708e-11,9.24767052876316e-11)
(-2.41186729921639e-13,-4.16877341062936e-11,8.96175909283027e-11)
(2.4761561044951e-13,-7.37008808808707e-11,8.40178417596762e-11)
(1.74536945377107e-12,-1.20976998002517e-10,7.49989321606665e-11)
(2.50876166785028e-12,-1.94856524918854e-10,6.15388838192635e-11)
(3.46170136341021e-12,-3.14748083370635e-10,4.40940981258871e-11)
(6.3154774351678e-12,-5.11617628517236e-10,2.59068842081074e-11)
(1.0477432940297e-11,-8.40452162708116e-10,1.6628112165265e-11)
(1.24141740419967e-11,-1.45662381169377e-09,1.18364304941183e-11)
(1.2897701240149e-11,-2.86248617683453e-09,6.75187988508819e-12)
(0,0,0)
(0,0,0)
(0,0,0)
(0,0,0)
(0,0,0)
(0,0,0)
(-1.70392021612473e-12,-1.54123539835165e-11,1.44090914898017e-10)
(-3.08271874066393e-12,-3.56597812887982e-11,1.41313960171128e-10)
(-4.2002113770202e-12,-6.39381748127748e-11,1.35108609955621e-10)
(-3.39667461138948e-12,-1.06057617408374e-10,1.24767026141074e-10)
(-2.59212568665221e-12,-1.75157146833694e-10,1.09309162840298e-10)
(-2.19980572029226e-14,-2.9406074316551e-10,8.83749410959156e-11)
(5.85877611723675e-12,-5.00002976235977e-10,6.50442556658189e-11)
(1.35418866991058e-11,-8.38932353724492e-10,4.97590123726777e-11)
(1.57979566732768e-11,-1.45621319396493e-09,3.62253868570995e-11)
(1.55895620939594e-11,-2.86052818596768e-09,1.97848216902369e-11)
(0,0,0)
(0,0,0)
(0,0,0)
(0,0,0)
(0,0,0)
(0,0,0)
(-3.23363664889868e-12,-1.22602918761892e-11,2.19977452883485e-10)
(-5.57565276922154e-12,-2.88291028388106e-11,2.17768529726175e-10)
(-7.92832314109298e-12,-5.25403362509823e-11,2.12030741034186e-10)
(-8.40951390916488e-12,-8.81090524780345e-11,2.02383669930834e-10)
(-7.36705179586182e-12,-1.49392230313335e-10,1.88706971552906e-10)
(-2.86139154990082e-12,-2.62562090834438e-10,1.71930679058881e-10)
(1.11035341367115e-11,-4.74722309150469e-10,1.56988496011448e-10)
(1.8284011320138e-11,-8.3065194577181e-10,1.22734451723974e-10)
(1.91217748766275e-11,-1.44693014353873e-09,8.57469220400446e-11)
(1.85909492826607e-11,-2.84737153696911e-09,4.47634662623177e-11)
(0,0,0)
(0,0,0)
(0,0,0)
(0,0,0)
(0,0,0)
(0,0,0)
(-2.99068531358735e-12,-9.90357451026874e-12,3.35994905007613e-10)
(-6.30150783871642e-12,-2.24312525966978e-11,3.33818404239891e-10)
(-9.00973525716088e-12,-4.12055456244735e-11,3.29425960759308e-10)
(-1.0155829216709e-11,-7.02943457622999e-11,3.22216513326091e-10)
(-9.01299596777879e-12,-1.23481541727835e-10,3.11403303816302e-10)
(-3.47670592051252e-12,-2.32358179175721e-10,2.959551393033e-10)
(9.97464480899309e-12,-4.54871481551508e-10,2.75033811994779e-10)
(1.78308295974863e-11,-8.0746170008134e-10,2.29322760392482e-10)
(1.92189010568533e-11,-1.41565193846376e-09,1.64860438741804e-10)
(1.87214349426233e-11,-2.80986001669788e-09,8.67432811064952e-11)
(0,0,0)
(0,0,0)
(0,0,0)
(0,0,0)
(0,0,0)
(0,0,0)
(-3.0049787087001e-12,-7.52637814234461e-12,5.18947370211224e-10)
(-6.34635957179095e-12,-1.70047424668081e-11,5.17214310782891e-10)
(-9.0134499917334e-12,-3.15159955786741e-11,5.13969909827685e-10)
(-1.00539263858403e-11,-5.45407023585674e-11,5.09326493851626e-10)
(-6.68657391977945e-12,-9.86197265325287e-11,5.02032985521375e-10)
(1.860079743232e-12,-1.9677738831749e-10,4.88053932678361e-10)
(7.0831981549022e-12,-4.1707141054263e-10,4.49425137201391e-10)
(1.38044869987059e-11,-7.53767467648109e-10,3.93967519633757e-10)
(1.65117695808911e-11,-1.34534374302772e-09,2.91274915173586e-10)
(1.64777342430064e-11,-2.72876259998949e-09,1.56812044613819e-10)
(0,0,0)
(0,0,0)
(0,0,0)
(0,0,0)
(0,0,0)
(0,0,0)
(-2.97675130287889e-12,-5.2814787828823e-12,8.33294168617911e-10)
(-6.2934677085067e-12,-1.21910707923244e-11,8.32313481335018e-10)
(-8.64297250257608e-12,-2.40462498669429e-11,8.29812573519373e-10)
(-1.0106288782143e-11,-4.37008178538343e-11,8.25546647879627e-10)
(-8.1289335583303e-12,-8.40198277196468e-11,8.1727391050272e-10)
(-2.92862793715901e-12,-1.75219613878565e-10,8.00307879984243e-10)
(2.25483407736144e-12,-3.62423609562268e-10,7.5755115004509e-10)
(8.01205707875767e-12,-6.54702339346771e-10,6.65346634238526e-10)
(1.20917723643481e-11,-1.2144059457876e-09,5.12054303095937e-10)
(1.36595815337667e-11,-2.57439062970648e-09,2.90811399149912e-10)
(0,0,0)
(0,0,0)
(0,0,0)
(0,0,0)
(0,0,0)
(0,0,0)
(-3.2915278905239e-12,-3.40533588312959e-12,1.44142516969456e-09)
(-7.07606495818309e-12,-8.03012819681511e-12,1.44118448502276e-09)
(-1.00896958679014e-11,-1.71545583745293e-11,1.43904623742404e-09)
(-1.24687220664248e-11,-3.24140203262962e-11,1.43304098735861e-09)
(-1.16358745491152e-11,-6.5016508542161e-11,1.4202887335067e-09)
(-8.49143020188757e-12,-1.35030138465489e-10,1.39356875693866e-09)
(-3.48855690764024e-12,-2.69762769481303e-10,1.33401823236598e-09)
(1.71680978120683e-12,-5.02000360852179e-10,1.21235671233743e-09)
(6.28651576277398e-12,-9.94288347179625e-10,9.95950010213345e-10)
(9.33757440058511e-12,-2.28439510366314e-09,6.22482765047679e-10)
(0,0,0)
(0,0,0)
(0,0,0)
(0,0,0)
(0,0,0)
(0,0,0)
(-3.57950238069024e-12,-1.82815692177082e-12,2.84372601461907e-09)
(-7.08612443233983e-12,-4.06059338516746e-12,2.84336882529078e-09)
(-9.91113549425475e-12,-8.96421201436215e-12,2.84150651567817e-09)
(-1.25191326347447e-11,-1.75392437510562e-11,2.83451019602174e-09)
(-1.2153030369431e-11,-3.595356868584e-11,2.81865220650693e-09)
(-1.02779805808449e-11,-7.37744115368391e-11,2.7849271159312e-09)
(-6.67975783382009e-12,-1.46261027051358e-10,2.71324856922855e-09)
(-2.62687052330393e-12,-2.85074382820016e-10,2.56871349285728e-09)
(1.77864308615355e-12,-6.21139677919147e-10,2.2837107911928e-09)
(6.27892342334659e-12,-1.66244158839423e-09,1.6623496752309e-09)
(0,0,0)
(0,0,0)
(0,0,0)
(0,0,0)
(0,0,0)
(0,0,0)
(0,0,0)
(0,0,0)
(0,0,0)
(0,0,0)
(0,0,0)
(0,0,0)
(0,0,0)
(0,0,0)
(0,0,0)
(0,0,0)
(0,0,0)
(0,0,0)
(0,0,0)
(0,0,0)
(0,0,0)
(0,0,0)
(0,0,0)
(0,0,0)
(0,0,0)
(0,0,0)
(0,0,0)
(0,0,0)
(0,0,0)
(0,0,0)
(0,0,0)
(0,0,0)
(0,0,0)
(0,0,0)
(0,0,0)
(0,0,0)
(0,0,0)
(0,0,0)
(0,0,0)
(0,0,0)
(0,0,0)
(0,0,0)
(0,0,0)
(0,0,0)
(0,0,0)
(0,0,0)
(0,0,0)
(0,0,0)
(0,0,0)
(0,0,0)
(0,0,0)
(0,0,0)
(0,0,0)
(0,0,0)
(0,0,0)
(0,0,0)
(0,0,0)
(0,0,0)
(0,0,0)
(0,0,0)
(0,0,0)
(0,0,0)
(0,0,0)
(0,0,0)
(0,0,0)
(0,0,0)
(0,0,0)
(0,0,0)
(0,0,0)
(0,0,0)
(0,0,0)
(0,0,0)
(0,0,0)
(0,0,0)
(0,0,0)
(0,0,0)
(0,0,0)
(0,0,0)
(0,0,0)
(0,0,0)
(0,0,0)
(0,0,0)
(0,0,0)
(0,0,0)
(0,0,0)
(0,0,0)
(0,0,0)
(0,0,0)
(0,0,0)
(0,0,0)
(0,0,0)
(0,0,0)
(0,0,0)
(0,0,0)
(0,0,0)
(0,0,0)
(0,0,0)
(0,0,0)
(0,0,0)
(0,0,0)
(0,0,0)
(0,0,0)
(6.55643985445277e-13,-2.99140698940637e-11,3.25921803915784e-11)
(1.56835416096203e-12,-6.55563798343343e-11,3.13476891200124e-11)
(1.92086682289502e-12,-1.13785278765587e-10,2.87702859862916e-11)
(1.62249889370817e-12,-1.80050961700731e-10,2.39697895240619e-11)
(2.03558875966525e-12,-2.74079166169817e-10,1.64060226252695e-11)
(2.46377388736818e-12,-4.11443370727766e-10,6.87756932433265e-12)
(3.25676378399346e-12,-6.13008240101346e-10,-1.57576018339383e-12)
(3.6379292300763e-12,-9.06779943709849e-10,-4.11036211765582e-12)
(3.9990502712798e-12,-1.32734051118463e-09,-3.17163586246075e-12)
(4.93505419749043e-12,-1.83985176222242e-09,-1.23943357552358e-12)
(0,0,0)
(0,0,0)
(0,0,0)
(0,0,0)
(0,0,0)
(0,0,0)
(8.63099117227526e-14,-2.84080715996769e-11,7.18048589743124e-11)
(1.11885112216961e-12,-6.22279936071777e-11,6.87836648929935e-11)
(2.10277279986594e-12,-1.08061466043145e-10,6.34559661006258e-11)
(2.59620407713246e-12,-1.7182921871159e-10,5.35182489617417e-11)
(2.72940354533373e-12,-2.64441149428942e-10,3.7173672906521e-11)
(3.27412357883075e-12,-4.03720035867581e-10,1.58891611332886e-11)
(5.42013170851884e-12,-6.11861359371623e-10,-4.74191985111816e-12)
(8.70255148447312e-12,-9.09945850007407e-10,-9.92283259246294e-12)
(1.03118967138149e-11,-1.33106933606427e-09,-6.59422863484145e-12)
(1.14159224997802e-11,-1.84243625559957e-09,-2.38510958224911e-12)
(0,0,0)
(0,0,0)
(0,0,0)
(0,0,0)
(0,0,0)
(0,0,0)
(-6.98434083826828e-13,-2.52501035917963e-11,1.22061318278457e-10)
(-6.69390377756296e-13,-5.59758146148568e-11,1.17351181632798e-10)
(-4.9618085803959e-13,-9.69248729291747e-11,1.08872783900561e-10)
(2.86037200464152e-13,-1.54770010427229e-10,9.42617428426876e-11)
(2.54169276009425e-13,-2.43235072101004e-10,7.05655362969269e-11)
(9.61575075952719e-13,-3.84356100574607e-10,3.58296690062284e-11)
(3.97959719776382e-12,-6.08552176529283e-10,-3.90478008430596e-12)
(1.3749305626905e-11,-9.17648122707182e-10,-8.69889779212925e-12)
(1.70881069230458e-11,-1.33916909638475e-09,-1.9164093479078e-12)
(1.76915902577291e-11,-1.84855614476366e-09,1.64617786458818e-12)
(0,0,0)
(0,0,0)
(0,0,0)
(0,0,0)
(0,0,0)
(0,0,0)
(-2.0790275972335e-12,-2.05558784563291e-11,1.87962910115656e-10)
(-3.70804697392143e-12,-4.66815044412658e-11,1.83516738528041e-10)
(-5.25646612486689e-12,-8.12612398283844e-11,1.74107047489638e-10)
(-5.88737624170746e-12,-1.30077790505641e-10,1.56921345500285e-10)
(-7.42282046183863e-12,-2.07889161729299e-10,1.28758841800417e-10)
(-8.1899649588227e-12,-3.44333767773423e-10,8.42787484883417e-11)
(-4.13664767490482e-12,-5.99116520933355e-10,2.32674664870186e-11)
(1.87951042624142e-11,-9.33035153822175e-10,2.16966248375789e-11)
(2.29554714141733e-11,-1.35067442498519e-09,2.44838681226104e-11)
(2.22177347850485e-11,-1.85373755171264e-09,1.64794688965103e-11)
(0,0,0)
(0,0,0)
(0,0,0)
(0,0,0)
(0,0,0)
(0,0,0)
(-3.3814308576732e-12,-1.59982670624045e-11,2.81392556857708e-10)
(-6.23571431849193e-12,-3.63738533521979e-11,2.77735151953674e-10)
(-9.61604266546933e-12,-6.30631198290746e-11,2.6926455662008e-10)
(-1.25475222466984e-11,-9.97041915770973e-11,2.53974827363704e-10)
(-1.65014478864524e-11,-1.58219217784367e-10,2.30610609612573e-10)
(-1.81231201621625e-11,-2.68205807708258e-10,2.03165765497843e-10)
(2.55067508243704e-11,-5.28207933820345e-10,2.19061177601889e-10)
(3.20812953136084e-11,-9.49349727802445e-10,1.43372278879692e-10)
(2.88270255810269e-11,-1.35561008844514e-09,9.7093554692016e-11)
(2.58428952733174e-11,-1.84675491455902e-09,5.09606622321391e-11)
(0,0,0)
(0,0,0)
(0,0,0)
(0,0,0)
(0,0,0)
(0,0,0)
(-3.19138091313904e-12,-1.20497597647063e-11,4.16687565463209e-10)
(-7.33557448836532e-12,-2.66234997550094e-11,4.13638885506005e-10)
(-1.14898378700573e-11,-4.56514734964838e-11,4.07017297889099e-10)
(-1.50962631094e-11,-7.04456544027356e-11,3.96237061110871e-10)
(-1.84266466509744e-11,-1.11881694364887e-10,3.80881968481324e-10)
(-1.81361694702472e-11,-2.12449086171198e-10,3.62117418233864e-10)
(1.78856254030047e-11,-5.38406931630697e-10,3.67261851229184e-10)
(2.85989188141439e-11,-9.39542331751358e-10,2.91782758753671e-10)
(2.70278632567394e-11,-1.32650662665534e-09,2.03199498982589e-10)
(2.43672993398068e-11,-1.80577768490365e-09,1.04864642539506e-10)
(0,0,0)
(0,0,0)
(0,0,0)
(0,0,0)
(0,0,0)
(0,0,0)
(-3.51681863932423e-12,-8.19776241443363e-12,6.11146588253935e-10)
(-7.91563029173637e-12,-1.80726009779356e-11,6.09145513953826e-10)
(-1.18397797271598e-11,-3.10292638402732e-11,6.04932981202985e-10)
(-1.3600302560297e-11,-4.57339816108918e-11,6.00497748088092e-10)
(-7.30741988930989e-12,-6.74720050786174e-11,6.00352649653012e-10)
(1.89311007810039e-11,-1.30144508005714e-10,6.07364681316098e-10)
(7.89301474225058e-12,-4.96855763627108e-10,5.31260986049981e-10)
(1.74319631571294e-11,-8.78450919501679e-10,5.1025409690334e-10)
(2.00368429009617e-11,-1.24152841011979e-09,3.55212148171626e-10)
(1.89178085742535e-11,-1.70845310457664e-09,1.82914084286426e-10)
(0,0,0)
(0,0,0)
(0,0,0)
(0,0,0)
(0,0,0)
(0,0,0)
(-3.87220691931763e-12,-5.23666333313024e-12,8.96131607844805e-10)
(-7.95350248822064e-12,-1.18470227151595e-11,8.94938782696688e-10)
(-1.12687383560779e-11,-2.24828635232624e-11,8.92262516233775e-10)
(-1.31203489314107e-11,-3.74217541178927e-11,8.89388370463994e-10)
(-1.01662222181387e-11,-6.90527945927399e-11,8.89446311196488e-10)
(-3.61373410786571e-13,-1.65642895055473e-10,8.93390607131946e-10)
(1.79850980279691e-12,-4.5049708956397e-10,8.71526345641504e-10)
(8.60240972565171e-12,-7.26707922075851e-10,7.42663667707515e-10)
(1.32170777028663e-11,-1.07364808606656e-09,5.41646312635959e-10)
(1.44754546409622e-11,-1.52898002070136e-09,2.92189818795582e-10)
(0,0,0)
(0,0,0)
(0,0,0)
(0,0,0)
(0,0,0)
(0,0,0)
(-4.62802218010184e-12,-2.98576061202608e-12,1.30842592106347e-09)
(-8.90735217124883e-12,-7.29070064102848e-12,1.30795082885953e-09)
(-1.22747921619952e-11,-1.59869170683017e-11,1.30557402101469e-09)
(-1.45912447897005e-11,-3.05802053151735e-11,1.30043949004834e-09)
(-1.39788378369702e-11,-6.29343826533418e-11,1.29166880850673e-09)
(-1.01966325582625e-11,-1.44259790981717e-10,1.27277843504832e-09)
(-5.32877930912354e-12,-3.16424543206643e-10,1.21618072877782e-09)
(1.19753387205668e-12,-5.25100287542936e-10,1.06817725632614e-09)
(6.60509166864238e-12,-8.24773707239178e-10,8.27064568604667e-10)
(9.86682417926739e-12,-1.23737237353407e-09,4.75127002291915e-10)
(0,0,0)
(0,0,0)
(0,0,0)
(0,0,0)
(0,0,0)
(0,0,0)
(-5.05046997475792e-12,-1.5736313334275e-12,1.81671914046466e-09)
(-9.28440820515e-12,-3.84981934652021e-12,1.81592631128702e-09)
(-1.18790278517351e-11,-8.85271920833099e-12,1.81298114726675e-09)
(-1.42003868714044e-11,-1.80322278022194e-11,1.80601042362177e-09)
(-1.43815084791916e-11,-3.77045528979122e-11,1.79075090520483e-09)
(-1.23738454154616e-11,-8.18350145334456e-11,1.75717360760479e-09)
(-8.40570851360739e-12,-1.65131099284229e-10,1.67949310432969e-09)
(-2.69855167999346e-12,-2.82754095583113e-10,1.5164276009306e-09)
(2.00008112944771e-12,-4.72489783048536e-10,1.23408550210688e-09)
(6.18701026066225e-12,-7.61948121452424e-10,7.61539146822894e-10)
(0,0,0)
(0,0,0)
(0,0,0)
(0,0,0)
(0,0,0)
(0,0,0)
(0,0,0)
(0,0,0)
(0,0,0)
(0,0,0)
(0,0,0)
(0,0,0)
(0,0,0)
(0,0,0)
(0,0,0)
(0,0,0)
(0,0,0)
(0,0,0)
(0,0,0)
(0,0,0)
(0,0,0)
(0,0,0)
(0,0,0)
(0,0,0)
(0,0,0)
(0,0,0)
(0,0,0)
(0,0,0)
(0,0,0)
(0,0,0)
(0,0,0)
(0,0,0)
(0,0,0)
(0,0,0)
(0,0,0)
(0,0,0)
(0,0,0)
(0,0,0)
(0,0,0)
(0,0,0)
(0,0,0)
(0,0,0)
(0,0,0)
(0,0,0)
(0,0,0)
(0,0,0)
(0,0,0)
(0,0,0)
(0,0,0)
(0,0,0)
(0,0,0)
(0,0,0)
(0,0,0)
(0,0,0)
(0,0,0)
(0,0,0)
(0,0,0)
(0,0,0)
(0,0,0)
(0,0,0)
(0,0,0)
(0,0,0)
(0,0,0)
(0,0,0)
(0,0,0)
(0,0,0)
(0,0,0)
(0,0,0)
(0,0,0)
(0,0,0)
(0,0,0)
(0,0,0)
(0,0,0)
(0,0,0)
(0,0,0)
(0,0,0)
(0,0,0)
(0,0,0)
(0,0,0)
(0,0,0)
(0,0,0)
(0,0,0)
(0,0,0)
(0,0,0)
(0,0,0)
(0,0,0)
(0,0,0)
(0,0,0)
(0,0,0)
(0,0,0)
(0,0,0)
(0,0,0)
(0,0,0)
(0,0,0)
(0,0,0)
(0,0,0)
(0,0,0)
(0,0,0)
(0,0,0)
(0,0,0)
(0,0,0)
(0,0,0)
(3.94136962640607e-13,-3.39484859524156e-11,3.71286301608287e-11)
(8.1737106750101e-13,-7.50630990148483e-11,3.57460282292453e-11)
(9.97550562700585e-13,-1.28699924945428e-10,3.22309696277991e-11)
(9.64522803374263e-13,-2.00332862586047e-10,2.53757975754468e-11)
(1.92602531972344e-12,-2.98885111527821e-10,1.47067166766074e-11)
(3.19376853492485e-12,-4.35010366470295e-10,3.06660147306426e-13)
(4.64448498852862e-12,-6.17993752565595e-10,-1.33494192614137e-11)
(5.86510927243593e-12,-8.46661525335476e-10,-1.53051057035934e-11)
(5.79567286390888e-12,-1.10635021302969e-09,-1.04897506319811e-11)
(6.28011399911184e-12,-1.32749062707533e-09,-4.77904716376748e-12)
(0,0,0)
(0,0,0)
(0,0,0)
(0,0,0)
(0,0,0)
(0,0,0)
(-5.04640148358386e-14,-3.21532037210225e-11,8.22581801150751e-11)
(1.94370922226582e-13,-7.07385715377602e-11,7.84857304172772e-11)
(9.03896824760768e-13,-1.21393451364276e-10,7.07776675164803e-11)
(1.88157184803146e-12,-1.89849990350945e-10,5.68084963015794e-11)
(2.80783799060406e-12,-2.85092588248122e-10,3.35782525330497e-11)
(4.54126927028324e-12,-4.23021735213802e-10,-2.76089897823944e-13)
(7.29186160748815e-12,-6.18867515863557e-10,-3.7770423531566e-11)
(1.30762202266801e-11,-8.54313255065522e-10,-3.83840688246457e-11)
(1.42025379817501e-11,-1.11368495749632e-09,-2.3392543498811e-11)
(1.51507020814836e-11,-1.33282259567712e-09,-9.74803349195698e-12)
(0,0,0)
(0,0,0)
(0,0,0)
(0,0,0)
(0,0,0)
(0,0,0)
(-6.82522573639988e-13,-2.8435728414667e-11,1.38611263277206e-10)
(-1.4853028191266e-12,-6.27077363071448e-11,1.33072938594974e-10)
(-1.54877290095494e-12,-1.07110528373772e-10,1.21235005684513e-10)
(-7.09976175351167e-13,-1.67052604352835e-10,1.00233586855873e-10)
(-3.55873804993407e-13,-2.53649364250233e-10,6.37858408772245e-11)
(6.73691365206778e-13,-3.91921082584684e-10,5.92987963603288e-13)
(-6.6194069021402e-13,-6.28516178761359e-10,-9.65857262590755e-11)
(2.23538482975331e-11,-8.78511922101131e-10,-7.42612211512704e-11)
(2.50308483109064e-11,-1.13264380271766e-09,-3.43418338512223e-11)
(2.45191750717574e-11,-1.34589949499129e-09,-1.09472779333769e-11)
(0,0,0)
(0,0,0)
(0,0,0)
(0,0,0)
(0,0,0)
(0,0,0)
(-2.19046740350339e-12,-2.29368204849309e-11,2.11023528295227e-10)
(-4.60600702458219e-12,-5.08486611234933e-11,2.05449638446284e-10)
(-6.26888413483342e-12,-8.61767157806985e-11,1.92313933943772e-10)
(-8.09847147040202e-12,-1.31722358379584e-10,1.6783192152688e-10)
(-1.26126710946915e-11,-1.96234701847629e-10,1.22625248851089e-10)
(-2.33066430226679e-11,-3.13463662634593e-10,2.70234391825224e-11)
(-7.34743931384421e-11,-6.83736425660286e-10,-2.46395316855997e-10)
(3.23224349575078e-11,-9.45828514148196e-10,-1.00958312029382e-10)
(3.5895534100285e-11,-1.16848375727563e-09,-2.20095551661547e-11)
(3.17145665276756e-11,-1.36339409218362e-09,9.45535360305945e-13)
(0,0,0)
(0,0,0)
(0,0,0)
(0,0,0)
(0,0,0)
(0,0,0)
(-3.67253325133728e-12,-1.75523025848234e-11,3.09649834341182e-10)
(-7.51547258208017e-12,-3.7868007888491e-11,3.04263355880267e-10)
(-1.1737959741698e-11,-6.19350222978123e-11,2.91767951124102e-10)
(-1.84418416699374e-11,-8.84447109251528e-11,2.69230822592769e-10)
(-3.53941271911767e-11,-1.12323789118534e-10,2.28294523380795e-10)
(-8.97752538033105e-11,-1.03998259012141e-10,1.50659210762953e-10)
(1.11394647356946e-10,-1.32526389491259e-09,-2.86725401764462e-17)
(6.85526234501439e-11,-1.11267992154791e-09,1.08452286314094e-10)
(4.58564562510881e-11,-1.21543355602617e-09,7.54072939436262e-11)
(3.58263278504403e-11,-1.37176005901483e-09,4.24878599413671e-11)
(0,0,0)
(0,0,0)
(0,0,0)
(0,0,0)
(0,0,0)
(0,0,0)
(-3.99469830617219e-12,-1.23536363907806e-11,4.42699095870986e-10)
(-9.2648856485495e-12,-2.54017602747574e-11,4.38164745993083e-10)
(-1.53318107480052e-11,-3.87948468032037e-11,4.28057524045932e-10)
(-2.44528432717248e-11,-4.6595797765903e-11,4.11910714648624e-10)
(-4.40717856898049e-11,-3.7893448694282e-11,3.8385807881524e-10)
(-1.05585180631092e-10,6.48248404974437e-12,3.17383139214043e-10)
(5.181354987495e-11,-1.32232148839112e-09,-3.63658503796068e-16)
(5.60907663356e-11,-1.13852098155028e-09,2.94366586138073e-10)
(4.03845031643099e-11,-1.20075891772009e-09,2.01271476146407e-10)
(3.19073615520804e-11,-1.33636429177289e-09,1.02973825366427e-10)
(0,0,0)
(0,0,0)
(0,0,0)
(0,0,0)
(0,0,0)
(0,0,0)
(-4.47684342046685e-12,-7.67354641379671e-12,6.15015154221763e-10)
(-9.92867580369861e-12,-1.48810461499882e-11,6.11930181953538e-10)
(-1.59509469292674e-11,-1.98836089186912e-11,6.06299120060842e-10)
(-2.1767431618212e-11,-9.90275831484441e-12,6.03180570345689e-10)
(-1.27386620383635e-11,5.25471925860943e-11,6.220986832541e-10)
(1.3053318309692e-10,3.59352189481977e-10,7.69338487772288e-10)
(-1.74587701740806e-11,-1.56487488649904e-09,1.69441170443442e-09)
(2.07309144629287e-11,-1.11376773965022e-09,7.45105814865644e-10)
(2.44545827328678e-11,-1.11703978861608e-09,3.98212456099379e-10)
(2.23588089854968e-11,-1.23726278174348e-09,1.86085722540063e-10)
(0,0,0)
(0,0,0)
(0,0,0)
(0,0,0)
(0,0,0)
(0,0,0)
(-4.93028449228564e-12,-4.22792925471552e-12,8.31217665419587e-10)
(-9.83355809946961e-12,-8.36350835552256e-12,8.2944476034322e-10)
(-1.48905390412108e-11,-1.196142095572e-11,8.26910699710402e-10)
(-2.00198384667628e-11,-8.29475514261406e-12,8.278818260121e-10)
(-2.02289300928572e-11,3.53478343013916e-12,8.46469988944748e-10)
(1.19784005667709e-13,-2.52226827006259e-11,9.19680421587978e-10)
(-3.41135862035582e-12,-6.33027823722497e-10,1.08785849016761e-09)
(8.01213026424314e-12,-7.7779123176024e-10,7.98148573221284e-10)
(1.37991927160132e-11,-9.06430084091413e-10,5.2047521778755e-10)
(1.50576262690041e-11,-1.05098030408117e-09,2.62321789609122e-10)
(0,0,0)
(0,0,0)
(0,0,0)
(0,0,0)
(0,0,0)
(0,0,0)
(-5.56505925486373e-12,-2.00919301985745e-12,1.08051062366176e-09)
(-9.97142562090229e-12,-4.83424424227974e-12,1.07955619478834e-09)
(-1.42744590555156e-11,-9.3394129070131e-12,1.07770254963318e-09)
(-1.83685407611258e-11,-1.47474116455315e-11,1.07590887552247e-09)
(-2.03182941340272e-11,-3.17193894476299e-11,1.07808715704737e-09)
(-1.60237027360901e-11,-1.04335689683192e-10,1.08614610997097e-09)
(-8.61875077989467e-12,-3.42658044947145e-10,1.07289747448011e-09)
(-3.59703661887155e-14,-5.00084922849281e-10,8.97116430248883e-10)
(6.25873379068764e-12,-6.46884075139899e-10,6.49485026958289e-10)
(9.56957438952175e-12,-7.87209828721944e-10,3.48656653592726e-10)
(0,0,0)
(0,0,0)
(0,0,0)
(0,0,0)
(0,0,0)
(0,0,0)
(-5.83127213054827e-12,-9.16040948258379e-13,1.29688669108943e-09)
(-1.01890635313983e-11,-2.64365500387891e-12,1.29596029149168e-09)
(-1.37610234150769e-11,-6.06381093929098e-12,1.29344197464492e-09)
(-1.69730962566885e-11,-1.18391129157029e-11,1.28847607379692e-09)
(-1.850876377706e-11,-2.69684228062955e-11,1.27930120169479e-09)
(-1.65283566737309e-11,-7.02649346096318e-11,1.25737428562401e-09)
(-1.0471304398913e-11,-1.63094912312078e-10,1.19380732490476e-09)
(-3.11054843921497e-12,-2.51333259895413e-10,1.03326777790353e-09)
(2.05665336472975e-12,-3.44987272251043e-10,7.82750076108872e-10)
(5.77803563123673e-12,-4.37534633940131e-10,4.376593164086e-10)
(0,0,0)
(0,0,0)
(0,0,0)
(0,0,0)
(0,0,0)
(0,0,0)
(0,0,0)
(0,0,0)
(0,0,0)
(0,0,0)
(0,0,0)
(0,0,0)
(0,0,0)
(0,0,0)
(0,0,0)
(0,0,0)
(0,0,0)
(0,0,0)
(0,0,0)
(0,0,0)
(0,0,0)
(0,0,0)
(0,0,0)
(0,0,0)
(0,0,0)
(0,0,0)
(0,0,0)
(0,0,0)
(0,0,0)
(0,0,0)
(0,0,0)
(0,0,0)
(0,0,0)
(0,0,0)
(0,0,0)
(0,0,0)
(0,0,0)
(0,0,0)
(0,0,0)
(0,0,0)
(0,0,0)
(0,0,0)
(0,0,0)
(0,0,0)
(0,0,0)
(0,0,0)
(0,0,0)
(0,0,0)
(0,0,0)
(0,0,0)
(0,0,0)
(0,0,0)
(0,0,0)
(0,0,0)
(0,0,0)
(0,0,0)
(0,0,0)
(0,0,0)
(0,0,0)
(0,0,0)
(0,0,0)
(0,0,0)
(0,0,0)
(0,0,0)
(0,0,0)
(0,0,0)
(0,0,0)
(0,0,0)
(0,0,0)
(0,0,0)
(0,0,0)
(0,0,0)
(0,0,0)
(0,0,0)
(0,0,0)
(0,0,0)
(0,0,0)
(0,0,0)
(0,0,0)
(0,0,0)
(0,0,0)
(0,0,0)
(0,0,0)
(0,0,0)
(0,0,0)
(0,0,0)
(0,0,0)
(0,0,0)
(0,0,0)
(0,0,0)
(0,0,0)
(0,0,0)
(0,0,0)
(0,0,0)
(0,0,0)
(0,0,0)
(0,0,0)
(0,0,0)
(0,0,0)
(0,0,0)
(0,0,0)
(0,0,0)
(-1.8543337158937e-14,-3.60481443214824e-11,3.98241803185047e-11)
(7.90219186923065e-15,-7.84393228449414e-11,3.83563667592746e-11)
(5.4624903389448e-13,-1.33009624333163e-10,3.39032798808473e-11)
(1.15073146712366e-12,-2.04922277990774e-10,2.56656404549798e-11)
(2.53355856932199e-12,-2.99126019721131e-10,1.28573331439285e-11)
(4.86121668716003e-12,-4.22868548067196e-10,-5.30310163072415e-12)
(7.47393472865393e-12,-5.79145353263309e-10,-2.40407199643119e-11)
(8.70148393087744e-12,-7.51712412737193e-10,-2.59355641108393e-11)
(7.41971386232762e-12,-9.16382522620176e-10,-1.73387954115348e-11)
(6.83303543719103e-12,-1.02933211847292e-09,-8.04585436109334e-12)
(0,0,0)
(0,0,0)
(0,0,0)
(0,0,0)
(0,0,0)
(0,0,0)
(4.51037664571638e-15,-3.43395940578597e-11,8.69265128461968e-11)
(-1.28401407613372e-13,-7.39893443688573e-11,8.28520172079527e-11)
(5.90145049168428e-13,-1.25069462247858e-10,7.35069534498359e-11)
(2.31442961842057e-12,-1.92385588106352e-10,5.69398006729495e-11)
(5.21895642363197e-12,-2.81187383971721e-10,2.9135757901487e-11)
(1.09349502749158e-11,-4.05160758652543e-10,-1.46373450244327e-11)
(1.75541697984007e-11,-5.79341715440215e-10,-7.26466983531193e-11)
(2.2283361936348e-11,-7.61648610625454e-10,-6.96083271623428e-11)
(1.95168731962895e-11,-9.26189472054641e-10,-4.09694397182357e-11)
(1.8479567903717e-11,-1.03710824962148e-09,-1.73601643690418e-11)
(0,0,0)
(0,0,0)
(0,0,0)
(0,0,0)
(0,0,0)
(0,0,0)
(-6.43105821175182e-13,-3.00942729615434e-11,1.45107034813008e-10)
(-1.50644509229092e-12,-6.4654909388715e-11,1.38989812480791e-10)
(-1.48116666537766e-12,-1.08543594311038e-10,1.25289500170822e-10)
(4.0752382999133e-13,-1.64393525441327e-10,1.00834571923728e-10)
(5.42231670600674e-12,-2.38123646936786e-10,5.76114590868522e-11)
(1.93949856378386e-11,-3.50496114811749e-10,-2.44222822796944e-11)
(3.22338011009882e-11,-5.91394611202984e-10,-2.16977871069604e-10)
(4.97510530445182e-11,-7.95166822881757e-10,-1.67095947192996e-10)
(3.74762469509733e-11,-9.51507538816223e-10,-7.4787014234247e-11)
(3.10664943308455e-11,-1.05422569232974e-09,-2.58133530601957e-11)
(0,0,0)
(0,0,0)
(0,0,0)
(0,0,0)
(0,0,0)
(0,0,0)
(-2.00109545468129e-12,-2.40114891370156e-11,2.1910430081109e-10)
(-4.45095575706087e-12,-5.12906927459508e-11,2.12400515148119e-10)
(-6.02856520081238e-12,-8.45273831436211e-11,1.97205293439842e-10)
(-6.16944624902915e-12,-1.21667979327797e-10,1.69618243318215e-10)
(-9.21774155222721e-13,-1.5770583131661e-10,1.23028110583459e-10)
(4.06467093933439e-11,-1.62451272204991e-10,5.20272568839811e-11)
(4.22616071287254e-10,-6.77268493103512e-10,1.08838595293565e-16)
(1.20225085494024e-10,-9.00999918303652e-10,-3.94447021938393e-10)
(5.98902423243086e-11,-1.00433291275582e-09,-9.93411150096385e-11)
(4.10260687189295e-11,-1.07984181372687e-09,-2.13964537667816e-11)
(0,0,0)
(0,0,0)
(0,0,0)
(0,0,0)
(0,0,0)
(0,0,0)
(-3.48472098446564e-12,-1.79644510606259e-11,3.14819617296832e-10)
(-7.48631543965596e-12,-3.71521803091446e-11,3.07869560086958e-10)
(-1.23410067049818e-11,-5.82311517991935e-11,2.9250898551384e-10)
(-1.93544556172148e-11,-7.69693188681432e-11,2.64718535659341e-10)
(-3.2189154997585e-11,-8.69533312248049e-11,2.15191555395044e-10)
(-4.9596757429643e-11,-8.03027234931282e-11,1.29593243631659e-10)
(-7.4151162048482e-17,4.50063055184096e-16,-1.82342741448334e-17)
(1.27438675822978e-10,-1.21480860785433e-09,3.70471241818092e-17)
(6.41012519472478e-11,-1.0852167880491e-09,2.44082089094182e-11)
(4.29184205499576e-11,-1.09985750606655e-09,2.42650105144724e-11)
(0,0,0)
(0,0,0)
(0,0,0)
(0,0,0)
(0,0,0)
(0,0,0)
(-4.1404384052494e-12,-1.20392422128412e-11,4.34982538599317e-10)
(-9.67837782615598e-12,-2.36230630124563e-11,4.28987513413141e-10)
(-1.80962392352375e-11,-3.31517702877378e-11,4.1541365093952e-10)
(-3.30932468893698e-11,-3.26971818147757e-11,3.91221866705422e-10)
(-6.80374873690013e-11,-1.35744279698648e-11,3.44544047830981e-10)
(-1.41071383190692e-10,2.49843822868037e-11,2.41324866035878e-10)
(-1.81370621368643e-18,3.40681142667832e-16,-3.3363626870313e-17)
(1.24432634427125e-10,-1.18149695432064e-09,-1.66027878304423e-16)
(5.49630248403384e-11,-1.07121415431762e-09,1.33229615557662e-10)
(3.57796768890056e-11,-1.06954806782745e-09,8.33993557959141e-11)
(0,0,0)
(0,0,0)
(0,0,0)
(0,0,0)
(0,0,0)
(0,0,0)
(-4.83748831134552e-12,-6.92710492807071e-12,5.76817433780204e-10)
(-1.08151517054348e-11,-1.21342062360694e-11,5.72469873843139e-10)
(-2.07545851770864e-11,-1.2242747743126e-11,5.63414464272411e-10)
(-4.22935476988847e-11,6.62505491154333e-12,5.49961232517476e-10)
(-1.10966057400587e-10,6.67857999367682e-11,5.27917026326693e-10)
(-4.0996516138269e-10,1.97628008495662e-10,4.54871875351784e-10)
(5.6618280634893e-17,4.68719071135975e-16,-5.78797599507466e-16)
(3.16477653391583e-11,-1.25373368511346e-09,7.90184464693037e-10)
(2.59716117675773e-11,-1.00372253728194e-09,3.82127606641506e-10)
(2.21620538631704e-11,-9.78141435451268e-10,1.70666413162936e-10)
(0,0,0)
(0,0,0)
(0,0,0)
(0,0,0)
(0,0,0)
(0,0,0)
(-5.37611565085627e-12,-3.07127065579474e-12,7.33217036097694e-10)
(-1.08287615798289e-11,-4.6925369096466e-12,7.30417508934455e-10)
(-1.84836733916642e-11,-1.56916251874218e-12,7.26151910482669e-10)
(-3.21553448964444e-11,2.10650166291089e-11,7.24849661697274e-10)
(-5.81851898583443e-11,1.00455882105165e-10,7.42030285662842e-10)
(-8.89452775914068e-11,3.87455754221926e-10,8.35552612409323e-10)
(-4.07122044929917e-12,-7.90184538844127e-10,1.27940195676106e-09)
(7.97917678693206e-12,-7.86775138093849e-10,7.97849189734166e-10)
(1.24066119429395e-11,-7.74656744691769e-10,4.74950575848719e-10)
(1.36089405190077e-11,-7.99241139255361e-10,2.27082330815501e-10)
(0,0,0)
(0,0,0)
(0,0,0)
(0,0,0)
(0,0,0)
(0,0,0)
(-5.70378245303332e-12,-8.66565998526248e-13,8.86106175451184e-10)
(-1.03083697041935e-11,-1.71670733811938e-12,8.84278478154258e-10)
(-1.5756386912466e-11,-1.65797994475502e-12,8.81937625700741e-10)
(-2.34551210158941e-11,3.53220028681071e-12,8.81334489221475e-10)
(-3.31282136989633e-11,1.21672212849586e-11,8.88927996043471e-10)
(-3.68458223188041e-11,-1.29926014750056e-11,9.16188249111719e-10)
(-1.24008391837247e-11,-3.394868504349e-10,9.5918634461228e-10)
(-1.1562300294519e-12,-4.58001011446524e-10,7.63538644614738e-10)
(5.19030426741863e-12,-5.20822406042605e-10,5.22572478109415e-10)
(8.55103320043891e-12,-5.67273415382754e-10,2.67429024336363e-10)
(0,0,0)
(0,0,0)
(0,0,0)
(0,0,0)
(0,0,0)
(0,0,0)
(-5.82091348105463e-12,-7.05731864284582e-14,9.93592190594366e-10)
(-1.03144016885176e-11,-6.81786315416385e-13,9.92284445382206e-10)
(-1.48589335063624e-11,-2.18755236307827e-12,9.9027863296634e-10)
(-1.96373370702671e-11,-4.0947735447713e-12,9.87193524164443e-10)
(-2.35502705125751e-11,-1.17424883601217e-11,9.8282819922535e-10)
(-2.32263305641118e-11,-4.6233883781121e-11,9.72095840452943e-10)
(-1.30266697097648e-11,-1.4841149471687e-10,9.2811185386317e-10)
(-3.92610653996326e-12,-2.17077530546416e-10,7.78773566663101e-10)
(2.1601408139841e-12,-2.64209008777175e-10,5.61202941258025e-10)
(5.90271809967274e-12,-2.97674115911117e-10,2.97025050887011e-10)
(0,0,0)
(0,0,0)
(0,0,0)
(0,0,0)
(0,0,0)
(0,0,0)
(0,0,0)
(0,0,0)
(0,0,0)
(0,0,0)
(0,0,0)
(0,0,0)
(0,0,0)
(0,0,0)
(0,0,0)
(0,0,0)
(0,0,0)
(0,0,0)
(0,0,0)
(0,0,0)
(0,0,0)
(0,0,0)
(0,0,0)
(0,0,0)
(0,0,0)
(0,0,0)
(0,0,0)
(0,0,0)
(0,0,0)
(0,0,0)
(0,0,0)
(0,0,0)
(0,0,0)
(0,0,0)
(0,0,0)
(0,0,0)
(0,0,0)
(0,0,0)
(0,0,0)
(0,0,0)
(0,0,0)
(0,0,0)
(0,0,0)
(0,0,0)
(0,0,0)
(0,0,0)
(0,0,0)
(0,0,0)
(0,0,0)
(0,0,0)
(0,0,0)
(0,0,0)
(0,0,0)
(0,0,0)
(0,0,0)
(0,0,0)
(0,0,0)
(0,0,0)
(0,0,0)
(0,0,0)
(0,0,0)
(0,0,0)
(0,0,0)
(0,0,0)
(0,0,0)
(0,0,0)
(0,0,0)
(0,0,0)
(0,0,0)
(0,0,0)
(0,0,0)
(0,0,0)
(0,0,0)
(0,0,0)
(0,0,0)
(0,0,0)
(0,0,0)
(0,0,0)
(0,0,0)
(0,0,0)
(0,0,0)
(0,0,0)
(0,0,0)
(0,0,0)
(0,0,0)
(0,0,0)
(0,0,0)
(0,0,0)
(0,0,0)
(0,0,0)
(0,0,0)
(0,0,0)
(0,0,0)
(0,0,0)
(0,0,0)
(0,0,0)
(0,0,0)
(0,0,0)
(0,0,0)
(0,0,0)
(0,0,0)
(0,0,0)
(-2.59280041543344e-13,-3.84022648059743e-11,4.20132301938471e-11)
(1.10105942097166e-14,-8.12802122649285e-11,3.9803645769019e-11)
(8.43726374461722e-13,-1.33250090093879e-10,3.46276744521232e-11)
(1.42234889374725e-12,-2.00688955195493e-10,2.61845854146306e-11)
(2.75535759456731e-12,-2.86889351974101e-10,1.30893200337922e-11)
(5.89104560607221e-12,-3.95666672699995e-10,-5.46741091593952e-12)
(9.56514105214499e-12,-5.25156500718586e-10,-2.44657204288091e-11)
(1.00409131197532e-11,-6.56495727737964e-10,-2.69645042035472e-11)
(7.93372224641678e-12,-7.6804337439341e-10,-1.85370073636496e-11)
(6.56331222469773e-12,-8.35787210381948e-10,-8.88174483349911e-12)
(0,0,0)
(0,0,0)
(0,0,0)
(0,0,0)
(0,0,0)
(0,0,0)
(-1.66315081410893e-13,-3.63033026496474e-11,8.94328612777813e-11)
(-1.17772629657018e-13,-7.6258160836467e-11,8.49162617436445e-11)
(6.31429889249139e-13,-1.24858991604023e-10,7.48413671780421e-11)
(2.12640972483995e-12,-1.87644126147452e-10,5.77226293116855e-11)
(5.92832231462544e-12,-2.68264882078897e-10,2.95779805472641e-11)
(1.42796597627831e-11,-3.75899282605228e-10,-1.46125651807774e-11)
(2.65686943703655e-11,-5.20945285260792e-10,-7.29256449244365e-11)
(2.71626867485764e-11,-6.62899417248023e-10,-7.23512325379226e-11)
(2.12256646085905e-11,-7.75887257910914e-10,-4.36711201003931e-11)
(1.82368462429959e-11,-8.42731089887489e-10,-1.89645620036737e-11)
(0,0,0)
(0,0,0)
(0,0,0)
(0,0,0)
(0,0,0)
(0,0,0)
(-6.0866731348252e-13,-3.1835963144689e-11,1.46634415242448e-10)
(-1.17034942508012e-12,-6.63230023192511e-11,1.400467123485e-10)
(-1.04244958570965e-12,-1.07800871657728e-10,1.25925749456098e-10)
(9.05090553345158e-13,-1.58971402966452e-10,1.01321858475579e-10)
(7.03824245232942e-12,-2.23075085740384e-10,5.85235297836989e-11)
(2.39057318209927e-11,-3.15327250631628e-10,-2.16821046504239e-11)
(6.8225759124914e-11,-5.18035555330451e-10,-2.06864000458151e-10)
(6.32752155075868e-11,-6.86848823853292e-10,-1.71738883603747e-10)
(4.13279597165235e-11,-7.96607496823619e-10,-8.0195071615738e-11)
(3.08692626675967e-11,-8.57437772679393e-10,-2.84616685175448e-11)
(0,0,0)
(0,0,0)
(0,0,0)
(0,0,0)
(0,0,0)
(0,0,0)
(-1.34434786808437e-12,-2.56197401452637e-11,2.17912692502153e-10)
(-3.3942464855891e-12,-5.2932837100113e-11,2.10600993434562e-10)
(-4.73774642358233e-12,-8.39863317753798e-11,1.94733024266834e-10)
(-4.27797397393193e-12,-1.16372707151309e-10,1.66873895784836e-10)
(-6.7342054754375e-13,-1.42092169373233e-10,1.21717774769567e-10)
(1.05253087268615e-11,-1.27066152177467e-10,5.65698266089727e-11)
(1.39794258897677e-10,-5.51029463929437e-10,6.18710994683592e-17)
(1.38927868115953e-10,-7.67210077023357e-10,-3.89847079631625e-10)
(6.28294563747618e-11,-8.39731160825277e-10,-1.08320196876041e-10)
(3.96453072918576e-11,-8.78917658071212e-10,-2.60364848669688e-11)
(0,0,0)
(0,0,0)
(0,0,0)
(0,0,0)
(0,0,0)
(0,0,0)
(-2.45987262239888e-12,-1.90311161154808e-11,3.05637481628918e-10)
(-5.65485816321242e-12,-3.85536684823889e-11,2.98076338207116e-10)
(-9.62993836196123e-12,-5.82400672007034e-11,2.81666613069397e-10)
(-1.40996124062591e-11,-7.39290034510174e-11,2.52212055837364e-10)
(-1.99697464891676e-11,-8.01277011216935e-11,2.01789029183567e-10)
(-2.52906013436493e-11,-7.28272871486665e-11,1.19036843502217e-10)
(-2.00506478588595e-17,2.27053024438207e-16,-1.70847755698047e-17)
(6.9718850426996e-11,-1.02429396187e-09,4.3035655774443e-17)
(5.02418166107244e-11,-9.06197766850438e-10,1.16598503366315e-11)
(3.68739928253415e-11,-8.94668845411201e-10,1.67981984004452e-11)
(0,0,0)
(0,0,0)
(0,0,0)
(0,0,0)
(0,0,0)
(0,0,0)
(-3.25755050382445e-12,-1.24606945294348e-11,4.09324096021799e-10)
(-7.59337212895807e-12,-2.44515046737457e-11,4.02399488680181e-10)
(-1.48134775456976e-11,-3.30867204999394e-11,3.87059302720694e-10)
(-2.57376647413279e-11,-3.17537584923576e-11,3.59264873296555e-10)
(-4.51785334805171e-11,-1.46537539910391e-11,3.07581606110987e-10)
(-7.23901100000374e-11,1.447886654914e-11,2.03180375972784e-10)
(2.81261675227968e-18,1.34371846625033e-16,-2.83321560058617e-17)
(6.34395836344087e-11,-9.81872265059461e-10,-1.22452315369788e-16)
(3.73016675663991e-11,-8.8847750244334e-10,1.08477757766489e-10)
(2.7772400308712e-11,-8.64916456475326e-10,6.96641079162635e-11)
(0,0,0)
(0,0,0)
(0,0,0)
(0,0,0)
(0,0,0)
(0,0,0)
(-4.34576264658759e-12,-6.91188288786147e-12,5.23328336402095e-10)
(-9.2014114611032e-12,-1.22710537448658e-11,5.1796967385224e-10)
(-1.79749386465176e-11,-1.17627131272188e-11,5.06743293295071e-10)
(-3.46893032256648e-11,5.78175778083422e-12,4.87602730181714e-10)
(-7.1590988594101e-11,5.64278801875814e-11,4.51534766458061e-10)
(-1.449204529596e-10,1.49810596224595e-10,3.54384788630295e-10)
(2.06908426585229e-17,2.16184006420811e-16,-2.90295254596555e-16)
(-2.72539236289616e-11,-1.04876867572775e-09,6.73012284271146e-10)
(8.36701265598638e-12,-8.29339018025473e-10,3.26616957111762e-10)
(1.39281708302116e-11,-7.83558999548034e-10,1.45829788292947e-10)
(0,0,0)
(0,0,0)
(0,0,0)
(0,0,0)
(0,0,0)
(0,0,0)
(-4.78129314488798e-12,-3.12192986894524e-12,6.38322209884552e-10)
(-9.53899269958259e-12,-4.56165405292113e-12,6.34779317833635e-10)
(-1.70926071802594e-11,3.04160754532511e-13,6.28620007643494e-10)
(-3.18031525196919e-11,2.5280917228304e-11,6.23324464573709e-10)
(-6.34188557846261e-11,1.10366721584031e-10,6.30933187849408e-10)
(-1.3234626624616e-10,3.98803205834959e-10,7.04175615620239e-10)
(2.678385816836e-11,-6.73012348974559e-10,1.10687095111916e-09)
(2.10366402504134e-12,-6.66938043654521e-10,6.82140833545662e-10)
(6.44051832704466e-12,-6.34400617816354e-10,4.00458478513479e-10)
(8.72354746185588e-12,-6.2926120796339e-10,1.89028185574679e-10)
(0,0,0)
(0,0,0)
(0,0,0)
(0,0,0)
(0,0,0)
(0,0,0)
(-4.67207796814268e-12,-1.21345962100148e-12,7.3836235351622e-10)
(-9.00243827336175e-12,-1.63532738068924e-12,7.36009902084528e-10)
(-1.46236780149783e-11,3.74871686039921e-13,7.32195490315108e-10)
(-2.34216540063015e-11,8.43536002784398e-12,7.29621944907853e-10)
(-3.64787571221202e-11,2.40581199397799e-11,7.33773446560509e-10)
(-4.66026355132736e-11,1.29760432410485e-11,7.56201866035194e-10)
(-7.82849490419523e-12,-2.87026503171106e-10,7.97959710770412e-10)
(-1.11354442424119e-12,-3.84622968967348e-10,6.26895563349666e-10)
(3.72036077504053e-12,-4.18457749689573e-10,4.20126113082293e-10)
(6.38075806523427e-12,-4.35608113030713e-10,2.10615531671863e-10)
(0,0,0)
(0,0,0)
(0,0,0)
(0,0,0)
(0,0,0)
(0,0,0)
(-4.58374145532331e-12,-3.8327727700652e-13,8.00108623569208e-10)
(-8.99037558806825e-12,-5.10192706917035e-13,7.98579052134095e-10)
(-1.39613770675428e-11,-7.92937974456445e-13,7.9572602777789e-10)
(-1.93667856759457e-11,-1.15418984339793e-12,7.91609540052184e-10)
(-2.45604001002888e-11,-5.27637088880465e-12,7.86480179623215e-10)
(-2.54762277554603e-11,-3.29506122854518e-11,7.76914720569668e-10)
(-1.20998772265662e-11,-1.24729108151961e-10,7.3960428519942e-10)
(-3.4330116813023e-12,-1.79807291216905e-10,6.11012557994608e-10)
(2.12902240782446e-12,-2.08049977683222e-10,4.29537695636249e-10)
(5.25365307553841e-12,-2.22832084796291e-10,2.21591013050674e-10)
(0,0,0)
(0,0,0)
(0,0,0)
(0,0,0)
(0,0,0)
(0,0,0)
(0,0,0)
(0,0,0)
(0,0,0)
(0,0,0)
(0,0,0)
(0,0,0)
(0,0,0)
(0,0,0)
(0,0,0)
(0,0,0)
(0,0,0)
(0,0,0)
(0,0,0)
(0,0,0)
(0,0,0)
(0,0,0)
(0,0,0)
(0,0,0)
(0,0,0)
(0,0,0)
(0,0,0)
(0,0,0)
(0,0,0)
(0,0,0)
(0,0,0)
(0,0,0)
(0,0,0)
(0,0,0)
(0,0,0)
(0,0,0)
(0,0,0)
(0,0,0)
(0,0,0)
(0,0,0)
(0,0,0)
(0,0,0)
(0,0,0)
(0,0,0)
(0,0,0)
(0,0,0)
(0,0,0)
(0,0,0)
(0,0,0)
(0,0,0)
(0,0,0)
(0,0,0)
(0,0,0)
(0,0,0)
(0,0,0)
(0,0,0)
(0,0,0)
(0,0,0)
(0,0,0)
(0,0,0)
(0,0,0)
(0,0,0)
(0,0,0)
(0,0,0)
(0,0,0)
(0,0,0)
(0,0,0)
(0,0,0)
(0,0,0)
(0,0,0)
(0,0,0)
(0,0,0)
(0,0,0)
(0,0,0)
(0,0,0)
(0,0,0)
(0,0,0)
(0,0,0)
(0,0,0)
(0,0,0)
(0,0,0)
(0,0,0)
(0,0,0)
(0,0,0)
(0,0,0)
(0,0,0)
(0,0,0)
(0,0,0)
(0,0,0)
(0,0,0)
(0,0,0)
(0,0,0)
(0,0,0)
(0,0,0)
(0,0,0)
(0,0,0)
(0,0,0)
(0,0,0)
(0,0,0)
(0,0,0)
(0,0,0)
(0,0,0)
(-1.48657772977805e-13,-3.88999835743583e-11,4.29152996880073e-11)
(1.64930482612105e-13,-8.15550107366147e-11,4.10964515149075e-11)
(8.95716922100982e-13,-1.31973481872027e-10,3.65448539916495e-11)
(1.47278522653026e-12,-1.94993663402825e-10,2.8810403985882e-11)
(2.68761864909866e-12,-2.72170655999986e-10,1.70318126330019e-11)
(5.12196502417442e-12,-3.66148092848515e-10,1.08414150359172e-12)
(7.85270936906849e-12,-4.7234767652226e-10,-1.48440248439426e-11)
(8.0171057899315e-12,-5.75573294914265e-10,-1.83604176433588e-11)
(6.12234323379798e-12,-6.57417104333128e-10,-1.28167854035467e-11)
(4.62544689677761e-12,-7.03925729368435e-10,-5.97031527333479e-12)
(0,0,0)
(0,0,0)
(0,0,0)
(0,0,0)
(0,0,0)
(0,0,0)
(-1.1705505222859e-13,-3.75284710037893e-11,8.97689871441181e-11)
(2.19634187090325e-14,-7.74026380916879e-11,8.59105170660265e-11)
(6.92047809334209e-13,-1.24528901303595e-10,7.69253574964267e-11)
(1.59833530826589e-12,-1.83121753088714e-10,6.13003736628015e-11)
(4.9290717041397e-12,-2.55510403184511e-10,3.70335345878088e-11)
(1.20207075328149e-11,-3.48039057661938e-10,7.38264571758876e-13)
(2.30845520535118e-11,-4.64358451427265e-10,-4.44186964894168e-11)
(2.24319809163115e-11,-5.76968449788295e-10,-4.84574724945983e-11)
(1.72393454245781e-11,-6.61352968487379e-10,-2.99219865869699e-11)
(1.39789670310854e-11,-7.07834733191221e-10,-1.29398432996055e-11)
(0,0,0)
(0,0,0)
(0,0,0)
(0,0,0)
(0,0,0)
(0,0,0)
(-2.37187418967739e-13,-3.39713450153861e-11,1.45959871579903e-10)
(-4.39551751816999e-13,-6.87499961923413e-11,1.39720019231435e-10)
(-2.53098487527497e-13,-1.09293999543279e-10,1.26790393292198e-10)
(1.10472343007294e-12,-1.58034795050238e-10,1.04547459034104e-10)
(6.26096051932959e-12,-2.16519939438899e-10,6.79670123915447e-11)
(2.08265291745252e-11,-2.95117515355531e-10,4.45220375389574e-12)
(6.60945508695182e-11,-4.42477171778323e-10,-1.23869868514177e-10)
(5.2092656689649e-11,-5.8219752181796e-10,-1.12752817331761e-10)
(3.27182206200696e-11,-6.70435199408575e-10,-5.36555777136775e-11)
(2.38874795418626e-11,-7.14924970073704e-10,-1.892611219369e-11)
(0,0,0)
(0,0,0)
(0,0,0)
(0,0,0)
(0,0,0)
(0,0,0)
(-6.21272830277417e-13,-2.80202442722153e-11,2.13086954654991e-10)
(-1.90544593557348e-12,-5.62714621593394e-11,2.0601621296149e-10)
(-2.62488251629372e-12,-8.75791903937066e-11,1.91002443020519e-10)
(-1.5655566589214e-12,-1.2072520012219e-10,1.65238307389659e-10)
(2.51005936148898e-12,-1.48804138720053e-10,1.24866213091461e-10)
(1.28562084359124e-11,-1.4786110361054e-10,6.86198652566899e-11)
(-2.13882905820595e-11,-3.80556712426787e-10,3.36562113458538e-11)
(1.14484870207008e-10,-6.01355574367758e-10,-2.49476993572599e-10)
(4.70123503908615e-11,-6.87275874900614e-10,-6.69690812194819e-11)
(2.93600097648623e-11,-7.23297822694155e-10,-1.4508108546032e-11)
(0,0,0)
(0,0,0)
(0,0,0)
(0,0,0)
(0,0,0)
(0,0,0)
(-1.46915078667659e-12,-2.1214097413889e-11,2.90961252887655e-10)
(-3.34729683411543e-12,-4.22445504300101e-11,2.83642499564791e-10)
(-5.32872783068102e-12,-6.33527434142312e-11,2.68141531950068e-10)
(-5.8518307111204e-12,-8.17064221499394e-11,2.41167004278633e-10)
(-2.69150793847292e-12,-9.17931787373518e-11,1.96399304487039e-10)
(6.44010554555284e-12,-9.14376235195483e-11,1.23578020252472e-10)
(1.25100986100668e-17,2.3019267065622e-16,-6.20818172575531e-17)
(1.563734631549e-11,-6.71690207688329e-10,3.95603364599603e-11)
(2.73832041398668e-11,-7.08212657999729e-10,2.80161581556895e-11)
(2.3919802289994e-11,-7.23331148386779e-10,2.0601297212582e-11)
(0,0,0)
(0,0,0)
(0,0,0)
(0,0,0)
(0,0,0)
(0,0,0)
(-1.88175480379676e-12,-1.41873367224655e-11,3.79808823117279e-10)
(-4.43363709833983e-12,-2.81410819439037e-11,3.72835236549297e-10)
(-8.34305549430268e-12,-3.97563275346753e-11,3.58244911912574e-10)
(-1.15899138289132e-11,-4.38408492547864e-11,3.32293390299885e-10)
(-1.18589375209497e-11,-3.53448150895169e-11,2.86481826989841e-10)
(-4.54143537055805e-12,-1.52258421668743e-11,1.97240974986923e-10)
(1.51206163204278e-17,1.54522467140117e-16,-8.32578692264594e-17)
(2.18581140838967e-11,-6.39382009520526e-10,9.55407501700355e-11)
(1.69768329988131e-11,-6.82598980590169e-10,1.11171598345083e-10)
(1.60790512976684e-11,-6.90340247464833e-10,6.36868484496255e-11)
(0,0,0)
(0,0,0)
(0,0,0)
(0,0,0)
(0,0,0)
(0,0,0)
(-2.77705311568496e-12,-8.13196591950415e-12,4.73445382391072e-10)
(-5.68443059587261e-12,-1.59905127579743e-11,4.67598969534424e-10)
(-1.09012494148913e-11,-1.99508939511439e-11,4.56261392293808e-10)
(-1.81204989495086e-11,-1.16426644423621e-11,4.36307887249482e-10)
(-2.83798521627625e-11,1.94752237886505e-11,4.00602723054933e-10)
(-3.95279836444311e-11,8.04797652691949e-11,3.13299592293849e-10)
(1.12830056606436e-17,1.93200395135227e-16,-2.64543360642113e-16)
(-6.26892285427861e-11,-6.16749659874401e-10,4.38881238948134e-10)
(-5.78421873439276e-12,-6.20433047982224e-10,2.51740085142188e-10)
(5.46016753849767e-12,-6.17232215457059e-10,1.18805644976484e-10)
(0,0,0)
(0,0,0)
(0,0,0)
(0,0,0)
(0,0,0)
(0,0,0)
(-3.14687134191802e-12,-4.29816104372282e-12,5.61630637830502e-10)
(-6.30600918167486e-12,-8.38462942346765e-12,5.57715846832258e-10)
(-1.18677750419666e-11,-7.94041402772994e-12,5.5038759868149e-10)
(-2.25663185949613e-11,5.7830324396426e-12,5.40320414182474e-10)
(-5.03526819111938e-11,5.62078755772679e-11,5.32237230809486e-10)
(-1.49214439151178e-10,2.22856583572839e-10,5.41917821809629e-10)
(6.55281299384202e-11,-4.18429070024695e-10,6.32064985476449e-10)
(1.47094437003653e-12,-4.7437290007432e-10,4.87102331758754e-10)
(1.92794313903424e-12,-4.89566900399711e-10,3.11651039828281e-10)
(4.09863810378881e-12,-4.94574769892583e-10,1.51856187212107e-10)
(0,0,0)
(0,0,0)
(0,0,0)
(0,0,0)
(0,0,0)
(0,0,0)
(-3.1498088804504e-12,-2.4936284147799e-12,6.33318991849151e-10)
(-6.31316117770017e-12,-4.68431683531445e-12,6.30230632625202e-10)
(-1.08823229472425e-11,-4.96886792913011e-12,6.24380903050474e-10)
(-1.798360578773e-11,-1.96291930290492e-12,6.17092445757296e-10)
(-2.95726857681994e-11,4.02344707245675e-12,6.10398516193576e-10)
(-4.24338247219969e-11,-1.25686844776555e-11,6.06838980708899e-10)
(9.38257497359831e-13,-2.15029702753405e-10,5.97242648879603e-10)
(8.40228092682547e-13,-2.96663616538144e-10,4.85245164911933e-10)
(2.82317017911976e-12,-3.28429826145971e-10,3.31371083070366e-10)
(4.22026150270438e-12,-3.40679639893165e-10,1.67020033778641e-10)
(0,0,0)
(0,0,0)
(0,0,0)
(0,0,0)
(0,0,0)
(0,0,0)
(-3.43744729721665e-12,-1.11676403037004e-12,6.73898725556351e-10)
(-6.6475439387807e-12,-1.86507897209033e-12,6.71389892084748e-10)
(-1.06378273162931e-11,-2.8924843195597e-12,6.66534722460393e-10)
(-1.53916150903743e-11,-4.76355205889427e-12,6.58807979644287e-10)
(-2.02713119355467e-11,-1.0158316942671e-11,6.47168791520645e-10)
(-2.11164046706646e-11,-3.32768122365226e-11,6.28007638074905e-10)
(-8.23725817371496e-12,-1.00308273698923e-10,5.84677131338911e-10)
(-1.76544053984643e-12,-1.42681802315631e-10,4.81390168577734e-10)
(2.02572731015766e-12,-1.63742008036331e-10,3.37365783436034e-10)
(4.01258132991064e-12,-1.72894059327468e-10,1.731237295001e-10)
(0,0,0)
(0,0,0)
(0,0,0)
(0,0,0)
(0,0,0)
(0,0,0)
(0,0,0)
(0,0,0)
(0,0,0)
(0,0,0)
(0,0,0)
(0,0,0)
(0,0,0)
(0,0,0)
(0,0,0)
(0,0,0)
(0,0,0)
(0,0,0)
(0,0,0)
(0,0,0)
(0,0,0)
(0,0,0)
(0,0,0)
(0,0,0)
(0,0,0)
(0,0,0)
(0,0,0)
(0,0,0)
(0,0,0)
(0,0,0)
(0,0,0)
(0,0,0)
(0,0,0)
(0,0,0)
(0,0,0)
(0,0,0)
(0,0,0)
(0,0,0)
(0,0,0)
(0,0,0)
(0,0,0)
(0,0,0)
(0,0,0)
(0,0,0)
(0,0,0)
(0,0,0)
(0,0,0)
(0,0,0)
(0,0,0)
(0,0,0)
(0,0,0)
(0,0,0)
(0,0,0)
(0,0,0)
(0,0,0)
(0,0,0)
(0,0,0)
(0,0,0)
(0,0,0)
(0,0,0)
(0,0,0)
(0,0,0)
(0,0,0)
(0,0,0)
(0,0,0)
(0,0,0)
(0,0,0)
(0,0,0)
(0,0,0)
(0,0,0)
(0,0,0)
(0,0,0)
(0,0,0)
(0,0,0)
(0,0,0)
(0,0,0)
(0,0,0)
(0,0,0)
(0,0,0)
(0,0,0)
(0,0,0)
(0,0,0)
(0,0,0)
(0,0,0)
(0,0,0)
(0,0,0)
(0,0,0)
(0,0,0)
(0,0,0)
(0,0,0)
(0,0,0)
(0,0,0)
(0,0,0)
(0,0,0)
(0,0,0)
(0,0,0)
(0,0,0)
(0,0,0)
(0,0,0)
(0,0,0)
(0,0,0)
(0,0,0)
(2.98677829604996e-13,-3.99554663133532e-11,4.27256639560484e-11)
(5.64155360888347e-13,-8.28857044265342e-11,4.12284373752974e-11)
(1.18558635947974e-12,-1.32936361919124e-10,3.7537775700954e-11)
(1.37946626528392e-12,-1.92203268153579e-10,3.14428584209245e-11)
(1.97503696302516e-12,-2.61916529489165e-10,2.19329341478381e-11)
(2.94109618513407e-12,-3.44604612491677e-10,1.00863107811303e-11)
(3.3798770734657e-12,-4.33307499773629e-10,-1.08424820530921e-12)
(3.86862842418452e-12,-5.15920224425755e-10,-5.55867333101964e-12)
(3.21173725779624e-12,-5.78982483490213e-10,-4.34971790776282e-12)
(2.56413544622607e-12,-6.13496439628034e-10,-1.91947545616292e-12)
(0,0,0)
(0,0,0)
(0,0,0)
(0,0,0)
(0,0,0)
(0,0,0)
(1.84289037479188e-13,-3.90563549345279e-11,8.94997168497211e-11)
(3.54481088973591e-13,-7.95716112852501e-11,8.60080808680729e-11)
(1.0821298826146e-12,-1.26591495140116e-10,7.85124159570461e-11)
(7.78216344784887e-13,-1.82376256664552e-10,6.58444652124828e-11)
(2.2338779745954e-12,-2.4920295092686e-10,4.65732446782039e-11)
(4.25612628756786e-12,-3.31606654695555e-10,2.05671651836714e-11)
(5.24204840976771e-12,-4.26601797727012e-10,-7.73637684758783e-12)
(9.1255670383421e-12,-5.14800885446694e-10,-1.52775363229462e-11)
(9.33943305845196e-12,-5.79588685925823e-10,-1.02522706711628e-11)
(8.12936061399073e-12,-6.1403966917455e-10,-4.40506315168711e-12)
(0,0,0)
(0,0,0)
(0,0,0)
(0,0,0)
(0,0,0)
(0,0,0)
(5.15641863400014e-14,-3.61532908660948e-11,1.45287592079088e-10)
(1.1540154414666e-14,-7.24343724542477e-11,1.39286181272345e-10)
(2.75026621018908e-13,-1.13825277427217e-10,1.27996598534068e-10)
(3.75575144611318e-13,-1.62630945544736e-10,1.09390419398437e-10)
(2.05996843809567e-12,-2.2169465729628e-10,8.01484272659468e-11)
(1.89218969759174e-12,-2.9994824900846e-10,3.52829918572742e-11)
(-6.94295966442221e-12,-4.14098692571519e-10,-2.78320117327508e-11)
(1.21534696213443e-11,-5.13501768024617e-10,-3.23812848308847e-11)
(1.48294305921277e-11,-5.80176641675976e-10,-1.58186649276272e-11)
(1.33342199686036e-11,-6.14059534224387e-10,-4.77063330964176e-12)
(0,0,0)
(0,0,0)
(0,0,0)
(0,0,0)
(0,0,0)
(0,0,0)
(-3.56677995111671e-13,-3.08055850724702e-11,2.08188794908651e-10)
(-9.18587723948855e-13,-6.17395194108367e-11,2.01567809517311e-10)
(-1.08719386489295e-12,-9.55934835345248e-11,1.8834988108411e-10)
(-2.12240332986103e-13,-1.33246227849413e-10,1.66266599372091e-10)
(1.74544721357135e-12,-1.75446813243596e-10,1.31309024299788e-10)
(-8.60361774424493e-12,-2.33837675253196e-10,7.22944175997444e-11)
(-1.18812028283008e-10,-4.10272155573901e-10,-6.81445034642047e-11)
(2.3115911744819e-12,-5.19568518286039e-10,-3.99927438478723e-11)
(1.54881608164873e-11,-5.81982158490015e-10,-6.55564337055002e-12)
(1.48852269114164e-11,-6.1157823638921e-10,3.1096384228701e-12)
(0,0,0)
(0,0,0)
(0,0,0)
(0,0,0)
(0,0,0)
(0,0,0)
(-1.17715815522618e-12,-2.4736432237392e-11,2.77872949728266e-10)
(-1.94979770551935e-12,-4.93271008570319e-11,2.71087662365566e-10)
(-1.95061603880333e-12,-7.42739928385113e-11,2.5728432796403e-10)
(1.05029618532001e-12,-9.85862236571467e-11,2.35202008863609e-10)
(1.36814126482691e-11,-1.16103533327643e-10,2.02694046911404e-10)
(5.38064065271834e-11,-9.85296852660166e-11,1.63366041722856e-10)
(-3.95603103614756e-11,-5.31944285552734e-10,1.54189489382474e-10)
(-5.12667354808604e-12,-5.46932619059719e-10,7.98156009020716e-11)
(9.18438767329749e-12,-5.80836157854381e-10,5.25321719598583e-11)
(1.15301985806451e-11,-5.9997220918705e-10,2.87633807403251e-11)
(0,0,0)
(0,0,0)
(0,0,0)
(0,0,0)
(0,0,0)
(0,0,0)
(-9.63539038818628e-13,-1.84449016431235e-11,3.53983297599225e-10)
(-1.99388164751805e-12,-3.65893993837647e-11,3.4762502846037e-10)
(-2.19696746513773e-12,-5.35442489488893e-11,3.34715423177013e-10)
(2.0234646687095e-12,-6.65826836311506e-11,3.14286981793622e-10)
(2.25618756037948e-11,-7.04650712810355e-11,2.86281251348022e-10)
(9.69940154381907e-11,-4.72701677061543e-11,2.57464776440135e-10)
(-9.55408569852163e-11,-4.84462990956357e-10,2.6220167930568e-10)
(-1.64050837372738e-11,-5.20213309473321e-10,1.77369352102629e-10)
(2.29565028639862e-12,-5.50249252022094e-10,1.20533179385478e-10)
(6.65786773953768e-12,-5.6419354013857e-10,6.17470323745644e-11)
(0,0,0)
(0,0,0)
(0,0,0)
(0,0,0)
(0,0,0)
(0,0,0)
(-7.64445134822507e-13,-1.2793113833647e-11,4.31925599824301e-10)
(-1.95273668982191e-12,-2.52068268925424e-11,4.26342510567136e-10)
(-2.95822429394259e-12,-3.55156700348379e-11,4.15656415221939e-10)
(1.58968363030007e-13,-3.98838773797769e-11,3.99448432212222e-10)
(2.21906268097274e-11,-3.14702214184263e-11,3.81790121709424e-10)
(1.31395054889141e-10,2.16499404948864e-11,3.84233318745021e-10)
(-2.04522289833842e-11,-4.79388300651304e-10,5.48506533449223e-10)
(-1.79248345369641e-11,-4.72807357495849e-10,3.33033331232459e-10)
(-3.71592615119838e-12,-4.88896516594226e-10,2.03311617523004e-10)
(1.6083669504698e-12,-4.97955657062611e-10,9.85020379032441e-11)
(0,0,0)
(0,0,0)
(0,0,0)
(0,0,0)
(0,0,0)
(0,0,0)
(-1.03661297260538e-12,-8.43349931436377e-12,5.02628049231723e-10)
(-2.67807361911122e-12,-1.66186200837526e-11,4.98423582052484e-10)
(-4.77213664150249e-12,-2.2551902195586e-11,4.90144228547582e-10)
(-6.73718347945713e-12,-2.51568363416533e-11,4.78379618232137e-10)
(-7.84884440651663e-12,-2.45014210681611e-11,4.66460576850996e-10)
(-3.93633476750747e-12,-4.1401250670008e-11,4.62622575971112e-10)
(7.09141638485634e-12,-2.83567759913808e-10,4.77189658175188e-10)
(-7.87047235670012e-13,-3.57119341805731e-10,3.71240388622505e-10)
(5.85721501480766e-13,-3.86508419978397e-10,2.464273725134e-10)
(2.05969531649315e-12,-3.98164130908887e-10,1.22515254408518e-10)
(0,0,0)
(0,0,0)
(0,0,0)
(0,0,0)
(0,0,0)
(0,0,0)
(-1.43831404088563e-12,-5.66691626508e-12,5.58816216619311e-10)
(-3.28266946619334e-12,-1.07559216541162e-11,5.54811704588796e-10)
(-5.6702492636317e-12,-1.47629803728102e-11,5.46945418077491e-10)
(-8.48904346802883e-12,-1.97943860403941e-11,5.36129659153748e-10)
(-1.18313862683991e-11,-3.03038765656185e-11,5.2258554789145e-10)
(-1.21293651338817e-11,-6.49876950338278e-11,5.0471665343855e-10)
(-1.78568758939426e-12,-1.72706621362537e-10,4.7276686501426e-10)
(7.32495711741153e-13,-2.33554164817766e-10,3.83754825392728e-10)
(2.48640136119765e-12,-2.62723080107912e-10,2.65051329870948e-10)
(3.45471471565676e-12,-2.74781906617243e-10,1.34603459346839e-10)
(0,0,0)
(0,0,0)
(0,0,0)
(0,0,0)
(0,0,0)
(0,0,0)
(-2.04537785598416e-12,-2.77797123349294e-12,5.88967474058423e-10)
(-3.65745328651533e-12,-5.04482761333109e-12,5.85301199361266e-10)
(-5.80356881974697e-12,-7.51482617271279e-12,5.78290571517308e-10)
(-8.51597902562667e-12,-1.19559624396074e-11,5.67345838098571e-10)
(-1.12684754324783e-11,-2.08948978468344e-11,5.50451193553105e-10)
(-1.10627101711984e-11,-4.21529765748045e-11,5.23228937039607e-10)
(-5.25856911146187e-12,-8.46152955905606e-11,4.75102568462959e-10)
(-4.22857713780902e-13,-1.15040861311687e-10,3.87833476894426e-10)
(2.52577320974719e-12,-1.31982803609745e-10,2.71972420417974e-10)
(4.24225150253953e-12,-1.39505560273895e-10,1.39766649197065e-10)
(0,0,0)
(0,0,0)
(0,0,0)
(0,0,0)
(0,0,0)
(0,0,0)
(0,0,0)
(0,0,0)
(0,0,0)
(0,0,0)
(0,0,0)
(0,0,0)
(0,0,0)
(0,0,0)
(0,0,0)
(0,0,0)
(0,0,0)
(0,0,0)
(0,0,0)
(0,0,0)
(0,0,0)
(0,0,0)
(0,0,0)
(0,0,0)
(0,0,0)
(0,0,0)
(0,0,0)
(0,0,0)
(0,0,0)
(0,0,0)
(0,0,0)
(0,0,0)
(0,0,0)
(0,0,0)
(0,0,0)
(0,0,0)
(0,0,0)
(0,0,0)
(0,0,0)
(0,0,0)
(0,0,0)
(0,0,0)
(0,0,0)
(0,0,0)
(0,0,0)
(0,0,0)
(0,0,0)
(0,0,0)
(0,0,0)
(0,0,0)
(0,0,0)
(0,0,0)
(0,0,0)
(0,0,0)
(0,0,0)
(0,0,0)
(0,0,0)
(0,0,0)
(0,0,0)
(0,0,0)
(0,0,0)
(0,0,0)
(0,0,0)
(0,0,0)
(0,0,0)
(0,0,0)
(0,0,0)
(0,0,0)
(0,0,0)
(0,0,0)
(0,0,0)
(0,0,0)
(0,0,0)
(0,0,0)
(0,0,0)
(0,0,0)
(0,0,0)
(0,0,0)
(0,0,0)
(0,0,0)
(0,0,0)
(0,0,0)
(0,0,0)
(0,0,0)
(0,0,0)
(0,0,0)
(0,0,0)
(0,0,0)
(0,0,0)
(0,0,0)
(0,0,0)
(0,0,0)
(0,0,0)
(0,0,0)
(0,0,0)
(0,0,0)
(0,0,0)
(0,0,0)
(0,0,0)
(0,0,0)
(0,0,0)
(0,0,0)
(8.96793031553208e-13,-4.17929349319062e-11,4.31928221370248e-11)
(9.40723893951483e-13,-8.65385886709327e-11,4.21505238293803e-11)
(9.35636860487517e-13,-1.36704100963047e-10,3.89238849374069e-11)
(1.06237904935298e-12,-1.93504862547206e-10,3.37012776319654e-11)
(1.1080817674113e-12,-2.57856494651768e-10,2.61050016174912e-11)
(1.11369737548794e-12,-3.31270421241137e-10,1.7164410752182e-11)
(1.14860015256305e-12,-4.07060526361391e-10,8.58292251980108e-12)
(1.5403340218161e-12,-4.75518163319525e-10,3.24498838262958e-12)
(1.38769724181796e-12,-5.27531854092134e-10,1.43430018887276e-12)
(1.18788953660815e-12,-5.56085360009701e-10,8.72614385517318e-13)
(0,0,0)
(0,0,0)
(0,0,0)
(0,0,0)
(0,0,0)
(0,0,0)
(7.72860950688322e-13,-4.06940866146066e-11,8.957079382283e-11)
(7.12907168980534e-13,-8.32271604870851e-11,8.68724790521739e-11)
(9.83862914281898e-13,-1.31040569947717e-10,8.05806041497883e-11)
(3.04125759266384e-13,-1.85302529824318e-10,7.02830764004645e-11)
(7.31663838539186e-13,-2.48152544069647e-10,5.51456477810163e-11)
(9.01262631710956e-13,-3.21782472501699e-10,3.65558590664298e-11)
(2.80102729676716e-13,-4.00745413206184e-10,1.76414268581552e-11)
(2.8011839644677e-12,-4.7256706267415e-10,7.32833878885761e-12)
(4.08018128912742e-12,-5.26149899078788e-10,3.77885314544872e-12)
(3.74416251216439e-12,-5.54597041197139e-10,1.99372287919235e-12)
(0,0,0)
(0,0,0)
(0,0,0)
(0,0,0)
(0,0,0)
(0,0,0)
(7.05269199459013e-13,-3.8015921179087e-11,1.4473565249179e-10)
(6.06269849278996e-13,-7.68952205881033e-11,1.39857465861192e-10)
(6.49411863972141e-13,-1.20242198998589e-10,1.304190273849e-10)
(2.32849581764576e-13,-1.69789086776208e-10,1.14987663293224e-10)
(6.77559794074655e-13,-2.28980450727514e-10,9.22106213148491e-11)
(-1.103380467615e-12,-3.02165338118345e-10,6.23882252995486e-11)
(-6.22022356401385e-12,-3.89764566596769e-10,2.92934254181177e-11)
(1.6575999795775e-12,-4.66809347203407e-10,1.47018340832864e-11)
(5.5869157881725e-12,-5.21811660686207e-10,1.04206436799154e-11)
(6.08228882377301e-12,-5.50436430561481e-10,6.38744110452876e-12)
(0,0,0)
(0,0,0)
(0,0,0)
(0,0,0)
(0,0,0)
(0,0,0)
(1.95154561131825e-13,-3.31897871515664e-11,2.04362800585118e-10)
(-1.13077844552227e-13,-6.74696770407627e-11,1.98601023837733e-10)
(-3.23402848849824e-13,-1.04603335081524e-10,1.87222475268177e-10)
(8.53305470587339e-14,-1.46902164811242e-10,1.68666536496763e-10)
(1.41677399762759e-12,-1.99000446480181e-10,1.41464931422628e-10)
(-3.47268666749229e-12,-2.69838463376831e-10,1.04100165173242e-10)
(-2.52916579205109e-11,-3.78960995592533e-10,5.54211004322191e-11)
(-3.76140852918661e-12,-4.60802877900012e-10,3.69198618155427e-11)
(4.67687838740073e-12,-5.14073079886711e-10,2.79213969342402e-11)
(6.38883813215114e-12,-5.40364643196207e-10,1.58977212858796e-11)
(0,0,0)
(0,0,0)
(0,0,0)
(0,0,0)
(0,0,0)
(0,0,0)
(-6.8340138679886e-13,-2.76460241938581e-11,2.67715610905902e-10)
(-8.84164777253085e-13,-5.63960807154731e-11,2.61707533384513e-10)
(-5.98040827989149e-13,-8.63141546383596e-11,2.49388663346974e-10)
(1.55471811151151e-12,-1.19707765539149e-10,2.30252459014556e-10)
(7.37095579021374e-12,-1.61162092981461e-10,2.04247445992516e-10)
(1.17234413077445e-11,-2.23886222569058e-10,1.73255206746427e-10)
(-1.26677164774762e-11,-3.79995292651602e-10,1.42087895322979e-10)
(-4.56255419223536e-12,-4.53842174988065e-10,1.00962009049684e-10)
(2.36627306064363e-12,-4.98734751505894e-10,6.7684046333581e-11)
(4.51491027247527e-12,-5.20569190618569e-10,3.50054083879574e-11)
(0,0,0)
(0,0,0)
(0,0,0)
(0,0,0)
(0,0,0)
(0,0,0)
(-2.57057709412102e-13,-2.19951903269911e-11,3.33969486327015e-10)
(-4.66848855382066e-13,-4.46293912887132e-11,3.28465468117289e-10)
(2.02895004198844e-13,-6.75863349325052e-11,3.16767538422548e-10)
(3.33038886294397e-12,-9.27288456451483e-11,2.99007975883756e-10)
(1.23835006490729e-11,-1.25433358702415e-10,2.76527076562655e-10)
(2.33370043716184e-11,-1.83579176611664e-10,2.52819752663516e-10)
(-1.57832200871852e-11,-3.47989376882238e-10,2.29623503104744e-10)
(-6.97486299767613e-12,-4.23114918041656e-10,1.74399224266237e-10)
(-2.70938130531839e-13,-4.64103523013182e-10,1.17519879287544e-10)
(2.16701703819152e-12,-4.82482475297568e-10,5.94387482638418e-11)
(0,0,0)
(0,0,0)
(0,0,0)
(0,0,0)
(0,0,0)
(0,0,0)
(4.59029603022469e-13,-1.6715465054301e-11,4.00792897518388e-10)
(1.4515184659811e-13,-3.35024594475342e-11,3.9577770334033e-10)
(2.85990876506247e-13,-4.99952900156162e-11,3.85560839757732e-10)
(3.09023782769135e-12,-6.83842695659416e-11,3.70557483850011e-10)
(1.27786294239003e-11,-9.37183333993455e-11,3.53238963688636e-10)
(3.0173031349819e-11,-1.4283052317775e-10,3.3969131935067e-10)
(-7.99567504049148e-13,-3.06007559160818e-10,3.37826913564484e-10)
(-3.89113651759657e-12,-3.71274613898146e-10,2.56112548429967e-10)
(-1.2944431472625e-12,-4.06032768538534e-10,1.69879568035641e-10)
(3.18878699968345e-13,-4.21378172911301e-10,8.46834566174695e-11)
(0,0,0)
(0,0,0)
(0,0,0)
(0,0,0)
(0,0,0)
(0,0,0)
(4.01271157370228e-13,-1.17177348763419e-11,4.62133935463029e-10)
(-2.6141854386277e-13,-2.38177739742389e-11,4.57692264654891e-10)
(-7.9644814881448e-13,-3.54428801070343e-11,4.48521080661148e-10)
(-1.80592399579932e-13,-4.99619497777526e-11,4.35401285701362e-10)
(1.79161197082775e-12,-7.24043243706424e-11,4.190079470203e-10)
(5.08302739232289e-12,-1.18398202378461e-10,3.99984556137333e-10)
(2.17954738617969e-12,-2.26115733545898e-10,3.72623396180775e-10)
(4.60791885486482e-13,-2.88827294531521e-10,2.97887753883591e-10)
(7.12499735879875e-13,-3.22073502446511e-10,2.0398223065404e-10)
(1.19272543336298e-12,-3.36461130312511e-10,1.03080350702824e-10)
(0,0,0)
(0,0,0)
(0,0,0)
(0,0,0)
(0,0,0)
(0,0,0)
(-3.2274704196104e-13,-7.42840690470916e-12,5.09628691163459e-10)
(-1.12747699566197e-12,-1.53301110162066e-11,5.05180167806342e-10)
(-2.10264453998015e-12,-2.3360787370946e-11,4.96082667105484e-10)
(-2.78335580650822e-12,-3.46782903702644e-11,4.82941528651543e-10)
(-3.37147053432546e-12,-5.34321226517083e-11,4.64704009726348e-10)
(-3.01429516863149e-12,-8.84184568518965e-11,4.37901957251428e-10)
(-8.64973739785842e-13,-1.50202091579475e-10,3.94537109078808e-10)
(9.22687727427053e-13,-1.95377599649769e-10,3.19085774819378e-10)
(2.19399538716233e-12,-2.21377293356857e-10,2.22063614541385e-10)
(2.78182771915312e-12,-2.33126810924746e-10,1.13530522097375e-10)
(0,0,0)
(0,0,0)
(0,0,0)
(0,0,0)
(0,0,0)
(0,0,0)
(-1.1570743923202e-12,-3.45751702549383e-12,5.33736298949457e-10)
(-1.69165305588849e-12,-7.22296518527986e-12,5.29587918001315e-10)
(-2.37366157372324e-12,-1.16409747475666e-11,5.21225264347146e-10)
(-3.57729691976556e-12,-1.82931239421243e-11,5.0799429387423e-10)
(-4.94111676581389e-12,-2.91792122554235e-11,4.87660509751598e-10)
(-5.08931816935249e-12,-4.74673409564832e-11,4.55482220759909e-10)
(-2.60477313349487e-12,-7.55150827693482e-11,4.04678852732183e-10)
(3.97337450987879e-13,-9.82977756777906e-11,3.27459853629826e-10)
(2.74874082090141e-12,-1.12296939012952e-10,2.29037388289333e-10)
(4.5033404256947e-12,-1.18825537614516e-10,1.17634939367825e-10)
(0,0,0)
(0,0,0)
(0,0,0)
(0,0,0)
(0,0,0)
(0,0,0)
(0,0,0)
(0,0,0)
(0,0,0)
(0,0,0)
(0,0,0)
(0,0,0)
(0,0,0)
(0,0,0)
(0,0,0)
(0,0,0)
(0,0,0)
(0,0,0)
(0,0,0)
(0,0,0)
(0,0,0)
(0,0,0)
(0,0,0)
(0,0,0)
(0,0,0)
(0,0,0)
(0,0,0)
(0,0,0)
(0,0,0)
(0,0,0)
(0,0,0)
(0,0,0)
(0,0,0)
(0,0,0)
(0,0,0)
(0,0,0)
(0,0,0)
(0,0,0)
(0,0,0)
(0,0,0)
(0,0,0)
(0,0,0)
(0,0,0)
(0,0,0)
(0,0,0)
(0,0,0)
(0,0,0)
(0,0,0)
(0,0,0)
(0,0,0)
(0,0,0)
(0,0,0)
(0,0,0)
(0,0,0)
(0,0,0)
(0,0,0)
(0,0,0)
(0,0,0)
(0,0,0)
(0,0,0)
(0,0,0)
(0,0,0)
(0,0,0)
(0,0,0)
(0,0,0)
(0,0,0)
(0,0,0)
(0,0,0)
(0,0,0)
(0,0,0)
(0,0,0)
(0,0,0)
(0,0,0)
(0,0,0)
(0,0,0)
(0,0,0)
(0,0,0)
(0,0,0)
(0,0,0)
(0,0,0)
(0,0,0)
(0,0,0)
(0,0,0)
(0,0,0)
(0,0,0)
(0,0,0)
(0,0,0)
(0,0,0)
(0,0,0)
(0,0,0)
(0,0,0)
(0,0,0)
(0,0,0)
(0,0,0)
(0,0,0)
(0,0,0)
(0,0,0)
(0,0,0)
(0,0,0)
(0,0,0)
(0,0,0)
(0,0,0)
(8.40243021923134e-13,-4.38778819712302e-11,4.2318033460308e-11)
(8.55934602066162e-13,-8.93868880154471e-11,4.13981354513423e-11)
(4.94713150595078e-13,-1.39078272323238e-10,3.85030151881017e-11)
(4.56322340956668e-13,-1.94403286310632e-10,3.37596112606965e-11)
(3.44722050579844e-13,-2.55035815947977e-10,2.74909117614463e-11)
(2.072368684414e-13,-3.22680185484944e-10,2.01414695623769e-11)
(1.71421134516305e-13,-3.92147841904295e-10,1.27704667447761e-11)
(3.99921570203601e-13,-4.55043974531057e-10,7.32328388092596e-12)
(5.67428031806489e-13,-5.02609606086138e-10,4.07650697080961e-12)
(5.7218510955485e-13,-5.27809433170053e-10,2.00537517031387e-12)
(0,0,0)
(0,0,0)
(0,0,0)
(0,0,0)
(0,0,0)
(0,0,0)
(7.93010285819938e-13,-4.21177409403248e-11,8.877054409026e-11)
(6.72842172410435e-13,-8.56358331501339e-11,8.60816850318966e-11)
(4.83019714498883e-13,-1.33840155245283e-10,8.01303965712005e-11)
(-7.18886694360311e-14,-1.87678264470397e-10,7.09852945436817e-11)
(1.49359211001876e-13,-2.47341651698325e-10,5.80457613833044e-11)
(1.98560456626674e-13,-3.15101945798869e-10,4.31036827140874e-11)
(-3.87655810452705e-13,-3.86529237905959e-10,2.82842994315518e-11)
(5.92954137134784e-13,-4.51397276050732e-10,1.72457823867458e-11)
(1.52707316279438e-12,-4.99971046253832e-10,1.01271479559446e-11)
(1.57727475571384e-12,-5.25231872890183e-10,4.78727037577176e-12)
(0,0,0)
(0,0,0)
(0,0,0)
(0,0,0)
(0,0,0)
(0,0,0)
(7.57321802568088e-13,-3.86358715961458e-11,1.42975663008227e-10)
(6.1916477822615e-13,-7.90117025170235e-11,1.3859693399025e-10)
(4.41912038547913e-13,-1.2421203350326e-10,1.29936556276407e-10)
(1.22969595180147e-13,-1.74810619979448e-10,1.15895385452354e-10)
(5.19951562045013e-13,-2.32250213818102e-10,9.62846254088137e-11)
(-3.3545532769843e-13,-3.00084002059731e-10,7.3521603732987e-11)
(-2.43220323340106e-12,-3.75878376671603e-10,5.03549476214256e-11)
(-6.76789204691777e-14,-4.4368568748279e-10,3.31940483311897e-11)
(1.88153756406043e-12,-4.9310409551086e-10,2.13131663732895e-11)
(2.39794256302862e-12,-5.18867327758701e-10,1.09346778558656e-11)
(0,0,0)
(0,0,0)
(0,0,0)
(0,0,0)
(0,0,0)
(0,0,0)
(4.13168350823824e-13,-3.34998207756093e-11,1.99982955513181e-10)
(1.91874399692273e-13,-6.97321600249382e-11,1.95044360154351e-10)
(-5.66445205797167e-14,-1.09728950640663e-10,1.84899200800219e-10)
(9.25363491112221e-14,-1.55076890340727e-10,1.68130770204001e-10)
(9.43186748299902e-13,-2.08967240580239e-10,1.44852454330922e-10)
(-7.45862734225149e-13,-2.77252801275859e-10,1.16847213670118e-10)
(-5.75612224469642e-12,-3.61149680614769e-10,8.61708036818303e-11)
(-1.72364655988815e-12,-4.31872484445362e-10,6.12675218124051e-11)
(1.36222565495773e-12,-4.80844069429377e-10,4.08782239398616e-11)
(2.4911068403918e-12,-5.05534707339812e-10,2.07741898863524e-11)
(0,0,0)
(0,0,0)
(0,0,0)
(0,0,0)
(0,0,0)
(0,0,0)
(-3.26157732241479e-13,-2.81480570659466e-11,2.60568866243677e-10)
(-3.31984166465962e-13,-5.93951262711101e-11,2.55358244499354e-10)
(-1.89656201469286e-13,-9.3017164565041e-11,2.44274854210127e-10)
(5.80811239569165e-13,-1.3170603811852e-10,2.26544798737657e-10)
(2.63446075726108e-12,-1.80018813171135e-10,2.03003023992728e-10)
(2.5837067737939e-12,-2.47322254021802e-10,1.75411392318041e-10)
(-3.5477459735379e-12,-3.42002520990068e-10,1.44233140570554e-10)
(-2.01184842260589e-12,-4.13206833132665e-10,1.08240941172751e-10)
(4.13682513549007e-13,-4.59377809720924e-10,7.29356150339909e-11)
(1.43360333943063e-12,-4.82269410613074e-10,3.71696011287956e-11)
(0,0,0)
(0,0,0)
(0,0,0)
(0,0,0)
(0,0,0)
(0,0,0)
(-3.27647723690162e-14,-2.3263593053871e-11,3.2354370679346e-10)
(1.04148998179517e-13,-4.8643720148364e-11,3.18213036132885e-10)
(3.71412626115673e-13,-7.5476765294031e-11,3.07003040395184e-10)
(1.46671210482764e-12,-1.07583452134007e-10,2.89866033689414e-10)
(4.37579924511569e-12,-1.49792720739199e-10,2.68210621746627e-10)
(5.78460049645847e-12,-2.13560295500494e-10,2.43244162218464e-10)
(-2.54075897007343e-12,-3.09558067565812e-10,2.12021333501563e-10)
(-1.93582216245684e-12,-3.79913355416527e-10,1.65331004503915e-10)
(-2.60561581498038e-13,-4.23198113302162e-10,1.12753873189456e-10)
(5.01462915717336e-13,-4.43666206144847e-10,5.73891427725985e-11)
(0,0,0)
(0,0,0)
(0,0,0)
(0,0,0)
(0,0,0)
(0,0,0)
(4.76493603138657e-13,-1.79656871656683e-11,3.84730882060006e-10)
(6.77329955896649e-13,-3.73295754124709e-11,3.79693470350988e-10)
(7.36936875684424e-13,-5.79683459621532e-11,3.69638536416938e-10)
(1.98643820084172e-12,-8.44613280864067e-11,3.54580566272864e-10)
(5.01226473316254e-12,-1.20450461965879e-10,3.35368727950134e-10)
(7.60511633676474e-12,-1.76552866287171e-10,3.12123658426483e-10)
(1.02297201545111e-12,-2.65408497538206e-10,2.81194839855457e-10)
(-1.05475489906299e-13,-3.29272046264551e-10,2.22696477227433e-10)
(-5.75978210732424e-14,-3.68093944466792e-10,1.52656678705348e-10)
(8.52927186435862e-14,-3.85775600456529e-10,7.73800361231543e-11)
(0,0,0)
(0,0,0)
(0,0,0)
(0,0,0)
(0,0,0)
(0,0,0)
(5.53613993912165e-13,-1.24517818535055e-11,4.4151599981835e-10)
(4.22102491823895e-13,-2.65973115225234e-11,4.36993736914976e-10)
(2.41254074891219e-13,-4.21734389423868e-11,4.27472316555364e-10)
(9.29086873993423e-13,-6.32630515628259e-11,4.1321117303285e-10)
(1.84280113485077e-12,-9.21931277090449e-11,3.93709629476636e-10)
(2.46444182230474e-12,-1.38018931379437e-10,3.67133085352545e-10)
(1.00154771695883e-12,-2.05887162894711e-10,3.2751141362613e-10)
(9.16620233263526e-13,-2.59337723232367e-10,2.63080945182969e-10)
(9.18170597438308e-13,-2.92874899705658e-10,1.82817663983195e-10)
(9.38756748413589e-13,-3.08310271614731e-10,9.32471944867053e-11)
(0,0,0)
(0,0,0)
(0,0,0)
(0,0,0)
(0,0,0)
(0,0,0)
(1.5488643594129e-13,-7.37590495620835e-12,4.84371430171703e-10)
(-1.37122125725805e-13,-1.66537886711095e-11,4.80449537435705e-10)
(-6.81318709421458e-13,-2.7671041344967e-11,4.71462642385489e-10)
(-9.31003309464207e-13,-4.28324211326184e-11,4.56839862635738e-10)
(-8.223284556922e-13,-6.37737824501006e-11,4.34973133239745e-10)
(-6.00562891410531e-13,-9.59328178307303e-11,4.03616499833979e-10)
(-1.00648290486303e-13,-1.40455146734606e-10,3.56602287657449e-10)
(8.65024033450447e-13,-1.78157821799314e-10,2.87316074782364e-10)
(1.6467334872694e-12,-2.02386259611732e-10,2.00552970350018e-10)
(2.01107650629929e-12,-2.14124320379607e-10,1.02868463114851e-10)
(0,0,0)
(0,0,0)
(0,0,0)
(0,0,0)
(0,0,0)
(0,0,0)
(-4.66210469672121e-13,-3.29912578425529e-12,5.05832783608825e-10)
(-5.51964587001571e-13,-7.80401574662025e-12,5.02067447354897e-10)
(-7.83665848371688e-13,-1.37295803046322e-11,4.93711467021276e-10)
(-1.53663673925734e-12,-2.18966950460927e-11,4.79198220868272e-10)
(-1.94204002954522e-12,-3.32394775000465e-11,4.55764889082922e-10)
(-1.75329109811788e-12,-4.95191685455884e-11,4.2058337155333e-10)
(-9.0085680047869e-13,-7.12695821500154e-11,3.69310911909624e-10)
(5.22027113691573e-13,-9.05296933335203e-11,2.97140472959129e-10)
(1.85425072945439e-12,-1.03055018889295e-10,2.07132806739301e-10)
(3.31274217899903e-12,-1.09244780758459e-10,1.0593203857946e-10)
(0,0,0)
(0,0,0)
(0,0,0)
(0,0,0)
(0,0,0)
(0,0,0)
(0,0,0)
(0,0,0)
(0,0,0)
(0,0,0)
(0,0,0)
(0,0,0)
(0,0,0)
(0,0,0)
(0,0,0)
(0,0,0)
(0,0,0)
(0,0,0)
(0,0,0)
(0,0,0)
(0,0,0)
(0,0,0)
(0,0,0)
(0,0,0)
(0,0,0)
(0,0,0)
(0,0,0)
(0,0,0)
(0,0,0)
(0,0,0)
(0,0,0)
(0,0,0)
(0,0,0)
(0,0,0)
(0,0,0)
(0,0,0)
(0,0,0)
(0,0,0)
(0,0,0)
(0,0,0)
(0,0,0)
(0,0,0)
(0,0,0)
(0,0,0)
(0,0,0)
(0,0,0)
(0,0,0)
(0,0,0)
(0,0,0)
(0,0,0)
(0,0,0)
(0,0,0)
(0,0,0)
(0,0,0)
(0,0,0)
(0,0,0)
(0,0,0)
(0,0,0)
(0,0,0)
(0,0,0)
(0,0,0)
(0,0,0)
(0,0,0)
(0,0,0)
(0,0,0)
(0,0,0)
(0,0,0)
(0,0,0)
(0,0,0)
(0,0,0)
(0,0,0)
(0,0,0)
(0,0,0)
(0,0,0)
(0,0,0)
(0,0,0)
(0,0,0)
(0,0,0)
(0,0,0)
(0,0,0)
(0,0,0)
(0,0,0)
(0,0,0)
(0,0,0)
(0,0,0)
(0,0,0)
(0,0,0)
(0,0,0)
(0,0,0)
(0,0,0)
(0,0,0)
(0,0,0)
(0,0,0)
(0,0,0)
(0,0,0)
(0,0,0)
(0,0,0)
(0,0,0)
(0,0,0)
(0,0,0)
(0,0,0)
(0,0,0)
(0,0,0)
(0,0,0)
(0,0,0)
(0,0,0)
(0,0,0)
(0,0,0)
(0,0,0)
(0,0,0)
(0,0,0)
(0,0,0)
(0,0,0)
(0,0,0)
(0,0,0)
(0,0,0)
(0,0,0)
(0,0,0)
(0,0,0)
(0,0,0)
(0,0,0)
(0,0,0)
(0,0,0)
(0,0,0)
(0,0,0)
(0,0,0)
(0,0,0)
(0,0,0)
(0,0,0)
(0,0,0)
(0,0,0)
(0,0,0)
(0,0,0)
(0,0,0)
(0,0,0)
(0,0,0)
(0,0,0)
(0,0,0)
(0,0,0)
(0,0,0)
(0,0,0)
(0,0,0)
(0,0,0)
(0,0,0)
(0,0,0)
(0,0,0)
(0,0,0)
(0,0,0)
(0,0,0)
(0,0,0)
(0,0,0)
(0,0,0)
(0,0,0)
(0,0,0)
(0,0,0)
(0,0,0)
(0,0,0)
(0,0,0)
(0,0,0)
(0,0,0)
(0,0,0)
(0,0,0)
(0,0,0)
(0,0,0)
(0,0,0)
(0,0,0)
(0,0,0)
(0,0,0)
(0,0,0)
(0,0,0)
(0,0,0)
(0,0,0)
(0,0,0)
(0,0,0)
(0,0,0)
(0,0,0)
(0,0,0)
(0,0,0)
(0,0,0)
(0,0,0)
(0,0,0)
(0,0,0)
(0,0,0)
(0,0,0)
(0,0,0)
(0,0,0)
(0,0,0)
(0,0,0)
(0,0,0)
(0,0,0)
(0,0,0)
(0,0,0)
(0,0,0)
(0,0,0)
(0,0,0)
(0,0,0)
(0,0,0)
(0,0,0)
(0,0,0)
(0,0,0)
(0,0,0)
(0,0,0)
(0,0,0)
(0,0,0)
(0,0,0)
(0,0,0)
(0,0,0)
(0,0,0)
(0,0,0)
(0,0,0)
(0,0,0)
(0,0,0)
(0,0,0)
(0,0,0)
(0,0,0)
(0,0,0)
(0,0,0)
(0,0,0)
(0,0,0)
(0,0,0)
(0,0,0)
(0,0,0)
(0,0,0)
(0,0,0)
(0,0,0)
(0,0,0)
(0,0,0)
(0,0,0)
(0,0,0)
(0,0,0)
(0,0,0)
(0,0,0)
(0,0,0)
(0,0,0)
(0,0,0)
(0,0,0)
(0,0,0)
(0,0,0)
(0,0,0)
(0,0,0)
(0,0,0)
(0,0,0)
(0,0,0)
(0,0,0)
(0,0,0)
(0,0,0)
(0,0,0)
(0,0,0)
(0,0,0)
(0,0,0)
(0,0,0)
(0,0,0)
(0,0,0)
(0,0,0)
(0,0,0)
(0,0,0)
(0,0,0)
(0,0,0)
(0,0,0)
(0,0,0)
(0,0,0)
(0,0,0)
(0,0,0)
(0,0,0)
(0,0,0)
(0,0,0)
(0,0,0)
(0,0,0)
(0,0,0)
(0,0,0)
(0,0,0)
(0,0,0)
(0,0,0)
(0,0,0)
(0,0,0)
(0,0,0)
(0,0,0)
(0,0,0)
(0,0,0)
(0,0,0)
(0,0,0)
(0,0,0)
(0,0,0)
(0,0,0)
(0,0,0)
(0,0,0)
(0,0,0)
(0,0,0)
(0,0,0)
(0,0,0)
(0,0,0)
(0,0,0)
(0,0,0)
(0,0,0)
(0,0,0)
(0,0,0)
(0,0,0)
(0,0,0)
(0,0,0)
(0,0,0)
(0,0,0)
(0,0,0)
(0,0,0)
(0,0,0)
(0,0,0)
(0,0,0)
(0,0,0)
(0,0,0)
(0,0,0)
(0,0,0)
(0,0,0)
(0,0,0)
(0,0,0)
(0,0,0)
(0,0,0)
(0,0,0)
(0,0,0)
(0,0,0)
(0,0,0)
(0,0,0)
(0,0,0)
(0,0,0)
(0,0,0)
(0,0,0)
(0,0,0)
(0,0,0)
(0,0,0)
(0,0,0)
(0,0,0)
(0,0,0)
(0,0,0)
(0,0,0)
(0,0,0)
(0,0,0)
(0,0,0)
(0,0,0)
(0,0,0)
(0,0,0)
(0,0,0)
(0,0,0)
(0,0,0)
(0,0,0)
(0,0,0)
(0,0,0)
(0,0,0)
(0,0,0)
(0,0,0)
(0,0,0)
(0,0,0)
(0,0,0)
(0,0,0)
(0,0,0)
(0,0,0)
(0,0,0)
(0,0,0)
(0,0,0)
(0,0,0)
(0,0,0)
(0,0,0)
(0,0,0)
(0,0,0)
(0,0,0)
(0,0,0)
(0,0,0)
(0,0,0)
(0,0,0)
(0,0,0)
(0,0,0)
(0,0,0)
(0,0,0)
(0,0,0)
(0,0,0)
(0,0,0)
(0,0,0)
(0,0,0)
(0,0,0)
(0,0,0)
(0,0,0)
(0,0,0)
(0,0,0)
(0,0,0)
(0,0,0)
(0,0,0)
(0,0,0)
(0,0,0)
(0,0,0)
(0,0,0)
(0,0,0)
(0,0,0)
(0,0,0)
(0,0,0)
(0,0,0)
(0,0,0)
(0,0,0)
(0,0,0)
(0,0,0)
(0,0,0)
(0,0,0)
(0,0,0)
(0,0,0)
(0,0,0)
(0,0,0)
(0,0,0)
(0,0,0)
(0,0,0)
(0,0,0)
(0,0,0)
(0,0,0)
(0,0,0)
(0,0,0)
(0,0,0)
(0,0,0)
(0,0,0)
(0,0,0)
(0,0,0)
(0,0,0)
(0,0,0)
(0,0,0)
(0,0,0)
(0,0,0)
(0,0,0)
(0,0,0)
(0,0,0)
(0,0,0)
(0,0,0)
(0,0,0)
(0,0,0)
(0,0,0)
(0,0,0)
(0,0,0)
(0,0,0)
(0,0,0)
(0,0,0)
(0,0,0)
(0,0,0)
(0,0,0)
(0,0,0)
(0,0,0)
(0,0,0)
(0,0,0)
(0,0,0)
(0,0,0)
(0,0,0)
(0,0,0)
(0,0,0)
(0,0,0)
(0,0,0)
(0,0,0)
(0,0,0)
(0,0,0)
(0,0,0)
(0,0,0)
(0,0,0)
(0,0,0)
(0,0,0)
(0,0,0)
(0,0,0)
(0,0,0)
(0,0,0)
(0,0,0)
(0,0,0)
(0,0,0)
(0,0,0)
(0,0,0)
(0,0,0)
(0,0,0)
(0,0,0)
(0,0,0)
(0,0,0)
(0,0,0)
(0,0,0)
(0,0,0)
(0,0,0)
(0,0,0)
(0,0,0)
(0,0,0)
(0,0,0)
(0,0,0)
(0,0,0)
(0,0,0)
(0,0,0)
(0,0,0)
(0,0,0)
(0,0,0)
(0,0,0)
(0,0,0)
(0,0,0)
(0,0,0)
(0,0,0)
(0,0,0)
(0,0,0)
(0,0,0)
(0,0,0)
(0,0,0)
(0,0,0)
(0,0,0)
(0,0,0)
(0,0,0)
(0,0,0)
(0,0,0)
(0,0,0)
(0,0,0)
(0,0,0)
(0,0,0)
(0,0,0)
(0,0,0)
(0,0,0)
(0,0,0)
(0,0,0)
(0,0,0)
(0,0,0)
(0,0,0)
(0,0,0)
(0,0,0)
(0,0,0)
(0,0,0)
(0,0,0)
(0,0,0)
(0,0,0)
(0,0,0)
(0,0,0)
(0,0,0)
(0,0,0)
(0,0,0)
(0,0,0)
(0,0,0)
(0,0,0)
(0,0,0)
(0,0,0)
(0,0,0)
(0,0,0)
(0,0,0)
(0,0,0)
(0,0,0)
(0,0,0)
(0,0,0)
(0,0,0)
(0,0,0)
(0,0,0)
(0,0,0)
(0,0,0)
(0,0,0)
(0,0,0)
(0,0,0)
(0,0,0)
(0,0,0)
(0,0,0)
(0,0,0)
(0,0,0)
(0,0,0)
(0,0,0)
(0,0,0)
(0,0,0)
(0,0,0)
(0,0,0)
(0,0,0)
(0,0,0)
(0,0,0)
(0,0,0)
(0,0,0)
(0,0,0)
(0,0,0)
(0,0,0)
(0,0,0)
(0,0,0)
(0,0,0)
(0,0,0)
(0,0,0)
(0,0,0)
(0,0,0)
(0,0,0)
(0,0,0)
(0,0,0)
(0,0,0)
(0,0,0)
(0,0,0)
(0,0,0)
(0,0,0)
(0,0,0)
(0,0,0)
(0,0,0)
(0,0,0)
(0,0,0)
(0,0,0)
(0,0,0)
(0,0,0)
(0,0,0)
(0,0,0)
(0,0,0)
(0,0,0)
(0,0,0)
(0,0,0)
(0,0,0)
(0,0,0)
(0,0,0)
(0,0,0)
(0,0,0)
(0,0,0)
(0,0,0)
(0,0,0)
(0,0,0)
(0,0,0)
(0,0,0)
(0,0,0)
(0,0,0)
(0,0,0)
(0,0,0)
(0,0,0)
(0,0,0)
(0,0,0)
(0,0,0)
(0,0,0)
(0,0,0)
(0,0,0)
(0,0,0)
(0,0,0)
(0,0,0)
(0,0,0)
(0,0,0)
(0,0,0)
(0,0,0)
(0,0,0)
(0,0,0)
(0,0,0)
(0,0,0)
(0,0,0)
(0,0,0)
(0,0,0)
(0,0,0)
(0,0,0)
(0,0,0)
(0,0,0)
(0,0,0)
(0,0,0)
(0,0,0)
(0,0,0)
(0,0,0)
(0,0,0)
(0,0,0)
(0,0,0)
(0,0,0)
(0,0,0)
(0,0,0)
(0,0,0)
(0,0,0)
(0,0,0)
(0,0,0)
(0,0,0)
(0,0,0)
(0,0,0)
(0,0,0)
(0,0,0)
(0,0,0)
(0,0,0)
(0,0,0)
(0,0,0)
(0,0,0)
(0,0,0)
(0,0,0)
(0,0,0)
(0,0,0)
(0,0,0)
(0,0,0)
(0,0,0)
(0,0,0)
(0,0,0)
(0,0,0)
(0,0,0)
(0,0,0)
(0,0,0)
(0,0,0)
(0,0,0)
(0,0,0)
(0,0,0)
(0,0,0)
(0,0,0)
(0,0,0)
(0,0,0)
(0,0,0)
(0,0,0)
(0,0,0)
(0,0,0)
(0,0,0)
(0,0,0)
(0,0,0)
(0,0,0)
(0,0,0)
(0,0,0)
(0,0,0)
(0,0,0)
(0,0,0)
(0,0,0)
(0,0,0)
(0,0,0)
(0,0,0)
(0,0,0)
(0,0,0)
(0,0,0)
(0,0,0)
(0,0,0)
(0,0,0)
(0,0,0)
(0,0,0)
(0,0,0)
(0,0,0)
(0,0,0)
(0,0,0)
(0,0,0)
(0,0,0)
(0,0,0)
(0,0,0)
(0,0,0)
(0,0,0)
(0,0,0)
(0,0,0)
(0,0,0)
(0,0,0)
(0,0,0)
(0,0,0)
(0,0,0)
(0,0,0)
(0,0,0)
(0,0,0)
(0,0,0)
(0,0,0)
(0,0,0)
(0,0,0)
(0,0,0)
(0,0,0)
(0,0,0)
(0,0,0)
(0,0,0)
(0,0,0)
(0,0,0)
(0,0,0)
(0,0,0)
(0,0,0)
(0,0,0)
(0,0,0)
(0,0,0)
(0,0,0)
(0,0,0)
(0,0,0)
(0,0,0)
(0,0,0)
(0,0,0)
(0,0,0)
(0,0,0)
(0,0,0)
(0,0,0)
(0,0,0)
(0,0,0)
(0,0,0)
(0,0,0)
(0,0,0)
(0,0,0)
(0,0,0)
(0,0,0)
(0,0,0)
(0,0,0)
(0,0,0)
(0,0,0)
(0,0,0)
(0,0,0)
(0,0,0)
(0,0,0)
(0,0,0)
(0,0,0)
(0,0,0)
(0,0,0)
(0,0,0)
(0,0,0)
(0,0,0)
(0,0,0)
(0,0,0)
(0,0,0)
(0,0,0)
(0,0,0)
(0,0,0)
(0,0,0)
(0,0,0)
(0,0,0)
(0,0,0)
(0,0,0)
(0,0,0)
(0,0,0)
(0,0,0)
(0,0,0)
(0,0,0)
(0,0,0)
(0,0,0)
(0,0,0)
(0,0,0)
(0,0,0)
(0,0,0)
(0,0,0)
(0,0,0)
(0,0,0)
(0,0,0)
(0,0,0)
(0,0,0)
(0,0,0)
(0,0,0)
(0,0,0)
(0,0,0)
(0,0,0)
(0,0,0)
(0,0,0)
(0,0,0)
(0,0,0)
(0,0,0)
(0,0,0)
(0,0,0)
(0,0,0)
(0,0,0)
(0,0,0)
(0,0,0)
(0,0,0)
(0,0,0)
)
;

boundaryField
{
    fuel
    {
        type            fixedValue;
        value           uniform (0.1 0 0);
    }
    air
    {
        type            fixedValue;
        value           uniform (-0.1 0 0);
    }
    outlet
    {
        type            zeroGradient;
    }
    frontAndBack
    {
        type            empty;
    }
}


// ************************************************************************* //
 