/*--------------------------------*- C++ -*----------------------------------*\
| =========                 |                                                 |
| \\      /  F ield         | foam-extend: Open Source CFD                    |
|  \\    /   O peration     | Version:     4.0                                |
|   \\  /    A nd           | Web:         http://www.foam-extend.org         |
|    \\/     M anipulation  |                                                 |
\*---------------------------------------------------------------------------*/
FoamFile
{
    version 2.0;
    format ascii;
    class volVectorField;
    location "3056";
    object      H;
}
// * * * * * * * * * * * * * * * * * * * * * * * * * * * * * * * * * * * * * //

dimensions      [0 1 -1 0 0 0 0];

internalField   nonuniform List<vector>
4096
(
(0,0,0)
(0,0,0)
(0,0,0)
(0,0,0)
(0,0,0)
(0,0,0)
(0,0,0)
(0,0,0)
(0,0,0)
(0,0,0)
(0,0,0)
(0,0,0)
(0,0,0)
(0,0,0)
(0,0,0)
(0,0,0)
(0,0,0)
(0,0,0)
(0,0,0)
(0,0,0)
(0,0,0)
(0,0,0)
(0,0,0)
(0,0,0)
(0,0,0)
(0,0,0)
(0,0,0)
(0,0,0)
(0,0,0)
(0,0,0)
(0,0,0)
(0,0,0)
(0,0,0)
(0,0,0)
(0,0,0)
(0,0,0)
(0,0,0)
(0,0,0)
(0,0,0)
(0,0,0)
(0,0,0)
(0,0,0)
(0,0,0)
(0,0,0)
(0,0,0)
(0,0,0)
(0,0,0)
(0,0,0)
(0,0,0)
(0,0,0)
(0,0,0)
(0,0,0)
(0,0,0)
(0,0,0)
(0,0,0)
(0,0,0)
(0,0,0)
(0,0,0)
(0,0,0)
(0,0,0)
(0,0,0)
(0,0,0)
(0,0,0)
(0,0,0)
(0,0,0)
(0,0,0)
(0,0,0)
(0,0,0)
(0,0,0)
(0,0,0)
(0,0,0)
(0,0,0)
(0,0,0)
(0,0,0)
(0,0,0)
(0,0,0)
(0,0,0)
(0,0,0)
(0,0,0)
(0,0,0)
(0,0,0)
(0,0,0)
(0,0,0)
(0,0,0)
(0,0,0)
(0,0,0)
(0,0,0)
(0,0,0)
(0,0,0)
(0,0,0)
(0,0,0)
(0,0,0)
(0,0,0)
(0,0,0)
(0,0,0)
(0,0,0)
(0,0,0)
(0,0,0)
(0,0,0)
(0,0,0)
(0,0,0)
(0,0,0)
(0,0,0)
(0,0,0)
(0,0,0)
(0,0,0)
(0,0,0)
(0,0,0)
(0,0,0)
(0,0,0)
(0,0,0)
(0,0,0)
(0,0,0)
(0,0,0)
(0,0,0)
(0,0,0)
(0,0,0)
(0,0,0)
(0,0,0)
(0,0,0)
(0,0,0)
(0,0,0)
(0,0,0)
(0,0,0)
(0,0,0)
(0,0,0)
(0,0,0)
(0,0,0)
(0,0,0)
(0,0,0)
(0,0,0)
(0,0,0)
(0,0,0)
(0,0,0)
(0,0,0)
(0,0,0)
(0,0,0)
(0,0,0)
(0,0,0)
(0,0,0)
(0,0,0)
(0,0,0)
(0,0,0)
(0,0,0)
(0,0,0)
(0,0,0)
(0,0,0)
(0,0,0)
(0,0,0)
(0,0,0)
(0,0,0)
(0,0,0)
(0,0,0)
(0,0,0)
(0,0,0)
(0,0,0)
(0,0,0)
(0,0,0)
(0,0,0)
(0,0,0)
(0,0,0)
(0,0,0)
(0,0,0)
(0,0,0)
(0,0,0)
(0,0,0)
(0,0,0)
(0,0,0)
(0,0,0)
(0,0,0)
(0,0,0)
(0,0,0)
(0,0,0)
(0,0,0)
(0,0,0)
(0,0,0)
(0,0,0)
(0,0,0)
(0,0,0)
(0,0,0)
(0,0,0)
(0,0,0)
(0,0,0)
(0,0,0)
(0,0,0)
(0,0,0)
(0,0,0)
(0,0,0)
(0,0,0)
(0,0,0)
(0,0,0)
(0,0,0)
(0,0,0)
(0,0,0)
(0,0,0)
(0,0,0)
(0,0,0)
(0,0,0)
(0,0,0)
(0,0,0)
(0,0,0)
(0,0,0)
(0,0,0)
(0,0,0)
(0,0,0)
(0,0,0)
(0,0,0)
(0,0,0)
(0,0,0)
(0,0,0)
(0,0,0)
(0,0,0)
(0,0,0)
(0,0,0)
(0,0,0)
(0,0,0)
(0,0,0)
(0,0,0)
(0,0,0)
(0,0,0)
(0,0,0)
(0,0,0)
(0,0,0)
(0,0,0)
(0,0,0)
(0,0,0)
(0,0,0)
(0,0,0)
(0,0,0)
(0,0,0)
(0,0,0)
(0,0,0)
(0,0,0)
(0,0,0)
(0,0,0)
(0,0,0)
(0,0,0)
(0,0,0)
(0,0,0)
(0,0,0)
(0,0,0)
(0,0,0)
(0,0,0)
(0,0,0)
(0,0,0)
(0,0,0)
(0,0,0)
(0,0,0)
(0,0,0)
(0,0,0)
(0,0,0)
(0,0,0)
(0,0,0)
(0,0,0)
(0,0,0)
(0,0,0)
(0,0,0)
(0,0,0)
(0,0,0)
(0,0,0)
(0,0,0)
(0,0,0)
(0,0,0)
(0,0,0)
(0,0,0)
(0,0,0)
(0,0,0)
(0,0,0)
(0,0,0)
(0,0,0)
(0,0,0)
(0,0,0)
(0,0,0)
(0,0,0)
(0,0,0)
(0,0,0)
(0,0,0)
(0,0,0)
(0,0,0)
(0,0,0)
(0,0,0)
(0,0,0)
(0,0,0)
(0,0,0)
(0,0,0)
(0,0,0)
(0,0,0)
(0,0,0)
(0,0,0)
(0,0,0)
(0,0,0)
(0,0,0)
(0,0,0)
(0,0,0)
(0,0,0)
(0,0,0)
(0,0,0)
(0,0,0)
(0,0,0)
(0,0,0)
(0,0,0)
(0,0,0)
(0,0,0)
(0,0,0)
(0,0,0)
(0,0,0)
(0,0,0)
(0,0,0)
(0,0,0)
(0,0,0)
(0,0,0)
(0,0,0)
(0,0,0)
(0,0,0)
(0,0,0)
(0,0,0)
(0,0,0)
(0,0,0)
(0,0,0)
(0,0,0)
(0,0,0)
(0,0,0)
(0,0,0)
(0,0,0)
(0,0,0)
(0,0,0)
(0,0,0)
(0,0,0)
(0,0,0)
(0,0,0)
(0,0,0)
(0,0,0)
(0,0,0)
(0,0,0)
(0,0,0)
(0,0,0)
(0,0,0)
(0,0,0)
(0,0,0)
(0,0,0)
(0,0,0)
(0,0,0)
(0,0,0)
(0,0,0)
(0,0,0)
(0,0,0)
(0,0,0)
(0,0,0)
(0,0,0)
(0,0,0)
(0,0,0)
(0,0,0)
(0,0,0)
(0,0,0)
(0,0,0)
(0,0,0)
(0,0,0)
(0,0,0)
(0,0,0)
(0,0,0)
(0,0,0)
(0,0,0)
(0,0,0)
(0,0,0)
(0,0,0)
(0,0,0)
(0,0,0)
(0,0,0)
(0,0,0)
(0,0,0)
(0,0,0)
(0,0,0)
(0,0,0)
(0,0,0)
(0,0,0)
(0,0,0)
(0,0,0)
(0,0,0)
(0,0,0)
(0,0,0)
(0,0,0)
(0,0,0)
(0,0,0)
(0,0,0)
(0,0,0)
(0,0,0)
(0,0,0)
(0,0,0)
(0,0,0)
(0,0,0)
(0,0,0)
(0,0,0)
(0,0,0)
(0,0,0)
(0,0,0)
(0,0,0)
(0,0,0)
(0,0,0)
(0,0,0)
(0,0,0)
(0,0,0)
(0,0,0)
(0,0,0)
(0,0,0)
(0,0,0)
(0,0,0)
(0,0,0)
(0,0,0)
(0,0,0)
(0,0,0)
(0,0,0)
(0,0,0)
(0,0,0)
(0,0,0)
(0,0,0)
(0,0,0)
(0,0,0)
(0,0,0)
(0,0,0)
(0,0,0)
(0,0,0)
(0,0,0)
(0,0,0)
(0,0,0)
(0,0,0)
(0,0,0)
(0,0,0)
(0,0,0)
(0,0,0)
(0,0,0)
(0,0,0)
(0,0,0)
(0,0,0)
(0,0,0)
(0,0,0)
(0,0,0)
(0,0,0)
(0,0,0)
(0,0,0)
(0,0,0)
(0,0,0)
(0,0,0)
(0,0,0)
(0,0,0)
(0,0,0)
(0,0,0)
(0,0,0)
(0,0,0)
(0,0,0)
(0,0,0)
(0,0,0)
(0,0,0)
(0,0,0)
(0,0,0)
(0,0,0)
(0,0,0)
(0,0,0)
(0,0,0)
(0,0,0)
(0,0,0)
(0,0,0)
(0,0,0)
(0,0,0)
(0,0,0)
(0,0,0)
(0,0,0)
(0,0,0)
(0,0,0)
(0,0,0)
(0,0,0)
(0,0,0)
(0,0,0)
(0,0,0)
(0,0,0)
(0,0,0)
(0,0,0)
(0,0,0)
(0,0,0)
(0,0,0)
(0,0,0)
(0,0,0)
(0,0,0)
(0,0,0)
(0,0,0)
(0,0,0)
(0,0,0)
(0,0,0)
(0,0,0)
(0,0,0)
(0,0,0)
(0,0,0)
(0,0,0)
(0,0,0)
(0,0,0)
(0,0,0)
(0,0,0)
(0,0,0)
(0,0,0)
(0,0,0)
(0,0,0)
(0,0,0)
(0,0,0)
(0,0,0)
(0,0,0)
(0,0,0)
(0,0,0)
(0,0,0)
(0,0,0)
(0,0,0)
(0,0,0)
(0,0,0)
(0,0,0)
(0,0,0)
(0,0,0)
(0,0,0)
(0,0,0)
(0,0,0)
(0,0,0)
(0,0,0)
(0,0,0)
(0,0,0)
(0,0,0)
(0,0,0)
(0,0,0)
(0,0,0)
(0,0,0)
(0,0,0)
(0,0,0)
(0,0,0)
(0,0,0)
(0,0,0)
(0,0,0)
(0,0,0)
(0,0,0)
(0,0,0)
(0,0,0)
(0,0,0)
(0,0,0)
(0,0,0)
(0,0,0)
(0,0,0)
(0,0,0)
(0,0,0)
(0,0,0)
(0,0,0)
(0,0,0)
(0,0,0)
(0,0,0)
(0,0,0)
(0,0,0)
(0,0,0)
(0,0,0)
(0,0,0)
(0,0,0)
(0,0,0)
(0,0,0)
(0,0,0)
(0,0,0)
(0,0,0)
(0,0,0)
(0,0,0)
(0,0,0)
(0,0,0)
(0,0,0)
(0,0,0)
(0,0,0)
(0,0,0)
(0,0,0)
(0,0,0)
(0,0,0)
(0,0,0)
(0,0,0)
(0,0,0)
(0,0,0)
(0,0,0)
(0,0,0)
(0,0,0)
(0,0,0)
(0,0,0)
(0,0,0)
(0,0,0)
(0,0,0)
(0,0,0)
(0,0,0)
(0,0,0)
(0,0,0)
(0,0,0)
(0,0,0)
(0,0,0)
(0,0,0)
(0,0,0)
(0,0,0)
(0,0,0)
(0,0,0)
(0,0,0)
(0,0,0)
(0,0,0)
(0,0,0)
(0,0,0)
(0,0,0)
(0,0,0)
(0,0,0)
(0,0,0)
(0,0,0)
(0,0,0)
(0,0,0)
(0,0,0)
(0,0,0)
(0,0,0)
(0,0,0)
(0,0,0)
(0,0,0)
(0,0,0)
(0,0,0)
(0,0,0)
(0,0,0)
(0,0,0)
(0,0,0)
(0,0,0)
(0,0,0)
(0,0,0)
(0,0,0)
(0,0,0)
(0,0,0)
(0,0,0)
(0,0,0)
(0,0,0)
(0,0,0)
(0,0,0)
(0,0,0)
(0,0,0)
(0,0,0)
(0,0,0)
(0,0,0)
(0,0,0)
(0,0,0)
(0,0,0)
(0,0,0)
(0,0,0)
(0,0,0)
(0,0,0)
(0,0,0)
(0,0,0)
(0,0,0)
(0,0,0)
(0,0,0)
(0,0,0)
(0,0,0)
(0,0,0)
(0,0,0)
(0,0,0)
(0,0,0)
(0,0,0)
(0,0,0)
(0,0,0)
(0,0,0)
(0,0,0)
(0,0,0)
(0,0,0)
(0,0,0)
(0,0,0)
(0,0,0)
(0,0,0)
(0,0,0)
(0,0,0)
(0,0,0)
(0,0,0)
(0,0,0)
(0,0,0)
(0,0,0)
(0,0,0)
(0,0,0)
(0,0,0)
(0,0,0)
(0,0,0)
(0,0,0)
(0,0,0)
(0,0,0)
(0,0,0)
(0,0,0)
(0,0,0)
(0,0,0)
(0,0,0)
(0,0,0)
(0,0,0)
(0,0,0)
(0,0,0)
(0,0,0)
(0,0,0)
(0,0,0)
(0,0,0)
(0,0,0)
(0,0,0)
(0,0,0)
(0,0,0)
(0,0,0)
(0,0,0)
(0,0,0)
(0,0,0)
(0,0,0)
(0,0,0)
(0,0,0)
(0,0,0)
(0,0,0)
(0,0,0)
(0,0,0)
(0,0,0)
(0,0,0)
(0,0,0)
(0,0,0)
(0,0,0)
(0,0,0)
(0,0,0)
(0,0,0)
(0,0,0)
(0,0,0)
(0,0,0)
(0,0,0)
(0,0,0)
(0,0,0)
(0,0,0)
(0,0,0)
(0,0,0)
(0,0,0)
(0,0,0)
(0,0,0)
(0,0,0)
(0,0,0)
(0,0,0)
(0,0,0)
(0,0,0)
(0,0,0)
(0,0,0)
(0,0,0)
(0,0,0)
(0,0,0)
(0,0,0)
(0,0,0)
(0,0,0)
(0,0,0)
(0,0,0)
(0,0,0)
(0,0,0)
(0,0,0)
(0,0,0)
(0,0,0)
(0,0,0)
(0,0,0)
(0,0,0)
(0,0,0)
(0,0,0)
(0,0,0)
(0,0,0)
(0,0,0)
(0,0,0)
(0,0,0)
(0,0,0)
(0,0,0)
(0,0,0)
(0,0,0)
(0,0,0)
(0,0,0)
(0,0,0)
(0,0,0)
(0,0,0)
(0,0,0)
(0,0,0)
(0,0,0)
(0,0,0)
(0,0,0)
(0,0,0)
(0,0,0)
(0,0,0)
(0,0,0)
(0,0,0)
(0,0,0)
(0,0,0)
(0,0,0)
(0,0,0)
(0,0,0)
(0,0,0)
(0,0,0)
(0,0,0)
(0,0,0)
(0,0,0)
(0,0,0)
(0,0,0)
(0,0,0)
(0,0,0)
(0,0,0)
(0,0,0)
(0,0,0)
(0,0,0)
(0,0,0)
(0,0,0)
(0,0,0)
(0,0,0)
(0,0,0)
(0,0,0)
(0,0,0)
(0,0,0)
(0,0,0)
(0,0,0)
(0,0,0)
(0,0,0)
(0,0,0)
(0,0,0)
(0,0,0)
(0,0,0)
(0,0,0)
(0,0,0)
(0,0,0)
(0,0,0)
(0,0,0)
(0,0,0)
(0,0,0)
(0,0,0)
(0,0,0)
(0,0,0)
(1.37661267268586e-13,-3.95912045896568e-12,4.11658591059713e-12)
(6.32223858027796e-13,-9.16732710863312e-12,3.99045502784538e-12)
(3.40137287743396e-13,-1.69617987330837e-11,4.27357790607363e-12)
(-4.20503317566571e-13,-2.81639778967488e-11,3.90252260751316e-12)
(-2.70410082361794e-13,-4.37243312520545e-11,2.80718247734633e-12)
(1.03334841109324e-12,-6.82046371628599e-11,2.02418361715142e-12)
(2.51317741714637e-12,-1.08358562456023e-10,1.19042553186561e-12)
(2.12845003276263e-12,-1.75365796947561e-10,9.81514865812789e-13)
(6.28841456668873e-14,-2.83540722696656e-10,9.54543300401992e-13)
(-1.80230335192423e-12,-4.34225510823404e-10,6.81196110961e-13)
(0,0,0)
(0,0,0)
(0,0,0)
(0,0,0)
(0,0,0)
(0,0,0)
(-4.1942181735963e-13,-4.00981386914203e-12,9.89168402071897e-12)
(-2.74236968404876e-13,-9.15996550122279e-12,9.35196093122164e-12)
(-7.42224789906318e-13,-1.66695027063293e-11,9.01394016009828e-12)
(-1.31280168206052e-12,-2.74039509983855e-11,7.92275670090867e-12)
(-1.19613126227473e-12,-4.29059845909066e-11,6.11133354829476e-12)
(7.17213344435424e-13,-6.7157062743433e-11,4.32772812832795e-12)
(2.44972580942964e-12,-1.07180926465836e-10,2.64608401748426e-12)
(2.14624805702794e-12,-1.73944789422561e-10,1.87403260669365e-12)
(-3.56850161724434e-13,-2.82470217843884e-10,1.44452614541927e-12)
(-2.84894382479493e-12,-4.33410763315305e-10,9.63342224917228e-13)
(0,0,0)
(0,0,0)
(0,0,0)
(0,0,0)
(0,0,0)
(0,0,0)
(-8.37928139807191e-13,-3.94367293644692e-12,1.78161468656191e-11)
(-1.31043604547956e-12,-8.86435392644664e-12,1.72136476356238e-11)
(-2.5480261033047e-12,-1.56368482281438e-11,1.62037976295186e-11)
(-3.39969022627832e-12,-2.55930583051479e-11,1.43709829175829e-11)
(-4.04481559690647e-12,-4.06946450815789e-11,1.20450394874037e-11)
(-1.64033001573538e-12,-6.50668760907657e-11,9.24855135998449e-12)
(5.24204079008494e-13,-1.0540336001263e-10,6.49268989993797e-12)
(8.87006677068544e-13,-1.72177538842365e-10,4.66248050206164e-12)
(-3.47658785072889e-13,-2.81099182843869e-10,3.38911435069024e-12)
(-2.72208811219894e-12,-4.32349942359315e-10,2.08847198310054e-12)
(0,0,0)
(0,0,0)
(0,0,0)
(0,0,0)
(0,0,0)
(0,0,0)
(-6.22563237022987e-13,-3.82609639866477e-12,2.83075098218535e-11)
(-2.10532456180984e-12,-8.48545234984863e-12,2.80587363217724e-11)
(-4.5937480631928e-12,-1.45159349971214e-11,2.71700476938565e-11)
(-5.97188290341761e-12,-2.35929358166161e-11,2.48834125269465e-11)
(-6.0856323607095e-12,-3.78735543301652e-11,2.16751269182622e-11)
(-3.590339173639e-12,-6.20329090677041e-11,1.81517529796639e-11)
(-2.678763863594e-12,-1.0277128076026e-10,1.4842808198147e-11)
(-2.07278465338804e-12,-1.70166141777928e-10,1.17049745802031e-11)
(-1.34351085993696e-12,-2.79168791572573e-10,8.45216860149849e-12)
(-2.63943538003092e-12,-4.30455281920678e-10,4.87736143428041e-12)
(0,0,0)
(0,0,0)
(0,0,0)
(0,0,0)
(0,0,0)
(0,0,0)
(-2.80843792470744e-13,-3.48834356916961e-12,4.3444877220689e-11)
(-1.80696131056189e-12,-7.90481529731629e-12,4.3085909259814e-11)
(-3.85080156380293e-12,-1.29277589062092e-11,4.20603626335807e-11)
(-4.68529856786092e-12,-2.0777612694173e-11,3.98723686355225e-11)
(-5.04644326992226e-12,-3.42150590041251e-11,3.69346092005493e-11)
(-3.81696814515389e-12,-5.80967484824638e-11,3.37246626491333e-11)
(-4.43493158838001e-12,-9.92476038377861e-11,3.02014045029779e-11)
(-4.95584784790186e-12,-1.67263487642157e-10,2.44079230787806e-11)
(-3.63667285028334e-12,-2.75568841309646e-10,1.71413195832397e-11)
(-4.0049826450619e-12,-4.2590288354831e-10,9.17889363408955e-12)
(0,0,0)
(0,0,0)
(0,0,0)
(0,0,0)
(0,0,0)
(0,0,0)
(3.32298903279732e-15,-3.07471077493806e-12,6.67881916856518e-11)
(-3.33002598105674e-13,-7.14209721428705e-12,6.61870339956518e-11)
(-1.17835887382083e-12,-1.10734779155719e-11,6.49816609529188e-11)
(-1.43366024696361e-12,-1.74995796831396e-11,6.31798069323736e-11)
(-3.79657859685824e-12,-2.98278103232441e-11,6.09589338697509e-11)
(-4.53160633920752e-12,-5.30053578867648e-11,5.77340007749339e-11)
(-6.03934045346675e-12,-9.43376212110395e-11,5.25340453252379e-11)
(-6.63084475952603e-12,-1.61627601602699e-10,4.40096247636954e-11)
(-5.85048366951469e-12,-2.6840372975036e-10,3.17947947237372e-11)
(-6.6194777059184e-12,-4.17370938463255e-10,1.68477356454805e-11)
(0,0,0)
(0,0,0)
(0,0,0)
(0,0,0)
(0,0,0)
(0,0,0)
(3.30302397509872e-13,-2.61578242776653e-12,1.05672516450271e-10)
(1.75377866014241e-13,-5.85792850121549e-12,1.05090071049276e-10)
(4.3317409634832e-13,-8.87854247907595e-12,1.036057107747e-10)
(1.38581473379159e-12,-1.42047392790543e-11,1.01706152658007e-10)
(-7.74470567745155e-13,-2.51510076297958e-11,9.98943845723997e-11)
(-2.16971013173493e-12,-4.65654638654293e-11,9.62272686390783e-11)
(-4.10181972560124e-12,-8.62582585672021e-11,8.8561064267998e-11)
(-5.19530213005332e-12,-1.50562238545875e-10,7.65478336417861e-11)
(-6.57263238748585e-12,-2.54199076375667e-10,5.72779189743622e-11)
(-7.51514052997159e-12,-4.01208952760041e-10,3.08582943638262e-11)
(0,0,0)
(0,0,0)
(0,0,0)
(0,0,0)
(0,0,0)
(0,0,0)
(-2.45444964839326e-13,-1.91326847416429e-12,1.69906179554016e-10)
(3.84699875429212e-14,-4.09037951218293e-12,1.69278396862967e-10)
(1.83155580984229e-12,-6.59339110857031e-12,1.67801107065901e-10)
(4.0901305516718e-12,-1.15328107460953e-11,1.66277839251929e-10)
(3.01119671185413e-12,-2.10434409988535e-11,1.6420399457319e-10)
(5.54254823590119e-13,-3.97925056500146e-11,1.59600668285182e-10)
(-2.67909553913012e-12,-7.42532229236994e-11,1.49777036308943e-10)
(-5.69209023442204e-12,-1.31166614449312e-10,1.31626045473738e-10)
(-8.35115382369157e-12,-2.27868857979737e-10,1.01749591327021e-10)
(-9.4110619357422e-12,-3.70191548316386e-10,5.74704077829419e-11)
(0,0,0)
(0,0,0)
(0,0,0)
(0,0,0)
(0,0,0)
(0,0,0)
(-3.8105620805292e-14,-8.42906944055508e-13,2.75000091338537e-10)
(7.93697733800921e-13,-2.34012519454489e-12,2.75254979564569e-10)
(2.22573806976164e-12,-4.63194760859096e-12,2.7454363878599e-10)
(4.21721931880711e-12,-8.31883888232248e-12,2.73117012863066e-10)
(4.85854054568547e-12,-1.52263453513171e-11,2.7046448451989e-10)
(2.17819609816621e-12,-2.95107672315304e-11,2.64877655342392e-10)
(-2.27271096084911e-12,-5.55151758357558e-11,2.52330823553995e-10)
(-6.02560885251391e-12,-1.00716852888686e-10,2.2752230584617e-10)
(-8.23991916432429e-12,-1.83492652775681e-10,1.83877606749335e-10)
(-9.00566704974379e-12,-3.1252310725749e-10,1.10444246023037e-10)
(0,0,0)
(0,0,0)
(0,0,0)
(0,0,0)
(0,0,0)
(0,0,0)
(8.95724640660223e-13,-1.89753560404189e-13,4.23482947573322e-10)
(2.49583391141959e-12,-8.95523776189181e-13,4.24698139586332e-10)
(4.05774177205334e-12,-2.49540004867041e-12,4.2504941147124e-10)
(5.10679363004513e-12,-4.44344408907541e-12,4.23503389517486e-10)
(5.73698333630159e-12,-7.96881723461409e-12,4.20196720371269e-10)
(2.70992899362144e-12,-1.56763205417983e-11,4.13656399917496e-10)
(-1.54970438279912e-12,-3.00830478615907e-11,3.98929989090065e-10)
(-5.39040664820057e-12,-5.69693564938048e-11,3.69108305675682e-10)
(-7.44567051899371e-12,-1.10258089522546e-10,3.11894260449752e-10)
(-7.88344579243843e-12,-2.0175714461693e-10,2.01255909676937e-10)
(0,0,0)
(0,0,0)
(0,0,0)
(0,0,0)
(0,0,0)
(0,0,0)
(0,0,0)
(0,0,0)
(0,0,0)
(0,0,0)
(0,0,0)
(0,0,0)
(0,0,0)
(0,0,0)
(0,0,0)
(0,0,0)
(0,0,0)
(0,0,0)
(0,0,0)
(0,0,0)
(0,0,0)
(0,0,0)
(0,0,0)
(0,0,0)
(0,0,0)
(0,0,0)
(0,0,0)
(0,0,0)
(0,0,0)
(0,0,0)
(0,0,0)
(0,0,0)
(0,0,0)
(0,0,0)
(0,0,0)
(0,0,0)
(0,0,0)
(0,0,0)
(0,0,0)
(0,0,0)
(0,0,0)
(0,0,0)
(0,0,0)
(0,0,0)
(0,0,0)
(0,0,0)
(0,0,0)
(0,0,0)
(0,0,0)
(0,0,0)
(0,0,0)
(0,0,0)
(0,0,0)
(0,0,0)
(0,0,0)
(0,0,0)
(0,0,0)
(0,0,0)
(0,0,0)
(0,0,0)
(0,0,0)
(0,0,0)
(0,0,0)
(0,0,0)
(0,0,0)
(0,0,0)
(0,0,0)
(0,0,0)
(0,0,0)
(0,0,0)
(0,0,0)
(0,0,0)
(0,0,0)
(0,0,0)
(0,0,0)
(0,0,0)
(0,0,0)
(0,0,0)
(0,0,0)
(0,0,0)
(0,0,0)
(0,0,0)
(0,0,0)
(0,0,0)
(0,0,0)
(0,0,0)
(0,0,0)
(0,0,0)
(0,0,0)
(0,0,0)
(0,0,0)
(0,0,0)
(0,0,0)
(0,0,0)
(0,0,0)
(0,0,0)
(0,0,0)
(0,0,0)
(0,0,0)
(0,0,0)
(0,0,0)
(0,0,0)
(3.14485560195925e-13,-8.6640688142143e-12,8.13436075119069e-12)
(3.41739372384657e-13,-1.85980403421767e-11,7.89956640810631e-12)
(4.18896559550671e-13,-3.20817810756918e-11,7.48128423953419e-12)
(-8.51900857782292e-14,-5.16050478484579e-11,6.19977989973394e-12)
(-3.05757883358623e-13,-7.91625016793728e-11,4.45052509284454e-12)
(8.1953207700428e-13,-1.22210074311901e-10,3.07194964244224e-12)
(1.54445209312222e-12,-1.90313881503045e-10,1.74723280724545e-12)
(7.34414072969944e-13,-3.0674477634536e-10,1.14490623493775e-12)
(-7.3427351807448e-13,-5.24224551809936e-10,7.52576786256179e-13)
(-1.93585474953669e-12,-1.01902474008355e-09,3.42040047621207e-13)
(0,0,0)
(0,0,0)
(0,0,0)
(0,0,0)
(0,0,0)
(0,0,0)
(5.41603394417084e-14,-8.55410155586403e-12,1.92786775995903e-11)
(-2.31827772043756e-13,-1.80422246857003e-11,1.81473915447952e-11)
(-6.83695808922046e-13,-3.1044014617789e-11,1.68192236760268e-11)
(-1.3122712226875e-12,-5.01980044397989e-11,1.42574521595261e-11)
(-1.62386535162691e-12,-7.78573358115497e-11,1.07379810828145e-11)
(3.08670802594858e-13,-1.20765061778655e-10,6.93037133268425e-12)
(1.44421076686113e-12,-1.89292246694919e-10,3.44368166226817e-12)
(8.08503938484824e-13,-3.05830571539935e-10,1.64609070114596e-12)
(-1.24670124073547e-12,-5.23499226639691e-10,6.66167829124587e-13)
(-2.94642255579673e-12,-1.01872408644526e-09,2.76088489229243e-13)
(0,0,0)
(0,0,0)
(0,0,0)
(0,0,0)
(0,0,0)
(0,0,0)
(-3.5300544759311e-13,-7.46955252554233e-12,3.37557667602103e-11)
(-6.79487615968637e-13,-1.61571483473082e-11,3.22623551499018e-11)
(-1.83612462236827e-12,-2.8020696355061e-11,3.02860272509392e-11)
(-3.07386928463677e-12,-4.6159967439503e-11,2.7000126621209e-11)
(-4.0694182209549e-12,-7.32701036847427e-11,2.21577113676819e-11)
(-1.91843557874948e-12,-1.16563102560418e-10,1.55048100181002e-11)
(-2.77665775465902e-13,-1.86781407304879e-10,8.59965212909493e-12)
(1.48975763818035e-13,-3.04238384105933e-10,4.94025963858677e-12)
(-9.77407688891371e-13,-5.22204827734555e-10,3.25877420730304e-12)
(-2.52827656782225e-12,-1.01767258265038e-09,1.94858484704857e-12)
(0,0,0)
(0,0,0)
(0,0,0)
(0,0,0)
(0,0,0)
(0,0,0)
(-7.11542566437184e-13,-6.20282433052014e-12,5.32039303496823e-11)
(-1.79727298642811e-12,-1.40497287112011e-11,5.20144228016769e-11)
(-3.89528898720274e-12,-2.46502864259138e-11,4.99449135209414e-11)
(-5.57892041717136e-12,-4.11354082269394e-11,4.59148694507585e-11)
(-6.22075374815648e-12,-6.64084691708734e-11,3.9526356404663e-11)
(-4.21755497734042e-12,-1.08993829898041e-10,3.13444467898573e-11)
(-3.06460716812776e-12,-1.81859555549422e-10,2.2675096540996e-11)
(-1.72263281041043e-12,-3.02080802179088e-10,1.70139667179688e-11)
(-1.36865395505945e-12,-5.19909954547439e-10,1.24572922762578e-11)
(-2.31447231731707e-12,-1.01481119871024e-09,6.94085284919824e-12)
(0,0,0)
(0,0,0)
(0,0,0)
(0,0,0)
(0,0,0)
(0,0,0)
(-3.35508625827465e-13,-5.11470617689453e-12,8.03484927159488e-11)
(-1.54413276735875e-12,-1.21512088083172e-11,7.90708289880384e-11)
(-3.51708855638483e-12,-2.11561924806873e-11,7.68779333475911e-11)
(-5.02557214393275e-12,-3.52518905992053e-11,7.30745888101511e-11)
(-6.22374539936492e-12,-5.79377123765804e-11,6.7353144233952e-11)
(-5.38510059475088e-12,-9.81000809374023e-11,6.06226778715217e-11)
(-3.55143279088231e-12,-1.72494631998442e-10,5.47787098699446e-11)
(-3.32513039168486e-12,-2.97523858693618e-10,4.25769987806728e-11)
(-2.83935846066464e-12,-5.1425585686416e-10,2.9623667655798e-11)
(-3.35803409649391e-12,-1.00777717626633e-09,1.5489758915971e-11)
(0,0,0)
(0,0,0)
(0,0,0)
(0,0,0)
(0,0,0)
(0,0,0)
(1.45552331862124e-13,-4.25801762994922e-12,1.20379859538458e-10)
(-4.11798268448714e-13,-1.02849098417732e-11,1.19123219160304e-10)
(-1.57144028977568e-12,-1.75821002269876e-11,1.17141501074458e-10)
(-2.50762758841508e-12,-2.89988588255124e-11,1.14126150027049e-10)
(-5.24844819547619e-12,-4.89531855701733e-11,1.09854600202687e-10)
(-5.77154491089005e-12,-8.73544397223178e-11,1.0342974800905e-10)
(-5.59428253572054e-12,-1.64603706645296e-10,9.4654772280146e-11)
(-5.48137777647036e-12,-2.87858262364549e-10,7.90944695713362e-11)
(-5.10807796600733e-12,-5.01404908522608e-10,5.68274956289396e-11)
(-5.93372776299735e-12,-9.92720651159673e-10,2.99704516616955e-11)
(0,0,0)
(0,0,0)
(0,0,0)
(0,0,0)
(0,0,0)
(0,0,0)
(2.10233844901181e-13,-3.52598332146181e-12,1.84972667914874e-10)
(-1.07810848440094e-13,-8.27827724920255e-12,1.84148614149316e-10)
(4.75808425392382e-14,-1.39992456360342e-11,1.82383159542129e-10)
(5.25654286432919e-13,-2.27592890128484e-11,1.79742410795998e-10)
(-1.21492126533707e-12,-3.94419477538162e-11,1.77126925795314e-10)
(-1.27646397604609e-12,-7.3950431428984e-11,1.71765892001565e-10)
(-4.09362474290345e-12,-1.49868165243094e-10,1.56703387323161e-10)
(-5.32101155931856e-12,-2.67892187799206e-10,1.37674255706475e-10)
(-6.48322617289997e-12,-4.75754387269809e-10,1.01929782743193e-10)
(-7.67425060946801e-12,-9.63313478067453e-10,5.47438173818041e-11)
(0,0,0)
(0,0,0)
(0,0,0)
(0,0,0)
(0,0,0)
(0,0,0)
(-6.88023803898557e-13,-2.43601889575946e-12,2.96554518397547e-10)
(-2.34494533027595e-13,-5.84742004383992e-12,2.9572699625561e-10)
(1.39338012383856e-12,-1.04089240702917e-11,2.93892484472959e-10)
(2.95000336663211e-12,-1.81351289937104e-11,2.91655521260263e-10)
(1.79742735230088e-12,-3.3486256086931e-11,2.88740559270035e-10)
(9.61483813741266e-14,-6.54977730096627e-11,2.82575489383086e-10)
(-3.26615179182106e-12,-1.29844404098234e-10,2.66804484059793e-10)
(-6.26539764847228e-12,-2.32048476270967e-10,2.34335474856347e-10)
(-8.44817548351471e-12,-4.28909205394741e-10,1.80514668254948e-10)
(-9.60909521206893e-12,-9.08574718417193e-10,1.02569368466272e-10)
(0,0,0)
(0,0,0)
(0,0,0)
(0,0,0)
(0,0,0)
(0,0,0)
(-9.46147230488754e-13,-1.15909301156423e-12,5.09502114124787e-10)
(6.04370940245406e-14,-3.47945937053696e-12,5.09163221366682e-10)
(1.51581643276893e-12,-7.08624121736325e-12,5.07886247269244e-10)
(2.9943528687443e-12,-1.30333825279182e-11,5.05710163655411e-10)
(3.18784160649054e-12,-2.52536025155244e-11,5.01575108714361e-10)
(8.90581196816184e-13,-5.00219563765098e-11,4.9268906918741e-10)
(-2.89632122717555e-12,-9.62140930936293e-11,4.71378160918141e-10)
(-6.12840615057355e-12,-1.77644877319822e-10,4.28024313544221e-10)
(-8.04112169115654e-12,-3.51092218956291e-10,3.51543230508267e-10)
(-9.3273836675036e-12,-8.06253400777783e-10,2.19936041505998e-10)
(0,0,0)
(0,0,0)
(0,0,0)
(0,0,0)
(0,0,0)
(0,0,0)
(-5.0922093275357e-13,-4.35253741033721e-13,1.00209326176344e-09)
(1.24903825032199e-12,-1.63414033866912e-12,1.00235053956804e-09)
(3.10836367713445e-12,-3.88255468614339e-12,1.00189990222042e-09)
(3.970018687186e-12,-7.19229439537912e-12,9.99685622313566e-10)
(4.30848655545374e-12,-1.38824790390395e-11,9.94414448371116e-10)
(1.76001927923947e-12,-2.71568750719667e-11,9.83069970582442e-10)
(-1.81106883003482e-12,-5.19742500130153e-11,9.57459772406248e-10)
(-5.14571791603734e-12,-1.00991558480151e-10,9.05953045646162e-10)
(-7.0654092687298e-12,-2.19453422151567e-10,8.04917679227378e-10)
(-8.38468073232602e-12,-5.86419312986123e-10,5.85738435840968e-10)
(0,0,0)
(0,0,0)
(0,0,0)
(0,0,0)
(0,0,0)
(0,0,0)
(0,0,0)
(0,0,0)
(0,0,0)
(0,0,0)
(0,0,0)
(0,0,0)
(0,0,0)
(0,0,0)
(0,0,0)
(0,0,0)
(0,0,0)
(0,0,0)
(0,0,0)
(0,0,0)
(0,0,0)
(0,0,0)
(0,0,0)
(0,0,0)
(0,0,0)
(0,0,0)
(0,0,0)
(0,0,0)
(0,0,0)
(0,0,0)
(0,0,0)
(0,0,0)
(0,0,0)
(0,0,0)
(0,0,0)
(0,0,0)
(0,0,0)
(0,0,0)
(0,0,0)
(0,0,0)
(0,0,0)
(0,0,0)
(0,0,0)
(0,0,0)
(0,0,0)
(0,0,0)
(0,0,0)
(0,0,0)
(0,0,0)
(0,0,0)
(0,0,0)
(0,0,0)
(0,0,0)
(0,0,0)
(0,0,0)
(0,0,0)
(0,0,0)
(0,0,0)
(0,0,0)
(0,0,0)
(0,0,0)
(0,0,0)
(0,0,0)
(0,0,0)
(0,0,0)
(0,0,0)
(0,0,0)
(0,0,0)
(0,0,0)
(0,0,0)
(0,0,0)
(0,0,0)
(0,0,0)
(0,0,0)
(0,0,0)
(0,0,0)
(0,0,0)
(0,0,0)
(0,0,0)
(0,0,0)
(0,0,0)
(0,0,0)
(0,0,0)
(0,0,0)
(0,0,0)
(0,0,0)
(0,0,0)
(0,0,0)
(0,0,0)
(0,0,0)
(0,0,0)
(0,0,0)
(0,0,0)
(0,0,0)
(0,0,0)
(0,0,0)
(0,0,0)
(0,0,0)
(0,0,0)
(0,0,0)
(0,0,0)
(0,0,0)
(4.39312644624695e-13,-1.21630576627056e-11,1.16999544040345e-11)
(2.04205884166595e-13,-2.53360415672973e-11,1.15552317649253e-11)
(6.62634442413061e-13,-4.28028901866944e-11,1.02689583058012e-11)
(2.57021312049863e-13,-6.72377604190957e-11,8.03510750781566e-12)
(-2.32348300607772e-13,-1.01578960413809e-10,5.40324256703792e-12)
(6.99236379142082e-13,-1.53133037906799e-10,2.62348815195288e-12)
(1.12514385669601e-12,-2.27524965450683e-10,2.51030269442313e-13)
(2.1253871595836e-13,-3.34730290178284e-10,-5.31721376750841e-13)
(-1.04906194918857e-12,-4.84277143656284e-10,-4.3978598148584e-13)
(-1.8944683410812e-12,-6.64175026756342e-10,-2.84910799507922e-13)
(0,0,0)
(0,0,0)
(0,0,0)
(0,0,0)
(0,0,0)
(0,0,0)
(1.0089736382944e-13,-1.18581870711511e-11,2.69437370464294e-11)
(-7.88736241897503e-13,-2.40248823494736e-11,2.54322616374097e-11)
(-1.14524255680199e-12,-4.06812949870524e-11,2.27938356975867e-11)
(-1.83083714569296e-12,-6.44720842368518e-11,1.86319779703486e-11)
(-2.40348772781858e-12,-9.86078597800853e-11,1.29813388618027e-11)
(-4.0659874555133e-13,-1.50410584367899e-10,5.76665809638498e-12)
(7.30962337623467e-13,-2.26550636418272e-10,-8.94679689584285e-13)
(1.96239377121215e-13,-3.3478283058153e-10,-2.71162664812687e-12)
(-2.15102080556432e-12,-4.84205386024778e-10,-2.13103085681364e-12)
(-3.72183786120343e-12,-6.64252439415701e-10,-9.75860404232119e-13)
(0,0,0)
(0,0,0)
(0,0,0)
(0,0,0)
(0,0,0)
(0,0,0)
(-1.263220340083e-13,-1.02651611933451e-11,4.6578756343982e-11)
(-8.10579352180899e-13,-2.12053974742311e-11,4.42087515326145e-11)
(-1.92063392140597e-12,-3.67026687346841e-11,4.08690025196381e-11)
(-3.25601324407114e-12,-5.91306001985106e-11,3.5605169327164e-11)
(-4.27815138564484e-12,-9.17181599818036e-11,2.70200973920344e-11)
(-2.58255035188931e-12,-1.43876109270445e-10,1.41503243549243e-11)
(-1.54012504049304e-12,-2.2488373953534e-10,-6.39665844406185e-13)
(-3.27120731859852e-13,-3.35830219527421e-10,-3.03023788620225e-12)
(-1.96209151471936e-12,-4.85101270470362e-10,-1.12759398716405e-12)
(-3.4410756615883e-12,-6.64653945632961e-10,1.2471161887346e-13)
(0,0,0)
(0,0,0)
(0,0,0)
(0,0,0)
(0,0,0)
(0,0,0)
(-6.10153172486376e-13,-8.23438555271003e-12,7.23502010231365e-11)
(-1.62628360774308e-12,-1.80230452405859e-11,7.03055882665191e-11)
(-3.35933886298328e-12,-3.17570022674062e-11,6.67796535988519e-11)
(-5.07392499989344e-12,-5.10947815658616e-11,6.02690139662168e-11)
(-6.5096009273538e-12,-7.9778281043024e-11,4.91258715099756e-11)
(-6.44195368821242e-12,-1.29643566603222e-10,3.19421632209759e-11)
(-6.76840089584771e-12,-2.20675686860733e-10,8.37111475095375e-12)
(-1.7229018544583e-12,-3.38964991856789e-10,7.59109263821865e-12)
(-1.5063122104517e-12,-4.86555177316066e-10,8.87936345262233e-12)
(-2.40764191333692e-12,-6.63726449435766e-10,5.8422615454442e-12)
(0,0,0)
(0,0,0)
(0,0,0)
(0,0,0)
(0,0,0)
(0,0,0)
(8.54665544306525e-14,-6.54903198355493e-12,1.06257757309169e-10)
(-1.21753609262761e-12,-1.48384637844151e-11,1.04427313929616e-10)
(-3.28783627398243e-12,-2.60031281845497e-11,1.01042055730703e-10)
(-5.55715934135699e-12,-4.07385729083796e-11,9.4782277076619e-11)
(-8.47780584174386e-12,-6.25070648197593e-11,8.50716868471631e-11)
(-1.02867738093106e-11,-1.02064106781937e-10,7.32397788583294e-11)
(7.59352944172133e-13,-1.94812428312311e-10,7.51521987599852e-11)
(-3.73955961195307e-14,-3.41939086159744e-10,4.91588605389236e-11)
(-1.55639806065436e-12,-4.85028322024158e-10,3.40370816323727e-11)
(-2.92480028756359e-12,-6.58077157909801e-10,1.79135039064473e-11)
(0,0,0)
(0,0,0)
(0,0,0)
(0,0,0)
(0,0,0)
(0,0,0)
(6.70158401767752e-13,-5.27202375635503e-12,1.53594405825003e-10)
(-4.3671277543691e-13,-1.16858052865385e-11,1.52059161903153e-10)
(-2.13894383316387e-12,-1.99233442459642e-11,1.49320994617572e-10)
(-4.4756475755319e-12,-3.02670350375889e-11,1.4440139341199e-10)
(-8.33483381890602e-12,-4.58316472577474e-11,1.3736573747799e-10)
(-1.04005774756737e-11,-8.14489790001246e-11,1.27629617956551e-10)
(-4.76952122806566e-12,-1.96573680073176e-10,1.22742057115144e-10)
(-3.1804784003124e-12,-3.3554832340151e-10,9.97100953833118e-11)
(-3.90155525099855e-12,-4.71821747018323e-10,7.02761675484089e-11)
(-5.37044919402335e-12,-6.40820634005981e-10,3.65217769131185e-11)
(0,0,0)
(0,0,0)
(0,0,0)
(0,0,0)
(0,0,0)
(0,0,0)
(-5.56768135149036e-14,-4.10068655329142e-12,2.22047172539309e-10)
(-7.7321344854684e-13,-8.72637022734744e-12,2.20862184783961e-10)
(-9.01991976886703e-13,-1.43884614419195e-11,2.18853290219512e-10)
(-1.4830207319375e-12,-2.06293395099755e-11,2.15991349896908e-10)
(-1.80957913841016e-12,-2.90214911040064e-11,2.14747221400174e-10)
(5.33338228355722e-12,-5.06491894257215e-11,2.14950768455032e-10)
(-5.0882542713949e-12,-1.76977672130471e-10,1.82191022025203e-10)
(-5.42025012521172e-12,-3.12738731109889e-10,1.77823346689521e-10)
(-6.14244268590716e-12,-4.40590343119951e-10,1.24303201702373e-10)
(-7.66919287812963e-12,-6.049887232685e-10,6.39570947242779e-11)
(0,0,0)
(0,0,0)
(0,0,0)
(0,0,0)
(0,0,0)
(0,0,0)
(-1.13742754524074e-12,-2.66122905461173e-12,3.2284371130834e-10)
(-7.67943423505374e-13,-5.73098584956702e-12,3.21732962266852e-10)
(3.07660482804399e-13,-1.00211947487427e-11,3.2028472620824e-10)
(7.63218891920228e-13,-1.62981801745336e-11,3.1848048121674e-10)
(-2.70156332821075e-13,-2.86952018017707e-11,3.17718966827331e-10)
(3.91337071731633e-13,-6.30696450262108e-11,3.17542405044648e-10)
(-4.42745359342772e-12,-1.62212687673101e-10,3.07092842792904e-10)
(-6.84818999874361e-12,-2.58771462206624e-10,2.62221676081009e-10)
(-8.31986213342647e-12,-3.80495338127389e-10,1.91593558853972e-10)
(-9.36104438444945e-12,-5.41022456874048e-10,1.03485967956238e-10)
(0,0,0)
(0,0,0)
(0,0,0)
(0,0,0)
(0,0,0)
(0,0,0)
(-1.33109374353937e-12,-1.27800075772481e-12,4.66720948567702e-10)
(-5.07907840807686e-13,-3.202250559344e-12,4.65780244419898e-10)
(4.88213516642316e-13,-6.5252499785477e-12,4.64956132544466e-10)
(1.28831967675766e-12,-1.24295146092144e-11,4.63231686564481e-10)
(7.02757657504107e-13,-2.49224977679891e-11,4.59836765292209e-10)
(-6.63591838526838e-13,-5.43195564116249e-11,4.52540568450855e-10)
(-3.78231693349085e-12,-1.13665448004566e-10,4.31013561818823e-10)
(-6.3006419559059e-12,-1.86783118186939e-10,3.78407989057266e-10)
(-8.0727294923093e-12,-2.92185160867708e-10,2.93113147906551e-10)
(-9.22542995356332e-12,-4.37871964037369e-10,1.68695985711813e-10)
(0,0,0)
(0,0,0)
(0,0,0)
(0,0,0)
(0,0,0)
(0,0,0)
(-1.20175247957344e-12,-3.92948429578585e-13,6.44128939024055e-10)
(6.55352594239001e-14,-1.49499348486024e-12,6.43417618312372e-10)
(1.44008889791853e-12,-3.5395976767107e-12,6.42855790406302e-10)
(2.04889823450641e-12,-7.11059830480762e-12,6.40996132564632e-10)
(1.77048530523039e-12,-1.44981779523633e-11,6.35589068777996e-10)
(2.13342382573388e-13,-3.03935021121088e-11,6.23351729455127e-10)
(-2.27859208229229e-12,-5.89466572886026e-11,5.94542083857652e-10)
(-5.10190997883065e-12,-1.00428629081931e-10,5.36571404268298e-10)
(-7.33958803361396e-12,-1.67330814328952e-10,4.36728823115354e-10)
(-9.06555787654466e-12,-2.69514869036792e-10,2.69827455023846e-10)
(0,0,0)
(0,0,0)
(0,0,0)
(0,0,0)
(0,0,0)
(0,0,0)
(0,0,0)
(0,0,0)
(0,0,0)
(0,0,0)
(0,0,0)
(0,0,0)
(0,0,0)
(0,0,0)
(0,0,0)
(0,0,0)
(0,0,0)
(0,0,0)
(0,0,0)
(0,0,0)
(0,0,0)
(0,0,0)
(0,0,0)
(0,0,0)
(0,0,0)
(0,0,0)
(0,0,0)
(0,0,0)
(0,0,0)
(0,0,0)
(0,0,0)
(0,0,0)
(0,0,0)
(0,0,0)
(0,0,0)
(0,0,0)
(0,0,0)
(0,0,0)
(0,0,0)
(0,0,0)
(0,0,0)
(0,0,0)
(0,0,0)
(0,0,0)
(0,0,0)
(0,0,0)
(0,0,0)
(0,0,0)
(0,0,0)
(0,0,0)
(0,0,0)
(0,0,0)
(0,0,0)
(0,0,0)
(0,0,0)
(0,0,0)
(0,0,0)
(0,0,0)
(0,0,0)
(0,0,0)
(0,0,0)
(0,0,0)
(0,0,0)
(0,0,0)
(0,0,0)
(0,0,0)
(0,0,0)
(0,0,0)
(0,0,0)
(0,0,0)
(0,0,0)
(0,0,0)
(0,0,0)
(0,0,0)
(0,0,0)
(0,0,0)
(0,0,0)
(0,0,0)
(0,0,0)
(0,0,0)
(0,0,0)
(0,0,0)
(0,0,0)
(0,0,0)
(0,0,0)
(0,0,0)
(0,0,0)
(0,0,0)
(0,0,0)
(0,0,0)
(0,0,0)
(0,0,0)
(0,0,0)
(0,0,0)
(0,0,0)
(0,0,0)
(0,0,0)
(0,0,0)
(0,0,0)
(0,0,0)
(0,0,0)
(0,0,0)
(2.79164692198236e-13,-1.37668060718139e-11,1.53450220909031e-11)
(1.79320125449198e-13,-3.0196249786545e-11,1.49914050997233e-11)
(7.74890040766876e-13,-5.03308076052496e-11,1.30300378481422e-11)
(1.23210070566171e-13,-7.63159925076579e-11,9.94229036953635e-12)
(-4.23694519203955e-13,-1.1238281754102e-10,6.1259169472779e-12)
(3.49240722746328e-13,-1.6367342026718e-10,1.68414463278115e-12)
(9.3356647043895e-13,-2.32660959732809e-10,-2.50400375967511e-12)
(1.73143723954407e-13,-3.17313959125781e-10,-3.57717243454962e-12)
(-1.27569476266398e-12,-4.10412105132727e-10,-2.47775458086183e-12)
(-2.10196648132378e-12,-4.88727023119087e-10,-1.16147886203042e-12)
(0,0,0)
(0,0,0)
(0,0,0)
(0,0,0)
(0,0,0)
(0,0,0)
(1.93468950476597e-14,-1.30043771544328e-11,3.37557128816098e-11)
(-9.69795177282214e-13,-2.78798750364051e-11,3.20192526104372e-11)
(-9.62011081951785e-13,-4.7072473488789e-11,2.85134970841111e-11)
(-1.52168207545878e-12,-7.24009155201658e-11,2.27828182040239e-11)
(-2.0785067606755e-12,-1.08065446466677e-10,1.41803636632797e-11)
(-2.79736057024692e-13,-1.59879988295271e-10,2.31537763635471e-12)
(8.81012413191987e-13,-2.32479771447558e-10,-1.04613629425655e-11)
(6.63032531843898e-13,-3.18832189674182e-10,-1.1224387356035e-11)
(-2.41030681248103e-12,-4.11406823689685e-10,-6.86752100527554e-12)
(-4.29619204826879e-12,-4.89467966872644e-10,-2.80069966049434e-12)
(0,0,0)
(0,0,0)
(0,0,0)
(0,0,0)
(0,0,0)
(0,0,0)
(2.12907136716833e-13,-1.1327742694515e-11,5.71403407569186e-11)
(-6.53182572858082e-13,-2.44976826272567e-11,5.4680060000012e-11)
(-1.60246719622183e-12,-4.20357829223942e-11,5.01687890164985e-11)
(-2.706759941558e-12,-6.52407288837852e-11,4.20242768253426e-11)
(-3.34825728730895e-12,-9.81514320716638e-11,2.77932137734444e-11)
(-2.02510281988059e-12,-1.49779612581525e-10,4.38095598823233e-12)
(-3.35760567324666e-12,-2.35507557568255e-10,-3.13006447918354e-11)
(9.05007698362335e-13,-3.25477770805781e-10,-2.49831156707401e-11)
(-1.76049027520499e-12,-4.15917078721189e-10,-1.16543736193807e-11)
(-4.24386023935269e-12,-4.92050138952611e-10,-3.72248410920827e-12)
(0,0,0)
(0,0,0)
(0,0,0)
(0,0,0)
(0,0,0)
(0,0,0)
(-2.5089398497272e-13,-9.21685870875973e-12,8.60502808061095e-11)
(-1.2849303962399e-12,-2.05439847510408e-11,8.37317017664844e-11)
(-2.60257331320706e-12,-3.51305070964452e-11,7.87066005006878e-11)
(-4.28699120114915e-12,-5.33338033592689e-11,6.8995505298007e-11)
(-6.59710886162536e-12,-7.87245165433592e-11,5.0736779963178e-11)
(-1.04503650394936e-11,-1.22393287476078e-10,1.36879820260695e-11)
(-3.18516373314343e-11,-2.54821828541398e-10,-8.91598021023403e-11)
(-3.70783660981908e-14,-3.46291058682744e-10,-3.78108175904999e-11)
(3.93440500574455e-15,-4.25442299778107e-10,-8.10127462026656e-12)
(-2.21467189422223e-12,-4.95041741057338e-10,5.08057311439942e-13)
(0,0,0)
(0,0,0)
(0,0,0)
(0,0,0)
(0,0,0)
(0,0,0)
(6.38901706784101e-13,-7.26955461669992e-12,1.22001363772725e-10)
(-9.84936391594752e-13,-1.63934621012131e-11,1.20433526787194e-10)
(-3.10784155849041e-12,-2.71252017656884e-11,1.15743729150134e-10)
(-6.31810698266685e-12,-3.79377634488841e-11,1.06059700105708e-10)
(-1.33213154149118e-11,-4.82272780837523e-11,8.9168827169967e-11)
(-3.28143214927376e-11,-4.55949346670244e-11,5.79520399207778e-11)
(2.85139429259928e-11,-4.60826314394322e-10,-1.81819587645164e-18)
(8.69362055214114e-12,-3.99356885902977e-10,3.06544829876514e-11)
(1.36060465945684e-12,-4.3785812881491e-10,2.58302914672328e-11)
(-2.26782028449319e-12,-4.9409449027238e-10,1.55759141138133e-11)
(0,0,0)
(0,0,0)
(0,0,0)
(0,0,0)
(0,0,0)
(0,0,0)
(1.03406512056723e-12,-5.36807653198975e-12,1.68665251074643e-10)
(-6.57980549064494e-13,-1.18025581825723e-11,1.67861049133467e-10)
(-2.75422543160505e-12,-1.82812790485781e-11,1.6418746885397e-10)
(-7.07768716919347e-12,-2.26129076169785e-11,1.56440937983486e-10)
(-1.54088704511853e-11,-2.06513770486233e-11,1.43960531508975e-10)
(-3.63128062086486e-11,-4.64400965549002e-12,1.16532795360504e-10)
(-1.3335674390406e-12,-4.62966851252329e-10,-2.22162737224363e-17)
(3.44385714306358e-12,-4.03512704531525e-10,9.73279837004309e-11)
(-1.37856851402013e-12,-4.2938663947713e-10,7.02401837368782e-11)
(-4.680583018827e-12,-4.78270099505402e-10,3.69331986835262e-11)
(0,0,0)
(0,0,0)
(0,0,0)
(0,0,0)
(0,0,0)
(0,0,0)
(-3.1014655677633e-13,-3.68978801362649e-12,2.28327576084031e-10)
(-1.75970326193076e-12,-7.59401852288124e-12,2.27481942326074e-10)
(-2.40731834742888e-12,-1.0255577159917e-11,2.25087531188593e-10)
(-4.57005157062813e-12,-8.48885374661219e-12,2.22572668349823e-10)
(-2.33941549565307e-12,1.30928633495588e-11,2.27567972430515e-10)
(5.05135843139457e-11,1.2334146823151e-10,2.77624397255312e-10)
(-1.54855633927768e-11,-5.61628424126399e-10,6.06541941740339e-10)
(-5.86737404154731e-12,-3.97271520022066e-10,2.60616409633881e-10)
(-5.89134070045711e-12,-3.99209304159677e-10,1.41225928127068e-10)
(-7.67836454782515e-12,-4.41707331914069e-10,6.63571559355065e-11)
(0,0,0)
(0,0,0)
(0,0,0)
(0,0,0)
(0,0,0)
(0,0,0)
(-1.40990680060969e-12,-2.29333712951758e-12,3.04288218269995e-10)
(-1.84844265511232e-12,-4.64642608384739e-12,3.03334950161159e-10)
(-1.38403929588886e-12,-5.98808475602733e-12,3.02001484226736e-10)
(-2.34393228421418e-12,-6.21984853197281e-12,3.02098238127921e-10)
(-3.8662985837278e-12,-2.98075607105034e-12,3.0813164044128e-10)
(2.09081070880668e-12,-1.29213970423549e-11,3.31777049389698e-10)
(-8.10352654996371e-12,-2.31188458488668e-10,3.84627396266332e-10)
(-8.20841679156681e-12,-2.79796265496924e-10,2.8474437781982e-10)
(-8.52244849500457e-12,-3.24049466192798e-10,1.86451300122613e-10)
(-9.02556926528954e-12,-3.75071553405407e-10,9.41633415007281e-11)
(0,0,0)
(0,0,0)
(0,0,0)
(0,0,0)
(0,0,0)
(0,0,0)
(-1.27544192417219e-12,-1.18844953542717e-12,3.91565811367179e-10)
(-1.39105303980664e-12,-2.7503719437074e-12,3.90706358574096e-10)
(-7.72992805061858e-13,-4.34099218076131e-12,3.89993842703662e-10)
(-6.3567535544265e-13,-7.36264282279038e-12,3.89590125727109e-10)
(-2.42536531686114e-12,-1.42781689708021e-11,3.89778478300353e-10)
(-3.06263950598578e-12,-4.04688266170437e-11,3.91105908304868e-10)
(-5.8955348879977e-12,-1.24869686541541e-10,3.84211245858382e-10)
(-7.36028991007208e-12,-1.80008666918624e-10,3.21314741029368e-10)
(-8.50991383644094e-12,-2.31326859306778e-10,2.32725252798433e-10)
(-8.88653924225737e-12,-2.80712529079048e-10,1.25014755384015e-10)
(0,0,0)
(0,0,0)
(0,0,0)
(0,0,0)
(0,0,0)
(0,0,0)
(-8.83380197469461e-13,-2.52859142467758e-13,4.65908986494082e-10)
(-8.67630319366292e-13,-1.35380260001435e-12,4.65603324255733e-10)
(-2.39850937115666e-13,-2.65809440064703e-12,4.64858225308385e-10)
(3.45363716316226e-13,-5.11897153072596e-12,4.63458436271328e-10)
(-4.90353324237885e-13,-1.09821878712079e-11,4.59662900227687e-10)
(-1.37051413203273e-12,-2.67857250742363e-11,4.50780997747967e-10)
(-3.25456978167563e-12,-5.94081180625521e-11,4.26795178193886e-10)
(-5.68795790766126e-12,-9.04185866582663e-11,3.69200383222607e-10)
(-7.76903427122669e-12,-1.23339477987432e-10,2.79917770058802e-10)
(-8.75297188930834e-12,-1.55910025602433e-10,1.5691417822446e-10)
(0,0,0)
(0,0,0)
(0,0,0)
(0,0,0)
(0,0,0)
(0,0,0)
(0,0,0)
(0,0,0)
(0,0,0)
(0,0,0)
(0,0,0)
(0,0,0)
(0,0,0)
(0,0,0)
(0,0,0)
(0,0,0)
(0,0,0)
(0,0,0)
(0,0,0)
(0,0,0)
(0,0,0)
(0,0,0)
(0,0,0)
(0,0,0)
(0,0,0)
(0,0,0)
(0,0,0)
(0,0,0)
(0,0,0)
(0,0,0)
(0,0,0)
(0,0,0)
(0,0,0)
(0,0,0)
(0,0,0)
(0,0,0)
(0,0,0)
(0,0,0)
(0,0,0)
(0,0,0)
(0,0,0)
(0,0,0)
(0,0,0)
(0,0,0)
(0,0,0)
(0,0,0)
(0,0,0)
(0,0,0)
(0,0,0)
(0,0,0)
(0,0,0)
(0,0,0)
(0,0,0)
(0,0,0)
(0,0,0)
(0,0,0)
(0,0,0)
(0,0,0)
(0,0,0)
(0,0,0)
(0,0,0)
(0,0,0)
(0,0,0)
(0,0,0)
(0,0,0)
(0,0,0)
(0,0,0)
(0,0,0)
(0,0,0)
(0,0,0)
(0,0,0)
(0,0,0)
(0,0,0)
(0,0,0)
(0,0,0)
(0,0,0)
(0,0,0)
(0,0,0)
(0,0,0)
(0,0,0)
(0,0,0)
(0,0,0)
(0,0,0)
(0,0,0)
(0,0,0)
(0,0,0)
(0,0,0)
(0,0,0)
(0,0,0)
(0,0,0)
(0,0,0)
(0,0,0)
(0,0,0)
(0,0,0)
(0,0,0)
(0,0,0)
(0,0,0)
(0,0,0)
(0,0,0)
(0,0,0)
(0,0,0)
(0,0,0)
(-1.29647233976043e-13,-1.47737974618474e-11,1.78322374578488e-11)
(-1.75687373100945e-13,-3.26122896682232e-11,1.73671497803266e-11)
(6.04303402925724e-13,-5.48485237936753e-11,1.52848775785367e-11)
(2.45065053344981e-14,-8.04626575541826e-11,1.17072841529238e-11)
(-2.99293279062327e-13,-1.14471993161624e-10,7.13740080088571e-12)
(7.43957143312846e-13,-1.6174476752986e-10,1.09982172675587e-12)
(1.82554686005886e-12,-2.21395191661983e-10,-4.99153379846955e-12)
(5.91956418660235e-13,-2.85868308134278e-10,-5.89509627464726e-12)
(-1.59725192450517e-12,-3.45430269468581e-10,-3.92998793687413e-12)
(-2.52250158946779e-12,-3.85557919958518e-10,-1.930649634211e-12)
(0,0,0)
(0,0,0)
(0,0,0)
(0,0,0)
(0,0,0)
(0,0,0)
(7.9172706342444e-14,-1.39405245941811e-11,3.84763676145505e-11)
(-8.46232060140094e-13,-3.03718729232572e-11,3.6817710542467e-11)
(-2.68022768222952e-13,-5.10688350214465e-11,3.26489466232041e-11)
(-7.94141711251677e-14,-7.58669443555804e-11,2.59060974551057e-11)
(-1.27535128729472e-13,-1.09044497689208e-10,1.5829403028001e-11)
(2.39662880817424e-12,-1.56245437145627e-10,2.05687147225512e-13)
(4.67182294737533e-12,-2.20852357745838e-10,-2.02077772788509e-11)
(2.95174731259082e-12,-2.87877508406258e-10,-2.02521131168727e-11)
(-1.96687312570597e-12,-3.47149452025914e-10,-1.13660435407714e-11)
(-4.51471962884899e-12,-3.86756650926784e-10,-4.72734507952343e-12)
(0,0,0)
(0,0,0)
(0,0,0)
(0,0,0)
(0,0,0)
(0,0,0)
(5.62303907839223e-13,-1.23269091774369e-11,6.42622257223437e-11)
(-9.56094655285254e-14,-2.67713441127435e-11,6.18824650150244e-11)
(-3.63230831008755e-13,-4.48380780471961e-11,5.63553429224215e-11)
(-3.82622414218958e-13,-6.67303278909029e-11,4.66685563957165e-11)
(6.37084969562162e-13,-9.53882270809913e-11,3.004919718889e-11)
(6.27017285481724e-12,-1.37970113868269e-10,-1.0239797630218e-13)
(9.63913617884062e-12,-2.23833452981564e-10,-6.83985468917332e-11)
(8.38955352394077e-12,-2.97342223611004e-10,-5.53667034619107e-11)
(-1.67158728483262e-13,-3.53811072965313e-10,-2.36613306271442e-11)
(-4.97474224373626e-12,-3.90746020969532e-10,-7.77717768154412e-12)
(0,0,0)
(0,0,0)
(0,0,0)
(0,0,0)
(0,0,0)
(0,0,0)
(1.20380962567395e-13,-1.00332021405513e-11,9.49857677872776e-11)
(-4.10351780238269e-13,-2.18916869305311e-11,9.24711830939235e-11)
(-8.96783441281944e-13,-3.62028760688582e-11,8.63987498386241e-11)
(-1.42430577669294e-12,-5.2140850021674e-11,7.51430183781199e-11)
(-4.55493841624207e-14,-6.8331854296818e-11,5.56620725704564e-11)
(1.55990662798031e-11,-7.36483547146223e-11,2.6065235582171e-11)
(1.2280386400966e-10,-2.52939580660135e-10,6.65425173066293e-18)
(2.3319205883971e-11,-3.3209767221702e-10,-1.415455984612e-10)
(3.81043151004022e-12,-3.69976850793264e-10,-3.40795327828364e-11)
(-2.65386536784016e-12,-3.97436039742415e-10,-6.51150432996656e-12)
(0,0,0)
(0,0,0)
(0,0,0)
(0,0,0)
(0,0,0)
(0,0,0)
(3.05260607599289e-13,-7.83174474298993e-12,1.30212514243868e-10)
(-8.8604267318043e-13,-1.67676918362481e-11,1.28211976959849e-10)
(-2.26773523115734e-12,-2.67743649528497e-11,1.22277093920309e-10)
(-4.75208987886419e-12,-3.58020088241245e-11,1.10415734255435e-10)
(-9.68042920083439e-12,-4.1893855888648e-11,8.94315109773616e-11)
(-1.58132047652315e-11,-4.06000938290152e-11,5.34913657620031e-11)
(-5.02185047517485e-18,2.76928859558411e-17,-1.08791296885427e-18)
(1.76736307010694e-11,-4.39408019344327e-10,2.20670527853113e-18)
(3.1434926751058e-12,-3.96130246136784e-10,9.9956185979454e-12)
(-2.51629693759255e-12,-4.01472892104796e-10,9.92967872632755e-12)
(0,0,0)
(0,0,0)
(0,0,0)
(0,0,0)
(0,0,0)
(0,0,0)
(1.59978543373111e-13,-5.70511450022898e-12,1.72147683648925e-10)
(-1.19293992925577e-12,-1.15033225495583e-11,1.70921063071762e-10)
(-3.03339644978859e-12,-1.67153501552505e-11,1.66101571053116e-10)
(-8.72133456503535e-12,-1.86364905589203e-11,1.55523389942118e-10)
(-2.17253747009366e-11,-1.30169858249825e-11,1.35405053759848e-10)
(-4.77654665187809e-11,7.70834150192248e-13,9.30860003710726e-11)
(-4.81676888251599e-19,2.09606561967823e-17,-2.0112971636397e-18)
(2.42904725970557e-11,-4.31610121969345e-10,-1.01728659742665e-17)
(1.75108122195795e-12,-3.90208914574994e-10,4.90032176977559e-11)
(-4.31015192681863e-12,-3.88212982750261e-10,3.09575986033488e-11)
(0,0,0)
(0,0,0)
(0,0,0)
(0,0,0)
(0,0,0)
(0,0,0)
(-8.60963682918031e-13,-3.81092907301841e-12,2.20313840329506e-10)
(-2.3128845634845e-12,-6.96281548001981e-12,2.192898627268e-10)
(-4.15994791253523e-12,-7.87999013970696e-12,2.16217065259564e-10)
(-1.18343608659724e-11,-3.02788568124337e-12,2.10183624233391e-10)
(-3.63222208998994e-11,1.84073498142807e-11,1.99683979235984e-10)
(-1.42141094897297e-10,6.60409135424265e-11,1.69697673865584e-10)
(3.07598470658748e-18,2.86735157061503e-17,-3.51389444279013e-17)
(-3.95214705984321e-12,-4.60084638474585e-10,2.90577479635373e-10)
(-6.18240647572535e-12,-3.65611148476287e-10,1.40304141195855e-10)
(-7.95698712099311e-12,-3.54537986864437e-10,6.26886875777188e-11)
(0,0,0)
(0,0,0)
(0,0,0)
(0,0,0)
(0,0,0)
(0,0,0)
(-1.56152628591578e-12,-2.26003950864748e-12,2.74021442834692e-10)
(-2.41103086077807e-12,-4.09595403142165e-12,2.73203218420646e-10)
(-3.12788577234244e-12,-3.09520901392058e-12,2.71717731211524e-10)
(-7.23454030672473e-12,3.81809085701262e-12,2.71006777912412e-10)
(-1.62142946324374e-11,3.2890100585575e-11,2.76583616594264e-10)
(-2.32121065930731e-11,1.39419580851852e-10,3.09717253852563e-10)
(-1.45392800504924e-11,-2.90577484049726e-10,4.73295279897468e-10)
(-9.70293767277467e-12,-2.88229221701074e-10,2.93793519377266e-10)
(-8.95709675920896e-12,-2.81943803360951e-10,1.7473655815134e-10)
(-9.22125209087591e-12,-2.89826524243206e-10,8.37303983057561e-11)
(0,0,0)
(0,0,0)
(0,0,0)
(0,0,0)
(0,0,0)
(0,0,0)
(-1.35157952398463e-12,-1.00440734792183e-12,3.26945871578568e-10)
(-2.07510651317003e-12,-2.31835662291086e-12,3.26587663044304e-10)
(-2.05217360852318e-12,-2.41998046968186e-12,3.25734652860573e-10)
(-3.06769922081774e-12,-1.49750606531664e-12,3.25420868092402e-10)
(-7.04877642093723e-12,1.53644957568331e-12,3.27704880166308e-10)
(-9.85107860229971e-12,-7.11805774947032e-12,3.36902622678351e-10)
(-8.46059853799502e-12,-1.25556851467746e-10,3.52214265400371e-10)
(-8.36088193943693e-12,-1.67781801110357e-10,2.8011291614104e-10)
(-8.78679774137376e-12,-1.89607076677163e-10,1.91679451378547e-10)
(-8.6742873348206e-12,-2.05433112723794e-10,9.79857507594545e-11)
(0,0,0)
(0,0,0)
(0,0,0)
(0,0,0)
(0,0,0)
(0,0,0)
(-8.3057710158785e-13,-2.4134651802017e-13,3.6281618537098e-10)
(-1.47633397203247e-12,-1.2066489620628e-12,3.63251455549956e-10)
(-1.4981563007068e-12,-1.8748418783148e-12,3.62478219560003e-10)
(-9.78071770768193e-13,-2.83035284970265e-12,3.61261002198046e-10)
(-2.59063871572692e-12,-5.83686849597331e-12,3.59318469512703e-10)
(-4.17041965218947e-12,-1.84696863152437e-11,3.5477391289915e-10)
(-5.06789287294809e-12,-5.52642331369202e-11,3.38373811241775e-10)
(-6.82393140211924e-12,-7.96073547712799e-11,2.8416187507101e-10)
(-8.10492042431514e-12,-9.62912076552768e-11,2.05165897942934e-10)
(-7.74881926730075e-12,-1.07726125842647e-10,1.08516201290818e-10)
(0,0,0)
(0,0,0)
(0,0,0)
(0,0,0)
(0,0,0)
(0,0,0)
(0,0,0)
(0,0,0)
(0,0,0)
(0,0,0)
(0,0,0)
(0,0,0)
(0,0,0)
(0,0,0)
(0,0,0)
(0,0,0)
(0,0,0)
(0,0,0)
(0,0,0)
(0,0,0)
(0,0,0)
(0,0,0)
(0,0,0)
(0,0,0)
(0,0,0)
(0,0,0)
(0,0,0)
(0,0,0)
(0,0,0)
(0,0,0)
(0,0,0)
(0,0,0)
(0,0,0)
(0,0,0)
(0,0,0)
(0,0,0)
(0,0,0)
(0,0,0)
(0,0,0)
(0,0,0)
(0,0,0)
(0,0,0)
(0,0,0)
(0,0,0)
(0,0,0)
(0,0,0)
(0,0,0)
(0,0,0)
(0,0,0)
(0,0,0)
(0,0,0)
(0,0,0)
(0,0,0)
(0,0,0)
(0,0,0)
(0,0,0)
(0,0,0)
(0,0,0)
(0,0,0)
(0,0,0)
(0,0,0)
(0,0,0)
(0,0,0)
(0,0,0)
(0,0,0)
(0,0,0)
(0,0,0)
(0,0,0)
(0,0,0)
(0,0,0)
(0,0,0)
(0,0,0)
(0,0,0)
(0,0,0)
(0,0,0)
(0,0,0)
(0,0,0)
(0,0,0)
(0,0,0)
(0,0,0)
(0,0,0)
(0,0,0)
(0,0,0)
(0,0,0)
(0,0,0)
(0,0,0)
(0,0,0)
(0,0,0)
(0,0,0)
(0,0,0)
(0,0,0)
(0,0,0)
(0,0,0)
(0,0,0)
(0,0,0)
(0,0,0)
(0,0,0)
(0,0,0)
(0,0,0)
(0,0,0)
(0,0,0)
(0,0,0)
(-4.9783242411624e-13,-1.59186324146299e-11,2.03562185089477e-11)
(-3.33831916274206e-13,-3.48603364404949e-11,1.93380630893782e-11)
(4.02208056292763e-13,-5.77683960958046e-11,1.71037171093359e-11)
(-1.32334121685131e-15,-8.23986437461371e-11,1.3592755218592e-11)
(3.10790322650896e-13,-1.13353470233943e-10,8.76794600421444e-12)
(1.33598228428695e-12,-1.53719441445282e-10,2.24263645834841e-12)
(2.1862754201546e-12,-2.02897399191952e-10,-4.07456809314797e-12)
(6.3604835278447e-13,-2.52784575852033e-10,-5.39085128511514e-12)
(-1.87740766981272e-12,-2.93686969169786e-10,-3.87787870359825e-12)
(-3.25442025547669e-12,-3.17767140049769e-10,-1.90049947834828e-12)
(0,0,0)
(0,0,0)
(0,0,0)
(0,0,0)
(0,0,0)
(0,0,0)
(1.24214361694751e-13,-1.54428854209645e-11,4.28680487475513e-11)
(-2.77996951403115e-13,-3.33090671034742e-11,4.09152139591028e-11)
(2.44069425631043e-13,-5.44861202638567e-11,3.65536218517747e-11)
(8.60663791295145e-13,-7.79429000096014e-11,2.98120498202083e-11)
(1.83991014381971e-12,-1.07370124294335e-10,1.9942019692842e-11)
(4.53476995690024e-12,-1.47153228426914e-10,4.47325021165308e-12)
(7.69725402107243e-12,-2.0034960795673e-10,-1.57245062163506e-11)
(3.53039294129018e-12,-2.53692203858983e-10,-1.84280449327144e-11)
(-1.94395064763048e-12,-2.9540906980147e-10,-1.08791875751979e-11)
(-5.25269466565511e-12,-3.19428959664229e-10,-4.52776047619895e-12)
(0,0,0)
(0,0,0)
(0,0,0)
(0,0,0)
(0,0,0)
(0,0,0)
(6.48357578279564e-13,-1.38560611284625e-11,6.91188043319472e-11)
(5.51855444878221e-13,-2.98251587179129e-11,6.66352548268198e-11)
(6.8835371734953e-13,-4.8138179990101e-11,6.08458720500959e-11)
(1.64725892337469e-12,-6.84405481890322e-11,5.09671456279751e-11)
(3.73230735055736e-12,-9.27318229391386e-11,3.51172633257656e-11)
(1.02445626165802e-11,-1.26537153667886e-10,6.70458794198043e-12)
(2.57134204275945e-11,-1.94766819900995e-10,-5.47608844927511e-11)
(1.14396292951276e-11,-2.59452620044697e-10,-5.31158487730116e-11)
(1.1446615380878e-13,-3.01029658165037e-10,-2.34133558571838e-11)
(-6.06190115262741e-12,-3.23527823611748e-10,-7.64135112625814e-12)
(0,0,0)
(0,0,0)
(0,0,0)
(0,0,0)
(0,0,0)
(0,0,0)
(4.33508258399806e-13,-1.12908769943367e-11,1.00115930364246e-10)
(5.38086380769137e-13,-2.43691002747067e-11,9.72058151381465e-11)
(9.30436903247066e-13,-3.8756086848328e-11,9.06419234335774e-11)
(1.71779883341303e-12,-5.3737405441273e-11,7.90582633474418e-11)
(3.11328919599031e-12,-6.60042737639245e-11,6.02367966129699e-11)
(8.6160343220999e-12,-6.48316297700032e-11,3.25918857355642e-11)
(1.14098607720927e-11,-1.86980053763334e-10,3.96033212097074e-18)
(2.31634873329105e-11,-2.85408130567348e-10,-1.39557570175647e-10)
(2.39579840072207e-12,-3.14689913180022e-10,-3.49918224601702e-11)
(-5.1285173353718e-12,-3.29423138033481e-10,-6.90446976772737e-12)
(0,0,0)
(0,0,0)
(0,0,0)
(0,0,0)
(0,0,0)
(0,0,0)
(1.79167648835876e-13,-8.44133187915388e-12,1.33729838509996e-10)
(-2.15528920312354e-13,-1.82039844715154e-11,1.30819447433632e-10)
(-4.65390363887011e-13,-2.81907459538701e-11,1.23957367576494e-10)
(-9.33384865977744e-13,-3.75745352632303e-11,1.11564757623969e-10)
(-2.61715404919558e-12,-4.31322632717451e-11,8.9963606699236e-11)
(-3.69276589451465e-12,-4.24410672866014e-11,5.37409072255957e-11)
(-1.58423896350064e-18,1.38861677727502e-17,-1.00676158287583e-18)
(-1.19883065152772e-13,-3.90423972477054e-10,2.7396670553772e-18)
(-2.71189901505391e-12,-3.39525948355742e-10,7.95566246079426e-12)
(-5.84652756579397e-12,-3.33091120165916e-10,8.40835091002488e-12)
(0,0,0)
(0,0,0)
(0,0,0)
(0,0,0)
(0,0,0)
(0,0,0)
(-5.07586306670087e-13,-5.74552542983703e-12,1.6986199963571e-10)
(-9.13954980169686e-13,-1.22830178302933e-11,1.67447886654008e-10)
(-1.29057535429212e-12,-1.75614010701654e-11,1.61335258502026e-10)
(-4.21160326052035e-12,-2.01004741481286e-11,1.49859235182012e-10)
(-1.08306569514113e-11,-1.59441166393794e-11,1.27722036374024e-10)
(-1.99495435286392e-11,-5.52662014722446e-12,8.34822690170026e-11)
(-3.29675869923115e-20,8.22055977517135e-18,-1.69045031186659e-18)
(3.76176123167519e-12,-3.74515631513515e-10,-7.31107801953024e-18)
(-4.801065782348e-12,-3.3253425713567e-10,4.28481245835496e-11)
(-7.02754920929954e-12,-3.20950583023272e-10,2.72400713044505e-11)
(0,0,0)
(0,0,0)
(0,0,0)
(0,0,0)
(0,0,0)
(0,0,0)
(-1.38787564463105e-12,-3.67196791374003e-12,2.07982600865231e-10)
(-2.10694854479158e-12,-7.48269107427604e-12,2.05906793436466e-10)
(-2.91128801214209e-12,-8.62561732109597e-12,2.01657522425384e-10)
(-8.1806924068301e-12,-4.21005986946039e-12,1.93779557039673e-10)
(-2.08186663007881e-11,1.3717450437419e-11,1.77936974830875e-10)
(-4.58220532022403e-11,4.83620883148888e-11,1.37936374554066e-10)
(1.02490868684893e-18,1.3157065219049e-17,-1.75074388380735e-17)
(-2.55342253938615e-11,-3.8861365154167e-10,2.53916369559753e-10)
(-1.22342979728673e-11,-3.08458479540389e-10,1.242657950722e-10)
(-9.97976216444534e-12,-2.9029610716405e-10,5.55501076126291e-11)
(0,0,0)
(0,0,0)
(0,0,0)
(0,0,0)
(0,0,0)
(0,0,0)
(-1.99893403257718e-12,-1.86135869782213e-12,2.4565968547663e-10)
(-2.70314106018334e-12,-4.24008307316696e-12,2.44500319887713e-10)
(-3.09216101751328e-12,-3.28639506048985e-12,2.42472646082082e-10)
(-7.49578206620921e-12,4.93747998655187e-12,2.40213339543933e-10)
(-1.7994280880867e-11,3.67630500285181e-11,2.41977674499821e-10)
(-4.02524940365519e-11,1.45405253190636e-10,2.67835802532166e-10)
(-5.81521122901984e-14,-2.53916373285742e-10,4.15876108092937e-10)
(-1.10933970376074e-11,-2.48844173341071e-10,2.57956579637253e-10)
(-1.02876635973544e-11,-2.35762665468456e-10,1.52016770484292e-10)
(-9.88426530462088e-12,-2.33136813280324e-10,7.20930101086874e-11)
(0,0,0)
(0,0,0)
(0,0,0)
(0,0,0)
(0,0,0)
(0,0,0)
(-1.75643181959442e-12,-6.43141292225308e-13,2.78002905729489e-10)
(-2.33380399024992e-12,-2.23450812926065e-12,2.7823273909863e-10)
(-2.28352743181061e-12,-2.29771743049842e-12,2.77599457738304e-10)
(-4.01886451032922e-12,-7.12448900955066e-14,2.76539210049799e-10)
(-8.87320086132369e-12,6.05757536271029e-12,2.77260093266239e-10)
(-1.38110927585871e-11,2.64330678629675e-12,2.84895014856344e-10)
(-6.65186760946123e-12,-1.08608916509211e-10,3.00199529258274e-10)
(-8.10186351601213e-12,-1.43677477545425e-10,2.36173324700204e-10)
(-8.40896614419068e-12,-1.55376703661385e-10,1.58532096812406e-10)
(-8.3955234564262e-12,-1.6100091868042e-10,7.95266582657555e-11)
(0,0,0)
(0,0,0)
(0,0,0)
(0,0,0)
(0,0,0)
(0,0,0)
(-1.50719379858433e-12,-1.89854638017908e-13,2.97233978515049e-10)
(-1.90974694414224e-12,-1.03929521479142e-12,2.98050143852559e-10)
(-2.1557808170641e-12,-1.70779694936304e-12,2.97932356093587e-10)
(-1.8658919351279e-12,-2.06582878145384e-12,2.96549408363887e-10)
(-3.88295059814768e-12,-3.44107642923395e-12,2.94315229014267e-10)
(-6.24000431005972e-12,-1.35276837531729e-11,2.90443435515733e-10)
(-6.12018983910328e-12,-4.75192668944749e-11,2.76814739137906e-10)
(-7.43530904532244e-12,-6.73495656929564e-11,2.29122554023089e-10)
(-7.74643142747331e-12,-7.72224883026717e-11,1.61174327583665e-10)
(-6.95874381915365e-12,-8.19837242031131e-11,8.28110660548572e-11)
(0,0,0)
(0,0,0)
(0,0,0)
(0,0,0)
(0,0,0)
(0,0,0)
(0,0,0)
(0,0,0)
(0,0,0)
(0,0,0)
(0,0,0)
(0,0,0)
(0,0,0)
(0,0,0)
(0,0,0)
(0,0,0)
(0,0,0)
(0,0,0)
(0,0,0)
(0,0,0)
(0,0,0)
(0,0,0)
(0,0,0)
(0,0,0)
(0,0,0)
(0,0,0)
(0,0,0)
(0,0,0)
(0,0,0)
(0,0,0)
(0,0,0)
(0,0,0)
(0,0,0)
(0,0,0)
(0,0,0)
(0,0,0)
(0,0,0)
(0,0,0)
(0,0,0)
(0,0,0)
(0,0,0)
(0,0,0)
(0,0,0)
(0,0,0)
(0,0,0)
(0,0,0)
(0,0,0)
(0,0,0)
(0,0,0)
(0,0,0)
(0,0,0)
(0,0,0)
(0,0,0)
(0,0,0)
(0,0,0)
(0,0,0)
(0,0,0)
(0,0,0)
(0,0,0)
(0,0,0)
(0,0,0)
(0,0,0)
(0,0,0)
(0,0,0)
(0,0,0)
(0,0,0)
(0,0,0)
(0,0,0)
(0,0,0)
(0,0,0)
(0,0,0)
(0,0,0)
(0,0,0)
(0,0,0)
(0,0,0)
(0,0,0)
(0,0,0)
(0,0,0)
(0,0,0)
(0,0,0)
(0,0,0)
(0,0,0)
(0,0,0)
(0,0,0)
(0,0,0)
(0,0,0)
(0,0,0)
(0,0,0)
(0,0,0)
(0,0,0)
(0,0,0)
(0,0,0)
(0,0,0)
(0,0,0)
(0,0,0)
(0,0,0)
(0,0,0)
(0,0,0)
(0,0,0)
(0,0,0)
(0,0,0)
(0,0,0)
(4.45760018704833e-14,-1.79093058308904e-11,2.211802052346e-11)
(3.49244726716404e-13,-3.73673671557381e-11,2.07037363256649e-11)
(6.30894115093384e-13,-5.95031418518937e-11,1.83184608156707e-11)
(3.67742136610212e-13,-8.38982203332477e-11,1.51955521255381e-11)
(8.52753928900417e-13,-1.12976182195493e-10,1.10878914042143e-11)
(1.08697381742149e-12,-1.47487523146119e-10,5.52774873445326e-12)
(9.54767376887959e-13,-1.8641442249894e-10,-2.96749497313966e-13)
(3.07037782038212e-14,-2.25220061096775e-10,-2.02850737634604e-12)
(-2.13268626334972e-12,-2.55318809603447e-10,-1.48219333776144e-12)
(-3.49310011932328e-12,-2.72120341108417e-10,-6.61152471489137e-13)
(0,0,0)
(0,0,0)
(0,0,0)
(0,0,0)
(0,0,0)
(0,0,0)
(4.90224857660417e-13,-1.69948937591301e-11,4.607140765835e-11)
(5.99686770321601e-13,-3.56241461758067e-11,4.40509930795539e-11)
(6.37701183479163e-13,-5.6843257462052e-11,3.97895308420811e-11)
(1.22834209808564e-12,-8.00251373809072e-11,3.33943187670913e-11)
(2.67037826979037e-12,-1.0726277698163e-10,2.47617896931918e-11)
(4.1164516258469e-12,-1.410223595846e-10,1.20471510182785e-11)
(4.81800468170513e-12,-1.83012336084789e-10,-4.36275446314825e-12)
(1.74195176947835e-12,-2.24622546634987e-10,-8.36237719737457e-12)
(-2.67478938298464e-12,-2.55872940944292e-10,-4.81271672173605e-12)
(-5.68159119446902e-12,-2.72726962098968e-10,-1.75210168998415e-12)
(0,0,0)
(0,0,0)
(0,0,0)
(0,0,0)
(0,0,0)
(0,0,0)
(5.66722949288521e-13,-1.50811695806066e-11,7.2834158142925e-11)
(8.85179778385441e-13,-3.20625725377434e-11,7.05030868252923e-11)
(1.18498699770543e-12,-5.12580830282929e-11,6.49699602565287e-11)
(2.79399847779296e-12,-7.15384693514645e-11,5.5513428860696e-11)
(5.41743355918753e-12,-9.39565199845387e-11,4.17575728318204e-11)
(1.00045111533886e-11,-1.22079575942792e-10,1.93098818406093e-11)
(1.62816185701846e-11,-1.73067551166551e-10,-2.66471602572437e-11)
(7.6926469019767e-12,-2.24470710007983e-10,-2.82289629098539e-11)
(-1.99728356208204e-12,-2.57697396734946e-10,-1.12360945890686e-11)
(-7.80793785718526e-12,-2.74154722561456e-10,-2.81083622309924e-12)
(0,0,0)
(0,0,0)
(0,0,0)
(0,0,0)
(0,0,0)
(0,0,0)
(4.94078369314823e-13,-1.27376461702908e-11,1.02766902302994e-10)
(9.3686228216792e-13,-2.69987705036692e-11,9.97444855090891e-11)
(1.94875609486662e-12,-4.25176968163022e-11,9.33438446557818e-11)
(4.37639538989523e-12,-5.80014202897715e-11,8.24156908685235e-11)
(7.88618958119349e-12,-7.02923274058428e-11,6.62615304739985e-11)
(1.88173536139225e-11,-6.85338266829918e-11,4.69987270048898e-11)
(-3.60126327414317e-11,-1.47627687302121e-10,5.2605379245368e-11)
(2.36135815271222e-11,-2.29641175385775e-10,-7.60917237603394e-11)
(-8.55519115941372e-13,-2.62638134855862e-10,-1.465187016851e-11)
(-8.36500497068063e-12,-2.76403460143629e-10,-3.08795157286448e-13)
(0,0,0)
(0,0,0)
(0,0,0)
(0,0,0)
(0,0,0)
(0,0,0)
(3.93752275846211e-13,-9.95718936428218e-12,1.3449191695312e-10)
(7.25584295631198e-13,-2.1197668816937e-11,1.31081966478854e-10)
(1.29787470494679e-12,-3.213249545451e-11,1.2412492457415e-10)
(3.19370494364689e-12,-4.24803733795017e-11,1.12608826625516e-10)
(6.41739879208731e-12,-5.01568032616903e-11,9.35662555484672e-11)
(1.31336951984948e-11,-5.74129553132348e-11,6.16268624203747e-11)
(3.34940395824864e-19,1.40110410416525e-17,-3.37006022120122e-18)
(-2.39838837498136e-11,-2.55899234655131e-10,3.54477741086686e-11)
(-1.01562786843683e-11,-2.70351795932704e-10,2.12270859101032e-11)
(-9.57871379826082e-12,-2.75530932375481e-10,1.24887059420817e-11)
(0,0,0)
(0,0,0)
(0,0,0)
(0,0,0)
(0,0,0)
(0,0,0)
(-1.67030841052689e-13,-6.81879927342791e-12,1.65256950240758e-10)
(3.98346415786725e-13,-1.49087969337378e-11,1.62316542235419e-10)
(1.24966421661917e-12,-2.14796669066119e-11,1.55817932092104e-10)
(2.03518126883975e-12,-2.57443007894024e-11,1.4514437877166e-10)
(3.74754332880198e-12,-2.50666451722533e-11,1.26017834018996e-10)
(9.64401871667103e-12,-1.88977155248755e-11,8.74580910945142e-11)
(6.51154676793092e-19,9.40895451210238e-18,-4.7846873251704e-18)
(-2.4988350634798e-11,-2.4686066076731e-10,5.6909813945634e-11)
(-1.32687900985209e-11,-2.60828241605053e-10,5.14924013983871e-11)
(-1.04419537641558e-11,-2.62306534025444e-10,2.79725165563682e-11)
(0,0,0)
(0,0,0)
(0,0,0)
(0,0,0)
(0,0,0)
(0,0,0)
(-1.12267743178633e-12,-4.05771808335606e-12,1.95630586542331e-10)
(-1.10028553482833e-12,-8.96448538842179e-12,1.92991658512652e-10)
(-3.72544887027779e-13,-1.21394690850289e-11,1.87932319242798e-10)
(-1.48565005407096e-12,-1.10627133475266e-11,1.79956878912529e-10)
(-3.8636656150666e-12,-2.61337603506953e-13,1.6505510779375e-10)
(-4.92882601647201e-12,2.24111940920959e-11,1.28621670841472e-10)
(4.00520029814952e-19,1.1741375233126e-17,-1.56908158778859e-17)
(-3.56531291069243e-11,-2.42677842560054e-10,1.79956244463346e-10)
(-1.62144245852632e-11,-2.37297478233474e-10,1.0244329699809e-10)
(-1.15889484356261e-11,-2.3408541801066e-10,4.81313785333896e-11)
(0,0,0)
(0,0,0)
(0,0,0)
(0,0,0)
(0,0,0)
(0,0,0)
(-2.05778584926468e-12,-1.64769706610145e-12,2.22636222641185e-10)
(-2.68104219847957e-12,-4.6172616177736e-12,2.21405162838293e-10)
(-1.82153210932815e-12,-5.80487490743936e-12,2.18557960215608e-10)
(-4.25139214546652e-12,-1.88703045585867e-12,2.14930801067108e-10)
(-1.31469342474017e-11,1.79566535842592e-11,2.11451180705863e-10)
(-4.55308531929891e-11,8.3983385643667e-11,2.15771534786431e-10)
(1.25539195669009e-11,-1.6293278073243e-10,2.58466748246802e-10)
(-1.03202836802974e-11,-1.82835837136977e-10,1.94322914869736e-10)
(-1.07498650288452e-11,-1.86657019003167e-10,1.23769115812296e-10)
(-9.92714979591519e-12,-1.87835527793751e-10,6.03157406876818e-11)
(0,0,0)
(0,0,0)
(0,0,0)
(0,0,0)
(0,0,0)
(0,0,0)
(-2.4395518429507e-12,-3.86540766956302e-13,2.44108068527581e-10)
(-2.89573554442744e-12,-2.28319312054412e-12,2.44378010905064e-10)
(-1.81320022441723e-12,-3.51083357256295e-12,2.43081588064449e-10)
(-2.74516383542728e-12,-3.07656642567137e-12,2.40880045936371e-10)
(-7.00947065946662e-12,7.47693933830977e-14,2.37984582494342e-10)
(-1.29446166210581e-11,-6.01972754406278e-12,2.36628753317636e-10)
(-3.71531266619831e-12,-8.32675176996683e-11,2.34051157196012e-10)
(-6.78854748068643e-12,-1.13761603221291e-10,1.89690362818629e-10)
(-7.55774295627997e-12,-1.25058749129345e-10,1.29717030834851e-10)
(-7.88605966791843e-12,-1.29615648855935e-10,6.55352891514859e-11)
(0,0,0)
(0,0,0)
(0,0,0)
(0,0,0)
(0,0,0)
(0,0,0)
(-2.51321377411298e-12,-1.16358584767462e-13,2.56084440056397e-10)
(-2.83125439996059e-12,-9.60164621208751e-13,2.56421106255074e-10)
(-2.48063003672791e-12,-1.90902606712643e-12,2.55597109637981e-10)
(-1.69754136696147e-12,-2.74937137698271e-12,2.53547967185265e-10)
(-3.45223352884706e-12,-4.38923498436768e-12,2.49462060714207e-10)
(-6.13899168540656e-12,-1.34749574557353e-11,2.42476875320313e-10)
(-5.94727161876122e-12,-3.90431744320327e-11,2.26322693831672e-10)
(-6.83664829885224e-12,-5.48882943770984e-11,1.86577673720474e-10)
(-6.60565820135482e-12,-6.24218429258308e-11,1.30715081552717e-10)
(-6.13140196740982e-12,-6.57825247298995e-11,6.67908213961281e-11)
(0,0,0)
(0,0,0)
(0,0,0)
(0,0,0)
(0,0,0)
(0,0,0)
(0,0,0)
(0,0,0)
(0,0,0)
(0,0,0)
(0,0,0)
(0,0,0)
(0,0,0)
(0,0,0)
(0,0,0)
(0,0,0)
(0,0,0)
(0,0,0)
(0,0,0)
(0,0,0)
(0,0,0)
(0,0,0)
(0,0,0)
(0,0,0)
(0,0,0)
(0,0,0)
(0,0,0)
(0,0,0)
(0,0,0)
(0,0,0)
(0,0,0)
(0,0,0)
(0,0,0)
(0,0,0)
(0,0,0)
(0,0,0)
(0,0,0)
(0,0,0)
(0,0,0)
(0,0,0)
(0,0,0)
(0,0,0)
(0,0,0)
(0,0,0)
(0,0,0)
(0,0,0)
(0,0,0)
(0,0,0)
(0,0,0)
(0,0,0)
(0,0,0)
(0,0,0)
(0,0,0)
(0,0,0)
(0,0,0)
(0,0,0)
(0,0,0)
(0,0,0)
(0,0,0)
(0,0,0)
(0,0,0)
(0,0,0)
(0,0,0)
(0,0,0)
(0,0,0)
(0,0,0)
(0,0,0)
(0,0,0)
(0,0,0)
(0,0,0)
(0,0,0)
(0,0,0)
(0,0,0)
(0,0,0)
(0,0,0)
(0,0,0)
(0,0,0)
(0,0,0)
(0,0,0)
(0,0,0)
(0,0,0)
(0,0,0)
(0,0,0)
(0,0,0)
(0,0,0)
(0,0,0)
(0,0,0)
(0,0,0)
(0,0,0)
(0,0,0)
(0,0,0)
(0,0,0)
(0,0,0)
(0,0,0)
(0,0,0)
(0,0,0)
(0,0,0)
(0,0,0)
(0,0,0)
(0,0,0)
(0,0,0)
(0,0,0)
(5.44448127981311e-13,-2.03367990680457e-11,2.31444008860499e-11)
(9.91299256737948e-13,-4.13014577998464e-11,2.22908774418878e-11)
(1.09391841541116e-12,-6.34365149724369e-11,2.01064777248519e-11)
(6.02319905583779e-13,-8.75627372937838e-11,1.74042886603529e-11)
(6.9949138478454e-13,-1.14395759343874e-10,1.36651191710455e-11)
(4.46308487682427e-13,-1.44155261385022e-10,9.16778095249281e-12)
(-7.15561158259177e-13,-1.75481576620956e-10,4.45363209054851e-12)
(-1.11312472210621e-12,-2.06561076492669e-10,2.11053270447735e-12)
(-2.39959578883226e-12,-2.29021038355312e-10,1.20423402576835e-12)
(-3.5476316002497e-12,-2.40631889247845e-10,4.90119329381904e-13)
(0,0,0)
(0,0,0)
(0,0,0)
(0,0,0)
(0,0,0)
(0,0,0)
(5.96915257943553e-13,-1.93879231201266e-11,4.84475885702774e-11)
(1.29957536970842e-12,-3.92814914092003e-11,4.66665228790536e-11)
(1.44773882472009e-12,-6.07224853119967e-11,4.2492617467022e-11)
(1.37420314254737e-12,-8.36716163866686e-11,3.66919661212574e-11)
(2.07875994761303e-12,-1.09268428168857e-10,2.90746660423045e-11)
(1.58357346545338e-12,-1.38856661438963e-10,1.94009864220964e-11)
(-1.12715750231617e-12,-1.72570024427036e-10,8.35931704244203e-12)
(-1.95954533312297e-12,-2.0517378544193e-10,3.24528350823321e-12)
(-3.91094862401009e-12,-2.28544715042532e-10,2.15006902961958e-12)
(-6.00593242197879e-12,-2.40222880675799e-10,1.32108303477112e-12)
(0,0,0)
(0,0,0)
(0,0,0)
(0,0,0)
(0,0,0)
(0,0,0)
(5.54270856599431e-13,-1.73617624794853e-11,7.53490803314923e-11)
(1.35450431309076e-12,-3.52844324650385e-11,7.28867800268004e-11)
(1.90113218155534e-12,-5.50221855822615e-11,6.75050053023315e-11)
(3.01280544501157e-12,-7.57750849585699e-11,5.90610914686131e-11)
(4.20093197167083e-12,-9.85968322488712e-11,4.76716802730369e-11)
(2.41580399141708e-12,-1.26593561831116e-10,3.13634620440221e-11)
(-7.57644264162335e-12,-1.66817778526135e-10,7.74730178034617e-12)
(-4.12975604103349e-12,-2.03582053082582e-10,1.86410915024624e-12)
(-5.481803807187e-12,-2.28149408024942e-10,3.23339756036042e-12)
(-8.37003649815969e-12,-2.39710359248249e-10,2.78792645645643e-12)
(0,0,0)
(0,0,0)
(0,0,0)
(0,0,0)
(0,0,0)
(0,0,0)
(7.3603835719623e-13,-1.48788428046877e-11,1.03960591249611e-10)
(1.5364014487313e-12,-3.00071367567342e-11,1.00878574729553e-10)
(2.49170852034615e-12,-4.64726102930549e-11,9.47794832887374e-11)
(5.0095088741103e-12,-6.36657391738223e-11,8.478711741337e-11)
(7.01346890617894e-12,-8.09005643395118e-11,7.07679378020387e-11)
(2.08983000368532e-12,-1.01545555280142e-10,4.95845723486968e-11)
(-5.49432310488022e-11,-1.64107855974268e-10,-3.6751717753483e-14)
(-1.15682127953651e-11,-2.04683152261123e-10,3.34530688497356e-12)
(-7.48493305039598e-12,-2.28216497320693e-10,9.56441558201768e-12)
(-9.54632789611547e-12,-2.38934393251969e-10,7.3419805208697e-12)
(0,0,0)
(0,0,0)
(0,0,0)
(0,0,0)
(0,0,0)
(0,0,0)
(6.65312659253759e-13,-1.16924959978422e-11,1.33304388304609e-10)
(1.39375431712522e-12,-2.38751761055675e-11,1.29677761371302e-10)
(2.16114410568411e-12,-3.61394951641824e-11,1.22911001874702e-10)
(5.50020343058666e-12,-4.8333996285525e-11,1.12930208674214e-10)
(1.32666338307548e-11,-5.72884786951192e-11,9.97237498156839e-11)
(3.62453212005799e-11,-5.06268288577342e-11,8.5814925509403e-11)
(-3.54477725417021e-11,-2.08852228412108e-10,9.17192781812273e-11)
(-1.88017694391065e-11,-2.14429699890743e-10,5.16835191442398e-11)
(-1.0941453044055e-11,-2.27001831881615e-10,3.2855949850664e-11)
(-1.03144062061944e-11,-2.33461417789904e-10,1.68830579010376e-11)
(0,0,0)
(0,0,0)
(0,0,0)
(0,0,0)
(0,0,0)
(0,0,0)
(1.22959741677028e-14,-7.93092493835075e-12,1.59901118915983e-10)
(9.52645013818043e-13,-1.69485171775824e-11,1.56577156534668e-10)
(2.58301971548039e-12,-2.56634910304678e-11,1.50309225618911e-10)
(6.48013857962391e-12,-3.32153822452108e-11,1.4190216031498e-10)
(1.75019786845548e-11,-3.67984166771031e-11,1.31390155803721e-10)
(5.57932049789215e-11,-2.79299676365997e-11,1.2192729780028e-10)
(-5.69098204115872e-11,-1.92858104625345e-10,1.38230762257763e-10)
(-2.37537562948325e-11,-2.04678845852558e-10,8.92962320105555e-11)
(-1.32796686280032e-11,-2.14177285082813e-10,5.81222787286639e-11)
(-1.06905532225702e-11,-2.18392274285401e-10,2.90401476651285e-11)
(0,0,0)
(0,0,0)
(0,0,0)
(0,0,0)
(0,0,0)
(0,0,0)
(-8.93770419333718e-13,-4.73290838788976e-12,1.84652786261201e-10)
(-3.88170035711923e-13,-1.05571838769613e-11,1.814235930387e-10)
(1.2683012657297e-12,-1.6566491252215e-11,1.7633900743351e-10)
(4.24043817300054e-12,-2.05196537910442e-11,1.70292659629796e-10)
(1.43517801494761e-11,-1.87348984413225e-11,1.63860250801091e-10)
(6.21206689642257e-11,-1.44513688730063e-12,1.64818917853007e-10)
(-1.70234672797776e-11,-1.88067917307076e-10,2.31307444239688e-10)
(-1.79821870647734e-11,-1.86173314402605e-10,1.43028756484298e-10)
(-1.25429653509297e-11,-1.89971491217777e-10,8.72749407685028e-11)
(-9.70746011919276e-12,-1.92225108641652e-10,4.20786388118485e-11)
(0,0,0)
(0,0,0)
(0,0,0)
(0,0,0)
(0,0,0)
(0,0,0)
(-2.08788234548839e-12,-2.00270172707341e-12,2.05747879169265e-10)
(-2.16790807311109e-12,-5.73110961119768e-12,2.03589154460758e-10)
(-4.8841429564476e-13,-1.0166469885065e-11,1.99995600664344e-10)
(4.17764185574602e-13,-1.3062668636145e-11,1.96175819162005e-10)
(4.14595862904751e-13,-1.27526014957554e-11,1.9216120180722e-10)
(1.77704653431799e-12,-1.97420141426489e-11,1.91246545699733e-10)
(-2.96751008876201e-12,-1.12107428209072e-10,1.98248786796343e-10)
(-8.8407185385299e-12,-1.39913122660988e-10,1.53526493099636e-10)
(-8.89475977801859e-12,-1.49925073102451e-10,1.01392429258037e-10)
(-7.83128804601283e-12,-1.53960065182259e-10,5.03385005426681e-11)
(0,0,0)
(0,0,0)
(0,0,0)
(0,0,0)
(0,0,0)
(0,0,0)
(-2.97967640256706e-12,-4.21170601414389e-13,2.21931655574153e-10)
(-2.9223412031739e-12,-2.77309132951091e-12,2.20801629254818e-10)
(-1.21346560176095e-12,-6.36548578578989e-12,2.18539941861416e-10)
(-1.76895442090097e-13,-9.75282728934711e-12,2.15564055279325e-10)
(-1.18963710502468e-12,-1.33457286877612e-11,2.1091931578927e-10)
(-2.91179058774518e-12,-2.71646616683358e-11,2.04283028556504e-10)
(-3.57886155641333e-12,-6.79831757070654e-11,1.91817678056411e-10)
(-5.6885243411008e-12,-9.11914731606666e-11,1.55519398837301e-10)
(-6.01290747643401e-12,-1.0210749470021e-10,1.07380048837013e-10)
(-6.18389464245836e-12,-1.06964073629156e-10,5.46559040319913e-11)
(0,0,0)
(0,0,0)
(0,0,0)
(0,0,0)
(0,0,0)
(0,0,0)
(-2.96623855755675e-12,3.76141434352344e-14,2.30420104328817e-10)
(-2.96742240407705e-12,-1.1353182689343e-12,2.2947444933032e-10)
(-2.34051365113792e-12,-3.27192471222952e-12,2.27828837105677e-10)
(-3.61006272886155e-13,-5.59946118287823e-12,2.24900347985016e-10)
(-8.56283119322029e-13,-8.70182651804824e-12,2.19392093227183e-10)
(-3.45976765250453e-12,-1.7113391611812e-11,2.09609521869499e-10)
(-5.24542593959703e-12,-3.30251117473073e-11,1.91025141975381e-10)
(-5.86235050819649e-12,-4.49568535118969e-11,1.56315433175337e-10)
(-5.1032409706086e-12,-5.15766503341614e-11,1.09597111415292e-10)
(-5.12310530119816e-12,-5.48766240928378e-11,5.62885649632326e-11)
(0,0,0)
(0,0,0)
(0,0,0)
(0,0,0)
(0,0,0)
(0,0,0)
(0,0,0)
(0,0,0)
(0,0,0)
(0,0,0)
(0,0,0)
(0,0,0)
(0,0,0)
(0,0,0)
(0,0,0)
(0,0,0)
(0,0,0)
(0,0,0)
(0,0,0)
(0,0,0)
(0,0,0)
(0,0,0)
(0,0,0)
(0,0,0)
(0,0,0)
(0,0,0)
(0,0,0)
(0,0,0)
(0,0,0)
(0,0,0)
(0,0,0)
(0,0,0)
(0,0,0)
(0,0,0)
(0,0,0)
(0,0,0)
(0,0,0)
(0,0,0)
(0,0,0)
(0,0,0)
(0,0,0)
(0,0,0)
(0,0,0)
(0,0,0)
(0,0,0)
(0,0,0)
(0,0,0)
(0,0,0)
(0,0,0)
(0,0,0)
(0,0,0)
(0,0,0)
(0,0,0)
(0,0,0)
(0,0,0)
(0,0,0)
(0,0,0)
(0,0,0)
(0,0,0)
(0,0,0)
(0,0,0)
(0,0,0)
(0,0,0)
(0,0,0)
(0,0,0)
(0,0,0)
(0,0,0)
(0,0,0)
(0,0,0)
(0,0,0)
(0,0,0)
(0,0,0)
(0,0,0)
(0,0,0)
(0,0,0)
(0,0,0)
(0,0,0)
(0,0,0)
(0,0,0)
(0,0,0)
(0,0,0)
(0,0,0)
(0,0,0)
(0,0,0)
(0,0,0)
(0,0,0)
(0,0,0)
(0,0,0)
(0,0,0)
(0,0,0)
(0,0,0)
(0,0,0)
(0,0,0)
(0,0,0)
(0,0,0)
(0,0,0)
(0,0,0)
(0,0,0)
(0,0,0)
(0,0,0)
(0,0,0)
(0,0,0)
(4.49095624231852e-13,-2.24428364453804e-11,2.49805704543166e-11)
(1.15573258313368e-12,-4.49778620040839e-11,2.43223125290914e-11)
(1.08207781945512e-12,-6.76673774285567e-11,2.24668020381881e-11)
(4.50368487805726e-13,-9.09052333185034e-11,2.01010119132643e-11)
(6.94984282899428e-14,-1.16667000803453e-10,1.65794715259912e-11)
(-1.38142596372127e-13,-1.43471265484797e-10,1.21411540678843e-11)
(-1.28401396615383e-12,-1.70073062415876e-10,8.09328200015712e-12)
(-1.59411709418158e-12,-1.94869206683643e-10,5.3017286340027e-12)
(-2.16180440523859e-12,-2.11955422479095e-10,3.30973896761755e-12)
(-3.46652084288326e-12,-2.21153581893384e-10,1.87538819523404e-12)
(0,0,0)
(0,0,0)
(0,0,0)
(0,0,0)
(0,0,0)
(0,0,0)
(3.5182030852121e-13,-2.12771704618735e-11,5.25673637271755e-11)
(1.47642183756453e-12,-4.24544011091275e-11,5.07386768105353e-11)
(1.54809044077743e-12,-6.48635353301746e-11,4.69252446817102e-11)
(1.09497179340052e-12,-8.7286327529281e-11,4.15320554938669e-11)
(1.08084364783148e-12,-1.11926892062438e-10,3.44107028737622e-11)
(3.62143237237536e-13,-1.39154414649333e-10,2.61249843164916e-11)
(-1.76536986894513e-12,-1.67765253603402e-10,1.79163363952229e-11)
(-2.45606321387185e-12,-1.93417624479313e-10,1.20407479577573e-11)
(-3.47726964675698e-12,-2.11438243273073e-10,8.1330410687765e-12)
(-5.19737081470371e-12,-2.20592422132585e-10,4.52640433273512e-12)
(0,0,0)
(0,0,0)
(0,0,0)
(0,0,0)
(0,0,0)
(0,0,0)
(5.33651486487203e-13,-1.8921039634995e-11,7.89262871994599e-11)
(1.45898332924979e-12,-3.77838537875006e-11,7.61785233688835e-11)
(1.79547072607608e-12,-5.87363968291308e-11,7.09681505707521e-11)
(2.29287085582929e-12,-7.97503675356552e-11,6.31977695250309e-11)
(2.81288229133122e-12,-1.02849725317779e-10,5.33549502191046e-11)
(9.83957704167736e-13,-1.30331718299956e-10,4.1379261178601e-11)
(-4.40317256347161e-12,-1.62658773592067e-10,2.77831516555319e-11)
(-4.39794527257839e-12,-1.90444733477758e-10,1.9081061989974e-11)
(-4.96924340755834e-12,-2.09216843537861e-10,1.32437197393033e-11)
(-6.35807603800335e-12,-2.18228608870309e-10,7.07207220680186e-12)
(0,0,0)
(0,0,0)
(0,0,0)
(0,0,0)
(0,0,0)
(0,0,0)
(6.31708070376496e-13,-1.58660569504951e-11,1.05259989196677e-10)
(1.50353223839494e-12,-3.19312333913187e-11,1.02271998915541e-10)
(2.15095926687427e-12,-5.00939696274085e-11,9.65839093269504e-11)
(3.69694559714388e-12,-6.88722829397717e-11,8.74202224202962e-11)
(4.58474871511382e-12,-8.94991558573636e-11,7.54300459187021e-11)
(7.92427647708006e-13,-1.16162663715066e-10,6.08447460619362e-11)
(-1.35809172137105e-11,-1.56699287782498e-10,4.19099800868889e-11)
(-8.04077386279216e-12,-1.86578603331967e-10,3.05858519041529e-11)
(-6.47716342838037e-12,-2.05113828716693e-10,2.20919649284916e-11)
(-7.67732283727577e-12,-2.14278871411315e-10,1.2061662109526e-11)
(0,0,0)
(0,0,0)
(0,0,0)
(0,0,0)
(0,0,0)
(0,0,0)
(5.30368533032424e-13,-1.24616702963067e-11,1.32357501856332e-10)
(1.23385488574982e-12,-2.56267911020262e-11,1.28925661976172e-10)
(1.66593317246991e-12,-4.00297050863924e-11,1.22468636966605e-10)
(3.58804824877227e-12,-5.50826028354404e-11,1.13122017843099e-10)
(6.68539611905189e-12,-7.24364314659683e-11,1.01774128911788e-10)
(7.64410730764239e-12,-9.6747735265392e-11,8.96855199565127e-11)
(-1.14061372915225e-11,-1.5528990303363e-10,7.81285608973858e-11)
(-9.72505418368962e-12,-1.82654408970303e-10,5.69035329702268e-11)
(-7.79310789308305e-12,-1.98189119366846e-10,3.80926763612025e-11)
(-8.50049180968707e-12,-2.05887152286719e-10,1.95129086977985e-11)
(0,0,0)
(0,0,0)
(0,0,0)
(0,0,0)
(0,0,0)
(0,0,0)
(1.3824180504414e-13,-8.70171953869557e-12,1.56057394538957e-10)
(8.29242628962913e-13,-1.86000592708573e-11,1.53009675129749e-10)
(1.89308524114642e-12,-2.98562483916126e-11,1.47089181461798e-10)
(4.29641463671813e-12,-4.15656228213468e-11,1.39073430276089e-10)
(8.90131845222831e-12,-5.60692725436017e-11,1.29793978044263e-10)
(1.30049097721692e-11,-7.92264339924165e-11,1.20397688008429e-10)
(-1.27654774826915e-11,-1.42146864111051e-10,1.12394851921358e-10)
(-1.10853344630133e-11,-1.69848810064968e-10,8.46268664201871e-11)
(-8.40333142949586e-12,-1.83638323478006e-10,5.61218574580842e-11)
(-7.8175712011597e-12,-1.90059577561674e-10,2.82010025470012e-11)
(0,0,0)
(0,0,0)
(0,0,0)
(0,0,0)
(0,0,0)
(0,0,0)
(-3.9478385767292e-13,-5.65701797989423e-12,1.77235074347669e-10)
(-1.29658696281034e-13,-1.22477123050296e-11,1.74277727625828e-10)
(9.14627702268954e-13,-2.06868062379134e-11,1.69166415701566e-10)
(3.21586184680964e-12,-2.95565646693296e-11,1.6274904482696e-10)
(7.41081615201688e-12,-4.09285818789388e-11,1.56037171442375e-10)
(1.39290198329258e-11,-6.14975591213194e-11,1.50279253472983e-10)
(-4.70526862230558e-12,-1.24071418736877e-10,1.48928310463668e-10)
(-8.48856309048718e-12,-1.48487572417587e-10,1.13037872867017e-10)
(-7.39308150958373e-12,-1.60460425093494e-10,7.45194935864361e-11)
(-5.89386476675737e-12,-1.65651957619637e-10,3.67887799564748e-11)
(0,0,0)
(0,0,0)
(0,0,0)
(0,0,0)
(0,0,0)
(0,0,0)
(-1.51068876262752e-12,-3.12386174406748e-12,1.95662893526316e-10)
(-1.53237255840753e-12,-7.3201721253445e-12,1.92984203993223e-10)
(-4.69616892542955e-13,-1.37736714957732e-11,1.8862612437504e-10)
(1.12254019355092e-12,-2.10248196206063e-11,1.83394848418004e-10)
(1.922379162381e-12,-3.0491676804709e-11,1.77568545956117e-10)
(2.19745296348862e-12,-4.97982002929653e-11,1.70331330636639e-10)
(-2.36946889413336e-12,-9.1611474631748e-11,1.5876826178709e-10)
(-5.42830419725191e-12,-1.15135937207797e-10,1.26203480179557e-10)
(-5.65840946490102e-12,-1.268345079222e-10,8.55946261461436e-11)
(-4.48877905644224e-12,-1.32040206274828e-10,4.28899319877803e-11)
(0,0,0)
(0,0,0)
(0,0,0)
(0,0,0)
(0,0,0)
(0,0,0)
(-2.3084348280882e-12,-1.33647887220792e-12,2.09005923207835e-10)
(-2.29842687032798e-12,-3.68617070694694e-12,2.06695261728906e-10)
(-1.33114009323327e-12,-8.64787733027513e-12,2.03426308334472e-10)
(3.14477941498443e-13,-1.4526665877665e-11,1.98674966653481e-10)
(8.02747958007888e-13,-2.21146695428595e-11,1.92205243514083e-10)
(-4.9771014418856e-13,-3.67689254813247e-11,1.8211945730987e-10)
(-2.23864629701915e-12,-6.02973157865871e-11,1.64235293428243e-10)
(-3.78379398959472e-12,-7.72877618165979e-11,1.32791079566652e-10)
(-3.81960703744078e-12,-8.7067154676878e-11,9.23167348488132e-11)
(-3.61544014678666e-12,-9.18526038140594e-11,4.71926790715548e-11)
(0,0,0)
(0,0,0)
(0,0,0)
(0,0,0)
(0,0,0)
(0,0,0)
(-1.98296941562434e-12,-4.3410383859128e-13,2.16282855011232e-10)
(-2.45712844836901e-12,-1.49429117017964e-12,2.14339380618307e-10)
(-2.68394924270619e-12,-4.28863607362182e-12,2.11728685861617e-10)
(-4.5221269793021e-13,-7.58114404974721e-12,2.06745726115385e-10)
(2.24461720313421e-13,-1.16944900200091e-11,1.9952564592722e-10)
(-1.98877937019885e-12,-1.92358321189779e-11,1.87826557451382e-10)
(-3.56082888686784e-12,-2.99025201752243e-11,1.67620542993567e-10)
(-4.10088226004502e-12,-3.86502213321936e-11,1.36158763590268e-10)
(-3.37134485272041e-12,-4.41244803548634e-11,9.54716764518267e-11)
(-3.71116443081688e-12,-4.70595036525019e-11,4.93033822751735e-11)
(0,0,0)
(0,0,0)
(0,0,0)
(0,0,0)
(0,0,0)
(0,0,0)
(0,0,0)
(0,0,0)
(0,0,0)
(0,0,0)
(0,0,0)
(0,0,0)
(0,0,0)
(0,0,0)
(0,0,0)
(0,0,0)
(0,0,0)
(0,0,0)
(0,0,0)
(0,0,0)
(0,0,0)
(0,0,0)
(0,0,0)
(0,0,0)
(0,0,0)
(0,0,0)
(0,0,0)
(0,0,0)
(0,0,0)
(0,0,0)
(0,0,0)
(0,0,0)
(0,0,0)
(0,0,0)
(0,0,0)
(0,0,0)
(0,0,0)
(0,0,0)
(0,0,0)
(0,0,0)
(0,0,0)
(0,0,0)
(0,0,0)
(0,0,0)
(0,0,0)
(0,0,0)
(0,0,0)
(0,0,0)
(0,0,0)
(0,0,0)
(0,0,0)
(0,0,0)
(0,0,0)
(0,0,0)
(0,0,0)
(0,0,0)
(0,0,0)
(0,0,0)
(0,0,0)
(0,0,0)
(0,0,0)
(0,0,0)
(0,0,0)
(0,0,0)
(0,0,0)
(0,0,0)
(0,0,0)
(0,0,0)
(0,0,0)
(0,0,0)
(0,0,0)
(0,0,0)
(0,0,0)
(0,0,0)
(0,0,0)
(0,0,0)
(0,0,0)
(0,0,0)
(0,0,0)
(0,0,0)
(0,0,0)
(0,0,0)
(0,0,0)
(0,0,0)
(0,0,0)
(0,0,0)
(0,0,0)
(0,0,0)
(0,0,0)
(0,0,0)
(0,0,0)
(0,0,0)
(0,0,0)
(0,0,0)
(0,0,0)
(0,0,0)
(0,0,0)
(0,0,0)
(0,0,0)
(0,0,0)
(0,0,0)
(0,0,0)
(-5.83124340385625e-14,-2.34372736596028e-11,2.69839064408351e-11)
(4.87782179076894e-13,-4.63562929129263e-11,2.57088198989478e-11)
(6.4402584599558e-13,-6.89461371106237e-11,2.35717712078507e-11)
(3.53003085878559e-13,-9.15223900844418e-11,2.1356305235974e-11)
(-2.32292854640193e-13,-1.17569727743484e-10,1.84893572809241e-11)
(-4.07121364104602e-13,-1.43018728475865e-10,1.40473866163935e-11)
(-8.00269412471201e-13,-1.67513474185627e-10,1.02375390901584e-11)
(-1.05370963211147e-12,-1.89289539303709e-10,7.5543545374236e-12)
(-1.24463283888281e-12,-2.03990628315424e-10,5.08833157837765e-12)
(-2.15229240844933e-12,-2.11963615238279e-10,3.09197988389151e-12)
(0,0,0)
(0,0,0)
(0,0,0)
(0,0,0)
(0,0,0)
(0,0,0)
(-1.75623601718922e-13,-2.22204995517452e-11,5.52728598964734e-11)
(6.19306644784471e-13,-4.37314620427773e-11,5.29659513161597e-11)
(8.14141127608487e-13,-6.60866452927657e-11,4.91458526335521e-11)
(6.80364419831964e-13,-8.83024390435002e-11,4.40353353305658e-11)
(2.89395460471026e-13,-1.13360049933581e-10,3.78701296075699e-11)
(-2.51905190913101e-13,-1.39616002313706e-10,3.01707135216348e-11)
(-9.96261442824985e-13,-1.65630559045392e-10,2.27251036403551e-11)
(-1.52124732645141e-12,-1.87877225976756e-10,1.67783131263436e-11)
(-2.09203264593461e-12,-2.03238909459825e-10,1.1736188451652e-11)
(-3.03477974423406e-12,-2.1102392776284e-10,6.53495523162697e-12)
(0,0,0)
(0,0,0)
(0,0,0)
(0,0,0)
(0,0,0)
(0,0,0)
(2.26432632584408e-13,-2.00892145731517e-11,8.19575573865795e-11)
(8.16735731206566e-13,-3.92920567153764e-11,7.87081106073329e-11)
(9.23424570049484e-13,-6.01619868621609e-11,7.35368002422027e-11)
(1.25760556585174e-12,-8.1456868900689e-11,6.61841349148513e-11)
(1.43800187142306e-12,-1.05371238387158e-10,5.74746153207975e-11)
(4.11012642344946e-13,-1.32422297623357e-10,4.70892992541022e-11)
(-1.66056870746131e-12,-1.60680029974212e-10,3.60985598424521e-11)
(-2.42673316772691e-12,-1.84356348628503e-10,2.67605700804663e-11)
(-2.90061069624945e-12,-2.00129708885734e-10,1.82416781542751e-11)
(-3.23574129018291e-12,-2.07523752275449e-10,9.16455567202841e-12)
(0,0,0)
(0,0,0)
(0,0,0)
(0,0,0)
(0,0,0)
(0,0,0)
(2.1531169733437e-13,-1.66133351613324e-11,1.07202119177638e-10)
(8.87179537662676e-13,-3.33040106189958e-11,1.03707226639951e-10)
(1.25038163254817e-12,-5.18858969647928e-11,9.80035589241144e-11)
(1.89744199440947e-12,-7.14897437407682e-11,8.92700536178116e-11)
(2.10732418047496e-12,-9.3547920449055e-11,7.83493510931559e-11)
(3.12265173111051e-13,-1.21020545569377e-10,6.59098398975579e-11)
(-3.66617377977605e-12,-1.53002608919666e-10,5.19718342745035e-11)
(-3.47108124882402e-12,-1.78264189870045e-10,3.88444840535691e-11)
(-3.37156995922182e-12,-1.93953197099735e-10,2.65090380903145e-11)
(-4.00737985233605e-12,-2.01594937893608e-10,1.36152651248108e-11)
(0,0,0)
(0,0,0)
(0,0,0)
(0,0,0)
(0,0,0)
(0,0,0)
(2.02257655609524e-13,-1.29031309263215e-11,1.32168447183544e-10)
(6.64148064166765e-13,-2.67131633654955e-11,1.2861471458687e-10)
(8.39095601164669e-13,-4.19020100259652e-11,1.22173787428236e-10)
(1.41895716598781e-12,-5.86715992216643e-11,1.13140120276808e-10)
(2.40684615198923e-12,-7.90010850729775e-11,1.02155188666849e-10)
(1.67976509376285e-12,-1.06770274773231e-10,9.01025215452151e-11)
(-3.32414828689481e-12,-1.43541432478521e-10,7.61165639672731e-11)
(-3.71979648005696e-12,-1.69399825155577e-10,5.80646559020051e-11)
(-3.76413611851324e-12,-1.84430994093469e-10,3.93940951679218e-11)
(-4.81515783694286e-12,-1.91987052621139e-10,2.03832312933901e-11)
(0,0,0)
(0,0,0)
(0,0,0)
(0,0,0)
(0,0,0)
(0,0,0)
(1.41259655440383e-13,-9.14714067405819e-12,1.54417843079403e-10)
(3.97389331110118e-13,-1.96080881426927e-11,1.51611635478992e-10)
(7.39394273141823e-13,-3.20292472733879e-11,1.45768055884126e-10)
(1.5668087165201e-12,-4.62677104456746e-11,1.37569008582399e-10)
(3.15691782334953e-12,-6.45415717993819e-11,1.2735976535985e-10)
(3.27887098815449e-12,-9.11045521015228e-11,1.15998996198957e-10)
(-3.07293735565102e-12,-1.28813672700128e-10,1.02292016432963e-10)
(-3.94156314826606e-12,-1.5444906090158e-10,7.94437116463747e-11)
(-3.66037490294373e-12,-1.69184266337425e-10,5.36074477017943e-11)
(-4.02418859624482e-12,-1.76418979164693e-10,2.7425061070404e-11)
(0,0,0)
(0,0,0)
(0,0,0)
(0,0,0)
(0,0,0)
(0,0,0)
(2.94066283237087e-14,-6.1996734181916e-12,1.7427081451415e-10)
(5.41130483114128e-14,-1.3367119216716e-11,1.71604961979994e-10)
(4.18863834787357e-13,-2.30908056985317e-11,1.66172697457114e-10)
(1.39599018262717e-12,-3.44916585066172e-11,1.58941089977461e-10)
(2.73182904716758e-12,-5.00238848150888e-11,1.50476985048199e-10)
(3.58060401390783e-12,-7.41187013474022e-11,1.40164781161938e-10)
(-1.27477513085656e-12,-1.0903830526919e-10,1.26590290094709e-10)
(-3.32181901969807e-12,-1.32554360105282e-10,1.00165644521205e-10)
(-3.28828505089753e-12,-1.46662254608972e-10,6.82238860863327e-11)
(-2.71683615508393e-12,-1.53018106690527e-10,3.41982747267133e-11)
(0,0,0)
(0,0,0)
(0,0,0)
(0,0,0)
(0,0,0)
(0,0,0)
(-6.19382101360659e-13,-3.50441425570766e-12,1.90319199427535e-10)
(-8.08294358646341e-13,-7.88074164551435e-12,1.88030122276534e-10)
(-3.64135101013528e-13,-1.54403343840786e-11,1.83245699249383e-10)
(4.50688912509831e-13,-2.4631563394743e-11,1.76884368740168e-10)
(7.82587220030634e-13,-3.69798518816467e-11,1.69128322578093e-10)
(7.31247001347882e-13,-5.69636062663329e-11,1.5827831122665e-10)
(-1.11884613173918e-12,-8.38884348264995e-11,1.41462744597342e-10)
(-2.66762555503714e-12,-1.03934420690108e-10,1.13189355457178e-10)
(-2.72106855185306e-12,-1.15924928300231e-10,7.7621869061521e-11)
(-1.78644952945926e-12,-1.21536668118898e-10,3.88978263825987e-11)
(0,0,0)
(0,0,0)
(0,0,0)
(0,0,0)
(0,0,0)
(0,0,0)
(-9.00148382767615e-13,-1.8347192060491e-12,2.01574319323861e-10)
(-1.22135301266187e-12,-3.90461297705034e-12,1.99725001878699e-10)
(-9.39039668893348e-13,-9.44313897586031e-12,1.96080744480213e-10)
(-1.61320747030729e-13,-1.64248283201375e-11,1.900885937852e-10)
(4.68354639385187e-13,-2.53472533101825e-11,1.81730450808698e-10)
(-1.46639624900375e-13,-3.94167926356711e-11,1.69779492667711e-10)
(-1.18922804680592e-12,-5.67338918180974e-11,1.50337554648863e-10)
(-1.94698975616264e-12,-7.10345598494831e-11,1.21061438903889e-10)
(-1.63822558218654e-12,-7.99219541731677e-11,8.38953943579895e-11)
(-1.21586123678331e-12,-8.44252912657548e-11,4.27468135375698e-11)
(0,0,0)
(0,0,0)
(0,0,0)
(0,0,0)
(0,0,0)
(0,0,0)
(-4.73598861293164e-13,-8.85550143648167e-13,2.08070340286053e-10)
(-1.34072486186108e-12,-1.48170859122627e-12,2.06711191281112e-10)
(-1.98962557009168e-12,-4.390027949741e-12,2.03888757828025e-10)
(-8.13276559513976e-13,-8.22800609066394e-12,1.97509104308192e-10)
(2.2906017615207e-13,-1.29279405298268e-11,1.88467821658014e-10)
(-1.01859703137324e-12,-2.01214942416996e-11,1.75768941304339e-10)
(-2.00156965878822e-12,-2.86470041199442e-11,1.54628850031266e-10)
(-2.06401645379849e-12,-3.58155050597482e-11,1.23980276252534e-10)
(-1.32753103093365e-12,-4.04115989349335e-11,8.61007547389873e-11)
(-1.46728580814966e-12,-4.28943389649704e-11,4.43616247731201e-11)
(0,0,0)
(0,0,0)
(0,0,0)
(0,0,0)
(0,0,0)
(0,0,0)
(0,0,0)
(0,0,0)
(0,0,0)
(0,0,0)
(0,0,0)
(0,0,0)
(0,0,0)
(0,0,0)
(0,0,0)
(0,0,0)
(0,0,0)
(0,0,0)
(0,0,0)
(0,0,0)
(0,0,0)
(0,0,0)
(0,0,0)
(0,0,0)
(0,0,0)
(0,0,0)
(0,0,0)
(0,0,0)
(0,0,0)
(0,0,0)
(0,0,0)
(0,0,0)
(0,0,0)
(0,0,0)
(0,0,0)
(0,0,0)
(0,0,0)
(0,0,0)
(0,0,0)
(0,0,0)
(0,0,0)
(0,0,0)
(0,0,0)
(0,0,0)
(0,0,0)
(0,0,0)
(0,0,0)
(0,0,0)
(0,0,0)
(0,0,0)
(0,0,0)
(0,0,0)
(0,0,0)
(0,0,0)
(0,0,0)
(0,0,0)
(0,0,0)
(0,0,0)
(0,0,0)
(0,0,0)
(0,0,0)
(0,0,0)
(0,0,0)
(0,0,0)
(0,0,0)
(0,0,0)
(0,0,0)
(0,0,0)
(0,0,0)
(0,0,0)
(0,0,0)
(0,0,0)
(0,0,0)
(0,0,0)
(0,0,0)
(0,0,0)
(0,0,0)
(0,0,0)
(0,0,0)
(0,0,0)
(0,0,0)
(0,0,0)
(0,0,0)
(0,0,0)
(0,0,0)
(0,0,0)
(0,0,0)
(0,0,0)
(0,0,0)
(0,0,0)
(0,0,0)
(0,0,0)
(0,0,0)
(0,0,0)
(0,0,0)
(0,0,0)
(0,0,0)
(0,0,0)
(0,0,0)
(0,0,0)
(0,0,0)
(0,0,0)
(0,0,0)
(0,0,0)
(0,0,0)
(0,0,0)
(0,0,0)
(0,0,0)
(0,0,0)
(0,0,0)
(0,0,0)
(0,0,0)
(0,0,0)
(0,0,0)
(0,0,0)
(0,0,0)
(0,0,0)
(0,0,0)
(0,0,0)
(0,0,0)
(0,0,0)
(0,0,0)
(0,0,0)
(0,0,0)
(0,0,0)
(0,0,0)
(0,0,0)
(0,0,0)
(0,0,0)
(0,0,0)
(0,0,0)
(0,0,0)
(0,0,0)
(0,0,0)
(0,0,0)
(0,0,0)
(0,0,0)
(0,0,0)
(0,0,0)
(0,0,0)
(0,0,0)
(0,0,0)
(0,0,0)
(0,0,0)
(0,0,0)
(0,0,0)
(0,0,0)
(0,0,0)
(0,0,0)
(0,0,0)
(0,0,0)
(0,0,0)
(0,0,0)
(0,0,0)
(0,0,0)
(0,0,0)
(0,0,0)
(0,0,0)
(0,0,0)
(0,0,0)
(0,0,0)
(0,0,0)
(0,0,0)
(0,0,0)
(0,0,0)
(0,0,0)
(0,0,0)
(0,0,0)
(0,0,0)
(0,0,0)
(0,0,0)
(0,0,0)
(0,0,0)
(0,0,0)
(0,0,0)
(0,0,0)
(0,0,0)
(0,0,0)
(0,0,0)
(0,0,0)
(0,0,0)
(0,0,0)
(0,0,0)
(0,0,0)
(0,0,0)
(0,0,0)
(0,0,0)
(0,0,0)
(0,0,0)
(0,0,0)
(0,0,0)
(0,0,0)
(0,0,0)
(0,0,0)
(0,0,0)
(0,0,0)
(0,0,0)
(0,0,0)
(0,0,0)
(0,0,0)
(0,0,0)
(0,0,0)
(0,0,0)
(0,0,0)
(0,0,0)
(0,0,0)
(0,0,0)
(0,0,0)
(0,0,0)
(0,0,0)
(0,0,0)
(0,0,0)
(0,0,0)
(0,0,0)
(0,0,0)
(0,0,0)
(0,0,0)
(0,0,0)
(0,0,0)
(0,0,0)
(0,0,0)
(0,0,0)
(0,0,0)
(0,0,0)
(0,0,0)
(0,0,0)
(0,0,0)
(0,0,0)
(0,0,0)
(0,0,0)
(0,0,0)
(0,0,0)
(0,0,0)
(0,0,0)
(0,0,0)
(0,0,0)
(0,0,0)
(0,0,0)
(0,0,0)
(0,0,0)
(0,0,0)
(0,0,0)
(0,0,0)
(0,0,0)
(0,0,0)
(0,0,0)
(0,0,0)
(0,0,0)
(0,0,0)
(0,0,0)
(0,0,0)
(0,0,0)
(0,0,0)
(0,0,0)
(0,0,0)
(0,0,0)
(0,0,0)
(0,0,0)
(0,0,0)
(0,0,0)
(0,0,0)
(0,0,0)
(0,0,0)
(0,0,0)
(0,0,0)
(0,0,0)
(0,0,0)
(0,0,0)
(0,0,0)
(0,0,0)
(0,0,0)
(0,0,0)
(0,0,0)
(0,0,0)
(0,0,0)
(0,0,0)
(0,0,0)
(0,0,0)
(0,0,0)
(0,0,0)
(0,0,0)
(0,0,0)
(0,0,0)
(0,0,0)
(0,0,0)
(0,0,0)
(0,0,0)
(0,0,0)
(0,0,0)
(0,0,0)
(0,0,0)
(0,0,0)
(0,0,0)
(0,0,0)
(0,0,0)
(0,0,0)
(0,0,0)
(0,0,0)
(0,0,0)
(0,0,0)
(0,0,0)
(0,0,0)
(0,0,0)
(0,0,0)
(0,0,0)
(0,0,0)
(0,0,0)
(0,0,0)
(0,0,0)
(0,0,0)
(0,0,0)
(0,0,0)
(0,0,0)
(0,0,0)
(0,0,0)
(0,0,0)
(0,0,0)
(0,0,0)
(0,0,0)
(0,0,0)
(0,0,0)
(0,0,0)
(0,0,0)
(0,0,0)
(0,0,0)
(0,0,0)
(0,0,0)
(0,0,0)
(0,0,0)
(0,0,0)
(0,0,0)
(0,0,0)
(0,0,0)
(0,0,0)
(0,0,0)
(0,0,0)
(0,0,0)
(0,0,0)
(0,0,0)
(0,0,0)
(0,0,0)
(0,0,0)
(0,0,0)
(0,0,0)
(0,0,0)
(0,0,0)
(0,0,0)
(0,0,0)
(0,0,0)
(0,0,0)
(0,0,0)
(0,0,0)
(0,0,0)
(0,0,0)
(0,0,0)
(0,0,0)
(0,0,0)
(0,0,0)
(0,0,0)
(0,0,0)
(0,0,0)
(0,0,0)
(0,0,0)
(0,0,0)
(0,0,0)
(0,0,0)
(0,0,0)
(0,0,0)
(0,0,0)
(0,0,0)
(0,0,0)
(0,0,0)
(0,0,0)
(0,0,0)
(0,0,0)
(0,0,0)
(0,0,0)
(0,0,0)
(0,0,0)
(0,0,0)
(0,0,0)
(0,0,0)
(0,0,0)
(0,0,0)
(0,0,0)
(0,0,0)
(0,0,0)
(0,0,0)
(0,0,0)
(0,0,0)
(0,0,0)
(0,0,0)
(0,0,0)
(0,0,0)
(0,0,0)
(0,0,0)
(0,0,0)
(0,0,0)
(0,0,0)
(0,0,0)
(0,0,0)
(0,0,0)
(0,0,0)
(0,0,0)
(0,0,0)
(0,0,0)
(0,0,0)
(0,0,0)
(0,0,0)
(0,0,0)
(0,0,0)
(0,0,0)
(0,0,0)
(0,0,0)
(0,0,0)
(0,0,0)
(0,0,0)
(0,0,0)
(0,0,0)
(0,0,0)
(0,0,0)
(0,0,0)
(0,0,0)
(0,0,0)
(0,0,0)
(0,0,0)
(0,0,0)
(0,0,0)
(0,0,0)
(0,0,0)
(0,0,0)
(0,0,0)
(0,0,0)
(0,0,0)
(0,0,0)
(0,0,0)
(0,0,0)
(0,0,0)
(0,0,0)
(0,0,0)
(0,0,0)
(0,0,0)
(0,0,0)
(0,0,0)
(0,0,0)
(0,0,0)
(0,0,0)
(0,0,0)
(0,0,0)
(0,0,0)
(0,0,0)
(0,0,0)
(0,0,0)
(0,0,0)
(0,0,0)
(0,0,0)
(0,0,0)
(0,0,0)
(0,0,0)
(0,0,0)
(0,0,0)
(0,0,0)
(0,0,0)
(0,0,0)
(0,0,0)
(0,0,0)
(0,0,0)
(0,0,0)
(0,0,0)
(0,0,0)
(0,0,0)
(0,0,0)
(0,0,0)
(0,0,0)
(0,0,0)
(0,0,0)
(0,0,0)
(0,0,0)
(0,0,0)
(0,0,0)
(0,0,0)
(0,0,0)
(0,0,0)
(0,0,0)
(0,0,0)
(0,0,0)
(0,0,0)
(0,0,0)
(0,0,0)
(0,0,0)
(0,0,0)
(0,0,0)
(0,0,0)
(0,0,0)
(0,0,0)
(0,0,0)
(0,0,0)
(0,0,0)
(0,0,0)
(0,0,0)
(0,0,0)
(0,0,0)
(0,0,0)
(0,0,0)
(0,0,0)
(0,0,0)
(0,0,0)
(0,0,0)
(0,0,0)
(0,0,0)
(0,0,0)
(0,0,0)
(0,0,0)
(0,0,0)
(0,0,0)
(0,0,0)
(0,0,0)
(0,0,0)
(0,0,0)
(0,0,0)
(0,0,0)
(0,0,0)
(0,0,0)
(0,0,0)
(0,0,0)
(0,0,0)
(0,0,0)
(0,0,0)
(0,0,0)
(0,0,0)
(0,0,0)
(0,0,0)
(0,0,0)
(0,0,0)
(0,0,0)
(0,0,0)
(0,0,0)
(0,0,0)
(0,0,0)
(0,0,0)
(0,0,0)
(0,0,0)
(0,0,0)
(0,0,0)
(0,0,0)
(0,0,0)
(0,0,0)
(0,0,0)
(0,0,0)
(0,0,0)
(0,0,0)
(0,0,0)
(0,0,0)
(0,0,0)
(0,0,0)
(0,0,0)
(0,0,0)
(0,0,0)
(0,0,0)
(0,0,0)
(0,0,0)
(0,0,0)
(0,0,0)
(0,0,0)
(0,0,0)
(0,0,0)
(0,0,0)
(0,0,0)
(0,0,0)
(0,0,0)
(0,0,0)
(0,0,0)
(0,0,0)
(0,0,0)
(0,0,0)
(0,0,0)
(0,0,0)
(0,0,0)
(0,0,0)
(0,0,0)
(0,0,0)
(0,0,0)
(0,0,0)
(0,0,0)
(0,0,0)
(0,0,0)
(0,0,0)
(0,0,0)
(0,0,0)
(0,0,0)
(0,0,0)
(0,0,0)
(0,0,0)
(0,0,0)
(0,0,0)
(0,0,0)
(0,0,0)
(0,0,0)
(0,0,0)
(0,0,0)
(0,0,0)
(0,0,0)
(0,0,0)
(0,0,0)
(0,0,0)
(0,0,0)
(0,0,0)
(0,0,0)
(0,0,0)
(0,0,0)
(0,0,0)
(0,0,0)
(0,0,0)
(0,0,0)
(0,0,0)
(0,0,0)
(0,0,0)
(0,0,0)
(0,0,0)
(0,0,0)
(0,0,0)
(0,0,0)
(0,0,0)
(0,0,0)
(0,0,0)
(0,0,0)
(0,0,0)
(0,0,0)
(0,0,0)
(0,0,0)
(0,0,0)
(0,0,0)
(0,0,0)
(0,0,0)
(0,0,0)
(0,0,0)
(0,0,0)
(0,0,0)
(0,0,0)
(0,0,0)
(0,0,0)
(0,0,0)
(0,0,0)
(0,0,0)
(0,0,0)
(0,0,0)
(0,0,0)
(0,0,0)
(0,0,0)
(0,0,0)
(0,0,0)
(0,0,0)
(0,0,0)
(0,0,0)
(0,0,0)
(0,0,0)
(0,0,0)
(0,0,0)
(0,0,0)
(0,0,0)
(0,0,0)
(0,0,0)
(0,0,0)
(0,0,0)
(0,0,0)
(0,0,0)
(0,0,0)
(0,0,0)
(0,0,0)
(0,0,0)
(0,0,0)
(0,0,0)
(0,0,0)
(0,0,0)
(0,0,0)
(0,0,0)
(0,0,0)
(0,0,0)
(0,0,0)
(0,0,0)
(0,0,0)
(0,0,0)
(0,0,0)
(0,0,0)
(0,0,0)
(0,0,0)
(0,0,0)
(0,0,0)
(0,0,0)
(0,0,0)
(0,0,0)
(0,0,0)
(0,0,0)
(0,0,0)
(0,0,0)
(0,0,0)
(0,0,0)
(0,0,0)
(0,0,0)
(0,0,0)
(0,0,0)
(0,0,0)
(0,0,0)
(0,0,0)
(0,0,0)
(0,0,0)
(0,0,0)
(0,0,0)
(0,0,0)
(0,0,0)
(0,0,0)
(0,0,0)
(0,0,0)
(0,0,0)
(0,0,0)
(0,0,0)
(0,0,0)
(0,0,0)
(0,0,0)
(0,0,0)
(0,0,0)
(0,0,0)
(0,0,0)
(0,0,0)
(0,0,0)
(0,0,0)
(0,0,0)
(0,0,0)
(0,0,0)
(0,0,0)
(0,0,0)
(0,0,0)
(0,0,0)
(0,0,0)
(0,0,0)
(0,0,0)
(0,0,0)
(0,0,0)
(0,0,0)
(0,0,0)
(0,0,0)
(0,0,0)
(0,0,0)
(0,0,0)
(0,0,0)
(0,0,0)
(0,0,0)
(0,0,0)
(0,0,0)
(0,0,0)
(0,0,0)
(0,0,0)
(0,0,0)
(0,0,0)
(0,0,0)
(0,0,0)
(0,0,0)
(0,0,0)
(0,0,0)
(0,0,0)
(0,0,0)
(0,0,0)
(0,0,0)
(0,0,0)
(0,0,0)
(0,0,0)
(0,0,0)
(0,0,0)
(0,0,0)
(0,0,0)
(0,0,0)
(0,0,0)
(0,0,0)
(0,0,0)
(0,0,0)
(0,0,0)
(0,0,0)
(0,0,0)
(0,0,0)
(0,0,0)
(0,0,0)
(0,0,0)
(0,0,0)
(0,0,0)
(0,0,0)
(0,0,0)
(0,0,0)
(0,0,0)
(0,0,0)
(0,0,0)
(0,0,0)
(0,0,0)
(0,0,0)
(0,0,0)
(0,0,0)
(0,0,0)
(0,0,0)
(0,0,0)
(0,0,0)
(0,0,0)
(0,0,0)
(0,0,0)
(0,0,0)
(0,0,0)
(0,0,0)
(0,0,0)
(0,0,0)
(0,0,0)
(0,0,0)
(0,0,0)
(0,0,0)
(0,0,0)
(0,0,0)
(0,0,0)
(0,0,0)
(0,0,0)
(0,0,0)
(0,0,0)
(0,0,0)
)
;

boundaryField
{
    fuel
    {
        type            fixedValue;
        value           uniform (0.1 0 0);
    }
    air
    {
        type            fixedValue;
        value           uniform (-0.1 0 0);
    }
    outlet
    {
        type            zeroGradient;
    }
    frontAndBack
    {
        type            empty;
    }
}


// ************************************************************************* //
 