/*--------------------------------*- C++ -*----------------------------------*\
| =========                 |                                                 |
| \\      /  F ield         | foam-extend: Open Source Cstd::filesystem::create_directory();FD                    |
|  \\    /   O peration     | Version:     4.0                                |
|   \\  /    A nd           | Web:         http://www.foam-extend.org         |
|    \\/     M anipulation  |                                                 |
\*---------------------------------------------------------------------------*/
FoamFile
{
    version 2.0;
    format ascii;
    class volVectorField;
    location "Data/2417";
    object      H;
}
// * * * * * * * * * * * * * * * * * * * * * * * * * * * * * * * * * * * * * //

dimensions      [0 1 -1 0 0 0 0];

internalField   nonuniform List<vector>
4096
(
(0,0,0)
(0,0,0)
(0,0,0)
(0,0,0)
(0,0,0)
(0,0,0)
(0,0,0)
(0,0,0)
(0,0,0)
(0,0,0)
(0,0,0)
(0,0,0)
(0,0,0)
(0,0,0)
(0,0,0)
(0,0,0)
(0,0,0)
(0,0,0)
(0,0,0)
(0,0,0)
(0,0,0)
(0,0,0)
(0,0,0)
(0,0,0)
(0,0,0)
(0,0,0)
(0,0,0)
(0,0,0)
(0,0,0)
(0,0,0)
(0,0,0)
(0,0,0)
(0,0,0)
(0,0,0)
(0,0,0)
(0,0,0)
(0,0,0)
(0,0,0)
(0,0,0)
(0,0,0)
(0,0,0)
(0,0,0)
(0,0,0)
(0,0,0)
(0,0,0)
(0,0,0)
(0,0,0)
(0,0,0)
(0,0,0)
(0,0,0)
(0,0,0)
(0,0,0)
(0,0,0)
(0,0,0)
(0,0,0)
(0,0,0)
(0,0,0)
(0,0,0)
(0,0,0)
(0,0,0)
(0,0,0)
(0,0,0)
(0,0,0)
(0,0,0)
(0,0,0)
(0,0,0)
(0,0,0)
(0,0,0)
(0,0,0)
(0,0,0)
(0,0,0)
(0,0,0)
(0,0,0)
(0,0,0)
(0,0,0)
(0,0,0)
(0,0,0)
(0,0,0)
(0,0,0)
(0,0,0)
(0,0,0)
(0,0,0)
(0,0,0)
(0,0,0)
(0,0,0)
(0,0,0)
(0,0,0)
(0,0,0)
(0,0,0)
(0,0,0)
(0,0,0)
(0,0,0)
(0,0,0)
(0,0,0)
(0,0,0)
(0,0,0)
(0,0,0)
(0,0,0)
(0,0,0)
(0,0,0)
(0,0,0)
(0,0,0)
(0,0,0)
(0,0,0)
(0,0,0)
(0,0,0)
(0,0,0)
(0,0,0)
(0,0,0)
(0,0,0)
(0,0,0)
(0,0,0)
(0,0,0)
(0,0,0)
(0,0,0)
(0,0,0)
(0,0,0)
(0,0,0)
(0,0,0)
(0,0,0)
(0,0,0)
(0,0,0)
(0,0,0)
(0,0,0)
(0,0,0)
(0,0,0)
(0,0,0)
(0,0,0)
(0,0,0)
(0,0,0)
(0,0,0)
(0,0,0)
(0,0,0)
(0,0,0)
(0,0,0)
(0,0,0)
(0,0,0)
(0,0,0)
(0,0,0)
(0,0,0)
(0,0,0)
(0,0,0)
(0,0,0)
(0,0,0)
(0,0,0)
(0,0,0)
(0,0,0)
(0,0,0)
(0,0,0)
(0,0,0)
(0,0,0)
(0,0,0)
(0,0,0)
(0,0,0)
(0,0,0)
(0,0,0)
(0,0,0)
(0,0,0)
(0,0,0)
(0,0,0)
(0,0,0)
(0,0,0)
(0,0,0)
(0,0,0)
(0,0,0)
(0,0,0)
(0,0,0)
(0,0,0)
(0,0,0)
(0,0,0)
(0,0,0)
(0,0,0)
(0,0,0)
(0,0,0)
(0,0,0)
(0,0,0)
(0,0,0)
(0,0,0)
(0,0,0)
(0,0,0)
(0,0,0)
(0,0,0)
(0,0,0)
(0,0,0)
(0,0,0)
(0,0,0)
(0,0,0)
(0,0,0)
(0,0,0)
(0,0,0)
(0,0,0)
(0,0,0)
(0,0,0)
(0,0,0)
(0,0,0)
(0,0,0)
(0,0,0)
(0,0,0)
(0,0,0)
(0,0,0)
(0,0,0)
(0,0,0)
(0,0,0)
(0,0,0)
(0,0,0)
(0,0,0)
(0,0,0)
(0,0,0)
(0,0,0)
(0,0,0)
(0,0,0)
(0,0,0)
(0,0,0)
(0,0,0)
(0,0,0)
(0,0,0)
(0,0,0)
(0,0,0)
(0,0,0)
(0,0,0)
(0,0,0)
(0,0,0)
(0,0,0)
(0,0,0)
(0,0,0)
(0,0,0)
(0,0,0)
(0,0,0)
(0,0,0)
(0,0,0)
(0,0,0)
(0,0,0)
(0,0,0)
(0,0,0)
(0,0,0)
(0,0,0)
(0,0,0)
(0,0,0)
(0,0,0)
(0,0,0)
(0,0,0)
(0,0,0)
(0,0,0)
(0,0,0)
(0,0,0)
(0,0,0)
(0,0,0)
(0,0,0)
(0,0,0)
(0,0,0)
(0,0,0)
(0,0,0)
(0,0,0)
(0,0,0)
(0,0,0)
(0,0,0)
(0,0,0)
(0,0,0)
(0,0,0)
(0,0,0)
(0,0,0)
(0,0,0)
(0,0,0)
(0,0,0)
(0,0,0)
(0,0,0)
(0,0,0)
(0,0,0)
(0,0,0)
(0,0,0)
(0,0,0)
(0,0,0)
(0,0,0)
(0,0,0)
(0,0,0)
(0,0,0)
(0,0,0)
(0,0,0)
(0,0,0)
(0,0,0)
(0,0,0)
(0,0,0)
(0,0,0)
(0,0,0)
(0,0,0)
(0,0,0)
(0,0,0)
(0,0,0)
(0,0,0)
(0,0,0)
(0,0,0)
(0,0,0)
(0,0,0)
(0,0,0)
(0,0,0)
(0,0,0)
(0,0,0)
(0,0,0)
(0,0,0)
(0,0,0)
(0,0,0)
(0,0,0)
(0,0,0)
(0,0,0)
(0,0,0)
(0,0,0)
(0,0,0)
(0,0,0)
(0,0,0)
(0,0,0)
(0,0,0)
(0,0,0)
(0,0,0)
(0,0,0)
(0,0,0)
(0,0,0)
(0,0,0)
(0,0,0)
(0,0,0)
(0,0,0)
(0,0,0)
(0,0,0)
(0,0,0)
(0,0,0)
(0,0,0)
(0,0,0)
(0,0,0)
(0,0,0)
(0,0,0)
(0,0,0)
(0,0,0)
(0,0,0)
(0,0,0)
(0,0,0)
(0,0,0)
(0,0,0)
(0,0,0)
(0,0,0)
(0,0,0)
(0,0,0)
(0,0,0)
(0,0,0)
(0,0,0)
(0,0,0)
(0,0,0)
(0,0,0)
(0,0,0)
(0,0,0)
(0,0,0)
(0,0,0)
(0,0,0)
(0,0,0)
(0,0,0)
(0,0,0)
(0,0,0)
(0,0,0)
(0,0,0)
(0,0,0)
(0,0,0)
(0,0,0)
(0,0,0)
(0,0,0)
(0,0,0)
(0,0,0)
(0,0,0)
(0,0,0)
(0,0,0)
(0,0,0)
(0,0,0)
(0,0,0)
(0,0,0)
(0,0,0)
(0,0,0)
(0,0,0)
(0,0,0)
(0,0,0)
(0,0,0)
(0,0,0)
(0,0,0)
(0,0,0)
(0,0,0)
(0,0,0)
(0,0,0)
(0,0,0)
(0,0,0)
(0,0,0)
(0,0,0)
(0,0,0)
(0,0,0)
(0,0,0)
(0,0,0)
(0,0,0)
(0,0,0)
(0,0,0)
(0,0,0)
(0,0,0)
(0,0,0)
(0,0,0)
(0,0,0)
(0,0,0)
(0,0,0)
(0,0,0)
(0,0,0)
(0,0,0)
(0,0,0)
(0,0,0)
(0,0,0)
(0,0,0)
(0,0,0)
(0,0,0)
(0,0,0)
(0,0,0)
(0,0,0)
(0,0,0)
(0,0,0)
(0,0,0)
(0,0,0)
(0,0,0)
(0,0,0)
(0,0,0)
(0,0,0)
(0,0,0)
(0,0,0)
(0,0,0)
(0,0,0)
(0,0,0)
(0,0,0)
(0,0,0)
(0,0,0)
(0,0,0)
(0,0,0)
(0,0,0)
(0,0,0)
(0,0,0)
(0,0,0)
(0,0,0)
(0,0,0)
(0,0,0)
(0,0,0)
(0,0,0)
(0,0,0)
(0,0,0)
(0,0,0)
(0,0,0)
(0,0,0)
(0,0,0)
(0,0,0)
(0,0,0)
(0,0,0)
(0,0,0)
(0,0,0)
(0,0,0)
(0,0,0)
(0,0,0)
(0,0,0)
(0,0,0)
(0,0,0)
(0,0,0)
(0,0,0)
(0,0,0)
(0,0,0)
(0,0,0)
(0,0,0)
(0,0,0)
(0,0,0)
(0,0,0)
(0,0,0)
(0,0,0)
(0,0,0)
(0,0,0)
(0,0,0)
(0,0,0)
(0,0,0)
(0,0,0)
(0,0,0)
(0,0,0)
(0,0,0)
(0,0,0)
(0,0,0)
(0,0,0)
(0,0,0)
(0,0,0)
(0,0,0)
(0,0,0)
(0,0,0)
(0,0,0)
(0,0,0)
(0,0,0)
(0,0,0)
(0,0,0)
(0,0,0)
(0,0,0)
(0,0,0)
(0,0,0)
(0,0,0)
(0,0,0)
(0,0,0)
(0,0,0)
(0,0,0)
(0,0,0)
(0,0,0)
(0,0,0)
(0,0,0)
(0,0,0)
(0,0,0)
(0,0,0)
(0,0,0)
(0,0,0)
(0,0,0)
(0,0,0)
(0,0,0)
(0,0,0)
(0,0,0)
(0,0,0)
(0,0,0)
(0,0,0)
(0,0,0)
(0,0,0)
(0,0,0)
(0,0,0)
(0,0,0)
(0,0,0)
(0,0,0)
(0,0,0)
(0,0,0)
(0,0,0)
(0,0,0)
(0,0,0)
(0,0,0)
(0,0,0)
(0,0,0)
(0,0,0)
(0,0,0)
(0,0,0)
(0,0,0)
(0,0,0)
(0,0,0)
(0,0,0)
(0,0,0)
(0,0,0)
(0,0,0)
(0,0,0)
(0,0,0)
(0,0,0)
(0,0,0)
(0,0,0)
(0,0,0)
(0,0,0)
(0,0,0)
(0,0,0)
(0,0,0)
(0,0,0)
(0,0,0)
(0,0,0)
(0,0,0)
(0,0,0)
(0,0,0)
(0,0,0)
(0,0,0)
(0,0,0)
(0,0,0)
(0,0,0)
(0,0,0)
(0,0,0)
(0,0,0)
(0,0,0)
(0,0,0)
(0,0,0)
(0,0,0)
(0,0,0)
(0,0,0)
(0,0,0)
(0,0,0)
(0,0,0)
(0,0,0)
(0,0,0)
(0,0,0)
(0,0,0)
(0,0,0)
(0,0,0)
(0,0,0)
(0,0,0)
(0,0,0)
(0,0,0)
(0,0,0)
(0,0,0)
(0,0,0)
(0,0,0)
(0,0,0)
(0,0,0)
(0,0,0)
(0,0,0)
(0,0,0)
(0,0,0)
(0,0,0)
(0,0,0)
(0,0,0)
(0,0,0)
(0,0,0)
(0,0,0)
(0,0,0)
(0,0,0)
(0,0,0)
(0,0,0)
(0,0,0)
(0,0,0)
(0,0,0)
(0,0,0)
(0,0,0)
(0,0,0)
(0,0,0)
(0,0,0)
(0,0,0)
(0,0,0)
(0,0,0)
(0,0,0)
(0,0,0)
(0,0,0)
(0,0,0)
(0,0,0)
(0,0,0)
(0,0,0)
(0,0,0)
(0,0,0)
(0,0,0)
(0,0,0)
(0,0,0)
(0,0,0)
(0,0,0)
(0,0,0)
(0,0,0)
(0,0,0)
(0,0,0)
(0,0,0)
(0,0,0)
(0,0,0)
(0,0,0)
(0,0,0)
(0,0,0)
(0,0,0)
(0,0,0)
(0,0,0)
(0,0,0)
(0,0,0)
(0,0,0)
(0,0,0)
(0,0,0)
(0,0,0)
(0,0,0)
(0,0,0)
(0,0,0)
(0,0,0)
(0,0,0)
(0,0,0)
(0,0,0)
(0,0,0)
(0,0,0)
(0,0,0)
(0,0,0)
(0,0,0)
(0,0,0)
(0,0,0)
(0,0,0)
(0,0,0)
(0,0,0)
(0,0,0)
(0,0,0)
(0,0,0)
(0,0,0)
(0,0,0)
(0,0,0)
(0,0,0)
(0,0,0)
(0,0,0)
(0,0,0)
(0,0,0)
(0,0,0)
(0,0,0)
(0,0,0)
(0,0,0)
(0,0,0)
(0,0,0)
(0,0,0)
(0,0,0)
(0,0,0)
(0,0,0)
(0,0,0)
(0,0,0)
(0,0,0)
(0,0,0)
(0,0,0)
(0,0,0)
(0,0,0)
(0,0,0)
(0,0,0)
(0,0,0)
(0,0,0)
(0,0,0)
(0,0,0)
(0,0,0)
(0,0,0)
(0,0,0)
(0,0,0)
(0,0,0)
(0,0,0)
(0,0,0)
(0,0,0)
(0,0,0)
(0,0,0)
(0,0,0)
(0,0,0)
(0,0,0)
(0,0,0)
(0,0,0)
(0,0,0)
(0,0,0)
(0,0,0)
(0,0,0)
(0,0,0)
(0,0,0)
(0,0,0)
(0,0,0)
(0,0,0)
(0,0,0)
(0,0,0)
(0,0,0)
(0,0,0)
(0,0,0)
(0,0,0)
(0,0,0)
(0,0,0)
(0,0,0)
(0,0,0)
(0,0,0)
(0,0,0)
(0,0,0)
(0,0,0)
(0,0,0)
(0,0,0)
(0,0,0)
(0,0,0)
(0,0,0)
(0,0,0)
(0,0,0)
(0,0,0)
(0,0,0)
(0,0,0)
(0,0,0)
(0,0,0)
(0,0,0)
(0,0,0)
(0,0,0)
(0,0,0)
(0,0,0)
(0,0,0)
(0,0,0)
(0,0,0)
(0,0,0)
(0,0,0)
(0,0,0)
(0,0,0)
(0,0,0)
(0,0,0)
(0,0,0)
(0,0,0)
(0,0,0)
(0,0,0)
(0,0,0)
(0,0,0)
(0,0,0)
(0,0,0)
(0,0,0)
(0,0,0)
(0,0,0)
(0,0,0)
(0,0,0)
(0,0,0)
(0,0,0)
(0,0,0)
(0,0,0)
(0,0,0)
(0,0,0)
(0,0,0)
(0,0,0)
(0,0,0)
(0,0,0)
(0,0,0)
(0,0,0)
(0,0,0)
(0,0,0)
(0,0,0)
(0,0,0)
(0,0,0)
(0,0,0)
(0,0,0)
(0,0,0)
(0,0,0)
(0,0,0)
(0,0,0)
(0,0,0)
(0,0,0)
(0,0,0)
(0,0,0)
(0,0,0)
(0,0,0)
(0,0,0)
(0,0,0)
(0,0,0)
(0,0,0)
(0,0,0)
(0,0,0)
(0,0,0)
(0,0,0)
(0,0,0)
(0,0,0)
(0,0,0)
(0,0,0)
(0,0,0)
(0,0,0)
(-3.73771982115408e-13,1.14928321352644e-11,-1.22601711121873e-11)
(7.98547966884194e-14,2.43209627435312e-11,-1.19596170887268e-11)
(-2.04877560217924e-13,4.14483209420557e-11,-1.09322356825403e-11)
(7.82160977834456e-13,6.58516302816588e-11,-9.39200124103854e-12)
(2.09080185358122e-12,1.02833869071507e-10,-6.8715601383365e-12)
(1.68388287481033e-12,1.62258161944737e-10,-4.10074195459612e-12)
(-1.91501640780902e-13,2.60372168443629e-10,-2.10932249488677e-12)
(-1.78785278852998e-12,4.24817095751195e-10,-1.16872148415305e-12)
(-3.1901997968662e-12,6.95602390419332e-10,-1.8475905436805e-13)
(-5.9615806515007e-12,1.07436750563987e-09,3.88603402513837e-13)
(0,0,0)
(0,0,0)
(0,0,0)
(0,0,0)
(0,0,0)
(0,0,0)
(-6.82635382010493e-14,1.10511687526604e-11,-2.65597582677805e-11)
(1.66575681521035e-12,2.33796991633222e-11,-2.58929376140501e-11)
(1.31687938082e-12,3.96999012581851e-11,-2.4036503336668e-11)
(2.72805147229538e-12,6.33223096639521e-11,-2.11072849688128e-11)
(3.46837292756521e-12,1.00419268797998e-10,-1.68570152278497e-11)
(2.05187864914708e-12,1.60346871122417e-10,-1.16874308512422e-11)
(-7.28435292801194e-13,2.59506839991175e-10,-6.81382011434499e-12)
(-4.86221326608563e-12,4.24370677745949e-10,-3.90530600121133e-12)
(-8.10271331803582e-12,6.95599014961413e-10,-2.0429998115497e-12)
(-1.14453721199188e-11,1.07480050844778e-09,-7.25516225407778e-13)
(0,0,0)
(0,0,0)
(0,0,0)
(0,0,0)
(0,0,0)
(0,0,0)
(-9.81424880262868e-13,1.04014207964786e-11,-4.54441466918014e-11)
(6.5224413828336e-13,2.20667245365826e-11,-4.41639066197054e-11)
(4.07889826034901e-13,3.70003414716586e-11,-4.13158479013742e-11)
(2.27282324632327e-12,5.93863503468228e-11,-3.71352903834916e-11)
(2.39480102263414e-12,9.5970546198111e-11,-3.13231150578617e-11)
(-2.29954847285614e-13,1.56207233952971e-10,-2.39659865481929e-11)
(-4.42794962891849e-12,2.57267821772482e-10,-1.66122352506175e-11)
(-1.0472277175394e-11,4.23565630443512e-10,-1.14215987824196e-11)
(-1.46071824661948e-11,6.95454356692428e-10,-7.56410585209012e-12)
(-1.84208386309585e-11,1.07465308859342e-09,-3.83714492895951e-12)
(0,0,0)
(0,0,0)
(0,0,0)
(0,0,0)
(0,0,0)
(0,0,0)
(-1.56319548945407e-12,8.70728443669482e-12,-7.1016367020217e-11)
(-5.81543425428691e-13,1.91035247641906e-11,-6.95092256135229e-11)
(-4.10328188255516e-13,3.24152282381386e-11,-6.64713296262388e-11)
(1.1036672362227e-12,5.30166999943076e-11,-6.1888915423715e-11)
(8.45362902194792e-13,8.82763950123747e-11,-5.53993701116422e-11)
(-2.54673025883495e-12,1.48452084200489e-10,-4.68088906885212e-11)
(-8.89636539750973e-12,2.52030536958779e-10,-3.77508730256804e-11)
(-1.61670181146452e-11,4.21200357844736e-10,-2.91225552211659e-11)
(-2.12925002269725e-11,6.93836478187888e-10,-2.02148057009526e-11)
(-2.51615368850681e-11,1.07247021104849e-09,-1.03918893504684e-11)
(0,0,0)
(0,0,0)
(0,0,0)
(0,0,0)
(0,0,0)
(0,0,0)
(-1.07042969466594e-12,6.65447637546994e-12,-1.07725842591735e-10)
(-1.58706626692749e-13,1.54491883779975e-11,-1.06922840402019e-10)
(-3.96384560808335e-13,2.70180680737214e-11,-1.04704804127353e-10)
(-1.76876839550045e-13,4.53075669372767e-11,-1.00636600836013e-10)
(-1.28092410189066e-12,7.81967980868759e-11,-9.4488880060235e-11)
(-5.4189993490214e-12,1.37300947144155e-10,-8.6384325708215e-11)
(-1.30741697915198e-11,2.42056199096076e-10,-7.68811019335906e-11)
(-2.01765559265136e-11,4.14531715720213e-10,-6.23913824347218e-11)
(-2.56124485275324e-11,6.87307881282515e-10,-4.3916390927646e-11)
(-2.87112473924102e-11,1.06510085134414e-09,-2.26782176441682e-11)
(0,0,0)
(0,0,0)
(0,0,0)
(0,0,0)
(0,0,0)
(0,0,0)
(-5.4005132544913e-13,5.03293052948839e-12,-1.65360950371984e-10)
(-2.60928188192443e-13,1.19634680084537e-11,-1.6512219284895e-10)
(-5.23169645395012e-13,2.12499466178635e-11,-1.63612412408799e-10)
(-8.63424528393143e-13,3.69825485989828e-11,-1.60663192572197e-10)
(-3.43768181906474e-12,6.72724110919066e-11,-1.55525574095665e-10)
(-8.08240567649409e-12,1.24615563366095e-10,-1.47591012007657e-10)
(-1.48875502494714e-11,2.2975656606619e-10,-1.3543908687799e-10)
(-2.04390158006394e-11,4.00741963371045e-10,-1.14188345176242e-10)
(-2.54331337733052e-11,6.70580719727962e-10,-8.25583535831701e-11)
(-2.87474758389937e-11,1.04626325024949e-09,-4.36095877636069e-11)
(0,0,0)
(0,0,0)
(0,0,0)
(0,0,0)
(0,0,0)
(0,0,0)
(2.4159867867102e-13,4.23665903457234e-12,-2.61270073300489e-10)
(4.51791988205299e-13,9.49663821524234e-12,-2.61032915219464e-10)
(-1.06937742734696e-13,1.67511589525043e-11,-2.59842599309118e-10)
(-7.51846080554968e-13,2.98973594121415e-11,-2.57742416038501e-10)
(-4.3462054141937e-12,5.67067075155487e-11,-2.53155873514347e-10)
(-9.7613321382028e-12,1.09734149582573e-10,-2.43993741066202e-10)
(-1.47374777025706e-11,2.10639242070335e-10,-2.25926123043536e-10)
(-1.80714189849707e-11,3.73739699331264e-10,-1.95550390664868e-10)
(-2.25703714450163e-11,6.3549131579372e-10,-1.45543994764801e-10)
(-2.62714785099067e-11,1.00559158727911e-09,-7.88785231651065e-11)
(0,0,0)
(0,0,0)
(0,0,0)
(0,0,0)
(0,0,0)
(0,0,0)
(7.46719229789399e-13,3.62704703702196e-12,-4.23081394337777e-10)
(1.71556018923469e-12,7.65706032573998e-12,-4.22318811651179e-10)
(2.05316475635528e-12,1.34777270498076e-11,-4.20842354972601e-10)
(1.14167623724819e-12,2.44833239938833e-11,-4.18348132764789e-10)
(-2.32059642219185e-12,4.73652675882072e-11,-4.12686631056627e-10)
(-6.48986398145909e-12,9.37383639907903e-11,-4.01250810960192e-10)
(-1.0365948360993e-11,1.81257701680768e-10,-3.77608852465832e-10)
(-1.29961173840051e-11,3.26318760033258e-10,-3.32274719973409e-10)
(-1.63905185685898e-11,5.70937718103656e-10,-2.56457426249059e-10)
(-1.98761261331774e-11,9.27997698080561e-10,-1.45093538244531e-10)
(0,0,0)
(0,0,0)
(0,0,0)
(0,0,0)
(0,0,0)
(0,0,0)
(3.5229448856177e-13,2.69207838952012e-12,-6.92995212597654e-10)
(1.77026756776499e-12,5.78298280279506e-12,-6.91845416992922e-10)
(2.96503836204649e-12,1.00609375329491e-11,-6.896577900935e-10)
(2.13967868964198e-12,1.80067566550594e-11,-6.85960823467188e-10)
(-3.69333908117124e-13,3.49543884970374e-11,-6.78673823764639e-10)
(-3.7844911336677e-12,7.02054735043432e-11,-6.63859402276853e-10)
(-7.29744945750234e-12,1.36324300762174e-10,-6.32631368470905e-10)
(-1.05373988593888e-11,2.52201472772688e-10,-5.71190059984047e-10)
(-1.37690875429412e-11,4.61089381152252e-10,-4.61528692975399e-10)
(-1.62713711579867e-11,7.83638619674985e-10,-2.77198547426757e-10)
(0,0,0)
(0,0,0)
(0,0,0)
(0,0,0)
(0,0,0)
(0,0,0)
(-7.12275816897139e-13,1.52009269653509e-12,-1.07131022401211e-09)
(6.47766758213378e-13,3.22643801692985e-12,-1.07007848923017e-09)
(2.7756270236134e-12,5.54511031870491e-12,-1.06721192610132e-09)
(2.97830572827281e-12,9.74683535667184e-12,-1.06239054986328e-09)
(1.87283539216962e-12,1.86347798887524e-11,-1.05367768457464e-09)
(-1.00534599517033e-12,3.79042224736169e-11,-1.03641069345562e-09)
(-4.79177648603254e-12,7.47234191121627e-11,-9.99947358898359e-10)
(-9.04712898592914e-12,1.43238293525864e-10,-9.25704395430197e-10)
(-1.2690048299983e-11,2.77222148106029e-10,-7.82198431570299e-10)
(-1.53548986823575e-11,5.06312990017771e-10,-5.05302033712901e-10)
(0,0,0)
(0,0,0)
(0,0,0)
(0,0,0)
(0,0,0)
(0,0,0)
(0,0,0)
(0,0,0)
(0,0,0)
(0,0,0)
(0,0,0)
(0,0,0)
(0,0,0)
(0,0,0)
(0,0,0)
(0,0,0)
(0,0,0)
(0,0,0)
(0,0,0)
(0,0,0)
(0,0,0)
(0,0,0)
(0,0,0)
(0,0,0)
(0,0,0)
(0,0,0)
(0,0,0)
(0,0,0)
(0,0,0)
(0,0,0)
(0,0,0)
(0,0,0)
(0,0,0)
(0,0,0)
(0,0,0)
(0,0,0)
(0,0,0)
(0,0,0)
(0,0,0)
(0,0,0)
(0,0,0)
(0,0,0)
(0,0,0)
(0,0,0)
(0,0,0)
(0,0,0)
(0,0,0)
(0,0,0)
(0,0,0)
(0,0,0)
(0,0,0)
(0,0,0)
(0,0,0)
(0,0,0)
(0,0,0)
(0,0,0)
(0,0,0)
(0,0,0)
(0,0,0)
(0,0,0)
(0,0,0)
(0,0,0)
(0,0,0)
(0,0,0)
(0,0,0)
(0,0,0)
(0,0,0)
(0,0,0)
(0,0,0)
(0,0,0)
(0,0,0)
(0,0,0)
(0,0,0)
(0,0,0)
(0,0,0)
(0,0,0)
(0,0,0)
(0,0,0)
(0,0,0)
(0,0,0)
(0,0,0)
(0,0,0)
(0,0,0)
(0,0,0)
(0,0,0)
(0,0,0)
(0,0,0)
(0,0,0)
(0,0,0)
(0,0,0)
(0,0,0)
(0,0,0)
(0,0,0)
(0,0,0)
(0,0,0)
(0,0,0)
(0,0,0)
(0,0,0)
(0,0,0)
(0,0,0)
(0,0,0)
(0,0,0)
(-2.32662622974048e-13,2.19130637342823e-11,-2.23889462017775e-11)
(-6.26302928891102e-15,4.68348128308045e-11,-2.16122192889177e-11)
(3.30768212876589e-15,7.86407648238523e-11,-1.97070514524139e-11)
(7.91040492837307e-13,1.23403560479557e-10,-1.68361201409049e-11)
(1.73458394328989e-12,1.89172722954758e-10,-1.22469439560759e-11)
(1.60375423743786e-12,2.91984668796216e-10,-6.75001406520452e-12)
(-2.66774198971325e-13,4.58172764031974e-10,-2.193761522844e-12)
(-2.32539721318731e-12,7.43440428360466e-10,-3.93488942202939e-13)
(-3.76018679619737e-12,1.28491705591135e-09,6.13158812098156e-13)
(-6.00598005742821e-12,2.52746361568116e-09,8.76440245941019e-13)
(0,0,0)
(0,0,0)
(0,0,0)
(0,0,0)
(0,0,0)
(0,0,0)
(-8.53362357488889e-14,2.10672275584447e-11,-4.99514801404051e-11)
(1.1222971645713e-12,4.51263283191672e-11,-4.82525341003901e-11)
(1.08722079949723e-12,7.56955662562134e-11,-4.41398903379694e-11)
(2.41374104845083e-12,1.18800637075728e-10,-3.79568410952526e-11)
(2.74751115085752e-12,1.84300319216004e-10,-2.8907819710366e-11)
(1.31790508167292e-12,2.88236942449224e-10,-1.7780145655874e-11)
(-1.3979311873575e-12,4.57359027587879e-10,-7.50430850224584e-12)
(-5.91947215305321e-12,7.44161779259811e-10,-2.73632340542912e-12)
(-9.2755386348285e-12,1.28665794953524e-09,-9.4635542931605e-13)
(-1.20234684907665e-11,2.53003462493069e-09,-2.7267570542207e-13)
(0,0,0)
(0,0,0)
(0,0,0)
(0,0,0)
(0,0,0)
(0,0,0)
(-5.67528592574315e-13,1.96940174790696e-11,-8.44947627034092e-11)
(7.67385192349436e-13,4.18376719564334e-11,-8.20170158140668e-11)
(8.12445541686082e-13,6.98987458328331e-11,-7.65304595962803e-11)
(2.83029827321814e-12,1.10005516340709e-10,-6.7786302607691e-11)
(2.73182369865343e-12,1.73691827809454e-10,-5.44911850915221e-11)
(1.71443607642003e-13,2.78512027461435e-10,-3.75287472180746e-11)
(-4.38130128342984e-12,4.53673780745133e-10,-2.10755154903459e-11)
(-1.19644975071443e-11,7.45065573530487e-10,-1.29317917561873e-11)
(-1.67162648850784e-11,1.28937096548889e-09,-8.99276225257949e-12)
(-2.00751060152205e-11,2.53282295507391e-09,-4.91319320216237e-12)
(0,0,0)
(0,0,0)
(0,0,0)
(0,0,0)
(0,0,0)
(0,0,0)
(-1.01752883492398e-12,1.68096230068157e-11,-1.29686261193712e-10)
(3.48969734772276e-14,3.60301133969841e-11,-1.27212827686828e-10)
(4.04417773630048e-13,6.02769804601006e-11,-1.21409555870523e-10)
(2.32325498118157e-12,9.5793222101273e-11,-1.11855103685962e-10)
(2.33448040455468e-12,1.55494615232749e-10,-9.71072912852694e-11)
(-4.53610865329784e-13,2.598328851676e-10,-7.72694451903294e-11)
(-7.55034533933348e-12,4.43737812700631e-10,-5.63951901617029e-11)
(-1.84061255102492e-11,7.44514391181382e-10,-4.24704907881945e-11)
(-2.45868196715557e-11,1.2901951311499e-09,-3.06662107543819e-11)
(-2.81840665303552e-11,2.53225863516111e-09,-1.635920134429e-11)
(0,0,0)
(0,0,0)
(0,0,0)
(0,0,0)
(0,0,0)
(0,0,0)
(-2.51886038400133e-13,1.32129840171823e-11,-1.93616302863335e-10)
(1.10897746818321e-12,2.88237643565142e-11,-1.92194942988485e-10)
(1.30353360370927e-12,4.84793632198289e-11,-1.87622853153628e-10)
(2.00042072296015e-12,7.80688739708204e-11,-1.79375709955034e-10)
(1.53890854106523e-12,1.3104861840745e-10,-1.6724511684373e-10)
(-2.23683934557872e-12,2.30931718005304e-10,-1.52388988433561e-10)
(-1.52642562605075e-11,4.20177129344417e-10,-1.39816288324085e-10)
(-2.48617950842086e-11,7.37268047507818e-10,-1.09448336317405e-10)
(-3.01234602565643e-11,1.28267621248388e-09,-7.64176834137815e-11)
(-3.2551863942486e-11,2.52172531348859e-09,-3.95643379512696e-11)
(0,0,0)
(0,0,0)
(0,0,0)
(0,0,0)
(0,0,0)
(0,0,0)
(1.74626464329202e-14,1.03376167919481e-11,-2.94290055550287e-10)
(6.96121164865696e-13,2.21534511436956e-11,-2.93536831130856e-10)
(1.02639818335669e-12,3.67648785599095e-11,-2.90458703660683e-10)
(1.08414618192935e-12,6.05820342533699e-11,-2.84729713633973e-10)
(-8.06540330700748e-13,1.06959045288254e-10,-2.76064382749404e-10)
(-5.35291702268677e-12,2.03546304896254e-10,-2.64068285632037e-10)
(-1.70209679553244e-11,4.02010465392424e-10,-2.47609948027501e-10)
(-2.5066743353924e-11,7.16615298933349e-10,-2.06888602484312e-10)
(-2.92924956586909e-11,1.25490716074394e-09,-1.48313574403638e-10)
(-3.16854006319588e-11,2.48882113756854e-09,-7.79118857012013e-11)
(0,0,0)
(0,0,0)
(0,0,0)
(0,0,0)
(0,0,0)
(0,0,0)
(6.14052595195504e-13,8.18435398973398e-12,-4.58169094488879e-10)
(1.10105396736298e-12,1.68494007245488e-11,-4.57236687010369e-10)
(1.0663108893465e-12,2.73798202051954e-11,-4.54913510546788e-10)
(7.56468135395852e-14,4.59095528869263e-11,-4.51688001751135e-10)
(-4.16689793497514e-12,8.49222725405471e-11,-4.46536070009417e-10)
(-1.18331645690571e-11,1.72307667615962e-10,-4.35759493384189e-10)
(-1.57316696916623e-11,3.69474095902523e-10,-4.029130688771e-10)
(-2.0656875587122e-11,6.69223115619783e-10,-3.5343000048085e-10)
(-2.46822453549159e-11,1.19251258539218e-09,-2.60573028741355e-10)
(-2.75561124760008e-11,2.41638428110082e-09,-1.40155774605534e-10)
(0,0,0)
(0,0,0)
(0,0,0)
(0,0,0)
(0,0,0)
(0,0,0)
(9.1910519069329e-13,6.43526667383229e-12,-7.39002268400316e-10)
(2.11318103360221e-12,1.29215479477939e-11,-7.3766109674216e-10)
(2.97573206540544e-12,2.11185092124172e-11,-7.35338394473365e-10)
(1.95674186791194e-12,3.68172304848996e-11,-7.31837718952391e-10)
(-1.34553742748521e-12,7.25045114862256e-11,-7.25385004861631e-10)
(-6.59893198934174e-12,1.53430692791956e-10,-7.11681471727319e-10)
(-1.07666799347884e-11,3.20192119491721e-10,-6.75219006092821e-10)
(-1.46961238479566e-11,5.80344220552817e-10,-5.93478795413111e-10)
(-1.79060696215631e-11,1.0760280580129e-09,-4.56447019265721e-10)
(-2.06105859727598e-11,2.27913972588058e-09,-2.59225470468571e-10)
(0,0,0)
(0,0,0)
(0,0,0)
(0,0,0)
(0,0,0)
(0,0,0)
(3.7448457681452e-13,4.55402112091525e-12,-1.28005518132692e-09)
(2.1391854542093e-12,9.52611910359866e-12,-1.27788303212192e-09)
(3.78389894997971e-12,1.55583317278826e-11,-1.27378386034842e-09)
(3.11260028548512e-12,2.75243642882525e-11,-1.26796388240871e-09)
(1.13585321239815e-12,5.59573255886764e-11,-1.25801564030641e-09)
(-2.71127390891042e-12,1.18289859677408e-10,-1.2363439210739e-09)
(-7.13787629434548e-12,2.38417730729856e-10,-1.18524202838091e-09)
(-1.12355866212265e-11,4.45310723382733e-10,-1.07725535015839e-09)
(-1.42320000453849e-11,8.81186049251934e-10,-8.84589276831026e-10)
(-1.61442889274781e-11,2.02188729976794e-09,-5.52729302556198e-10)
(0,0,0)
(0,0,0)
(0,0,0)
(0,0,0)
(0,0,0)
(0,0,0)
(-4.23917902306247e-13,2.53719689367804e-12,-2.52313301670902e-09)
(1.00764164629706e-12,5.36320065558771e-12,-2.52028893287629e-09)
(3.49936110427366e-12,8.73999084309624e-12,-2.5146534906663e-09)
(4.01227579630472e-12,1.53022403396265e-11,-2.50674143522492e-09)
(3.2406241618929e-12,3.08430321414539e-11,-2.49373738784083e-09)
(4.35541921176834e-13,6.46538273259021e-11,-2.46603411494728e-09)
(-4.31132084204239e-12,1.29546158436159e-10,-2.40427044266538e-09)
(-9.31479931991843e-12,2.53358628720749e-10,-2.27584159238404e-09)
(-1.23642980513497e-11,5.50370609397523e-10,-2.02207999425683e-09)
(-1.43439423773991e-11,1.47039318899508e-09,-1.47115002672504e-09)
(0,0,0)
(0,0,0)
(0,0,0)
(0,0,0)
(0,0,0)
(0,0,0)
(0,0,0)
(0,0,0)
(0,0,0)
(0,0,0)
(0,0,0)
(0,0,0)
(0,0,0)
(0,0,0)
(0,0,0)
(0,0,0)
(0,0,0)
(0,0,0)
(0,0,0)
(0,0,0)
(0,0,0)
(0,0,0)
(0,0,0)
(0,0,0)
(0,0,0)
(0,0,0)
(0,0,0)
(0,0,0)
(0,0,0)
(0,0,0)
(0,0,0)
(0,0,0)
(0,0,0)
(0,0,0)
(0,0,0)
(0,0,0)
(0,0,0)
(0,0,0)
(0,0,0)
(0,0,0)
(0,0,0)
(0,0,0)
(0,0,0)
(0,0,0)
(0,0,0)
(0,0,0)
(0,0,0)
(0,0,0)
(0,0,0)
(0,0,0)
(0,0,0)
(0,0,0)
(0,0,0)
(0,0,0)
(0,0,0)
(0,0,0)
(0,0,0)
(0,0,0)
(0,0,0)
(0,0,0)
(0,0,0)
(0,0,0)
(0,0,0)
(0,0,0)
(0,0,0)
(0,0,0)
(0,0,0)
(0,0,0)
(0,0,0)
(0,0,0)
(0,0,0)
(0,0,0)
(0,0,0)
(0,0,0)
(0,0,0)
(0,0,0)
(0,0,0)
(0,0,0)
(0,0,0)
(0,0,0)
(0,0,0)
(0,0,0)
(0,0,0)
(0,0,0)
(0,0,0)
(0,0,0)
(0,0,0)
(0,0,0)
(0,0,0)
(0,0,0)
(0,0,0)
(0,0,0)
(0,0,0)
(0,0,0)
(0,0,0)
(0,0,0)
(0,0,0)
(0,0,0)
(0,0,0)
(0,0,0)
(0,0,0)
(0,0,0)
(-1.63553360051535e-13,3.00270191839413e-11,-3.01876169213798e-11)
(-2.02946354491787e-13,6.40817057199293e-11,-2.89171556898486e-11)
(7.75749390372958e-14,1.06153275252397e-10,-2.63112577230216e-11)
(8.04787711895197e-13,1.63895493929984e-10,-2.16190567139105e-11)
(1.11005779080871e-12,2.46208738264227e-10,-1.40775017835967e-11)
(7.9522804215257e-13,3.66446676049678e-10,-4.83988015622827e-12)
(-1.25331033552934e-12,5.43851421645838e-10,3.18925349757475e-12)
(-4.05339586725414e-12,8.04737596595203e-10,5.36356551570909e-12)
(-5.76436185371938e-12,1.1744358846712e-09,4.63137348887089e-12)
(-7.7005490613114e-12,1.62576733527385e-09,2.83642396503712e-12)
(0,0,0)
(0,0,0)
(0,0,0)
(0,0,0)
(0,0,0)
(0,0,0)
(-4.11072196673426e-13,2.85093456909414e-11,-6.68773564218892e-11)
(2.98309764353579e-13,6.14242971050308e-11,-6.45620429508309e-11)
(7.00991978934735e-13,1.01903579804075e-10,-5.88359338625292e-11)
(2.15984039927806e-12,1.57043150435068e-10,-4.89488167896766e-11)
(2.22832850333702e-12,2.3807512741518e-10,-3.3513105809406e-11)
(7.6698291566684e-13,3.59874891396182e-10,-1.33072301602268e-11)
(-2.48066944260069e-12,5.43393286548165e-10,5.90991105346326e-12)
(-8.61323439831361e-12,8.08057844131785e-10,1.04574593304005e-11)
(-1.26622343127429e-11,1.17892299267832e-09,7.66008352541451e-12)
(-1.50844743388872e-11,1.63064688164266e-09,3.68386746185169e-12)
(0,0,0)
(0,0,0)
(0,0,0)
(0,0,0)
(0,0,0)
(0,0,0)
(-1.60881011777465e-13,2.59522005175083e-11,-1.11997784245547e-10)
(1.08838753521078e-12,5.58420999584971e-11,-1.08816359606464e-10)
(1.69005392645906e-12,9.25147623554298e-11,-1.00972882157296e-10)
(3.74747499590212e-12,1.42293665544392e-10,-8.68670437838385e-11)
(3.96659840204457e-12,2.19236118937867e-10,-6.37214670307712e-11)
(2.39735417347061e-12,3.4234451141263e-10,-3.05277474990248e-11)
(-2.58905697203447e-12,5.41081919598099e-10,5.46318130542048e-12)
(-1.53523446627497e-11,8.15745882341951e-10,9.69849970817309e-12)
(-2.16199995953956e-11,1.18817708384209e-09,3.60963270078947e-12)
(-2.4423979305298e-11,1.63892107708014e-09,1.58200552901609e-13)
(0,0,0)
(0,0,0)
(0,0,0)
(0,0,0)
(0,0,0)
(0,0,0)
(1.05676647223388e-13,2.20395777125822e-11,-1.7014122671953e-10)
(1.43797419876253e-12,4.73560632990248e-11,-1.66806958758736e-10)
(2.64758282860939e-12,7.76840939873851e-11,-1.58093715909633e-10)
(5.29979071030233e-12,1.19001204851287e-10,-1.42415998594761e-10)
(6.9426311353476e-12,1.86592234693173e-10,-1.16315067723926e-10)
(7.57330126806568e-12,3.05979051061827e-10,-7.50146595025486e-11)
(2.08563864358126e-12,5.32631368708952e-10,-2.01633168591128e-11)
(-2.29640618702532e-11,8.30064500764691e-10,-1.78023263872565e-11)
(-3.13749104153185e-11,1.20018302596912e-09,-2.03565264582993e-11)
(-3.40099462027114e-11,1.64589595645425e-09,-1.34513643263094e-11)
(0,0,0)
(0,0,0)
(0,0,0)
(0,0,0)
(0,0,0)
(0,0,0)
(1.2021213116082e-12,1.7331476729831e-11,-2.49254167280308e-10)
(3.20720084703244e-12,3.70931146435999e-11,-2.46948905510617e-10)
(4.77087506392097e-12,5.96528130466373e-11,-2.39483379048106e-10)
(7.35666732935e-12,8.98534444615733e-11,-2.26044310649095e-10)
(1.07723532510671e-11,1.40477697102523e-10,-2.05923938615838e-10)
(1.25758736530719e-11,2.36979311830614e-10,-1.81689689407353e-10)
(-2.74655443161426e-11,4.67108235770204e-10,-1.96828180454683e-10)
(-3.72396994133359e-11,8.44924726382384e-10,-1.28713847887732e-10)
(-3.92077539773992e-11,1.20550468132396e-09,-8.67705466395353e-11)
(-3.92120259742828e-11,1.6406047474599e-09,-4.52442927014096e-11)
(0,0,0)
(0,0,0)
(0,0,0)
(0,0,0)
(0,0,0)
(0,0,0)
(1.41750102925867e-12,1.36027298980365e-11,-3.66344873096198e-10)
(2.92204411363522e-12,2.7704998849952e-11,-3.64510429169184e-10)
(4.68246651117027e-12,4.2369570953771e-11,-3.59329169638714e-10)
(7.09129666524512e-12,6.20378167728851e-11,-3.50577610784653e-10)
(9.23413529853324e-12,9.78029521451403e-11,-3.38760697080341e-10)
(9.42738265301467e-12,1.867222127562e-10,-3.24458747700087e-10)
(-2.52059440080845e-11,4.74617814741007e-10,-3.33681948802231e-10)
(-3.62495881214288e-11,8.35664328370482e-10,-2.63929571254644e-10)
(-3.72996090088347e-11,1.1794060977831e-09,-1.82476929328456e-10)
(-3.71604298664396e-11,1.60388842543176e-09,-9.37685026923659e-11)
(0,0,0)
(0,0,0)
(0,0,0)
(0,0,0)
(0,0,0)
(0,0,0)
(1.43073243321474e-12,1.01959067978511e-11,-5.3994765353315e-10)
(2.70573027956255e-12,1.95419624381369e-11,-5.38268790955742e-10)
(4.10211308698592e-12,2.81550439732493e-11,-5.35378054766614e-10)
(4.01603747359232e-12,3.91054447036813e-11,-5.32899653630653e-10)
(-2.52571350554746e-12,5.7972503515001e-11,-5.34865241246328e-10)
(-2.58026142522395e-11,1.14395849062252e-10,-5.43438123399008e-10)
(-1.59327616768436e-11,4.43446234297664e-10,-4.77505651431112e-10)
(-2.46349522604565e-11,7.82897421525843e-10,-4.58206812212871e-10)
(-2.86149721108042e-11,1.10409395489915e-09,-3.1803378786693e-10)
(-3.04673318609936e-11,1.51705108740001e-09,-1.63482945822941e-10)
(0,0,0)
(0,0,0)
(0,0,0)
(0,0,0)
(0,0,0)
(0,0,0)
(1.45917908566673e-12,7.41539107560906e-12,-7.95250465157075e-10)
(3.18590760908451e-12,1.38795322392724e-11,-7.93329527379643e-10)
(5.03523402821482e-12,2.02220146186857e-11,-7.9105870320348e-10)
(4.79689397491045e-12,3.12049047471738e-11,-7.89713332274766e-10)
(1.4981153348508e-12,5.92570363473555e-11,-7.91588700545088e-10)
(-7.92056450895502e-12,1.45601312797544e-10,-7.96832130001413e-10)
(-1.07325018523624e-11,3.99387706104154e-10,-7.7910604343292e-10)
(-1.66944028264867e-11,6.46368034387911e-10,-6.64388165141966e-10)
(-2.0285609657295e-11,9.54277884738063e-10,-4.84565617461519e-10)
(-2.25836303280664e-11,1.35690558830882e-09,-2.61353768315151e-10)
(0,0,0)
(0,0,0)
(0,0,0)
(0,0,0)
(0,0,0)
(0,0,0)
(2.19159599055326e-13,4.97240701713346e-12,-1.16465877461448e-09)
(2.20293212874944e-12,9.95066429789693e-12,-1.16185171769261e-09)
(4.78226189558118e-12,1.50502755641648e-11,-1.1573959178822e-09)
(5.38648213165499e-12,2.55849844744447e-11,-1.15296130911969e-09)
(4.57842742768148e-12,5.41237715810028e-11,-1.14757442121248e-09)
(-1.77134250723464e-13,1.26982355211298e-10,-1.13306407677016e-09)
(-6.25298222306488e-12,2.80265284013829e-10,-1.08423721605843e-09)
(-1.19495652877805e-11,4.66862312477338e-10,-9.52915371894953e-10)
(-1.52765344651932e-11,7.32679363161866e-10,-7.38182400772885e-10)
(-1.73794807108884e-11,1.09736523359955e-09,-4.24142133282364e-10)
(0,0,0)
(0,0,0)
(0,0,0)
(0,0,0)
(0,0,0)
(0,0,0)
(-7.30804841966901e-13,2.59909862642247e-12,-1.61643410726817e-09)
(7.35400091532106e-13,5.56885387997289e-12,-1.61302270118227e-09)
(4.32729650635162e-12,8.70188312890539e-12,-1.60684840473344e-09)
(6.3104687516459e-12,1.51918248269977e-11,-1.59959335603114e-09)
(6.38038340999204e-12,3.22802828215589e-11,-1.58821703728563e-09)
(3.32569696454857e-12,7.18172477246558e-11,-1.56074459305147e-09)
(-3.19401268679908e-12,1.46078141485708e-10,-1.4931676966476e-09)
(-9.71776872747849e-12,2.51533513938055e-10,-1.34898124907486e-09)
(-1.29236561850528e-11,4.1967658380354e-10,-1.0979531789146e-09)
(-1.51007801066789e-11,6.75195366453274e-10,-6.77114860433601e-10)
(0,0,0)
(0,0,0)
(0,0,0)
(0,0,0)
(0,0,0)
(0,0,0)
(0,0,0)
(0,0,0)
(0,0,0)
(0,0,0)
(0,0,0)
(0,0,0)
(0,0,0)
(0,0,0)
(0,0,0)
(0,0,0)
(0,0,0)
(0,0,0)
(0,0,0)
(0,0,0)
(0,0,0)
(0,0,0)
(0,0,0)
(0,0,0)
(0,0,0)
(0,0,0)
(0,0,0)
(0,0,0)
(0,0,0)
(0,0,0)
(0,0,0)
(0,0,0)
(0,0,0)
(0,0,0)
(0,0,0)
(0,0,0)
(0,0,0)
(0,0,0)
(0,0,0)
(0,0,0)
(0,0,0)
(0,0,0)
(0,0,0)
(0,0,0)
(0,0,0)
(0,0,0)
(0,0,0)
(0,0,0)
(0,0,0)
(0,0,0)
(0,0,0)
(0,0,0)
(0,0,0)
(0,0,0)
(0,0,0)
(0,0,0)
(0,0,0)
(0,0,0)
(0,0,0)
(0,0,0)
(0,0,0)
(0,0,0)
(0,0,0)
(0,0,0)
(0,0,0)
(0,0,0)
(0,0,0)
(0,0,0)
(0,0,0)
(0,0,0)
(0,0,0)
(0,0,0)
(0,0,0)
(0,0,0)
(0,0,0)
(0,0,0)
(0,0,0)
(0,0,0)
(0,0,0)
(0,0,0)
(0,0,0)
(0,0,0)
(0,0,0)
(0,0,0)
(0,0,0)
(0,0,0)
(0,0,0)
(0,0,0)
(0,0,0)
(0,0,0)
(0,0,0)
(0,0,0)
(0,0,0)
(0,0,0)
(0,0,0)
(0,0,0)
(0,0,0)
(0,0,0)
(0,0,0)
(0,0,0)
(0,0,0)
(0,0,0)
(8.36589014307218e-14,3.62012456240866e-11,-3.63913734916504e-11)
(-1.51435706442974e-13,7.61721049090608e-11,-3.45817824935813e-11)
(-3.64930621733949e-13,1.24788250155315e-10,-3.07750185109502e-11)
(1.1557627650275e-13,1.87632286029474e-10,-2.3976674389777e-11)
(6.04701249862256e-15,2.73245032341234e-10,-1.3673356244748e-11)
(-6.62120958121009e-13,3.91819980085459e-10,-1.32628731162005e-13)
(-2.96948725601693e-12,5.52483985280839e-10,1.278190733217e-11)
(-6.64145137701586e-12,7.5428631358251e-10,1.52160169479705e-11)
(-8.45652033704199e-12,9.81074627516764e-10,1.1004710340361e-11)
(-9.74367146498431e-12,1.17467378834055e-09,5.66222818246728e-12)
(0,0,0)
(0,0,0)
(0,0,0)
(0,0,0)
(0,0,0)
(0,0,0)
(-1.69240494296147e-13,3.43738646952101e-11,-7.95173878254595e-11)
(1.54397822597931e-13,7.24487676842898e-11,-7.61944825922666e-11)
(2.02692354702003e-13,1.18202293333841e-10,-6.83114387163665e-11)
(1.47361430973274e-12,1.7758465071024e-10,-5.45749408104324e-11)
(8.61461331446558e-13,2.60749395453751e-10,-3.24457010169917e-11)
(-9.19778314447181e-13,3.80965803689622e-10,-3.48978431878881e-13)
(-4.7168507694938e-12,5.53043068333505e-10,3.4781187396335e-11)
(-1.35038968034212e-11,7.61419381658082e-10,3.63838166476473e-11)
(-1.79401094129245e-11,9.89103790248088e-10,2.31139818404344e-11)
(-1.96748023146739e-11,1.18216796256618e-09,1.03751303918802e-11)
(0,0,0)
(0,0,0)
(0,0,0)
(0,0,0)
(0,0,0)
(0,0,0)
(5.7031715405927e-13,3.07677308220771e-11,-1.30248766002988e-10)
(1.7309467455073e-12,6.4451626530314e-11,-1.25807486040073e-10)
(2.41488392104501e-12,1.04617194551056e-10,-1.1517160701524e-10)
(3.89435893595956e-12,1.56286665718016e-10,-9.53137868164005e-11)
(3.41676311498986e-12,2.31659668671673e-10,-6.07102892610187e-11)
(2.7718857197347e-12,3.52152447212455e-10,-2.12584887884382e-12)
(1.6261755144789e-12,5.61460445881264e-10,8.60413161466706e-11)
(-2.35820960782781e-11,7.8371713590771e-10,6.81061599788693e-11)
(-3.01745095746516e-11,1.00810960291525e-09,3.29315299886552e-11)
(-3.12406581260657e-11,1.19691894211242e-09,1.14310223941501e-11)
(0,0,0)
(0,0,0)
(0,0,0)
(0,0,0)
(0,0,0)
(0,0,0)
(1.47950966922598e-12,2.56517288753281e-11,-1.9321340538464e-10)
(2.98768000508485e-12,5.32430077576149e-11,-1.88352300164638e-10)
(5.00114645447968e-12,8.4601804400132e-11,-1.76603048896551e-10)
(8.34662022915699e-12,1.23001448388418e-10,-1.53936365022858e-10)
(1.17567605046357e-11,1.78853554723011e-10,-1.1226749455574e-10)
(2.17216978558224e-11,2.8121246804377e-10,-2.58058587616063e-11)
(6.52477811105047e-11,6.10529581683069e-10,2.17413413374206e-10)
(-3.52700874170261e-11,8.44808867897938e-10,9.13191023307277e-11)
(-4.36017279020373e-11,1.04222704455942e-09,2.1450249342637e-11)
(-4.21701015349587e-11,1.2153233278286e-09,2.39180689329876e-13)
(0,0,0)
(0,0,0)
(0,0,0)
(0,0,0)
(0,0,0)
(0,0,0)
(2.62560637370899e-12,2.00008554096651e-11,-2.76417392502595e-10)
(5.12979017818165e-12,4.05877673279638e-11,-2.72314597579061e-10)
(8.61504875775712e-12,6.12036030848134e-11,-2.61312803333199e-10)
(1.505192298477e-11,8.21835834955147e-11,-2.40706008976827e-10)
(2.92128489999841e-11,1.01989691016794e-10,-2.04221743900386e-10)
(7.79714637747927e-11,9.39890378006091e-11,-1.34830382714496e-10)
(-1.03089455853893e-10,1.19238844529232e-09,-4.09959980508311e-17)
(-6.99226026496865e-11,9.95823429859694e-10,-9.89469503960404e-11)
(-5.46354243746796e-11,1.08599101830286e-09,-6.73260293847017e-11)
(-4.77399966472386e-11,1.22449251615557e-09,-3.77645192221785e-11)
(0,0,0)
(0,0,0)
(0,0,0)
(0,0,0)
(0,0,0)
(0,0,0)
(2.98988020243944e-12,1.52299045546547e-11,-3.90040872730656e-10)
(5.90382099498442e-12,2.86276020666479e-11,-3.86741336384214e-10)
(1.01454346376529e-11,3.90485112307435e-11,-3.78655144743183e-10)
(1.82067550301172e-11,4.37567110967305e-11,-3.64739764585421e-10)
(3.47626345483741e-11,3.43303509418571e-11,-3.41243883566195e-10)
(9.09769474490974e-11,-5.85372379961245e-12,-2.83563731989245e-10)
(-6.37867411123655e-11,1.18824600465997e-09,-5.229092067327e-16)
(-6.49353232028608e-11,1.01478352943033e-09,-2.70967559172394e-10)
(-5.06958927609795e-11,1.07263421611761e-09,-1.82043945902462e-10)
(-4.40915945272452e-11,1.19332699109002e-09,-9.26799892156153e-11)
(0,0,0)
(0,0,0)
(0,0,0)
(0,0,0)
(0,0,0)
(0,0,0)
(2.53238557812284e-12,1.08983638733443e-11,-5.43215805728263e-10)
(5.47742428924216e-12,1.85205820236026e-11,-5.41051017781585e-10)
(9.55674130561986e-12,2.10107263713496e-11,-5.37169215017109e-10)
(1.38821650457974e-11,1.07931811537993e-11,-5.35443012719416e-10)
(4.76263581467546e-12,-4.6388761991112e-11,-5.53934127799684e-10)
(-1.22940549955424e-10,-3.21661502033536e-10,-6.87741510924788e-10)
(8.82692729862779e-12,1.39542630154652e-09,-1.51572508978007e-09)
(-2.82785894685785e-11,9.96628307902065e-10,-6.71596478125397e-10)
(-3.33497439937705e-11,9.98116056976692e-10,-3.58516264941582e-10)
(-3.38047785926396e-11,1.10507842218253e-09,-1.6733313521547e-10)
(0,0,0)
(0,0,0)
(0,0,0)
(0,0,0)
(0,0,0)
(0,0,0)
(1.98122536675155e-12,7.67772583654139e-12,-7.37898210903754e-10)
(4.84395137428948e-12,1.23308096304611e-11,-7.3599763710513e-10)
(8.86160215402143e-12,1.29181141332217e-11,-7.33977806584664e-10)
(1.22921825178227e-11,8.11806089645299e-12,-7.35875857913629e-10)
(1.18748095576808e-11,-3.37584033595788e-12,-7.54288940902888e-10)
(-7.02769349141309e-12,2.04636606547672e-11,-8.22289949278643e-10)
(-6.32795805278565e-12,5.60124534097347e-10,-9.76202821372902e-10)
(-1.70112285964619e-11,6.93574887689024e-10,-7.17069986217472e-10)
(-2.18989372272652e-11,8.09710404315845e-10,-4.67777124197461e-10)
(-2.43970439342558e-11,9.38850152516707e-10,-2.35733054333961e-10)
(0,0,0)
(0,0,0)
(0,0,0)
(0,0,0)
(0,0,0)
(0,0,0)
(-2.14588932270433e-13,5.17974835100063e-12,-9.63486411592079e-10)
(2.12894273628662e-12,8.90451767157782e-12,-9.60901533516693e-10)
(6.69604556848013e-12,1.02474212049881e-11,-9.57329853036218e-10)
(1.03927538717518e-11,1.31239803121655e-11,-9.55923167569621e-10)
(1.1911571744806e-11,2.78728988439585e-11,-9.59815543486925e-10)
(6.16111252413929e-12,9.21496304770725e-11,-9.69553474662295e-10)
(-3.38768385850958e-12,3.04360926472693e-10,-9.60476255190275e-10)
(-1.13537378703873e-11,4.45793417569252e-10,-8.03854444355708e-10)
(-1.63140225974782e-11,5.77796886514478e-10,-5.82361450610526e-10)
(-1.93517468469297e-11,7.0313424607967e-10,-3.1250627573002e-10)
(0,0,0)
(0,0,0)
(0,0,0)
(0,0,0)
(0,0,0)
(0,0,0)
(-1.54311230144428e-12,2.62292326450946e-12,-1.15643549687615e-09)
(1.29957522676932e-13,4.91675657205907e-12,-1.15373773785496e-09)
(5.77413093295939e-12,6.34551279979746e-12,-1.14933081078099e-09)
(1.01259748331264e-11,1.01401436973067e-11,-1.14467997635895e-09)
(1.11882219973962e-11,2.36115421825385e-11,-1.13817694903822e-09)
(7.5660482853868e-12,6.21550087143555e-11,-1.12095964824187e-09)
(-1.30231877396688e-12,1.44677726858127e-10,-1.06645302572546e-09)
(-9.21232494950308e-12,2.23881432117311e-10,-9.2417980802308e-10)
(-1.40853908627112e-11,3.08331939627604e-10,-7.00655080264829e-10)
(-1.70202740869752e-11,3.91067058537153e-10,-3.9143328528393e-10)
(0,0,0)
(0,0,0)
(0,0,0)
(0,0,0)
(0,0,0)
(0,0,0)
(0,0,0)
(0,0,0)
(0,0,0)
(0,0,0)
(0,0,0)
(0,0,0)
(0,0,0)
(0,0,0)
(0,0,0)
(0,0,0)
(0,0,0)
(0,0,0)
(0,0,0)
(0,0,0)
(0,0,0)
(0,0,0)
(0,0,0)
(0,0,0)
(0,0,0)
(0,0,0)
(0,0,0)
(0,0,0)
(0,0,0)
(0,0,0)
(0,0,0)
(0,0,0)
(0,0,0)
(0,0,0)
(0,0,0)
(0,0,0)
(0,0,0)
(0,0,0)
(0,0,0)
(0,0,0)
(0,0,0)
(0,0,0)
(0,0,0)
(0,0,0)
(0,0,0)
(0,0,0)
(0,0,0)
(0,0,0)
(0,0,0)
(0,0,0)
(0,0,0)
(0,0,0)
(0,0,0)
(0,0,0)
(0,0,0)
(0,0,0)
(0,0,0)
(0,0,0)
(0,0,0)
(0,0,0)
(0,0,0)
(0,0,0)
(0,0,0)
(0,0,0)
(0,0,0)
(0,0,0)
(0,0,0)
(0,0,0)
(0,0,0)
(0,0,0)
(0,0,0)
(0,0,0)
(0,0,0)
(0,0,0)
(0,0,0)
(0,0,0)
(0,0,0)
(0,0,0)
(0,0,0)
(0,0,0)
(0,0,0)
(0,0,0)
(0,0,0)
(0,0,0)
(0,0,0)
(0,0,0)
(0,0,0)
(0,0,0)
(0,0,0)
(0,0,0)
(0,0,0)
(0,0,0)
(0,0,0)
(0,0,0)
(0,0,0)
(0,0,0)
(0,0,0)
(0,0,0)
(0,0,0)
(0,0,0)
(0,0,0)
(0,0,0)
(1.01448832249693e-13,3.91414520686619e-11,-4.01386413100519e-11)
(-2.34862464296984e-13,8.25186933084321e-11,-3.80741982091933e-11)
(-5.77317921430491e-13,1.32900151853302e-10,-3.32660540312222e-11)
(-1.40106549289365e-13,1.94401483393212e-10,-2.49912564183148e-11)
(-1.03904361360902e-12,2.75571516653872e-10,-1.26276487345044e-11)
(-2.72248062560115e-12,3.82886700492471e-10,4.30628091821095e-12)
(-5.96267992450802e-12,5.20257448736275e-10,2.16403125492958e-11)
(-9.5632128449875e-12,6.72462243668614e-10,2.40249914327908e-11)
(-1.11432009104746e-11,8.15880628687519e-10,1.63338121236281e-11)
(-1.15756175080045e-11,9.13283071962016e-10,7.67863553499826e-12)
(0,0,0)
(0,0,0)
(0,0,0)
(0,0,0)
(0,0,0)
(0,0,0)
(1.13988145677842e-13,3.72536797988687e-11,-8.55340291246516e-11)
(2.68495100659967e-13,7.78887263112729e-11,-8.1688527034465e-11)
(5.12932315604019e-14,1.24644470979232e-10,-7.22680385433635e-11)
(6.4235950847217e-13,1.82248581332415e-10,-5.59937613608197e-11)
(-2.14553447153781e-12,2.59366025458564e-10,-2.90854210747977e-11)
(-7.23658766548962e-12,3.66757408327667e-10,1.25888389578967e-11)
(-1.4736857568523e-11,5.19838544298113e-10,6.62575627997072e-11)
(-2.25318162459463e-11,6.81474566139117e-10,6.4619138974426e-11)
(-2.42070706314622e-11,8.25747439999882e-10,3.87880106544749e-11)
(-2.40506514690663e-11,9.22036419002445e-10,1.65796073449693e-11)
(0,0,0)
(0,0,0)
(0,0,0)
(0,0,0)
(0,0,0)
(0,0,0)
(1.24503913785925e-12,3.33188510710156e-11,-1.38314325845393e-10)
(2.30368649340485e-12,6.87076930599276e-11,-1.3309079309187e-10)
(2.57245387314259e-12,1.08634755518627e-10,-1.20284576822992e-10)
(2.57607871012075e-12,1.56338901831892e-10,-9.67270326105603e-11)
(-2.36156331854659e-12,2.19670375294417e-10,-5.54500231230689e-11)
(-1.44553001370385e-11,3.16348620757586e-10,2.04579379476004e-11)
(-2.95078041194367e-11,5.28840945095772e-10,1.93364115817102e-10)
(-4.94991980783239e-11,7.1226879656024e-10,1.52156578042093e-10)
(-4.27914436243907e-11,8.50768881886308e-10,6.94542109241396e-11)
(-3.821402144797e-11,9.40770889622383e-10,2.42767843395584e-11)
(0,0,0)
(0,0,0)
(0,0,0)
(0,0,0)
(0,0,0)
(0,0,0)
(2.26927791487178e-12,2.79705212379414e-11,-2.01277286749988e-10)
(3.89366916666231e-12,5.62293470238607e-11,-1.9503707458742e-10)
(5.73266389611931e-12,8.58813485978485e-11,-1.81048704392293e-10)
(7.49561465496585e-12,1.16693029866764e-10,-1.55140568959798e-10)
(2.15898841670023e-12,1.46036120219084e-10,-1.11607742649591e-10)
(-3.42741440368758e-11,1.46614961471831e-10,-4.68186773610758e-11)
(-3.90516771455256e-10,5.94255499127323e-10,1.56494390375082e-16)
(-1.16415796390688e-10,8.07145400144609e-10,3.57459754274137e-10)
(-6.61546329922371e-11,9.00179729896742e-10,9.20731545796043e-11)
(-5.11001091728238e-11,9.66707985651535e-10,2.05355820654856e-11)
(0,0,0)
(0,0,0)
(0,0,0)
(0,0,0)
(0,0,0)
(0,0,0)
(3.29376230518021e-12,2.16643168243314e-11,-2.80669758783932e-10)
(6.08816119363234e-12,4.21173527137883e-11,-2.74708654417193e-10)
(1.01633462554574e-11,6.04742086297966e-11,-2.61181469354836e-10)
(1.69945303070913e-11,7.47462689429324e-11,-2.36032633040195e-10)
(2.74808278890533e-11,8.11445139063347e-11,-1.91264902048741e-10)
(4.29838836565885e-11,7.26218244087749e-11,-1.14891590167943e-10)
(-1.05821502561465e-16,6.47362967999057e-16,-2.62906088932706e-17)
(-1.20503623231622e-10,1.09337530179146e-09,5.34197203085805e-17)
(-7.08401323519909e-11,9.74992415923235e-10,-2.02383839563431e-11)
(-5.43389908037515e-11,9.86545626373826e-10,-2.05897316848606e-11)
(0,0,0)
(0,0,0)
(0,0,0)
(0,0,0)
(0,0,0)
(0,0,0)
(4.02188453729551e-12,1.56956439683027e-11,-3.81602384242946e-10)
(7.92464939701725e-12,2.8583005380712e-11,-3.76516598092303e-10)
(1.426783933926e-11,3.62271423601733e-11,-3.65386636403003e-10)
(2.7674403953857e-11,3.37598119335959e-11,-3.44831719772433e-10)
(5.78015959043638e-11,1.45925233521748e-11,-3.04327192632766e-10)
(1.23221516603071e-10,-2.14666956721188e-11,-2.14061718189173e-10)
(-1.73572843377796e-18,4.90062025401781e-16,-4.80654310191321e-17)
(-1.35703714944615e-10,1.06600282281223e-09,-2.38706705222841e-16)
(-6.55416903068551e-11,9.62999250772868e-10,-1.19325226554005e-10)
(-4.85230148354869e-11,9.60240433926291e-10,-7.44658067560819e-11)
(0,0,0)
(0,0,0)
(0,0,0)
(0,0,0)
(0,0,0)
(0,0,0)
(3.58823566824208e-12,1.09874957140839e-11,-5.06524148115504e-10)
(7.78539391793802e-12,1.78407487614634e-11,-5.02685038851479e-10)
(1.59231512460404e-11,1.65533852058331e-11,-4.95617417649984e-10)
(3.50484003833845e-11,-2.02948387917396e-12,-4.85149905947479e-10)
(9.55570972846442e-11,-5.7594683028428e-11,-4.67033764775583e-10)
(3.62917866211432e-10,-1.76156176397149e-10,-4.04567015095832e-10)
(8.30932376606825e-17,6.74402647531145e-16,-8.33071019474159e-16)
(-3.83053824393792e-11,1.11821914634833e-09,-7.11468625518679e-10)
(-3.61272210589832e-11,8.99747828446449e-10,-3.433761650366e-10)
(-3.49096441423499e-11,8.77892533261077e-10,-1.52995741933011e-10)
(0,0,0)
(0,0,0)
(0,0,0)
(0,0,0)
(0,0,0)
(0,0,0)
(2.57862905359432e-12,7.62573888472491e-12,-6.49594634666446e-10)
(6.25041281276441e-12,1.1041106395744e-11,-6.46696951962209e-10)
(1.34303464111833e-11,6.1886630380029e-12,-6.43204287802098e-10)
(2.56993460914137e-11,-1.62184746817918e-11,-6.43232386746025e-10)
(4.86270787534766e-11,-8.88078273872427e-11,-6.60501871948341e-10)
(7.51992087805433e-11,-3.48683065520296e-10,-7.48077007963398e-10)
(-9.6971855834858e-12,7.11468519038346e-10,-1.15759374345358e-09)
(-1.85226204967893e-11,7.04338258593116e-10,-7.18079552008083e-10)
(-2.20294892894041e-11,6.95326043954924e-10,-4.26910002303904e-10)
(-2.44141918311041e-11,7.18331368368961e-10,-2.04308997367479e-10)
(0,0,0)
(0,0,0)
(0,0,0)
(0,0,0)
(0,0,0)
(0,0,0)
(-2.4264192112229e-13,5.20823230582306e-12,-7.90689550469318e-10)
(2.54502335524912e-12,7.63257967876672e-12,-7.8795464538749e-10)
(9.19126850714594e-12,5.18092576269713e-12,-7.84761866016398e-10)
(1.72689664038773e-11,-1.80152839148248e-12,-7.84466887677161e-10)
(2.59108595816084e-11,-1.02799266680295e-11,-7.92514005026694e-10)
(2.70785148148269e-11,1.17284879195531e-11,-8.19167015315165e-10)
(-3.26295078520876e-13,3.05041036109998e-10,-8.61302123558468e-10)
(-1.09347461636208e-11,4.10695880266231e-10,-6.85930337673169e-10)
(-1.67042505910879e-11,4.68685541454104e-10,-4.69926094270244e-10)
(-1.97908350343985e-11,5.11048032113876e-10,-2.40773806520618e-10)
(0,0,0)
(0,0,0)
(0,0,0)
(0,0,0)
(0,0,0)
(0,0,0)
(-1.61794805811893e-12,2.70436672129796e-12,-8.88155508723046e-10)
(6.39787020761423e-13,4.14739724594553e-12,-8.85543212159287e-10)
(7.46880931071462e-12,3.7640287593798e-12,-8.81938227255555e-10)
(1.37630912097106e-11,3.79165901309288e-12,-8.7879378528893e-10)
(1.75824633835839e-11,1.03706279570956e-11,-8.76012592676811e-10)
(1.52144344833284e-11,4.10639834774717e-11,-8.68414426899571e-10)
(1.10219038178023e-12,1.3272907142564e-10,-8.31612314134199e-10)
(-8.85562059044092e-12,1.94494763269625e-10,-6.99663051988593e-10)
(-1.49752462159846e-11,2.38370066463805e-10,-5.05658460436971e-10)
(-1.73865008338001e-11,2.69079112572243e-10,-2.68071321449115e-10)
(0,0,0)
(0,0,0)
(0,0,0)
(0,0,0)
(0,0,0)
(0,0,0)
(0,0,0)
(0,0,0)
(0,0,0)
(0,0,0)
(0,0,0)
(0,0,0)
(0,0,0)
(0,0,0)
(0,0,0)
(0,0,0)
(0,0,0)
(0,0,0)
(0,0,0)
(0,0,0)
(0,0,0)
(0,0,0)
(0,0,0)
(0,0,0)
(0,0,0)
(0,0,0)
(0,0,0)
(0,0,0)
(0,0,0)
(0,0,0)
(0,0,0)
(0,0,0)
(0,0,0)
(0,0,0)
(0,0,0)
(0,0,0)
(0,0,0)
(0,0,0)
(0,0,0)
(0,0,0)
(0,0,0)
(0,0,0)
(0,0,0)
(0,0,0)
(0,0,0)
(0,0,0)
(0,0,0)
(0,0,0)
(0,0,0)
(0,0,0)
(0,0,0)
(0,0,0)
(0,0,0)
(0,0,0)
(0,0,0)
(0,0,0)
(0,0,0)
(0,0,0)
(0,0,0)
(0,0,0)
(0,0,0)
(0,0,0)
(0,0,0)
(0,0,0)
(0,0,0)
(0,0,0)
(0,0,0)
(0,0,0)
(0,0,0)
(0,0,0)
(0,0,0)
(0,0,0)
(0,0,0)
(0,0,0)
(0,0,0)
(0,0,0)
(0,0,0)
(0,0,0)
(0,0,0)
(0,0,0)
(0,0,0)
(0,0,0)
(0,0,0)
(0,0,0)
(0,0,0)
(0,0,0)
(0,0,0)
(0,0,0)
(0,0,0)
(0,0,0)
(0,0,0)
(0,0,0)
(0,0,0)
(0,0,0)
(0,0,0)
(0,0,0)
(0,0,0)
(0,0,0)
(0,0,0)
(0,0,0)
(0,0,0)
(0,0,0)
(-7.52219988153684e-14,3.9749036184943e-11,-4.06017114762474e-11)
(-4.13039645106792e-13,8.37314875145036e-11,-3.8630805006162e-11)
(-5.96434660266783e-13,1.33487850821302e-10,-3.37043042059698e-11)
(-3.50812172304025e-13,1.91893558555316e-10,-2.50707991929317e-11)
(-1.76748207101427e-12,2.65829357466223e-10,-1.23348726183592e-11)
(-3.92722009190825e-12,3.59944489371516e-10,4.7968797409342e-12)
(-7.92845436977376e-12,4.7465231298013e-10,2.28595711454598e-11)
(-1.08843560064156e-11,5.90602974361128e-10,2.5904990946938e-11)
(-1.23548356341512e-11,6.87788686683508e-10,1.81098610902305e-11)
(-1.26503290133749e-11,7.44929305334152e-10,8.51679011659517e-12)
(0,0,0)
(0,0,0)
(0,0,0)
(0,0,0)
(0,0,0)
(0,0,0)
(2.03314783352777e-13,3.75769179120349e-11,-8.54629368572728e-11)
(2.90398608978149e-14,7.85396226872861e-11,-8.15326600141114e-11)
(-2.13268490373831e-13,1.24745097372332e-10,-7.20002798896319e-11)
(-3.56301277041363e-13,1.79417887000015e-10,-5.51833666403465e-11)
(-4.1241443400799e-12,2.48663148616046e-10,-2.75311915014439e-11)
(-1.04965239372358e-11,3.41712065292072e-10,1.46336528733757e-11)
(-2.2100834540941e-11,4.71093354735964e-10,6.97470337028504e-11)
(-2.74949183470839e-11,5.97057298859982e-10,6.95356789827722e-11)
(-2.70201092084666e-11,6.95931619352697e-10,4.29135889074109e-11)
(-2.62055147440427e-11,7.52177874948407e-10,1.86640941174259e-11)
(0,0,0)
(0,0,0)
(0,0,0)
(0,0,0)
(0,0,0)
(0,0,0)
(1.36983621740707e-12,3.34062447757399e-11,-1.37428699589651e-10)
(1.97581626060226e-12,6.89243142505155e-11,-1.32186795947997e-10)
(1.76831658147888e-12,1.08008058511925e-10,-1.18981190685428e-10)
(9.44941187754819e-13,1.52199147215639e-10,-9.46872326063184e-11)
(-4.63526931392287e-12,2.06300982723693e-10,-5.30391443766133e-11)
(-1.76278187207844e-11,2.85966760060686e-10,2.24391263256606e-11)
(-5.37148203759749e-11,4.70932899670008e-10,1.95686872622794e-10)
(-6.16734345448169e-11,6.20545036643936e-10,1.60939663857858e-10)
(-4.70248650502488e-11,7.16950534874058e-10,7.67424095788919e-11)
(-3.98743331377328e-11,7.68228038137048e-10,2.78377090048367e-11)
(0,0,0)
(0,0,0)
(0,0,0)
(0,0,0)
(0,0,0)
(0,0,0)
(2.33527016593709e-12,2.83825641002505e-11,-1.98318967166978e-10)
(4.0172932816004e-12,5.64969837044721e-11,-1.91903919325412e-10)
(5.23166843171479e-12,8.49474318588772e-11,-1.77134768804038e-10)
(5.90954926858561e-12,1.11906484575484e-10,-1.50553411408399e-10)
(2.26152944093258e-12,1.31097106389847e-10,-1.07858177253833e-10)
(-7.09984082929757e-12,1.1243067946942e-10,-4.84935105643753e-11)
(-1.53721517470644e-10,5.1384461527245e-10,8.83553157636106e-17)
(-1.37259098343005e-10,6.96626396893872e-10,3.57687347716215e-10)
(-6.94297465045782e-11,7.58313469973404e-10,1.02382572331204e-10)
(-5.04021678296041e-11,7.90412033956882e-10,2.60316691470932e-11)
(0,0,0)
(0,0,0)
(0,0,0)
(0,0,0)
(0,0,0)
(0,0,0)
(3.30133079443882e-12,2.22118831902743e-11,-2.71957902071596e-10)
(6.09532346437595e-12,4.27263725485794e-11,-2.65385465447921e-10)
(9.26157621041527e-12,6.05070115676571e-11,-2.50576094167555e-10)
(1.32132563249975e-11,7.27271008159144e-11,-2.23956326482515e-10)
(1.76595065623873e-11,7.52538926898382e-11,-1.78122348371506e-10)
(2.21808398601582e-11,6.53675929070762e-11,-1.04444964028273e-10)
(-2.82308891660394e-17,3.26623977356319e-16,-2.46792081417039e-17)
(-7.28927068763357e-11,9.29389881721933e-10,6.14791697851759e-17)
(-5.84956194730704e-11,8.19564568480584e-10,-7.7655070523857e-12)
(-4.8623530041041e-11,8.0625047682595e-10,-1.30256679319123e-11)
(0,0,0)
(0,0,0)
(0,0,0)
(0,0,0)
(0,0,0)
(0,0,0)
(3.64424664088972e-12,1.63262697932974e-11,-3.59501228717191e-10)
(7.53694432694353e-12,2.95640198015851e-11,-3.53670324675163e-10)
(1.33866798630855e-11,3.71473764225715e-11,-3.40746295165244e-10)
(2.29591726268659e-11,3.42955213447747e-11,-3.16820450775635e-10)
(3.9723327841396e-11,1.6906085409605e-11,-2.71108689184475e-10)
(6.38493272043582e-11,-1.05882813139332e-11,-1.79157790832517e-10)
(4.56492364056666e-18,1.93261380485428e-16,-4.08737259521356e-17)
(-6.85950506334069e-11,8.92013607127294e-10,-1.7670171885951e-16)
(-4.71496877783731e-11,8.03565527121688e-10,-9.61310917788898e-11)
(-4.06409209264039e-11,7.8031951487915e-10,-6.1401496632699e-11)
(0,0,0)
(0,0,0)
(0,0,0)
(0,0,0)
(0,0,0)
(0,0,0)
(3.11088323354575e-12,1.18007032349362e-11,-4.59591319956915e-10)
(7.51741508219812e-12,1.90384365661907e-11,-4.54827274553906e-10)
(1.58203617113808e-11,1.77983355546549e-11,-4.45244171446465e-10)
(3.11212500141045e-11,1.80900150490163e-13,-4.28955774352156e-10)
(6.43034919636859e-11,-4.66798527056213e-11,-3.97682300321274e-10)
(1.30878573309748e-10,-1.30353556863771e-10,-3.1292756862796e-10)
(3.09051991311578e-17,3.1106358236885e-16,-4.18202917254188e-16)
(7.48304483373507e-12,9.38655235785948e-10,-6.04288502045317e-10)
(-2.20858596710417e-11,7.47041883311902e-10,-2.92269661732591e-10)
(-2.83442211832408e-11,7.06433599679876e-10,-1.30132085208911e-10)
(0,0,0)
(0,0,0)
(0,0,0)
(0,0,0)
(0,0,0)
(0,0,0)
(2.09845292826542e-12,8.08747229915931e-12,-5.65500985438022e-10)
(6.16627536961604e-12,1.15543999775609e-11,-5.61934022461585e-10)
(1.44661826304056e-11,6.25587391900558e-12,-5.56266116153433e-10)
(2.85518850034419e-11,-1.82307963256421e-11,-5.51618648170379e-10)
(5.76743140493209e-11,-9.52101719503423e-11,-5.59166578200132e-10)
(1.24304390830925e-10,-3.51401552616452e-10,-6.24959524124493e-10)
(-4.27838941006409e-11,6.04288408196012e-10,-9.7924651561839e-10)
(-1.60497918740991e-11,5.98999412792539e-10,-6.08244423829633e-10)
(-1.79899917249562e-11,5.71948981579284e-10,-3.58280802393333e-10)
(-2.14398529435416e-11,5.67940935098676e-10,-1.69436024020403e-10)
(0,0,0)
(0,0,0)
(0,0,0)
(0,0,0)
(0,0,0)
(0,0,0)
(-4.73681418355356e-13,5.31609236825742e-12,-6.59296696693776e-10)
(2.83742641698778e-12,7.41550067118902e-12,-6.56517688785454e-10)
(1.03131871711331e-11,4.78766978496193e-12,-6.52570396928966e-10)
(1.97228963488483e-11,-4.29101035931098e-12,-6.49879735033429e-10)
(3.1913315244957e-11,-1.91574910049267e-11,-6.5382418827558e-10)
(3.98781275001854e-11,-9.4066127539527e-12,-6.74233272120794e-10)
(-3.38611627943925e-12,2.58658412246414e-10,-7.11464973397637e-10)
(-1.07378725699389e-11,3.46320078333601e-10,-5.60707313427205e-10)
(-1.55410633504294e-11,3.78264296752227e-10,-3.76990314124986e-10)
(-1.85957220133116e-11,3.94012567670491e-10,-1.89290470713603e-10)
(0,0,0)
(0,0,0)
(0,0,0)
(0,0,0)
(0,0,0)
(0,0,0)
(-1.52587790057957e-12,2.66137381630578e-12,-7.16625893718186e-10)
(1.18219936297431e-12,3.88438955511045e-12,-7.14173387792191e-10)
(8.08839610347063e-12,3.61968920813617e-12,-7.1040483390839e-10)
(1.47735576106841e-11,2.58454643730699e-12,-7.05683129999242e-10)
(2.03549255634397e-11,5.65003128765435e-12,-7.01316484411665e-10)
(1.94763051954269e-11,3.00494779836175e-11,-6.93235391959729e-10)
(1.88199966181486e-12,1.12090399378885e-10,-6.61024607114185e-10)
(-8.36544887243773e-12,1.61887043333292e-10,-5.47933219005819e-10)
(-1.41923187400299e-11,1.88479777538355e-10,-3.87021027326538e-10)
(-1.6378709710695e-11,2.02063682271056e-10,-2.0019147305439e-10)
(0,0,0)
(0,0,0)
(0,0,0)
(0,0,0)
(0,0,0)
(0,0,0)
(0,0,0)
(0,0,0)
(0,0,0)
(0,0,0)
(0,0,0)
(0,0,0)
(0,0,0)
(0,0,0)
(0,0,0)
(0,0,0)
(0,0,0)
(0,0,0)
(0,0,0)
(0,0,0)
(0,0,0)
(0,0,0)
(0,0,0)
(0,0,0)
(0,0,0)
(0,0,0)
(0,0,0)
(0,0,0)
(0,0,0)
(0,0,0)
(0,0,0)
(0,0,0)
(0,0,0)
(0,0,0)
(0,0,0)
(0,0,0)
(0,0,0)
(0,0,0)
(0,0,0)
(0,0,0)
(0,0,0)
(0,0,0)
(0,0,0)
(0,0,0)
(0,0,0)
(0,0,0)
(0,0,0)
(0,0,0)
(0,0,0)
(0,0,0)
(0,0,0)
(0,0,0)
(0,0,0)
(0,0,0)
(0,0,0)
(0,0,0)
(0,0,0)
(0,0,0)
(0,0,0)
(0,0,0)
(0,0,0)
(0,0,0)
(0,0,0)
(0,0,0)
(0,0,0)
(0,0,0)
(0,0,0)
(0,0,0)
(0,0,0)
(0,0,0)
(0,0,0)
(0,0,0)
(0,0,0)
(0,0,0)
(0,0,0)
(0,0,0)
(0,0,0)
(0,0,0)
(0,0,0)
(0,0,0)
(0,0,0)
(0,0,0)
(0,0,0)
(0,0,0)
(0,0,0)
(0,0,0)
(0,0,0)
(0,0,0)
(0,0,0)
(0,0,0)
(0,0,0)
(0,0,0)
(0,0,0)
(0,0,0)
(0,0,0)
(0,0,0)
(0,0,0)
(0,0,0)
(0,0,0)
(0,0,0)
(0,0,0)
(0,0,0)
(1.25989804071557e-13,3.92995516775847e-11,-4.0280725765979e-11)
(-1.47675618113103e-13,8.21168218464901e-11,-3.83257927133221e-11)
(-4.87186224328501e-13,1.30241602655724e-10,-3.36375556183741e-11)
(-6.11067191585159e-13,1.85476731529403e-10,-2.54858896654521e-11)
(-1.73302558013661e-12,2.52933409179367e-10,-1.41166818884127e-11)
(-3.75748741698891e-12,3.35026356035992e-10,8.11393566331014e-13)
(-7.41491592710862e-12,4.29633975274311e-10,1.61843243854902e-11)
(-9.54355064855389e-12,5.20348195099068e-10,2.00164322288199e-11)
(-1.09046973296502e-11,5.91420355932613e-10,1.48843307034153e-11)
(-1.13821085109869e-11,6.30262908277068e-10,7.15221253731697e-12)
(0,0,0)
(0,0,0)
(0,0,0)
(0,0,0)
(0,0,0)
(0,0,0)
(4.4371107649154e-13,3.6891946073118e-11,-8.45771531298559e-11)
(1.11968173164896e-13,7.70216435477055e-11,-8.05418670124814e-11)
(-2.93142879221842e-13,1.21884299393028e-10,-7.16879351159738e-11)
(-7.89736631565811e-13,1.73900041375324e-10,-5.60173025643105e-11)
(-3.92682282256939e-12,2.37216297331007e-10,-3.14724947891453e-11)
(-9.86459953535011e-12,3.1782872405714e-10,3.85472507309378e-12)
(-2.17290247548986e-11,4.22072519039852e-10,4.70934859406287e-11)
(-2.43605660556876e-11,5.2159202131169e-10,5.1306132637287e-11)
(-2.37895299398442e-11,5.95502533367426e-10,3.34722311038406e-11)
(-2.35915838154261e-11,6.3447736669795e-10,1.50381099793693e-11)
(0,0,0)
(0,0,0)
(0,0,0)
(0,0,0)
(0,0,0)
(0,0,0)
(1.15161325123701e-12,3.24768299765145e-11,-1.34187349711061e-10)
(1.19754154407987e-12,6.77162759511772e-11,-1.28636735981585e-10)
(5.34985155423624e-13,1.06042576131733e-10,-1.16321462438006e-10)
(-4.10484401805748e-13,1.48890006653148e-10,-9.43891858409848e-11)
(-4.90966368231855e-12,1.99611884982021e-10,-5.82162131936314e-11)
(-1.73394844266877e-11,2.68453352109935e-10,2.40474570967648e-12)
(-6.18793272134668e-11,4.02896136020635e-10,1.23055872170243e-10)
(-5.35575405157766e-11,5.27301743609761e-10,1.11665874331561e-10)
(-3.94830995754421e-11,6.0556033181201e-10,5.59159048055185e-11)
(-3.42206199527146e-11,6.43133840893607e-10,2.08625586267498e-11)
(0,0,0)
(0,0,0)
(0,0,0)
(0,0,0)
(0,0,0)
(0,0,0)
(2.09090323433797e-12,2.73159610151491e-11,-1.90896946416836e-10)
(3.01875391614503e-12,5.59307054741344e-11,-1.84570026186218e-10)
(3.09073132725337e-12,8.48545767059868e-11,-1.7054004132558e-10)
(2.39369887362593e-12,1.12868968672241e-10,-1.45902982393732e-10)
(-1.25992354854184e-12,1.35846251192986e-10,-1.07419606119579e-10)
(-8.53035318666574e-12,1.32942302763478e-10,-5.5006309248421e-11)
(2.43551181692854e-12,3.50506727010833e-10,-1.68613673011417e-11)
(-1.14717807786058e-10,5.46674313998031e-10,2.36101702671436e-10)
(-5.43299418276641e-11,6.22682840333125e-10,6.81317358963351e-11)
(-4.02089415516146e-11,6.52757042096876e-10,1.70225096990534e-11)
(0,0,0)
(0,0,0)
(0,0,0)
(0,0,0)
(0,0,0)
(0,0,0)
(2.61450756770277e-12,2.18042750864709e-11,-2.57936669786323e-10)
(4.44830493103666e-12,4.3399996406762e-11,-2.51398572116652e-10)
(6.00144367046988e-12,6.26260387761726e-11,-2.37006431353381e-10)
(5.81085768512283e-12,7.739591032947e-11,-2.12165307736915e-10)
(2.32992949939487e-12,8.43345830172889e-11,-1.7154780481568e-10)
(-6.30822526787892e-12,8.03700780543029e-11,-1.07264877287144e-10)
(1.89733297779721e-17,3.31180912880009e-16,-9.07247966339365e-17)
(-2.77508637501355e-11,6.09932935701253e-10,-3.0084603629539e-11)
(-3.72364172345862e-11,6.4247758383189e-10,-1.97562055506143e-11)
(-3.57182360260663e-11,6.54114691513001e-10,-1.51844691579195e-11)
(0,0,0)
(0,0,0)
(0,0,0)
(0,0,0)
(0,0,0)
(0,0,0)
(2.33890915720279e-12,1.68566102714776e-11,-3.33568083801418e-10)
(5.13849805242662e-12,3.15458808285525e-11,-3.27455057244982e-10)
(8.80987634137215e-12,4.16733553492441e-11,-3.14889114110996e-10)
(1.13620322300346e-11,4.39387689869314e-11,-2.92471293121741e-10)
(1.13583676046463e-11,3.53200765556979e-11,-2.52079606904888e-10)
(4.45685279540384e-12,1.75074262009514e-11,-1.73290564116752e-10)
(2.25907146645179e-17,2.22223612457672e-16,-1.20982740073412e-16)
(-1.91057642148904e-11,5.75049155698494e-10,-8.10598722685641e-11)
(-2.53556391147176e-11,6.18429492932908e-10,-9.56064749183076e-11)
(-2.81565023598594e-11,6.2532028592501e-10,-5.46336807988475e-11)
(0,0,0)
(0,0,0)
(0,0,0)
(0,0,0)
(0,0,0)
(0,0,0)
(2.0600687662757e-12,1.24714951634757e-11,-4.14711823617379e-10)
(5.41834856339346e-12,2.17177115809253e-11,-4.10019084381741e-10)
(1.10744262527358e-11,2.43649435712915e-11,-4.00315307068939e-10)
(1.82594724593327e-11,1.51452722325093e-11,-3.83220916689314e-10)
(2.80790795151105e-11,-1.34540150241935e-11,-3.52015094730238e-10)
(3.89994186373727e-11,-6.57606394862561e-11,-2.74953586826095e-10)
(1.76151656783158e-17,2.7775948771793e-16,-3.82205882534916e-16)
(3.51200275144209e-11,5.61199806423648e-10,-3.82960256951462e-10)
(-9.13053446217911e-12,5.62886833811845e-10,-2.21364606319735e-10)
(-1.99836418109778e-11,5.60103395976249e-10,-1.0459632345008e-10)
(0,0,0)
(0,0,0)
(0,0,0)
(0,0,0)
(0,0,0)
(0,0,0)
(1.3028698827156e-12,8.76315889748169e-12,-4.95196556103447e-10)
(4.63726836782208e-12,1.41353244931918e-11,-4.9184849503525e-10)
(1.12869187814166e-11,1.30891511361331e-11,-4.85205628188698e-10)
(2.21600290668425e-11,-1.26844206685267e-12,-4.76089417942498e-10)
(4.74145790282806e-11,-4.7315221211789e-11,-4.69168903653899e-10)
(1.36596442462316e-10,-1.93240229040857e-10,-4.77549581616746e-10)
(-6.81559899397826e-11,3.74047192399045e-10,-5.52869295126558e-10)
(-1.33340788514713e-11,4.28540599041738e-10,-4.2871393728744e-10)
(-1.3150085270852e-11,4.44218103025229e-10,-2.75622277903598e-10)
(-1.69475095358426e-11,4.49557765303326e-10,-1.3429649556015e-10)
(0,0,0)
(0,0,0)
(0,0,0)
(0,0,0)
(0,0,0)
(0,0,0)
(-5.97970774727159e-13,5.75616797366445e-12,-5.622502388621e-10)
(2.42124567658886e-12,9.03891877772659e-12,-5.59615968789411e-10)
(8.79050585240877e-12,9.11380956663542e-12,-5.54597480504538e-10)
(1.67917927943656e-11,4.65468325329363e-12,-5.47858292704873e-10)
(2.75148767976091e-11,-2.03823977038949e-12,-5.41804337398207e-10)
(3.76537380394544e-11,1.27100664601613e-11,-5.38365618421936e-10)
(-7.57576338239304e-12,1.92875536606168e-10,-5.2835430093383e-10)
(-1.0021836871855e-11,2.6827611367433e-10,-4.29782034547175e-10)
(-1.34563875479451e-11,2.98848821642535e-10,-2.9423099445093e-10)
(-1.59373073274434e-11,3.10475675210829e-10,-1.48205630874173e-10)
(0,0,0)
(0,0,0)
(0,0,0)
(0,0,0)
(0,0,0)
(0,0,0)
(-1.31701001026947e-12,2.76806673485205e-12,-6.01033704201849e-10)
(1.29803503428412e-12,4.72520255497934e-12,-5.98671961874501e-10)
(6.98638140245949e-12,5.66595225609093e-12,-5.93870724011319e-10)
(1.2991458460414e-11,5.97080363761788e-12,-5.86082905538187e-10)
(1.79238643991575e-11,9.74079323986577e-12,-5.75411781685327e-10)
(1.73149983335005e-11,2.99318416001135e-11,-5.58050019376489e-10)
(8.81010932333611e-13,8.96167391646799e-11,-5.18972842606001e-10)
(-7.39059721842442e-12,1.29236971823792e-10,-4.28191251774233e-10)
(-1.25420954738431e-11,1.49475891984626e-10,-3.0083023712181e-10)
(-1.45065004940356e-11,1.57969679523602e-10,-1.54338296838599e-10)
(0,0,0)
(0,0,0)
(0,0,0)
(0,0,0)
(0,0,0)
(0,0,0)
(0,0,0)
(0,0,0)
(0,0,0)
(0,0,0)
(0,0,0)
(0,0,0)
(0,0,0)
(0,0,0)
(0,0,0)
(0,0,0)
(0,0,0)
(0,0,0)
(0,0,0)
(0,0,0)
(0,0,0)
(0,0,0)
(0,0,0)
(0,0,0)
(0,0,0)
(0,0,0)
(0,0,0)
(0,0,0)
(0,0,0)
(0,0,0)
(0,0,0)
(0,0,0)
(0,0,0)
(0,0,0)
(0,0,0)
(0,0,0)
(0,0,0)
(0,0,0)
(0,0,0)
(0,0,0)
(0,0,0)
(0,0,0)
(0,0,0)
(0,0,0)
(0,0,0)
(0,0,0)
(0,0,0)
(0,0,0)
(0,0,0)
(0,0,0)
(0,0,0)
(0,0,0)
(0,0,0)
(0,0,0)
(0,0,0)
(0,0,0)
(0,0,0)
(0,0,0)
(0,0,0)
(0,0,0)
(0,0,0)
(0,0,0)
(0,0,0)
(0,0,0)
(0,0,0)
(0,0,0)
(0,0,0)
(0,0,0)
(0,0,0)
(0,0,0)
(0,0,0)
(0,0,0)
(0,0,0)
(0,0,0)
(0,0,0)
(0,0,0)
(0,0,0)
(0,0,0)
(0,0,0)
(0,0,0)
(0,0,0)
(0,0,0)
(0,0,0)
(0,0,0)
(0,0,0)
(0,0,0)
(0,0,0)
(0,0,0)
(0,0,0)
(0,0,0)
(0,0,0)
(0,0,0)
(0,0,0)
(0,0,0)
(0,0,0)
(0,0,0)
(0,0,0)
(0,0,0)
(0,0,0)
(0,0,0)
(0,0,0)
(0,0,0)
(5.7866235593129e-13,3.86926847116704e-11,-4.0075986930254e-11)
(2.59265585674001e-13,7.9602614946335e-11,-3.81920319717609e-11)
(-2.81548914509259e-13,1.25083584868085e-10,-3.36955667928493e-11)
(-4.03584814561269e-13,1.77881164728557e-10,-2.6659754419046e-11)
(-9.43989186528901e-13,2.41647985608693e-10,-1.73389233606309e-11)
(-1.93278625730051e-12,3.15839657700291e-10,-5.66537239705091e-12)
(-3.68556753600194e-12,3.95781236490793e-10,5.81486699146468e-12)
(-5.65527533572896e-12,4.68151731470553e-10,1.03859541693667e-11)
(-7.25475659840775e-12,5.22132711628054e-10,9.0090303803496e-12)
(-8.44435439454607e-12,5.504882510078e-10,4.81642432217705e-12)
(0,0,0)
(0,0,0)
(0,0,0)
(0,0,0)
(0,0,0)
(0,0,0)
(8.23541055734324e-13,3.64727259958189e-11,-8.29842575584179e-11)
(5.63403873197579e-13,7.49490843905983e-11,-7.93064807225223e-11)
(-1.22052169621158e-13,1.17877187052185e-10,-7.14021249819164e-11)
(-3.24509684545878e-13,1.68389800667183e-10,-5.80623285992903e-11)
(-1.64963033580659e-12,2.29476211693854e-10,-3.82103343506843e-11)
(-3.7279884556975e-12,3.03293881822585e-10,-1.19266757810864e-11)
(-6.76528843232486e-12,3.89349552680524e-10,1.59403126722696e-11)
(-1.223638682032e-11,4.669627546187e-10,2.32998170049122e-11)
(-1.54132072599221e-11,5.23442585160665e-10,1.73782704235224e-11)
(-1.72099480316872e-11,5.52341479795809e-10,8.53548325740824e-12)
(0,0,0)
(0,0,0)
(0,0,0)
(0,0,0)
(0,0,0)
(0,0,0)
(7.61868483127547e-13,3.26244355402939e-11,-1.29041206913633e-10)
(6.67838477541173e-13,6.69490110574525e-11,-1.23932734952676e-10)
(-2.092920158314e-13,1.04461490131026e-10,-1.13254796750959e-10)
(-5.62419068223252e-13,1.48321732400987e-10,-9.51649836671651e-11)
(-1.7649887966231e-12,2.02231184021632e-10,-6.66742104900176e-11)
(-2.47956154081448e-12,2.7321071360584e-10,-2.3668136905801e-11)
(1.90007963503093e-12,3.77713866015543e-10,3.58477913429361e-11)
(-1.71801413779998e-11,4.66410502415144e-10,3.95765323261627e-11)
(-2.1552261917793e-11,5.26045025036135e-10,2.24279659663471e-11)
(-2.29812625292547e-11,5.5491006826573e-10,8.7797275440131e-12)
(0,0,0)
(0,0,0)
(0,0,0)
(0,0,0)
(0,0,0)
(0,0,0)
(1.27566893238601e-12,2.761750853019e-11,-1.81713438016874e-10)
(1.51947812285972e-12,5.64452730559508e-11,-1.76166803382667e-10)
(6.82210325246028e-13,8.67251120356179e-11,-1.63911172658529e-10)
(-6.16619057781957e-13,1.20003023994146e-10,-1.43103525174129e-10)
(-2.16155224398508e-12,1.58338674799902e-10,-1.10797272987822e-10)
(5.89692957523494e-12,2.11779488840631e-10,-5.69105633340027e-11)
(9.99788376743213e-11,3.741253338856e-10,7.31235991688461e-11)
(-1.00064627141589e-11,4.7228153097432e-10,4.54710204617318e-11)
(-2.3015459129177e-11,5.29143408308195e-10,1.34258462776485e-11)
(-2.45440812687343e-11,5.54731453393353e-10,1.38264072799614e-12)
(0,0,0)
(0,0,0)
(0,0,0)
(0,0,0)
(0,0,0)
(0,0,0)
(1.02407471303343e-12,2.27209873682569e-11,-2.43240582671441e-10)
(1.91027974595601e-12,4.53637797511464e-11,-2.37713595346448e-10)
(2.113003480927e-12,6.73888266598766e-11,-2.25201742251323e-10)
(-1.34950389357272e-12,8.86793314642327e-11,-2.04773990412304e-10)
(-1.29384915675368e-11,1.0421224126501e-10,-1.75825091286973e-10)
(-5.07103599768572e-11,8.64293163280808e-11,-1.42465994946534e-10)
(3.00846408353723e-11,4.83220122475399e-10,-1.41401450584074e-10)
(-3.1954818263541e-12,4.95723292821219e-10,-6.70191311102844e-11)
(-1.77600627284201e-11,5.28212576762307e-10,-4.1523774178092e-11)
(-2.21082995959811e-11,5.45177586658246e-10,-2.2117629436323e-11)
(0,0,0)
(0,0,0)
(0,0,0)
(0,0,0)
(0,0,0)
(0,0,0)
(6.10997708724507e-13,1.82357227003954e-11,-3.09519718516756e-10)
(2.40072416610473e-12,3.46184476078453e-11,-3.04202689922529e-10)
(3.70046713006896e-12,4.92498385679574e-11,-2.93402714198351e-10)
(-2.36157232391904e-13,6.08282969874575e-11,-2.75876419829841e-10)
(-1.86565836035973e-11,6.47991258577818e-11,-2.51190143921125e-10)
(-8.55655246513804e-11,4.67437784838526e-11,-2.25834917199063e-10)
(8.10597183406634e-11,4.31172338178908e-10,-2.33587359115963e-10)
(9.29018770970779e-12,4.67969150436121e-10,-1.53278899694443e-10)
(-1.07857741130308e-11,4.99259809490216e-10,-1.02716665401454e-10)
(-1.75732932099226e-11,5.13043367364626e-10,-5.22761014671148e-11)
(0,0,0)
(0,0,0)
(0,0,0)
(0,0,0)
(0,0,0)
(0,0,0)
(1.07566579663521e-12,1.37053252411602e-11,-3.78034570817861e-10)
(3.29695833825662e-12,2.54364952745179e-11,-3.73876112294409e-10)
(5.2558283083115e-12,3.4472893794097e-11,-3.65275091298086e-10)
(3.46736479960714e-12,3.78855360641742e-11,-3.51623281081787e-10)
(-1.51212222014137e-11,3.07692605245247e-11,-3.35541779156083e-10)
(-1.08474196428231e-10,-9.91261656611292e-12,-3.34668807764137e-10)
(8.91297772119628e-12,4.21169550092301e-10,-4.67821345701491e-10)
(6.18358426455856e-12,4.25089311294523e-10,-2.8762324686012e-10)
(-7.2300865452304e-12,4.43577632420894e-10,-1.76929972952577e-10)
(-1.40343345881725e-11,4.52839571012329e-10,-8.60271209048215e-11)
(0,0,0)
(0,0,0)
(0,0,0)
(0,0,0)
(0,0,0)
(0,0,0)
(9.61799738351382e-13,1.00648548943313e-11,-4.42954604729116e-10)
(3.09080723668022e-12,1.81669820533785e-11,-4.39761372142881e-10)
(6.14605010476306e-12,2.39974039533854e-11,-4.32795743406624e-10)
(9.31638945806891e-12,2.51646404517816e-11,-4.22100807981947e-10)
(1.05182755497327e-11,2.32128927975978e-11,-4.10889287267737e-10)
(5.96586047109537e-12,3.96526274820889e-11,-4.0619016074764e-10)
(-1.113969198599e-11,2.52178742012359e-10,-4.15445201131537e-10)
(-6.16125286789657e-12,3.2153068986304e-10,-3.24309255673185e-10)
(-9.10658623158948e-12,3.50896865453503e-10,-2.16340004011174e-10)
(-1.21619150034567e-11,3.62060032878807e-10,-1.07981136683593e-10)
(0,0,0)
(0,0,0)
(0,0,0)
(0,0,0)
(0,0,0)
(0,0,0)
(-2.44139608567961e-13,7.14903151380453e-12,-4.95050595905805e-10)
(1.71647361445973e-12,1.21125240911044e-11,-4.9165110550543e-10)
(5.49917536329233e-12,1.64533635101274e-11,-4.85337370175525e-10)
(9.4217171033693e-12,2.00126767679007e-11,-4.75365148138384e-10)
(1.22971248110735e-11,2.77815225308963e-11,-4.62355113002497e-10)
(1.04206454113783e-11,5.86056364939967e-11,-4.45692335456673e-10)
(-2.88923232751788e-12,1.54028252806082e-10,-4.15889640007539e-10)
(-6.53373511755499e-12,2.10937692203004e-10,-3.37733476290891e-10)
(-1.01088214667971e-11,2.39552744709267e-10,-2.33649822402893e-10)
(-1.16369425143891e-11,2.50421778776193e-10,-1.18773134873981e-10)
(0,0,0)
(0,0,0)
(0,0,0)
(0,0,0)
(0,0,0)
(0,0,0)
(-9.10685602765797e-13,3.79741410968502e-12,-5.25666849955029e-10)
(1.22199972608161e-12,6.55273552283379e-12,-5.22105249090504e-10)
(4.8645151854177e-12,9.23695524625427e-12,-5.1515403993035e-10)
(8.29113824517304e-12,1.23168205770703e-11,-5.03888065653278e-10)
(1.03028953301845e-11,1.90350437597699e-11,-4.87368233424079e-10)
(8.16966316312053e-12,3.7660950493606e-11,-4.62559047471463e-10)
(-2.83840734756302e-13,7.52445046845053e-11,-4.19379426271732e-10)
(-5.51464004706102e-12,1.04235895994846e-10,-3.43140916113803e-10)
(-9.55814377244346e-12,1.20908050301268e-10,-2.40760552049506e-10)
(-1.08751178090368e-11,1.27522839071939e-10,-1.23477942690726e-10)
(0,0,0)
(0,0,0)
(0,0,0)
(0,0,0)
(0,0,0)
(0,0,0)
(0,0,0)
(0,0,0)
(0,0,0)
(0,0,0)
(0,0,0)
(0,0,0)
(0,0,0)
(0,0,0)
(0,0,0)
(0,0,0)
(0,0,0)
(0,0,0)
(0,0,0)
(0,0,0)
(0,0,0)
(0,0,0)
(0,0,0)
(0,0,0)
(0,0,0)
(0,0,0)
(0,0,0)
(0,0,0)
(0,0,0)
(0,0,0)
(0,0,0)
(0,0,0)
(0,0,0)
(0,0,0)
(0,0,0)
(0,0,0)
(0,0,0)
(0,0,0)
(0,0,0)
(0,0,0)
(0,0,0)
(0,0,0)
(0,0,0)
(0,0,0)
(0,0,0)
(0,0,0)
(0,0,0)
(0,0,0)
(0,0,0)
(0,0,0)
(0,0,0)
(0,0,0)
(0,0,0)
(0,0,0)
(0,0,0)
(0,0,0)
(0,0,0)
(0,0,0)
(0,0,0)
(0,0,0)
(0,0,0)
(0,0,0)
(0,0,0)
(0,0,0)
(0,0,0)
(0,0,0)
(0,0,0)
(0,0,0)
(0,0,0)
(0,0,0)
(0,0,0)
(0,0,0)
(0,0,0)
(0,0,0)
(0,0,0)
(0,0,0)
(0,0,0)
(0,0,0)
(0,0,0)
(0,0,0)
(0,0,0)
(0,0,0)
(0,0,0)
(0,0,0)
(0,0,0)
(0,0,0)
(0,0,0)
(0,0,0)
(0,0,0)
(0,0,0)
(0,0,0)
(0,0,0)
(0,0,0)
(0,0,0)
(0,0,0)
(0,0,0)
(0,0,0)
(0,0,0)
(0,0,0)
(0,0,0)
(0,0,0)
(0,0,0)
(9.14666113305832e-13,3.77025579065398e-11,-3.86988101207091e-11)
(4.16330962505184e-13,7.66679152113274e-11,-3.63242179255594e-11)
(-1.10963472426307e-13,1.20410704856924e-10,-3.21883344019011e-11)
(-2.33051811585706e-13,1.72794055482487e-10,-2.65569805752106e-11)
(-4.4576623529646e-13,2.34876552303011e-10,-1.93743884256251e-11)
(-8.67249768056082e-13,3.03733323029412e-10,-1.06637235569432e-11)
(-1.82497090364523e-12,3.74559071607501e-10,-2.52492681785374e-12)
(-3.08937469490688e-12,4.35743818555798e-10,2.220015845247e-12)
(-4.37202407283822e-12,4.7950062925835e-10,3.73826808931809e-12)
(-5.48115886035427e-12,5.03044970511447e-10,2.58121353357724e-12)
(0,0,0)
(0,0,0)
(0,0,0)
(0,0,0)
(0,0,0)
(0,0,0)
(9.94054675356844e-13,3.56022855463501e-11,-7.93950598939632e-11)
(6.59121465718317e-13,7.27472596087412e-11,-7.55693942805127e-11)
(-4.61516310864764e-14,1.1468726173426e-10,-6.86334105094254e-11)
(-1.0843566692291e-13,1.65330623928278e-10,-5.81597245940678e-11)
(-6.88261233199232e-13,2.25645101519274e-10,-4.29337431364994e-11)
(-1.51180869233836e-12,2.94810685491793e-10,-2.42207564119906e-11)
(-2.48910609993369e-12,3.68768541696569e-10,-6.59535931039185e-12)
(-5.7625880353918e-12,4.32658408786502e-10,2.38626379874423e-12)
(-9.17285996928255e-12,4.78382971520686e-10,4.53969304309298e-12)
(-1.1243053244167e-11,5.02594328294539e-10,2.97133839809729e-12)
(0,0,0)
(0,0,0)
(0,0,0)
(0,0,0)
(0,0,0)
(0,0,0)
(6.6032353227078e-13,3.21910387392676e-11,-1.22967297927909e-10)
(4.93638277328079e-13,6.62129319248885e-11,-1.18301043253706e-10)
(-5.62727004207129e-13,1.04204362475315e-10,-1.09138349987912e-10)
(-7.34483838540297e-13,1.49849041324197e-10,-9.47920723509313e-11)
(-8.78553159114245e-13,2.06164319775181e-10,-7.36459537869545e-11)
(-5.64265024309555e-13,2.75895077378836e-10,-4.57770986555028e-11)
(1.75987078164444e-12,3.58193393567164e-10,-1.55300542790076e-11)
(-5.90260357731114e-12,4.27326581452045e-10,-2.85161830751571e-12)
(-1.100240676753e-11,4.75185219789288e-10,-4.12243079347482e-13)
(-1.40229201128783e-11,4.99467223289208e-10,-2.8687980091591e-13)
(0,0,0)
(0,0,0)
(0,0,0)
(0,0,0)
(0,0,0)
(0,0,0)
(6.25555460092687e-13,2.77413452636041e-11,-1.73393208819946e-10)
(3.4534070353114e-13,5.73339982344575e-11,-1.68782828575727e-10)
(-7.89151783379972e-13,8.99033739261007e-11,-1.58417226300644e-10)
(-1.59917871416845e-12,1.28648124146751e-10,-1.4179842965737e-10)
(-1.92182836294807e-12,1.77869899040425e-10,-1.18008772048615e-10)
(1.212939584923e-12,2.45361870308256e-10,-8.48041689652796e-11)
(1.85366277916429e-11,3.46965752717632e-10,-4.08055388964232e-11)
(-1.40305037699777e-12,4.21208136578257e-10,-2.45379455518352e-11)
(-1.00414220336712e-11,4.68809087067052e-10,-1.72406693095041e-11)
(-1.36075738056079e-11,4.9150284991957e-10,-9.34316382926578e-12)
(0,0,0)
(0,0,0)
(0,0,0)
(0,0,0)
(0,0,0)
(0,0,0)
(-1.76479441043195e-14,2.3473514910895e-11,-2.31543455436706e-10)
(1.43758794129406e-13,4.7522152663796e-11,-2.27252056856744e-10)
(-1.75760266163479e-13,7.3612309244489e-11,-2.16826162928479e-10)
(-2.44736854214257e-12,1.04635033985029e-10,-2.00259605658968e-10)
(-6.88447250074083e-12,1.43871055065217e-10,-1.77916297209548e-10)
(-1.20893664950565e-11,2.02906538702734e-10,-1.50907581362941e-10)
(7.75010565803987e-12,3.46177371833866e-10,-1.24057815538332e-10)
(-9.36696373412158e-13,4.1344774835277e-10,-8.53601158666339e-11)
(-8.21344019799572e-12,4.55044434664462e-10,-5.53004268953748e-11)
(-1.20917097386972e-11,4.74671605585586e-10,-2.76342601614935e-11)
(0,0,0)
(0,0,0)
(0,0,0)
(0,0,0)
(0,0,0)
(0,0,0)
(-1.756334262342e-13,1.92170665614629e-11,-2.9218758641776e-10)
(7.82700775251102e-13,3.75080591528952e-11,-2.87916245699478e-10)
(9.51117535415767e-13,5.75547367742483e-11,-2.78602819214592e-10)
(-1.97967221781337e-12,8.14965988715409e-11,-2.64057809006069e-10)
(-9.98194499240453e-12,1.12652110131021e-10,-2.44372152450257e-10)
(-2.11566876844976e-11,1.6707244539656e-10,-2.2255870698963e-10)
(1.0754047005775e-11,3.13988850595612e-10,-2.01794315071768e-10)
(1.60779255824036e-12,3.83274982185948e-10,-1.51169011089806e-10)
(-5.54416097802952e-12,4.22467352788636e-10,-1.0071461106564e-10)
(-9.64559832469035e-12,4.40237786785134e-10,-5.0444561815104e-11)
(0,0,0)
(0,0,0)
(0,0,0)
(0,0,0)
(0,0,0)
(0,0,0)
(5.57677619971397e-13,1.48225249495582e-11,-3.53502131852056e-10)
(1.96545056308464e-12,2.88202987469836e-11,-3.4972148814275e-10)
(2.07950793270719e-12,4.39659778548019e-11,-3.4141899750538e-10)
(1.06758486293724e-13,6.10633401766384e-11,-3.28958945041626e-10)
(-8.43782586640166e-12,8.43981503377331e-11,-3.13310844476418e-10)
(-2.48869025391032e-11,1.30579926868925e-10,-2.99693215993712e-10)
(-2.29431304016871e-12,2.73709029268775e-10,-2.95081024985063e-10)
(-9.51068211460468e-13,3.35145919556146e-10,-2.2383948768203e-10)
(-5.4521716256067e-12,3.69129416780409e-10,-1.48214012692022e-10)
(-9.2819173594909e-12,3.84333546675661e-10,-7.36681109286744e-11)
(0,0,0)
(0,0,0)
(0,0,0)
(0,0,0)
(0,0,0)
(0,0,0)
(6.84390532662614e-13,1.10258560670186e-11,-4.09400034036706e-10)
(2.17963646268544e-12,2.13331491292167e-11,-4.06380979200845e-10)
(2.99515512336339e-12,3.28983942572484e-11,-3.98950526987991e-10)
(3.2568324277341e-12,4.58105260159807e-11,-3.87064921510331e-10)
(1.25051929633752e-12,6.53694514292009e-11,-3.7163258652426e-10)
(-3.73210815682243e-12,1.0743810581027e-10,-3.53600370044638e-10)
(-4.12514823813791e-12,2.02424832472265e-10,-3.27920425340738e-10)
(-3.53750686986528e-12,2.60339984541031e-10,-2.62186275977849e-10)
(-6.12133281492193e-12,2.9236098008852e-10,-1.7937872997263e-10)
(-8.50479758443943e-12,3.0625280406111e-10,-9.08134480434054e-11)
(0,0,0)
(0,0,0)
(0,0,0)
(0,0,0)
(0,0,0)
(0,0,0)
(-2.92012604828331e-13,8.06108919596947e-12,-4.52367983819783e-10)
(9.62526852836498e-13,1.46817903652285e-11,-4.48870245243999e-10)
(2.74336159003271e-12,2.28075264332171e-11,-4.41685510352849e-10)
(4.10753815831781e-12,3.28008224205058e-11,-4.29464061815777e-10)
(4.38082603633765e-12,4.86853812697144e-11,-4.11636887830329e-10)
(1.56263596261517e-12,8.01222701320349e-11,-3.86429941911586e-10)
(-2.26164792253159e-12,1.34386273972755e-10,-3.47394782827025e-10)
(-3.91559279741131e-12,1.75792308301233e-10,-2.81384031185896e-10)
(-6.34081458768685e-12,2.01020727307146e-10,-1.95949409443119e-10)
(-7.51113768411433e-12,2.11751405480626e-10,-1.00179683164828e-10)
(0,0,0)
(0,0,0)
(0,0,0)
(0,0,0)
(0,0,0)
(0,0,0)
(-6.74872357605471e-13,4.40214381353037e-12,-4.77964484877834e-10)
(8.23526088760937e-13,8.10281496991057e-12,-4.73964768681417e-10)
(2.83549615460007e-12,1.24474940507351e-11,-4.65492972244113e-10)
(4.08812659304567e-12,1.78849914345054e-11,-4.51523713677518e-10)
(4.52875313733923e-12,2.66303878742582e-11,-4.31221881537971e-10)
(2.65099245699766e-12,4.2927192749673e-11,-4.01668696354347e-10)
(-1.27784620818583e-12,6.72725534664246e-11,-3.56473648538009e-10)
(-3.65910811650692e-12,8.81158449035484e-11,-2.89528767137799e-10)
(-5.93270282996578e-12,1.01991673386585e-10,-2.03171330886705e-10)
(-6.83022142783808e-12,1.0798927487315e-10,-1.04214861864239e-10)
(0,0,0)
(0,0,0)
(0,0,0)
(0,0,0)
(0,0,0)
(0,0,0)
(0,0,0)
(0,0,0)
(0,0,0)
(0,0,0)
(0,0,0)
(0,0,0)
(0,0,0)
(0,0,0)
(0,0,0)
(0,0,0)
(0,0,0)
(0,0,0)
(0,0,0)
(0,0,0)
(0,0,0)
(0,0,0)
(0,0,0)
(0,0,0)
(0,0,0)
(0,0,0)
(0,0,0)
(0,0,0)
(0,0,0)
(0,0,0)
(0,0,0)
(0,0,0)
(0,0,0)
(0,0,0)
(0,0,0)
(0,0,0)
(0,0,0)
(0,0,0)
(0,0,0)
(0,0,0)
(0,0,0)
(0,0,0)
(0,0,0)
(0,0,0)
(0,0,0)
(0,0,0)
(0,0,0)
(0,0,0)
(0,0,0)
(0,0,0)
(0,0,0)
(0,0,0)
(0,0,0)
(0,0,0)
(0,0,0)
(0,0,0)
(0,0,0)
(0,0,0)
(0,0,0)
(0,0,0)
(0,0,0)
(0,0,0)
(0,0,0)
(0,0,0)
(0,0,0)
(0,0,0)
(0,0,0)
(0,0,0)
(0,0,0)
(0,0,0)
(0,0,0)
(0,0,0)
(0,0,0)
(0,0,0)
(0,0,0)
(0,0,0)
(0,0,0)
(0,0,0)
(0,0,0)
(0,0,0)
(0,0,0)
(0,0,0)
(0,0,0)
(0,0,0)
(0,0,0)
(0,0,0)
(0,0,0)
(0,0,0)
(0,0,0)
(0,0,0)
(0,0,0)
(0,0,0)
(0,0,0)
(0,0,0)
(0,0,0)
(0,0,0)
(0,0,0)
(0,0,0)
(0,0,0)
(0,0,0)
(0,0,0)
(0,0,0)
(6.40346278381743e-13,3.65951751234303e-11,-3.77782325572545e-11)
(2.01103041411128e-13,7.50862401859339e-11,-3.54763243443932e-11)
(-1.88741764526805e-14,1.18428675462183e-10,-3.22247026258418e-11)
(4.77875930536609e-14,1.71192613270483e-10,-2.76306559839602e-11)
(7.50196797365069e-14,2.32734504874067e-10,-2.1342517584866e-11)
(-8.34089695143956e-14,2.98361237453015e-10,-1.34311782541539e-11)
(-7.79383655823649e-13,3.64478330863708e-10,-6.23690861169941e-12)
(-1.52221716967225e-12,4.19904212776162e-10,-1.41444985108703e-12)
(-2.09731177945496e-12,4.58083029062286e-10,8.38580391591971e-13)
(-2.44930310988132e-12,4.7925879852313e-10,8.13958252961261e-13)
(0,0,0)
(0,0,0)
(0,0,0)
(0,0,0)
(0,0,0)
(0,0,0)
(5.79635868989767e-13,3.49336131889592e-11,-7.74502057904755e-11)
(2.57465378508179e-13,7.20357215087917e-11,-7.40012807796931e-11)
(-3.69382874797456e-14,1.13815754643808e-10,-6.82613822198e-11)
(1.47165479552505e-13,1.64952262464466e-10,-5.96014698769324e-11)
(7.95337863878556e-14,2.248981852231e-10,-4.65441021545714e-11)
(-2.21597680984202e-13,2.91083558841084e-10,-3.07212482913119e-11)
(-8.95581079684906e-13,3.58876488447241e-10,-1.65225348353881e-11)
(-2.58418994527794e-12,4.16128965363811e-10,-6.86545455286009e-12)
(-4.40675359289421e-12,4.56010339421466e-10,-1.8004563848184e-12)
(-5.1446098407223e-12,4.7762345366621e-10,-3.57380264752762e-13)
(0,0,0)
(0,0,0)
(0,0,0)
(0,0,0)
(0,0,0)
(0,0,0)
(4.43762333762754e-13,3.2064324047168e-11,-1.19230847376354e-10)
(2.09878701953717e-13,6.65532883274117e-11,-1.15086346950486e-10)
(-6.08016092009914e-13,1.0511890401347e-10,-1.07213737095423e-10)
(-6.79685225061817e-13,1.52042060221663e-10,-9.53556898358168e-11)
(-4.52987555809192e-13,2.09154865146228e-10,-7.79768111361842e-11)
(-2.78102330219247e-13,2.76663247704165e-10,-5.61174681630021e-11)
(3.09075659709594e-13,3.48323827085016e-10,-3.44785420604714e-11)
(-2.22353393171339e-12,4.084797772505e-10,-1.94634841082383e-11)
(-4.75163732373715e-12,4.5016050970851e-10,-1.03741564530725e-11)
(-6.34542654415359e-12,4.72121463560731e-10,-4.68268140205133e-12)
(0,0,0)
(0,0,0)
(0,0,0)
(0,0,0)
(0,0,0)
(0,0,0)
(2.83005568599555e-13,2.83635859550504e-11,-1.68861917539876e-10)
(-2.08416000908297e-13,5.88905571743195e-11,-1.64341864108062e-10)
(-1.11688374501494e-12,9.2652840661841e-11,-1.54995442029553e-10)
(-1.37574616119925e-12,1.33983496296974e-10,-1.41073557862331e-10)
(-1.12758747107329e-12,1.86842534617231e-10,-1.21817522091657e-10)
(-3.30358878379896e-13,2.54746219271429e-10,-9.67751222379018e-11)
(3.05741533088477e-12,3.33617844792481e-10,-6.87358043866073e-11)
(-9.39938393905909e-13,3.97166915663622e-10,-4.66558010148941e-11)
(-4.17427511129775e-12,4.39717397333752e-10,-2.93946749020956e-11)
(-6.11949330088322e-12,4.61093355614522e-10,-1.42463117055301e-11)
(0,0,0)
(0,0,0)
(0,0,0)
(0,0,0)
(0,0,0)
(0,0,0)
(-5.25981745999121e-14,2.41265380918478e-11,-2.25916235310581e-10)
(-2.68041623219655e-13,4.93357190949028e-11,-2.21523540975306e-10)
(-6.84745065477252e-13,7.76140727495888e-11,-2.11786976897902e-10)
(-1.65224187805851e-12,1.13351714365114e-10,-1.97346271974287e-10)
(-2.67424341314519e-12,1.60672547292406e-10,-1.78270683964833e-10)
(-3.10503901349878e-12,2.26376542541748e-10,-1.54038777737553e-10)
(1.24092722459672e-12,3.14595256751623e-10,-1.25626051843227e-10)
(-8.23619177904454e-13,3.78965851156961e-10,-9.27225647980102e-11)
(-3.30252505605402e-12,4.20394759025878e-10,-6.1367128495054e-11)
(-5.29215109974178e-12,4.40727550608102e-10,-3.04856672560988e-11)
(0,0,0)
(0,0,0)
(0,0,0)
(0,0,0)
(0,0,0)
(0,0,0)
(-5.24325326196548e-14,1.96812455819568e-11,-2.83900083266063e-10)
(1.57034696290277e-13,3.93311133942784e-11,-2.79788773279342e-10)
(-5.13375364633507e-15,6.24886227604944e-11,-2.70958421644719e-10)
(-1.2320700787334e-12,9.26238844776262e-11,-2.57666368164614e-10)
(-3.54143065976743e-12,1.33766397651957e-10,-2.39415731861258e-10)
(-5.42856107476569e-12,1.94858777633955e-10,-2.16397005422338e-10)
(4.0856435067595e-13,2.82932696930996e-10,-1.87616496415947e-10)
(-7.1754483608187e-13,3.46786795676084e-10,-1.45318790227405e-10)
(-2.47627422037029e-12,3.86210772730886e-10,-9.86426257219813e-11)
(-4.18592003037472e-12,4.04949732252263e-10,-4.97200970927749e-11)
(0,0,0)
(0,0,0)
(0,0,0)
(0,0,0)
(0,0,0)
(0,0,0)
(5.73702793219832e-13,1.55175030626113e-11,-3.41238606775925e-10)
(1.15010954347988e-12,3.06577964559515e-11,-3.37331304387948e-10)
(6.87039066544778e-13,4.91914355267392e-11,-3.29159044744941e-10)
(-2.8852791829156e-13,7.31411780955225e-11,-3.17270490374599e-10)
(-3.02675544057652e-12,1.07206240553313e-10,-3.00445247101606e-10)
(-6.35727248905011e-12,1.60649707552768e-10,-2.78942164716556e-10)
(-2.25165354676557e-12,2.41043555093149e-10,-2.50026954163971e-10)
(-1.77060818636467e-12,2.99393086334554e-10,-1.97354751556539e-10)
(-3.22963669702398e-12,3.34811969881319e-10,-1.34283050598833e-10)
(-4.86928567360816e-12,3.51043715129115e-10,-6.7452808425779e-11)
(0,0,0)
(0,0,0)
(0,0,0)
(0,0,0)
(0,0,0)
(0,0,0)
(6.30102567886585e-13,1.21839034678586e-11,-3.93365729992826e-10)
(1.40054301379481e-12,2.36356463564302e-11,-3.89759002105569e-10)
(1.20041746973859e-12,3.79899202229512e-11,-3.81819893145778e-10)
(8.34201037144182e-13,5.60274069042444e-11,-3.69528766250787e-10)
(-9.76270238180407e-14,8.26764027277049e-11,-3.51935148860764e-10)
(-2.0962171825021e-12,1.25377224511075e-10,-3.27193351254347e-10)
(-1.82073910148088e-12,1.86119698938964e-10,-2.9124658216839e-10)
(-1.79737663531442e-12,2.34550777190493e-10,-2.33507522410318e-10)
(-3.34636196277115e-12,2.64752091011258e-10,-1.60925420482853e-10)
(-4.81684704737166e-12,2.78721621029732e-10,-8.16953885404379e-11)
(0,0,0)
(0,0,0)
(0,0,0)
(0,0,0)
(0,0,0)
(0,0,0)
(-1.30805798173658e-13,9.20727814849328e-12,-4.33188062302959e-10)
(3.56767357009527e-13,1.70970804104081e-11,-4.28891593838319e-10)
(8.81945435444712e-13,2.68992107977179e-11,-4.20617897831643e-10)
(1.19619515885681e-12,3.92679905513619e-11,-4.07071121603286e-10)
(1.22887351305122e-12,5.78369780974705e-11,-3.87004457081003e-10)
(-2.77445739572644e-13,8.73342382426078e-11,-3.57742933760912e-10)
(-1.15867905733716e-12,1.26559900079402e-10,-3.15752885416792e-10)
(-1.67375114249425e-12,1.60171298627722e-10,-2.54465748298768e-10)
(-3.08148694541561e-12,1.82175697106072e-10,-1.76896025673073e-10)
(-3.9286902414672e-12,1.92209385441925e-10,-9.03676867744203e-11)
(0,0,0)
(0,0,0)
(0,0,0)
(0,0,0)
(0,0,0)
(0,0,0)
(-2.72444740491927e-13,4.78000388569262e-12,-4.55335947875253e-10)
(4.5454462136462e-13,9.18015176074663e-12,-4.50828388730053e-10)
(1.31373163874258e-12,1.42343800048064e-11,-4.41193692347941e-10)
(1.6712858880037e-12,2.03975211879329e-11,-4.25645580704392e-10)
(1.60595582797713e-12,2.9804328290408e-11,-4.03576773628456e-10)
(3.83137390325197e-13,4.50667441589388e-11,-3.7216648951007e-10)
(-9.50174141962817e-13,6.41140839040341e-11,-3.26716607960806e-10)
(-1.9006994640546e-12,8.09278248595335e-11,-2.63552698198735e-10)
(-2.8974984658497e-12,9.25658712620005e-11,-1.84525572803256e-10)
(-3.05580841892954e-12,9.7913008426035e-11,-9.48572000071055e-11)
(0,0,0)
(0,0,0)
(0,0,0)
(0,0,0)
(0,0,0)
(0,0,0)
(0,0,0)
(0,0,0)
(0,0,0)
(0,0,0)
(0,0,0)
(0,0,0)
(0,0,0)
(0,0,0)
(0,0,0)
(0,0,0)
(0,0,0)
(0,0,0)
(0,0,0)
(0,0,0)
(0,0,0)
(0,0,0)
(0,0,0)
(0,0,0)
(0,0,0)
(0,0,0)
(0,0,0)
(0,0,0)
(0,0,0)
(0,0,0)
(0,0,0)
(0,0,0)
(0,0,0)
(0,0,0)
(0,0,0)
(0,0,0)
(0,0,0)
(0,0,0)
(0,0,0)
(0,0,0)
(0,0,0)
(0,0,0)
(0,0,0)
(0,0,0)
(0,0,0)
(0,0,0)
(0,0,0)
(0,0,0)
(0,0,0)
(0,0,0)
(0,0,0)
(0,0,0)
(0,0,0)
(0,0,0)
(0,0,0)
(0,0,0)
(0,0,0)
(0,0,0)
(0,0,0)
(0,0,0)
(0,0,0)
(0,0,0)
(0,0,0)
(0,0,0)
(0,0,0)
(0,0,0)
(0,0,0)
(0,0,0)
(0,0,0)
(0,0,0)
(0,0,0)
(0,0,0)
(0,0,0)
(0,0,0)
(0,0,0)
(0,0,0)
(0,0,0)
(0,0,0)
(0,0,0)
(0,0,0)
(0,0,0)
(0,0,0)
(0,0,0)
(0,0,0)
(0,0,0)
(0,0,0)
(0,0,0)
(0,0,0)
(0,0,0)
(0,0,0)
(0,0,0)
(0,0,0)
(0,0,0)
(0,0,0)
(0,0,0)
(0,0,0)
(0,0,0)
(0,0,0)
(0,0,0)
(0,0,0)
(0,0,0)
(0,0,0)
(0,0,0)
(0,0,0)
(0,0,0)
(0,0,0)
(0,0,0)
(0,0,0)
(0,0,0)
(0,0,0)
(0,0,0)
(0,0,0)
(0,0,0)
(0,0,0)
(0,0,0)
(0,0,0)
(0,0,0)
(0,0,0)
(0,0,0)
(0,0,0)
(0,0,0)
(0,0,0)
(0,0,0)
(0,0,0)
(0,0,0)
(0,0,0)
(0,0,0)
(0,0,0)
(0,0,0)
(0,0,0)
(0,0,0)
(0,0,0)
(0,0,0)
(0,0,0)
(0,0,0)
(0,0,0)
(0,0,0)
(0,0,0)
(0,0,0)
(0,0,0)
(0,0,0)
(0,0,0)
(0,0,0)
(0,0,0)
(0,0,0)
(0,0,0)
(0,0,0)
(0,0,0)
(0,0,0)
(0,0,0)
(0,0,0)
(0,0,0)
(0,0,0)
(0,0,0)
(0,0,0)
(0,0,0)
(0,0,0)
(0,0,0)
(0,0,0)
(0,0,0)
(0,0,0)
(0,0,0)
(0,0,0)
(0,0,0)
(0,0,0)
(0,0,0)
(0,0,0)
(0,0,0)
(0,0,0)
(0,0,0)
(0,0,0)
(0,0,0)
(0,0,0)
(0,0,0)
(0,0,0)
(0,0,0)
(0,0,0)
(0,0,0)
(0,0,0)
(0,0,0)
(0,0,0)
(0,0,0)
(0,0,0)
(0,0,0)
(0,0,0)
(0,0,0)
(0,0,0)
(0,0,0)
(0,0,0)
(0,0,0)
(0,0,0)
(0,0,0)
(0,0,0)
(0,0,0)
(0,0,0)
(0,0,0)
(0,0,0)
(0,0,0)
(0,0,0)
(0,0,0)
(0,0,0)
(0,0,0)
(0,0,0)
(0,0,0)
(0,0,0)
(0,0,0)
(0,0,0)
(0,0,0)
(0,0,0)
(0,0,0)
(0,0,0)
(0,0,0)
(0,0,0)
(0,0,0)
(0,0,0)
(0,0,0)
(0,0,0)
(0,0,0)
(0,0,0)
(0,0,0)
(0,0,0)
(0,0,0)
(0,0,0)
(0,0,0)
(0,0,0)
(0,0,0)
(0,0,0)
(0,0,0)
(0,0,0)
(0,0,0)
(0,0,0)
(0,0,0)
(0,0,0)
(0,0,0)
(0,0,0)
(0,0,0)
(0,0,0)
(0,0,0)
(0,0,0)
(0,0,0)
(0,0,0)
(0,0,0)
(0,0,0)
(0,0,0)
(0,0,0)
(0,0,0)
(0,0,0)
(0,0,0)
(0,0,0)
(0,0,0)
(0,0,0)
(0,0,0)
(0,0,0)
(0,0,0)
(0,0,0)
(0,0,0)
(0,0,0)
(0,0,0)
(0,0,0)
(0,0,0)
(0,0,0)
(0,0,0)
(0,0,0)
(0,0,0)
(0,0,0)
(0,0,0)
(0,0,0)
(0,0,0)
(0,0,0)
(0,0,0)
(0,0,0)
(0,0,0)
(0,0,0)
(0,0,0)
(0,0,0)
(0,0,0)
(0,0,0)
(0,0,0)
(0,0,0)
(0,0,0)
(0,0,0)
(0,0,0)
(0,0,0)
(0,0,0)
(0,0,0)
(0,0,0)
(0,0,0)
(0,0,0)
(0,0,0)
(0,0,0)
(0,0,0)
(0,0,0)
(0,0,0)
(0,0,0)
(0,0,0)
(0,0,0)
(0,0,0)
(0,0,0)
(0,0,0)
(0,0,0)
(0,0,0)
(0,0,0)
(0,0,0)
(0,0,0)
(0,0,0)
(0,0,0)
(0,0,0)
(0,0,0)
(0,0,0)
(0,0,0)
(0,0,0)
(0,0,0)
(0,0,0)
(0,0,0)
(0,0,0)
(0,0,0)
(0,0,0)
(0,0,0)
(0,0,0)
(0,0,0)
(0,0,0)
(0,0,0)
(0,0,0)
(0,0,0)
(0,0,0)
(0,0,0)
(0,0,0)
(0,0,0)
(0,0,0)
(0,0,0)
(0,0,0)
(0,0,0)
(0,0,0)
(0,0,0)
(0,0,0)
(0,0,0)
(0,0,0)
(0,0,0)
(0,0,0)
(0,0,0)
(0,0,0)
(0,0,0)
(0,0,0)
(0,0,0)
(0,0,0)
(0,0,0)
(0,0,0)
(0,0,0)
(0,0,0)
(0,0,0)
(0,0,0)
(0,0,0)
(0,0,0)
(0,0,0)
(0,0,0)
(0,0,0)
(0,0,0)
(0,0,0)
(0,0,0)
(0,0,0)
(0,0,0)
(0,0,0)
(0,0,0)
(0,0,0)
(0,0,0)
(0,0,0)
(0,0,0)
(0,0,0)
(0,0,0)
(0,0,0)
(0,0,0)
(0,0,0)
(0,0,0)
(0,0,0)
(0,0,0)
(0,0,0)
(0,0,0)
(0,0,0)
(0,0,0)
(0,0,0)
(0,0,0)
(0,0,0)
(0,0,0)
(0,0,0)
(0,0,0)
(0,0,0)
(0,0,0)
(0,0,0)
(0,0,0)
(0,0,0)
(0,0,0)
(0,0,0)
(0,0,0)
(0,0,0)
(0,0,0)
(0,0,0)
(0,0,0)
(0,0,0)
(0,0,0)
(0,0,0)
(0,0,0)
(0,0,0)
(0,0,0)
(0,0,0)
(0,0,0)
(0,0,0)
(0,0,0)
(0,0,0)
(0,0,0)
(0,0,0)
(0,0,0)
(0,0,0)
(0,0,0)
(0,0,0)
(0,0,0)
(0,0,0)
(0,0,0)
(0,0,0)
(0,0,0)
(0,0,0)
(0,0,0)
(0,0,0)
(0,0,0)
(0,0,0)
(0,0,0)
(0,0,0)
(0,0,0)
(0,0,0)
(0,0,0)
(0,0,0)
(0,0,0)
(0,0,0)
(0,0,0)
(0,0,0)
(0,0,0)
(0,0,0)
(0,0,0)
(0,0,0)
(0,0,0)
(0,0,0)
(0,0,0)
(0,0,0)
(0,0,0)
(0,0,0)
(0,0,0)
(0,0,0)
(0,0,0)
(0,0,0)
(0,0,0)
(0,0,0)
(0,0,0)
(0,0,0)
(0,0,0)
(0,0,0)
(0,0,0)
(0,0,0)
(0,0,0)
(0,0,0)
(0,0,0)
(0,0,0)
(0,0,0)
(0,0,0)
(0,0,0)
(0,0,0)
(0,0,0)
(0,0,0)
(0,0,0)
(0,0,0)
(0,0,0)
(0,0,0)
(0,0,0)
(0,0,0)
(0,0,0)
(0,0,0)
(0,0,0)
(0,0,0)
(0,0,0)
(0,0,0)
(0,0,0)
(0,0,0)
(0,0,0)
(0,0,0)
(0,0,0)
(0,0,0)
(0,0,0)
(0,0,0)
(0,0,0)
(0,0,0)
(0,0,0)
(0,0,0)
(0,0,0)
(0,0,0)
(0,0,0)
(0,0,0)
(0,0,0)
(0,0,0)
(0,0,0)
(0,0,0)
(0,0,0)
(0,0,0)
(0,0,0)
(0,0,0)
(0,0,0)
(0,0,0)
(0,0,0)
(0,0,0)
(0,0,0)
(0,0,0)
(0,0,0)
(0,0,0)
(0,0,0)
(0,0,0)
(0,0,0)
(0,0,0)
(0,0,0)
(0,0,0)
(0,0,0)
(0,0,0)
(0,0,0)
(0,0,0)
(0,0,0)
(0,0,0)
(0,0,0)
(0,0,0)
(0,0,0)
(0,0,0)
(0,0,0)
(0,0,0)
(0,0,0)
(0,0,0)
(0,0,0)
(0,0,0)
(0,0,0)
(0,0,0)
(0,0,0)
(0,0,0)
(0,0,0)
(0,0,0)
(0,0,0)
(0,0,0)
(0,0,0)
(0,0,0)
(0,0,0)
(0,0,0)
(0,0,0)
(0,0,0)
(0,0,0)
(0,0,0)
(0,0,0)
(0,0,0)
(0,0,0)
(0,0,0)
(0,0,0)
(0,0,0)
(0,0,0)
(0,0,0)
(0,0,0)
(0,0,0)
(0,0,0)
(0,0,0)
(0,0,0)
(0,0,0)
(0,0,0)
(0,0,0)
(0,0,0)
(0,0,0)
(0,0,0)
(0,0,0)
(0,0,0)
(0,0,0)
(0,0,0)
(0,0,0)
(0,0,0)
(0,0,0)
(0,0,0)
(0,0,0)
(0,0,0)
(0,0,0)
(0,0,0)
(0,0,0)
(0,0,0)
(0,0,0)
(0,0,0)
(0,0,0)
(0,0,0)
(0,0,0)
(0,0,0)
(0,0,0)
(0,0,0)
(0,0,0)
(0,0,0)
(0,0,0)
(0,0,0)
(0,0,0)
(0,0,0)
(0,0,0)
(0,0,0)
(0,0,0)
(0,0,0)
(0,0,0)
(0,0,0)
(0,0,0)
(0,0,0)
(0,0,0)
(0,0,0)
(0,0,0)
(0,0,0)
(0,0,0)
(0,0,0)
(0,0,0)
(0,0,0)
(0,0,0)
(0,0,0)
(0,0,0)
(0,0,0)
(0,0,0)
(0,0,0)
(0,0,0)
(0,0,0)
(0,0,0)
(0,0,0)
(0,0,0)
(0,0,0)
(0,0,0)
(0,0,0)
(0,0,0)
(0,0,0)
(0,0,0)
(0,0,0)
(0,0,0)
(0,0,0)
(0,0,0)
(0,0,0)
(0,0,0)
(0,0,0)
(0,0,0)
(0,0,0)
(0,0,0)
(0,0,0)
(0,0,0)
(0,0,0)
(0,0,0)
(0,0,0)
(0,0,0)
(0,0,0)
(0,0,0)
(0,0,0)
(0,0,0)
(0,0,0)
(0,0,0)
(0,0,0)
(0,0,0)
(0,0,0)
(0,0,0)
(0,0,0)
(0,0,0)
(0,0,0)
(0,0,0)
(0,0,0)
(0,0,0)
(0,0,0)
(0,0,0)
(0,0,0)
(0,0,0)
(0,0,0)
(0,0,0)
(0,0,0)
(0,0,0)
(0,0,0)
(0,0,0)
(0,0,0)
(0,0,0)
(0,0,0)
(0,0,0)
(0,0,0)
(0,0,0)
(0,0,0)
(0,0,0)
(0,0,0)
(0,0,0)
(0,0,0)
(0,0,0)
(0,0,0)
(0,0,0)
(0,0,0)
(0,0,0)
(0,0,0)
(0,0,0)
(0,0,0)
(0,0,0)
(0,0,0)
(0,0,0)
(0,0,0)
(0,0,0)
(0,0,0)
(0,0,0)
(0,0,0)
(0,0,0)
(0,0,0)
(0,0,0)
(0,0,0)
(0,0,0)
(0,0,0)
(0,0,0)
(0,0,0)
(0,0,0)
(0,0,0)
(0,0,0)
(0,0,0)
(0,0,0)
(0,0,0)
(0,0,0)
(0,0,0)
(0,0,0)
(0,0,0)
(0,0,0)
(0,0,0)
(0,0,0)
(0,0,0)
(0,0,0)
(0,0,0)
(0,0,0)
(0,0,0)
(0,0,0)
(0,0,0)
(0,0,0)
(0,0,0)
(0,0,0)
(0,0,0)
(0,0,0)
(0,0,0)
(0,0,0)
(0,0,0)
(0,0,0)
(0,0,0)
(0,0,0)
(0,0,0)
(0,0,0)
(0,0,0)
(0,0,0)
(0,0,0)
(0,0,0)
(0,0,0)
(0,0,0)
(0,0,0)
(0,0,0)
(0,0,0)
(0,0,0)
(0,0,0)
(0,0,0)
(0,0,0)
(0,0,0)
(0,0,0)
(0,0,0)
(0,0,0)
(0,0,0)
(0,0,0)
(0,0,0)
(0,0,0)
(0,0,0)
(0,0,0)
(0,0,0)
(0,0,0)
(0,0,0)
(0,0,0)
(0,0,0)
(0,0,0)
(0,0,0)
(0,0,0)
(0,0,0)
(0,0,0)
(0,0,0)
(0,0,0)
(0,0,0)
(0,0,0)
(0,0,0)
(0,0,0)
(0,0,0)
(0,0,0)
(0,0,0)
(0,0,0)
(0,0,0)
(0,0,0)
(0,0,0)
(0,0,0)
(0,0,0)
(0,0,0)
(0,0,0)
(0,0,0)
(0,0,0)
(0,0,0)
(0,0,0)
(0,0,0)
(0,0,0)
(0,0,0)
(0,0,0)
(0,0,0)
(0,0,0)
(0,0,0)
(0,0,0)
(0,0,0)
(0,0,0)
(0,0,0)
(0,0,0)
(0,0,0)
(0,0,0)
(0,0,0)
(0,0,0)
(0,0,0)
(0,0,0)
(0,0,0)
(0,0,0)
(0,0,0)
(0,0,0)
(0,0,0)
(0,0,0)
(0,0,0)
(0,0,0)
(0,0,0)
)
;

boundaryField
{
    fuel
    {
        type            fixedValue;
        value           uniform (0.1 0 0);
    }
    air
    {
        type            fixedValue;
        value           uniform (-0.1 0 0);
    }
    outlet
    {
        type            zeroGradient;
    }
    frontAndBack
    {
        type            empty;
    }
}


// ************************************************************************* //
 