/*--------------------------------*- C++ -*----------------------------------*\
| =========                 |                                                 |
| \\      /  F ield         | foam-extend: Open Source CFD                    |
|  \\    /   O peration     | Version:     4.0                                |
|   \\  /    A nd           | Web:         http://www.foam-extend.org         |
|    \\/     M anipulation  |                                                 |
\*---------------------------------------------------------------------------*/
FoamFile
{
    version 2.0;
    format ascii;
    class volVectorField;
    location "Data/2864";
    object      E;
}
// * * * * * * * * * * * * * * * * * * * * * * * * * * * * * * * * * * * * * //

dimensions      [0 1 -1 0 0 0 0];

internalField   nonuniform List<vector>
4096
(
(0,0,0)
(0,0,0)
(0,0,0)
(0,0,0)
(0,0,0)
(0,0,0)
(0,0,0)
(0,0,0)
(0,0,0)
(0,0,0)
(0,0,0)
(0,0,0)
(0,0,0)
(0,0,0)
(0,0,0)
(0,0,0)
(0,0,0)
(0,0,0)
(0,0,0)
(0,0,0)
(0,0,0)
(0,0,0)
(0,0,0)
(0,0,0)
(0,0,0)
(0,0,0)
(0,0,0)
(0,0,0)
(0,0,0)
(0,0,0)
(0,0,0)
(0,0,0)
(0,0,0)
(0,0,0)
(0,0,0)
(0,0,0)
(0,0,0)
(0,0,0)
(0,0,0)
(0,0,0)
(0,0,0)
(0,0,0)
(0,0,0)
(0,0,0)
(0,0,0)
(0,0,0)
(0,0,0)
(0,0,0)
(0,0,0)
(0,0,0)
(0,0,0)
(0,0,0)
(0,0,0)
(0,0,0)
(0,0,0)
(0,0,0)
(0,0,0)
(0,0,0)
(0,0,0)
(0,0,0)
(0,0,0)
(0,0,0)
(0,0,0)
(0,0,0)
(0,0,0)
(0,0,0)
(0,0,0)
(0,0,0)
(0,0,0)
(0,0,0)
(0,0,0)
(0,0,0)
(0,0,0)
(0,0,0)
(0,0,0)
(0,0,0)
(0,0,0)
(0,0,0)
(0,0,0)
(0,0,0)
(0,0,0)
(0,0,0)
(0,0,0)
(0,0,0)
(0,0,0)
(0,0,0)
(0,0,0)
(0,0,0)
(0,0,0)
(0,0,0)
(0,0,0)
(0,0,0)
(0,0,0)
(0,0,0)
(0,0,0)
(0,0,0)
(0,0,0)
(0,0,0)
(0,0,0)
(0,0,0)
(0,0,0)
(0,0,0)
(0,0,0)
(0,0,0)
(0,0,0)
(0,0,0)
(0,0,0)
(0,0,0)
(0,0,0)
(0,0,0)
(0,0,0)
(0,0,0)
(0,0,0)
(0,0,0)
(0,0,0)
(0,0,0)
(0,0,0)
(0,0,0)
(0,0,0)
(0,0,0)
(0,0,0)
(0,0,0)
(0,0,0)
(0,0,0)
(0,0,0)
(0,0,0)
(0,0,0)
(0,0,0)
(0,0,0)
(0,0,0)
(0,0,0)
(0,0,0)
(0,0,0)
(0,0,0)
(0,0,0)
(0,0,0)
(0,0,0)
(0,0,0)
(0,0,0)
(0,0,0)
(0,0,0)
(0,0,0)
(0,0,0)
(0,0,0)
(0,0,0)
(0,0,0)
(0,0,0)
(0,0,0)
(0,0,0)
(0,0,0)
(0,0,0)
(0,0,0)
(0,0,0)
(0,0,0)
(0,0,0)
(0,0,0)
(0,0,0)
(0,0,0)
(0,0,0)
(0,0,0)
(0,0,0)
(0,0,0)
(0,0,0)
(0,0,0)
(0,0,0)
(0,0,0)
(0,0,0)
(0,0,0)
(0,0,0)
(0,0,0)
(0,0,0)
(0,0,0)
(0,0,0)
(0,0,0)
(0,0,0)
(0,0,0)
(0,0,0)
(0,0,0)
(0,0,0)
(0,0,0)
(0,0,0)
(0,0,0)
(0,0,0)
(0,0,0)
(0,0,0)
(0,0,0)
(0,0,0)
(0,0,0)
(0,0,0)
(0,0,0)
(0,0,0)
(0,0,0)
(0,0,0)
(0,0,0)
(0,0,0)
(0,0,0)
(0,0,0)
(0,0,0)
(0,0,0)
(0,0,0)
(0,0,0)
(0,0,0)
(0,0,0)
(0,0,0)
(0,0,0)
(0,0,0)
(0,0,0)
(0,0,0)
(0,0,0)
(0,0,0)
(0,0,0)
(0,0,0)
(0,0,0)
(0,0,0)
(0,0,0)
(0,0,0)
(0,0,0)
(0,0,0)
(0,0,0)
(0,0,0)
(0,0,0)
(0,0,0)
(0,0,0)
(0,0,0)
(0,0,0)
(0,0,0)
(0,0,0)
(0,0,0)
(0,0,0)
(0,0,0)
(0,0,0)
(0,0,0)
(0,0,0)
(0,0,0)
(0,0,0)
(0,0,0)
(0,0,0)
(0,0,0)
(0,0,0)
(0,0,0)
(0,0,0)
(0,0,0)
(0,0,0)
(0,0,0)
(0,0,0)
(0,0,0)
(0,0,0)
(0,0,0)
(0,0,0)
(0,0,0)
(0,0,0)
(0,0,0)
(0,0,0)
(0,0,0)
(0,0,0)
(0,0,0)
(0,0,0)
(0,0,0)
(0,0,0)
(0,0,0)
(0,0,0)
(0,0,0)
(0,0,0)
(0,0,0)
(0,0,0)
(0,0,0)
(0,0,0)
(0,0,0)
(0,0,0)
(0,0,0)
(0,0,0)
(0,0,0)
(0,0,0)
(0,0,0)
(0,0,0)
(0,0,0)
(0,0,0)
(0,0,0)
(0,0,0)
(0,0,0)
(0,0,0)
(0,0,0)
(0,0,0)
(0,0,0)
(0,0,0)
(0,0,0)
(0,0,0)
(0,0,0)
(0,0,0)
(0,0,0)
(0,0,0)
(0,0,0)
(0,0,0)
(0,0,0)
(0,0,0)
(0,0,0)
(0,0,0)
(0,0,0)
(0,0,0)
(0,0,0)
(0,0,0)
(0,0,0)
(0,0,0)
(0,0,0)
(0,0,0)
(0,0,0)
(0,0,0)
(0,0,0)
(0,0,0)
(0,0,0)
(0,0,0)
(0,0,0)
(0,0,0)
(0,0,0)
(0,0,0)
(0,0,0)
(0,0,0)
(0,0,0)
(0,0,0)
(0,0,0)
(0,0,0)
(0,0,0)
(0,0,0)
(0,0,0)
(0,0,0)
(0,0,0)
(0,0,0)
(0,0,0)
(0,0,0)
(0,0,0)
(0,0,0)
(0,0,0)
(0,0,0)
(0,0,0)
(0,0,0)
(0,0,0)
(0,0,0)
(0,0,0)
(0,0,0)
(0,0,0)
(0,0,0)
(0,0,0)
(0,0,0)
(0,0,0)
(0,0,0)
(0,0,0)
(0,0,0)
(0,0,0)
(0,0,0)
(0,0,0)
(0,0,0)
(0,0,0)
(0,0,0)
(0,0,0)
(0,0,0)
(0,0,0)
(0,0,0)
(0,0,0)
(0,0,0)
(0,0,0)
(0,0,0)
(0,0,0)
(0,0,0)
(0,0,0)
(0,0,0)
(0,0,0)
(0,0,0)
(0,0,0)
(0,0,0)
(0,0,0)
(0,0,0)
(0,0,0)
(0,0,0)
(0,0,0)
(0,0,0)
(0,0,0)
(0,0,0)
(0,0,0)
(0,0,0)
(0,0,0)
(0,0,0)
(0,0,0)
(0,0,0)
(0,0,0)
(0,0,0)
(0,0,0)
(0,0,0)
(0,0,0)
(0,0,0)
(0,0,0)
(0,0,0)
(0,0,0)
(0,0,0)
(0,0,0)
(0,0,0)
(0,0,0)
(0,0,0)
(0,0,0)
(0,0,0)
(0,0,0)
(0,0,0)
(0,0,0)
(0,0,0)
(0,0,0)
(0,0,0)
(0,0,0)
(0,0,0)
(0,0,0)
(0,0,0)
(0,0,0)
(0,0,0)
(0,0,0)
(0,0,0)
(0,0,0)
(0,0,0)
(0,0,0)
(0,0,0)
(0,0,0)
(0,0,0)
(0,0,0)
(0,0,0)
(0,0,0)
(0,0,0)
(0,0,0)
(0,0,0)
(0,0,0)
(0,0,0)
(0,0,0)
(0,0,0)
(0,0,0)
(0,0,0)
(0,0,0)
(0,0,0)
(0,0,0)
(0,0,0)
(0,0,0)
(0,0,0)
(0,0,0)
(0,0,0)
(0,0,0)
(0,0,0)
(0,0,0)
(0,0,0)
(0,0,0)
(0,0,0)
(0,0,0)
(0,0,0)
(0,0,0)
(0,0,0)
(0,0,0)
(0,0,0)
(0,0,0)
(0,0,0)
(0,0,0)
(0,0,0)
(0,0,0)
(0,0,0)
(0,0,0)
(0,0,0)
(0,0,0)
(0,0,0)
(0,0,0)
(0,0,0)
(0,0,0)
(0,0,0)
(0,0,0)
(0,0,0)
(0,0,0)
(0,0,0)
(0,0,0)
(0,0,0)
(0,0,0)
(0,0,0)
(0,0,0)
(0,0,0)
(0,0,0)
(0,0,0)
(0,0,0)
(0,0,0)
(0,0,0)
(0,0,0)
(0,0,0)
(0,0,0)
(0,0,0)
(0,0,0)
(0,0,0)
(0,0,0)
(0,0,0)
(0,0,0)
(0,0,0)
(0,0,0)
(0,0,0)
(0,0,0)
(0,0,0)
(0,0,0)
(0,0,0)
(0,0,0)
(0,0,0)
(0,0,0)
(0,0,0)
(0,0,0)
(0,0,0)
(0,0,0)
(0,0,0)
(0,0,0)
(0,0,0)
(0,0,0)
(0,0,0)
(0,0,0)
(0,0,0)
(0,0,0)
(0,0,0)
(0,0,0)
(0,0,0)
(0,0,0)
(0,0,0)
(0,0,0)
(0,0,0)
(0,0,0)
(0,0,0)
(0,0,0)
(0,0,0)
(0,0,0)
(0,0,0)
(0,0,0)
(0,0,0)
(0,0,0)
(0,0,0)
(0,0,0)
(0,0,0)
(0,0,0)
(0,0,0)
(0,0,0)
(0,0,0)
(0,0,0)
(0,0,0)
(0,0,0)
(0,0,0)
(0,0,0)
(0,0,0)
(0,0,0)
(0,0,0)
(0,0,0)
(0,0,0)
(0,0,0)
(0,0,0)
(0,0,0)
(0,0,0)
(0,0,0)
(0,0,0)
(0,0,0)
(0,0,0)
(0,0,0)
(0,0,0)
(0,0,0)
(0,0,0)
(0,0,0)
(0,0,0)
(0,0,0)
(0,0,0)
(0,0,0)
(0,0,0)
(0,0,0)
(0,0,0)
(0,0,0)
(0,0,0)
(0,0,0)
(0,0,0)
(0,0,0)
(0,0,0)
(0,0,0)
(0,0,0)
(0,0,0)
(0,0,0)
(0,0,0)
(0,0,0)
(0,0,0)
(0,0,0)
(0,0,0)
(0,0,0)
(0,0,0)
(0,0,0)
(0,0,0)
(0,0,0)
(0,0,0)
(0,0,0)
(0,0,0)
(0,0,0)
(0,0,0)
(0,0,0)
(0,0,0)
(0,0,0)
(0,0,0)
(0,0,0)
(0,0,0)
(0,0,0)
(0,0,0)
(0,0,0)
(0,0,0)
(0,0,0)
(0,0,0)
(0,0,0)
(0,0,0)
(0,0,0)
(0,0,0)
(0,0,0)
(0,0,0)
(0,0,0)
(0,0,0)
(0,0,0)
(0,0,0)
(0,0,0)
(0,0,0)
(0,0,0)
(0,0,0)
(0,0,0)
(0,0,0)
(0,0,0)
(0,0,0)
(0,0,0)
(0,0,0)
(0,0,0)
(0,0,0)
(0,0,0)
(0,0,0)
(0,0,0)
(0,0,0)
(0,0,0)
(0,0,0)
(0,0,0)
(0,0,0)
(0,0,0)
(0,0,0)
(0,0,0)
(0,0,0)
(0,0,0)
(0,0,0)
(0,0,0)
(0,0,0)
(0,0,0)
(0,0,0)
(0,0,0)
(0,0,0)
(0,0,0)
(0,0,0)
(0,0,0)
(0,0,0)
(0,0,0)
(0,0,0)
(0,0,0)
(0,0,0)
(0,0,0)
(0,0,0)
(0,0,0)
(0,0,0)
(0,0,0)
(0,0,0)
(0,0,0)
(0,0,0)
(0,0,0)
(0,0,0)
(0,0,0)
(0,0,0)
(0,0,0)
(0,0,0)
(0,0,0)
(0,0,0)
(0,0,0)
(0,0,0)
(0,0,0)
(0,0,0)
(0,0,0)
(0,0,0)
(0,0,0)
(0,0,0)
(0,0,0)
(0,0,0)
(0,0,0)
(0,0,0)
(0,0,0)
(0,0,0)
(0,0,0)
(0,0,0)
(0,0,0)
(0,0,0)
(0,0,0)
(0,0,0)
(0,0,0)
(0,0,0)
(0,0,0)
(0,0,0)
(0,0,0)
(0,0,0)
(0,0,0)
(0,0,0)
(0,0,0)
(0,0,0)
(0,0,0)
(0,0,0)
(0,0,0)
(0,0,0)
(0,0,0)
(0,0,0)
(0,0,0)
(0,0,0)
(0,0,0)
(0,0,0)
(0,0,0)
(0,0,0)
(0,0,0)
(0,0,0)
(0,0,0)
(0,0,0)
(0,0,0)
(0,0,0)
(0,0,0)
(0,0,0)
(0,0,0)
(0,0,0)
(0,0,0)
(0,0,0)
(0,0,0)
(0,0,0)
(0,0,0)
(0,0,0)
(0,0,0)
(0,0,0)
(0,0,0)
(0,0,0)
(0,0,0)
(0,0,0)
(0,0,0)
(0,0,0)
(0,0,0)
(0,0,0)
(0,0,0)
(0,0,0)
(0,0,0)
(0,0,0)
(0,0,0)
(0,0,0)
(0,0,0)
(0,0,0)
(0,0,0)
(0,0,0)
(0,0,0)
(0,0,0)
(0,0,0)
(0,0,0)
(0,0,0)
(0,0,0)
(0,0,0)
(0,0,0)
(0,0,0)
(0,0,0)
(0,0,0)
(0,0,0)
(0,0,0)
(0,0,0)
(0,0,0)
(0,0,0)
(0,0,0)
(0,0,0)
(0,0,0)
(0,0,0)
(0,0,0)
(0,0,0)
(0,0,0)
(0,0,0)
(0,0,0)
(0,0,0)
(0,0,0)
(0,0,0)
(0,0,0)
(0,0,0)
(0,0,0)
(0,0,0)
(0,0,0)
(0,0,0)
(0,0,0)
(0,0,0)
(0,0,0)
(0,0,0)
(0,0,0)
(0,0,0)
(0,0,0)
(0,0,0)
(0,0,0)
(0,0,0)
(0,0,0)
(0,0,0)
(0,0,0)
(0,0,0)
(0,0,0)
(0,0,0)
(0,0,0)
(0,0,0)
(0,0,0)
(0,0,0)
(0,0,0)
(0,0,0)
(0,0,0)
(0,0,0)
(0,0,0)
(0,0,0)
(0,0,0)
(0,0,0)
(0,0,0)
(0,0,0)
(0,0,0)
(0,0,0)
(0,0,0)
(0,0,0)
(0,0,0)
(0,0,0)
(0,0,0)
(0,0,0)
(0,0,0)
(0,0,0)
(-104684.502869879,55787.478107453,48897.0247624251)
(-110703.978767295,53489.7045682857,106111.298961434)
(-124686.012538991,48714.5371826039,182082.774317817)
(-151118.931522031,41206.9494457754,291994.756394084)
(-198762.4521297,31058.0277704955,459699.180753289)
(-284153.604624343,19370.9990105235,724481.786367112)
(-438700.334278172,8755.88099480675,1154426.2396505)
(-717982.743791629,2251.12754996165,1870157.85589218)
(-1184094.92187258,87.8941515191746,3054164.8836132)
(-1649777.50558113,-117.134562172102,4704059.52375658)
(0,0,0)
(0,0,0)
(0,0,0)
(0,0,0)
(0,0,0)
(0,0,0)
(-110742.479471818,119947.919264645,46582.0383146249)
(-116832.815756886,115598.080042532,101306.478597267)
(-131027.235112777,106510.785028396,174537.46586425)
(-158059.228952397,91961.282103321,281842.362159102)
(-207007.55798682,71855.3086625661,448052.639253849)
(-294458.543585797,47975.9194798671,713906.262370291)
(-450695.676940329,25374.2964335898,1147983.52387183)
(-728909.967380159,11056.4608028453,1868088.15799906)
(-1191371.76433575,5456.48260038344,3054091.33388599)
(-1653158.38120697,2795.91656897444,4704336.66396173)
(0,0,0)
(0,0,0)
(0,0,0)
(0,0,0)
(0,0,0)
(0,0,0)
(-124537.727816015,202233.707635408,42251.9394452523)
(-130750.500457754,196401.979343538,92198.5406020038)
(-145397.421062563,184063.202462745,160043.544230223)
(-173763.904909802,163946.572552145,261822.158691202)
(-225820.670366529,135269.616196533,424228.521523751)
(-318690.597640482,99521.2589285121,691373.779715591)
(-480316.628448288,63320.8475225713,1133743.85707491)
(-756196.553743855,38447.863631746,1862549.00798981)
(-1208939.47174969,25362.2687984335,3051582.69354152)
(-1661105.5647607,13745.7967620792,4701738.37810911)
(0,0,0)
(0,0,0)
(0,0,0)
(0,0,0)
(0,0,0)
(0,0,0)
(-150284.325078316,316085.157854527,36432.8748591975)
(-156597.192082782,309552.077689219,79879.9685963003)
(-171815.26550465,295660.490168828,140097.94639486)
(-202129.931027205,272799.631914726,233374.818059476)
(-259342.827916194,239327.801909131,388659.460263084)
(-362615.004110554,195452.943019783,655342.780282358)
(-537074.304955648,146726.078629825,1109011.85413075)
(-808991.387258063,106941.050291262,1849510.05472927)
(-1241144.26989173,75986.8597716978,3040029.73364767)
(-1675155.83172118,40888.1185170392,4688043.24361406)
(0,0,0)
(0,0,0)
(0,0,0)
(0,0,0)
(0,0,0)
(0,0,0)
(-196378.107617182,482500.786926641,29962.4785450625)
(-202683.032652327,476123.640736439,66073.9481501679)
(-218216.055861708,462520.415842632,117430.07833807)
(-250158.538870423,440208.691938921,200179.557184298)
(-312682.969450427,407222.022462396,344968.306081461)
(-428839.920760369,362495.030768973,606766.13909262)
(-623499.347816718,307657.60536061,1069333.96017855)
(-889373.610308041,247072.790673033,1818575.83010486)
(-1287961.87973057,177600.002428478,3004924.56717876)
(-1695471.7049287,94148.5662938733,4647135.82433062)
(0,0,0)
(0,0,0)
(0,0,0)
(0,0,0)
(0,0,0)
(0,0,0)
(-279606.450860533,738413.536669212,23693.7011179674)
(-285590.435440507,732704.621722945,52703.1555719611)
(-300621.446519511,720512.130642178,95332.8872919294)
(-332255.333737662,700416.474840258,167380.438128244)
(-395432.268181585,669720.44843599,300314.280336243)
(-513801.025495861,624571.203891365,552039.132709721)
(-709061.938430154,559943.331632848,1008815.34486763)
(-962879.272743493,469665.153248636,1749102.25503553)
(-1338647.24651085,343899.311916343,2921450.19205858)
(-1721021.50113507,183603.816654525,4553016.44283293)
(0,0,0)
(0,0,0)
(0,0,0)
(0,0,0)
(0,0,0)
(0,0,0)
(-432490.137876179,1152759.93337044,18143.7411749445)
(-437775.082167419,1147774.55025237,40848.8948129522)
(-451239.163570138,1137107.98011856,75492.2089067125)
(-480106.325699809,1119130.06349273,136884.945954052)
(-538772.791956471,1090057.79688526,255320.389461256)
(-650016.485775115,1042339.81492944,487568.264198303)
(-833285.640420885,962193.119469147,918604.116782904)
(-1064086.49287863,828964.631170519,1623391.13173965)
(-1414164.7829701,620229.065679472,2761226.16094656)
(-1762678.67799329,337946.155189026,4369562.50040544)
(0,0,0)
(0,0,0)
(0,0,0)
(0,0,0)
(0,0,0)
(0,0,0)
(-712010.778691679,1851385.56144601,13385.1506161114)
(-716229.037054035,1846853.92167476,30534.8162477682)
(-727061.613277542,1836941.15401446,57763.2556294359)
(-750509.435065217,1819406.24376944,107996.51041792)
(-798710.927196402,1788966.2390154,207798.99548418)
(-891206.067312839,1733759.61297619,407585.264750258)
(-1044696.67919143,1628999.6364806,785475.426930194)
(-1231546.13866263,1431239.09511197,1414747.10165139)
(-1551262.1067382,1107218.09064073,2479020.18342833)
(-1842343.00808762,627586.215027954,4031723.13167699)
(0,0,0)
(0,0,0)
(0,0,0)
(0,0,0)
(0,0,0)
(0,0,0)
(-1180038.84172296,3022428.74262717,8995.66054178443)
(-1182904.79509962,3017882.44096308,20871.9363530748)
(-1190254.41065841,3007608.80660051,40458.6944253623)
(-1206017.8985344,2988174.42293234,77708.4137968486)
(-1237853.50500886,2951788.2575617,152739.900259419)
(-1297704.87703903,2881264.9856512,302939.404623448)
(-1398170.28148507,2742292.8629272,587816.45966192)
(-1547429.71783543,2475654.68583362,1090830.58677573)
(-1804143.79084538,2002741.91819002,1999450.55007171)
(-1981294.09763573,1204117.57707796,3404213.28565745)
(0,0,0)
(0,0,0)
(0,0,0)
(0,0,0)
(0,0,0)
(0,0,0)
(-1647887.85236209,4665732.1813748,4584.41361445732)
(-1649328.69891273,4661024.84851622,10770.7049740475)
(-1652987.62846556,4650115.5474032,21251.5926369528)
(-1660746.94749123,4628674.41323993,41498.5498206375)
(-1676152.15300823,4587052.78798975,82386.172400834)
(-1704961.56794248,4504506.42762115,164106.29837334)
(-1755225.9267939,4340306.83793454,321318.250159872)
(-1839956.99760094,4018873.19255474,618056.741039666)
(-1980845.96603632,3400764.59733433,1200880.02793161)
(-1994922.91677112,2199888.01715044,2200032.50463031)
(0,0,0)
(0,0,0)
(0,0,0)
(0,0,0)
(0,0,0)
(0,0,0)
(0,0,0)
(0,0,0)
(0,0,0)
(0,0,0)
(0,0,0)
(0,0,0)
(0,0,0)
(0,0,0)
(0,0,0)
(0,0,0)
(0,0,0)
(0,0,0)
(0,0,0)
(0,0,0)
(0,0,0)
(0,0,0)
(0,0,0)
(0,0,0)
(0,0,0)
(0,0,0)
(0,0,0)
(0,0,0)
(0,0,0)
(0,0,0)
(0,0,0)
(0,0,0)
(0,0,0)
(0,0,0)
(0,0,0)
(0,0,0)
(0,0,0)
(0,0,0)
(0,0,0)
(0,0,0)
(0,0,0)
(0,0,0)
(0,0,0)
(0,0,0)
(0,0,0)
(0,0,0)
(0,0,0)
(0,0,0)
(0,0,0)
(0,0,0)
(0,0,0)
(0,0,0)
(0,0,0)
(0,0,0)
(0,0,0)
(0,0,0)
(0,0,0)
(0,0,0)
(0,0,0)
(0,0,0)
(0,0,0)
(0,0,0)
(0,0,0)
(0,0,0)
(0,0,0)
(0,0,0)
(0,0,0)
(0,0,0)
(0,0,0)
(0,0,0)
(0,0,0)
(0,0,0)
(0,0,0)
(0,0,0)
(0,0,0)
(0,0,0)
(0,0,0)
(0,0,0)
(0,0,0)
(0,0,0)
(0,0,0)
(0,0,0)
(0,0,0)
(0,0,0)
(0,0,0)
(0,0,0)
(0,0,0)
(0,0,0)
(0,0,0)
(0,0,0)
(0,0,0)
(0,0,0)
(0,0,0)
(0,0,0)
(0,0,0)
(0,0,0)
(0,0,0)
(0,0,0)
(0,0,0)
(0,0,0)
(0,0,0)
(0,0,0)
(15472160.3756701,49744.825816054,42843.0615755407)
(15462056.3139202,47371.3104312372,92144.224388448)
(15438785.0710955,42383.8044150727,155722.102270334)
(15395325.0989623,34267.0573465087,244443.780370991)
(15318026.017028,22795.723331507,374292.353813329)
(15180717.9323733,9048.63895215034,569804.943794988)
(14928874.309921,-3281.67628972697,874944.741816892)
(14431234.29639,-8728.73542445166,1403889.20299129)
(13308147.3551686,-7241.2933326393,2588320.98521431)
(10257860.5280511,-3568.25685598576,6353683.97436967)
(0,0,0)
(0,0,0)
(0,0,0)
(0,0,0)
(0,0,0)
(0,0,0)
(15461820.3481257,106123.714734789,40491.0494153293)
(15451692.7604104,101646.396189859,87123.153421055)
(15428242.6666094,92112.6867281162,147557.135317387)
(15383993.6155053,76227.3683196266,232976.745818193)
(15304591.0475541,53009.3789532378,360597.250587118)
(15163409.703262,23695.1437487464,557515.264874245)
(14907728.048071,-4297.50311126692,869540.132616139)
(14412158.5851044,-16256.0035378868,1405431.61417649)
(13296295.798564,-12155.7381564259,2592111.26203196)
(10252695.4607655,-5216.10455740801,6357338.03369228)
(0,0,0)
(0,0,0)
(0,0,0)
(0,0,0)
(0,0,0)
(0,0,0)
(15438479.5590949,176483.381147539,36055.8126077776)
(15428303.6205731,170525.130617443,77555.7230808161)
(15404404.7501695,157607.526443918,131691.478064576)
(15358240.5275925,135537.563251821,209809.616561715)
(15273359.2915436,101730.549317736,331341.250218623)
(15120600.6587904,55561.1911996324,529616.712268485)
(14850258.5930725,6515.53836994727,857661.215198104)
(14359387.7135633,-14353.926923948,1409607.63720865)
(13265596.5229032,-6853.09385547306,2599201.76418623)
(10239969.2529691,-318.902408537829,6362662.51023914)
(0,0,0)
(0,0,0)
(0,0,0)
(0,0,0)
(0,0,0)
(0,0,0)
(15395564.5181746,269924.034133877,30143.269692249)
(15385418.3179179,263395.521764772,64690.1344757996)
(15360931.5312417,249194.590889819,109789.039215078)
(15311748.5519249,224696.442029483,176184.443416909)
(15216748.1892021,185921.274877857,285335.466670114)
(15037830.1847988,129138.551666974,480745.683224951)
(14722484.6809129,60226.35371572,836908.64794223)
(14239269.9154603,26554.4188253042,1417171.76540619)
(13203586.4804602,29205.8707004766,2605814.81642974)
(10216156.3566835,20600.4952397396,6363015.99630856)
(0,0,0)
(0,0,0)
(0,0,0)
(0,0,0)
(0,0,0)
(0,0,0)
(15320078.3149111,399184.352481574,23716.0250555252)
(15310153.3787312,393104.580256962,50603.3211113388)
(15285527.3415351,380015.587525275,85471.6930107056)
(15233786.6126942,358017.234801074,137638.514605951)
(15127210.8680326,324368.223538437,228730.494393986)
(14909047.7231619,277425.657377976,411988.510692378)
(14492790.0569957,222020.938671462,803337.286855774)
(14016558.0224355,173531.761351164,1419861.07751802)
(13106371.6562509,126926.494969102,2597239.68319934)
(10180725.2081656,68621.2907383144,6342454.74053786)
(0,0,0)
(0,0,0)
(0,0,0)
(0,0,0)
(0,0,0)
(0,0,0)
(15185741.741108,585506.694435589,17762.2320089312)
(15176486.5651661,580486.416958669,37736.1606321045)
(15153020.0956795,569856.25310308,63686.7187868552)
(15102222.744223,552472.616855761,104186.024703227)
(14994427.9928441,526242.755944071,181883.997203403)
(14770003.6641581,488260.498294639,356677.232564284)
(14348483.6816441,435688.077852046,754897.239241097)
(13893302.950917,368432.804299208,1373246.73856413)
(13023656.0503533,268354.739855432,2538947.96274526)
(10140142.1102161,141908.727128633,6273929.68093519)
(0,0,0)
(0,0,0)
(0,0,0)
(0,0,0)
(0,0,0)
(0,0,0)
(14936458.1288581,873120.452905467,12870.7407274038)
(14928400.2684545,869232.242646817,27382.3303488029)
(14907640.7900312,861220.428315956,46570.9674662006)
(14861575.2683952,848605.062869939,78189.6932885119)
(14761089.2105816,829963.427734412,144039.784891712)
(14546446.4759571,801055.098922997,304214.988462596)
(14137589.2873839,750744.721240098,687716.183201207)
(13726784.4897905,661476.507538356,1273234.26322452)
(12901140.8661045,483099.153764676,2412616.96617207)
(10070883.9865858,258233.192662668,6132162.60199054)
(0,0,0)
(0,0,0)
(0,0,0)
(0,0,0)
(0,0,0)
(0,0,0)
(14438210.7767858,1383184.95704061,9146.7063189316)
(14431865.605213,1380055.51624941,19661.5563808253)
(14415357.8528177,1373660.02034617,34235.2641869498)
(14378197.6569401,1363806.71647293,59759.2845101084)
(14295441.0051792,1349723.09544082,115280.450359561)
(14113350.5845868,1327190.81954357,254020.843771056)
(13755446.1584689,1275494.18674942,598561.306532981)
(13487623.8837752,1115330.65860388,1094969.89896106)
(12654050.1790471,854320.056632259,2187869.47623976)
(9910599.43200113,488608.122805977,5873984.87193918)
(0,0,0)
(0,0,0)
(0,0,0)
(0,0,0)
(0,0,0)
(0,0,0)
(13312109.6403265,2554376.90399816,6092.33692457891)
(13307875.8818507,2551325.52658897,13474.4155662516)
(13296868.2925644,2544805.60820179,24638.890419309)
(13272582.8509445,2533427.81033274,45849.8130121307)
(13220814.007295,2513466.97547778,92871.1866027737)
(13115377.6922373,2473994.18802243,202418.014779208)
(12925393.4019142,2385256.25338975,438525.030671241)
(12658616.4289765,2183168.52234022,834073.786054592)
(11905341.6149045,1826095.07625239,1822246.12661617)
(9423019.80057577,1190524.80650578,5385448.31063642)
(0,0,0)
(0,0,0)
(0,0,0)
(0,0,0)
(0,0,0)
(0,0,0)
(10259327.4138123,6313475.40810829,3118.99564698821)
(10257230.6503497,6310236.53544953,7081.40345546048)
(10251828.3038196,6303030.52368902,13473.3216146287)
(10240151.1145115,6289368.12268297,26067.7131933128)
(10216106.1031611,6263165.65158773,53543.546845681)
(10168749.3564373,6209472.40644165,113787.169978248)
(10081083.2229578,6095596.42487863,236570.61466927)
(9913178.49734357,5858897.20572508,477139.202271611)
(9423412.2725771,5381646.54596597,1186762.25987621)
(7662084.19365947,4194804.04270156,4194908.67918137)
(0,0,0)
(0,0,0)
(0,0,0)
(0,0,0)
(0,0,0)
(0,0,0)
(0,0,0)
(0,0,0)
(0,0,0)
(0,0,0)
(0,0,0)
(0,0,0)
(0,0,0)
(0,0,0)
(0,0,0)
(0,0,0)
(0,0,0)
(0,0,0)
(0,0,0)
(0,0,0)
(0,0,0)
(0,0,0)
(0,0,0)
(0,0,0)
(0,0,0)
(0,0,0)
(0,0,0)
(0,0,0)
(0,0,0)
(0,0,0)
(0,0,0)
(0,0,0)
(0,0,0)
(0,0,0)
(0,0,0)
(0,0,0)
(0,0,0)
(0,0,0)
(0,0,0)
(0,0,0)
(0,0,0)
(0,0,0)
(0,0,0)
(0,0,0)
(0,0,0)
(0,0,0)
(0,0,0)
(0,0,0)
(0,0,0)
(0,0,0)
(0,0,0)
(0,0,0)
(0,0,0)
(0,0,0)
(0,0,0)
(0,0,0)
(0,0,0)
(0,0,0)
(0,0,0)
(0,0,0)
(0,0,0)
(0,0,0)
(0,0,0)
(0,0,0)
(0,0,0)
(0,0,0)
(0,0,0)
(0,0,0)
(0,0,0)
(0,0,0)
(0,0,0)
(0,0,0)
(0,0,0)
(0,0,0)
(0,0,0)
(0,0,0)
(0,0,0)
(0,0,0)
(0,0,0)
(0,0,0)
(0,0,0)
(0,0,0)
(0,0,0)
(0,0,0)
(0,0,0)
(0,0,0)
(0,0,0)
(0,0,0)
(0,0,0)
(0,0,0)
(0,0,0)
(0,0,0)
(0,0,0)
(0,0,0)
(0,0,0)
(0,0,0)
(0,0,0)
(0,0,0)
(0,0,0)
(0,0,0)
(0,0,0)
(0,0,0)
(-269465.212166882,39454.3980721845,32738.4238332247)
(-280616.351415244,37048.3022333083,68930.0210037169)
(-305894.207693915,31838.5683492359,112337.965512448)
(-351845.677199037,22894.7408914017,167181.234850882)
(-430399.197569966,9300.08729977456,236873.596217539)
(-561286.114381223,-8300.98970864586,317745.866749244)
(-775279.978652434,-24493.1621038016,376960.551495096)
(-1113856.45770022,-27866.3445275529,280484.884181279)
(-1599386.95061525,-19139.0918121464,-462274.484154261)
(-1960542.22629115,-8776.61667422814,-3904527.8790693)
(0,0,0)
(0,0,0)
(0,0,0)
(0,0,0)
(0,0,0)
(0,0,0)
(-281293.46930396,82754.0559232698,30381.3936469887)
(-292252.968850958,78227.4117200566,63715.2474899639)
(-317244.158584672,68226.1086887841,103381.766412934)
(-363221.784860288,50421.026281766,153638.115456539)
(-442949.81769449,21694.7141382126,219351.587935132)
(-577387.59695594,-19201.0392630851,301616.171775988)
(-796378.022123287,-61838.2604010079,373634.574335816)
(-1131686.20666819,-69061.8353386184,289242.090987957)
(-1608336.08860298,-42876.3174230007,-451821.562165622)
(-1963682.63415041,-17966.2802759978,-3895686.56957932)
(0,0,0)
(0,0,0)
(0,0,0)
(0,0,0)
(0,0,0)
(0,0,0)
(-307631.808600056,133529.51832499,25903.1393617932)
(-318228.526315,127559.255166754,53670.6768717159)
(-342750.199141742,114061.043321623,85557.9256184907)
(-389159.875225482,88996.0415811201,124950.547205493)
(-472994.636201131,45062.1640243426,178504.25913255)
(-621296.692894017,-27298.6489999454,259066.454622195)
(-867105.107344213,-121326.447341851,366485.576048128)
(-1193597.81625713,-134512.715081004,315489.219679322)
(-1635534.25339988,-68901.3829343017,-426787.704437709)
(-1972411.63176783,-24158.12067683,-3877647.74523155)
(0,0,0)
(0,0,0)
(0,0,0)
(0,0,0)
(0,0,0)
(0,0,0)
(-354654.510869825,194306.925059525,20008.8563783822)
(-364667.329397099,187987.754944204,40233.2379843707)
(-388490.900425426,173670.791163,60613.155878586)
(-435854.146096257,146622.353000698,81156.776548566)
(-529016.771927176,96265.0566423287,106286.079128246)
(-718011.221068738,225.23517790114,165170.834886427)
(-1086917.79880513,-169574.390021884,353388.491352887)
(-1396209.89671479,-196230.815397795,381153.637913201)
(-1703584.38783865,-68041.270616684,-381968.372037011)
(-1991097.63683812,-14843.8160458981,-3853461.44907801)
(0,0,0)
(0,0,0)
(0,0,0)
(0,0,0)
(0,0,0)
(0,0,0)
(-433537.786971793,264664.890330349,13825.3706805613)
(-442739.367844096,259235.066693592,26038.0395749339)
(-465262.195059155,247341.356873786,33724.2445267648)
(-512629.75027605,226326.262137626,31003.9324286304)
(-616827.989256942,191453.450573297,10421.629855565)
(-883496.296593667,138246.910183741,-4488.79132635993)
(-1755152.46821605,77587.3723727579,326859.205559154)
(-2081799.81787965,50151.304529863,509402.160015041)
(-1837123.81936586,44146.1348333404,-328722.535749645)
(-2021747.58779904,28025.6878067789,-3838552.00956915)
(0,0,0)
(0,0,0)
(0,0,0)
(0,0,0)
(0,0,0)
(0,0,0)
(-563640.688105578,336055.754887979,8558.79872447272)
(-571717.946521764,332212.941532748,14352.6696417052)
(-591919.829154842,324288.980223104,12912.2051951591)
(-635969.718681723,311635.498417536,-3637.33411174423)
(-737273.988951851,292700.161002332,-42614.8286763153)
(-1003314.62256913,264540.907125842,-65023.3048226839)
(-1832559.14766069,224686.018739919,299488.112183267)
(-2131723.61563632,201832.654074261,503400.56326056)
(-1899238.61747579,145807.598590002,-344798.998598699)
(-2052316.06254643,72653.7781023311,-3866401.68206313)
(0,0,0)
(0,0,0)
(0,0,0)
(0,0,0)
(0,0,0)
(0,0,0)
(-776464.155930769,374689.813304616,4855.46044065654)
(-783135.906994645,372518.082443651,6653.72904743231)
(-800102.037543104,368774.449962549,478.320950660207)
(-838456.901974472,365054.516295876,-22341.2924894996)
(-931469.218644433,364105.443671294,-70620.9118640341)
(-1192069.32244606,367763.695059157,-104760.66732564)
(-2057161.09950641,368474.780389647,276768.191983501)
(-2333767.98943414,422259.281705926,447461.277644932)
(-1993205.86237495,236004.395497475,-417821.556714423)
(-2102770.59373588,97941.8447787302,-3938887.80900074)
(0,0,0)
(0,0,0)
(0,0,0)
(0,0,0)
(0,0,0)
(0,0,0)
(-1116207.47170579,256886.634954096,2788.66091055719)
(-1121229.67971998,255863.603740142,3105.65861552726)
(-1134154.79075161,254995.99151309,-3036.00529728601)
(-1164178.94806027,258059.310719427,-23096.9606519396)
(-1241121.01898729,274961.935474879,-66824.1942204908)
(-1480259.81769905,329079.063279295,-103961.926086468)
(-2425488.23633161,445351.304167176,330663.179004938)
(-1976487.5293675,286277.714543609,261323.393378433)
(-2067917.21389085,105592.595402156,-555730.179519784)
(-2180835.92137388,1003.75655281854,-4036789.50385028)
(0,0,0)
(0,0,0)
(0,0,0)
(0,0,0)
(0,0,0)
(0,0,0)
(-1603499.00870281,-498740.935233644,1803.45328547016)
(-1606710.33312263,-499587.942506427,2408.44857381066)
(-1614970.66424945,-500440.206032353,250.837001625878)
(-1633407.82222498,-499119.793705111,-6012.1513358976)
(-1675766.52221387,-491335.266403007,-12567.1858806116)
(-1777189.59055847,-472747.191379399,12393.5856422116)
(-1998862.92026898,-459139.930156205,171708.376217182)
(-2071281.84200912,-562306.520784676,80758.1165994602)
(-2261734.42467264,-655826.202821015,-660179.811531778)
(-2297483.64306706,-570385.193034132,-4037720.18423358)
(0,0,0)
(0,0,0)
(0,0,0)
(0,0,0)
(0,0,0)
(0,0,0)
(-1963683.65191502,-3946142.11592323,979.480485331192)
(-1965233.87491986,-3947215.30617848,1638.60349533817)
(-1969187.92110341,-3948959.79256678,1741.64902129193)
(-1977715.19346381,-3950892.32505492,1947.72241476853)
(-1995894.27658719,-3952982.9961527,6163.06598117023)
(-2034077.9107483,-3959265.26277083,26075.6386266271)
(-2104636.53044807,-3985424.16677202,68646.8627167266)
(-2183079.35224431,-4054201.32930849,-12633.2451033195)
(-2298145.72554945,-4041721.6630249,-574612.552704487)
(-2217815.28417426,-3467253.2398506,-3467277.79398593)
(0,0,0)
(0,0,0)
(0,0,0)
(0,0,0)
(0,0,0)
(0,0,0)
(0,0,0)
(0,0,0)
(0,0,0)
(0,0,0)
(0,0,0)
(0,0,0)
(0,0,0)
(0,0,0)
(0,0,0)
(0,0,0)
(0,0,0)
(0,0,0)
(0,0,0)
(0,0,0)
(0,0,0)
(0,0,0)
(0,0,0)
(0,0,0)
(0,0,0)
(0,0,0)
(0,0,0)
(0,0,0)
(0,0,0)
(0,0,0)
(0,0,0)
(0,0,0)
(0,0,0)
(0,0,0)
(0,0,0)
(0,0,0)
(0,0,0)
(0,0,0)
(0,0,0)
(0,0,0)
(0,0,0)
(0,0,0)
(0,0,0)
(0,0,0)
(0,0,0)
(0,0,0)
(0,0,0)
(0,0,0)
(0,0,0)
(0,0,0)
(0,0,0)
(0,0,0)
(0,0,0)
(0,0,0)
(0,0,0)
(0,0,0)
(0,0,0)
(0,0,0)
(0,0,0)
(0,0,0)
(0,0,0)
(0,0,0)
(0,0,0)
(0,0,0)
(0,0,0)
(0,0,0)
(0,0,0)
(0,0,0)
(0,0,0)
(0,0,0)
(0,0,0)
(0,0,0)
(0,0,0)
(0,0,0)
(0,0,0)
(0,0,0)
(0,0,0)
(0,0,0)
(0,0,0)
(0,0,0)
(0,0,0)
(0,0,0)
(0,0,0)
(0,0,0)
(0,0,0)
(0,0,0)
(0,0,0)
(0,0,0)
(0,0,0)
(0,0,0)
(0,0,0)
(0,0,0)
(0,0,0)
(0,0,0)
(0,0,0)
(0,0,0)
(0,0,0)
(0,0,0)
(0,0,0)
(0,0,0)
(0,0,0)
(0,0,0)
(-318741.53624386,27641.1396810811,21635.1843958964)
(-328188.74874439,25436.8648922612,43770.7168327851)
(-349090.964051192,20481.8917574776,66485.5814325875)
(-385540.840667252,11488.044546591,88692.7003542088)
(-444315.155663762,-3303.11655471694,105911.775002721)
(-534512.309013324,-24441.3329491942,103579.302584016)
(-664076.40879944,-45629.5097964018,38005.2425274241)
(-824635.461446288,-45710.4595888367,-205505.29413767)
(-952996.378180137,-28085.8293500972,-823810.037222649)
(-828069.476127228,-11921.1836347269,-1944361.60375182)
(0,0,0)
(0,0,0)
(0,0,0)
(0,0,0)
(0,0,0)
(0,0,0)
(-329465.935280964,56350.8715973411,19462.7340607427)
(-338384.943078044,52221.0414140194,38810.5317660726)
(-358118.647106418,42672.4214495056,57494.4905957942)
(-392625.403728052,24426.5060017989,73959.6480083441)
(-448693.4911355,-8422.25456822917,84822.45946286)
(-536269.961210798,-63149.3887059006,82412.8794744305)
(-664985.282839685,-132548.860648752,37939.4910431803)
(-820671.55253147,-130914.009738071,-187871.612944301)
(-946663.004403424,-70020.0565737541,-807610.469920183)
(-824163.883187041,-26653.0376067412,-1932397.36691162)
(0,0,0)
(0,0,0)
(0,0,0)
(0,0,0)
(0,0,0)
(0,0,0)
(-352967.978419882,86347.9624133779,15339.0790037949)
(-360856.265233993,80976.5725825362,29211.2867542695)
(-378284.492943153,68178.8697168593,39239.1322883246)
(-408806.099459283,42161.349932182,41150.5125917426)
(-459265.679283402,-11097.6321768771,30096.9332826588)
(-543261.938665136,-124107.588762329,13020.3791101908)
(-685109.671532304,-341143.344338191,39619.4269877212)
(-820887.884414701,-337100.913941814,-126903.600650987)
(-931354.798119335,-136955.670339297,-764147.442165985)
(-814706.32721829,-42842.2464502492,-1905663.53787204)
(0,0,0)
(0,0,0)
(0,0,0)
(0,0,0)
(0,0,0)
(0,0,0)
(-393430.017890854,115144.124546984,9979.34488743139)
(-399850.156115897,109691.746527416,16446.9976613539)
(-413900.370770297,96700.9069761254,13334.430746963)
(-437990.727217592,69622.6406568769,-11990.278856396)
(-477547.412468234,8258.10575829483,-82815.3762505085)
(-555556.793445658,-165410.319758804,-203967.07287712)
(-837842.175226686,-837907.227721896,43721.1869281353)
(-881046.07186886,-881869.979820737,73326.4279611238)
(-895686.18448499,-201593.234320293,-669934.211411557)
(-795599.832217768,-45502.1097084825,-1862772.15277374)
(0,0,0)
(0,0,0)
(0,0,0)
(0,0,0)
(0,0,0)
(0,0,0)
(-457265.904216013,134270.971700242,4601.27009096111)
(-462027.885951074,130017.17498681,3564.35973854801)
(-471909.905711311,120476.312702935,-13563.3353360972)
(-486158.024925768,102764.58976731,-73177.0097968113)
(-496238.031640753,70813.7959735807,-256322.657628291)
(-447164.665079697,18261.5985186469,-876326.20741972)
(8.82766187040341e-05,2.2446278060831e-05,-5.65514411172115e-05)
(241.076003068999,112.097580256253,753736.146338288)
(-753220.081018226,-18032.3580566705,-513728.468273009)
(-761203.301554421,-2586.93613694255,-1817187.92808917)
(0,0,0)
(0,0,0)
(0,0,0)
(0,0,0)
(0,0,0)
(0,0,0)
(-552873.034460685,123023.136794559,480.181260793423)
(-556039.52127041,120610.859489017,-5791.92849277461)
(-562060.541966527,115905.149094176,-31080.0520723249)
(-568254.739892926,108911.571883152,-104942.012976965)
(-561007.881363527,98294.433891628,-308688.758483349)
(-474946.729111679,75621.9834025028,-894417.036824658)
(8.04445535808297e-05,2.93051512314014e-05,-4.4589010790207e-05)
(134.322807493195,-294.652509025002,735607.058060606)
(-735256.465772783,51781.8162024243,-498189.267901487)
(-760869.574184155,22173.6225345528,-1814396.31493518)
(0,0,0)
(0,0,0)
(0,0,0)
(0,0,0)
(0,0,0)
(0,0,0)
(-686440.191564777,34783.3137069154,-1784.14127833738)
(-688276.337992885,34255.1604668423,-10288.0112579293)
(-691140.811000094,34540.9488681307,-37885.0375748816)
(-691150.260172171,39103.3355747305,-115383.443068759)
(-671535.767604704,54183.4898169689,-331205.950033834)
(-557028.702780923,79292.8009040022,-969917.387200464)
(0.000220036997698917,-8.15262098738103e-05,-6.15298865332909e-05)
(467.853962033501,779381.432126387,787817.077568671)
(-787157.232036621,161207.099249746,-527656.835816976)
(-791722.238861842,19862.8657428165,-1836394.43389928)
(0,0,0)
(0,0,0)
(0,0,0)
(0,0,0)
(0,0,0)
(0,0,0)
(-848576.757942631,-230621.09133684,-2226.30871941603)
(-849468.272848627,-229880.613054302,-9851.94206962735)
(-850252.418498034,-226057.045364859,-33156.3200902201)
(-846709.667071456,-211387.50996345,-100134.755540864)
(-821169.779017392,-159934.981498666,-305967.524195132)
(-689554.02246478,31855.3388418066,-1049235.85736719)
(809.865394652861,871725.238091925,779557.415811009)
(-778583.782382772,191282.811223223,169752.289729428)
(-979723.974420224,-88371.0492654075,-668862.801226053)
(-857912.71209785,-115715.816927864,-1856207.32783143)
(0,0,0)
(0,0,0)
(0,0,0)
(0,0,0)
(0,0,0)
(0,0,0)
(-973383.922443059,-859279.338824345,-1456.83877224063)
(-973727.336099922,-858417.925181374,-5902.52366786466)
(-973746.622798205,-854893.510517835,-18290.0999661136)
(-971021.380981907,-843598.527590598,-48465.5235820284)
(-958518.404062779,-811660.354483016,-113988.268748762)
(-920146.459512724,-729899.727975816,-209276.33297689)
(-870461.361495028,-565178.569592591,99225.915933665)
(-996680.539838097,-674294.562009265,-109798.013004858)
(-1071531.58057861,-692321.296837622,-696050.609526646)
(-878117.314932826,-490737.505604877,-1740395.24898389)
(0,0,0)
(0,0,0)
(0,0,0)
(0,0,0)
(0,0,0)
(0,0,0)
(-839579.597041439,-1982775.26278622,-608.130911682138)
(-839691.507026759,-1982218.05119894,-2350.37278721352)
(-839637.506705473,-1979943.30805718,-6850.98964581032)
(-838545.418864808,-1973309.01401055,-16310.2778248304)
(-834604.710489174,-1957216.84865048,-32043.3497553907)
(-826198.839939292,-1925339.56981572,-44482.5787245031)
(-823541.692171651,-1880937.38059659,-9818.60599689247)
(-868239.194231859,-1871207.7910484,-127745.534970196)
(-880286.622286341,-1743586.79458895,-494339.140481979)
(-703927.435473766,-1249407.76983547,-1249556.72495187)
(0,0,0)
(0,0,0)
(0,0,0)
(0,0,0)
(0,0,0)
(0,0,0)
(0,0,0)
(0,0,0)
(0,0,0)
(0,0,0)
(0,0,0)
(0,0,0)
(0,0,0)
(0,0,0)
(0,0,0)
(0,0,0)
(0,0,0)
(0,0,0)
(0,0,0)
(0,0,0)
(0,0,0)
(0,0,0)
(0,0,0)
(0,0,0)
(0,0,0)
(0,0,0)
(0,0,0)
(0,0,0)
(0,0,0)
(0,0,0)
(0,0,0)
(0,0,0)
(0,0,0)
(0,0,0)
(0,0,0)
(0,0,0)
(0,0,0)
(0,0,0)
(0,0,0)
(0,0,0)
(0,0,0)
(0,0,0)
(0,0,0)
(0,0,0)
(0,0,0)
(0,0,0)
(0,0,0)
(0,0,0)
(0,0,0)
(0,0,0)
(0,0,0)
(0,0,0)
(0,0,0)
(0,0,0)
(0,0,0)
(0,0,0)
(0,0,0)
(0,0,0)
(0,0,0)
(0,0,0)
(0,0,0)
(0,0,0)
(0,0,0)
(0,0,0)
(0,0,0)
(0,0,0)
(0,0,0)
(0,0,0)
(0,0,0)
(0,0,0)
(0,0,0)
(0,0,0)
(0,0,0)
(0,0,0)
(0,0,0)
(0,0,0)
(0,0,0)
(0,0,0)
(0,0,0)
(0,0,0)
(0,0,0)
(0,0,0)
(0,0,0)
(0,0,0)
(0,0,0)
(0,0,0)
(0,0,0)
(0,0,0)
(0,0,0)
(0,0,0)
(0,0,0)
(0,0,0)
(0,0,0)
(0,0,0)
(0,0,0)
(0,0,0)
(0,0,0)
(0,0,0)
(0,0,0)
(0,0,0)
(0,0,0)
(0,0,0)
(-347808.158741977,16892.4429112584,12174.1795868612)
(-354185.906431476,15233.3843534066,22937.9529205416)
(-367759.718040227,11434.7441330744,30171.9627764973)
(-389827.998878743,4381.44357795081,30077.677410039)
(-422235.114452595,-7725.88920354493,15723.5254024151)
(-466411.528431737,-26269.653770551,-26107.6014086257)
(-520744.376460501,-46589.318145028,-122850.315602537)
(-571464.884164528,-41757.1069467724,-334263.785937525)
(-566298.22776689,-21740.9156634508,-699221.020687331)
(-402673.292158236,-8017.15075825996,-1116600.05389805)
(0,0,0)
(0,0,0)
(0,0,0)
(0,0,0)
(0,0,0)
(0,0,0)
(-355925.619266759,32823.9077097338,10528.2191873198)
(-361501.171630463,29740.5214726172,19137.3106205228)
(-373122.979479068,22485.9818709656,23090.4052552808)
(-391346.485393178,8222.21893301192,17970.7115653522)
(-416621.999432721,-19004.5931152657,-2822.07622570673)
(-448743.554392092,-70133.1499069476,-46484.9869080167)
(-487372.351550624,-152614.784399019,-118072.451943084)
(-535224.810616348,-131025.124979487,-314251.175825478)
(-542553.629641337,-54625.4349855424,-685476.031265481)
(-391974.520746378,-17144.612316765,-1108537.93214763)
(0,0,0)
(0,0,0)
(0,0,0)
(0,0,0)
(0,0,0)
(0,0,0)
(-373376.920653748,45787.6120434602,7445.23790013775)
(-377413.058271497,41891.6196268226,11850.9327834408)
(-385222.682949708,32474.6916177258,8800.41304323847)
(-395430.048327262,12907.5808557398,-9261.00001150749)
(-404135.289010655,-29421.6538199386,-53974.3295795816)
(-401962.684199898,-136381.792625177,-129024.94132658)
(-376476.324536361,-493765.293035624,-96507.7796859121)
(-413524.78797712,-397134.407844727,-237761.593258256)
(-474622.317483821,-101212.075990794,-647907.432888535)
(-364762.868278041,-23681.5327448766,-1091313.97140068)
(0,0,0)
(0,0,0)
(0,0,0)
(0,0,0)
(0,0,0)
(0,0,0)
(-402173.345937811,50995.3004411234,3535.63964929623)
(-404171.091930493,47285.3959810895,2462.7991096209)
(-406829.88514677,38535.0809900078,-10668.0758861864)
(-405558.770080274,21327.7636317009,-51520.2157994675)
(-387093.698381614,-10506.6184135929,-160888.965292444)
(-309317.241821874,-57057.7798866806,-486452.529654725)
(4.32552688715261e-05,5.74683679285061e-06,-2.04364734129968e-05)
(172.593565309378,-528.505234825245,58263.4710316117)
(-309294.114411133,-59078.8818303623,-570261.793202679)
(-310903.926069824,-11071.170543433,-1067568.06155209)
(0,0,0)
(0,0,0)
(0,0,0)
(0,0,0)
(0,0,0)
(0,0,0)
(-444501.433546647,38397.0702456723,-166.240473912106)
(-444499.972471431,35800.6811393607,-6209.43911183349)
(-442058.873768677,30161.6904464487,-27687.0805109124)
(-429793.851571752,20490.7825967469,-83214.2728299783)
(-388579.158683043,5915.9984217965,-207295.762623066)
(-272596.678928839,-9622.95543665355,-429298.573223928)
(-5.08969095896583e-06,3.24693239617934e-06,0.000102686405692715)
(9.66768413869657e-05,1.04909868883083e-05,-4.38456786674802e-06)
(558.778958128333,-93.1653945640054,-522078.129087289)
(-235668.874742337,-2299.76443595099,-1056383.96200683)
(0,0,0)
(0,0,0)
(0,0,0)
(0,0,0)
(0,0,0)
(0,0,0)
(-501079.721415551,-10692.1639204185,-2704.07887904484)
(-499483.443616824,-11741.0233708278,-11718.4520224409)
(-493137.590614224,-13311.7282803686,-37167.9846479282)
(-473103.695867218,-14171.4727633328,-97656.7733135564)
(-417729.516358984,-12381.3223784464,-222637.817517845)
(-281113.418731726,-6596.35088803607,-419497.732446409)
(1.28458340776299e-06,8.90003906037798e-06,8.01979134039442e-05)
(7.10621525066512e-05,2.11694516309018e-05,-1.57655320901557e-06)
(309.955721624842,-187.080883097368,-524131.160693878)
(-224678.389829784,-8732.16060525136,-1053889.94887895)
(0,0,0)
(0,0,0)
(0,0,0)
(0,0,0)
(0,0,0)
(0,0,0)
(-566020.359568746,-127486.903077527,-3625.09283892101)
(-563488.161800175,-127056.761931326,-13097.5304711304)
(-554985.005630113,-124714.241434036,-37850.8226874517)
(-530786.744679189,-116651.499403505,-95734.3115402576)
(-467334.957703992,-95677.488043044,-216638.955776371)
(-313969.013814632,-53582.8125642533,-412712.183066466)
(1.17666600478405e-05,0.000128535955671613,9.53222638733473e-05)
(0.000123561996377117,-4.4314765514316e-06,-2.75551850011265e-06)
(516.143157468427,-31504.9054858043,-532534.472729029)
(-241634.719317113,-46362.1288373521,-1044992.02404166)
(0,0,0)
(0,0,0)
(0,0,0)
(0,0,0)
(0,0,0)
(0,0,0)
(-617396.50155662,-355576.527603616,-3090.63185992757)
(-614709.341017825,-354319.840051166,-10586.4855708993)
(-606165.873690894,-349773.963552521,-29613.3082595486)
(-582429.637729882,-335944.078600104,-74600.7584045165)
(-519571.648470007,-297546.559913522,-174329.817081416)
(-359549.572499281,-199078.580731239,-358838.498879936)
(0.000149458547896974,-8.64397032079016e-06,-6.75577930987859e-06)
(273.423966836923,-27156.2970169295,-31572.166418232)
(-315061.874334366,-180413.099043818,-547326.072946069)
(-316995.753393323,-136023.699529493,-998581.460958471)
(0,0,0)
(0,0,0)
(0,0,0)
(0,0,0)
(0,0,0)
(0,0,0)
(-601400.584389903,-725755.656945642,-1804.20871112859)
(-599282.949311977,-724646.805951698,-5921.62959854847)
(-592781.366219937,-721060.86936235,-15599.98036699)
(-575203.057497682,-711382.479675842,-35979.9027754796)
(-528422.599038139,-688005.763248328,-75616.5044653083)
(-399008.559168622,-636255.962586656,-159577.022953985)
(573.604002405838,-518611.708266605,-27095.8425514032)
(-319991.761703851,-546142.736754754,-184798.180947841)
(-432665.321255781,-501260.603222564,-502816.93609193)
(-337870.279818889,-316630.863501969,-862456.807233382)
(0,0,0)
(0,0,0)
(0,0,0)
(0,0,0)
(0,0,0)
(0,0,0)
(-421106.815708323,-1143505.17948845,-723.258790322026)
(-419989.090781957,-1142774.49492646,-2297.98606037653)
(-416698.265934198,-1140527.56852324,-5770.52767077626)
(-408380.041061504,-1134958.93063317,-12359.4545167587)
(-388536.097441486,-1122809.01243144,-23624.8183813187)
(-344913.24089867,-1099369.03789774,-41797.3421108589)
(-271737.045882707,-1057650.05527913,-54563.6413872972)
(-325934.206684028,-1003136.35325079,-139875.012439103)
(-339961.384489975,-863392.58788099,-318068.265577064)
(-247394.377174223,-545516.72833903,-545715.459039557)
(0,0,0)
(0,0,0)
(0,0,0)
(0,0,0)
(0,0,0)
(0,0,0)
(0,0,0)
(0,0,0)
(0,0,0)
(0,0,0)
(0,0,0)
(0,0,0)
(0,0,0)
(0,0,0)
(0,0,0)
(0,0,0)
(0,0,0)
(0,0,0)
(0,0,0)
(0,0,0)
(0,0,0)
(0,0,0)
(0,0,0)
(0,0,0)
(0,0,0)
(0,0,0)
(0,0,0)
(0,0,0)
(0,0,0)
(0,0,0)
(0,0,0)
(0,0,0)
(0,0,0)
(0,0,0)
(0,0,0)
(0,0,0)
(0,0,0)
(0,0,0)
(0,0,0)
(0,0,0)
(0,0,0)
(0,0,0)
(0,0,0)
(0,0,0)
(0,0,0)
(0,0,0)
(0,0,0)
(0,0,0)
(0,0,0)
(0,0,0)
(0,0,0)
(0,0,0)
(0,0,0)
(0,0,0)
(0,0,0)
(0,0,0)
(0,0,0)
(0,0,0)
(0,0,0)
(0,0,0)
(0,0,0)
(0,0,0)
(0,0,0)
(0,0,0)
(0,0,0)
(0,0,0)
(0,0,0)
(0,0,0)
(0,0,0)
(0,0,0)
(0,0,0)
(0,0,0)
(0,0,0)
(0,0,0)
(0,0,0)
(0,0,0)
(0,0,0)
(0,0,0)
(0,0,0)
(0,0,0)
(0,0,0)
(0,0,0)
(0,0,0)
(0,0,0)
(0,0,0)
(0,0,0)
(0,0,0)
(0,0,0)
(0,0,0)
(0,0,0)
(0,0,0)
(0,0,0)
(0,0,0)
(0,0,0)
(0,0,0)
(0,0,0)
(0,0,0)
(0,0,0)
(0,0,0)
(0,0,0)
(0,0,0)
(0,0,0)
(-362314.660081848,8738.05370960341,5768.44763027441)
(-365746.408780101,7866.58691155582,9462.36306734492)
(-372561.701015316,5979.41366254379,8284.93237988855)
(-382211.838898777,2785.73481638219,-2116.96241646053)
(-393818.642118631,-2164.71543823658,-28368.719312191)
(-405624.786431088,-8654.63004556241,-80500.8312672712)
(-414231.702097597,-13244.7919114038,-173768.713718781)
(-410303.222446478,-5524.73130315537,-329405.644133676)
(-361836.919049059,2019.71887161103,-535886.671723088)
(-227031.566348181,2678.11009759071,-714206.507630795)
(0,0,0)
(0,0,0)
(0,0,0)
(0,0,0)
(0,0,0)
(0,0,0)
(-367493.329084068,15380.3674331497,4925.39609376555)
(-370115.598383235,13810.9163002842,7595.4934578115)
(-374880.865267983,10318.5643453492,5014.22856392563)
(-380453.9077882,4059.78912386825,-7152.40334854185)
(-384475.22681623,-6561.6675079449,-34902.2238953228)
(-383760.695360713,-23372.2104449326,-85167.5025273318)
(-377964.138372388,-41692.3635906945,-166128.144026275)
(-375745.692518928,-9249.27155544866,-321882.721871406)
(-340598.747395284,13405.4411653478,-535223.326411178)
(-217780.164291786,10133.0390298432,-716872.61179803)
(0,0,0)
(0,0,0)
(0,0,0)
(0,0,0)
(0,0,0)
(0,0,0)
(-378328.016218502,16955.7278354137,3375.73516249437)
(-379403.276292578,15064.531069729,4112.33841413139)
(-380258.4563173,10757.5031929824,-1290.82706590737)
(-377513.023553869,2691.96840955681,-17840.0311249941)
(-364362.158587632,-12417.0150472268,-51757.8140087355)
(-329854.499376342,-43685.8481324377,-103552.361144794)
(-270859.293248346,-117115.351172128,-133746.404851375)
(-274055.443534191,16701.325241824,-299166.346091577)
(-286169.875543394,64214.1402595406,-538427.487126203)
(-196368.350645507,30256.4357448739,-726945.401473758)
(0,0,0)
(0,0,0)
(0,0,0)
(0,0,0)
(0,0,0)
(0,0,0)
(-395145.995751514,8447.80837389322,1480.56927521756)
(-394255.222413199,6783.21666104633,-153.985833390767)
(-390100.838533847,3158.03447857784,-9283.56373190897)
(-376175.056620646,-3013.82716862868,-32961.4816133501)
(-337331.355426886,-12059.0257276448,-83081.8138876561)
(-238664.361938009,-20360.5245847952,-177060.017319163)
(3.81052048218122e-05,5.98133414123142e-06,4.40310869945239e-06)
(136.381571848325,-546.869565612988,-251538.081284622)
(-175165.029982907,250818.034893767,-572271.060347081)
(-159987.013637408,64193.4130383271,-757124.950072935)
(0,0,0)
(0,0,0)
(0,0,0)
(0,0,0)
(0,0,0)
(0,0,0)
(-417529.262733877,-18353.2782888063,-171.084150064921)
(-414863.447554515,-19321.8410626653,-3702.55134326752)
(-406254.085235399,-21054.0358092876,-15295.2695886815)
(-383220.106553032,-22960.7364480209,-41922.105328011)
(-327891.732892576,-23345.9508147077,-91322.6060314138)
(-209380.240330905,-18213.7869997518,-156685.782214393)
(-4.6422248102976e-06,1.56948702417004e-06,6.62563001966288e-06)
(8.54833612402618e-05,1.9920669467893e-06,1.59643923437658e-05)
(43.4941654676796,-392.798084771711,-758754.063560391)
(-117637.196663699,8625.86138401951,-821218.18998471)
(0,0,0)
(0,0,0)
(0,0,0)
(0,0,0)
(0,0,0)
(0,0,0)
(-442616.217334835,-75725.322159581,-1091.46020994396)
(-438742.903381372,-75832.1900230815,-5321.65148498244)
(-427255.411679302,-75230.3522952404,-17027.5139339557)
(-398893.512498564,-71991.1393320082,-42207.2944186229)
(-335100.513937463,-62143.2221323024,-86039.0255225481)
(-207464.535527974,-39558.5629765346,-138343.13274952)
(5.67262612101463e-07,4.61580286275889e-06,-1.26545917795048e-11)
(5.88486219756943e-05,1.19206821557324e-06,1.30135166075803e-05)
(-27.5463476777353,-88.447326783586,-749526.157498907)
(-110115.437990326,-25784.5453323325,-829678.702622014)
(0,0,0)
(0,0,0)
(0,0,0)
(0,0,0)
(0,0,0)
(0,0,0)
(-461696.465947271,-178980.963432925,-1068.25234814379)
(-457416.81360788,-178414.502935747,-4557.28762777372)
(-445163.699588098,-176002.688143593,-13606.2578214354)
(-415707.051002581,-168452.165636825,-32224.9251932244)
(-350331.351281062,-148105.682508202,-63266.0712402553)
(-218800.76192681,-99330.6387382963,-98662.2473663109)
(8.6977317139493e-06,9.43034333425662e-06,-1.49653172476472e-11)
(0.000102489821277504,3.62853071469002e-06,1.86356976351788e-05)
(389.788761521271,-347254.566597925,-775080.851551127)
(-116951.925373061,-121810.825298764,-803737.365528774)
(0,0,0)
(0,0,0)
(0,0,0)
(0,0,0)
(0,0,0)
(0,0,0)
(-456315.967485587,-339692.006147584,-369.491356372341)
(-452457.18866641,-339054.698380222,-1981.44826330475)
(-441695.986941752,-336598.153692235,-5855.86946380664)
(-416072.896612255,-328960.583154529,-11704.1930637303)
(-358443.950277279,-306655.10933812,-14282.4644265405)
(-235221.734768954,-238827.433522759,886.492627596193)
(0.000129957946082937,2.15742550711336e-05,7.60434256383755e-06)
(285.629466619928,-347778.106305217,-347190.644715825)
(-161682.060129932,-298258.373626501,-549566.651891673)
(-149454.804287409,-157022.022928943,-681896.4033674)
(0,0,0)
(0,0,0)
(0,0,0)
(0,0,0)
(0,0,0)
(0,0,0)
(-395713.045357114,-545710.495919095,330.950738726166)
(-392957.365844388,-545640.994008005,591.662898909285)
(-385455.082084555,-545295.150515299,1962.37558658581)
(-368142.517012984,-544863.386704103,10804.6386514754)
(-329667.693188967,-548390.357424471,53784.9808886509)
(-241661.865655097,-582414.766368765,240025.620221126)
(354.175739161695,-791239.255789762,-347781.500053601)
(-165603.244643743,-552349.674422333,-297598.448996584)
(-211576.189203628,-408757.765517217,-408188.189158021)
(-152001.371156929,-226278.801403529,-524800.319345413)
(0,0,0)
(0,0,0)
(0,0,0)
(0,0,0)
(0,0,0)
(0,0,0)
(-244439.599177854,-722785.676100807,407.963651249565)
(-243046.864429264,-723169.304579448,994.047870000914)
(-239366.555470061,-724178.525871383,2545.71276194515)
(-231322.590451444,-726868.515898733,7493.3913465075)
(-214921.94757042,-734510.607904121,19999.4919550983)
(-184069.525263415,-754660.951695757,31401.9616468283)
(-136633.642455015,-786134.098626958,-108806.598943663)
(-155809.534062522,-677354.731554389,-153926.214433111)
(-153550.017765996,-523555.222357911,-225540.124316392)
(-102563.145765682,-298230.815563559,-298419.341564905)
(0,0,0)
(0,0,0)
(0,0,0)
(0,0,0)
(0,0,0)
(0,0,0)
(0,0,0)
(0,0,0)
(0,0,0)
(0,0,0)
(0,0,0)
(0,0,0)
(0,0,0)
(0,0,0)
(0,0,0)
(0,0,0)
(0,0,0)
(0,0,0)
(0,0,0)
(0,0,0)
(0,0,0)
(0,0,0)
(0,0,0)
(0,0,0)
(0,0,0)
(0,0,0)
(0,0,0)
(0,0,0)
(0,0,0)
(0,0,0)
(0,0,0)
(0,0,0)
(0,0,0)
(0,0,0)
(0,0,0)
(0,0,0)
(0,0,0)
(0,0,0)
(0,0,0)
(0,0,0)
(0,0,0)
(0,0,0)
(0,0,0)
(0,0,0)
(0,0,0)
(0,0,0)
(0,0,0)
(0,0,0)
(0,0,0)
(0,0,0)
(0,0,0)
(0,0,0)
(0,0,0)
(0,0,0)
(0,0,0)
(0,0,0)
(0,0,0)
(0,0,0)
(0,0,0)
(0,0,0)
(0,0,0)
(0,0,0)
(0,0,0)
(0,0,0)
(0,0,0)
(0,0,0)
(0,0,0)
(0,0,0)
(0,0,0)
(0,0,0)
(0,0,0)
(0,0,0)
(0,0,0)
(0,0,0)
(0,0,0)
(0,0,0)
(0,0,0)
(0,0,0)
(0,0,0)
(0,0,0)
(0,0,0)
(0,0,0)
(0,0,0)
(0,0,0)
(0,0,0)
(0,0,0)
(0,0,0)
(0,0,0)
(0,0,0)
(0,0,0)
(0,0,0)
(0,0,0)
(0,0,0)
(0,0,0)
(0,0,0)
(0,0,0)
(0,0,0)
(0,0,0)
(0,0,0)
(0,0,0)
(0,0,0)
(0,0,0)
(-368187.504308063,3522.699607929,2350.14461827678)
(-369628.388537696,3463.8397931262,2768.2845827422)
(-372080.722368761,3555.7674281741,-1268.46149198436)
(-374293.039771004,4425.13693714982,-13612.3975569038)
(-374447.972579514,7119.32402655555,-40102.3911225749)
(-369775.677360941,13202.898364148,-89154.3985568708)
(-356527.285641916,23044.1404842564,-169902.955496802)
(-328159.400420941,29048.5805131794,-281095.358035519)
(-264985.821573867,23316.0468641591,-401262.502374873)
(-152931.513485287,11982.4809402733,-487345.036178027)
(0,0,0)
(0,0,0)
(0,0,0)
(0,0,0)
(0,0,0)
(0,0,0)
(-370871.537118762,4575.79818567565,2325.10945694553)
(-371765.469324818,4530.56283600385,2908.2573556529)
(-372830.888991635,4881.45063244825,-467.402124975284)
(-372373.356161919,6910.71516620577,-11033.5319803121)
(-367787.388020728,13498.7651385466,-34100.8118878076)
(-355824.96281126,30548.0418188185,-79381.6878919394)
(-335822.592180492,65479.3365774812,-163958.43017707)
(-316293.364758709,92512.6812387069,-286874.858662827)
(-259529.06486162,67958.8929819852,-412587.38731432)
(-150761.023984139,31651.2306970583,-499275.277378743)
(0,0,0)
(0,0,0)
(0,0,0)
(0,0,0)
(0,0,0)
(0,0,0)
(-376182.297672812,120.863037654844,2309.21660232843)
(-376014.710150333,142.742561502639,3308.47073458073)
(-374420.596112922,811.376534281811,1540.68462836748)
(-368481.507158177,3951.08230781633,-4531.1989089342)
(-352829.493298986,14573.341828825,-17138.4408878625)
(-319471.406468083,47541.3736549531,-44514.8656322534)
(-266807.174219078,153913.502074128,-137001.150158176)
(-298135.317845929,291007.009537819,-311415.604145553)
(-256118.956463406,175329.993332227,-448837.623575766)
(-149450.795990158,66731.3196051405,-530835.267139203)
(0,0,0)
(0,0,0)
(0,0,0)
(0,0,0)
(0,0,0)
(0,0,0)
(-383353.286727418,-14044.0258983467,2372.17991190565)
(-381856.22087146,-13928.9927513004,4044.91368296586)
(-376888.63466532,-13095.1789813661,4739.26533008417)
(-363386.816973758,-10123.6870472427,6025.79503825824)
(-329739.345735014,-2692.47028877553,15699.5974639946)
(-246052.945086222,8870.61202561033,61758.9422415515)
(2.58064144732265e-05,-9.32720697274943e-06,1.87661289246926e-05)
(-346089.488279856,-605.331426844016,-426992.286041864)
(-295572.817846549,426084.419037951,-557338.923883936)
(-159699.849955367,106579.019472171,-597473.787433005)
(0,0,0)
(0,0,0)
(0,0,0)
(0,0,0)
(0,0,0)
(0,0,0)
(-390629.631491501,-43479.2302828589,2535.57314213011)
(-387983.145717272,-43238.9542439352,4965.23279752866)
(-380099.943898235,-42123.5641821059,7839.47666110637)
(-360286.793620803,-38709.7818085554,13492.2584901937)
(-313698.350762704,-30637.4897225735,27243.8957941115)
(-209692.393338187,-16365.2937238826,52791.9545508856)
(-1.01526390403647e-05,-8.41077622100464e-07,-3.44920283580267e-06)
(5.72980653874504e-05,-6.50223478729572e-06,3.14935408923227e-05)
(-538560.402916409,-519.30825977326,-876680.772601513)
(-199890.108221522,16089.397520501,-703938.239092007)
(0,0,0)
(0,0,0)
(0,0,0)
(0,0,0)
(0,0,0)
(0,0,0)
(-394120.009146134,-94812.671973138,2837.2335015808)
(-390825.869090544,-94519.7717903457,6201.01675717128)
(-381437.235695489,-93151.6001325013,11410.8767237531)
(-358942.013260317,-88878.5635432643,21628.1592202162)
(-308214.265096805,-77489.1929750021,41593.6136319894)
(-200449.128331633,-50962.9850015931,69175.8977133575)
(-1.12203782475416e-06,1.00335191358964e-07,9.81085895612368e-13)
(4.04051063471597e-05,-1.01378327833945e-05,2.20791146057195e-05)
(-509646.153502897,247.884232333568,-859872.686040139)
(-201317.375591524,-32679.5306385655,-719901.820279868)
(0,0,0)
(0,0,0)
(0,0,0)
(0,0,0)
(0,0,0)
(0,0,0)
(-386107.674756817,-173661.533920547,3260.07075696518)
(-382836.293116284,-173569.963812205,7729.74228722318)
(-373816.048487384,-172650.761908309,15881.2529623153)
(-352886.99130267,-168979.657464875,33162.2871840122)
(-306547.72222133,-156386.3393536,68275.8045028812)
(-205867.443385601,-115846.36637802,120225.867338093)
(4.56565635530277e-06,2.75624934667435e-06,-1.08837145705613e-12)
(5.4964094480839e-05,7.47391422904989e-06,2.99139786958491e-05)
(-558830.248637911,-509477.329048506,-892757.495812733)
(-200860.052225125,-154385.629542037,-687143.270057196)
(0,0,0)
(0,0,0)
(0,0,0)
(0,0,0)
(0,0,0)
(0,0,0)
(-354296.964112796,-279169.616680009,3489.07938667728)
(-351664.27281854,-279679.818810427,8806.01853703458)
(-344793.200100826,-280527.508710447,19779.9784982455)
(-329982.197619619,-281233.194422469,45942.8164632002)
(-299807.177734048,-278086.782924326,109006.487490694)
(-232879.126449302,-245472.270203701,236289.782996722)
(7.59677070641391e-05,3.87289146076011e-05,1.47483504496379e-05)
(-411050.067544969,-513978.062556687,-509393.269793112)
(-294580.112438471,-348367.846680738,-537604.699852345)
(-149057.61590675,-159663.407618158,-532724.110156884)
(0,0,0)
(0,0,0)
(0,0,0)
(0,0,0)
(0,0,0)
(0,0,0)
(-283354.571957154,-394608.913299937,3080.82321996214)
(-281695.830734376,-395938.932521175,8078.40182069874)
(-277735.312241891,-399439.048853837,19270.1721214235)
(-271089.139664145,-408283.456676158,49267.0570262717)
(-266460.712414115,-433842.801964938,141816.095292033)
(-302415.861648653,-524990.359549353,482088.18063123)
(-625281.296843091,-928438.017355664,-513819.992240843)
(-306982.561633941,-542769.873271678,-343648.864535645)
(-203943.900934786,-350903.996710124,-348745.002775117)
(-110500.612116579,-176926.49323626,-372982.676197357)
(0,0,0)
(0,0,0)
(0,0,0)
(0,0,0)
(0,0,0)
(0,0,0)
(-162216.885553774,-478617.793538918,1786.16661490386)
(-161446.098004567,-480395.946920189,4642.41458922392)
(-159701.843058553,-485050.606065484,10589.2593893626)
(-157132.227938722,-495762.730412782,23878.1706132663)
(-156000.738364477,-519739.994450883,50854.1538932614)
(-166360.032682029,-570693.108123531,78847.4098860627)
(-208591.14708986,-649614.610950951,-128018.491883805)
(-153286.865020359,-521648.372375093,-151662.661822558)
(-111397.765999763,-370127.216707275,-174591.693591638)
(-62340.0743370197,-195765.186938669,-195976.071317891)
(0,0,0)
(0,0,0)
(0,0,0)
(0,0,0)
(0,0,0)
(0,0,0)
(0,0,0)
(0,0,0)
(0,0,0)
(0,0,0)
(0,0,0)
(0,0,0)
(0,0,0)
(0,0,0)
(0,0,0)
(0,0,0)
(0,0,0)
(0,0,0)
(0,0,0)
(0,0,0)
(0,0,0)
(0,0,0)
(0,0,0)
(0,0,0)
(0,0,0)
(0,0,0)
(0,0,0)
(0,0,0)
(0,0,0)
(0,0,0)
(0,0,0)
(0,0,0)
(0,0,0)
(0,0,0)
(0,0,0)
(0,0,0)
(0,0,0)
(0,0,0)
(0,0,0)
(0,0,0)
(0,0,0)
(0,0,0)
(0,0,0)
(0,0,0)
(0,0,0)
(0,0,0)
(0,0,0)
(0,0,0)
(0,0,0)
(0,0,0)
(0,0,0)
(0,0,0)
(0,0,0)
(0,0,0)
(0,0,0)
(0,0,0)
(0,0,0)
(0,0,0)
(0,0,0)
(0,0,0)
(0,0,0)
(0,0,0)
(0,0,0)
(0,0,0)
(0,0,0)
(0,0,0)
(0,0,0)
(0,0,0)
(0,0,0)
(0,0,0)
(0,0,0)
(0,0,0)
(0,0,0)
(0,0,0)
(0,0,0)
(0,0,0)
(0,0,0)
(0,0,0)
(0,0,0)
(0,0,0)
(0,0,0)
(0,0,0)
(0,0,0)
(0,0,0)
(0,0,0)
(0,0,0)
(0,0,0)
(0,0,0)
(0,0,0)
(0,0,0)
(0,0,0)
(0,0,0)
(0,0,0)
(0,0,0)
(0,0,0)
(0,0,0)
(0,0,0)
(0,0,0)
(0,0,0)
(0,0,0)
(0,0,0)
(0,0,0)
(-369931.750158663,778.800215153498,965.445635450837)
(-370434.47962718,1302.1937234142,469.343001519232)
(-370984.618699321,2756.30242607925,-3383.06309400537)
(-370303.110048978,6284.15773508706,-13657.1505511192)
(-366508.659891982,13745.7721511874,-35342.2353898375)
(-356378.623915508,27159.9373428037,-75899.2261780768)
(-334721.814128071,43793.2506688325,-141497.948360756)
(-292701.432110667,40951.8997099119,-217907.816380938)
(-222477.94876568,28824.6350304062,-289240.324219536)
(-121835.966953039,14199.4332024835,-334535.303954262)
(0,0,0)
(0,0,0)
(0,0,0)
(0,0,0)
(0,0,0)
(0,0,0)
(-370887.664404701,-699.097155857221,1494.02465694603)
(-371258.723459031,318.42467845727,1971.04783611711)
(-371513.106910168,3285.45101635215,124.11716437914)
(-370498.971867108,10791.8281179097,-6257.93751325734)
(-366743.280626499,28441.1330445445,-21997.4058008406)
(-358299.643963519,66948.5777538911,-59311.3650596647)
(-341629.758764754,134621.277999761,-144332.225806334)
(-300351.482008393,110744.57432678,-230066.783173502)
(-228377.214687785,71451.907781724,-303845.906098659)
(-124806.991574497,33050.0835723859,-348650.588878207)
(0,0,0)
(0,0,0)
(0,0,0)
(0,0,0)
(0,0,0)
(0,0,0)
(-372353.149698232,-7054.01922425289,2525.77409381564)
(-372432.637306632,-5723.45462808884,4985.58055665937)
(-372114.188312945,-1672.85479290041,7637.47856594035)
(-370478.971176134,9072.87041979577,11353.9002820158)
(-367115.526409937,37661.5567028169,16419.5097346964)
(-365401.255616246,120985.131240103,8312.8053966481)
(-376557.662868623,420900.943943223,-168216.371897259)
(-329383.868675708,243130.359846018,-269353.606586712)
(-247751.240842226,135940.126351598,-342209.540777767)
(-133567.62517252,56549.1346372728,-381591.762660295)
(0,0,0)
(0,0,0)
(0,0,0)
(0,0,0)
(0,0,0)
(0,0,0)
(-372960.126782529,-21350.4785037249,3903.29933458629)
(-372684.327917369,-20078.9845585979,9086.93631101338)
(-371602.953583835,-16292.7363910134,18421.1368276435)
(-368810.955956659,-6997.28660180197,39915.4328321354)
(-365092.365453146,13302.1992233795,99627.8100297008)
(-378735.076080228,45129.1987134458,308165.87355036)
(-558945.762416607,-326.057868318119,-345973.950340793)
(-417932.567581728,345480.432553021,-376480.943745923)
(-297699.458037402,183130.97725197,-421545.154455456)
(-153078.463619272,66418.4965451385,-438035.9026994)
(0,0,0)
(0,0,0)
(0,0,0)
(0,0,0)
(0,0,0)
(0,0,0)
(-370297.527720137,-46916.0875017187,5233.50522663309)
(-369721.161698421,-46037.8579224131,12930.3945715931)
(-367815.452367712,-43446.2661869316,27799.4328369821)
(-362351.326655547,-37377.049112522,60243.7283824405)
(-346387.339414057,-25182.7663847647,131417.682641948)
(-288657.637045428,-7157.31840815321,262669.443470782)
(4.20515922583989e-05,-2.20591093178918e-05,-3.38170839949491e-05)
(-552312.837290145,-298.436822329174,-538647.554070388)
(-384209.609183121,28285.1954390242,-538152.565990731)
(-181880.488468334,14591.5252099172,-504335.214408687)
(0,0,0)
(0,0,0)
(0,0,0)
(0,0,0)
(0,0,0)
(0,0,0)
(-360465.492142683,-86754.2185574872,6183.61405231551)
(-359811.22491184,-86487.9104349201,15619.0223861176)
(-357741.314770928,-85510.5913096537,33987.4265842821)
(-351938.610004573,-82856.8880558696,72463.8622718838)
(-334507.657756214,-75878.7940694964,149453.282616023)
(-271427.389230676,-56410.4448869017,269684.669993813)
(3.05671949987942e-05,-3.36572262467433e-05,-2.38662793599974e-05)
(-518968.456876878,72.0642943497595,-509832.106291961)
(-390481.85017719,-48967.6693327588,-551743.544845872)
(-187386.623884079,-32250.1502899589,-518832.621053445)
(0,0,0)
(0,0,0)
(0,0,0)
(0,0,0)
(0,0,0)
(0,0,0)
(-337515.588828264,-141898.441666311,6552.13718026327)
(-337049.491554463,-142450.662473449,16728.0876569685)
(-335719.355172599,-143691.496217125,36812.2992496542)
(-332342.699784897,-146156.291098494,79567.4107745006)
(-322162.308862314,-149752.506232743,169055.709578726)
(-276475.694921954,-142944.729509215,326198.2457374)
(4.21014578493591e-05,-4.41062671926759e-05,-3.15941794707813e-05)
(-571678.49850874,-411152.404087555,-558898.070739649)
(-386395.509805661,-245298.136308693,-535002.342595961)
(-178951.280173236,-102620.375971108,-486540.888966703)
(0,0,0)
(0,0,0)
(0,0,0)
(0,0,0)
(0,0,0)
(0,0,0)
(-293925.939869251,-208351.922663351,6082.45675349145)
(-293829.619909312,-209807.283749,15604.4251198145)
(-293854.162726186,-213573.842152773,34547.733680818)
(-295296.023597805,-222437.325188422,76142.5937489301)
(-304554.675049395,-244881.149567359,176018.734398897)
(-353920.652146278,-315169.478596708,469285.009183379)
(-639175.730272618,-625373.094211328,-410999.011180117)
(-430109.642621022,-410093.929546683,-392997.910644934)
(-282717.785289441,-257876.679311592,-392281.694791058)
(-138887.679189032,-121172.877755865,-383899.129724027)
(0,0,0)
(0,0,0)
(0,0,0)
(0,0,0)
(0,0,0)
(0,0,0)
(-222696.268808418,-273722.371052496,4712.14524041049)
(-222868.447782131,-275883.235703124,11960.7142422866)
(-223664.435508914,-281564.597855689,25880.5932122311)
(-227068.683984981,-294459.051960107,53881.8643047588)
(-239858.816500018,-323499.025404791,105897.844228094)
(-281896.519440302,-389056.647322559,159265.670745596)
(-383988.54148925,-511870.56589803,-195529.612921538)
(-282754.7026239,-389221.826945396,-240629.574532876)
(-188557.449988756,-258477.585219322,-255415.11957117)
(-95640.3225109051,-128802.378413958,-262645.908518738)
(0,0,0)
(0,0,0)
(0,0,0)
(0,0,0)
(0,0,0)
(0,0,0)
(-121766.578066443,-316721.94232879,2549.26378896356)
(-121935.235326878,-319189.520729384,6344.68613753373)
(-122554.799901548,-325510.898991058,13143.9441158906)
(-124690.730758285,-338746.08791488,24989.4828902275)
(-131170.722472365,-363837.81327914,40498.2548724704)
(-147088.082105979,-404443.130559581,36612.787533446)
(-169969.384304978,-441139.978016846,-72739.5631326288)
(-137040.582338793,-368461.198861889,-109746.473897701)
(-95243.2675149503,-258825.128441864,-125553.429159976)
(-49484.2575660901,-133489.053672628,-133722.570672241)
(0,0,0)
(0,0,0)
(0,0,0)
(0,0,0)
(0,0,0)
(0,0,0)
(0,0,0)
(0,0,0)
(0,0,0)
(0,0,0)
(0,0,0)
(0,0,0)
(0,0,0)
(0,0,0)
(0,0,0)
(0,0,0)
(0,0,0)
(0,0,0)
(0,0,0)
(0,0,0)
(0,0,0)
(0,0,0)
(0,0,0)
(0,0,0)
(0,0,0)
(0,0,0)
(0,0,0)
(0,0,0)
(0,0,0)
(0,0,0)
(0,0,0)
(0,0,0)
(0,0,0)
(0,0,0)
(0,0,0)
(0,0,0)
(0,0,0)
(0,0,0)
(0,0,0)
(0,0,0)
(0,0,0)
(0,0,0)
(0,0,0)
(0,0,0)
(0,0,0)
(0,0,0)
(0,0,0)
(0,0,0)
(0,0,0)
(0,0,0)
(0,0,0)
(0,0,0)
(0,0,0)
(0,0,0)
(0,0,0)
(0,0,0)
(0,0,0)
(0,0,0)
(0,0,0)
(0,0,0)
(0,0,0)
(0,0,0)
(0,0,0)
(0,0,0)
(0,0,0)
(0,0,0)
(0,0,0)
(0,0,0)
(0,0,0)
(0,0,0)
(0,0,0)
(0,0,0)
(0,0,0)
(0,0,0)
(0,0,0)
(0,0,0)
(0,0,0)
(0,0,0)
(0,0,0)
(0,0,0)
(0,0,0)
(0,0,0)
(0,0,0)
(0,0,0)
(0,0,0)
(0,0,0)
(0,0,0)
(0,0,0)
(0,0,0)
(0,0,0)
(0,0,0)
(0,0,0)
(0,0,0)
(0,0,0)
(0,0,0)
(0,0,0)
(0,0,0)
(0,0,0)
(0,0,0)
(0,0,0)
(0,0,0)
(0,0,0)
(-370136.788069701,-286.303998075287,491.341909108757)
(-370397.974015479,401.021541011368,53.8147563976081)
(-370507.654482022,2186.95992613538,-2610.10938702893)
(-369232.544399591,6045.86082264703,-9726.53585907014)
(-364534.363963427,13451.6842974787,-25152.5160851067)
(-352467.377295953,25206.9910463957,-54270.7537510518)
(-326421.386560868,36892.1551622272,-99463.3364804806)
(-277833.207095684,33336.11430668,-147667.675802139)
(-204408.994873018,22947.1921668722,-188683.821861675)
(-108933.85532336,11240.7744246579,-212826.707916011)
(0,0,0)
(0,0,0)
(0,0,0)
(0,0,0)
(0,0,0)
(0,0,0)
(-370092.853992187,-2237.2016860093,1156.08727542032)
(-370602.912234493,-939.968344871002,1841.26593675918)
(-371341.397713987,2595.22560751557,1261.2910591989)
(-371606.40667849,10742.8423799298,-2328.25568669787)
(-370127.530356978,27966.4788275071,-13458.8004862486)
(-363701.002903512,59796.184023694,-42646.6345235579)
(-344094.291312021,99736.56187079,-103026.50868485)
(-293719.495222451,81741.0002570843,-158063.381421204)
(-215255.173259212,52087.2326398214,-200325.46332272)
(-114211.40435628,24309.3771063234,-223989.653222609)
(0,0,0)
(0,0,0)
(0,0,0)
(0,0,0)
(0,0,0)
(0,0,0)
(-369305.844606543,-7743.66914660146,2459.16236890404)
(-370254.350451974,-6067.15831160616,5408.06548098125)
(-372292.656214433,-1262.30689711547,9444.06588709743)
(-375875.257039361,10679.5507159762,14903.6434142732)
(-382133.442909071,39596.5867502947,18291.4519906172)
(-392142.240242015,107588.42668119,-2759.80604110988)
(-397139.090362193,238567.850463901,-121009.667140653)
(-335578.008962587,154614.447935185,-187688.974531886)
(-241286.840588403,85974.218301608,-228040.360447496)
(-126141.34767583,37027.7871995033,-248185.048037359)
(0,0,0)
(0,0,0)
(0,0,0)
(0,0,0)
(0,0,0)
(0,0,0)
(-366104.945473017,-18772.5290030748,4173.67854696112)
(-367638.068860245,-17191.1942070197,10251.4553852453)
(-371475.519662833,-12556.5994092806,21418.3139764074)
(-379978.656816319,-574.721541118522,43840.2870931705)
(-399812.545809961,31948.1772119877,86208.8769882897)
(-448273.301318771,135155.223990766,128180.304917269)
(-545976.117726375,558704.357645886,-204925.846954952)
(-423110.818925696,211132.679466876,-256265.827142667)
(-287710.011049964,96661.9565230334,-276943.012351537)
(-145514.473355969,37621.8194262181,-285101.034841556)
(0,0,0)
(0,0,0)
(0,0,0)
(0,0,0)
(0,0,0)
(0,0,0)
(-357755.706687823,-37113.8458741729,5799.49583878125)
(-359870.876330075,-36153.9172553681,14911.9335187847)
(-365461.349593641,-33420.1585140299,33421.3898494674)
(-378830.198472674,-27031.8346427006,76357.3747681761)
(-414070.995703562,-13374.3479231799,189363.556192849)
(-525760.742998714,9920.66143621227,551701.224700682)
(-970508.63235098,-761.308030156725,-552424.565187677)
(-555820.597573982,32852.3505008598,-370636.475937816)
(-344205.29925381,21953.8358696376,-335932.66521373)
(-166586.122950533,9024.67824674162,-322629.889552064)
(0,0,0)
(0,0,0)
(0,0,0)
(0,0,0)
(0,0,0)
(0,0,0)
(-340528.602129626,-63880.3702537098,6829.63436648427)
(-343054.241659062,-63796.0274474394,17714.7613057782)
(-349732.425834604,-63576.1852213134,39861.8990767379)
(-365748.924136079,-63360.9216463412,90001.3002118863)
(-406903.166782961,-63618.9508420798,212641.41215753)
(-528397.037061725,-61462.4551072012,540994.176532)
(-949409.130616632,294.345739437283,-518697.646507861)
(-570764.067676586,-52633.7475395159,-381415.937667757)
(-356214.534012187,-44908.3229817856,-348821.094981361)
(-171721.290545001,-23843.8446873645,-331617.905386329)
(0,0,0)
(0,0,0)
(0,0,0)
(0,0,0)
(0,0,0)
(0,0,0)
(-309865.306187561,-98516.2886524918,6985.63575808303)
(-312496.735298272,-99403.7676194649,18040.6196739184)
(-319469.219003862,-101988.485009512,40202.7832933781)
(-336114.346875978,-109239.058000126,89852.5667382505)
(-378527.801652946,-132279.134174668,214878.242861467)
(-505340.765648783,-220494.796669825,602775.655150929)
(-987380.836355109,-639222.425375195,-571579.480536198)
(-552569.892083733,-269658.897751269,-373662.936749462)
(-335541.822887816,-141695.178343065,-327729.768306037)
(-160150.059625182,-62595.8674606576,-307778.966080791)
(0,0,0)
(0,0,0)
(0,0,0)
(0,0,0)
(0,0,0)
(0,0,0)
(-261141.189000875,-137441.081632499,6140.04211163041)
(-263525.529101586,-139111.767978905,15543.951663343)
(-269764.743025131,-143630.340306733,33096.3872595114)
(-283989.045324587,-154414.462934454,66964.8139206203)
(-316211.44187608,-180414.240637643,126756.687210283)
(-388392.535386622,-243385.46800223,184119.241783025)
(-522034.070956664,-370360.079050419,-201884.763857697)
(-393096.562032906,-262921.144298315,-245635.597898775)
(-257606.821936416,-163871.88613313,-248569.853461742)
(-126897.268268477,-77982.7131588296,-245173.418684116)
(0,0,0)
(0,0,0)
(0,0,0)
(0,0,0)
(0,0,0)
(0,0,0)
(-191472.650909582,-173176.510635386,4511.81110405399)
(-193281.253384869,-175301.177568129,11114.0262960165)
(-197880.438870268,-180751.579977234,22451.2693278721)
(-207844.11724271,-192310.944366054,41123.1840171975)
(-228057.256396675,-215011.697945881,63919.081222089)
(-264171.937942565,-254427.642973949,57236.674696068)
(-304788.477584734,-298010.253043635,-94313.2152152423)
(-249825.998091529,-243690.491416656,-146472.572629267)
(-171007.962335614,-165332.496108133,-162561.450307398)
(-86337.2900755753,-82717.7765510161,-167129.419350543)
(0,0,0)
(0,0,0)
(0,0,0)
(0,0,0)
(0,0,0)
(0,0,0)
(-102007.387706741,-195300.296364261,2364.59536917196)
(-102968.152468836,-197591.523167883,5687.85811088189)
(-105349.288576356,-203248.919501687,10979.6863101443)
(-110280.404017458,-214263.092472916,18521.5076761766)
(-119420.984383645,-232857.782015909,24617.8536574827)
(-133113.944613871,-257539.014801946,13755.0879933658)
(-142994.926671934,-271362.142706862,-39867.4799764487)
(-120981.799312619,-231625.722850666,-67991.031568612)
(-84979.4186709163,-163767.646824118,-79819.7296966622)
(-43583.6437924817,-84124.8488856599,-84313.2711356254)
(0,0,0)
(0,0,0)
(0,0,0)
(0,0,0)
(0,0,0)
(0,0,0)
(0,0,0)
(0,0,0)
(0,0,0)
(0,0,0)
(0,0,0)
(0,0,0)
(0,0,0)
(0,0,0)
(0,0,0)
(0,0,0)
(0,0,0)
(0,0,0)
(0,0,0)
(0,0,0)
(0,0,0)
(0,0,0)
(0,0,0)
(0,0,0)
(0,0,0)
(0,0,0)
(0,0,0)
(0,0,0)
(0,0,0)
(0,0,0)
(0,0,0)
(0,0,0)
(0,0,0)
(0,0,0)
(0,0,0)
(0,0,0)
(0,0,0)
(0,0,0)
(0,0,0)
(0,0,0)
(0,0,0)
(0,0,0)
(0,0,0)
(0,0,0)
(0,0,0)
(0,0,0)
(0,0,0)
(0,0,0)
(0,0,0)
(0,0,0)
(0,0,0)
(0,0,0)
(0,0,0)
(0,0,0)
(0,0,0)
(0,0,0)
(0,0,0)
(0,0,0)
(0,0,0)
(0,0,0)
(0,0,0)
(0,0,0)
(0,0,0)
(0,0,0)
(0,0,0)
(0,0,0)
(0,0,0)
(0,0,0)
(0,0,0)
(0,0,0)
(0,0,0)
(0,0,0)
(0,0,0)
(0,0,0)
(0,0,0)
(0,0,0)
(0,0,0)
(0,0,0)
(0,0,0)
(0,0,0)
(0,0,0)
(0,0,0)
(0,0,0)
(0,0,0)
(0,0,0)
(0,0,0)
(0,0,0)
(0,0,0)
(0,0,0)
(0,0,0)
(0,0,0)
(0,0,0)
(0,0,0)
(0,0,0)
(0,0,0)
(0,0,0)
(0,0,0)
(0,0,0)
(0,0,0)
(0,0,0)
(0,0,0)
(0,0,0)
(-370032.83372785,-367.531838684229,263.577496831507)
(-370272.48930763,83.4024929664744,54.690296022234)
(-370429.346937,1257.62003948448,-1281.23728848536)
(-369179.025776675,3607.03357257965,-4941.78948398005)
(-364243.082576658,7820.88942487546,-13053.9602956202)
(-351214.343528731,13935.2269205289,-28242.2209833724)
(-322927.810890849,19174.3941954778,-50910.1908488763)
(-271891.237571972,17429.0906743758,-74281.2510469683)
(-197492.591248941,12066.3176419637,-93263.9723130033)
(-104144.287384466,5936.94062641693,-103990.480878319)
(0,0,0)
(0,0,0)
(0,0,0)
(0,0,0)
(0,0,0)
(0,0,0)
(-369564.641331964,-1585.70758792928,689.963089024255)
(-370264.704960784,-739.538351319074,1174.69665960312)
(-371493.138559338,1525.94630849099,1058.11123594906)
(-372606.616588212,6410.65752687093,-745.302808625523)
(-371948.654639353,15901.5667624874,-7004.8558638643)
(-365008.920749393,31294.08756829,-23055.7986657395)
(-341944.547855973,46644.8728903419,-52676.0208166472)
(-289177.916979158,39833.1717246882,-79621.6801102555)
(-209465.465218815,25982.7041076743,-99327.7746163603)
(-110036.235833451,12316.953202596,-109882.955715363)
(0,0,0)
(0,0,0)
(0,0,0)
(0,0,0)
(0,0,0)
(0,0,0)
(-367750.241769259,-4676.86550494071,1535.55507972574)
(-369301.93117242,-3577.54734228318,3421.14479113929)
(-372756.201417072,-549.000642731225,5959.63694500091)
(-378781.013811864,6512.99292113754,8763.05832324277)
(-387667.343230362,21849.4564634283,8349.06894359912)
(-396120.624235159,51354.0594713633,-7732.51896633185)
(-388399.398740718,89653.289544963,-59480.6272424287)
(-328818.801461626,67025.1342185456,-93431.797237241)
(-235275.264808463,39476.0102233883,-112936.679132903)
(-122220.139640673,17582.950066774,-122123.884032237)
(0,0,0)
(0,0,0)
(0,0,0)
(0,0,0)
(0,0,0)
(0,0,0)
(-362836.515702653,-10584.4781855039,2639.1829101994)
(-365475.925718535,-9553.70231254939,6453.1947387557)
(-371962.224946229,-6644.09175717847,13034.9911366011)
(-385047.302396024,491.392635195911,24125.2370022432)
(-409285.565957276,17610.5740472627,37837.1395657243)
(-447218.093525059,57586.8231463715,30549.168097001)
(-477794.280185887,134110.574211852,-82089.954110366)
(-395633.729669249,78398.7823595687,-120940.691507833)
(-274564.480827761,40179.789515741,-134790.001022402)
(-139660.455867682,16554.3025208507,-139615.370964764)
(0,0,0)
(0,0,0)
(0,0,0)
(0,0,0)
(0,0,0)
(0,0,0)
(-351950.124270144,-20079.9095125724,3689.84890939281)
(-355632.108330684,-19490.3735811436,9387.75217859698)
(-365053.697078381,-17849.6817818887,20185.6896880522)
(-385297.48514534,-14096.684527647,41241.0535235594)
(-426668.945760566,-6340.1728814321,77789.750509255)
(-504572.359528373,7137.70893219758,107050.481253094)
(-611678.309519589,20102.1266547004,-137771.394021162)
(-473883.502218727,17803.337347128,-159113.04436395)
(-314669.7755733,9922.81697648702,-158391.595505205)
(-156184.794437467,3870.45731327599,-156109.078810688)
(0,0,0)
(0,0,0)
(0,0,0)
(0,0,0)
(0,0,0)
(0,0,0)
(-331479.112719343,-33464.4585521899,4335.05962933317)
(-335814.520455027,-33480.8125571475,11085.7774013007)
(-346890.660668121,-33557.7344554627,23952.0649083862)
(-370916.253984742,-33955.4192721762,48978.1295015768)
(-420071.248870743,-35437.7896903522,91243.8283982781)
(-511464.391369743,-38545.1760817576,119994.067720246)
(-631531.810491875,-37766.0912451328,-140015.034504678)
(-491527.466514341,-34521.7217803483,-166926.576539441)
(-324531.050644201,-24260.6973231917,-164426.545607756)
(-160033.690978126,-12262.9929678875,-159980.694893472)
(0,0,0)
(0,0,0)
(0,0,0)
(0,0,0)
(0,0,0)
(0,0,0)
(-297538.127925761,-50157.9587607015,4366.32194670857)
(-301899.93154361,-50790.0662140866,11078.771848988)
(-312935.152917903,-52622.4776102905,23609.4489178574)
(-336600.569039504,-57421.2387272342,47561.4905364423)
(-384335.595553136,-70245.0169757544,88176.5117220341)
(-472696.917946158,-103790.547875933,120778.035813576)
(-593582.712564159,-174053.59122341,-136732.587999069)
(-456870.398601544,-110309.501639179,-156644.30162243)
(-300200.221240319,-63828.8616077431,-152417.738985373)
(-147746.235681385,-29353.4716771704,-147731.08421989)
(0,0,0)
(0,0,0)
(0,0,0)
(0,0,0)
(0,0,0)
(0,0,0)
(-246881.099719932,-68172.3689054074,3754.32086376395)
(-250617.549359889,-69238.4779151845,9294.75282316841)
(-259867.434716934,-72103.5100171205,18878.4769218038)
(-278770.105216264,-78598.8589289913,34837.1570152374)
(-313730.048618505,-92572.1055456905,54682.8523276045)
(-368591.88219835,-119460.840432316,50552.4916957153)
(-419268.835416304,-153348.958308079,-72917.3767599706)
(-346358.194774231,-119830.156459686,-110135.089198124)
(-236254.558270157,-77408.5893196949,-117907.625152443)
(-118349.251543139,-37466.1610320505,-118342.952522897)
(0,0,0)
(0,0,0)
(0,0,0)
(0,0,0)
(0,0,0)
(0,0,0)
(-178276.404397501,-84062.7287636604,2694.11334616758)
(-180959.760631019,-85347.0968703766,6481.23954751159)
(-187398.189814144,-88574.5293980884,12470.0098723541)
(-199864.636614149,-95066.7649338454,20958.4352486464)
(-220886.900358433,-106651.689521135,27867.6631858503)
(-248853.300303725,-123609.825892398,16698.0110070936)
(-265656.68612014,-136431.347917283,-39351.3908482945)
(-226305.088310334,-115036.055060833,-67666.4020283431)
(-158707.138522678,-79462.7198995946,-77913.0952613801)
(-80837.2403315682,-40051.3290729633,-80827.976964474)
(0,0,0)
(0,0,0)
(0,0,0)
(0,0,0)
(0,0,0)
(0,0,0)
(-93888.0656692756,-93571.8333444197,1389.78254329454)
(-95265.6067552908,-94926.4388790807,3266.57883845414)
(-98486.0627004485,-98192.2699084879,6021.09347294474)
(-104496.600574706,-104237.99820349,9408.52329983807)
(-113951.588226446,-113680.54646863,10967.9840901341)
(-124988.034873155,-124683.913626565,3916.16208358872)
(-128975.07662981,-128635.642424997,-17899.3934508208)
(-111055.761079768,-110841.337661582,-32020.1490829243)
(-79093.6281413896,-78931.0993026975,-38437.5602093469)
(-40705.248384777,-40629.3098637211,-40737.9748262948)
(0,0,0)
(0,0,0)
(0,0,0)
(0,0,0)
(0,0,0)
(0,0,0)
(0,0,0)
(0,0,0)
(0,0,0)
(0,0,0)
(0,0,0)
(0,0,0)
(0,0,0)
(0,0,0)
(0,0,0)
(0,0,0)
(0,0,0)
(0,0,0)
(0,0,0)
(0,0,0)
(0,0,0)
(0,0,0)
(0,0,0)
(0,0,0)
(0,0,0)
(0,0,0)
(0,0,0)
(0,0,0)
(0,0,0)
(0,0,0)
(0,0,0)
(0,0,0)
(0,0,0)
(0,0,0)
(0,0,0)
(0,0,0)
(0,0,0)
(0,0,0)
(0,0,0)
(0,0,0)
(0,0,0)
(0,0,0)
(0,0,0)
(0,0,0)
(0,0,0)
(0,0,0)
(0,0,0)
(0,0,0)
(0,0,0)
(0,0,0)
(0,0,0)
(0,0,0)
(0,0,0)
(0,0,0)
(0,0,0)
(0,0,0)
(0,0,0)
(0,0,0)
(0,0,0)
(0,0,0)
(0,0,0)
(0,0,0)
(0,0,0)
(0,0,0)
(0,0,0)
(0,0,0)
(0,0,0)
(0,0,0)
(0,0,0)
(0,0,0)
(0,0,0)
(0,0,0)
(0,0,0)
(0,0,0)
(0,0,0)
(0,0,0)
(0,0,0)
(0,0,0)
(0,0,0)
(0,0,0)
(0,0,0)
(0,0,0)
(0,0,0)
(0,0,0)
(0,0,0)
(0,0,0)
(0,0,0)
(0,0,0)
(0,0,0)
(0,0,0)
(0,0,0)
(0,0,0)
(0,0,0)
(0,0,0)
(0,0,0)
(0,0,0)
(0,0,0)
(0,0,0)
(0,0,0)
(0,0,0)
(0,0,0)
(0,0,0)
(0,0,0)
(0,0,0)
(0,0,0)
(0,0,0)
(0,0,0)
(0,0,0)
(0,0,0)
(0,0,0)
(0,0,0)
(0,0,0)
(0,0,0)
(0,0,0)
(0,0,0)
(0,0,0)
(0,0,0)
(0,0,0)
(0,0,0)
(0,0,0)
(0,0,0)
(0,0,0)
(0,0,0)
(0,0,0)
(0,0,0)
(0,0,0)
(0,0,0)
(0,0,0)
(0,0,0)
(0,0,0)
(0,0,0)
(0,0,0)
(0,0,0)
(0,0,0)
(0,0,0)
(0,0,0)
(0,0,0)
(0,0,0)
(0,0,0)
(0,0,0)
(0,0,0)
(0,0,0)
(0,0,0)
(0,0,0)
(0,0,0)
(0,0,0)
(0,0,0)
(0,0,0)
(0,0,0)
(0,0,0)
(0,0,0)
(0,0,0)
(0,0,0)
(0,0,0)
(0,0,0)
(0,0,0)
(0,0,0)
(0,0,0)
(0,0,0)
(0,0,0)
(0,0,0)
(0,0,0)
(0,0,0)
(0,0,0)
(0,0,0)
(0,0,0)
(0,0,0)
(0,0,0)
(0,0,0)
(0,0,0)
(0,0,0)
(0,0,0)
(0,0,0)
(0,0,0)
(0,0,0)
(0,0,0)
(0,0,0)
(0,0,0)
(0,0,0)
(0,0,0)
(0,0,0)
(0,0,0)
(0,0,0)
(0,0,0)
(0,0,0)
(0,0,0)
(0,0,0)
(0,0,0)
(0,0,0)
(0,0,0)
(0,0,0)
(0,0,0)
(0,0,0)
(0,0,0)
(0,0,0)
(0,0,0)
(0,0,0)
(0,0,0)
(0,0,0)
(0,0,0)
(0,0,0)
(0,0,0)
(0,0,0)
(0,0,0)
(0,0,0)
(0,0,0)
(0,0,0)
(0,0,0)
(0,0,0)
(0,0,0)
(0,0,0)
(0,0,0)
(0,0,0)
(0,0,0)
(0,0,0)
(0,0,0)
(0,0,0)
(0,0,0)
(0,0,0)
(0,0,0)
(0,0,0)
(0,0,0)
(0,0,0)
(0,0,0)
(0,0,0)
(0,0,0)
(0,0,0)
(0,0,0)
(0,0,0)
(0,0,0)
(0,0,0)
(0,0,0)
(0,0,0)
(0,0,0)
(0,0,0)
(0,0,0)
(0,0,0)
(0,0,0)
(0,0,0)
(0,0,0)
(0,0,0)
(0,0,0)
(0,0,0)
(0,0,0)
(0,0,0)
(0,0,0)
(0,0,0)
(0,0,0)
(0,0,0)
(0,0,0)
(0,0,0)
(0,0,0)
(0,0,0)
(0,0,0)
(0,0,0)
(0,0,0)
(0,0,0)
(0,0,0)
(0,0,0)
(0,0,0)
(0,0,0)
(0,0,0)
(0,0,0)
(0,0,0)
(0,0,0)
(0,0,0)
(0,0,0)
(0,0,0)
(0,0,0)
(0,0,0)
(0,0,0)
(0,0,0)
(0,0,0)
(0,0,0)
(0,0,0)
(0,0,0)
(0,0,0)
(0,0,0)
(0,0,0)
(0,0,0)
(0,0,0)
(0,0,0)
(0,0,0)
(0,0,0)
(0,0,0)
(0,0,0)
(0,0,0)
(0,0,0)
(0,0,0)
(0,0,0)
(0,0,0)
(0,0,0)
(0,0,0)
(0,0,0)
(0,0,0)
(0,0,0)
(0,0,0)
(0,0,0)
(0,0,0)
(0,0,0)
(0,0,0)
(0,0,0)
(0,0,0)
(0,0,0)
(0,0,0)
(0,0,0)
(0,0,0)
(0,0,0)
(0,0,0)
(0,0,0)
(0,0,0)
(0,0,0)
(0,0,0)
(0,0,0)
(0,0,0)
(0,0,0)
(0,0,0)
(0,0,0)
(0,0,0)
(0,0,0)
(0,0,0)
(0,0,0)
(0,0,0)
(0,0,0)
(0,0,0)
(0,0,0)
(0,0,0)
(0,0,0)
(0,0,0)
(0,0,0)
(0,0,0)
(0,0,0)
(0,0,0)
(0,0,0)
(0,0,0)
(0,0,0)
(0,0,0)
(0,0,0)
(0,0,0)
(0,0,0)
(0,0,0)
(0,0,0)
(0,0,0)
(0,0,0)
(0,0,0)
(0,0,0)
(0,0,0)
(0,0,0)
(0,0,0)
(0,0,0)
(0,0,0)
(0,0,0)
(0,0,0)
(0,0,0)
(0,0,0)
(0,0,0)
(0,0,0)
(0,0,0)
(0,0,0)
(0,0,0)
(0,0,0)
(0,0,0)
(0,0,0)
(0,0,0)
(0,0,0)
(0,0,0)
(0,0,0)
(0,0,0)
(0,0,0)
(0,0,0)
(0,0,0)
(0,0,0)
(0,0,0)
(0,0,0)
(0,0,0)
(0,0,0)
(0,0,0)
(0,0,0)
(0,0,0)
(0,0,0)
(0,0,0)
(0,0,0)
(0,0,0)
(0,0,0)
(0,0,0)
(0,0,0)
(0,0,0)
(0,0,0)
(0,0,0)
(0,0,0)
(0,0,0)
(0,0,0)
(0,0,0)
(0,0,0)
(0,0,0)
(0,0,0)
(0,0,0)
(0,0,0)
(0,0,0)
(0,0,0)
(0,0,0)
(0,0,0)
(0,0,0)
(0,0,0)
(0,0,0)
(0,0,0)
(0,0,0)
(0,0,0)
(0,0,0)
(0,0,0)
(0,0,0)
(0,0,0)
(0,0,0)
(0,0,0)
(0,0,0)
(0,0,0)
(0,0,0)
(0,0,0)
(0,0,0)
(0,0,0)
(0,0,0)
(0,0,0)
(0,0,0)
(0,0,0)
(0,0,0)
(0,0,0)
(0,0,0)
(0,0,0)
(0,0,0)
(0,0,0)
(0,0,0)
(0,0,0)
(0,0,0)
(0,0,0)
(0,0,0)
(0,0,0)
(0,0,0)
(0,0,0)
(0,0,0)
(0,0,0)
(0,0,0)
(0,0,0)
(0,0,0)
(0,0,0)
(0,0,0)
(0,0,0)
(0,0,0)
(0,0,0)
(0,0,0)
(0,0,0)
(0,0,0)
(0,0,0)
(0,0,0)
(0,0,0)
(0,0,0)
(0,0,0)
(0,0,0)
(0,0,0)
(0,0,0)
(0,0,0)
(0,0,0)
(0,0,0)
(0,0,0)
(0,0,0)
(0,0,0)
(0,0,0)
(0,0,0)
(0,0,0)
(0,0,0)
(0,0,0)
(0,0,0)
(0,0,0)
(0,0,0)
(0,0,0)
(0,0,0)
(0,0,0)
(0,0,0)
(0,0,0)
(0,0,0)
(0,0,0)
(0,0,0)
(0,0,0)
(0,0,0)
(0,0,0)
(0,0,0)
(0,0,0)
(0,0,0)
(0,0,0)
(0,0,0)
(0,0,0)
(0,0,0)
(0,0,0)
(0,0,0)
(0,0,0)
(0,0,0)
(0,0,0)
(0,0,0)
(0,0,0)
(0,0,0)
(0,0,0)
(0,0,0)
(0,0,0)
(0,0,0)
(0,0,0)
(0,0,0)
(0,0,0)
(0,0,0)
(0,0,0)
(0,0,0)
(0,0,0)
(0,0,0)
(0,0,0)
(0,0,0)
(0,0,0)
(0,0,0)
(0,0,0)
(0,0,0)
(0,0,0)
(0,0,0)
(0,0,0)
(0,0,0)
(0,0,0)
(0,0,0)
(0,0,0)
(0,0,0)
(0,0,0)
(0,0,0)
(0,0,0)
(0,0,0)
(0,0,0)
(0,0,0)
(0,0,0)
(0,0,0)
(0,0,0)
(0,0,0)
(0,0,0)
(0,0,0)
(0,0,0)
(0,0,0)
(0,0,0)
(0,0,0)
(0,0,0)
(0,0,0)
(0,0,0)
(0,0,0)
(0,0,0)
(0,0,0)
(0,0,0)
(0,0,0)
(0,0,0)
(0,0,0)
(0,0,0)
(0,0,0)
(0,0,0)
(0,0,0)
(0,0,0)
(0,0,0)
(0,0,0)
(0,0,0)
(0,0,0)
(0,0,0)
(0,0,0)
(0,0,0)
(0,0,0)
(0,0,0)
(0,0,0)
(0,0,0)
(0,0,0)
(0,0,0)
(0,0,0)
(0,0,0)
(0,0,0)
(0,0,0)
(0,0,0)
(0,0,0)
(0,0,0)
(0,0,0)
(0,0,0)
(0,0,0)
(0,0,0)
(0,0,0)
(0,0,0)
(0,0,0)
(0,0,0)
(0,0,0)
(0,0,0)
(0,0,0)
(0,0,0)
(0,0,0)
(0,0,0)
(0,0,0)
(0,0,0)
(0,0,0)
(0,0,0)
(0,0,0)
(0,0,0)
(0,0,0)
(0,0,0)
(0,0,0)
(0,0,0)
(0,0,0)
(0,0,0)
(0,0,0)
(0,0,0)
(0,0,0)
(0,0,0)
(0,0,0)
(0,0,0)
(0,0,0)
(0,0,0)
(0,0,0)
(0,0,0)
(0,0,0)
(0,0,0)
(0,0,0)
(0,0,0)
(0,0,0)
(0,0,0)
(0,0,0)
(0,0,0)
(0,0,0)
(0,0,0)
(0,0,0)
(0,0,0)
(0,0,0)
(0,0,0)
(0,0,0)
(0,0,0)
(0,0,0)
(0,0,0)
(0,0,0)
(0,0,0)
(0,0,0)
(0,0,0)
(0,0,0)
(0,0,0)
(0,0,0)
(0,0,0)
(0,0,0)
(0,0,0)
(0,0,0)
(0,0,0)
(0,0,0)
(0,0,0)
(0,0,0)
(0,0,0)
(0,0,0)
(0,0,0)
(0,0,0)
(0,0,0)
(0,0,0)
(0,0,0)
(0,0,0)
(0,0,0)
(0,0,0)
(0,0,0)
(0,0,0)
(0,0,0)
(0,0,0)
(0,0,0)
(0,0,0)
(0,0,0)
(0,0,0)
(0,0,0)
(0,0,0)
(0,0,0)
(0,0,0)
(0,0,0)
(0,0,0)
(0,0,0)
(0,0,0)
(0,0,0)
(0,0,0)
(0,0,0)
(0,0,0)
(0,0,0)
(0,0,0)
(0,0,0)
(0,0,0)
(0,0,0)
(0,0,0)
(0,0,0)
(0,0,0)
(0,0,0)
(0,0,0)
(0,0,0)
(0,0,0)
(0,0,0)
(0,0,0)
(0,0,0)
(0,0,0)
(0,0,0)
(0,0,0)
(0,0,0)
(0,0,0)
(0,0,0)
(0,0,0)
(0,0,0)
(0,0,0)
(0,0,0)
(0,0,0)
(0,0,0)
(0,0,0)
(0,0,0)
(0,0,0)
(0,0,0)
(0,0,0)
(0,0,0)
(0,0,0)
(0,0,0)
(0,0,0)
(0,0,0)
(0,0,0)
(0,0,0)
(0,0,0)
(0,0,0)
(0,0,0)
(0,0,0)
(0,0,0)
(0,0,0)
(0,0,0)
(0,0,0)
(0,0,0)
(0,0,0)
(0,0,0)
(0,0,0)
(0,0,0)
(0,0,0)
(0,0,0)
(0,0,0)
(0,0,0)
(0,0,0)
(0,0,0)
(0,0,0)
(0,0,0)
(0,0,0)
(0,0,0)
(0,0,0)
(0,0,0)
(0,0,0)
(0,0,0)
(0,0,0)
(0,0,0)
(0,0,0)
(0,0,0)
(0,0,0)
(0,0,0)
(0,0,0)
(0,0,0)
(0,0,0)
(0,0,0)
(0,0,0)
(0,0,0)
(0,0,0)
(0,0,0)
(0,0,0)
(0,0,0)
(0,0,0)
(0,0,0)
(0,0,0)
(0,0,0)
(0,0,0)
(0,0,0)
(0,0,0)
(0,0,0)
(0,0,0)
(0,0,0)
(0,0,0)
(0,0,0)
(0,0,0)
(0,0,0)
(0,0,0)
(0,0,0)
(0,0,0)
(0,0,0)
(0,0,0)
(0,0,0)
(0,0,0)
(0,0,0)
(0,0,0)
(0,0,0)
(0,0,0)
(0,0,0)
(0,0,0)
(0,0,0)
(0,0,0)
(0,0,0)
(0,0,0)
(0,0,0)
(0,0,0)
(0,0,0)
(0,0,0)
(0,0,0)
(0,0,0)
(0,0,0)
(0,0,0)
(0,0,0)
(0,0,0)
(0,0,0)
(0,0,0)
(0,0,0)
(0,0,0)
(0,0,0)
(0,0,0)
(0,0,0)
(0,0,0)
(0,0,0)
(0,0,0)
(0,0,0)
(0,0,0)
(0,0,0)
(0,0,0)
(0,0,0)
(0,0,0)
(0,0,0)
(0,0,0)
(0,0,0)
(0,0,0)
(0,0,0)
)
;

boundaryField
{
    fuel
    {
        type            fixedValue;
        value           uniform (0.1 0 0);
    }
    air
    {
        type            fixedValue;
        value           uniform (-0.1 0 0);
    }
    outlet
    {
        type            zeroGradient;
    }
    frontAndBack
    {
        type            empty;
    }
}


// ************************************************************************* //
 