/*--------------------------------*- C++ -*----------------------------------*\
| =========                 |                                                 |
| \\      /  F ield         | foam-extend: Open Source CFD                    |
|  \\    /   O peration     | Version:     4.0                                |
|   \\  /    A nd           | Web:         http://www.foam-extend.org         |
|    \\/     M anipulation  |                                                 |
\*---------------------------------------------------------------------------*/
FoamFile
{
    version 2.0;
    format ascii;
    class volVectorField;
    location "484";
    object      H;
}
// * * * * * * * * * * * * * * * * * * * * * * * * * * * * * * * * * * * * * //

dimensions      [0 1 -1 0 0 0 0];

internalField   nonuniform List<vector>
4096
(
(0,0,0)
(0,0,0)
(0,0,0)
(0,0,0)
(0,0,0)
(0,0,0)
(0,0,0)
(0,0,0)
(0,0,0)
(0,0,0)
(0,0,0)
(0,0,0)
(0,0,0)
(0,0,0)
(0,0,0)
(0,0,0)
(0,0,0)
(0,0,0)
(0,0,0)
(0,0,0)
(0,0,0)
(0,0,0)
(0,0,0)
(0,0,0)
(0,0,0)
(0,0,0)
(0,0,0)
(0,0,0)
(0,0,0)
(0,0,0)
(0,0,0)
(0,0,0)
(0,0,0)
(0,0,0)
(0,0,0)
(0,0,0)
(0,0,0)
(0,0,0)
(0,0,0)
(0,0,0)
(0,0,0)
(0,0,0)
(0,0,0)
(0,0,0)
(0,0,0)
(0,0,0)
(0,0,0)
(0,0,0)
(0,0,0)
(0,0,0)
(0,0,0)
(0,0,0)
(0,0,0)
(0,0,0)
(0,0,0)
(0,0,0)
(0,0,0)
(0,0,0)
(0,0,0)
(0,0,0)
(0,0,0)
(0,0,0)
(0,0,0)
(0,0,0)
(0,0,0)
(0,0,0)
(0,0,0)
(0,0,0)
(0,0,0)
(0,0,0)
(0,0,0)
(0,0,0)
(0,0,0)
(0,0,0)
(0,0,0)
(0,0,0)
(0,0,0)
(0,0,0)
(0,0,0)
(0,0,0)
(0,0,0)
(0,0,0)
(0,0,0)
(0,0,0)
(0,0,0)
(0,0,0)
(0,0,0)
(0,0,0)
(0,0,0)
(0,0,0)
(0,0,0)
(0,0,0)
(0,0,0)
(0,0,0)
(0,0,0)
(0,0,0)
(0,0,0)
(0,0,0)
(0,0,0)
(0,0,0)
(0,0,0)
(0,0,0)
(0,0,0)
(0,0,0)
(0,0,0)
(0,0,0)
(0,0,0)
(0,0,0)
(0,0,0)
(0,0,0)
(0,0,0)
(0,0,0)
(0,0,0)
(0,0,0)
(0,0,0)
(0,0,0)
(0,0,0)
(0,0,0)
(0,0,0)
(0,0,0)
(0,0,0)
(0,0,0)
(0,0,0)
(0,0,0)
(0,0,0)
(0,0,0)
(0,0,0)
(0,0,0)
(0,0,0)
(0,0,0)
(0,0,0)
(0,0,0)
(0,0,0)
(0,0,0)
(0,0,0)
(0,0,0)
(0,0,0)
(0,0,0)
(0,0,0)
(0,0,0)
(0,0,0)
(0,0,0)
(0,0,0)
(0,0,0)
(0,0,0)
(0,0,0)
(0,0,0)
(0,0,0)
(0,0,0)
(0,0,0)
(0,0,0)
(0,0,0)
(0,0,0)
(0,0,0)
(0,0,0)
(0,0,0)
(0,0,0)
(0,0,0)
(0,0,0)
(0,0,0)
(0,0,0)
(0,0,0)
(0,0,0)
(0,0,0)
(0,0,0)
(0,0,0)
(0,0,0)
(0,0,0)
(0,0,0)
(0,0,0)
(0,0,0)
(0,0,0)
(0,0,0)
(0,0,0)
(0,0,0)
(0,0,0)
(0,0,0)
(0,0,0)
(0,0,0)
(0,0,0)
(0,0,0)
(0,0,0)
(0,0,0)
(0,0,0)
(0,0,0)
(0,0,0)
(0,0,0)
(0,0,0)
(0,0,0)
(0,0,0)
(0,0,0)
(0,0,0)
(0,0,0)
(0,0,0)
(0,0,0)
(0,0,0)
(0,0,0)
(0,0,0)
(0,0,0)
(0,0,0)
(0,0,0)
(0,0,0)
(0,0,0)
(0,0,0)
(0,0,0)
(0,0,0)
(0,0,0)
(0,0,0)
(0,0,0)
(0,0,0)
(0,0,0)
(0,0,0)
(0,0,0)
(0,0,0)
(0,0,0)
(0,0,0)
(0,0,0)
(0,0,0)
(0,0,0)
(0,0,0)
(0,0,0)
(0,0,0)
(0,0,0)
(0,0,0)
(0,0,0)
(0,0,0)
(0,0,0)
(0,0,0)
(0,0,0)
(0,0,0)
(0,0,0)
(0,0,0)
(0,0,0)
(0,0,0)
(0,0,0)
(0,0,0)
(0,0,0)
(0,0,0)
(0,0,0)
(0,0,0)
(0,0,0)
(0,0,0)
(0,0,0)
(0,0,0)
(0,0,0)
(0,0,0)
(0,0,0)
(0,0,0)
(0,0,0)
(0,0,0)
(0,0,0)
(0,0,0)
(0,0,0)
(0,0,0)
(0,0,0)
(0,0,0)
(0,0,0)
(0,0,0)
(0,0,0)
(0,0,0)
(0,0,0)
(0,0,0)
(0,0,0)
(0,0,0)
(0,0,0)
(0,0,0)
(0,0,0)
(0,0,0)
(0,0,0)
(0,0,0)
(0,0,0)
(0,0,0)
(0,0,0)
(0,0,0)
(0,0,0)
(0,0,0)
(0,0,0)
(0,0,0)
(0,0,0)
(0,0,0)
(0,0,0)
(0,0,0)
(0,0,0)
(0,0,0)
(0,0,0)
(0,0,0)
(0,0,0)
(0,0,0)
(0,0,0)
(0,0,0)
(0,0,0)
(0,0,0)
(0,0,0)
(0,0,0)
(0,0,0)
(0,0,0)
(0,0,0)
(0,0,0)
(0,0,0)
(0,0,0)
(0,0,0)
(0,0,0)
(0,0,0)
(0,0,0)
(0,0,0)
(0,0,0)
(0,0,0)
(0,0,0)
(0,0,0)
(0,0,0)
(0,0,0)
(0,0,0)
(0,0,0)
(0,0,0)
(0,0,0)
(0,0,0)
(0,0,0)
(0,0,0)
(0,0,0)
(0,0,0)
(0,0,0)
(0,0,0)
(0,0,0)
(0,0,0)
(0,0,0)
(0,0,0)
(0,0,0)
(0,0,0)
(0,0,0)
(0,0,0)
(0,0,0)
(0,0,0)
(0,0,0)
(0,0,0)
(0,0,0)
(0,0,0)
(0,0,0)
(0,0,0)
(0,0,0)
(0,0,0)
(0,0,0)
(0,0,0)
(0,0,0)
(0,0,0)
(0,0,0)
(0,0,0)
(0,0,0)
(0,0,0)
(0,0,0)
(0,0,0)
(0,0,0)
(0,0,0)
(0,0,0)
(0,0,0)
(0,0,0)
(0,0,0)
(0,0,0)
(0,0,0)
(0,0,0)
(0,0,0)
(0,0,0)
(0,0,0)
(0,0,0)
(0,0,0)
(0,0,0)
(0,0,0)
(0,0,0)
(0,0,0)
(0,0,0)
(0,0,0)
(0,0,0)
(0,0,0)
(0,0,0)
(0,0,0)
(0,0,0)
(0,0,0)
(0,0,0)
(0,0,0)
(0,0,0)
(0,0,0)
(0,0,0)
(0,0,0)
(0,0,0)
(0,0,0)
(0,0,0)
(0,0,0)
(0,0,0)
(0,0,0)
(0,0,0)
(0,0,0)
(0,0,0)
(0,0,0)
(0,0,0)
(0,0,0)
(0,0,0)
(0,0,0)
(0,0,0)
(0,0,0)
(0,0,0)
(0,0,0)
(0,0,0)
(0,0,0)
(0,0,0)
(0,0,0)
(0,0,0)
(0,0,0)
(0,0,0)
(0,0,0)
(0,0,0)
(0,0,0)
(0,0,0)
(0,0,0)
(0,0,0)
(0,0,0)
(0,0,0)
(0,0,0)
(0,0,0)
(0,0,0)
(0,0,0)
(0,0,0)
(0,0,0)
(0,0,0)
(0,0,0)
(0,0,0)
(0,0,0)
(0,0,0)
(0,0,0)
(0,0,0)
(0,0,0)
(0,0,0)
(0,0,0)
(0,0,0)
(0,0,0)
(0,0,0)
(0,0,0)
(0,0,0)
(0,0,0)
(0,0,0)
(0,0,0)
(0,0,0)
(0,0,0)
(0,0,0)
(0,0,0)
(0,0,0)
(0,0,0)
(0,0,0)
(0,0,0)
(0,0,0)
(0,0,0)
(0,0,0)
(0,0,0)
(0,0,0)
(0,0,0)
(0,0,0)
(0,0,0)
(0,0,0)
(0,0,0)
(0,0,0)
(0,0,0)
(0,0,0)
(0,0,0)
(0,0,0)
(0,0,0)
(0,0,0)
(0,0,0)
(0,0,0)
(0,0,0)
(0,0,0)
(0,0,0)
(0,0,0)
(0,0,0)
(0,0,0)
(0,0,0)
(0,0,0)
(0,0,0)
(0,0,0)
(0,0,0)
(0,0,0)
(0,0,0)
(0,0,0)
(0,0,0)
(0,0,0)
(0,0,0)
(0,0,0)
(0,0,0)
(0,0,0)
(0,0,0)
(0,0,0)
(0,0,0)
(0,0,0)
(0,0,0)
(0,0,0)
(0,0,0)
(0,0,0)
(0,0,0)
(0,0,0)
(0,0,0)
(0,0,0)
(0,0,0)
(0,0,0)
(0,0,0)
(0,0,0)
(0,0,0)
(0,0,0)
(0,0,0)
(0,0,0)
(0,0,0)
(0,0,0)
(0,0,0)
(0,0,0)
(0,0,0)
(0,0,0)
(0,0,0)
(0,0,0)
(0,0,0)
(0,0,0)
(0,0,0)
(0,0,0)
(0,0,0)
(0,0,0)
(0,0,0)
(0,0,0)
(0,0,0)
(0,0,0)
(0,0,0)
(0,0,0)
(0,0,0)
(0,0,0)
(0,0,0)
(0,0,0)
(0,0,0)
(0,0,0)
(0,0,0)
(0,0,0)
(0,0,0)
(0,0,0)
(0,0,0)
(0,0,0)
(0,0,0)
(0,0,0)
(0,0,0)
(0,0,0)
(0,0,0)
(0,0,0)
(0,0,0)
(0,0,0)
(0,0,0)
(0,0,0)
(0,0,0)
(0,0,0)
(0,0,0)
(0,0,0)
(0,0,0)
(0,0,0)
(0,0,0)
(0,0,0)
(0,0,0)
(0,0,0)
(0,0,0)
(0,0,0)
(0,0,0)
(0,0,0)
(0,0,0)
(0,0,0)
(0,0,0)
(0,0,0)
(0,0,0)
(0,0,0)
(0,0,0)
(0,0,0)
(0,0,0)
(0,0,0)
(0,0,0)
(0,0,0)
(0,0,0)
(0,0,0)
(0,0,0)
(0,0,0)
(0,0,0)
(0,0,0)
(0,0,0)
(0,0,0)
(0,0,0)
(0,0,0)
(0,0,0)
(0,0,0)
(0,0,0)
(0,0,0)
(0,0,0)
(0,0,0)
(0,0,0)
(0,0,0)
(0,0,0)
(0,0,0)
(0,0,0)
(0,0,0)
(0,0,0)
(0,0,0)
(0,0,0)
(0,0,0)
(0,0,0)
(0,0,0)
(0,0,0)
(0,0,0)
(0,0,0)
(0,0,0)
(0,0,0)
(0,0,0)
(0,0,0)
(0,0,0)
(0,0,0)
(0,0,0)
(0,0,0)
(0,0,0)
(0,0,0)
(0,0,0)
(0,0,0)
(0,0,0)
(0,0,0)
(0,0,0)
(0,0,0)
(0,0,0)
(0,0,0)
(0,0,0)
(0,0,0)
(0,0,0)
(0,0,0)
(0,0,0)
(0,0,0)
(0,0,0)
(0,0,0)
(0,0,0)
(0,0,0)
(0,0,0)
(0,0,0)
(0,0,0)
(0,0,0)
(0,0,0)
(0,0,0)
(0,0,0)
(0,0,0)
(0,0,0)
(0,0,0)
(0,0,0)
(0,0,0)
(0,0,0)
(0,0,0)
(0,0,0)
(0,0,0)
(0,0,0)
(0,0,0)
(0,0,0)
(0,0,0)
(0,0,0)
(0,0,0)
(0,0,0)
(0,0,0)
(0,0,0)
(0,0,0)
(0,0,0)
(0,0,0)
(0,0,0)
(0,0,0)
(0,0,0)
(0,0,0)
(0,0,0)
(0,0,0)
(0,0,0)
(0,0,0)
(0,0,0)
(0,0,0)
(0,0,0)
(0,0,0)
(0,0,0)
(0,0,0)
(0,0,0)
(0,0,0)
(0,0,0)
(0,0,0)
(0,0,0)
(0,0,0)
(0,0,0)
(0,0,0)
(0,0,0)
(0,0,0)
(0,0,0)
(0,0,0)
(0,0,0)
(0,0,0)
(0,0,0)
(0,0,0)
(0,0,0)
(0,0,0)
(0,0,0)
(0,0,0)
(0,0,0)
(0,0,0)
(0,0,0)
(0,0,0)
(0,0,0)
(0,0,0)
(0,0,0)
(0,0,0)
(0,0,0)
(0,0,0)
(0,0,0)
(0,0,0)
(0,0,0)
(0,0,0)
(0,0,0)
(0,0,0)
(0,0,0)
(0,0,0)
(0,0,0)
(0,0,0)
(0,0,0)
(0,0,0)
(0,0,0)
(0,0,0)
(0,0,0)
(0,0,0)
(0,0,0)
(0,0,0)
(0,0,0)
(0,0,0)
(0,0,0)
(0,0,0)
(0,0,0)
(0,0,0)
(0,0,0)
(0,0,0)
(0,0,0)
(0,0,0)
(0,0,0)
(0,0,0)
(0,0,0)
(0,0,0)
(0,0,0)
(0,0,0)
(0,0,0)
(0,0,0)
(0,0,0)
(0,0,0)
(0,0,0)
(0,0,0)
(0,0,0)
(0,0,0)
(0,0,0)
(0,0,0)
(0,0,0)
(0,0,0)
(0,0,0)
(0,0,0)
(0,0,0)
(0,0,0)
(0,0,0)
(0,0,0)
(0,0,0)
(0,0,0)
(0,0,0)
(0,0,0)
(0,0,0)
(0,0,0)
(0,0,0)
(0,0,0)
(0,0,0)
(0,0,0)
(0,0,0)
(0,0,0)
(0,0,0)
(0,0,0)
(0,0,0)
(0,0,0)
(0,0,0)
(0,0,0)
(0,0,0)
(0,0,0)
(0,0,0)
(0,0,0)
(0,0,0)
(0,0,0)
(0,0,0)
(0,0,0)
(0,0,0)
(0,0,0)
(0,0,0)
(0,0,0)
(0,0,0)
(0,0,0)
(0,0,0)
(0,0,0)
(0,0,0)
(0,0,0)
(0,0,0)
(0,0,0)
(0,0,0)
(0,0,0)
(0,0,0)
(0,0,0)
(0,0,0)
(0,0,0)
(0,0,0)
(0,0,0)
(0,0,0)
(0,0,0)
(0,0,0)
(0,0,0)
(0,0,0)
(0,0,0)
(0,0,0)
(0,0,0)
(0,0,0)
(0,0,0)
(0,0,0)
(0,0,0)
(0,0,0)
(0,0,0)
(0,0,0)
(0,0,0)
(4.2807626380306e-13,3.20533948620978e-12,-5.7588079779805e-12)
(8.58919173967905e-13,7.82317689956532e-12,-5.46195408437034e-12)
(2.56399035081678e-13,1.36443036624419e-11,-4.75214294613732e-12)
(3.01555098046406e-13,1.93524426008504e-11,-3.63048506923572e-12)
(2.19606177260484e-13,2.80932446852704e-11,-2.74653484364984e-12)
(-9.09642056390502e-13,4.21588259126686e-11,-1.53164738096895e-12)
(-2.58083879877687e-12,6.49265614349132e-11,-8.19401707396675e-13)
(-3.83814761635935e-12,1.04542310101409e-10,-8.08725651569185e-13)
(-4.22087177502361e-12,1.70462383284953e-10,-7.12830045388371e-13)
(-4.19832312161937e-12,2.61310548590426e-10,-5.62683261813411e-13)
(0,0,0)
(0,0,0)
(0,0,0)
(0,0,0)
(0,0,0)
(0,0,0)
(4.87447482433512e-13,3.4369818623017e-12,-1.02182409576195e-11)
(1.20781897671616e-12,7.7073215166729e-12,-9.79604571255986e-12)
(3.19709075233953e-13,1.2986644671485e-11,-8.48643670990771e-12)
(1.16678418131118e-13,1.87423476986678e-11,-6.40978920056204e-12)
(-8.55156071501475e-13,2.71750291012286e-11,-4.61911614796386e-12)
(-2.4488444331535e-12,4.16028577805338e-11,-2.92345073115032e-12)
(-4.6835155152081e-12,6.50541890451167e-11,-1.56489858015859e-12)
(-6.61432331366236e-12,1.04763503770201e-10,-1.03446647978693e-12)
(-7.46324937575026e-12,1.7026155319276e-10,-8.74774334710307e-13)
(-8.26872727275685e-12,2.60687762543508e-10,-5.96038380032756e-13)
(0,0,0)
(0,0,0)
(0,0,0)
(0,0,0)
(0,0,0)
(0,0,0)
(1.06986110582031e-12,3.31292019881251e-12,-1.49986957736837e-11)
(2.09571357118162e-12,6.96622809435048e-12,-1.41917011183114e-11)
(1.49815587210662e-12,1.14498795192376e-11,-1.23004203733165e-11)
(1.1586916827018e-12,1.71254781279651e-11,-9.72970868793126e-12)
(-7.59465894083818e-13,2.53352981382066e-11,-7.11167828067533e-12)
(-3.01292997760643e-12,3.99641230519509e-11,-4.9343456914451e-12)
(-5.45662797871717e-12,6.43418996210728e-11,-2.90878651609053e-12)
(-7.31493444384324e-12,1.04785035183197e-10,-1.68128781403825e-12)
(-8.66470996030156e-12,1.69913993111787e-10,-1.15723673094471e-12)
(-9.63556908709271e-12,2.59813992176564e-10,-6.19550907530287e-13)
(0,0,0)
(0,0,0)
(0,0,0)
(0,0,0)
(0,0,0)
(0,0,0)
(2.36050353086309e-12,2.79266202235786e-12,-2.15576786813236e-11)
(2.82168310716174e-12,5.87174768455663e-12,-2.03891121487089e-11)
(2.47835462839892e-12,9.68141747061644e-12,-1.83354712658464e-11)
(2.53993242354704e-12,1.47751666147388e-11,-1.57807536428659e-11)
(2.93020867840209e-13,2.28872337160725e-11,-1.26945652038586e-11)
(-2.10273204210826e-12,3.74326825453777e-11,-9.70863392960635e-12)
(-4.13701114881273e-12,6.27069096060578e-11,-7.0212913444615e-12)
(-6.12284302585246e-12,1.04334585809548e-10,-4.82624478763472e-12)
(-8.05819613869559e-12,1.69347059226206e-10,-3.24549347466767e-12)
(-9.07650628891277e-12,2.58989536903273e-10,-1.68577848979507e-12)
(0,0,0)
(0,0,0)
(0,0,0)
(0,0,0)
(0,0,0)
(0,0,0)
(2.48365938005018e-12,2.20039136660139e-12,-3.06938705304921e-11)
(2.12415961648976e-12,4.88096192109752e-12,-2.96644722233847e-11)
(1.31177349435147e-12,8.1338196486789e-12,-2.78431117196324e-11)
(2.31759646604995e-12,1.2287448310047e-11,-2.5358977908784e-11)
(1.61374923720166e-12,1.99008867441985e-11,-2.22461890630663e-11)
(2.99323170518144e-13,3.4258689793301e-11,-1.91039149507198e-11)
(-1.89031312598806e-12,6.03254767339038e-11,-1.61892751185418e-11)
(-4.35538459065378e-12,1.03247356100525e-10,-1.26514720512797e-11)
(-6.25661840556307e-12,1.68273460594649e-10,-8.65143090346033e-12)
(-7.59622022924173e-12,2.57587699883577e-10,-4.44173408081532e-12)
(0,0,0)
(0,0,0)
(0,0,0)
(0,0,0)
(0,0,0)
(0,0,0)
(3.06432359638936e-12,1.7115000956718e-12,-4.44543382081914e-11)
(2.47276362562139e-12,3.67500626105946e-12,-4.32514977768665e-11)
(1.93710413091347e-12,6.10248990895113e-12,-4.15459557475273e-11)
(3.57389623359831e-12,9.68324740312416e-12,-3.95075761886112e-11)
(3.33686709375874e-12,1.70565579512585e-11,-3.67935362940063e-11)
(2.49898186058851e-12,3.11028467676576e-11,-3.38087392863663e-11)
(7.46121258260845e-13,5.76531116391762e-11,-3.05539745260732e-11)
(-1.35389347339559e-12,1.00291856432437e-10,-2.58654205645387e-11)
(-2.72620710864219e-12,1.64904467286094e-10,-1.86400356291867e-11)
(-4.1428447852378e-12,2.53617345743038e-10,-9.63650812760666e-12)
(0,0,0)
(0,0,0)
(0,0,0)
(0,0,0)
(0,0,0)
(0,0,0)
(2.79381648064854e-12,1.06319577633582e-12,-6.62860441186185e-11)
(3.55674868156915e-12,2.23488404030082e-12,-6.51725278339841e-11)
(4.50342595556673e-12,4.05387119199932e-12,-6.38660461770069e-11)
(6.319845756187e-12,7.12346088257213e-12,-6.22912818698197e-11)
(6.3931431765904e-12,1.40611257762666e-11,-6.03447476217981e-11)
(5.94151654275692e-12,2.72934260756295e-11,-5.74355453628706e-11)
(5.73920968028492e-12,5.30202014384207e-11,-5.31027471909822e-11)
(4.82045863262849e-12,9.36490948062739e-11,-4.6454912081819e-11)
(3.99351412817872e-12,1.56508163003876e-10,-3.47545047759291e-11)
(2.36036338596977e-12,2.44228694056365e-10,-1.85939579491054e-11)
(0,0,0)
(0,0,0)
(0,0,0)
(0,0,0)
(0,0,0)
(0,0,0)
(3.02645446949367e-12,2.13707771282e-13,-1.035204882601e-10)
(5.42023100405513e-12,8.76143545475881e-13,-1.03270693200116e-10)
(7.66109921090777e-12,2.51451741238706e-12,-1.02611488467256e-10)
(9.13116611198334e-12,5.45297114800226e-12,-1.01452995679074e-10)
(1.01757440594411e-11,1.16808601424133e-11,-9.99268131253477e-11)
(1.0495356008319e-11,2.35116549969888e-11,-9.65861321339688e-11)
(1.06835981762808e-11,4.59305057621192e-11,-9.08007461936232e-11)
(9.95726606592872e-12,8.19686652467918e-11,-8.02222141577064e-11)
(9.78608961775018e-12,1.40617942990298e-10,-6.21651326371138e-11)
(9.01707376241445e-12,2.25374940400667e-10,-3.50874663320394e-11)
(0,0,0)
(0,0,0)
(0,0,0)
(0,0,0)
(0,0,0)
(0,0,0)
(3.11160033312064e-12,7.6183441459055e-14,-1.66901958746747e-10)
(6.47069473583933e-12,3.2703972358298e-13,-1.6723012103671e-10)
(9.31477217073213e-12,1.65749288865394e-12,-1.67137829022171e-10)
(1.02359172021288e-11,4.09167002449066e-12,-1.66101597556412e-10)
(1.16548747168779e-11,8.68206480753497e-12,-1.64276676851973e-10)
(1.27619861711801e-11,1.74631619726193e-11,-1.60377612405465e-10)
(1.33975085593614e-11,3.39747710298335e-11,-1.52815983151446e-10)
(1.38768067033052e-11,6.27308326096568e-11,-1.38358953334124e-10)
(1.46477445500839e-11,1.13007177121675e-10,-1.1210641009418e-10)
(1.47352272691991e-11,1.8988854455318e-10,-6.75580747716878e-11)
(0,0,0)
(0,0,0)
(0,0,0)
(0,0,0)
(0,0,0)
(0,0,0)
(3.30802737329821e-12,6.25292227416092e-14,-2.56435237905493e-10)
(7.22329506136368e-12,1.8205364729223e-14,-2.56869266710695e-10)
(1.10205690144156e-11,6.87828686619855e-13,-2.5723082345682e-10)
(1.20838727505324e-11,2.04642632368968e-12,-2.56227789488711e-10)
(1.30882388163952e-11,4.50835545539769e-12,-2.53941226293837e-10)
(1.43824594961048e-11,9.10507653123128e-12,-2.49525882438347e-10)
(1.48718543003736e-11,1.8033583828943e-11,-2.40848610511217e-10)
(1.59771943371338e-11,3.5159139077474e-11,-2.23607166498866e-10)
(1.78818212363459e-11,6.75164535563637e-11,-1.89135739142091e-10)
(1.82000311101107e-11,1.2204559674402e-10,-1.22114955079927e-10)
(0,0,0)
(0,0,0)
(0,0,0)
(0,0,0)
(0,0,0)
(0,0,0)
(0,0,0)
(0,0,0)
(0,0,0)
(0,0,0)
(0,0,0)
(0,0,0)
(0,0,0)
(0,0,0)
(0,0,0)
(0,0,0)
(0,0,0)
(0,0,0)
(0,0,0)
(0,0,0)
(0,0,0)
(0,0,0)
(0,0,0)
(0,0,0)
(0,0,0)
(0,0,0)
(0,0,0)
(0,0,0)
(0,0,0)
(0,0,0)
(0,0,0)
(0,0,0)
(0,0,0)
(0,0,0)
(0,0,0)
(0,0,0)
(0,0,0)
(0,0,0)
(0,0,0)
(0,0,0)
(0,0,0)
(0,0,0)
(0,0,0)
(0,0,0)
(0,0,0)
(0,0,0)
(0,0,0)
(0,0,0)
(0,0,0)
(0,0,0)
(0,0,0)
(0,0,0)
(0,0,0)
(0,0,0)
(0,0,0)
(0,0,0)
(0,0,0)
(0,0,0)
(0,0,0)
(0,0,0)
(0,0,0)
(0,0,0)
(0,0,0)
(0,0,0)
(0,0,0)
(0,0,0)
(0,0,0)
(0,0,0)
(0,0,0)
(0,0,0)
(0,0,0)
(0,0,0)
(0,0,0)
(0,0,0)
(0,0,0)
(0,0,0)
(0,0,0)
(0,0,0)
(0,0,0)
(0,0,0)
(0,0,0)
(0,0,0)
(0,0,0)
(0,0,0)
(0,0,0)
(0,0,0)
(0,0,0)
(0,0,0)
(0,0,0)
(0,0,0)
(0,0,0)
(0,0,0)
(0,0,0)
(0,0,0)
(0,0,0)
(0,0,0)
(0,0,0)
(0,0,0)
(0,0,0)
(0,0,0)
(0,0,0)
(0,0,0)
(-1.00420005898025e-13,6.70190330904772e-12,-8.73738890311686e-12)
(2.64963418628308e-13,1.54200822257708e-11,-8.00608874385274e-12)
(-2.07599850874263e-13,2.51632336971997e-11,-6.76742969705249e-12)
(2.76997746368159e-14,3.53497702186083e-11,-5.19695837191571e-12)
(-7.70657014180434e-14,5.04627384651889e-11,-3.65096829338951e-12)
(-1.065919597756e-12,7.46709492579446e-11,-1.94857489698059e-12)
(-2.71914246474549e-12,1.14437519627345e-10,-9.84118114001662e-13)
(-4.15523689154505e-12,1.83644457296339e-10,-6.18508810658906e-13)
(-4.17018846646917e-12,3.14262854547681e-10,-4.39998714846913e-13)
(-4.1382203367411e-12,6.11062200491526e-10,-3.25539953488227e-13)
(0,0,0)
(0,0,0)
(0,0,0)
(0,0,0)
(0,0,0)
(0,0,0)
(1.89313900861715e-13,6.40232522576174e-12,-1.76933269503616e-11)
(6.3930339638857e-13,1.46309545674252e-11,-1.64929221768629e-11)
(-2.20173281854352e-13,2.36588999469051e-11,-1.40982686639911e-11)
(-5.71250637625993e-14,3.37818024623629e-11,-1.09001376863637e-11)
(-7.11090525287912e-13,4.87792325628839e-11,-7.39402494873166e-12)
(-2.16866185558243e-12,7.37174356795802e-11,-4.16216771059527e-12)
(-4.50165819157281e-12,1.14266993546578e-10,-1.54590779211695e-12)
(-6.79554687158879e-12,1.83570734463443e-10,-4.55990656162613e-13)
(-7.394425249214e-12,3.13688228541859e-10,-3.15995855313336e-13)
(-7.99099528562831e-12,6.10139485221662e-10,-2.73428687632326e-13)
(0,0,0)
(0,0,0)
(0,0,0)
(0,0,0)
(0,0,0)
(0,0,0)
(7.83124626903077e-13,5.58285579617536e-12,-2.77383238563459e-11)
(1.29891323597895e-12,1.27989187010768e-11,-2.61022286214419e-11)
(6.95906235343893e-13,2.06849952385149e-11,-2.29127913530834e-11)
(8.90972788678061e-13,3.03463410724915e-11,-1.86902270097009e-11)
(-4.88734061190365e-13,4.52610390981728e-11,-1.35934364452173e-11)
(-2.5070486464287e-12,7.07932919564723e-11,-8.61633720859413e-12)
(-5.04913666577269e-12,1.13094920401309e-10,-3.66055299912522e-12)
(-7.38853615326868e-12,1.83703451477732e-10,-1.38973003229548e-12)
(-8.63546189813326e-12,3.1340541845691e-10,-9.68447027672125e-13)
(-9.43066472157127e-12,6.0940304240151e-10,-6.66012964638418e-13)
(0,0,0)
(0,0,0)
(0,0,0)
(0,0,0)
(0,0,0)
(0,0,0)
(1.7842076540044e-12,4.54884132244566e-12,-3.97230129630521e-11)
(1.75882798775913e-12,1.06370958473698e-11,-3.76840132531682e-11)
(1.47123482735597e-12,1.72110981039981e-11,-3.40904222471816e-11)
(1.9414622892334e-12,2.56872113096247e-11,-2.96556446018586e-11)
(2.93436565459361e-13,3.98981080804332e-11,-2.39798901630344e-11)
(-1.616081875179e-12,6.48928768526949e-11,-1.77090241978757e-11)
(-3.95062483349764e-12,1.09832852165158e-10,-1.12324356907694e-11)
(-6.61636462979524e-12,1.83913056946528e-10,-7.36834549532572e-12)
(-8.54431249179243e-12,3.13572639986843e-10,-4.96481337547047e-12)
(-9.36044775882099e-12,6.08957006192974e-10,-2.81338673696966e-12)
(0,0,0)
(0,0,0)
(0,0,0)
(0,0,0)
(0,0,0)
(0,0,0)
(1.94315234387246e-12,3.55166414263438e-12,-5.51310242419983e-11)
(1.50875477277714e-12,8.2268376978461e-12,-5.31643155579175e-11)
(8.58969423226854e-13,1.35247015927686e-11,-4.99033464541086e-11)
(1.80900852725753e-12,2.04429015760669e-11,-4.60262789295098e-11)
(1.31580391779668e-12,3.30469898941086e-11,-4.10905641937444e-11)
(5.40526363966467e-13,5.66502070510902e-11,-3.58916289069857e-11)
(-2.75575109850404e-12,1.03867197140735e-10,-3.14232797817479e-11)
(-5.39992607029633e-12,1.82931385535683e-10,-2.33442696748831e-11)
(-7.09732191969004e-12,3.12495149817667e-10,-1.52690470519247e-11)
(-8.06760016966675e-12,6.06772282361713e-10,-7.75900744348897e-12)
(0,0,0)
(0,0,0)
(0,0,0)
(0,0,0)
(0,0,0)
(0,0,0)
(2.50978748439979e-12,2.5549193192317e-12,-7.87314597896167e-11)
(2.20734381704004e-12,5.66279281580895e-12,-7.68654336289888e-11)
(1.94734328894892e-12,9.56458340252286e-12,-7.41841816846375e-11)
(3.41964285954396e-12,1.54183878793939e-11,-7.12134302663058e-11)
(3.3475022611159e-12,2.68743962319667e-11,-6.69822139952938e-11)
(3.05363779231375e-12,4.96390564665935e-11,-6.22115281261761e-11)
(6.90477497503822e-13,1.00090040239907e-10,-5.69293017664189e-11)
(-1.93651678252677e-12,1.78281344094954e-10,-4.73644472368072e-11)
(-3.33343032810998e-12,3.06665398997303e-10,-3.33908882881673e-11)
(-4.39070122594786e-12,5.99721880304404e-10,-1.72416667040568e-11)
(0,0,0)
(0,0,0)
(0,0,0)
(0,0,0)
(0,0,0)
(0,0,0)
(2.52978820106851e-12,1.59131669828834e-12,-1.16911953754006e-10)
(3.60900751941624e-12,3.50651847262381e-12,-1.15423685110413e-10)
(4.46801542799122e-12,6.29713522640703e-12,-1.13445376365445e-10)
(6.04380124273475e-12,1.09400695516706e-11,-1.10880479764387e-10)
(5.86420655151323e-12,2.10602646485188e-11,-1.07759824822488e-10)
(5.39048944950391e-12,4.18135453457373e-11,-1.03518932567578e-10)
(6.18107024740859e-12,9.19835586062372e-11,-9.45901050343979e-11)
(4.80048088619908e-12,1.66606692923028e-10,-8.37389066190676e-11)
(3.72318731481414e-12,2.91937163125969e-10,-6.1942091389835e-11)
(2.62015909277529e-12,5.8343981117799e-10,-3.32588185259276e-11)
(0,0,0)
(0,0,0)
(0,0,0)
(0,0,0)
(0,0,0)
(0,0,0)
(2.91418373933283e-12,5.09162983722528e-13,-1.82380272414034e-10)
(5.31013009308886e-12,1.77763368321348e-12,-1.81886553888529e-10)
(7.35963094646056e-12,4.0186638473321e-12,-1.80676256343595e-10)
(8.96628468176883e-12,8.29554491269441e-12,-1.78582500280156e-10)
(9.83385840294034e-12,1.79796356673105e-11,-1.76044736786705e-10)
(1.07584630923509e-11,3.76383520710261e-11,-1.71526741427763e-10)
(1.20608008726529e-11,8.02808556519475e-11,-1.61929460343347e-10)
(1.11380171824117e-11,1.4458441435648e-10,-1.42537061049655e-10)
(1.03191891813097e-11,2.63196441566469e-10,-1.09871583164749e-10)
(9.41600327775787e-12,5.50205547873058e-10,-6.2579226017895e-11)
(0,0,0)
(0,0,0)
(0,0,0)
(0,0,0)
(0,0,0)
(0,0,0)
(3.45341684180071e-12,5.80731606039661e-15,-3.09282288018133e-10)
(6.68723708015406e-12,6.49006241729766e-13,-3.09462407760863e-10)
(9.248204907008e-12,2.4906419699552e-12,-3.08912868907656e-10)
(1.04562401984914e-11,6.15216033265101e-12,-3.07216837987558e-10)
(1.19295196225078e-11,1.39721381301462e-11,-3.04435542335503e-10)
(1.35584423585485e-11,2.89043699051041e-11,-2.98477307987641e-10)
(1.48816659429234e-11,5.93389979819163e-11,-2.8563700545271e-10)
(1.51959569955558e-11,1.10523960292412e-10,-2.59539981519783e-10)
(1.55901327928402e-11,2.14967318254521e-10,-2.13168698984262e-10)
(1.50201003067201e-11,4.87500218630105e-10,-1.33485678612425e-10)
(0,0,0)
(0,0,0)
(0,0,0)
(0,0,0)
(0,0,0)
(0,0,0)
(3.8045854012418e-12,-2.63930594884802e-13,-6.03823162592815e-10)
(7.60305717221763e-12,-8.2041783210567e-14,-6.04730297790828e-10)
(1.07053637329266e-11,1.11807232979709e-12,-6.04941732098265e-10)
(1.18437358793492e-11,3.26487858154301e-12,-6.03259497548387e-10)
(1.31812504163029e-11,7.67697833093159e-12,-5.9991647861795e-10)
(1.48102641002021e-11,1.55893440858228e-11,-5.92826818277226e-10)
(1.56639941169659e-11,3.19254368803725e-11,-5.77812120146181e-10)
(1.66649060578293e-11,6.26405744673864e-11,-5.47016588473389e-10)
(1.83774907305477e-11,1.33830657730209e-10,-4.8592664284482e-10)
(1.81306727742274e-11,3.53585047568734e-10,-3.53374194558503e-10)
(0,0,0)
(0,0,0)
(0,0,0)
(0,0,0)
(0,0,0)
(0,0,0)
(0,0,0)
(0,0,0)
(0,0,0)
(0,0,0)
(0,0,0)
(0,0,0)
(0,0,0)
(0,0,0)
(0,0,0)
(0,0,0)
(0,0,0)
(0,0,0)
(0,0,0)
(0,0,0)
(0,0,0)
(0,0,0)
(0,0,0)
(0,0,0)
(0,0,0)
(0,0,0)
(0,0,0)
(0,0,0)
(0,0,0)
(0,0,0)
(0,0,0)
(0,0,0)
(0,0,0)
(0,0,0)
(0,0,0)
(0,0,0)
(0,0,0)
(0,0,0)
(0,0,0)
(0,0,0)
(0,0,0)
(0,0,0)
(0,0,0)
(0,0,0)
(0,0,0)
(0,0,0)
(0,0,0)
(0,0,0)
(0,0,0)
(0,0,0)
(0,0,0)
(0,0,0)
(0,0,0)
(0,0,0)
(0,0,0)
(0,0,0)
(0,0,0)
(0,0,0)
(0,0,0)
(0,0,0)
(0,0,0)
(0,0,0)
(0,0,0)
(0,0,0)
(0,0,0)
(0,0,0)
(0,0,0)
(0,0,0)
(0,0,0)
(0,0,0)
(0,0,0)
(0,0,0)
(0,0,0)
(0,0,0)
(0,0,0)
(0,0,0)
(0,0,0)
(0,0,0)
(0,0,0)
(0,0,0)
(0,0,0)
(0,0,0)
(0,0,0)
(0,0,0)
(0,0,0)
(0,0,0)
(0,0,0)
(0,0,0)
(0,0,0)
(0,0,0)
(0,0,0)
(0,0,0)
(0,0,0)
(0,0,0)
(0,0,0)
(0,0,0)
(0,0,0)
(0,0,0)
(0,0,0)
(0,0,0)
(0,0,0)
(0,0,0)
(-5.3214208228027e-13,8.571002489465e-12,-1.01470430620617e-11)
(-1.84567969680905e-13,1.96320551431306e-11,-9.55591779435625e-12)
(-2.73737426156088e-13,3.18492230321251e-11,-8.21450236459573e-12)
(4.96774530493129e-14,4.56137283180548e-11,-6.51379885667901e-12)
(-9.59531958382427e-14,6.48355376489265e-11,-4.19070524919427e-12)
(-1.07686280214082e-12,9.38894849820707e-11,-1.38786859688087e-12)
(-2.91422568758808e-12,1.37226402499441e-10,6.91322606264144e-13)
(-4.26002415448628e-12,2.00967400679088e-10,1.22629417825179e-12)
(-3.71002122222582e-12,2.90453981438669e-10,6.39778842730934e-13)
(-3.54104502021634e-12,3.98591196231714e-10,1.92495114280224e-13)
(0,0,0)
(0,0,0)
(0,0,0)
(0,0,0)
(0,0,0)
(0,0,0)
(-1.91621443328449e-13,8.24910930318735e-12,-2.10481684834599e-11)
(7.66857502229826e-14,1.86981534216261e-11,-1.99718420134807e-11)
(-4.4439955148922e-13,3.01388538879926e-11,-1.72967071111201e-11)
(-1.27776411256708e-13,4.33113202524664e-11,-1.34747168959172e-11)
(-4.24754298665441e-13,6.18840086535373e-11,-8.15513235368328e-12)
(-1.86077805093045e-12,9.14570518250897e-11,-2.13961029959202e-12)
(-4.4195021825762e-12,1.36488505916327e-10,3.1348991510507e-12)
(-7.06825868610769e-12,2.01332060122382e-10,4.04183734133514e-12)
(-7.15418233239567e-12,2.90807710809452e-10,2.27108587665e-12)
(-7.52798115294341e-12,3.98575062927747e-10,6.78483291441664e-13)
(0,0,0)
(0,0,0)
(0,0,0)
(0,0,0)
(0,0,0)
(0,0,0)
(1.81043865598715e-13,7.42233219494535e-12,-3.43521214547363e-11)
(2.71298821384345e-13,1.64814795584556e-11,-3.27798381779357e-11)
(-5.27609733183911e-14,2.63806303784446e-11,-2.91518476670598e-11)
(4.53311987102338e-13,3.81927609021116e-11,-2.35899359940741e-11)
(-1.02902280137274e-13,5.58963998917284e-11,-1.57445686103273e-11)
(-1.56241775234948e-12,8.60478906179384e-11,-6.08826794310096e-12)
(-4.05789139602095e-12,1.35517833692398e-10,4.26364951411967e-12)
(-8.01942462680548e-12,2.03592919634599e-10,5.40483110157007e-12)
(-9.10511749096713e-12,2.92863577693853e-10,2.59018707456121e-12)
(-9.65064147781036e-12,3.99536056436252e-10,4.99752203415032e-13)
(0,0,0)
(0,0,0)
(0,0,0)
(0,0,0)
(0,0,0)
(0,0,0)
(7.42385123831269e-13,6.02530033520853e-12,-4.97434020979035e-11)
(5.75495131153044e-13,1.32575270596096e-11,-4.79708854338362e-11)
(7.22853693315542e-13,2.11616914363531e-11,-4.38198773481761e-11)
(1.51001758377205e-12,3.09023120790857e-11,-3.76553998507183e-11)
(8.73688787010427e-13,4.64051502395608e-11,-2.89304940500242e-11)
(1.49999419508793e-13,7.5073874945768e-11,-1.69001167946172e-11)
(-1.84906000498502e-12,1.3230450793116e-10,-1.3803948143909e-12)
(-8.03822533892489e-12,2.0800326542356e-10,-6.23933831571845e-13)
(-9.61824896097502e-12,2.96138998762214e-10,-2.20989163230386e-12)
(-9.98911066440287e-12,4.00701417419281e-10,-2.11349190657041e-12)
(0,0,0)
(0,0,0)
(0,0,0)
(0,0,0)
(0,0,0)
(0,0,0)
(9.73188483261193e-13,4.35272890078064e-12,-6.93374106553237e-11)
(8.11830550720245e-13,9.514950594276e-12,-6.7445783913982e-11)
(9.42020089359128e-13,1.55285773625771e-11,-6.35198035423698e-11)
(1.89780748753018e-12,2.25725274050504e-11,-5.82108721234461e-11)
(2.28946229396409e-12,3.37181485594626e-11,-5.12103389707961e-11)
(3.08332782285956e-12,5.6109920991815e-11,-4.37446750077563e-11)
(-7.05760430464514e-12,1.15742535318855e-10,-4.61544608101253e-11)
(-8.82510725277541e-12,2.13035139789217e-10,-2.80636009972383e-11)
(-8.77761070733739e-12,2.98151838464239e-10,-1.77931527238541e-11)
(-8.77620555588433e-12,3.99419039990607e-10,-9.11021768035444e-12)
(0,0,0)
(0,0,0)
(0,0,0)
(0,0,0)
(0,0,0)
(0,0,0)
(1.60736394480136e-12,2.28468052159733e-12,-9.68250546377972e-11)
(1.68236621609655e-12,5.63330328405575e-12,-9.52637021025354e-11)
(2.24404004659921e-12,9.95121684744735e-12,-9.23433087808156e-11)
(3.66674491616204e-12,1.4606181412708e-11,-8.86440991186255e-11)
(4.39094797542248e-12,2.25778262824791e-11,-8.36009186122628e-11)
(5.59692255321825e-12,4.35187744618381e-11,-7.79744729477258e-11)
(-7.67895398073181e-13,1.20896907166153e-10,-7.65223412007886e-11)
(-4.23542455957751e-12,2.10626827656304e-10,-6.09126848144821e-11)
(-4.75441604056453e-12,2.91928306130954e-10,-4.16554501387374e-11)
(-5.35029880407877e-12,3.90932187931372e-10,-2.11179811036357e-11)
(0,0,0)
(0,0,0)
(0,0,0)
(0,0,0)
(0,0,0)
(0,0,0)
(2.12367327250912e-12,7.68583949916155e-13,-1.38027934586745e-10)
(3.35958356368379e-12,2.81288269210839e-12,-1.36668071357886e-10)
(4.18159020556077e-12,5.75325915624348e-12,-1.34708415455537e-10)
(5.56767094055464e-12,8.04974518293904e-12,-1.32354380519208e-10)
(4.70394327793134e-12,1.24073201443449e-11,-1.31044458872407e-10)
(6.36855190276561e-13,2.51490503324443e-11,-1.31141506933296e-10)
(7.03257478672398e-12,1.11569852132616e-10,-1.10069689894628e-10)
(5.02594422300362e-12,1.9762631308299e-10,-1.08685381464515e-10)
(3.78063601107423e-12,2.73516690549075e-10,-7.579402775019e-11)
(2.59560387167586e-12,3.70365978770987e-10,-3.88487987422541e-11)
(0,0,0)
(0,0,0)
(0,0,0)
(0,0,0)
(0,0,0)
(0,0,0)
(2.92382088155343e-12,-2.32025668595961e-13,-1.97634563122272e-10)
(5.22845998941102e-12,1.2636319967774e-12,-1.97057468966864e-10)
(6.79389676039266e-12,3.55910316472129e-12,-1.96054728998396e-10)
(8.57190576880133e-12,6.1969045338406e-12,-1.94607054679071e-10)
(9.32336058057466e-12,1.35716115227244e-11,-1.93975798149403e-10)
(9.8951641739298e-12,3.48807932593506e-11,-1.93757421371402e-10)
(1.36102592494318e-11,1.0212890916513e-10,-1.87002020042688e-10)
(1.25329933611775e-11,1.63175918717327e-10,-1.60159983116184e-10)
(1.12559553462035e-11,2.3614186435002e-10,-1.1680823900943e-10)
(9.54210650316934e-12,3.31022897270006e-10,-6.27178027767422e-11)
(0,0,0)
(0,0,0)
(0,0,0)
(0,0,0)
(0,0,0)
(0,0,0)
(3.90327449519427e-12,-3.58562689296318e-13,-2.8404002203379e-10)
(6.86874625208067e-12,5.73813394685979e-13,-2.83802567717548e-10)
(8.92474362674185e-12,2.40080619291515e-12,-2.83190659957833e-10)
(1.0562226297962e-11,5.3815230095357e-12,-2.81994554875403e-10)
(1.22664450738848e-11,1.32227634952142e-11,-2.80218915258177e-10)
(1.40331656432278e-11,3.1056382816476e-11,-2.75774583434498e-10)
(1.61982031111417e-11,7.09386610472783e-11,-2.63168205825563e-10)
(1.67080602851731e-11,1.17465560940815e-10,-2.31272741977851e-10)
(1.70437729451237e-11,1.80853848420076e-10,-1.78824395415274e-10)
(1.54495927556159e-11,2.67461273929278e-10,-1.02533692033136e-10)
(0,0,0)
(0,0,0)
(0,0,0)
(0,0,0)
(0,0,0)
(0,0,0)
(4.44779000403068e-12,-2.8484845849432e-13,-3.9039544522584e-10)
(7.73244969617675e-12,2.66859395419007e-13,-3.9076130389441e-10)
(1.014120151308e-11,1.48238890289439e-12,-3.90354804377771e-10)
(1.17655955300416e-11,3.44128544800901e-12,-3.88648279882514e-10)
(1.37685684067895e-11,8.32062386947663e-12,-3.85534618535475e-10)
(1.53849100547849e-11,1.76242151075581e-11,-3.77796799136916e-10)
(1.6793899325089e-11,3.67293574004538e-11,-3.61322155384035e-10)
(1.82155348959134e-11,6.32123984644848e-11,-3.26428971410958e-10)
(1.9655700174822e-11,1.03430288419618e-10,-2.6510761958506e-10)
(1.83415257844567e-11,1.64367780418262e-10,-1.63070022741922e-10)
(0,0,0)
(0,0,0)
(0,0,0)
(0,0,0)
(0,0,0)
(0,0,0)
(0,0,0)
(0,0,0)
(0,0,0)
(0,0,0)
(0,0,0)
(0,0,0)
(0,0,0)
(0,0,0)
(0,0,0)
(0,0,0)
(0,0,0)
(0,0,0)
(0,0,0)
(0,0,0)
(0,0,0)
(0,0,0)
(0,0,0)
(0,0,0)
(0,0,0)
(0,0,0)
(0,0,0)
(0,0,0)
(0,0,0)
(0,0,0)
(0,0,0)
(0,0,0)
(0,0,0)
(0,0,0)
(0,0,0)
(0,0,0)
(0,0,0)
(0,0,0)
(0,0,0)
(0,0,0)
(0,0,0)
(0,0,0)
(0,0,0)
(0,0,0)
(0,0,0)
(0,0,0)
(0,0,0)
(0,0,0)
(0,0,0)
(0,0,0)
(0,0,0)
(0,0,0)
(0,0,0)
(0,0,0)
(0,0,0)
(0,0,0)
(0,0,0)
(0,0,0)
(0,0,0)
(0,0,0)
(0,0,0)
(0,0,0)
(0,0,0)
(0,0,0)
(0,0,0)
(0,0,0)
(0,0,0)
(0,0,0)
(0,0,0)
(0,0,0)
(0,0,0)
(0,0,0)
(0,0,0)
(0,0,0)
(0,0,0)
(0,0,0)
(0,0,0)
(0,0,0)
(0,0,0)
(0,0,0)
(0,0,0)
(0,0,0)
(0,0,0)
(0,0,0)
(0,0,0)
(0,0,0)
(0,0,0)
(0,0,0)
(0,0,0)
(0,0,0)
(0,0,0)
(0,0,0)
(0,0,0)
(0,0,0)
(0,0,0)
(0,0,0)
(0,0,0)
(0,0,0)
(0,0,0)
(0,0,0)
(0,0,0)
(0,0,0)
(-8.01374163714582e-13,9.67260251761592e-12,-1.20783811778815e-11)
(-5.92081677939502e-13,2.16970830668794e-11,-1.11139416230687e-11)
(-2.64071789933182e-13,3.5619774565789e-11,-9.11074356158722e-12)
(2.89919111449075e-14,5.15902276551321e-11,-6.41582150887231e-12)
(5.27391472546937e-14,7.21281824006539e-11,-2.97908997629187e-12)
(-7.23620848329101e-13,1.01217680463173e-10,1.16851808383112e-12)
(-2.71130067644267e-12,1.41847872103489e-10,4.65447711130775e-12)
(-4.03816826225578e-12,1.9229167084948e-10,4.59624842516501e-12)
(-3.61646686459938e-12,2.48625637612952e-10,2.75591478270179e-12)
(-3.33241660196938e-12,2.96226393015371e-10,1.30249603772101e-12)
(0,0,0)
(0,0,0)
(0,0,0)
(0,0,0)
(0,0,0)
(0,0,0)
(-4.41170805074208e-13,8.916494073884e-12,-2.46861375366636e-11)
(-3.81775288951051e-13,2.01798910540747e-11,-2.33179840055507e-11)
(-5.08166257154718e-13,3.32185819423766e-11,-1.98947216572294e-11)
(-3.28801603117387e-13,4.84194832326726e-11,-1.49395215108627e-11)
(-4.52667590957335e-13,6.82941393803131e-11,-7.66580732578988e-12)
(-1.72612629443053e-12,9.79175528929531e-11,2.18618393257714e-12)
(-4.35576814891832e-12,1.41823895480562e-10,1.23151050459103e-11)
(-7.55836673363014e-12,1.94172742602598e-10,1.17715393511596e-11)
(-7.61744663159843e-12,2.49950733573551e-10,6.80717209998339e-12)
(-7.81049136987935e-12,2.9693465527694e-10,2.71108610935675e-12)
(0,0,0)
(0,0,0)
(0,0,0)
(0,0,0)
(0,0,0)
(0,0,0)
(5.79244852615834e-15,7.99439774923876e-12,-3.89184983306249e-11)
(-1.3273919065088e-13,1.75083205310871e-11,-3.71296099460774e-11)
(-3.95733704195143e-13,2.85636282486173e-11,-3.28067148380596e-11)
(-1.01606573611741e-13,4.14738898751215e-11,-2.59608264661435e-11)
(-2.67953295217139e-13,5.92347362501456e-11,-1.509860857899e-11)
(-9.40319537415834e-13,8.89951161215677e-11,2.19523498086355e-12)
(-1.98574722220457e-12,1.43677338185776e-10,2.75647268246585e-11)
(-9.61512638874538e-12,2.00736982249751e-10,2.23016975604388e-11)
(-1.0290103688255e-11,2.54611042347849e-10,1.13833264043895e-11)
(-1.03162502574578e-11,2.99281497330713e-10,4.17825903198798e-12)
(0,0,0)
(0,0,0)
(0,0,0)
(0,0,0)
(0,0,0)
(0,0,0)
(6.42439894208542e-13,6.45105965544924e-12,-5.54767830622168e-11)
(1.67063510829527e-13,1.34723747954039e-11,-5.34675444581081e-11)
(1.91490269636063e-13,2.17478594464567e-11,-4.8949484326629e-11)
(1.11489645709592e-12,3.11395920797323e-11,-4.15697161692471e-11)
(1.5303132117198e-12,4.35308791920379e-11,-2.91193377788878e-11)
(3.59423139321843e-12,6.7368140320943e-11,-4.84420515787745e-12)
(1.39564516245205e-11,1.52858476804139e-10,6.08933927977729e-11)
(-1.14841419039327e-11,2.17799637143644e-10,2.8991887885834e-11)
(-1.17274883886541e-11,2.63857912916925e-10,9.31149432484618e-12)
(-1.08202251422403e-11,3.03181332039386e-10,2.04137346720615e-12)
(0,0,0)
(0,0,0)
(0,0,0)
(0,0,0)
(0,0,0)
(0,0,0)
(1.14961012109979e-12,4.53499235557012e-12,-7.637990061567e-11)
(7.67497489350986e-13,9.12938064695866e-12,-7.42741486216321e-11)
(1.21044918554883e-12,1.45087411984213e-11,-7.03707464025497e-11)
(2.86362032721949e-12,1.91854271754657e-11,-6.36167085156388e-11)
(5.96412060795848e-12,2.15755928707639e-11,-5.24058014960692e-11)
(1.8084260155156e-11,1.56970603262789e-11,-3.36847443210788e-11)
(-3.03028359648217e-11,3.18230565171438e-10,-5.53338608482888e-17)
(-1.66872433932956e-11,2.60136688754296e-10,-1.97029906092771e-11)
(-1.12370134175154e-11,2.75886854678366e-10,-1.31923510466144e-11)
(-9.39957117688824e-12,3.05269714075111e-10,-7.26714870313506e-12)
(0,0,0)
(0,0,0)
(0,0,0)
(0,0,0)
(0,0,0)
(0,0,0)
(1.56210798122137e-12,2.15002062476706e-12,-1.03291719587613e-10)
(1.58239348633263e-12,4.85747726550777e-12,-1.01935104415204e-10)
(2.74278807561625e-12,7.53601175403619e-12,-9.94550058753042e-11)
(5.18000063956176e-12,7.75807142784764e-12,-9.47874517390237e-11)
(8.93500844902788e-12,3.07961903838579e-12,-8.68166848119956e-11)
(2.25145149356834e-11,-1.00103165460299e-11,-7.12464045436913e-11)
(-7.05049675083209e-12,3.07630807521131e-10,-7.0475338916341e-16)
(-1.04921446619827e-11,2.60894094588846e-10,-6.29364772362238e-11)
(-6.88026949382571e-12,2.71547486217141e-10,-4.23915477557864e-11)
(-5.90207074728923e-12,2.97176310287816e-10,-2.13929448682401e-11)
(0,0,0)
(0,0,0)
(0,0,0)
(0,0,0)
(0,0,0)
(0,0,0)
(1.7644196621815e-12,3.14043547522545e-13,-1.40299547125118e-10)
(2.94917835665458e-12,1.53483249105288e-12,-1.3910121386588e-10)
(4.02171126075606e-12,2.25490059686045e-12,-1.37752014998971e-10)
(6.11058994284787e-12,-1.64875782224582e-12,-1.36636378490974e-10)
(3.6366999604278e-12,-1.77819572086699e-11,-1.40491475656039e-10)
(-3.01667047753593e-11,-9.05193279115482e-11,-1.74259525446877e-10)
(1.50892093241538e-11,3.63516086115474e-10,-3.8911112678192e-10)
(6.58498487429887e-12,2.59739502203927e-10,-1.62442685254093e-10)
(4.21023320230742e-12,2.52615785960676e-10,-8.76102919841556e-11)
(3.08988663024229e-12,2.74591449881093e-10,-4.08246118418544e-11)
(0,0,0)
(0,0,0)
(0,0,0)
(0,0,0)
(0,0,0)
(0,0,0)
(2.47326374689268e-12,-1.06774914568502e-12,-1.86199512587128e-10)
(4.91553862301292e-12,-2.67686757006921e-13,-1.85937472775287e-10)
(6.50451941288617e-12,3.85053677065968e-13,-1.85659361134014e-10)
(8.75603076343131e-12,-1.55137153974714e-12,-1.85870652918282e-10)
(9.45383183002399e-12,-5.34065283430509e-12,-1.90097855205477e-10)
(6.96417328805302e-12,6.44677527041212e-13,-2.05896299200531e-10)
(1.7958470440802e-11,1.51936743011508e-10,-2.35372352596621e-10)
(1.48916070310102e-11,1.79381294473966e-10,-1.77291600018099e-10)
(1.24535350434656e-11,2.04066766255077e-10,-1.15909192606446e-10)
(1.03859270673368e-11,2.3251017044882e-10,-5.78763339666554e-11)
(0,0,0)
(0,0,0)
(0,0,0)
(0,0,0)
(0,0,0)
(0,0,0)
(3.59210594815718e-12,-9.75367212944711e-13,-2.39332172777933e-10)
(6.56379249163918e-12,-4.45133100694794e-13,-2.39450796067503e-10)
(8.6470558344115e-12,3.30517483821315e-13,-2.39249950432974e-10)
(1.07268242422115e-11,1.19635250460381e-12,-2.39148831811981e-10)
(1.27242528759273e-11,4.8565314710874e-12,-2.40157517507785e-10)
(1.48589557432343e-11,2.08586487002999e-11,-2.42424626644497e-10)
(1.85120429102711e-11,7.84547928632439e-11,-2.39179024996162e-10)
(1.85128761988695e-11,1.13603722262912e-10,-2.00472404387373e-10)
(1.81766295634543e-11,1.44560433202249e-10,-1.44713790539415e-10)
(1.60093942334947e-11,1.73513619927943e-10,-7.68986434869598e-11)
(0,0,0)
(0,0,0)
(0,0,0)
(0,0,0)
(0,0,0)
(0,0,0)
(4.5288002141062e-12,-3.8410340531851e-13,-2.86118628167138e-10)
(7.59280957495664e-12,-1.33690035548283e-13,-2.86246610947812e-10)
(9.91706592072123e-12,5.18196137069179e-13,-2.85723498929891e-10)
(1.20932196310068e-11,1.77066047248321e-12,-2.84542880028506e-10)
(1.43513728777169e-11,5.35483688207548e-12,-2.82621721000369e-10)
(1.65344814094444e-11,1.44823335106738e-11,-2.77490357991023e-10)
(1.86300727525266e-11,3.6131881543636e-11,-2.63966962639094e-10)
(2.01065815345301e-11,5.63834749665349e-11,-2.28911799147049e-10)
(2.10483917511103e-11,7.65598023538977e-11,-1.72877502540085e-10)
(1.9639283460801e-11,9.62007797227465e-11,-9.59083880091932e-11)
(0,0,0)
(0,0,0)
(0,0,0)
(0,0,0)
(0,0,0)
(0,0,0)
(0,0,0)
(0,0,0)
(0,0,0)
(0,0,0)
(0,0,0)
(0,0,0)
(0,0,0)
(0,0,0)
(0,0,0)
(0,0,0)
(0,0,0)
(0,0,0)
(0,0,0)
(0,0,0)
(0,0,0)
(0,0,0)
(0,0,0)
(0,0,0)
(0,0,0)
(0,0,0)
(0,0,0)
(0,0,0)
(0,0,0)
(0,0,0)
(0,0,0)
(0,0,0)
(0,0,0)
(0,0,0)
(0,0,0)
(0,0,0)
(0,0,0)
(0,0,0)
(0,0,0)
(0,0,0)
(0,0,0)
(0,0,0)
(0,0,0)
(0,0,0)
(0,0,0)
(0,0,0)
(0,0,0)
(0,0,0)
(0,0,0)
(0,0,0)
(0,0,0)
(0,0,0)
(0,0,0)
(0,0,0)
(0,0,0)
(0,0,0)
(0,0,0)
(0,0,0)
(0,0,0)
(0,0,0)
(0,0,0)
(0,0,0)
(0,0,0)
(0,0,0)
(0,0,0)
(0,0,0)
(0,0,0)
(0,0,0)
(0,0,0)
(0,0,0)
(0,0,0)
(0,0,0)
(0,0,0)
(0,0,0)
(0,0,0)
(0,0,0)
(0,0,0)
(0,0,0)
(0,0,0)
(0,0,0)
(0,0,0)
(0,0,0)
(0,0,0)
(0,0,0)
(0,0,0)
(0,0,0)
(0,0,0)
(0,0,0)
(0,0,0)
(0,0,0)
(0,0,0)
(0,0,0)
(0,0,0)
(0,0,0)
(0,0,0)
(0,0,0)
(0,0,0)
(0,0,0)
(0,0,0)
(0,0,0)
(0,0,0)
(0,0,0)
(-1.00970527480008e-12,1.03785234205274e-11,-1.3121765029899e-11)
(-1.07808772660894e-12,2.27216946047e-11,-1.20721537967365e-11)
(-5.57801219237797e-13,3.80881518121124e-11,-9.90093621508579e-12)
(-2.36995198959844e-13,5.53460595054975e-11,-6.95054746358457e-12)
(-2.60825892539467e-13,7.54644335294728e-11,-2.89566377291424e-12)
(-9.09452305560034e-13,1.01866743364555e-10,2.38575998026356e-12)
(-2.62909536737886e-12,1.37165223580941e-10,7.34187633014621e-12)
(-4.07890637291243e-12,1.75975955221539e-10,7.15045288059852e-12)
(-3.48814408022942e-12,2.12827867391995e-10,4.45779249347538e-12)
(-2.73818282574204e-12,2.37575795540654e-10,2.18842965591328e-12)
(0,0,0)
(0,0,0)
(0,0,0)
(0,0,0)
(0,0,0)
(0,0,0)
(-8.87228011533567e-13,9.26268047686661e-12,-2.63961736768049e-11)
(-1.13346711427725e-12,2.07918582254875e-11,-2.50113383980646e-11)
(-8.084127097682e-13,3.49941205631672e-11,-2.13257256840529e-11)
(-6.56922430647809e-13,5.09380911652358e-11,-1.58507857516698e-11)
(-1.24525571915218e-12,7.01339677377184e-11,-7.3390841888079e-12)
(-2.93261063636001e-12,9.72286034890663e-11,5.58954216314895e-12)
(-5.6656451593913e-12,1.37814051293515e-10,2.13094195457349e-11)
(-9.15823912961111e-12,1.79150932083383e-10,1.94577840653423e-11)
(-8.18166941526007e-12,2.15200311642637e-10,1.12075830169804e-11)
(-7.44624731433826e-12,2.39414652861603e-10,4.67719975054452e-12)
(0,0,0)
(0,0,0)
(0,0,0)
(0,0,0)
(0,0,0)
(0,0,0)
(-2.39757842232102e-13,7.74220759711502e-12,-4.15281627437146e-11)
(-4.19688562985735e-13,1.72159676625463e-11,-3.97663318889864e-11)
(-4.25853273941663e-13,2.90780535114873e-11,-3.49544413074137e-11)
(-6.29526665393445e-13,4.18912703152594e-11,-2.71848122028865e-11)
(-1.85793979695475e-12,5.74556622683373e-11,-1.43951187481799e-11)
(-4.68283558059595e-12,8.258188721057e-11,8.5167770577801e-12)
(-5.90385657630063e-12,1.42580345601261e-10,6.05265747662919e-11)
(-1.57594101266078e-11,1.89267134275974e-10,4.5951254393592e-11)
(-1.2331906884958e-11,2.22072268287305e-10,2.17962495870876e-11)
(-1.00378259340868e-11,2.43216257892098e-10,8.11311791953074e-12)
(0,0,0)
(0,0,0)
(0,0,0)
(0,0,0)
(0,0,0)
(0,0,0)
(5.4926858998581e-13,6.08318247262488e-12,-5.94245544949041e-11)
(-8.00247219353913e-15,1.23788372885935e-11,-5.70413783728674e-11)
(5.08403602854089e-14,2.07449851613681e-11,-5.14630380894489e-11)
(6.18682971005044e-13,2.86699432875264e-11,-4.30513719458466e-11)
(-7.89533088016347e-13,3.49221922561551e-11,-3.05497233706304e-11)
(-1.04722865677597e-11,3.22188288723578e-11,-1.20902022152572e-11)
(-1.19514131830818e-10,1.708561687242e-10,2.10982243781757e-16)
(-3.41407999535929e-11,2.18443050250097e-10,1.01326202161573e-10)
(-1.64863092924745e-11,2.36460823089059e-10,2.81053235810361e-11)
(-1.08672337109757e-11,2.49769119665956e-10,7.4896944150326e-12)
(0,0,0)
(0,0,0)
(0,0,0)
(0,0,0)
(0,0,0)
(0,0,0)
(1.42882985785744e-12,4.16526177429655e-12,-8.04665946931814e-11)
(1.13599865172822e-12,7.18916627028101e-12,-7.75019874537737e-11)
(1.42914074301411e-12,1.21224003206862e-11,-7.25009199551899e-11)
(3.08006905526671e-12,1.57668895563315e-11,-6.44444777799319e-11)
(5.7390372653469e-12,1.54424100542844e-11,-5.15647376240361e-11)
(1.01069480402685e-11,1.12337490470537e-11,-3.07155782207497e-11)
(-1.43039097559526e-16,8.72764749403354e-16,-3.54226781756739e-17)
(-2.3955288790483e-11,2.98530885432833e-10,7.19741015580089e-17)
(-1.2822847299778e-11,2.57230756319999e-10,-3.1162342616373e-12)
(-8.57331609269577e-12,2.54932661863037e-10,-3.76059928734556e-12)
(0,0,0)
(0,0,0)
(0,0,0)
(0,0,0)
(0,0,0)
(0,0,0)
(2.04146988606339e-12,1.76720304759895e-12,-1.05006439287606e-10)
(2.42493972089198e-12,2.70808784388613e-12,-1.02716719292776e-10)
(3.35634509653734e-12,4.4632678364333e-12,-9.94591078791972e-11)
(6.61606296258095e-12,3.67902215272988e-12,-9.35717906151056e-11)
(1.42263044277904e-11,-3.38253818364565e-12,-8.17449156334296e-11)
(3.17778265108818e-11,-1.49325806980383e-11,-5.70817208893884e-11)
(-2.86234071957082e-18,6.60608711245971e-16,-6.47616798708692e-17)
(-2.98824817575115e-11,2.82343600062857e-10,-3.21815907769513e-16)
(-8.94717212488893e-12,2.5158795733768e-10,-2.9669315505756e-11)
(-4.71015520873779e-12,2.46802841601102e-10,-1.82352925491707e-11)
(0,0,0)
(0,0,0)
(0,0,0)
(0,0,0)
(0,0,0)
(0,0,0)
(1.94787909616047e-12,-4.51018579679357e-14,-1.35381933817889e-10)
(3.40249873777772e-12,-3.86244117758894e-13,-1.33990456556448e-10)
(4.77592167258435e-12,-1.04935782749342e-12,-1.32535752587595e-10)
(9.8683008254199e-12,-6.50381145849186e-12,-1.30302297436041e-10)
(2.49634453768886e-11,-2.2881949858244e-11,-1.25508364614884e-10)
(9.35208911211521e-11,-5.64498038657953e-11,-1.08498707071924e-10)
(1.10900318962563e-16,9.08981835985646e-16,-1.12251909670744e-15)
(1.21107993342575e-11,2.89266861358709e-10,-1.86720199776779e-10)
(5.97357276562829e-12,2.32545240118773e-10,-8.96479844147738e-11)
(4.34655422053233e-12,2.23812851249228e-10,-3.96681561964291e-11)
(0,0,0)
(0,0,0)
(0,0,0)
(0,0,0)
(0,0,0)
(0,0,0)
(2.11884200229541e-12,-1.20020877630008e-12,-1.69302579684945e-10)
(4.81487332543126e-12,-1.62694003332388e-12,-1.69199568469931e-10)
(6.77034739041524e-12,-2.92744434229957e-12,-1.69236680803511e-10)
(1.02355090062615e-11,-9.5008688520269e-12,-1.7005924510229e-10)
(1.50550915196827e-11,-3.09246662564571e-11,-1.75517879578185e-10)
(1.62262555107998e-11,-1.04803691795083e-10,-2.01122719653864e-10)
(3.3359668010616e-11,1.86720056233099e-10,-3.17624781750301e-10)
(1.92867718303656e-11,1.83468343537806e-10,-1.91817957655833e-10)
(1.39270094565524e-11,1.78868088653778e-10,-1.12422089111338e-10)
(1.15061436215112e-11,1.82048141010788e-10,-5.29348742549152e-11)
(0,0,0)
(0,0,0)
(0,0,0)
(0,0,0)
(0,0,0)
(0,0,0)
(3.11946543008702e-12,-9.13738121886387e-13,-2.02765476610755e-10)
(6.051503791964e-12,-9.5241774153793e-13,-2.0284007511517e-10)
(8.35825856020063e-12,-1.71239282295487e-12,-2.02896542057796e-10)
(1.11612019701079e-11,-3.6635349898472e-12,-2.03737568013599e-10)
(1.4493056601659e-11,-6.82740667805023e-12,-2.06818752272731e-10)
(1.79896692845013e-11,-2.4977855752579e-12,-2.15867517044796e-10)
(2.21283336210798e-11,7.82660474876379e-11,-2.29538770567421e-10)
(1.99745096473227e-11,1.05893843234417e-10,-1.8106059648481e-10)
(1.83621133593056e-11,1.19573526402625e-10,-1.22704215982949e-10)
(1.64235909518181e-11,1.29029097858754e-10,-6.18924774956052e-11)
(0,0,0)
(0,0,0)
(0,0,0)
(0,0,0)
(0,0,0)
(0,0,0)
(4.27267958946215e-12,-3.65413467096179e-13,-2.27319282417707e-10)
(6.93600752148712e-12,-2.83755638225303e-13,-2.26972288542917e-10)
(9.25464315640516e-12,-5.36232768944753e-13,-2.26477979165263e-10)
(1.19427210753535e-11,-4.23712623775201e-13,-2.26201494992504e-10)
(1.4574846750446e-11,1.25962392653737e-12,-2.25752430867882e-10)
(1.74934195681887e-11,8.65945346866076e-12,-2.24459318127375e-10)
(1.97067908041174e-11,3.32327570198168e-11,-2.16229467116084e-10)
(2.0455759894099e-11,4.93815971598758e-11,-1.81616179841889e-10)
(2.06390795741291e-11,6.01280614336871e-11,-1.30518569485034e-10)
(1.99316751743854e-11,6.76172245962429e-11,-6.85891077972386e-11)
(0,0,0)
(0,0,0)
(0,0,0)
(0,0,0)
(0,0,0)
(0,0,0)
(0,0,0)
(0,0,0)
(0,0,0)
(0,0,0)
(0,0,0)
(0,0,0)
(0,0,0)
(0,0,0)
(0,0,0)
(0,0,0)
(0,0,0)
(0,0,0)
(0,0,0)
(0,0,0)
(0,0,0)
(0,0,0)
(0,0,0)
(0,0,0)
(0,0,0)
(0,0,0)
(0,0,0)
(0,0,0)
(0,0,0)
(0,0,0)
(0,0,0)
(0,0,0)
(0,0,0)
(0,0,0)
(0,0,0)
(0,0,0)
(0,0,0)
(0,0,0)
(0,0,0)
(0,0,0)
(0,0,0)
(0,0,0)
(0,0,0)
(0,0,0)
(0,0,0)
(0,0,0)
(0,0,0)
(0,0,0)
(0,0,0)
(0,0,0)
(0,0,0)
(0,0,0)
(0,0,0)
(0,0,0)
(0,0,0)
(0,0,0)
(0,0,0)
(0,0,0)
(0,0,0)
(0,0,0)
(0,0,0)
(0,0,0)
(0,0,0)
(0,0,0)
(0,0,0)
(0,0,0)
(0,0,0)
(0,0,0)
(0,0,0)
(0,0,0)
(0,0,0)
(0,0,0)
(0,0,0)
(0,0,0)
(0,0,0)
(0,0,0)
(0,0,0)
(0,0,0)
(0,0,0)
(0,0,0)
(0,0,0)
(0,0,0)
(0,0,0)
(0,0,0)
(0,0,0)
(0,0,0)
(0,0,0)
(0,0,0)
(0,0,0)
(0,0,0)
(0,0,0)
(0,0,0)
(0,0,0)
(0,0,0)
(0,0,0)
(0,0,0)
(0,0,0)
(0,0,0)
(0,0,0)
(0,0,0)
(0,0,0)
(0,0,0)
(-9.43473564313397e-13,1.08395797628122e-11,-1.4685794346888e-11)
(-1.31946892904084e-12,2.31603189495763e-11,-1.41710632054048e-11)
(-4.14158721799295e-13,3.73133434298118e-11,-1.20844902818259e-11)
(1.16089450630042e-13,5.47082731991191e-11,-8.84457820147887e-12)
(-2.11783853964154e-13,7.56470862648858e-11,-4.64916191913625e-12)
(-1.22742877995006e-12,9.94483133914475e-11,9.36449059862579e-13)
(-3.08649963040208e-12,1.29523504385201e-10,6.35318984458088e-12)
(-4.56122284764097e-12,1.60546738756845e-10,6.74540759150487e-12)
(-3.59122549329677e-12,1.8761673870032e-10,3.85373246116276e-12)
(-2.38861049074742e-12,2.03846022613235e-10,1.51878586592714e-12)
(0,0,0)
(0,0,0)
(0,0,0)
(0,0,0)
(0,0,0)
(0,0,0)
(-7.51590410505443e-13,1.01083159029221e-11,-2.92372538721646e-11)
(-1.24318926535828e-12,2.11077406580612e-11,-2.78323549395631e-11)
(-3.67285590456667e-13,3.40237824646934e-11,-2.40703307888344e-11)
(-1.21803143534983e-13,5.02075867457182e-11,-1.8337116181339e-11)
(-1.49557660173447e-12,6.97991442970809e-11,-9.59694237357639e-12)
(-4.00577174044929e-12,9.4067854430362e-11,3.3842096096551e-12)
(-8.58030398674463e-12,1.28974344175666e-10,1.90342130670778e-11)
(-1.10242402738414e-11,1.62911176023711e-10,1.87355685879059e-11)
(-8.52324279347517e-12,1.89426103308183e-10,1.05446520211423e-11)
(-6.57065259427325e-12,2.04852669731693e-10,4.02829357335459e-12)
(0,0,0)
(0,0,0)
(0,0,0)
(0,0,0)
(0,0,0)
(0,0,0)
(-3.42563572455093e-13,8.63141011375213e-12,-4.63155057475014e-11)
(-3.9444877061202e-13,1.74774626330823e-11,-4.37624471591637e-11)
(1.37585971644382e-13,2.83208756867585e-11,-3.82972098814646e-11)
(-1.97893092348557e-13,4.10748210422229e-11,-3.01396261927083e-11)
(-2.23636559074707e-12,5.64971339343972e-11,-1.7073044333772e-11)
(-6.32957495089948e-12,7.81025154643089e-11,5.39194577714482e-12)
(-1.9604359326518e-11,1.2874085192592e-10,5.3719861371758e-11)
(-2.07803212942512e-11,1.69933322990866e-10,4.5207333199574e-11)
(-1.30373300191942e-11,1.94416002390864e-10,2.14276292893253e-11)
(-8.47756978844384e-12,2.06918612367504e-10,7.63028982655069e-12)
(0,0,0)
(0,0,0)
(0,0,0)
(0,0,0)
(0,0,0)
(0,0,0)
(8.40131662677051e-14,6.68789598249765e-12,-6.44109032860702e-11)
(-3.96671737298745e-13,1.2780447133364e-11,-6.11661571377176e-11)
(2.61759057378884e-13,2.06512582264619e-11,-5.46637953316955e-11)
(1.02008812698339e-12,2.80030176074413e-11,-4.54840060385368e-11)
(2.30727958466469e-13,3.38687011527683e-11,-3.26016397906163e-11)
(-1.57761993996899e-12,2.88911761153641e-11,-1.45344612162287e-11)
(-4.99848270506977e-11,1.36577116414185e-10,1.19146316457229e-16)
(-4.10077565557803e-11,1.91706158078824e-10,1.00775914237676e-10)
(-1.66406133573861e-11,2.0547517733271e-10,2.88654954099235e-11)
(-8.54108149307297e-12,2.11692505628104e-10,7.60312382186135e-12)
(0,0,0)
(0,0,0)
(0,0,0)
(0,0,0)
(0,0,0)
(0,0,0)
(8.62281345137363e-13,4.17476372629027e-12,-8.30627640097976e-11)
(6.16009579567195e-13,7.08631079338979e-12,-7.94337015834577e-11)
(1.03183105198773e-12,1.19535102041936e-11,-7.37004184864688e-11)
(2.28819630298166e-12,1.56485939523331e-11,-6.49478146693319e-11)
(3.71482609998106e-12,1.63323084102033e-11,-5.15827505632676e-11)
(5.55773498727524e-12,1.29294232092209e-11,-3.02948220737011e-11)
(-3.82798391358253e-17,4.40558986964195e-16,-3.32450283252549e-17)
(-4.65169718476628e-12,2.63288521710876e-10,8.301526701729e-17)
(-6.53568329175367e-12,2.2298259048e-10,-1.9135892681932e-12)
(-4.20409511813187e-12,2.15591985399929e-10,-3.21486047339383e-12)
(0,0,0)
(0,0,0)
(0,0,0)
(0,0,0)
(0,0,0)
(0,0,0)
(1.56405479681092e-12,1.26796403491305e-12,-1.03616537557008e-10)
(2.26166026896026e-12,2.097747393401e-12,-1.00912836519697e-10)
(2.98165349638273e-12,3.91536188615163e-12,-9.71533828507184e-11)
(4.97202159210872e-12,3.92212189862941e-12,-9.04916596700224e-11)
(9.06252135836998e-12,-1.08059544968901e-12,-7.7525112947727e-11)
(1.62133935509341e-11,-1.01997412101403e-11,-5.12899597944825e-11)
(5.81876243939792e-18,2.60698150012599e-16,-5.50636175241686e-17)
(-7.13674936351531e-12,2.50726904100512e-10,-2.38044439823907e-16)
(-1.33847786255295e-12,2.17420416087938e-10,-2.64887346381141e-11)
(4.45425939188775e-14,2.07101097718643e-10,-1.65490228491149e-11)
(0,0,0)
(0,0,0)
(0,0,0)
(0,0,0)
(0,0,0)
(0,0,0)
(1.71150875303929e-12,-3.97586098485735e-13,-1.28910178556147e-10)
(3.18849068452001e-12,-6.36255419379805e-13,-1.27296206741083e-10)
(4.42055303581267e-12,-1.41236219167787e-12,-1.25333257699089e-10)
(8.07142539780168e-12,-5.97685677522566e-12,-1.21684407617548e-10)
(1.59965042321379e-11,-1.95160697660282e-11,-1.13373548514909e-10)
(3.33771944976043e-11,-4.50120520964154e-11,-8.97627558801016e-11)
(4.09067389369953e-17,4.19428732086383e-16,-5.63540670580732e-16)
(2.08371017931418e-11,2.57700318574282e-10,-1.70943915800106e-10)
(9.67089601228099e-12,2.00111029271183e-10,-8.18802495035994e-11)
(6.44310826257902e-12,1.8562082673858e-10,-3.59064342670874e-11)
(0,0,0)
(0,0,0)
(0,0,0)
(0,0,0)
(0,0,0)
(0,0,0)
(1.72936013287091e-12,-1.03945550633067e-12,-1.55683682045728e-10)
(4.17746336721094e-12,-1.55162847171599e-12,-1.55165422128403e-10)
(6.37786016982718e-12,-3.72084091011511e-12,-1.54587986934339e-10)
(9.8568096200119e-12,-1.09034703585814e-11,-1.54399378266315e-10)
(1.656267201696e-11,-3.36973180513324e-11,-1.57825451103926e-10)
(3.04224113874143e-11,-1.10932485471138e-10,-1.79799833100674e-10)
(1.60068526616013e-11,1.70943789743568e-10,-2.91486649996472e-10)
(1.74654035892425e-11,1.63154014640351e-10,-1.74303687001629e-10)
(1.37343568513092e-11,1.51962673321772e-10,-1.0026151826136e-10)
(1.15903125186046e-11,1.47957929291471e-10,-4.64062994276236e-11)
(0,0,0)
(0,0,0)
(0,0,0)
(0,0,0)
(0,0,0)
(0,0,0)
(2.6457392797147e-12,-9.66691390826184e-13,-1.79040868886862e-10)
(5.4393086312875e-12,-1.19163080625407e-12,-1.78691028752954e-10)
(8.02312446196021e-12,-2.68773548150849e-12,-1.78248801572e-10)
(1.10025638631828e-11,-5.56221842017839e-12,-1.78575229137327e-10)
(1.54547907691277e-11,-1.00808177293716e-11,-1.80983355211187e-10)
(2.05036837632119e-11,-8.69333793647184e-12,-1.89052636215061e-10)
(1.8683450006295e-11,6.89555425770795e-11,-2.02599761715246e-10)
(1.81303752199982e-11,9.24580063510908e-11,-1.57291006284384e-10)
(1.69958398408979e-11,9.93317456556519e-11,-1.03942512059671e-10)
(1.59429867187606e-11,1.02121957412365e-10,-5.1254916807607e-11)
(0,0,0)
(0,0,0)
(0,0,0)
(0,0,0)
(0,0,0)
(0,0,0)
(3.56027224757531e-12,-6.99032303996677e-13,-1.93505616100063e-10)
(6.15794250560834e-12,-6.82710313883782e-13,-1.93085629124557e-10)
(8.44192621470163e-12,-1.1072151746146e-12,-1.92319547793845e-10)
(1.1069944326956e-11,-1.53416253275079e-12,-1.91633446126394e-10)
(1.45413579364772e-11,-5.15407542995336e-13,-1.91241755736431e-10)
(1.79230220255578e-11,5.78746287340342e-12,-1.90296148698088e-10)
(1.8326260549739e-11,2.87806928464344e-11,-1.82606502238838e-10)
(1.87397466971197e-11,4.21943117186914e-11,-1.50545364044191e-10)
(1.88376793200305e-11,4.89047818645348e-11,-1.0563922556718e-10)
(1.89597919733785e-11,5.23557796829648e-11,-5.43274116418779e-11)
(0,0,0)
(0,0,0)
(0,0,0)
(0,0,0)
(0,0,0)
(0,0,0)
(0,0,0)
(0,0,0)
(0,0,0)
(0,0,0)
(0,0,0)
(0,0,0)
(0,0,0)
(0,0,0)
(0,0,0)
(0,0,0)
(0,0,0)
(0,0,0)
(0,0,0)
(0,0,0)
(0,0,0)
(0,0,0)
(0,0,0)
(0,0,0)
(0,0,0)
(0,0,0)
(0,0,0)
(0,0,0)
(0,0,0)
(0,0,0)
(0,0,0)
(0,0,0)
(0,0,0)
(0,0,0)
(0,0,0)
(0,0,0)
(0,0,0)
(0,0,0)
(0,0,0)
(0,0,0)
(0,0,0)
(0,0,0)
(0,0,0)
(0,0,0)
(0,0,0)
(0,0,0)
(0,0,0)
(0,0,0)
(0,0,0)
(0,0,0)
(0,0,0)
(0,0,0)
(0,0,0)
(0,0,0)
(0,0,0)
(0,0,0)
(0,0,0)
(0,0,0)
(0,0,0)
(0,0,0)
(0,0,0)
(0,0,0)
(0,0,0)
(0,0,0)
(0,0,0)
(0,0,0)
(0,0,0)
(0,0,0)
(0,0,0)
(0,0,0)
(0,0,0)
(0,0,0)
(0,0,0)
(0,0,0)
(0,0,0)
(0,0,0)
(0,0,0)
(0,0,0)
(0,0,0)
(0,0,0)
(0,0,0)
(0,0,0)
(0,0,0)
(0,0,0)
(0,0,0)
(0,0,0)
(0,0,0)
(0,0,0)
(0,0,0)
(0,0,0)
(0,0,0)
(0,0,0)
(0,0,0)
(0,0,0)
(0,0,0)
(0,0,0)
(0,0,0)
(0,0,0)
(0,0,0)
(0,0,0)
(0,0,0)
(0,0,0)
(-7.26940845892051e-13,1.06072991232293e-11,-1.4961956687474e-11)
(-1.35346356110778e-12,2.27264818792451e-11,-1.49529241054527e-11)
(-3.64509837030899e-13,3.74880956307781e-11,-1.34286989037637e-11)
(4.21359621687802e-13,5.44012769211357e-11,-1.03817434625416e-11)
(5.05471348362009e-14,7.37866263446287e-11,-6.59508184957459e-12)
(-1.26371060357545e-12,9.64015708100845e-11,-1.92696229669641e-12)
(-2.92955716781258e-12,1.21755875265336e-10,2.65813853499576e-12)
(-4.0339849841519e-12,1.46504520677641e-10,3.46052277398274e-12)
(-3.06564350593342e-12,1.6812981771704e-10,1.47458235871412e-12)
(-1.87647174328448e-12,1.81135761346727e-10,2.57819115968187e-13)
(0,0,0)
(0,0,0)
(0,0,0)
(0,0,0)
(0,0,0)
(0,0,0)
(-6.7958355394013e-13,1.02645375024117e-11,-3.11894271009439e-11)
(-1.37493539110669e-12,2.11103009415375e-11,-3.02912923451829e-11)
(-3.97593420026875e-13,3.47270380122293e-11,-2.72766728565512e-11)
(2.70788752210187e-13,5.093870138722e-11,-2.1867231003095e-11)
(-1.17471822228546e-12,6.91343444520281e-11,-1.37213512619252e-11)
(-3.69043623182413e-12,9.14261859974678e-11,-2.86187172907983e-12)
(-8.04816725782388e-12,1.19735247746795e-10,9.38751791231274e-12)
(-9.85547067422963e-12,1.46797418642042e-10,1.06769464009475e-11)
(-6.99678342836007e-12,1.68282604985018e-10,5.26405671576654e-12)
(-4.60830165675829e-12,1.80399362778033e-10,1.60389651652353e-12)
(0,0,0)
(0,0,0)
(0,0,0)
(0,0,0)
(0,0,0)
(0,0,0)
(-9.5210802952478e-13,9.20482633675102e-12,-4.90350270031741e-11)
(-1.16267054858869e-12,1.81433526682759e-11,-4.70646387730508e-11)
(-3.50380256827477e-13,2.97917667643374e-11,-4.24874815700155e-11)
(-1.92671516494342e-13,4.3082585902619e-11,-3.47766259135746e-11)
(-2.07292292003181e-12,5.80243613402729e-11,-2.26798671058956e-11)
(-5.44615119657881e-12,7.76062507638967e-11,-4.18093660899448e-12)
(-1.89280956426005e-11,1.13916882114718e-10,2.88468652924007e-11)
(-1.87734524719645e-11,1.47509381601596e-10,2.71183659528232e-11)
(-1.02991654982314e-11,1.68781546361082e-10,1.16191047402781e-11)
(-5.62117322251995e-12,1.79254286461346e-10,3.36016293360367e-12)
(0,0,0)
(0,0,0)
(0,0,0)
(0,0,0)
(0,0,0)
(0,0,0)
(-6.47600725868316e-13,7.11122137301364e-12,-6.65625082290735e-11)
(-1.20489720333995e-12,1.35739273886875e-11,-6.37423242524389e-11)
(-2.20282213527339e-13,2.25157333598068e-11,-5.81237569442839e-11)
(4.9214553418491e-13,3.13108916807961e-11,-4.93941902329571e-11)
(-3.00057873367427e-13,3.92471138717969e-11,-3.66482644132052e-11)
(-1.50447396368975e-13,4.12168279403945e-11,-1.84009899988057e-11)
(-1.41839462868587e-11,9.84614780050907e-11,1.52622259396298e-12)
(-4.06797013600797e-11,1.50426151369208e-10,6.22233880282721e-11)
(-1.28856549165746e-11,1.70801751588403e-10,1.50991095515852e-11)
(-4.837437443027e-12,1.78787801114927e-10,2.45314236967364e-12)
(0,0,0)
(0,0,0)
(0,0,0)
(0,0,0)
(0,0,0)
(0,0,0)
(1.40018610160468e-13,4.21306642943841e-12,-8.33503266252992e-11)
(-1.28710117431141e-13,7.75421119140142e-12,-8.01076717873107e-11)
(3.17375552904901e-13,1.38893910526604e-11,-7.4908406283912e-11)
(6.49604250624982e-13,1.92625823102154e-11,-6.67478242960131e-11)
(-1.60198529706868e-13,2.21782087097881e-11,-5.44928288848237e-11)
(-1.60788942203804e-12,2.051501492843e-11,-3.44835925920448e-11)
(2.53207024732266e-17,4.47037600447896e-16,-1.2214248005526e-16)
(9.82359270905982e-12,1.60633962049147e-10,-1.65116742741147e-11)
(3.27762305480819e-13,1.73714058922176e-10,-9.8465292166761e-12)
(1.07193208980857e-12,1.76883289710096e-10,-6.43461739497201e-12)
(0,0,0)
(0,0,0)
(0,0,0)
(0,0,0)
(0,0,0)
(0,0,0)
(5.25903892893295e-13,1.07779847352249e-12,-1.01004723553414e-10)
(1.23620941276624e-12,2.7643640931279e-12,-9.88998274932699e-11)
(1.64765439350406e-12,6.18673203169757e-12,-9.52865668924536e-11)
(1.90445354367908e-12,8.45807560827211e-12,-8.90060383778004e-11)
(1.26284252145971e-12,6.81045766545273e-12,-7.75092645109966e-11)
(-2.64200293649649e-13,1.12975424834986e-12,-5.40590895927618e-11)
(3.00690026653527e-17,2.99996427625818e-16,-1.62810428944159e-16)
(1.2378332756388e-11,1.57166530823613e-10,-3.11194670331989e-11)
(6.03119716523224e-12,1.67490896972297e-10,-3.08676713854703e-11)
(4.97579072487711e-12,1.67607164057431e-10,-1.70946839426792e-11)
(0,0,0)
(0,0,0)
(0,0,0)
(0,0,0)
(0,0,0)
(0,0,0)
(7.39406345792724e-13,-7.63683139967024e-13,-1.2248932698851e-10)
(2.14091469486416e-12,-6.29695906246698e-14,-1.21741426598175e-10)
(3.08018167270295e-12,1.25140030046246e-12,-1.1981245577177e-10)
(4.68717987851284e-12,-2.23643919313472e-13,-1.15395260325573e-10)
(6.5669598826463e-12,-8.23179398909122e-12,-1.06560160889999e-10)
(9.5354355328916e-12,-2.42936148667141e-11,-8.45046545480032e-11)
(2.28513386906933e-17,3.7494245710615e-16,-5.14758885725125e-16)
(2.63197394305641e-11,1.56724937997767e-10,-1.18407186400133e-10)
(1.18454367251707e-11,1.52361232945044e-10,-6.68938407036937e-11)
(8.19957144259469e-12,1.48768573447599e-10,-3.11986079198784e-11)
(0,0,0)
(0,0,0)
(0,0,0)
(0,0,0)
(0,0,0)
(0,0,0)
(1.13833610004105e-12,-1.30566211252681e-12,-1.44076701175641e-10)
(3.24003050767884e-12,-1.21001096852321e-12,-1.44164573600408e-10)
(5.15614607320754e-12,-1.57431102862818e-12,-1.43533244485777e-10)
(7.94163051921421e-12,-5.24972785324555e-12,-1.4187080459069e-10)
(1.49205536917481e-11,-1.86728308007491e-11,-1.40802723590502e-10)
(3.98700807485309e-11,-6.42977745369489e-11,-1.45821243485965e-10)
(8.12136833232848e-13,1.04621134360566e-10,-1.75788119763477e-10)
(1.41192431382305e-11,1.18049848267201e-10,-1.30546509213622e-10)
(1.25100656836964e-11,1.1887651549891e-10,-8.20098463625203e-11)
(1.10199849700587e-11,1.17937665033654e-10,-3.96537819181465e-11)
(0,0,0)
(0,0,0)
(0,0,0)
(0,0,0)
(0,0,0)
(0,0,0)
(2.02824005896595e-12,-1.13309427132937e-12,-1.62435080554565e-10)
(4.48816095798066e-12,-1.00785922201931e-12,-1.62428636253374e-10)
(6.76903172037671e-12,-1.38576817819136e-12,-1.61771518242327e-10)
(9.38263404961498e-12,-2.5488260528593e-12,-1.60815589218889e-10)
(1.39586615866278e-11,-4.22023302655028e-12,-1.60026983085159e-10)
(1.95700084535221e-11,-2.95419050225625e-13,-1.60485007975065e-10)
(1.3549544306086e-11,5.19428030917461e-11,-1.59193853832115e-10)
(1.50455756276838e-11,7.21354307396738e-11,-1.2798777832973e-10)
(1.47352083799309e-11,7.87438209372349e-11,-8.65000539500033e-11)
(1.44542476405548e-11,8.04664978647482e-11,-4.33413836838e-11)
(0,0,0)
(0,0,0)
(0,0,0)
(0,0,0)
(0,0,0)
(0,0,0)
(2.44125296807251e-12,-7.771926733505e-13,-1.71569308545962e-10)
(4.70915086101242e-12,-6.79876021539526e-13,-1.71779849995358e-10)
(6.64860937263659e-12,-4.99980780340363e-13,-1.71508773630127e-10)
(9.14409140424195e-12,-3.29599988975153e-13,-1.7026791221706e-10)
(1.30803433551389e-11,1.0588923555512e-12,-1.68155968773581e-10)
(1.60208384397111e-11,7.068914336478e-12,-1.64056181931919e-10)
(1.5045815201527e-11,2.36772173995252e-11,-1.52810756070437e-10)
(1.60279199387994e-11,3.37603756288488e-11,-1.25440381711716e-10)
(1.64306472592599e-11,3.88380426729917e-11,-8.81191079687796e-11)
(1.69881600144606e-11,4.07701133232623e-11,-4.5342832241681e-11)
(0,0,0)
(0,0,0)
(0,0,0)
(0,0,0)
(0,0,0)
(0,0,0)
(0,0,0)
(0,0,0)
(0,0,0)
(0,0,0)
(0,0,0)
(0,0,0)
(0,0,0)
(0,0,0)
(0,0,0)
(0,0,0)
(0,0,0)
(0,0,0)
(0,0,0)
(0,0,0)
(0,0,0)
(0,0,0)
(0,0,0)
(0,0,0)
(0,0,0)
(0,0,0)
(0,0,0)
(0,0,0)
(0,0,0)
(0,0,0)
(0,0,0)
(0,0,0)
(0,0,0)
(0,0,0)
(0,0,0)
(0,0,0)
(0,0,0)
(0,0,0)
(0,0,0)
(0,0,0)
(0,0,0)
(0,0,0)
(0,0,0)
(0,0,0)
(0,0,0)
(0,0,0)
(0,0,0)
(0,0,0)
(0,0,0)
(0,0,0)
(0,0,0)
(0,0,0)
(0,0,0)
(0,0,0)
(0,0,0)
(0,0,0)
(0,0,0)
(0,0,0)
(0,0,0)
(0,0,0)
(0,0,0)
(0,0,0)
(0,0,0)
(0,0,0)
(0,0,0)
(0,0,0)
(0,0,0)
(0,0,0)
(0,0,0)
(0,0,0)
(0,0,0)
(0,0,0)
(0,0,0)
(0,0,0)
(0,0,0)
(0,0,0)
(0,0,0)
(0,0,0)
(0,0,0)
(0,0,0)
(0,0,0)
(0,0,0)
(0,0,0)
(0,0,0)
(0,0,0)
(0,0,0)
(0,0,0)
(0,0,0)
(0,0,0)
(0,0,0)
(0,0,0)
(0,0,0)
(0,0,0)
(0,0,0)
(0,0,0)
(0,0,0)
(0,0,0)
(0,0,0)
(0,0,0)
(0,0,0)
(0,0,0)
(0,0,0)
(-3.9321180708145e-13,1.04192733372069e-11,-1.52634200200028e-11)
(-1.26150782510176e-12,2.30830495458813e-11,-1.54256158265368e-11)
(-6.50407659693566e-13,3.840218461773e-11,-1.44475894532244e-11)
(9.72735426391173e-14,5.45484658106225e-11,-1.19860617276214e-11)
(3.47094745599271e-14,7.19702633362952e-11,-8.63483967549335e-12)
(-8.73426622660621e-13,9.37036531798896e-11,-5.02793518442779e-12)
(-1.71131388826536e-12,1.1598561192035e-10,-1.70585448616608e-12)
(-2.34094253326436e-12,1.36039126147803e-10,-6.3083357541969e-13)
(-2.0016675311566e-12,1.52356934766456e-10,-1.14438125468335e-12)
(-8.82254058627531e-13,1.62278071838451e-10,-1.2436435935183e-12)
(0,0,0)
(0,0,0)
(0,0,0)
(0,0,0)
(0,0,0)
(0,0,0)
(-5.18007144041562e-13,1.02720510777728e-11,-3.15450979809998e-11)
(-1.42260660646585e-12,2.1944612240066e-11,-3.09090210882907e-11)
(-8.7176402560461e-13,3.60407861298083e-11,-2.87233249694388e-11)
(-1.89755043692312e-14,5.15081932479641e-11,-2.41200416250446e-11)
(-9.24214643364196e-13,6.82307480896165e-11,-1.71194238563193e-11)
(-2.1198906396481e-12,8.98692148292286e-11,-9.36208419919381e-12)
(-3.51923011436784e-12,1.14025093316888e-10,-1.46863404431033e-12)
(-5.15454394861772e-12,1.35292897337218e-10,7.18840912083333e-13)
(-3.83556460519152e-12,1.51538757457735e-10,-5.81972792864512e-13)
(-1.85932882353022e-12,1.60598540773296e-10,-9.75364586437236e-13)
(0,0,0)
(0,0,0)
(0,0,0)
(0,0,0)
(0,0,0)
(0,0,0)
(-8.28891295890751e-13,9.13901709884449e-12,-4.9422399877585e-11)
(-1.17040247204723e-12,1.91776790162663e-11,-4.8011608072571e-11)
(-7.85202508727215e-13,3.12246013794257e-11,-4.43258662142906e-11)
(-5.17736102332621e-13,4.47579417388997e-11,-3.77611734813777e-11)
(-1.79460594847292e-12,6.01793769926884e-11,-2.78295440506496e-11)
(-2.08453027449231e-12,8.11002128900665e-11,-1.49767186414646e-11)
(-1.74419219339366e-12,1.100545062022e-10,2.23514904167692e-12)
(-6.19096102701243e-12,1.33748946796457e-10,3.87494576889881e-12)
(-4.06042891890003e-12,1.49679521004375e-10,1.5914436742965e-13)
(-1.79452494249234e-12,1.58044265439624e-10,-9.85930921333862e-13)
(0,0,0)
(0,0,0)
(0,0,0)
(0,0,0)
(0,0,0)
(0,0,0)
(-5.69629758926371e-13,7.15387357701024e-12,-6.69186263920502e-11)
(-1.00374831420049e-12,1.47252568436329e-11,-6.4620258873495e-11)
(-3.23506617713705e-13,2.43987481673036e-11,-5.99395142016358e-11)
(-2.05470914986866e-13,3.50538863305994e-11,-5.26087195353308e-11)
(-1.47842712575694e-12,4.71451375617649e-11,-4.15689061428554e-11)
(6.2415302281569e-13,6.3368712341859e-11,-2.45541078397768e-11)
(2.35799192463286e-11,1.07492628024708e-10,1.41335257140192e-11)
(-3.76323356331556e-12,1.32816270757421e-10,5.17471379292326e-12)
(-3.15199506847466e-12,1.47444943595953e-10,-2.76110155859457e-12)
(-4.797836685264e-13,1.54778182201608e-10,-3.35290313200012e-12)
(0,0,0)
(0,0,0)
(0,0,0)
(0,0,0)
(0,0,0)
(0,0,0)
(3.2631728098013e-14,4.64375339084926e-12,-8.39569396322205e-11)
(-3.38128522555913e-13,9.61059884985358e-12,-8.1165004599727e-11)
(-1.40547414026789e-13,1.70931958062628e-11,-7.67283691521543e-11)
(-8.00884458620164e-13,2.44086122857168e-11,-6.99166191152623e-11)
(-4.80168377814935e-12,3.01502425776803e-11,-6.05315504275725e-11)
(-1.67060991915153e-11,2.58527754684193e-11,-4.97297655771404e-11)
(1.65117244935099e-11,1.35762173805614e-10,-4.84426778512089e-11)
(6.62587887716909e-12,1.36708142724432e-10,-2.77827031147138e-11)
(3.13901243363967e-12,1.44530340551696e-10,-1.87154874303911e-11)
(3.9134403475143e-12,1.48819430666247e-10,-1.02516453312721e-11)
(0,0,0)
(0,0,0)
(0,0,0)
(0,0,0)
(0,0,0)
(0,0,0)
(2.62489446222635e-13,1.96826222521312e-12,-1.01035521552108e-10)
(4.50282495700209e-13,5.18884492626075e-12,-9.8942306947124e-11)
(3.0245761010558e-13,1.06260290338705e-11,-9.55475370925323e-11)
(-9.10600795560755e-13,1.52326893459205e-11,-9.01345689928781e-11)
(-7.14508074222121e-12,1.72882147694453e-11,-8.26171707206962e-11)
(-2.88997579609075e-11,1.15874628594786e-11,-7.56403472691245e-11)
(3.11192593457434e-11,1.27222984591484e-10,-8.17071044242365e-11)
(1.25681299344993e-11,1.31079072533692e-10,-5.35517770074571e-11)
(7.38787374973162e-12,1.36133374280208e-10,-3.55904679284735e-11)
(6.71969739198814e-12,1.38128668384483e-10,-1.81372992986377e-11)
(0,0,0)
(0,0,0)
(0,0,0)
(0,0,0)
(0,0,0)
(0,0,0)
(5.33484928026085e-13,1.52993727361539e-13,-1.20337759483204e-10)
(1.35898524635292e-12,2.21783957019133e-12,-1.19117671821638e-10)
(1.48869755560474e-12,5.85189458800496e-12,-1.16795804804548e-10)
(8.78164376856518e-13,7.79882332462477e-12,-1.1244952472082e-10)
(-5.04750964767992e-12,6.50282165893088e-12,-1.07431178804247e-10)
(-3.49645445859814e-11,-5.41982255252986e-12,-1.08689782878842e-10)
(1.37859350744853e-11,1.23304401629597e-10,-1.53231554242135e-10)
(1.34814834646968e-11,1.19780773713637e-10,-9.31385632516774e-11)
(9.63492138747317e-12,1.2050865581041e-10,-5.64411295970122e-11)
(7.83187193668186e-12,1.20801997267421e-10,-2.71600330621734e-11)
(0,0,0)
(0,0,0)
(0,0,0)
(0,0,0)
(0,0,0)
(0,0,0)
(1.05364068360277e-12,-7.18133722654755e-13,-1.37641153506037e-10)
(2.40654964653732e-12,6.2490339986855e-13,-1.37302368992383e-10)
(3.30516332768813e-12,2.49858033944094e-12,-1.3606078798447e-10)
(4.17264771864211e-12,3.52154142338965e-12,-1.3326517471776e-10)
(5.48647581301428e-12,4.28101609957182e-12,-1.30314648202642e-10)
(5.83460153931958e-12,9.73675921876555e-12,-1.29913142190688e-10)
(8.24885755222035e-12,7.20642778364242e-11,-1.33816396668964e-10)
(1.14969978146672e-11,8.94845767401427e-11,-1.02526085423046e-10)
(1.02866958009877e-11,9.394681462476e-11,-6.68766362894228e-11)
(8.83737022082313e-12,9.53342241612263e-11,-3.31098663820256e-11)
(0,0,0)
(0,0,0)
(0,0,0)
(0,0,0)
(0,0,0)
(0,0,0)
(1.66589415981654e-12,-8.19880669789796e-13,-1.52341480130528e-10)
(3.50305974644606e-12,2.03025448317605e-13,-1.52249666522257e-10)
(4.92731529909265e-12,1.15547510362859e-12,-1.5100749802687e-10)
(6.37480185199832e-12,2.75466497112631e-12,-1.48734440362597e-10)
(9.13756109443548e-12,6.30336085203138e-12,-1.45295805917538e-10)
(1.0914520923821e-11,1.63281763587339e-11,-1.40369225430324e-10)
(1.06090544959505e-11,4.33355857896833e-11,-1.30634927020746e-10)
(1.19329063587736e-11,5.77330126742383e-11,-1.04889885195784e-10)
(1.1482316377972e-11,6.31684002837795e-11,-7.13405674925088e-11)
(1.08092484982327e-11,6.51124691687778e-11,-3.61006827985692e-11)
(0,0,0)
(0,0,0)
(0,0,0)
(0,0,0)
(0,0,0)
(0,0,0)
(1.87460174411817e-12,-4.56671282335822e-13,-1.60293791351468e-10)
(3.75819847424105e-12,-1.07986783519545e-13,-1.60376848752155e-10)
(4.9077671792297e-12,3.70804325994314e-13,-1.59624166639435e-10)
(6.70254797178814e-12,1.83995360603573e-12,-1.57874117378039e-10)
(1.00394488690279e-11,4.64469324608922e-12,-1.53543822147992e-10)
(1.18443269147092e-11,1.08172413296014e-11,-1.45528505762766e-10)
(1.13526582423289e-11,2.11763045992699e-11,-1.30727149448934e-10)
(1.24670218247153e-11,2.81046373104964e-11,-1.05755401001919e-10)
(1.24924142051532e-11,3.16286094613494e-11,-7.36146296862689e-11)
(1.24154410960434e-11,3.29230142574201e-11,-3.76653629094548e-11)
(0,0,0)
(0,0,0)
(0,0,0)
(0,0,0)
(0,0,0)
(0,0,0)
(0,0,0)
(0,0,0)
(0,0,0)
(0,0,0)
(0,0,0)
(0,0,0)
(0,0,0)
(0,0,0)
(0,0,0)
(0,0,0)
(0,0,0)
(0,0,0)
(0,0,0)
(0,0,0)
(0,0,0)
(0,0,0)
(0,0,0)
(0,0,0)
(0,0,0)
(0,0,0)
(0,0,0)
(0,0,0)
(0,0,0)
(0,0,0)
(0,0,0)
(0,0,0)
(0,0,0)
(0,0,0)
(0,0,0)
(0,0,0)
(0,0,0)
(0,0,0)
(0,0,0)
(0,0,0)
(0,0,0)
(0,0,0)
(0,0,0)
(0,0,0)
(0,0,0)
(0,0,0)
(0,0,0)
(0,0,0)
(0,0,0)
(0,0,0)
(0,0,0)
(0,0,0)
(0,0,0)
(0,0,0)
(0,0,0)
(0,0,0)
(0,0,0)
(0,0,0)
(0,0,0)
(0,0,0)
(0,0,0)
(0,0,0)
(0,0,0)
(0,0,0)
(0,0,0)
(0,0,0)
(0,0,0)
(0,0,0)
(0,0,0)
(0,0,0)
(0,0,0)
(0,0,0)
(0,0,0)
(0,0,0)
(0,0,0)
(0,0,0)
(0,0,0)
(0,0,0)
(0,0,0)
(0,0,0)
(0,0,0)
(0,0,0)
(0,0,0)
(0,0,0)
(0,0,0)
(0,0,0)
(0,0,0)
(0,0,0)
(0,0,0)
(0,0,0)
(0,0,0)
(0,0,0)
(0,0,0)
(0,0,0)
(0,0,0)
(0,0,0)
(0,0,0)
(0,0,0)
(0,0,0)
(0,0,0)
(0,0,0)
(0,0,0)
(-8.37937411032471e-14,1.24920079131279e-11,-1.71514381936611e-11)
(-1.10109689260229e-12,2.51902483314463e-11,-1.6741233506203e-11)
(-7.50536897370972e-13,3.91595069504853e-11,-1.58059397710295e-11)
(-2.13675946827388e-13,5.5103871578584e-11,-1.37167953267983e-11)
(1.67320230167843e-13,7.20380502887725e-11,-1.06503725375584e-11)
(-3.61068970253253e-13,9.22005569848404e-11,-7.39296407758272e-12)
(-8.25816195554447e-13,1.12128202377172e-10,-4.74645129192515e-12)
(-1.08116604343396e-12,1.29239996920453e-10,-3.65791043961913e-12)
(-1.08422788359293e-12,1.42430492155481e-10,-3.28922745761435e-12)
(-4.46366586984808e-13,1.49517092982624e-10,-2.29101248167184e-12)
(0,0,0)
(0,0,0)
(0,0,0)
(0,0,0)
(0,0,0)
(0,0,0)
(-2.10500578070254e-14,1.20585729360908e-11,-3.39840523747664e-11)
(-8.41369501534935e-13,2.39287711849978e-11,-3.28796853401434e-11)
(-6.58862619613038e-13,3.68389780195508e-11,-3.0937673645084e-11)
(-2.69341764027267e-13,5.22210475411866e-11,-2.71899906418627e-11)
(-6.30183203562229e-13,6.90520889474953e-11,-2.13477565014575e-11)
(-1.24433885536081e-12,8.93845930334495e-11,-1.53275453632589e-11)
(-1.73611795606985e-12,1.10555516082327e-10,-9.87116388519286e-12)
(-2.30977970291562e-12,1.28395662361031e-10,-6.98228552715951e-12)
(-1.58293635824979e-12,1.41233366566832e-10,-5.57996144648932e-12)
(-2.80418076302478e-13,1.47621059619778e-10,-3.32112630290384e-12)
(0,0,0)
(0,0,0)
(0,0,0)
(0,0,0)
(0,0,0)
(0,0,0)
(-2.54539579074967e-13,1.09183517956043e-11,-5.18225891608394e-11)
(-4.03722157680474e-13,2.1655268998868e-11,-5.02728253365145e-11)
(-5.24042029522725e-13,3.28037291959055e-11,-4.67238980870726e-11)
(-7.45310124757103e-13,4.65672447364147e-11,-4.12456045889486e-11)
(-1.61319192674502e-12,6.30954731532797e-11,-3.35349403551315e-11)
(-1.5648974094102e-12,8.34847454953245e-11,-2.48387399158971e-11)
(-8.22110743166468e-13,1.0676514969018e-10,-1.55508336536433e-11)
(-1.54248358649083e-12,1.2580175115922e-10,-1.09707503365343e-11)
(-6.8077622168811e-13,1.38390350227705e-10,-8.21108064686566e-12)
(4.85627374180329e-13,1.44670761799909e-10,-4.58169281880337e-12)
(0,0,0)
(0,0,0)
(0,0,0)
(0,0,0)
(0,0,0)
(0,0,0)
(-3.57877091323599e-13,9.25785922141662e-12,-6.84388725610705e-11)
(-5.69834992270553e-13,1.79909524099441e-11,-6.64109898997455e-11)
(-3.48748922973283e-13,2.72895746176569e-11,-6.2056135444073e-11)
(-6.00010262588126e-13,3.89399330209954e-11,-5.56779073101276e-11)
(-1.49833044476087e-12,5.41361398666669e-11,-4.69755369140118e-11)
(-5.47543657544136e-13,7.37948771220117e-11,-3.63711239277583e-11)
(4.26918538651609e-12,1.01936444903322e-10,-2.30440836171488e-11)
(2.80709821169175e-13,1.21827130643913e-10,-1.79493499410141e-11)
(3.54409549155411e-13,1.34134563721531e-10,-1.38455417766329e-11)
(2.12606473483872e-12,1.40218458182693e-10,-7.92693835026988e-12)
(0,0,0)
(0,0,0)
(0,0,0)
(0,0,0)
(0,0,0)
(0,0,0)
(-8.38121387537314e-14,6.97623833542232e-12,-8.50351593605949e-11)
(-3.53010046548086e-13,1.34399834735236e-11,-8.2414586754427e-11)
(-4.85130678510544e-13,2.11674576564735e-11,-7.79168019801919e-11)
(-1.0100302065259e-12,3.04338815375114e-11,-7.14267534892643e-11)
(-2.74144082035043e-12,4.32547354240871e-11,-6.34640187324513e-11)
(-3.72787430850228e-12,6.07313033155428e-11,-5.48153110771441e-11)
(4.39093897114406e-12,1.00479161770645e-10,-4.6596880536331e-11)
(3.18773338358478e-12,1.17487234541122e-10,-3.53791962636624e-11)
(3.07213660602663e-12,1.27565540260486e-10,-2.4970402393262e-11)
(4.35255729798566e-12,1.32212372789781e-10,-1.32743552879683e-11)
(0,0,0)
(0,0,0)
(0,0,0)
(0,0,0)
(0,0,0)
(0,0,0)
(-1.5456660904477e-14,4.38360933566422e-12,-1.01868545022337e-10)
(2.65179971952465e-14,8.97155001502356e-12,-9.9164607662397e-11)
(-3.36376043698221e-13,1.49352186133753e-11,-9.49890252010039e-11)
(-9.94133046449974e-13,2.2290194899338e-11,-8.94446258912845e-11)
(-3.33651108326753e-12,3.31520885707225e-11,-8.29809190369407e-11)
(-5.82571539377102e-12,4.9569449704713e-11,-7.642170082032e-11)
(6.88251489089099e-12,9.21220806150881e-11,-7.08110064324903e-11)
(5.90511967554521e-12,1.08623244315531e-10,-5.44019954203683e-11)
(5.55942358969045e-12,1.16881874320637e-10,-3.70937434053494e-11)
(5.90906921040391e-12,1.20255379278197e-10,-1.88291217921316e-11)
(0,0,0)
(0,0,0)
(0,0,0)
(0,0,0)
(0,0,0)
(0,0,0)
(1.84524716460233e-13,1.85078842409334e-12,-1.18552401015025e-10)
(6.30054399602328e-13,5.03693664100174e-12,-1.16424958833459e-10)
(4.95731720446041e-13,9.55871596448486e-12,-1.12995313190351e-10)
(1.3710036151082e-13,1.53773831630956e-11,-1.08502245471394e-10)
(-1.56710001371575e-12,2.42736906060239e-11,-1.03648607739885e-10)
(-5.57935499400056e-12,3.88590250891638e-11,-9.96575404714987e-11)
(4.93306787721152e-12,8.03506244218621e-11,-9.87123137355062e-11)
(7.08024678350781e-12,9.47079778475482e-11,-7.50210898394878e-11)
(6.91566603827513e-12,1.01024537745655e-10,-4.94670112373904e-11)
(6.13961198071273e-12,1.03685250553565e-10,-2.43287940154441e-11)
(0,0,0)
(0,0,0)
(0,0,0)
(0,0,0)
(0,0,0)
(0,0,0)
(8.16603117079983e-13,-2.5139306321551e-14,-1.34428203296916e-10)
(1.58684659017753e-12,2.23129585637546e-12,-1.33016138593624e-10)
(1.85265529678191e-12,5.68653769982916e-12,-1.30370513453861e-10)
(1.98899765578278e-12,1.06843962500088e-11,-1.26380086032485e-10)
(3.06262504862388e-12,1.86447604136904e-11,-1.21956130100276e-10)
(3.14643887762526e-12,3.24144872534092e-11,-1.16199605402881e-10)
(5.68723835304536e-12,5.94134291417496e-11,-1.07477761960943e-10)
(7.59911274694746e-12,7.31734284262821e-11,-8.5076609886205e-11)
(7.29834023457559e-12,7.90335996622838e-11,-5.72711352534688e-11)
(5.94925883124421e-12,8.18682484968002e-11,-2.85440073058509e-11)
(0,0,0)
(0,0,0)
(0,0,0)
(0,0,0)
(0,0,0)
(0,0,0)
(1.21087116409955e-12,-9.2731034555361e-13,-1.48627315426586e-10)
(2.57190348289034e-12,7.56311240305153e-13,-1.48066343010262e-10)
(3.43892841246071e-12,3.12842461421369e-12,-1.45631499852357e-10)
(3.85087877202672e-12,7.54019055545048e-12,-1.41643896612296e-10)
(5.8696482131478e-12,1.40646458920144e-11,-1.36188728888601e-10)
(6.69115754337743e-12,2.46426863927941e-11,-1.27578689601322e-10)
(7.02329386142249e-12,3.98976457528527e-11,-1.13364686069445e-10)
(8.01196401923061e-12,4.94725080685511e-11,-9.02401829988225e-11)
(7.7822225064742e-12,5.38300697400375e-11,-6.13692761784735e-11)
(6.89802061102459e-12,5.6195157994788e-11,-3.09785927819391e-11)
(0,0,0)
(0,0,0)
(0,0,0)
(0,0,0)
(0,0,0)
(0,0,0)
(1.50098786246903e-12,-5.59132914767315e-13,-1.56357383844863e-10)
(2.89752957800084e-12,5.50335868556025e-14,-1.5593361763912e-10)
(3.52852224382872e-12,1.15230616641393e-12,-1.54257440842285e-10)
(4.21220634777672e-12,4.08333143814625e-12,-1.51440502355244e-10)
(6.66882572989117e-12,7.95475640971521e-12,-1.45353692857814e-10)
(7.86021193047918e-12,1.34486729452936e-11,-1.34318866591623e-10)
(7.55721439458141e-12,2.03032877208408e-11,-1.1700604237165e-10)
(8.43088781956061e-12,2.47972389913442e-11,-9.29387768598139e-11)
(8.17175688968427e-12,2.73096871603371e-11,-6.38940593927063e-11)
(7.67309244400186e-12,2.86726755485584e-11,-3.25037111701111e-11)
(0,0,0)
(0,0,0)
(0,0,0)
(0,0,0)
(0,0,0)
(0,0,0)
(0,0,0)
(0,0,0)
(0,0,0)
(0,0,0)
(0,0,0)
(0,0,0)
(0,0,0)
(0,0,0)
(0,0,0)
(0,0,0)
(0,0,0)
(0,0,0)
(0,0,0)
(0,0,0)
(0,0,0)
(0,0,0)
(0,0,0)
(0,0,0)
(0,0,0)
(0,0,0)
(0,0,0)
(0,0,0)
(0,0,0)
(0,0,0)
(0,0,0)
(0,0,0)
(0,0,0)
(0,0,0)
(0,0,0)
(0,0,0)
(0,0,0)
(0,0,0)
(0,0,0)
(0,0,0)
(0,0,0)
(0,0,0)
(0,0,0)
(0,0,0)
(0,0,0)
(0,0,0)
(0,0,0)
(0,0,0)
(0,0,0)
(0,0,0)
(0,0,0)
(0,0,0)
(0,0,0)
(0,0,0)
(0,0,0)
(0,0,0)
(0,0,0)
(0,0,0)
(0,0,0)
(0,0,0)
(0,0,0)
(0,0,0)
(0,0,0)
(0,0,0)
(0,0,0)
(0,0,0)
(0,0,0)
(0,0,0)
(0,0,0)
(0,0,0)
(0,0,0)
(0,0,0)
(0,0,0)
(0,0,0)
(0,0,0)
(0,0,0)
(0,0,0)
(0,0,0)
(0,0,0)
(0,0,0)
(0,0,0)
(0,0,0)
(0,0,0)
(0,0,0)
(0,0,0)
(0,0,0)
(0,0,0)
(0,0,0)
(0,0,0)
(0,0,0)
(0,0,0)
(0,0,0)
(0,0,0)
(0,0,0)
(0,0,0)
(0,0,0)
(0,0,0)
(0,0,0)
(0,0,0)
(0,0,0)
(0,0,0)
(0,0,0)
(-6.05634515155198e-14,1.47026668902852e-11,-1.82344238051155e-11)
(-7.74913481337799e-13,2.77419593795078e-11,-1.73188156772644e-11)
(-5.1915241067452e-13,4.08599951994332e-11,-1.62256666799693e-11)
(-3.97274698673086e-13,5.62910055133423e-11,-1.42283882376948e-11)
(-1.04126888516129e-13,7.34647040465756e-11,-1.17016335465336e-11)
(-1.91617804520982e-13,9.20459190277397e-11,-8.7763844287015e-12)
(-3.41670753014512e-13,1.10472102612309e-10,-6.36045968491729e-12)
(-6.05514466018095e-13,1.25510687007144e-10,-4.79487770907591e-12)
(-8.85317270885393e-13,1.36509009472667e-10,-3.5837320888137e-12)
(-8.41345705806785e-13,1.41148928335241e-10,-1.84348524427689e-12)
(0,0,0)
(0,0,0)
(0,0,0)
(0,0,0)
(0,0,0)
(0,0,0)
(1.48040480578819e-14,1.37264953109122e-11,-3.46673299784567e-11)
(-5.09879010454333e-13,2.58738969008755e-11,-3.28737556256722e-11)
(-3.71296799183734e-13,3.8343564346479e-11,-3.0784061782939e-11)
(-4.57773099669833e-13,5.33669761235169e-11,-2.76958416429254e-11)
(-6.93778547540908e-13,7.04353280402084e-11,-2.3382545974813e-11)
(-8.00872795314383e-13,8.94383764794508e-11,-1.83882154934375e-11)
(-8.3462992194939e-13,1.08564849883455e-10,-1.37021273639623e-11)
(-1.1181925817775e-12,1.23694026920864e-10,-1.0097244310619e-11)
(-9.98755162702008e-13,1.33883445357245e-10,-7.22857198639689e-12)
(-6.51246559337189e-13,1.38464097385158e-10,-3.60152709486296e-12)
(0,0,0)
(0,0,0)
(0,0,0)
(0,0,0)
(0,0,0)
(0,0,0)
(-1.43810829218988e-13,1.19477250062e-11,-5.09600799312424e-11)
(-2.88332818192184e-13,2.32743240476708e-11,-4.90467181231523e-11)
(-4.88180949395433e-13,3.48840474072932e-11,-4.57856218060529e-11)
(-8.28662643166292e-13,4.85959073557346e-11,-4.15075048849875e-11)
(-1.35005907937533e-12,6.47472190113014e-11,-3.59420807222083e-11)
(-1.16293529834283e-12,8.39514155546437e-11,-2.95864352869525e-11)
(-5.73489273394777e-13,1.04125336908166e-10,-2.27164022059416e-11)
(-3.27532760871943e-13,1.19707162014866e-10,-1.68066127411456e-11)
(-5.43775435878488e-14,1.2925764530301e-10,-1.15062210168469e-11)
(3.56238172594486e-13,1.34211323730956e-10,-6.00198600923157e-12)
(0,0,0)
(0,0,0)
(0,0,0)
(0,0,0)
(0,0,0)
(0,0,0)
(-1.04138866657053e-13,9.89055236887905e-12,-6.6427775897454e-11)
(-3.73720511534505e-13,1.97248949123901e-11,-6.46672548397276e-11)
(-6.04860095732974e-13,3.01177495368286e-11,-6.12404686574488e-11)
(-7.96329175209464e-13,4.22018205497861e-11,-5.62687924486826e-11)
(-1.22133898844899e-12,5.70415144966678e-11,-4.95331996758597e-11)
(-8.11010161670395e-13,7.59184471752988e-11,-4.20308868759857e-11)
(6.31734843095146e-13,9.76420581699703e-11,-3.33517917825575e-11)
(5.16797759548892e-13,1.14079237529697e-10,-2.56783062894895e-11)
(1.0048295838409e-12,1.23699032751806e-10,-1.82088556666245e-11)
(2.20521177747072e-12,1.28565575894319e-10,-1.00545494751627e-11)
(0,0,0)
(0,0,0)
(0,0,0)
(0,0,0)
(0,0,0)
(0,0,0)
(-1.11755745146149e-13,8.02589244450418e-12,-8.41660097784631e-11)
(-3.82361362283506e-13,1.59243882185828e-11,-8.18464378261462e-11)
(-7.42940126341474e-13,2.45412132323112e-11,-7.77722867271836e-11)
(-8.29078325159964e-13,3.4669898601755e-11,-7.20711932112636e-11)
(-1.28750162228365e-12,4.83178627083422e-11,-6.52396919360287e-11)
(-7.84451238482691e-13,6.64283419202075e-11,-5.79281910275303e-11)
(1.53033585398266e-12,9.06003075199829e-11,-4.90307780789428e-11)
(1.64292973876664e-12,1.07126584666393e-10,-3.83918623332601e-11)
(2.0597554405894e-12,1.16549556144192e-10,-2.70804044462416e-11)
(3.03519552161548e-12,1.20716238196625e-10,-1.43913798149853e-11)
(0,0,0)
(0,0,0)
(0,0,0)
(0,0,0)
(0,0,0)
(0,0,0)
(-1.86573109268872e-13,5.5945647470383e-12,-1.00985067322846e-10)
(-2.14451090179629e-13,1.14678757573407e-11,-9.85392022132343e-11)
(-5.04272704517524e-13,1.809717959004e-11,-9.45540233891554e-11)
(-5.4502816455929e-13,2.70093190013665e-11,-8.9211466128293e-11)
(-1.0173313351852e-12,3.97188601775585e-11,-8.28974404390576e-11)
(-7.25985166047437e-13,5.67464777331568e-11,-7.58434763219075e-11)
(2.24496007199236e-12,8.1491727628268e-11,-6.71363019537287e-11)
(2.51213412853666e-12,9.74580565181284e-11,-5.30434322722843e-11)
(3.15213855143604e-12,1.05920286953543e-10,-3.68332328700321e-11)
(3.65007614290882e-12,1.09360053903254e-10,-1.88768797891958e-11)
(0,0,0)
(0,0,0)
(0,0,0)
(0,0,0)
(0,0,0)
(0,0,0)
(-6.69897346907498e-14,2.96212652815122e-12,-1.16236002224055e-10)
(6.04954113137872e-15,7.26824584308563e-12,-1.14259622276888e-10)
(-1.2515773383688e-13,1.22503496246612e-11,-1.10779420733178e-10)
(-2.35504569339995e-14,2.01502651475664e-11,-1.0631912954448e-10)
(7.07629102337126e-14,3.16475647252367e-11,-1.00855016783484e-10)
(-8.00438942266646e-14,4.73133181989347e-11,-9.36441118266127e-11)
(2.17903926130399e-12,6.96438180188088e-11,-8.42909221149705e-11)
(3.06071760268429e-12,8.37599912444003e-11,-6.70321115506179e-11)
(3.76838689970757e-12,9.11160724241547e-11,-4.61840244793723e-11)
(3.62782002202747e-12,9.41332502569661e-11,-2.33278392484448e-11)
(0,0,0)
(0,0,0)
(0,0,0)
(0,0,0)
(0,0,0)
(0,0,0)
(3.06709453021507e-13,9.18756846299523e-13,-1.32334812912715e-10)
(4.16206066480659e-13,3.7940938405121e-12,-1.30668416555381e-10)
(4.2034096103198e-13,7.66490070212157e-12,-1.27748330528767e-10)
(7.09247418128642e-13,1.46626019296471e-11,-1.23648845068873e-10)
(1.88621487289801e-12,2.45074226785929e-11,-1.18206515808241e-10)
(2.19639629631245e-12,3.78800845930517e-11,-1.0906892964493e-10)
(2.80186966719664e-12,5.45640467157666e-11,-9.58575640815743e-11)
(3.49455847193712e-12,6.59726217758473e-11,-7.65157520931782e-11)
(3.77474220920573e-12,7.20282740929294e-11,-5.29685318372318e-11)
(3.07834202740094e-12,7.443323103055e-11,-2.68174317351262e-11)
(0,0,0)
(0,0,0)
(0,0,0)
(0,0,0)
(0,0,0)
(0,0,0)
(2.81721316988423e-13,-4.40930058012483e-13,-1.45556986071744e-10)
(8.38337978439963e-13,1.29021388038611e-12,-1.45165639249719e-10)
(1.42744362019378e-12,3.98575620324842e-12,-1.42994198863803e-10)
(1.85257016564033e-12,9.92952008716812e-12,-1.38935569171301e-10)
(3.36949840816626e-12,1.72560513881555e-11,-1.32293907518122e-10)
(3.67116745899601e-12,2.6865115326016e-11,-1.21032535973605e-10)
(3.4931488228204e-12,3.8024104394559e-11,-1.04712248197816e-10)
(3.8163262760842e-12,4.59199599918426e-11,-8.28802159821929e-11)
(3.91192168964191e-12,4.96519162000259e-11,-5.65817824580204e-11)
(3.44191027532325e-12,5.06941413228285e-11,-2.84164004300517e-11)
(0,0,0)
(0,0,0)
(0,0,0)
(0,0,0)
(0,0,0)
(0,0,0)
(5.18088741958691e-13,-5.50555563046451e-13,-1.53084617124916e-10)
(1.27638636802106e-12,-4.28885270917427e-14,-1.53117083946003e-10)
(1.86388992320155e-12,1.35457013094713e-12,-1.51883586105074e-10)
(2.20872828849252e-12,5.14042859962363e-12,-1.48665126050925e-10)
(3.58875587341839e-12,9.36417825180099e-12,-1.41315969162809e-10)
(3.99606065579579e-12,1.4215995009221e-11,-1.2836303503759e-10)
(3.79323660358808e-12,1.96852210017654e-11,-1.10150979372573e-10)
(4.18340934379829e-12,2.34378527437516e-11,-8.66725217672195e-11)
(4.09109582742435e-12,2.53984558616973e-11,-5.90512596796697e-11)
(3.84205682244754e-12,2.57196511681005e-11,-2.9561707990548e-11)
(0,0,0)
(0,0,0)
(0,0,0)
(0,0,0)
(0,0,0)
(0,0,0)
(0,0,0)
(0,0,0)
(0,0,0)
(0,0,0)
(0,0,0)
(0,0,0)
(0,0,0)
(0,0,0)
(0,0,0)
(0,0,0)
(0,0,0)
(0,0,0)
(0,0,0)
(0,0,0)
(0,0,0)
(0,0,0)
(0,0,0)
(0,0,0)
(0,0,0)
(0,0,0)
(0,0,0)
(0,0,0)
(0,0,0)
(0,0,0)
(0,0,0)
(0,0,0)
(0,0,0)
(0,0,0)
(0,0,0)
(0,0,0)
(0,0,0)
(0,0,0)
(0,0,0)
(0,0,0)
(0,0,0)
(0,0,0)
(0,0,0)
(0,0,0)
(0,0,0)
(0,0,0)
(0,0,0)
(0,0,0)
(0,0,0)
(0,0,0)
(0,0,0)
(0,0,0)
(0,0,0)
(0,0,0)
(0,0,0)
(0,0,0)
(0,0,0)
(0,0,0)
(0,0,0)
(0,0,0)
(0,0,0)
(0,0,0)
(0,0,0)
(0,0,0)
(0,0,0)
(0,0,0)
(0,0,0)
(0,0,0)
(0,0,0)
(0,0,0)
(0,0,0)
(0,0,0)
(0,0,0)
(0,0,0)
(0,0,0)
(0,0,0)
(0,0,0)
(0,0,0)
(0,0,0)
(0,0,0)
(0,0,0)
(0,0,0)
(0,0,0)
(0,0,0)
(0,0,0)
(0,0,0)
(0,0,0)
(0,0,0)
(0,0,0)
(0,0,0)
(0,0,0)
(0,0,0)
(0,0,0)
(0,0,0)
(0,0,0)
(0,0,0)
(0,0,0)
(0,0,0)
(0,0,0)
(0,0,0)
(0,0,0)
(0,0,0)
(0,0,0)
(0,0,0)
(0,0,0)
(0,0,0)
(0,0,0)
(0,0,0)
(0,0,0)
(0,0,0)
(0,0,0)
(0,0,0)
(0,0,0)
(0,0,0)
(0,0,0)
(0,0,0)
(0,0,0)
(0,0,0)
(0,0,0)
(0,0,0)
(0,0,0)
(0,0,0)
(0,0,0)
(0,0,0)
(0,0,0)
(0,0,0)
(0,0,0)
(0,0,0)
(0,0,0)
(0,0,0)
(0,0,0)
(0,0,0)
(0,0,0)
(0,0,0)
(0,0,0)
(0,0,0)
(0,0,0)
(0,0,0)
(0,0,0)
(0,0,0)
(0,0,0)
(0,0,0)
(0,0,0)
(0,0,0)
(0,0,0)
(0,0,0)
(0,0,0)
(0,0,0)
(0,0,0)
(0,0,0)
(0,0,0)
(0,0,0)
(0,0,0)
(0,0,0)
(0,0,0)
(0,0,0)
(0,0,0)
(0,0,0)
(0,0,0)
(0,0,0)
(0,0,0)
(0,0,0)
(0,0,0)
(0,0,0)
(0,0,0)
(0,0,0)
(0,0,0)
(0,0,0)
(0,0,0)
(0,0,0)
(0,0,0)
(0,0,0)
(0,0,0)
(0,0,0)
(0,0,0)
(0,0,0)
(0,0,0)
(0,0,0)
(0,0,0)
(0,0,0)
(0,0,0)
(0,0,0)
(0,0,0)
(0,0,0)
(0,0,0)
(0,0,0)
(0,0,0)
(0,0,0)
(0,0,0)
(0,0,0)
(0,0,0)
(0,0,0)
(0,0,0)
(0,0,0)
(0,0,0)
(0,0,0)
(0,0,0)
(0,0,0)
(0,0,0)
(0,0,0)
(0,0,0)
(0,0,0)
(0,0,0)
(0,0,0)
(0,0,0)
(0,0,0)
(0,0,0)
(0,0,0)
(0,0,0)
(0,0,0)
(0,0,0)
(0,0,0)
(0,0,0)
(0,0,0)
(0,0,0)
(0,0,0)
(0,0,0)
(0,0,0)
(0,0,0)
(0,0,0)
(0,0,0)
(0,0,0)
(0,0,0)
(0,0,0)
(0,0,0)
(0,0,0)
(0,0,0)
(0,0,0)
(0,0,0)
(0,0,0)
(0,0,0)
(0,0,0)
(0,0,0)
(0,0,0)
(0,0,0)
(0,0,0)
(0,0,0)
(0,0,0)
(0,0,0)
(0,0,0)
(0,0,0)
(0,0,0)
(0,0,0)
(0,0,0)
(0,0,0)
(0,0,0)
(0,0,0)
(0,0,0)
(0,0,0)
(0,0,0)
(0,0,0)
(0,0,0)
(0,0,0)
(0,0,0)
(0,0,0)
(0,0,0)
(0,0,0)
(0,0,0)
(0,0,0)
(0,0,0)
(0,0,0)
(0,0,0)
(0,0,0)
(0,0,0)
(0,0,0)
(0,0,0)
(0,0,0)
(0,0,0)
(0,0,0)
(0,0,0)
(0,0,0)
(0,0,0)
(0,0,0)
(0,0,0)
(0,0,0)
(0,0,0)
(0,0,0)
(0,0,0)
(0,0,0)
(0,0,0)
(0,0,0)
(0,0,0)
(0,0,0)
(0,0,0)
(0,0,0)
(0,0,0)
(0,0,0)
(0,0,0)
(0,0,0)
(0,0,0)
(0,0,0)
(0,0,0)
(0,0,0)
(0,0,0)
(0,0,0)
(0,0,0)
(0,0,0)
(0,0,0)
(0,0,0)
(0,0,0)
(0,0,0)
(0,0,0)
(0,0,0)
(0,0,0)
(0,0,0)
(0,0,0)
(0,0,0)
(0,0,0)
(0,0,0)
(0,0,0)
(0,0,0)
(0,0,0)
(0,0,0)
(0,0,0)
(0,0,0)
(0,0,0)
(0,0,0)
(0,0,0)
(0,0,0)
(0,0,0)
(0,0,0)
(0,0,0)
(0,0,0)
(0,0,0)
(0,0,0)
(0,0,0)
(0,0,0)
(0,0,0)
(0,0,0)
(0,0,0)
(0,0,0)
(0,0,0)
(0,0,0)
(0,0,0)
(0,0,0)
(0,0,0)
(0,0,0)
(0,0,0)
(0,0,0)
(0,0,0)
(0,0,0)
(0,0,0)
(0,0,0)
(0,0,0)
(0,0,0)
(0,0,0)
(0,0,0)
(0,0,0)
(0,0,0)
(0,0,0)
(0,0,0)
(0,0,0)
(0,0,0)
(0,0,0)
(0,0,0)
(0,0,0)
(0,0,0)
(0,0,0)
(0,0,0)
(0,0,0)
(0,0,0)
(0,0,0)
(0,0,0)
(0,0,0)
(0,0,0)
(0,0,0)
(0,0,0)
(0,0,0)
(0,0,0)
(0,0,0)
(0,0,0)
(0,0,0)
(0,0,0)
(0,0,0)
(0,0,0)
(0,0,0)
(0,0,0)
(0,0,0)
(0,0,0)
(0,0,0)
(0,0,0)
(0,0,0)
(0,0,0)
(0,0,0)
(0,0,0)
(0,0,0)
(0,0,0)
(0,0,0)
(0,0,0)
(0,0,0)
(0,0,0)
(0,0,0)
(0,0,0)
(0,0,0)
(0,0,0)
(0,0,0)
(0,0,0)
(0,0,0)
(0,0,0)
(0,0,0)
(0,0,0)
(0,0,0)
(0,0,0)
(0,0,0)
(0,0,0)
(0,0,0)
(0,0,0)
(0,0,0)
(0,0,0)
(0,0,0)
(0,0,0)
(0,0,0)
(0,0,0)
(0,0,0)
(0,0,0)
(0,0,0)
(0,0,0)
(0,0,0)
(0,0,0)
(0,0,0)
(0,0,0)
(0,0,0)
(0,0,0)
(0,0,0)
(0,0,0)
(0,0,0)
(0,0,0)
(0,0,0)
(0,0,0)
(0,0,0)
(0,0,0)
(0,0,0)
(0,0,0)
(0,0,0)
(0,0,0)
(0,0,0)
(0,0,0)
(0,0,0)
(0,0,0)
(0,0,0)
(0,0,0)
(0,0,0)
(0,0,0)
(0,0,0)
(0,0,0)
(0,0,0)
(0,0,0)
(0,0,0)
(0,0,0)
(0,0,0)
(0,0,0)
(0,0,0)
(0,0,0)
(0,0,0)
(0,0,0)
(0,0,0)
(0,0,0)
(0,0,0)
(0,0,0)
(0,0,0)
(0,0,0)
(0,0,0)
(0,0,0)
(0,0,0)
(0,0,0)
(0,0,0)
(0,0,0)
(0,0,0)
(0,0,0)
(0,0,0)
(0,0,0)
(0,0,0)
(0,0,0)
(0,0,0)
(0,0,0)
(0,0,0)
(0,0,0)
(0,0,0)
(0,0,0)
(0,0,0)
(0,0,0)
(0,0,0)
(0,0,0)
(0,0,0)
(0,0,0)
(0,0,0)
(0,0,0)
(0,0,0)
(0,0,0)
(0,0,0)
(0,0,0)
(0,0,0)
(0,0,0)
(0,0,0)
(0,0,0)
(0,0,0)
(0,0,0)
(0,0,0)
(0,0,0)
(0,0,0)
(0,0,0)
(0,0,0)
(0,0,0)
(0,0,0)
(0,0,0)
(0,0,0)
(0,0,0)
(0,0,0)
(0,0,0)
(0,0,0)
(0,0,0)
(0,0,0)
(0,0,0)
(0,0,0)
(0,0,0)
(0,0,0)
(0,0,0)
(0,0,0)
(0,0,0)
(0,0,0)
(0,0,0)
(0,0,0)
(0,0,0)
(0,0,0)
(0,0,0)
(0,0,0)
(0,0,0)
(0,0,0)
(0,0,0)
(0,0,0)
(0,0,0)
(0,0,0)
(0,0,0)
(0,0,0)
(0,0,0)
(0,0,0)
(0,0,0)
(0,0,0)
(0,0,0)
(0,0,0)
(0,0,0)
(0,0,0)
(0,0,0)
(0,0,0)
(0,0,0)
(0,0,0)
(0,0,0)
(0,0,0)
(0,0,0)
(0,0,0)
(0,0,0)
(0,0,0)
(0,0,0)
(0,0,0)
(0,0,0)
(0,0,0)
(0,0,0)
(0,0,0)
(0,0,0)
(0,0,0)
(0,0,0)
(0,0,0)
(0,0,0)
(0,0,0)
(0,0,0)
(0,0,0)
(0,0,0)
(0,0,0)
(0,0,0)
(0,0,0)
(0,0,0)
(0,0,0)
(0,0,0)
(0,0,0)
(0,0,0)
(0,0,0)
(0,0,0)
(0,0,0)
(0,0,0)
(0,0,0)
(0,0,0)
(0,0,0)
(0,0,0)
(0,0,0)
(0,0,0)
(0,0,0)
(0,0,0)
(0,0,0)
(0,0,0)
(0,0,0)
(0,0,0)
(0,0,0)
(0,0,0)
(0,0,0)
(0,0,0)
(0,0,0)
(0,0,0)
(0,0,0)
(0,0,0)
(0,0,0)
(0,0,0)
(0,0,0)
(0,0,0)
(0,0,0)
(0,0,0)
(0,0,0)
(0,0,0)
(0,0,0)
(0,0,0)
(0,0,0)
(0,0,0)
(0,0,0)
(0,0,0)
(0,0,0)
(0,0,0)
(0,0,0)
(0,0,0)
(0,0,0)
(0,0,0)
(0,0,0)
(0,0,0)
(0,0,0)
(0,0,0)
(0,0,0)
(0,0,0)
(0,0,0)
(0,0,0)
(0,0,0)
(0,0,0)
(0,0,0)
(0,0,0)
(0,0,0)
(0,0,0)
(0,0,0)
(0,0,0)
(0,0,0)
(0,0,0)
(0,0,0)
(0,0,0)
(0,0,0)
(0,0,0)
(0,0,0)
(0,0,0)
(0,0,0)
(0,0,0)
(0,0,0)
(0,0,0)
(0,0,0)
(0,0,0)
(0,0,0)
(0,0,0)
(0,0,0)
(0,0,0)
(0,0,0)
(0,0,0)
(0,0,0)
(0,0,0)
(0,0,0)
(0,0,0)
(0,0,0)
(0,0,0)
(0,0,0)
(0,0,0)
(0,0,0)
(0,0,0)
(0,0,0)
(0,0,0)
(0,0,0)
(0,0,0)
(0,0,0)
(0,0,0)
(0,0,0)
(0,0,0)
(0,0,0)
(0,0,0)
(0,0,0)
(0,0,0)
(0,0,0)
(0,0,0)
(0,0,0)
(0,0,0)
(0,0,0)
(0,0,0)
(0,0,0)
(0,0,0)
(0,0,0)
(0,0,0)
(0,0,0)
(0,0,0)
(0,0,0)
(0,0,0)
(0,0,0)
(0,0,0)
(0,0,0)
(0,0,0)
(0,0,0)
(0,0,0)
(0,0,0)
(0,0,0)
(0,0,0)
(0,0,0)
(0,0,0)
(0,0,0)
(0,0,0)
(0,0,0)
(0,0,0)
(0,0,0)
(0,0,0)
(0,0,0)
(0,0,0)
(0,0,0)
(0,0,0)
(0,0,0)
(0,0,0)
(0,0,0)
(0,0,0)
(0,0,0)
(0,0,0)
(0,0,0)
(0,0,0)
(0,0,0)
(0,0,0)
(0,0,0)
(0,0,0)
(0,0,0)
(0,0,0)
(0,0,0)
(0,0,0)
(0,0,0)
(0,0,0)
(0,0,0)
(0,0,0)
(0,0,0)
(0,0,0)
(0,0,0)
(0,0,0)
(0,0,0)
(0,0,0)
(0,0,0)
(0,0,0)
(0,0,0)
(0,0,0)
(0,0,0)
(0,0,0)
(0,0,0)
(0,0,0)
(0,0,0)
(0,0,0)
(0,0,0)
(0,0,0)
(0,0,0)
(0,0,0)
(0,0,0)
(0,0,0)
(0,0,0)
(0,0,0)
(0,0,0)
(0,0,0)
(0,0,0)
(0,0,0)
(0,0,0)
(0,0,0)
(0,0,0)
(0,0,0)
(0,0,0)
(0,0,0)
(0,0,0)
(0,0,0)
(0,0,0)
(0,0,0)
(0,0,0)
(0,0,0)
(0,0,0)
(0,0,0)
(0,0,0)
(0,0,0)
(0,0,0)
(0,0,0)
(0,0,0)
(0,0,0)
(0,0,0)
(0,0,0)
(0,0,0)
(0,0,0)
(0,0,0)
(0,0,0)
(0,0,0)
(0,0,0)
(0,0,0)
(0,0,0)
(0,0,0)
(0,0,0)
(0,0,0)
(0,0,0)
(0,0,0)
(0,0,0)
(0,0,0)
(0,0,0)
(0,0,0)
(0,0,0)
(0,0,0)
(0,0,0)
(0,0,0)
(0,0,0)
(0,0,0)
(0,0,0)
(0,0,0)
(0,0,0)
(0,0,0)
(0,0,0)
(0,0,0)
(0,0,0)
(0,0,0)
(0,0,0)
(0,0,0)
(0,0,0)
(0,0,0)
(0,0,0)
(0,0,0)
)
;

boundaryField
{
    fuel
    {
        type            fixedValue;
        value           uniform (0.1 0 0);
    }
    air
    {
        type            fixedValue;
        value           uniform (-0.1 0 0);
    }
    outlet
    {
        type            zeroGradient;
    }
    frontAndBack
    {
        type            empty;
    }
}


// ************************************************************************* //
 