/*--------------------------------*- C++ -*----------------------------------*\
| =========                 |                                                 |
| \\      /  F ield         | foam-extend: Open Source Cstd::filesystem::create_directory();FD                    |
|  \\    /   O peration     | Version:     4.0                                |
|   \\  /    A nd           | Web:         http://www.foam-extend.org         |
|    \\/     M anipulation  |                                                 |
\*---------------------------------------------------------------------------*/
FoamFile
{
    version 2.0;
    format ascii;
    class volVectorField;
    location "Data/3332";
    object      H;
}
// * * * * * * * * * * * * * * * * * * * * * * * * * * * * * * * * * * * * * //

dimensions      [0 1 -1 0 0 0 0];

internalField   nonuniform List<vector>
4096
(
(0,0,0)
(0,0,0)
(0,0,0)
(0,0,0)
(0,0,0)
(0,0,0)
(0,0,0)
(0,0,0)
(0,0,0)
(0,0,0)
(0,0,0)
(0,0,0)
(0,0,0)
(0,0,0)
(0,0,0)
(0,0,0)
(0,0,0)
(0,0,0)
(0,0,0)
(0,0,0)
(0,0,0)
(0,0,0)
(0,0,0)
(0,0,0)
(0,0,0)
(0,0,0)
(0,0,0)
(0,0,0)
(0,0,0)
(0,0,0)
(0,0,0)
(0,0,0)
(0,0,0)
(0,0,0)
(0,0,0)
(0,0,0)
(0,0,0)
(0,0,0)
(0,0,0)
(0,0,0)
(0,0,0)
(0,0,0)
(0,0,0)
(0,0,0)
(0,0,0)
(0,0,0)
(0,0,0)
(0,0,0)
(0,0,0)
(0,0,0)
(0,0,0)
(0,0,0)
(0,0,0)
(0,0,0)
(0,0,0)
(0,0,0)
(0,0,0)
(0,0,0)
(0,0,0)
(0,0,0)
(0,0,0)
(0,0,0)
(0,0,0)
(0,0,0)
(0,0,0)
(0,0,0)
(0,0,0)
(0,0,0)
(0,0,0)
(0,0,0)
(0,0,0)
(0,0,0)
(0,0,0)
(0,0,0)
(0,0,0)
(0,0,0)
(0,0,0)
(0,0,0)
(0,0,0)
(0,0,0)
(0,0,0)
(0,0,0)
(0,0,0)
(0,0,0)
(0,0,0)
(0,0,0)
(0,0,0)
(0,0,0)
(0,0,0)
(0,0,0)
(0,0,0)
(0,0,0)
(0,0,0)
(0,0,0)
(0,0,0)
(0,0,0)
(0,0,0)
(0,0,0)
(0,0,0)
(0,0,0)
(0,0,0)
(0,0,0)
(0,0,0)
(0,0,0)
(0,0,0)
(0,0,0)
(0,0,0)
(0,0,0)
(0,0,0)
(0,0,0)
(0,0,0)
(0,0,0)
(0,0,0)
(0,0,0)
(0,0,0)
(0,0,0)
(0,0,0)
(0,0,0)
(0,0,0)
(0,0,0)
(0,0,0)
(0,0,0)
(0,0,0)
(0,0,0)
(0,0,0)
(0,0,0)
(0,0,0)
(0,0,0)
(0,0,0)
(0,0,0)
(0,0,0)
(0,0,0)
(0,0,0)
(0,0,0)
(0,0,0)
(0,0,0)
(0,0,0)
(0,0,0)
(0,0,0)
(0,0,0)
(0,0,0)
(0,0,0)
(0,0,0)
(0,0,0)
(0,0,0)
(0,0,0)
(0,0,0)
(0,0,0)
(0,0,0)
(0,0,0)
(0,0,0)
(0,0,0)
(0,0,0)
(0,0,0)
(0,0,0)
(0,0,0)
(0,0,0)
(0,0,0)
(0,0,0)
(0,0,0)
(0,0,0)
(0,0,0)
(0,0,0)
(0,0,0)
(0,0,0)
(0,0,0)
(0,0,0)
(0,0,0)
(0,0,0)
(0,0,0)
(0,0,0)
(0,0,0)
(0,0,0)
(0,0,0)
(0,0,0)
(0,0,0)
(0,0,0)
(0,0,0)
(0,0,0)
(0,0,0)
(0,0,0)
(0,0,0)
(0,0,0)
(0,0,0)
(0,0,0)
(0,0,0)
(0,0,0)
(0,0,0)
(0,0,0)
(0,0,0)
(0,0,0)
(0,0,0)
(0,0,0)
(0,0,0)
(0,0,0)
(0,0,0)
(0,0,0)
(0,0,0)
(0,0,0)
(0,0,0)
(0,0,0)
(0,0,0)
(0,0,0)
(0,0,0)
(0,0,0)
(0,0,0)
(0,0,0)
(0,0,0)
(0,0,0)
(0,0,0)
(0,0,0)
(0,0,0)
(0,0,0)
(0,0,0)
(0,0,0)
(0,0,0)
(0,0,0)
(0,0,0)
(0,0,0)
(0,0,0)
(0,0,0)
(0,0,0)
(0,0,0)
(0,0,0)
(0,0,0)
(0,0,0)
(0,0,0)
(0,0,0)
(0,0,0)
(0,0,0)
(0,0,0)
(0,0,0)
(0,0,0)
(0,0,0)
(0,0,0)
(0,0,0)
(0,0,0)
(0,0,0)
(0,0,0)
(0,0,0)
(0,0,0)
(0,0,0)
(0,0,0)
(0,0,0)
(0,0,0)
(0,0,0)
(0,0,0)
(0,0,0)
(0,0,0)
(0,0,0)
(0,0,0)
(0,0,0)
(0,0,0)
(0,0,0)
(0,0,0)
(0,0,0)
(0,0,0)
(0,0,0)
(0,0,0)
(0,0,0)
(0,0,0)
(0,0,0)
(0,0,0)
(0,0,0)
(0,0,0)
(0,0,0)
(0,0,0)
(0,0,0)
(0,0,0)
(0,0,0)
(0,0,0)
(0,0,0)
(0,0,0)
(0,0,0)
(0,0,0)
(0,0,0)
(0,0,0)
(0,0,0)
(0,0,0)
(0,0,0)
(0,0,0)
(0,0,0)
(0,0,0)
(0,0,0)
(0,0,0)
(0,0,0)
(0,0,0)
(0,0,0)
(0,0,0)
(0,0,0)
(0,0,0)
(0,0,0)
(0,0,0)
(0,0,0)
(0,0,0)
(0,0,0)
(0,0,0)
(0,0,0)
(0,0,0)
(0,0,0)
(0,0,0)
(0,0,0)
(0,0,0)
(0,0,0)
(0,0,0)
(0,0,0)
(0,0,0)
(0,0,0)
(0,0,0)
(0,0,0)
(0,0,0)
(0,0,0)
(0,0,0)
(0,0,0)
(0,0,0)
(0,0,0)
(0,0,0)
(0,0,0)
(0,0,0)
(0,0,0)
(0,0,0)
(0,0,0)
(0,0,0)
(0,0,0)
(0,0,0)
(0,0,0)
(0,0,0)
(0,0,0)
(0,0,0)
(0,0,0)
(0,0,0)
(0,0,0)
(0,0,0)
(0,0,0)
(0,0,0)
(0,0,0)
(0,0,0)
(0,0,0)
(0,0,0)
(0,0,0)
(0,0,0)
(0,0,0)
(0,0,0)
(0,0,0)
(0,0,0)
(0,0,0)
(0,0,0)
(0,0,0)
(0,0,0)
(0,0,0)
(0,0,0)
(0,0,0)
(0,0,0)
(0,0,0)
(0,0,0)
(0,0,0)
(0,0,0)
(0,0,0)
(0,0,0)
(0,0,0)
(0,0,0)
(0,0,0)
(0,0,0)
(0,0,0)
(0,0,0)
(0,0,0)
(0,0,0)
(0,0,0)
(0,0,0)
(0,0,0)
(0,0,0)
(0,0,0)
(0,0,0)
(0,0,0)
(0,0,0)
(0,0,0)
(0,0,0)
(0,0,0)
(0,0,0)
(0,0,0)
(0,0,0)
(0,0,0)
(0,0,0)
(0,0,0)
(0,0,0)
(0,0,0)
(0,0,0)
(0,0,0)
(0,0,0)
(0,0,0)
(0,0,0)
(0,0,0)
(0,0,0)
(0,0,0)
(0,0,0)
(0,0,0)
(0,0,0)
(0,0,0)
(0,0,0)
(0,0,0)
(0,0,0)
(0,0,0)
(0,0,0)
(0,0,0)
(0,0,0)
(0,0,0)
(0,0,0)
(0,0,0)
(0,0,0)
(0,0,0)
(0,0,0)
(0,0,0)
(0,0,0)
(0,0,0)
(0,0,0)
(0,0,0)
(0,0,0)
(0,0,0)
(0,0,0)
(0,0,0)
(0,0,0)
(0,0,0)
(0,0,0)
(0,0,0)
(0,0,0)
(0,0,0)
(0,0,0)
(0,0,0)
(0,0,0)
(0,0,0)
(0,0,0)
(0,0,0)
(0,0,0)
(0,0,0)
(0,0,0)
(0,0,0)
(0,0,0)
(0,0,0)
(0,0,0)
(0,0,0)
(0,0,0)
(0,0,0)
(0,0,0)
(0,0,0)
(0,0,0)
(0,0,0)
(0,0,0)
(0,0,0)
(0,0,0)
(0,0,0)
(0,0,0)
(0,0,0)
(0,0,0)
(0,0,0)
(0,0,0)
(0,0,0)
(0,0,0)
(0,0,0)
(0,0,0)
(0,0,0)
(0,0,0)
(0,0,0)
(0,0,0)
(0,0,0)
(0,0,0)
(0,0,0)
(0,0,0)
(0,0,0)
(0,0,0)
(0,0,0)
(0,0,0)
(0,0,0)
(0,0,0)
(0,0,0)
(0,0,0)
(0,0,0)
(0,0,0)
(0,0,0)
(0,0,0)
(0,0,0)
(0,0,0)
(0,0,0)
(0,0,0)
(0,0,0)
(0,0,0)
(0,0,0)
(0,0,0)
(0,0,0)
(0,0,0)
(0,0,0)
(0,0,0)
(0,0,0)
(0,0,0)
(0,0,0)
(0,0,0)
(0,0,0)
(0,0,0)
(0,0,0)
(0,0,0)
(0,0,0)
(0,0,0)
(0,0,0)
(0,0,0)
(0,0,0)
(0,0,0)
(0,0,0)
(0,0,0)
(0,0,0)
(0,0,0)
(0,0,0)
(0,0,0)
(0,0,0)
(0,0,0)
(0,0,0)
(0,0,0)
(0,0,0)
(0,0,0)
(0,0,0)
(0,0,0)
(0,0,0)
(0,0,0)
(0,0,0)
(0,0,0)
(0,0,0)
(0,0,0)
(0,0,0)
(0,0,0)
(0,0,0)
(0,0,0)
(0,0,0)
(0,0,0)
(0,0,0)
(0,0,0)
(0,0,0)
(0,0,0)
(0,0,0)
(0,0,0)
(0,0,0)
(0,0,0)
(0,0,0)
(0,0,0)
(0,0,0)
(0,0,0)
(0,0,0)
(0,0,0)
(0,0,0)
(0,0,0)
(0,0,0)
(0,0,0)
(0,0,0)
(0,0,0)
(0,0,0)
(0,0,0)
(0,0,0)
(0,0,0)
(0,0,0)
(0,0,0)
(0,0,0)
(0,0,0)
(0,0,0)
(0,0,0)
(0,0,0)
(0,0,0)
(0,0,0)
(0,0,0)
(0,0,0)
(0,0,0)
(0,0,0)
(0,0,0)
(0,0,0)
(0,0,0)
(0,0,0)
(0,0,0)
(0,0,0)
(0,0,0)
(0,0,0)
(0,0,0)
(0,0,0)
(0,0,0)
(0,0,0)
(0,0,0)
(0,0,0)
(0,0,0)
(0,0,0)
(0,0,0)
(0,0,0)
(0,0,0)
(0,0,0)
(0,0,0)
(0,0,0)
(0,0,0)
(0,0,0)
(0,0,0)
(0,0,0)
(0,0,0)
(0,0,0)
(0,0,0)
(0,0,0)
(0,0,0)
(0,0,0)
(0,0,0)
(0,0,0)
(0,0,0)
(0,0,0)
(0,0,0)
(0,0,0)
(0,0,0)
(0,0,0)
(0,0,0)
(0,0,0)
(0,0,0)
(0,0,0)
(0,0,0)
(0,0,0)
(0,0,0)
(0,0,0)
(0,0,0)
(0,0,0)
(0,0,0)
(0,0,0)
(0,0,0)
(0,0,0)
(0,0,0)
(0,0,0)
(0,0,0)
(0,0,0)
(0,0,0)
(0,0,0)
(0,0,0)
(0,0,0)
(0,0,0)
(0,0,0)
(0,0,0)
(0,0,0)
(0,0,0)
(0,0,0)
(0,0,0)
(0,0,0)
(0,0,0)
(0,0,0)
(0,0,0)
(0,0,0)
(0,0,0)
(0,0,0)
(0,0,0)
(0,0,0)
(0,0,0)
(0,0,0)
(0,0,0)
(0,0,0)
(0,0,0)
(0,0,0)
(0,0,0)
(0,0,0)
(0,0,0)
(0,0,0)
(0,0,0)
(0,0,0)
(0,0,0)
(0,0,0)
(0,0,0)
(0,0,0)
(0,0,0)
(0,0,0)
(0,0,0)
(0,0,0)
(0,0,0)
(0,0,0)
(0,0,0)
(0,0,0)
(0,0,0)
(0,0,0)
(0,0,0)
(0,0,0)
(0,0,0)
(0,0,0)
(0,0,0)
(0,0,0)
(0,0,0)
(0,0,0)
(0,0,0)
(0,0,0)
(0,0,0)
(0,0,0)
(0,0,0)
(0,0,0)
(0,0,0)
(0,0,0)
(0,0,0)
(0,0,0)
(0,0,0)
(0,0,0)
(0,0,0)
(0,0,0)
(0,0,0)
(0,0,0)
(0,0,0)
(0,0,0)
(0,0,0)
(0,0,0)
(0,0,0)
(0,0,0)
(0,0,0)
(0,0,0)
(0,0,0)
(0,0,0)
(0,0,0)
(0,0,0)
(0,0,0)
(0,0,0)
(0,0,0)
(0,0,0)
(0,0,0)
(0,0,0)
(0,0,0)
(0,0,0)
(0,0,0)
(0,0,0)
(0,0,0)
(0,0,0)
(0,0,0)
(0,0,0)
(0,0,0)
(0,0,0)
(0,0,0)
(0,0,0)
(0,0,0)
(0,0,0)
(0,0,0)
(0,0,0)
(0,0,0)
(0,0,0)
(0,0,0)
(0,0,0)
(0,0,0)
(0,0,0)
(0,0,0)
(0,0,0)
(0,0,0)
(0,0,0)
(0,0,0)
(0,0,0)
(0,0,0)
(0,0,0)
(0,0,0)
(0,0,0)
(0,0,0)
(0,0,0)
(0,0,0)
(0,0,0)
(0,0,0)
(0,0,0)
(0,0,0)
(0,0,0)
(0,0,0)
(0,0,0)
(0,0,0)
(0,0,0)
(0,0,0)
(0,0,0)
(0,0,0)
(0,0,0)
(0,0,0)
(0,0,0)
(0,0,0)
(0,0,0)
(0,0,0)
(0,0,0)
(0,0,0)
(0,0,0)
(0,0,0)
(0,0,0)
(0,0,0)
(0,0,0)
(0,0,0)
(0,0,0)
(0,0,0)
(0,0,0)
(0,0,0)
(0,0,0)
(0,0,0)
(0,0,0)
(0,0,0)
(0,0,0)
(0,0,0)
(0,0,0)
(0,0,0)
(0,0,0)
(0,0,0)
(0,0,0)
(0,0,0)
(0,0,0)
(0,0,0)
(0,0,0)
(0,0,0)
(0,0,0)
(0,0,0)
(0,0,0)
(0,0,0)
(0,0,0)
(0,0,0)
(0,0,0)
(0,0,0)
(0,0,0)
(0,0,0)
(0,0,0)
(0,0,0)
(0,0,0)
(0,0,0)
(0,0,0)
(0,0,0)
(0,0,0)
(0,0,0)
(0,0,0)
(0,0,0)
(0,0,0)
(0,0,0)
(0,0,0)
(0,0,0)
(6.68765413293139e-13,1.22053042968511e-11,-1.26083264503168e-11)
(2.54013456278439e-13,2.71547593116548e-11,-1.21431247596797e-11)
(8.59552807718945e-13,4.56510187314392e-11,-1.14526349635251e-11)
(3.2965013126498e-12,7.26685411343221e-11,-1.04945733587009e-11)
(4.56515439301898e-12,1.14735111266402e-10,-8.58152621638478e-12)
(5.74748385818999e-12,1.80883218801463e-10,-5.91248373517166e-12)
(6.46302605494363e-12,2.87460664472939e-10,-2.98075772007781e-12)
(6.85193365198145e-12,4.66186023675118e-10,-1.26539520140745e-12)
(6.68268238153552e-12,7.63423446347628e-10,-9.71197762585714e-13)
(6.41554522761234e-12,1.17765804369833e-09,-6.01545780552483e-13)
(0,0,0)
(0,0,0)
(0,0,0)
(0,0,0)
(0,0,0)
(0,0,0)
(3.54350843359203e-13,1.18763066516439e-11,-2.79160604870907e-11)
(1.43482560482955e-13,2.64457996963251e-11,-2.69973816552026e-11)
(2.63830051076139e-12,4.46361810628212e-11,-2.50711646071827e-11)
(6.93387235698971e-12,7.10138698283189e-11,-2.22196360011194e-11)
(9.15583212206032e-12,1.12344600438994e-10,-1.78252017537035e-11)
(1.14668676112863e-11,1.78263349665276e-10,-1.23204380581361e-11)
(1.30217596239463e-11,2.8592543105442e-10,-6.89705455599863e-12)
(1.30447055038837e-11,4.6585252007895e-10,-3.97360999358084e-12)
(1.23219343735347e-11,7.63370114300388e-10,-2.84195547532415e-12)
(1.10262898449661e-11,1.17759589395878e-09,-1.45803500721797e-12)
(0,0,0)
(0,0,0)
(0,0,0)
(0,0,0)
(0,0,0)
(0,0,0)
(7.23603031703895e-13,1.11451401614473e-11,-4.80801873145048e-11)
(2.72468384947539e-12,2.42254514880597e-11,-4.69965173525455e-11)
(7.12075304131254e-12,4.12694815297945e-11,-4.43058294575789e-11)
(1.21900098626322e-11,6.66721917800654e-11,-3.99676763861164e-11)
(1.54967661226996e-11,1.07045927903939e-10,-3.32893216824792e-11)
(1.74402076074954e-11,1.73140567633153e-10,-2.48104778114767e-11)
(1.7424984698124e-11,2.83299220230637e-10,-1.67211749632132e-11)
(1.53869458585118e-11,4.65232821531929e-10,-1.15670593683381e-11)
(1.38900410089172e-11,7.62983318917251e-10,-8.2596667648586e-12)
(1.12819247156742e-11,1.17709628486436e-09,-4.47668407281359e-12)
(0,0,0)
(0,0,0)
(0,0,0)
(0,0,0)
(0,0,0)
(0,0,0)
(2.53881573893941e-12,1.00167146917144e-11,-7.83750976558452e-11)
(5.58648795987212e-12,2.12549419009679e-11,-7.69890366305883e-11)
(1.02629718234886e-11,3.65937204083443e-11,-7.37258214762472e-11)
(1.56782145573399e-11,5.98455944970684e-11,-6.85211863187364e-11)
(1.96126840032743e-11,9.86557001036701e-11,-6.07374167036035e-11)
(2.05049779034496e-11,1.65036905130144e-10,-5.03376537641462e-11)
(1.80710565329365e-11,2.78255015445417e-10,-3.94083280576765e-11)
(1.35227180528581e-11,4.6294500677559e-10,-2.99416668455384e-11)
(1.13720553937079e-11,7.60834136534279e-10,-2.15109311439942e-11)
(8.32558553025973e-12,1.17396401013986e-09,-1.16217157199404e-11)
(0,0,0)
(0,0,0)
(0,0,0)
(0,0,0)
(0,0,0)
(0,0,0)
(4.96863888330981e-12,8.42642844341266e-12,-1.22887079945033e-10)
(9.20083143570813e-12,1.72705572316927e-11,-1.20901869911501e-10)
(1.36544227795775e-11,3.04990432434099e-11,-1.17103529194267e-10)
(1.81743952744845e-11,5.10880414949635e-11,-1.1150325152985e-10)
(2.13667325990574e-11,8.75085672538548e-11,-1.03993376800853e-10)
(2.09663123057276e-11,1.52729435449023e-10,-9.38842695857478e-11)
(1.63020720593716e-11,2.67706817945325e-10,-8.18298131887225e-11)
(1.06198359517938e-11,4.55412458217398e-10,-6.50501283680731e-11)
(8.18446065019004e-12,7.52459350379608e-10,-4.6269602502539e-11)
(5.81415764306097e-12,1.16341671796189e-09,-2.43609354478239e-11)
(0,0,0)
(0,0,0)
(0,0,0)
(0,0,0)
(0,0,0)
(0,0,0)
(6.6308441723078e-12,6.49311006114126e-12,-1.87702602074246e-10)
(1.28987518121854e-11,1.31670630534198e-11,-1.85859660060683e-10)
(1.81424445473061e-11,2.41185127718687e-11,-1.82312986090812e-10)
(2.17570924506428e-11,4.21534152377859e-11,-1.77167843697891e-10)
(2.27450199938159e-11,7.56896134686277e-11,-1.70148231322641e-10)
(2.03274013084857e-11,1.38754411100858e-10,-1.6002015586945e-10)
(1.50285293503589e-11,2.53760302284162e-10,-1.44619891558558e-10)
(8.64008494225266e-12,4.39655244820401e-10,-1.20041309787451e-10)
(4.76866524014217e-12,7.32880418244433e-10,-8.69971142008588e-11)
(2.17765784592118e-12,1.14068226772081e-09,-4.61089151328791e-11)
(0,0,0)
(0,0,0)
(0,0,0)
(0,0,0)
(0,0,0)
(0,0,0)
(6.90971108675733e-12,4.74329520016426e-12,-2.91762520582059e-10)
(1.42237562398381e-11,9.86858714217651e-12,-2.90603524178693e-10)
(1.93777360692923e-11,1.90174971666047e-11,-2.87854212981943e-10)
(2.21509136863682e-11,3.46508784748172e-11,-2.83186593878174e-10)
(2.12557003365834e-11,6.46200564214855e-11,-2.76320684960941e-10)
(1.81809909804111e-11,1.22595913896758e-10,-2.65014632622395e-10)
(1.4930360159515e-11,2.31998814008642e-10,-2.43434487120251e-10)
(8.91897679498521e-12,4.09273476294392e-10,-2.08816915156711e-10)
(2.84652940747597e-12,6.93657583418854e-10,-1.55552643381822e-10)
(-8.26494968345929e-13,1.09556473534394e-09,-8.4550111912892e-11)
(0,0,0)
(0,0,0)
(0,0,0)
(0,0,0)
(0,0,0)
(0,0,0)
(6.85697522944617e-12,3.45480579273945e-12,-4.67902120393006e-10)
(1.41235801827005e-11,7.65053561803103e-12,-4.66899235826925e-10)
(1.89010256253158e-11,1.48227173985811e-11,-4.64319649109763e-10)
(2.20216086944498e-11,2.80054546477211e-11,-4.59755099972626e-10)
(2.16631078990918e-11,5.43147402257426e-11,-4.5196674941154e-10)
(1.96892624500581e-11,1.04972245459608e-10,-4.37688365400404e-10)
(1.59235125164739e-11,1.99926224015775e-10,-4.10059940798255e-10)
(8.82589833051071e-12,3.57540754392666e-10,-3.59175622923495e-10)
(2.16612641065142e-12,6.23030150274658e-10,-2.77088504568154e-10)
(-1.48873593166412e-12,1.01068624551954e-09,-1.56629812185646e-10)
(0,0,0)
(0,0,0)
(0,0,0)
(0,0,0)
(0,0,0)
(0,0,0)
(6.61973174590785e-12,2.31217192035794e-12,-7.63051305235371e-10)
(1.37413058662058e-11,5.67429965153686e-12,-7.61768208582008e-10)
(1.86840672193718e-11,1.06674839619612e-11,-7.58690302253256e-10)
(2.26196428802638e-11,2.03539127646897e-11,-7.53518468264573e-10)
(2.28388047242013e-11,4.04241139943377e-11,-7.43912904384342e-10)
(2.07968887678458e-11,7.89478620982557e-11,-7.25441044850575e-10)
(1.65320295323842e-11,1.50569372829915e-10,-6.89334750211686e-10)
(9.49314150480264e-12,2.76167646966841e-10,-6.20767071957938e-10)
(2.83908166644118e-12,5.02519605768439e-10,-5.01135096252047e-10)
(-1.03340507316919e-12,8.53205568989569e-10,-3.00655295994719e-10)
(0,0,0)
(0,0,0)
(0,0,0)
(0,0,0)
(0,0,0)
(0,0,0)
(7.5526973012363e-12,1.0800306074723e-12,-1.17713707940527e-09)
(1.43569475892183e-11,3.12153711574572e-12,-1.17545985129262e-09)
(1.86710885576089e-11,5.86162794161748e-12,-1.17156337934881e-09)
(2.28516773236737e-11,1.1002764117184e-11,-1.16537636646855e-09)
(2.34721004779757e-11,2.18882643351628e-11,-1.15380329506792e-09)
(2.1046458339155e-11,4.29302583399287e-11,-1.13160091386661e-09)
(1.68186593882377e-11,8.24366350682288e-11,-1.088916555176e-09)
(1.03820355338198e-11,1.56524404267898e-10,-1.00685722066091e-09)
(3.0035964890568e-12,3.01863015555601e-10,-8.5099270085767e-10)
(-1.55717785532198e-12,5.5177369889707e-10,-5.50157879640576e-10)
(0,0,0)
(0,0,0)
(0,0,0)
(0,0,0)
(0,0,0)
(0,0,0)
(0,0,0)
(0,0,0)
(0,0,0)
(0,0,0)
(0,0,0)
(0,0,0)
(0,0,0)
(0,0,0)
(0,0,0)
(0,0,0)
(0,0,0)
(0,0,0)
(0,0,0)
(0,0,0)
(0,0,0)
(0,0,0)
(0,0,0)
(0,0,0)
(0,0,0)
(0,0,0)
(0,0,0)
(0,0,0)
(0,0,0)
(0,0,0)
(0,0,0)
(0,0,0)
(0,0,0)
(0,0,0)
(0,0,0)
(0,0,0)
(0,0,0)
(0,0,0)
(0,0,0)
(0,0,0)
(0,0,0)
(0,0,0)
(0,0,0)
(0,0,0)
(0,0,0)
(0,0,0)
(0,0,0)
(0,0,0)
(0,0,0)
(0,0,0)
(0,0,0)
(0,0,0)
(0,0,0)
(0,0,0)
(0,0,0)
(0,0,0)
(0,0,0)
(0,0,0)
(0,0,0)
(0,0,0)
(0,0,0)
(0,0,0)
(0,0,0)
(0,0,0)
(0,0,0)
(0,0,0)
(0,0,0)
(0,0,0)
(0,0,0)
(0,0,0)
(0,0,0)
(0,0,0)
(0,0,0)
(0,0,0)
(0,0,0)
(0,0,0)
(0,0,0)
(0,0,0)
(0,0,0)
(0,0,0)
(0,0,0)
(0,0,0)
(0,0,0)
(0,0,0)
(0,0,0)
(0,0,0)
(0,0,0)
(0,0,0)
(0,0,0)
(0,0,0)
(0,0,0)
(0,0,0)
(0,0,0)
(0,0,0)
(0,0,0)
(0,0,0)
(0,0,0)
(0,0,0)
(0,0,0)
(0,0,0)
(0,0,0)
(0,0,0)
(5.32561367861201e-13,2.30037291567423e-11,-2.39150162454777e-11)
(2.72483275450011e-13,4.96841494888426e-11,-2.30046621519073e-11)
(9.16328871514392e-13,8.31609787302227e-11,-2.11958342705862e-11)
(3.03812547632421e-12,1.33089325223702e-10,-1.84114703987648e-11)
(4.28662273916824e-12,2.08404252867892e-10,-1.37351096295721e-11)
(5.43562697933481e-12,3.2262883750643e-10,-8.07794010002817e-12)
(6.2828969549049e-12,5.04599619689753e-10,-2.93686443568412e-12)
(6.89123980912891e-12,8.14352415263473e-10,-5.39450105919895e-13)
(6.36636244634307e-12,1.40766860080224e-09,-4.99182149210927e-13)
(5.87614918616715e-12,2.76625792327036e-09,-4.17569079680017e-13)
(0,0,0)
(0,0,0)
(0,0,0)
(0,0,0)
(0,0,0)
(0,0,0)
(1.66838501666544e-13,2.21769528373071e-11,-5.23345779854247e-11)
(4.37613720743204e-13,4.79036054518085e-11,-5.07887891459945e-11)
(3.15347143770524e-12,8.06226800714692e-11,-4.70243349786552e-11)
(6.8811161578247e-12,1.28934400626148e-10,-4.06604905362417e-11)
(8.94974096155733e-12,2.03155679467383e-10,-3.08969519435779e-11)
(1.1166266141253e-11,3.18002497802548e-10,-1.87551880945618e-11)
(1.27245258851623e-11,5.02724448463972e-10,-7.75518596147162e-12)
(1.25327495330246e-11,8.15194342459676e-10,-3.18925369668518e-12)
(1.13248092890152e-11,1.40885108599288e-09,-2.45812388010963e-12)
(1.00678639322802e-11,2.76737661374789e-09,-1.46666955666671e-12)
(0,0,0)
(0,0,0)
(0,0,0)
(0,0,0)
(0,0,0)
(0,0,0)
(7.68358539478459e-13,2.04360126665995e-11,-9.01000809335285e-11)
(3.00450554160404e-12,4.37862108820823e-11,-8.79742389124555e-11)
(7.45836109132468e-12,7.41876782855733e-11,-8.2586522178489e-11)
(1.23382524419854e-11,1.19554635745214e-10,-7.32128150306271e-11)
(1.54081500519161e-11,1.91406226650918e-10,-5.85052029884019e-11)
(1.74545672622471e-11,3.07439254660314e-10,-3.92801623651402e-11)
(1.73150738884922e-11,4.9869803634372e-10,-2.092542378142e-11)
(1.43673680111876e-11,8.16492249621828e-10,-1.30697479998424e-11)
(1.22562406997346e-11,1.41036932274858e-09,-9.91566256860228e-12)
(9.93751536724605e-12,2.76829500639442e-09,-5.75360660230913e-12)
(0,0,0)
(0,0,0)
(0,0,0)
(0,0,0)
(0,0,0)
(0,0,0)
(2.74304096198428e-12,1.79668765780479e-11,-1.44800160354509e-10)
(6.30765747480457e-12,3.82365063970712e-11,-1.41761385034987e-10)
(1.1153013830905e-11,6.50709572836944e-11,-1.35084284995039e-10)
(1.66519979443171e-11,1.05498807836934e-10,-1.2397320221256e-10)
(2.03600539136267e-11,1.727742182487e-10,-1.06519569986519e-10)
(2.18831218781273e-11,2.88548313713826e-10,-8.29377032988348e-11)
(1.91525928208825e-11,4.892605172289e-10,-5.79004106882421e-11)
(1.26245309095415e-11,8.16266128895066e-10,-4.32841362599175e-11)
(9.85762612487551e-12,1.41004377872526e-09,-3.19628377565119e-11)
(7.25116198914991e-12,2.76565385168449e-09,-1.76921586469032e-11)
(0,0,0)
(0,0,0)
(0,0,0)
(0,0,0)
(0,0,0)
(0,0,0)
(4.91674723204818e-12,1.48700877197275e-11,-2.2298437246951e-10)
(9.50598489674607e-12,3.11460291969675e-11,-2.19102087998593e-10)
(1.44346755866992e-11,5.34675330332081e-11,-2.11704394892617e-10)
(1.95991468026546e-11,8.76363373500554e-11,-2.00547581282735e-10)
(2.30765791692e-11,1.47313126356913e-10,-1.84637007624212e-10)
(2.28868802568092e-11,2.57369871301223e-10,-1.65171249034058e-10)
(1.34689028999493e-11,4.64397533632851e-10,-1.47274270640391e-10)
(7.59652348341377e-12,8.0807783820613e-10,-1.13180116222836e-10)
(5.85472573038153e-12,1.40048126569333e-09,-7.93505704339772e-11)
(4.1876724359155e-12,2.75141366577349e-09,-4.17193157942641e-11)
(0,0,0)
(0,0,0)
(0,0,0)
(0,0,0)
(0,0,0)
(0,0,0)
(6.53771701972315e-12,1.1274351737625e-11,-3.33957672711178e-10)
(1.26505537535529e-11,2.35168224530669e-11,-3.3068775934513e-10)
(1.80983177596448e-11,4.12941655090337e-11,-3.2425710131917e-10)
(2.22400168383713e-11,6.93784708826555e-11,-3.14898118343833e-10)
(2.36865015877797e-11,1.21481536379774e-10,-3.0195186071301e-10)
(2.10856342016519e-11,2.27022473378524e-10,-2.85074415635257e-10)
(1.22114358548058e-11,4.43020414779736e-10,-2.62215865864701e-10)
(5.97765788158999e-12,7.84310283464396e-10,-2.16139618612391e-10)
(3.10330099766674e-12,1.36888124572192e-09,-1.54845294281767e-10)
(1.18627509054029e-12,2.71350406494039e-09,-8.15432798303296e-11)
(0,0,0)
(0,0,0)
(0,0,0)
(0,0,0)
(0,0,0)
(0,0,0)
(7.03920409081514e-12,8.25827884556137e-12,-5.0987245066683e-10)
(1.36924965672355e-11,1.73198651663183e-11,-5.07639540375105e-10)
(1.89048967335505e-11,3.13692698521093e-11,-5.03051967123169e-10)
(2.19304285962243e-11,5.39756911672937e-11,-4.96073073289009e-10)
(2.02549641938106e-11,9.79952324750663e-11,-4.86702438914727e-10)
(1.42245139154367e-11,1.92649774533855e-10,-4.71599071067958e-10)
(1.23853781888405e-11,4.05247231898623e-10,-4.32118840576393e-10)
(7.38742692167282e-12,7.31111748309617e-10,-3.76006449062563e-10)
(2.47143108272132e-12,1.30006520890694e-09,-2.76814187273069e-10)
(-4.98117056468263e-13,2.63478272994874e-09,-1.4897347728142e-10)
(0,0,0)
(0,0,0)
(0,0,0)
(0,0,0)
(0,0,0)
(0,0,0)
(6.99672453574734e-12,6.25519307391511e-12,-8.14255954112401e-10)
(1.35202294320343e-11,1.32715694809477e-11,-8.1236014734525e-10)
(1.84917099248012e-11,2.43439702068665e-11,-8.08338706239105e-10)
(2.188480001639e-11,4.37059558262834e-11,-8.01917569845106e-10)
(2.12753501193376e-11,8.44648526587383e-11,-7.91879099655582e-10)
(1.80852212092885e-11,1.7205559541272e-10,-7.72974471735908e-10)
(1.43960458276184e-11,3.52306723945325e-10,-7.2922207974834e-10)
(8.11188740085622e-12,6.34840508677052e-10,-6.38448695894e-10)
(2.21797853450128e-12,1.17370356082193e-09,-4.90760060615716e-10)
(-6.37871587737018e-13,2.48648368092934e-09,-2.78806834653065e-10)
(0,0,0)
(0,0,0)
(0,0,0)
(0,0,0)
(0,0,0)
(0,0,0)
(6.56877640543078e-12,4.38714561451626e-12,-1.40374574762632e-09)
(1.32161620732453e-11,9.80266235258871e-12,-1.40172482106605e-09)
(1.83180892510358e-11,1.80477027751937e-11,-1.39704238151323e-09)
(2.23652276475473e-11,3.28546851873433e-11,-1.38908047671405e-09)
(2.29027948496182e-11,6.51526129332755e-11,-1.37474035009798e-09)
(2.07081978872682e-11,1.32586771482889e-10,-1.34620511762493e-09)
(1.60970890403345e-11,2.6265608557298e-10,-1.28623714101949e-09)
(9.50440849784321e-12,4.87461741503857e-10,-1.16657782175922e-09)
(3.01587162194734e-12,9.61212105986442e-10,-9.57435790815198e-10)
(-2.56830975652379e-13,2.20649136113063e-09,-5.98420808718964e-10)
(0,0,0)
(0,0,0)
(0,0,0)
(0,0,0)
(0,0,0)
(0,0,0)
(6.95549979606682e-12,2.07527634844299e-12,-2.76212650440461e-09)
(1.35820127611486e-11,5.26077354048957e-12,-2.75973287664939e-09)
(1.83457036189643e-11,1.01154733925481e-11,-2.75398866399038e-09)
(2.22813700402282e-11,1.82879365427498e-11,-2.7438119028834e-09)
(2.31579836118176e-11,3.59132599529754e-11,-2.72531458584369e-09)
(2.12923579884645e-11,7.25562582406434e-11,-2.68964968175825e-09)
(1.71959599413422e-11,1.42712589979165e-10,-2.61756208431657e-09)
(1.10419199985183e-11,2.77234805342844e-10,-2.47524551160198e-09)
(4.0317908275589e-12,6.00288186753997e-10,-2.19918809186769e-09)
(5.86414012785194e-14,1.60528502956389e-09,-1.60141037088787e-09)
(0,0,0)
(0,0,0)
(0,0,0)
(0,0,0)
(0,0,0)
(0,0,0)
(0,0,0)
(0,0,0)
(0,0,0)
(0,0,0)
(0,0,0)
(0,0,0)
(0,0,0)
(0,0,0)
(0,0,0)
(0,0,0)
(0,0,0)
(0,0,0)
(0,0,0)
(0,0,0)
(0,0,0)
(0,0,0)
(0,0,0)
(0,0,0)
(0,0,0)
(0,0,0)
(0,0,0)
(0,0,0)
(0,0,0)
(0,0,0)
(0,0,0)
(0,0,0)
(0,0,0)
(0,0,0)
(0,0,0)
(0,0,0)
(0,0,0)
(0,0,0)
(0,0,0)
(0,0,0)
(0,0,0)
(0,0,0)
(0,0,0)
(0,0,0)
(0,0,0)
(0,0,0)
(0,0,0)
(0,0,0)
(0,0,0)
(0,0,0)
(0,0,0)
(0,0,0)
(0,0,0)
(0,0,0)
(0,0,0)
(0,0,0)
(0,0,0)
(0,0,0)
(0,0,0)
(0,0,0)
(0,0,0)
(0,0,0)
(0,0,0)
(0,0,0)
(0,0,0)
(0,0,0)
(0,0,0)
(0,0,0)
(0,0,0)
(0,0,0)
(0,0,0)
(0,0,0)
(0,0,0)
(0,0,0)
(0,0,0)
(0,0,0)
(0,0,0)
(0,0,0)
(0,0,0)
(0,0,0)
(0,0,0)
(0,0,0)
(0,0,0)
(0,0,0)
(0,0,0)
(0,0,0)
(0,0,0)
(0,0,0)
(0,0,0)
(0,0,0)
(0,0,0)
(0,0,0)
(0,0,0)
(0,0,0)
(0,0,0)
(0,0,0)
(0,0,0)
(0,0,0)
(0,0,0)
(0,0,0)
(0,0,0)
(0,0,0)
(4.48983593361657e-13,3.07832497391684e-11,-3.2968320327773e-11)
(2.44199430991221e-13,6.66447217826336e-11,-3.20900125045095e-11)
(6.70263659413376e-13,1.11047727251563e-10,-2.95053058718821e-11)
(2.51668930414929e-12,1.75061008410915e-10,-2.47219634365559e-11)
(3.87802661038102e-12,2.67225254631612e-10,-1.67907527431931e-11)
(4.92089101904038e-12,4.00266905321498e-10,-7.18520967549583e-12)
(5.7606538502675e-12,5.96182810712507e-10,1.16956597480621e-12)
(6.00904465594277e-12,8.80988973195903e-10,4.19316329501164e-12)
(5.10226418674781e-12,1.28718943878049e-09,3.13795490345213e-12)
(4.33988962799252e-12,1.78178988430487e-09,1.39303296318906e-12)
(0,0,0)
(0,0,0)
(0,0,0)
(0,0,0)
(0,0,0)
(0,0,0)
(3.6198983273752e-13,3.00716551294764e-11,-7.15692166184709e-11)
(7.90554122879935e-13,6.39819703489574e-11,-6.94836743094106e-11)
(3.22462877961362e-12,1.06208374066876e-10,-6.38768604652535e-11)
(6.49734244663052e-12,1.6746600552503e-10,-5.36306669484705e-11)
(8.55742992951962e-12,2.58589984314347e-10,-3.74808404476821e-11)
(1.07295071500281e-11,3.93805447676108e-10,-1.62453657422487e-11)
(1.21850057403423e-11,5.95623616299232e-10,3.98557819535324e-12)
(1.05037125548915e-11,8.84790534360538e-10,8.98870941270018e-12)
(8.81511821027575e-12,1.29104656760882e-09,5.74265027992925e-12)
(7.68280172932154e-12,1.78461841186548e-09,2.27216008983557e-12)
(0,0,0)
(0,0,0)
(0,0,0)
(0,0,0)
(0,0,0)
(0,0,0)
(1.11165260537189e-12,2.75167693173139e-11,-1.22349400591938e-10)
(3.16649329350619e-12,5.79552281549976e-11,-1.18908126145896e-10)
(7.20137494582525e-12,9.63121066059524e-11,-1.10672542824881e-10)
(1.16864683076033e-11,1.52502726071302e-10,-9.53633069120361e-11)
(1.48151178305145e-11,2.39241322886387e-10,-7.01109720921629e-11)
(1.79907696251375e-11,3.76802701158982e-10,-3.35726730009565e-11)
(1.88969172216384e-11,5.94721268056987e-10,6.54136914019658e-12)
(1.14394033067782e-11,8.93956754668613e-10,1.03091931518613e-11)
(8.41972875772557e-12,1.2991949667487e-09,3.04456599926926e-12)
(6.82506347418106e-12,1.78996382004258e-09,-5.76039498759326e-13)
(0,0,0)
(0,0,0)
(0,0,0)
(0,0,0)
(0,0,0)
(0,0,0)
(2.80105450032456e-12,2.33812822675781e-11,-1.92702336142562e-10)
(6.72103463576093e-12,4.93232933324114e-11,-1.88029551384177e-10)
(1.16453552982177e-11,8.17781696938175e-11,-1.77709837814901e-10)
(1.70608362040834e-11,1.29111028819064e-10,-1.59166713968877e-10)
(2.22392791179394e-11,2.05422508371226e-10,-1.28333520034679e-10)
(2.80242716811702e-11,3.39564699899677e-10,-8.03985098072416e-11)
(2.93993019886813e-11,5.88769173206472e-10,-1.59065299424573e-11)
(9.4915230947837e-12,9.10488162339454e-10,-1.54851318707916e-11)
(5.14946004814321e-12,1.31059381110339e-09,-2.0192857106254e-11)
(3.7991892518654e-12,1.79419286567699e-09,-1.39699638639948e-11)
(0,0,0)
(0,0,0)
(0,0,0)
(0,0,0)
(0,0,0)
(0,0,0)
(4.63019874257746e-12,1.86181686409436e-11,-2.87084449373511e-10)
(9.73749853555666e-12,3.8976044240997e-11,-2.81957566218864e-10)
(1.54512294995898e-11,6.38373410231987e-11,-2.7132702829471e-10)
(2.19464396115754e-11,9.91633708369237e-11,-2.53920713200758e-10)
(2.94424105578365e-11,1.56576472076382e-10,-2.27644039379873e-10)
(3.5337299784735e-11,2.64491021917415e-10,-1.96086364829066e-10)
(7.51867334473307e-13,5.19420342475615e-10,-2.02824234842465e-10)
(-2.4654675639875e-12,9.26351409780056e-10,-1.29115554553064e-10)
(-1.76508936179507e-13,1.31469730925631e-09,-8.80776557001517e-11)
(3.77957474358438e-13,1.78575999672485e-09,-4.64145939104758e-11)
(0,0,0)
(0,0,0)
(0,0,0)
(0,0,0)
(0,0,0)
(0,0,0)
(6.28387654598641e-12,1.37248792859035e-11,-4.15056296538764e-10)
(1.24168530140608e-11,2.83811257371804e-11,-4.10890986702681e-10)
(1.86642304414919e-11,4.60193398879499e-11,-4.02399096883993e-10)
(2.46965389239439e-11,6.98981849901019e-11,-3.89358561431899e-10)
(3.02953604141209e-11,1.1095786696588e-10,-3.71222777774515e-10)
(3.2599783275345e-11,2.09158687077463e-10,-3.49116713238067e-10)
(3.90837148464559e-12,5.22774726638752e-10,-3.47149055064086e-10)
(-2.11813129513885e-12,9.13257965950425e-10,-2.70840264221557e-10)
(-1.38267663810517e-12,1.28424933655367e-09,-1.88443151905734e-10)
(-1.63566974866784e-12,1.74421527233329e-09,-9.72459008858073e-11)
(0,0,0)
(0,0,0)
(0,0,0)
(0,0,0)
(0,0,0)
(0,0,0)
(6.80937957249855e-12,9.85838867157305e-12,-6.000419896344e-10)
(1.31532189986981e-11,1.98775426526986e-11,-5.97040046036031e-10)
(1.89513025448119e-11,3.17190573036172e-11,-5.91737575415081e-10)
(2.28295295631352e-11,4.56762754278201e-11,-5.85346687768638e-10)
(1.86819761633912e-11,6.83918399761103e-11,-5.82316201071402e-10)
(-4.66153745461062e-12,1.29754522179004e-10,-5.85692357231119e-10)
(9.21349462807376e-12,4.80519067410243e-10,-5.08060847159651e-10)
(4.46640476379262e-12,8.51623083497941e-10,-4.8283152792187e-10)
(9.92369176730988e-13,1.20050704088521e-09,-3.34838637724656e-10)
(-1.17254531863109e-12,1.64927287263847e-09,-1.72091110577179e-10)
(0,0,0)
(0,0,0)
(0,0,0)
(0,0,0)
(0,0,0)
(0,0,0)
(6.96896522899845e-12,7.24533951114014e-12,-8.74567937339292e-10)
(1.29676954543765e-11,1.43378324065739e-11,-8.72311555885315e-10)
(1.83668409616883e-11,2.3596872954246e-11,-8.68694634888732e-10)
(2.26976004665904e-11,3.74254473833625e-11,-8.6445694208926e-10)
(2.16829619245458e-11,7.05906440071233e-11,-8.62227445116048e-10)
(1.38016531518336e-11,1.64700150287023e-10,-8.61957800474846e-10)
(1.32733003451477e-11,4.38551443279515e-10,-8.36123588781509e-10)
(7.80201929522738e-12,7.04828625190813e-10,-7.09493381986219e-10)
(2.75620740711693e-12,1.03811019732562e-09,-5.1641542601919e-10)
(5.47613558729523e-13,1.47607149916068e-09,-2.78440596514082e-10)
(0,0,0)
(0,0,0)
(0,0,0)
(0,0,0)
(0,0,0)
(0,0,0)
(6.85971911054139e-12,5.25352635076362e-12,-1.27550682200228e-09)
(1.30756113322408e-11,1.05396423672922e-11,-1.27308202180543e-09)
(1.8288413835705e-11,1.81485373323637e-11,-1.26861618488862e-09)
(2.25918496755747e-11,3.11438603720123e-11,-1.26188142667724e-09)
(2.36069153573974e-11,6.41449012774115e-11,-1.25141970921594e-09)
(2.07707345240074e-11,1.43242891870791e-10,-1.22938806946418e-09)
(1.63812653743271e-11,3.08585015649217e-10,-1.17082857945719e-09)
(1.0589313713133e-11,5.10246896764703e-10,-1.0255544456638e-09)
(4.9248087595174e-12,7.97969265276605e-10,-7.92491183307121e-10)
(2.52869187169531e-12,1.19495500254057e-09,-4.54997332408441e-10)
(0,0,0)
(0,0,0)
(0,0,0)
(0,0,0)
(0,0,0)
(0,0,0)
(6.63714838805566e-12,2.83632531560457e-12,-1.76994565567495e-09)
(1.30985736427217e-11,5.94213484448648e-12,-1.76678415647158e-09)
(1.82844159046524e-11,1.07583877933299e-11,-1.76053565794344e-09)
(2.20719895435331e-11,1.87176073202388e-11,-1.75012777129748e-09)
(2.34063394794638e-11,3.81205524796083e-11,-1.73245100583624e-09)
(2.17610187865419e-11,8.10507228767722e-11,-1.69679567244477e-09)
(1.75919772066175e-11,1.61032156841768e-10,-1.61841080733212e-09)
(1.22193056056704e-11,2.75152078879689e-10,-1.45860686693811e-09)
(6.54225660199088e-12,4.57270385328545e-10,-1.18471775316073e-09)
(3.93330007824598e-12,7.35846900114315e-10,-7.3070663532025e-10)
(0,0,0)
(0,0,0)
(0,0,0)
(0,0,0)
(0,0,0)
(0,0,0)
(0,0,0)
(0,0,0)
(0,0,0)
(0,0,0)
(0,0,0)
(0,0,0)
(0,0,0)
(0,0,0)
(0,0,0)
(0,0,0)
(0,0,0)
(0,0,0)
(0,0,0)
(0,0,0)
(0,0,0)
(0,0,0)
(0,0,0)
(0,0,0)
(0,0,0)
(0,0,0)
(0,0,0)
(0,0,0)
(0,0,0)
(0,0,0)
(0,0,0)
(0,0,0)
(0,0,0)
(0,0,0)
(0,0,0)
(0,0,0)
(0,0,0)
(0,0,0)
(0,0,0)
(0,0,0)
(0,0,0)
(0,0,0)
(0,0,0)
(0,0,0)
(0,0,0)
(0,0,0)
(0,0,0)
(0,0,0)
(0,0,0)
(0,0,0)
(0,0,0)
(0,0,0)
(0,0,0)
(0,0,0)
(0,0,0)
(0,0,0)
(0,0,0)
(0,0,0)
(0,0,0)
(0,0,0)
(0,0,0)
(0,0,0)
(0,0,0)
(0,0,0)
(0,0,0)
(0,0,0)
(0,0,0)
(0,0,0)
(0,0,0)
(0,0,0)
(0,0,0)
(0,0,0)
(0,0,0)
(0,0,0)
(0,0,0)
(0,0,0)
(0,0,0)
(0,0,0)
(0,0,0)
(0,0,0)
(0,0,0)
(0,0,0)
(0,0,0)
(0,0,0)
(0,0,0)
(0,0,0)
(0,0,0)
(0,0,0)
(0,0,0)
(0,0,0)
(0,0,0)
(0,0,0)
(0,0,0)
(0,0,0)
(0,0,0)
(0,0,0)
(0,0,0)
(0,0,0)
(0,0,0)
(0,0,0)
(0,0,0)
(0,0,0)
(2.82270379810529e-13,3.52661126445111e-11,-3.94318533939605e-11)
(3.22244232020643e-13,7.60765022860031e-11,-3.84343030174457e-11)
(7.26274408783833e-13,1.26919180971128e-10,-3.51574389042116e-11)
(2.18048149665541e-12,1.96152639227547e-10,-2.82400766267169e-11)
(2.90775385998759e-12,2.91220552985627e-10,-1.67935318607532e-11)
(3.02757301412535e-12,4.22095412804023e-10,-2.35948531870366e-12)
(3.29625094329699e-12,5.99367216377347e-10,1.05457519085908e-11)
(3.26269188287801e-12,8.21253997823909e-10,1.27694464183227e-11)
(2.99005729869167e-12,1.07188249498903e-09,8.61083337046445e-12)
(2.90439503051955e-12,1.28630650607391e-09,3.83888984239815e-12)
(0,0,0)
(0,0,0)
(0,0,0)
(0,0,0)
(0,0,0)
(0,0,0)
(8.31333335846792e-13,3.42364129154501e-11,-8.53754377678071e-11)
(1.21048247271747e-12,7.255161755467e-11,-8.23943612646535e-11)
(2.87470272373402e-12,1.199972690759e-10,-7.51370712535482e-11)
(5.31079539959751e-12,1.85638435359079e-10,-6.09074675244253e-11)
(6.67061665205248e-12,2.78856168185129e-10,-3.71935629937492e-11)
(7.501309729566e-12,4.12394146339865e-10,-3.3325672793393e-12)
(8.08422276519453e-12,6.0164851554394e-10,3.33929819113486e-11)
(4.58355137972818e-12,8.29717109016268e-10,3.41800880376762e-11)
(4.13720926057608e-12,1.07962808323318e-09,2.03022786079918e-11)
(4.60955364197846e-12,1.29188532745486e-09,8.33407040777659e-12)
(0,0,0)
(0,0,0)
(0,0,0)
(0,0,0)
(0,0,0)
(0,0,0)
(1.80586520905871e-12,3.12232915121615e-11,-1.4381023613028e-10)
(3.56284479506938e-12,6.51452033748959e-11,-1.38901361581978e-10)
(6.42607594510274e-12,1.06563138755173e-10,-1.27957108922342e-10)
(9.82583074000144e-12,1.64571781273988e-10,-1.06711159167754e-10)
(1.20956332544725e-11,2.49870854552933e-10,-6.87687753838871e-11)
(1.5114728743195e-11,3.84631092612073e-10,-4.09104191644804e-12)
(2.10811880605465e-11,6.14371628059584e-10,9.36710158029306e-11)
(2.17262278841039e-12,8.54990242589315e-10,7.14624444049224e-11)
(6.41489900926508e-13,1.09863475053764e-09,3.24941666283508e-11)
(2.01997834153971e-12,1.30459233670707e-09,1.02944223649919e-11)
(0,0,0)
(0,0,0)
(0,0,0)
(0,0,0)
(0,0,0)
(0,0,0)
(2.8913833686248e-12,2.64465452682608e-11,-2.20202820119744e-10)
(6.74857015790583e-12,5.43651004097774e-11,-2.13804521189689e-10)
(1.10430601228113e-11,8.68062052101751e-11,-1.99951536441417e-10)
(1.61753002520094e-11,1.30594508504714e-10,-1.74025490375268e-10)
(2.31503051853358e-11,1.94173428429289e-10,-1.26140035156042e-10)
(3.86059697986274e-11,3.10110359463318e-10,-2.70734440829181e-11)
(9.83267346479782e-11,6.76253508369061e-10,2.53115656454043e-10)
(-1.66399911053806e-12,9.22506485664742e-10,1.04422478282284e-10)
(-5.17693134684901e-12,1.13379904421855e-09,2.42189636918523e-11)
(-1.73790566032529e-12,1.32142046418946e-09,3.93664144785505e-13)
(0,0,0)
(0,0,0)
(0,0,0)
(0,0,0)
(0,0,0)
(0,0,0)
(4.39660494297127e-12,2.0241103747134e-11,-3.15556744635851e-10)
(9.7018791152152e-12,4.10070735359869e-11,-3.09219863470354e-10)
(1.58629155408827e-11,6.30322405954927e-11,-2.95575466880251e-10)
(2.49349516375339e-11,8.78644186837161e-11,-2.71192163400265e-10)
(4.35033411175462e-11,1.11045857132961e-10,-2.28162862725898e-10)
(9.74075046381291e-11,1.02306108742921e-10,-1.48688623325685e-10)
(-7.63111971181708e-11,1.28169066888027e-09,-2.08417495202908e-17)
(-3.04099225873215e-11,1.08701734889011e-09,-8.3337240634037e-11)
(-1.1391598023197e-11,1.1789783041146e-09,-6.52134315679734e-11)
(-4.49191204414252e-12,1.32863815462477e-09,-3.80324035382456e-11)
(0,0,0)
(0,0,0)
(0,0,0)
(0,0,0)
(0,0,0)
(0,0,0)
(5.98505732424693e-12,1.41500132963517e-11,-4.38453792687511e-10)
(1.24285462798366e-11,2.78372861612863e-11,-4.3337971551724e-10)
(1.99239775737506e-11,4.00793430168787e-11,-4.22752926139059e-10)
(3.07826648287938e-11,4.72733093913861e-11,-4.05335583926898e-10)
(5.07553228674599e-11,3.94894549272081e-11,-3.75832930861527e-10)
(1.10036289999852e-10,-1.20517297895128e-12,-3.08659204376622e-10)
(-3.01447601294766e-11,1.28871674547015e-09,-2.64105954299215e-16)
(-2.2880361158381e-11,1.10581015898263e-09,-2.60998783299586e-10)
(-8.83763198951929e-12,1.16242207409815e-09,-1.85281439301249e-10)
(-3.93917094010107e-12,1.29305449449391e-09,-9.58495681367828e-11)
(0,0,0)
(0,0,0)
(0,0,0)
(0,0,0)
(0,0,0)
(0,0,0)
(6.42048513463261e-12,9.48413770583804e-12,-6.00968125914758e-10)
(1.33904586238201e-11,1.74306965059552e-11,-5.97213146915061e-10)
(2.06825992477812e-11,2.19543278230121e-11,-5.91173975377282e-10)
(2.80498709103577e-11,1.26319165654543e-11,-5.87016561509245e-10)
(1.98593282919528e-11,-4.59917866465145e-11,-6.02960589578425e-10)
(-1.17238675634025e-10,-3.38807884245734e-10,-7.41466076684674e-10)
(2.59517995213282e-11,1.5195705057477e-09,-1.62526581434324e-09)
(3.26797287349421e-12,1.07727151448618e-09,-6.99701620896472e-10)
(6.41685588745026e-13,1.07981855122377e-09,-3.7590406511354e-10)
(-6.22824175569184e-14,1.19612435787872e-09,-1.75822769690315e-10)
(0,0,0)
(0,0,0)
(0,0,0)
(0,0,0)
(0,0,0)
(0,0,0)
(6.70439693542554e-12,6.17769726943812e-12,-8.0908305266605e-10)
(1.31489644970858e-11,1.1111023722655e-11,-8.0676252930553e-10)
(1.95774837840988e-11,1.42838997438953e-11,-8.03864902433731e-10)
(2.67496905044993e-11,1.08170269888246e-11,-8.04268747798611e-10)
(2.78590600132456e-11,1.90436837073737e-12,-8.20228981677216e-10)
(9.42469987465969e-12,3.08358789352999e-11,-8.86719770519461e-10)
(1.66095211802664e-11,6.19958070349751e-10,-1.04084052978872e-09)
(9.30579175412092e-12,7.53731288775088e-10,-7.60998298052613e-10)
(4.92230995138442e-12,8.76692406377482e-10,-4.95757688258366e-10)
(3.22351366438892e-12,1.01605951302252e-09,-2.49839530442812e-10)
(0,0,0)
(0,0,0)
(0,0,0)
(0,0,0)
(0,0,0)
(0,0,0)
(6.85211994857065e-12,4.0511569379966e-12,-1.05335334795974e-09)
(1.3207281938289e-11,7.59152836181807e-12,-1.05105003295145e-09)
(1.89438051634993e-11,1.1731873721791e-11,-1.04780584565848e-09)
(2.45563852659929e-11,1.64364979216299e-11,-1.04500438700758e-09)
(2.7599624403368e-11,3.49422238438029e-11,-1.04535232583551e-09)
(2.44034135110431e-11,1.04988418628334e-10,-1.04931038473179e-09)
(1.86599903882826e-11,3.34647451021219e-10,-1.03238176266739e-09)
(1.26208692415902e-11,4.85689288102173e-10,-8.60194709321913e-10)
(8.12983780879322e-12,6.26663916951324e-10,-6.21257645468202e-10)
(6.63946188956324e-12,7.61574797709825e-10,-3.33355276340235e-10)
(0,0,0)
(0,0,0)
(0,0,0)
(0,0,0)
(0,0,0)
(0,0,0)
(6.31197450029099e-12,2.19828653334655e-12,-1.26714106079774e-09)
(1.27922099590742e-11,4.39080003009579e-12,-1.26418026440606e-09)
(1.86349170520258e-11,7.65109408531658e-12,-1.25916832701118e-09)
(2.3112831402515e-11,1.25508297084383e-11,-1.25164114661595e-09)
(2.58715585676217e-11,2.80934975123966e-11,-1.24059693345531e-09)
(2.4426876550694e-11,6.97802721479999e-11,-1.21630413297076e-09)
(1.88201936542414e-11,1.58975918025711e-10,-1.15151273115726e-09)
(1.34822707081345e-11,2.44327432490078e-10,-9.93835924015126e-10)
(9.80152408988948e-12,3.34601188951496e-10,-7.50854703589567e-10)
(9.07356487248492e-12,4.23467001097608e-10,-4.1948203144597e-10)
(0,0,0)
(0,0,0)
(0,0,0)
(0,0,0)
(0,0,0)
(0,0,0)
(0,0,0)
(0,0,0)
(0,0,0)
(0,0,0)
(0,0,0)
(0,0,0)
(0,0,0)
(0,0,0)
(0,0,0)
(0,0,0)
(0,0,0)
(0,0,0)
(0,0,0)
(0,0,0)
(0,0,0)
(0,0,0)
(0,0,0)
(0,0,0)
(0,0,0)
(0,0,0)
(0,0,0)
(0,0,0)
(0,0,0)
(0,0,0)
(0,0,0)
(0,0,0)
(0,0,0)
(0,0,0)
(0,0,0)
(0,0,0)
(0,0,0)
(0,0,0)
(0,0,0)
(0,0,0)
(0,0,0)
(0,0,0)
(0,0,0)
(0,0,0)
(0,0,0)
(0,0,0)
(0,0,0)
(0,0,0)
(0,0,0)
(0,0,0)
(0,0,0)
(0,0,0)
(0,0,0)
(0,0,0)
(0,0,0)
(0,0,0)
(0,0,0)
(0,0,0)
(0,0,0)
(0,0,0)
(0,0,0)
(0,0,0)
(0,0,0)
(0,0,0)
(0,0,0)
(0,0,0)
(0,0,0)
(0,0,0)
(0,0,0)
(0,0,0)
(0,0,0)
(0,0,0)
(0,0,0)
(0,0,0)
(0,0,0)
(0,0,0)
(0,0,0)
(0,0,0)
(0,0,0)
(0,0,0)
(0,0,0)
(0,0,0)
(0,0,0)
(0,0,0)
(0,0,0)
(0,0,0)
(0,0,0)
(0,0,0)
(0,0,0)
(0,0,0)
(0,0,0)
(0,0,0)
(0,0,0)
(0,0,0)
(0,0,0)
(0,0,0)
(0,0,0)
(0,0,0)
(0,0,0)
(0,0,0)
(0,0,0)
(0,0,0)
(3.14419732383731e-13,3.74891801833375e-11,-4.40272089833349e-11)
(5.70264850129827e-13,8.02604008070807e-11,-4.28740086095265e-11)
(7.3082402653001e-13,1.33841335499518e-10,-3.90483048883698e-11)
(1.24814059916052e-12,2.02516525023162e-10,-3.08192413980605e-11)
(8.38092118424741e-13,2.91994561628758e-10,-1.74311269058311e-11)
(-1.76397748989159e-13,4.09869242446232e-10,6.22451875278278e-13)
(-1.20874273303281e-12,5.58825149461811e-10,1.88404049046703e-11)
(-1.04180626163106e-12,7.24879594062436e-10,2.10644543458757e-11)
(1.64125826336151e-14,8.84526841941189e-10,1.38237009390073e-11)
(1.16446349230803e-12,9.95124026790768e-10,6.11791933469112e-12)
(0,0,0)
(0,0,0)
(0,0,0)
(0,0,0)
(0,0,0)
(0,0,0)
(8.63378236022766e-13,3.60231262970379e-11,-9.41252643096994e-11)
(1.35960664135102e-12,7.61233009354146e-11,-9.08497082438493e-11)
(2.0792293153713e-12,1.25394880206653e-10,-8.2555563764739e-11)
(2.66354495398293e-12,1.89514425909179e-10,-6.58106210389064e-11)
(1.79493456987429e-12,2.75186294496913e-10,-3.73246964118097e-11)
(-1.46118573330387e-12,3.93759154259069e-10,6.26670115455784e-12)
(-5.42599587675922e-12,5.59867450804714e-10,6.30637787147451e-11)
(-6.81177276372782e-12,7.35005571635678e-10,6.11167413448505e-11)
(-2.90124984362197e-12,8.94112229468582e-10,3.49229180738926e-11)
(2.36614797491343e-13,1.0026112034065e-09,1.38846179444574e-11)
(0,0,0)
(0,0,0)
(0,0,0)
(0,0,0)
(0,0,0)
(0,0,0)
(1.67373690462989e-12,3.26206008335444e-11,-1.55449175544631e-10)
(3.39869510058332e-12,6.77503986862609e-11,-1.50106212022432e-10)
(4.9370597355183e-12,1.09080954802117e-10,-1.37544846557506e-10)
(5.86071972536533e-12,1.62737399195629e-10,-1.12874650595979e-10)
(3.11532591063995e-12,2.34697060141258e-10,-6.82438637804341e-11)
(-8.12659582735676e-12,3.42407876739084e-10,1.39159887861073e-11)
(-1.85921208508806e-11,5.72415239034746e-10,2.00352635995581e-10)
(-2.63753425104721e-11,7.68120447319814e-10,1.55095907115738e-10)
(-1.23230595166555e-11,9.19043866752722e-10,6.7766863774425e-11)
(-4.51372677573087e-12,1.01948340823222e-09,2.20248282121118e-11)
(0,0,0)
(0,0,0)
(0,0,0)
(0,0,0)
(0,0,0)
(0,0,0)
(2.69852595967575e-12,2.7483530142297e-11,-2.30399709953287e-10)
(6.25361228345491e-12,5.57673525703961e-11,-2.23305640150519e-10)
(8.89097867134585e-12,8.60793605025853e-11,-2.07474263571619e-10)
(1.1019934853792e-11,1.21542582348168e-10,-1.78798449228553e-10)
(7.21128540850579e-12,1.57310449748618e-10,-1.3003450773134e-10)
(-3.37788800179897e-11,1.6391246653704e-10,-5.66580511559024e-11)
(-3.58417247691459e-10,6.53890284744736e-10,7.89927213114775e-17)
(-8.59713477454167e-11,8.69548616583311e-10,3.76648833956935e-10)
(-2.65308916958955e-11,9.69903140700972e-10,9.33788010832008e-11)
(-8.56193195095182e-12,1.04406608797079e-09,1.87018038233296e-11)
(0,0,0)
(0,0,0)
(0,0,0)
(0,0,0)
(0,0,0)
(0,0,0)
(4.15081422825243e-12,2.04158594162428e-11,-3.19334804058393e-10)
(9.22726989980443e-12,4.07844386142274e-11,-3.1253792182342e-10)
(1.44325096395315e-11,5.98813116503395e-11,-2.96746946513464e-10)
(2.24967602554578e-11,7.72360009376081e-11,-2.67920465690578e-10)
(3.55855039231101e-11,8.75559017468177e-11,-2.17161648458474e-10)
(5.22301838761337e-11,8.30408000607029e-11,-1.30518159420077e-10)
(-5.39157714401825e-17,3.26615808070866e-16,-1.32280690050749e-17)
(-6.73265417459433e-11,1.16761154434902e-09,2.68587006182873e-17)
(-2.2016396036461e-11,1.04713185407532e-09,-2.33665909500492e-11)
(-6.94065545148088e-12,1.0627479625967e-09,-2.38194888899157e-11)
(0,0,0)
(0,0,0)
(0,0,0)
(0,0,0)
(0,0,0)
(0,0,0)
(5.57685574448718e-12,1.4095168899557e-11,-4.2818714007388e-10)
(1.22083465569843e-11,2.64832331120327e-11,-4.22672177664693e-10)
(2.06316505554531e-11,3.46233801762819e-11,-4.09596911989938e-10)
(3.59214045893634e-11,3.39341262068727e-11,-3.85592329286006e-10)
(6.90628379562432e-11,1.64255348833938e-11,-3.38759656676759e-10)
(1.38980060996056e-10,-1.796476249712e-11,-2.36770987126101e-10)
(-1.21339166144306e-18,2.47269168257325e-16,-2.42162035447965e-17)
(-7.00590606603727e-11,1.13314036252294e-09,-1.20523372719182e-16)
(-1.56659802795375e-11,1.03228361584505e-09,-1.27189844209993e-10)
(-2.85860246185324e-12,1.03263396151687e-09,-7.99601360190147e-11)
(0,0,0)
(0,0,0)
(0,0,0)
(0,0,0)
(0,0,0)
(0,0,0)
(5.97194657134716e-12,9.28214654292714e-12,-5.60733677934398e-10)
(1.36709598693384e-11,1.52474109734588e-11,-5.56471331188654e-10)
(2.41956134588785e-11,1.47069384670205e-11,-5.47918409727398e-10)
(4.58087885561499e-11,-3.22838219439241e-12,-5.35202250997445e-10)
(1.1046866038089e-10,-5.99016632943427e-11,-5.12541038298837e-10)
(3.96917298843427e-10,-1.84002566134811e-10,-4.40475927318988e-10)
(4.14725371012259e-17,3.40277094698936e-16,-4.20278193154449e-16)
(3.01064280168616e-12,1.20184110741285e-09,-7.60929336750426e-10)
(3.68653501185781e-12,9.66234795179249e-10,-3.65651843142666e-10)
(4.17979274829752e-12,9.43698839673546e-10,-1.62842227511277e-10)
(0,0,0)
(0,0,0)
(0,0,0)
(0,0,0)
(0,0,0)
(0,0,0)
(6.51041390630223e-12,5.53994081033936e-12,-7.12536553734095e-10)
(1.37708329861701e-11,8.26925099996091e-12,-7.0978519685381e-10)
(2.2533355171082e-11,5.06845305532517e-12,-7.05804020997176e-10)
(3.70904534503325e-11,-1.6942064876658e-11,-7.04771865682673e-10)
(6.13119933823809e-11,-9.18743353260305e-11,-7.19647178851966e-10)
(8.93929194509355e-11,-3.68311452831914e-10,-8.07513899117262e-10)
(2.20779087727899e-11,7.609292829283e-10,-1.23856341516595e-09)
(1.21071826326768e-11,7.56908237815819e-10,-7.65491345433489e-10)
(9.03264156191509e-12,7.47174686961053e-10,-4.54133976536344e-10)
(7.86869853431653e-12,7.72306110016417e-10,-2.17078869415239e-10)
(0,0,0)
(0,0,0)
(0,0,0)
(0,0,0)
(0,0,0)
(0,0,0)
(6.40167534498454e-12,3.24468170276476e-12,-8.64843464579335e-10)
(1.31638229769497e-11,5.14538309593345e-12,-8.62528809567545e-10)
(2.022312614917e-11,4.961520237029e-12,-8.59325492274429e-10)
(2.87899923070399e-11,-1.13813803058168e-12,-8.57506250997671e-10)
(3.84064096310869e-11,-8.24786569635967e-12,-8.62655579956959e-10)
(4.26829379269912e-11,1.55723048153279e-11,-8.85378379705916e-10)
(2.21444700382921e-11,3.29065274804608e-10,-9.24405895521803e-10)
(1.50456610000233e-11,4.4253473484741e-10,-7.3310316582278e-10)
(1.22901966806478e-11,5.03865319521573e-10,-5.01191083450146e-10)
(1.13919821615882e-11,5.49300566907212e-10,-2.56831421580301e-10)
(0,0,0)
(0,0,0)
(0,0,0)
(0,0,0)
(0,0,0)
(0,0,0)
(5.5494646419542e-12,1.722504807644e-12,-9.73073250739014e-10)
(1.21710725942938e-11,3.01727483803184e-12,-9.70692156265036e-10)
(1.87588307421045e-11,4.1949920500803e-12,-9.66673304223405e-10)
(2.46194479503156e-11,4.72701802761619e-12,-9.60932148301178e-10)
(2.96722555954648e-11,1.2578609854251e-11,-9.54654636669745e-10)
(2.9415746885197e-11,4.56064404867694e-11,-9.41205020352987e-10)
(2.0119304537819e-11,1.44163804211897e-10,-8.96316551919349e-10)
(1.48284827726585e-11,2.10253097393761e-10,-7.50531953299398e-10)
(1.30300408977887e-11,2.56200233453329e-10,-5.40521230699971e-10)
(1.30585345241007e-11,2.88521190198231e-10,-2.86237736943433e-10)
(0,0,0)
(0,0,0)
(0,0,0)
(0,0,0)
(0,0,0)
(0,0,0)
(0,0,0)
(0,0,0)
(0,0,0)
(0,0,0)
(0,0,0)
(0,0,0)
(0,0,0)
(0,0,0)
(0,0,0)
(0,0,0)
(0,0,0)
(0,0,0)
(0,0,0)
(0,0,0)
(0,0,0)
(0,0,0)
(0,0,0)
(0,0,0)
(0,0,0)
(0,0,0)
(0,0,0)
(0,0,0)
(0,0,0)
(0,0,0)
(0,0,0)
(0,0,0)
(0,0,0)
(0,0,0)
(0,0,0)
(0,0,0)
(0,0,0)
(0,0,0)
(0,0,0)
(0,0,0)
(0,0,0)
(0,0,0)
(0,0,0)
(0,0,0)
(0,0,0)
(0,0,0)
(0,0,0)
(0,0,0)
(0,0,0)
(0,0,0)
(0,0,0)
(0,0,0)
(0,0,0)
(0,0,0)
(0,0,0)
(0,0,0)
(0,0,0)
(0,0,0)
(0,0,0)
(0,0,0)
(0,0,0)
(0,0,0)
(0,0,0)
(0,0,0)
(0,0,0)
(0,0,0)
(0,0,0)
(0,0,0)
(0,0,0)
(0,0,0)
(0,0,0)
(0,0,0)
(0,0,0)
(0,0,0)
(0,0,0)
(0,0,0)
(0,0,0)
(0,0,0)
(0,0,0)
(0,0,0)
(0,0,0)
(0,0,0)
(0,0,0)
(0,0,0)
(0,0,0)
(0,0,0)
(0,0,0)
(0,0,0)
(0,0,0)
(0,0,0)
(0,0,0)
(0,0,0)
(0,0,0)
(0,0,0)
(0,0,0)
(0,0,0)
(0,0,0)
(0,0,0)
(0,0,0)
(0,0,0)
(0,0,0)
(0,0,0)
(6.27273244880617e-13,3.88046208028807e-11,-4.87661959025385e-11)
(8.8166100064317e-13,8.22197292259387e-11,-4.70214713061453e-11)
(9.48215829068868e-13,1.35093512361285e-10,-4.26070516139524e-11)
(8.62125220923663e-13,1.99618621427822e-10,-3.38987792853131e-11)
(-4.072195308411e-13,2.79730959827867e-10,-2.01053679038164e-11)
(-2.28426259123298e-12,3.8124705115875e-10,-1.75826371284504e-12)
(-4.4750935170766e-12,5.03596549694625e-10,1.74085942422189e-11)
(-3.9270304280924e-12,6.29802284918826e-10,2.09105883456637e-11)
(-1.86319334042826e-12,7.38206482386612e-10,1.40389359553456e-11)
(-2.04793788795701e-13,8.04075243365285e-10,6.31851444686703e-12)
(0,0,0)
(0,0,0)
(0,0,0)
(0,0,0)
(0,0,0)
(0,0,0)
(9.90347633678045e-13,3.69895731729616e-11,-1.01191731281189e-10)
(1.43836441138065e-12,7.7730733829376e-11,-9.71966035217583e-11)
(1.64821199408111e-12,1.26360838762287e-10,-8.80683176455506e-11)
(9.54647040430892e-13,1.861008875068e-10,-7.07431856915953e-11)
(-1.30722864084953e-12,2.61476886229723e-10,-4.22865932159782e-11)
(-6.90698577349658e-12,3.62054597264014e-10,1.28666268684705e-12)
(-1.60267467369469e-11,4.9945415607608e-10,5.91256157338579e-11)
(-1.37328251768526e-11,6.35744910877004e-10,6.11961801586962e-11)
(-6.79458699839288e-12,7.45402118494092e-10,3.57423587158391e-11)
(-2.75097208379218e-12,8.1078368942e-10,1.42358285194678e-11)
(0,0,0)
(0,0,0)
(0,0,0)
(0,0,0)
(0,0,0)
(0,0,0)
(1.46784407368705e-12,3.30083738531845e-11,-1.61623198127698e-10)
(2.8203757515349e-12,6.86799715076388e-11,-1.55730598764344e-10)
(3.26845807351565e-12,1.09250578234297e-10,-1.4243627105345e-10)
(2.4247497572795e-12,1.58095621498607e-10,-1.17665198811395e-10)
(-1.65791626328639e-12,2.182215679021e-10,-7.42848980439802e-11)
(-1.60678328348051e-11,3.03986327470172e-10,4.97383647007648e-12)
(-5.48104376810206e-11,4.95340689969088e-10,1.82926826332462e-10)
(-4.04744684327192e-11,6.58202041792661e-10,1.54135013965557e-10)
(-1.74402979026526e-11,7.65118458843737e-10,6.98428969165398e-11)
(-7.07157830242704e-12,8.24911959527865e-10,2.31012752143023e-11)
(0,0,0)
(0,0,0)
(0,0,0)
(0,0,0)
(0,0,0)
(0,0,0)
(2.67212688300086e-12,2.74714473901529e-11,-2.31800624848825e-10)
(5.40514966071396e-12,5.62658787698997e-11,-2.24399159056681e-10)
(6.41321318055983e-12,8.58229029009413e-11,-2.08187707797082e-10)
(6.56257476712986e-12,1.16647733247569e-10,-1.79978701712807e-10)
(3.58937683490657e-12,1.41059599026909e-10,-1.33920129196607e-10)
(-9.56534369029255e-12,1.27404784729524e-10,-6.72425845850604e-11)
(-8.11760445267433e-11,5.21899911940598e-10,4.50406405332538e-17)
(-1.00764242637395e-10,7.34081829509341e-10,3.63179373810717e-10)
(-2.9082607810342e-11,8.06216773919049e-10,9.68223739198915e-11)
(-8.54200275347948e-12,8.45012284016826e-10,2.10549310537085e-11)
(0,0,0)
(0,0,0)
(0,0,0)
(0,0,0)
(0,0,0)
(0,0,0)
(3.67462250994672e-12,2.06063315718746e-11,-3.11634614488671e-10)
(7.73750009205864e-12,4.17302414631958e-11,-3.0455287443893e-10)
(1.08639602906989e-11,6.04627725068004e-11,-2.87915855908514e-10)
(1.50398177541051e-11,7.52945889105829e-11,-2.58078309561948e-10)
(2.00723817480855e-11,8.22823661975769e-11,-2.07227386373095e-10)
(2.27176002419566e-11,7.78641948386234e-11,-1.23470259791387e-10)
(-1.46559012500025e-17,1.64593709544269e-16,-1.23857854705162e-17)
(-9.48874211111526e-12,9.81519079239598e-10,3.12495873736355e-17)
(-6.71525986631607e-12,8.69548932851055e-10,-1.61546391172131e-11)
(-6.46143261567921e-13,8.5940886913549e-10,-1.89774648474746e-11)
(0,0,0)
(0,0,0)
(0,0,0)
(0,0,0)
(0,0,0)
(0,0,0)
(4.87491569194106e-12,1.4405540238414e-11,-4.04567291930753e-10)
(1.03689030207794e-11,2.73791138689174e-11,-3.98653471866802e-10)
(1.65435095608257e-11,3.52989735073051e-11,-3.84009117620783e-10)
(2.62512403813038e-11,3.42416948780966e-11,-3.56739774596137e-10)
(4.34013665833339e-11,1.93134658081593e-11,-3.05301784735212e-10)
(6.82469017238578e-11,-6.27201322998759e-12,-2.01897514213806e-10)
(2.08585107133119e-18,9.74006142037502e-17,-2.05545590917138e-17)
(-1.15700818636582e-11,9.3781494511842e-10,-8.88430595048909e-17)
(3.15313219528034e-12,8.51608128527366e-10,-1.07485759368136e-10)
(6.11638336245528e-12,8.30639592455946e-10,-6.86399772774619e-11)
(0,0,0)
(0,0,0)
(0,0,0)
(0,0,0)
(0,0,0)
(0,0,0)
(5.45180555814293e-12,9.73408740885454e-12,-5.10634575187544e-10)
(1.20961983816349e-11,1.57457081020066e-11,-5.05793735296259e-10)
(2.11179401406277e-11,1.48346492506252e-11,-4.95133147079349e-10)
(3.68612585397961e-11,-1.62620635060708e-12,-4.7656676169494e-10)
(7.03762214327358e-11,-4.85500911138062e-11,-4.40198923945486e-10)
(1.40750678499691e-10,-1.36041683670969e-10,-3.44392946777871e-10)
(1.52935643486051e-17,1.56787313118436e-16,-2.10718167204517e-16)
(5.26660187909317e-11,9.94522860674009e-10,-6.42834899889641e-10)
(1.99370275987269e-11,7.93299997349323e-10,-3.1443580535118e-10)
(1.27302948942054e-11,7.51967512895088e-10,-1.40330652782644e-10)
(0,0,0)
(0,0,0)
(0,0,0)
(0,0,0)
(0,0,0)
(0,0,0)
(6.05431613361208e-12,5.89049975059402e-12,-6.22597384240511e-10)
(1.29135250335404e-11,8.20736205291061e-12,-6.18939779161249e-10)
(2.16081326748323e-11,3.6539735612178e-12,-6.12811481147532e-10)
(3.61618397735905e-11,-2.03982792566348e-11,-6.06961321354582e-10)
(6.55522440179865e-11,-1.00354163430543e-10,-6.11598117750392e-10)
(1.36558677852483e-10,-3.73427319637124e-10,-6.76144851660288e-10)
(-1.91301528359952e-11,6.42834852756582e-10,-1.04238884360494e-09)
(1.5123316703897e-11,6.35929318935255e-10,-6.50576441557271e-10)
(1.52869018803414e-11,6.07450170217791e-10,-3.83988818406813e-10)
(1.37953722281916e-11,6.04436034641707e-10,-1.81492640086661e-10)
(0,0,0)
(0,0,0)
(0,0,0)
(0,0,0)
(0,0,0)
(0,0,0)
(5.60919722834278e-12,3.50782536139478e-12,-7.23610113790494e-10)
(1.20886139417725e-11,5.06830701694977e-12,-7.20675919771152e-10)
(1.9170413059269e-11,3.42599079153172e-12,-7.15894265414431e-10)
(2.80741652081393e-11,-5.36070513474264e-12,-7.11177894777997e-10)
(4.03027338294339e-11,-1.99603195810111e-11,-7.12184627858267e-10)
(5.16763180713939e-11,-9.76865985353074e-12,-7.2936296050998e-10)
(1.57432109320086e-11,2.75348740941779e-10,-7.6393919089951e-10)
(1.54152160810489e-11,3.67640348648157e-10,-6.01148905949587e-10)
(1.55956208790206e-11,4.01083639050061e-10,-4.03780839894727e-10)
(1.53399372903611e-11,4.18793035203513e-10,-2.02855965745484e-10)
(0,0,0)
(0,0,0)
(0,0,0)
(0,0,0)
(0,0,0)
(0,0,0)
(4.89087497561975e-12,1.83694044467043e-12,-7.86611337684029e-10)
(1.11694953906943e-11,2.90681162095366e-12,-7.83914891433381e-10)
(1.72126668699588e-11,3.15049586365491e-12,-7.78825735364469e-10)
(2.30689543464979e-11,2.15410752506957e-12,-7.71596867917168e-10)
(2.88012491329584e-11,6.04278760831907e-12,-7.6432255262247e-10)
(3.01337189383269e-11,3.20388584814828e-11,-7.51448675269161e-10)
(1.84985101297644e-11,1.1970306171893e-10,-7.12831442588353e-10)
(1.50708575669929e-11,1.7205718978727e-10,-5.88737431344692e-10)
(1.49467805945837e-11,1.9969974505191e-10,-4.14397292802119e-10)
(1.53419877788763e-11,2.14285775790645e-10,-2.13951114920815e-10)
(0,0,0)
(0,0,0)
(0,0,0)
(0,0,0)
(0,0,0)
(0,0,0)
(0,0,0)
(0,0,0)
(0,0,0)
(0,0,0)
(0,0,0)
(0,0,0)
(0,0,0)
(0,0,0)
(0,0,0)
(0,0,0)
(0,0,0)
(0,0,0)
(0,0,0)
(0,0,0)
(0,0,0)
(0,0,0)
(0,0,0)
(0,0,0)
(0,0,0)
(0,0,0)
(0,0,0)
(0,0,0)
(0,0,0)
(0,0,0)
(0,0,0)
(0,0,0)
(0,0,0)
(0,0,0)
(0,0,0)
(0,0,0)
(0,0,0)
(0,0,0)
(0,0,0)
(0,0,0)
(0,0,0)
(0,0,0)
(0,0,0)
(0,0,0)
(0,0,0)
(0,0,0)
(0,0,0)
(0,0,0)
(0,0,0)
(0,0,0)
(0,0,0)
(0,0,0)
(0,0,0)
(0,0,0)
(0,0,0)
(0,0,0)
(0,0,0)
(0,0,0)
(0,0,0)
(0,0,0)
(0,0,0)
(0,0,0)
(0,0,0)
(0,0,0)
(0,0,0)
(0,0,0)
(0,0,0)
(0,0,0)
(0,0,0)
(0,0,0)
(0,0,0)
(0,0,0)
(0,0,0)
(0,0,0)
(0,0,0)
(0,0,0)
(0,0,0)
(0,0,0)
(0,0,0)
(0,0,0)
(0,0,0)
(0,0,0)
(0,0,0)
(0,0,0)
(0,0,0)
(0,0,0)
(0,0,0)
(0,0,0)
(0,0,0)
(0,0,0)
(0,0,0)
(0,0,0)
(0,0,0)
(0,0,0)
(0,0,0)
(0,0,0)
(0,0,0)
(0,0,0)
(0,0,0)
(0,0,0)
(0,0,0)
(0,0,0)
(6.9759627848961e-13,3.93900825847841e-11,-5.11382105114959e-11)
(9.56236704983234e-13,8.25646396085696e-11,-4.90513301604537e-11)
(9.72617099429886e-13,1.33436824306797e-10,-4.45544605709046e-11)
(5.86447760433271e-13,1.93350685886615e-10,-3.66080853559386e-11)
(-5.0025012367485e-13,2.65066569653643e-10,-2.41862407377134e-11)
(-2.25866665155706e-12,3.52186906639558e-10,-8.11641228550247e-12)
(-3.83469400198602e-12,4.51176640311249e-10,8.16212849672322e-12)
(-2.99800399596798e-12,5.48504969783401e-10,1.26837426852862e-11)
(-1.33840793940168e-12,6.27311923316432e-10,8.94574429738191e-12)
(-5.94725396602031e-13,6.71818213740448e-10,4.08860493859386e-12)
(0,0,0)
(0,0,0)
(0,0,0)
(0,0,0)
(0,0,0)
(0,0,0)
(9.76419194045193e-13,3.75182759318483e-11,-1.05118132752648e-10)
(1.36084085686697e-12,7.8319161557942e-11,-1.00882794583143e-10)
(1.43334056815316e-12,1.25685810891505e-10,-9.19418380446476e-11)
(5.03320572998442e-13,1.81220430812461e-10,-7.62269350627517e-11)
(-1.62516621607286e-12,2.48400129438575e-10,-5.12520813412407e-11)
(-6.67766902669354e-12,3.33697276627457e-10,-1.46894621393902e-11)
(-1.39838450547898e-11,4.42303442921977e-10,3.11143624259922e-11)
(-1.07361346496613e-11,5.48682343290794e-10,3.76106442962486e-11)
(-5.00439715158818e-12,6.30329089115527e-10,2.25823487928577e-11)
(-2.64341367233597e-12,6.75409820452859e-10,9.01307318227134e-12)
(0,0,0)
(0,0,0)
(0,0,0)
(0,0,0)
(0,0,0)
(0,0,0)
(1.11217117337171e-12,3.3547949527993e-11,-1.63933179106144e-10)
(1.94014077837083e-12,6.95067871975761e-11,-1.58187357480109e-10)
(1.92506116482446e-12,1.09848100102765e-10,-1.45439622258974e-10)
(4.92337240868288e-13,1.55824515442699e-10,-1.23100724679336e-10)
(-3.75468190209092e-12,2.09568452620018e-10,-8.62118084322133e-11)
(-1.74392799565823e-11,2.80556484547449e-10,-2.4168524115109e-11)
(-5.25778472856338e-11,4.19175431478378e-10,1.01912425897248e-10)
(-3.20621391003645e-11,5.52095653312171e-10,9.29982368863549e-11)
(-1.17969912756747e-11,6.38196964532061e-10,4.21286014192238e-11)
(-4.07062757710948e-12,6.81926645307023e-10,1.33440615970123e-11)
(0,0,0)
(0,0,0)
(0,0,0)
(0,0,0)
(0,0,0)
(0,0,0)
(2.13577690913458e-12,2.80839094565454e-11,-2.29120632697525e-10)
(3.72933570784135e-12,5.72433054762831e-11,-2.22231667310443e-10)
(3.56433749036703e-12,8.77671282081631e-11,-2.07035139020637e-10)
(1.85714658796791e-12,1.18729179418623e-10,-1.81617080204629e-10)
(-4.31093494732979e-12,1.4393950441385e-10,-1.42511743326542e-10)
(-2.72673834251042e-11,1.35402817334717e-10,-9.36103909260032e-11)
(7.75443740500674e-11,3.58614987743165e-10,-9.51834573593094e-11)
(-8.18444924768423e-11,5.67620705280773e-10,2.09386622158239e-10)
(-1.66473238761031e-11,6.52967341696712e-10,5.12419829242068e-11)
(-1.88365681845164e-12,6.88962351111068e-10,8.39814261846675e-12)
(0,0,0)
(0,0,0)
(0,0,0)
(0,0,0)
(0,0,0)
(0,0,0)
(2.79367379363194e-12,2.18255106422515e-11,-3.00943724346607e-10)
(5.45160915594834e-12,4.39336450731267e-11,-2.9403096120659e-10)
(6.19021294364223e-12,6.4712839419694e-11,-2.77689703516559e-10)
(5.24178859773062e-12,8.21074587102673e-11,-2.500462568677e-10)
(-7.15844444194803e-13,9.3665879995958e-11,-2.06056111623107e-10)
(-1.66164390950046e-11,1.03852721023163e-10,-1.34680403938166e-10)
(8.90182124636397e-18,1.66609280876399e-16,-4.47948332236969e-17)
(5.03700623768687e-11,6.23561161325017e-10,-7.60901055134831e-11)
(1.40483701876137e-11,6.7067765866698e-10,-4.2011862864166e-11)
(9.14566857065828e-12,6.88022048994216e-10,-2.54870382668732e-11)
(0,0,0)
(0,0,0)
(0,0,0)
(0,0,0)
(0,0,0)
(0,0,0)
(3.63254845756338e-12,1.55436372164716e-11,-3.79499215367586e-10)
(7.35795454166309e-12,3.01984510825232e-11,-3.73307953925219e-10)
(9.73849079282537e-12,4.16598825757289e-11,-3.58372187505364e-10)
(1.06811517491251e-11,4.63532456314203e-11,-3.32642066746755e-10)
(7.86065298388122e-12,4.05136921322411e-11,-2.88091220195472e-10)
(-3.88092149443518e-12,2.57664822911808e-11,-2.00552587139739e-10)
(1.0987652569822e-17,1.11804848258724e-16,-6.03278626683775e-17)
(3.92076731058284e-11,5.99354701729709e-10,-1.21576755393617e-10)
(2.26154812826696e-11,6.47260394941702e-10,-1.18591134785194e-10)
(1.61484856457605e-11,6.56539294216299e-10,-6.55817969488795e-11)
(0,0,0)
(0,0,0)
(0,0,0)
(0,0,0)
(0,0,0)
(0,0,0)
(4.45455332511698e-12,1.04834475573533e-11,-4.64028871014206e-10)
(8.97395621381154e-12,1.85465816361132e-11,-4.58896704302088e-10)
(1.37322304456374e-11,2.24708419712116e-11,-4.47536232950458e-10)
(1.92654936963397e-11,1.55421776111699e-11,-4.28115147347625e-10)
(2.63743165818692e-11,-1.21065955641466e-11,-3.93106954857764e-10)
(3.37435784061519e-11,-6.71403189795428e-11,-3.07416907268117e-10)
(8.49576497229404e-18,1.39809789668947e-16,-1.91911745298051e-16)
(8.28604659912012e-11,5.86576226644992e-10,-4.29033883380593e-10)
(3.16817021616891e-11,5.90128791805911e-10,-2.46904828086398e-10)
(1.99311203648691e-11,5.8755758369588e-10,-1.16097353149945e-10)
(0,0,0)
(0,0,0)
(0,0,0)
(0,0,0)
(0,0,0)
(0,0,0)
(4.77938544354186e-12,6.64883555084964e-12,-5.48555213412452e-10)
(9.92428205576585e-12,1.07564411190841e-11,-5.44361416272729e-10)
(1.59859556515946e-11,1.08580216304048e-11,-5.36533205802017e-10)
(2.57610620474903e-11,-1.88700684207715e-12,-5.25986935861055e-10)
(4.97051340783544e-11,-4.95168494187658e-11,-5.17051094013742e-10)
(1.39144010013532e-10,-2.09525059204736e-10,-5.25162538340206e-10)
(-4.34564430688196e-11,3.94521266359375e-10,-6.14113447823065e-10)
(1.68246638405341e-11,4.49602501216758e-10,-4.70519287580746e-10)
(1.91572547278981e-11,4.65727170156202e-10,-3.01117315887342e-10)
(1.79457315796482e-11,4.71512129636958e-10,-1.46356310730576e-10)
(0,0,0)
(0,0,0)
(0,0,0)
(0,0,0)
(0,0,0)
(0,0,0)
(4.34588812571471e-12,4.37640234636682e-12,-6.20204283481251e-10)
(9.46845498100945e-12,6.86085480273274e-12,-6.16396116479432e-10)
(1.4729537350742e-11,7.80087490852346e-12,-6.09770834824549e-10)
(2.15660856285774e-11,4.44747990505137e-12,-6.00946958112089e-10)
(3.1477959291836e-11,-1.88309648321283e-12,-5.92643040512142e-10)
(4.44450301258986e-11,1.2881889055694e-11,-5.87424008282265e-10)
(8.59860520486439e-12,2.03597077283028e-10,-5.76446182804898e-10)
(1.36303088870705e-11,2.81232235332293e-10,-4.67898040703691e-10)
(1.60546407278999e-11,3.12884872627557e-10,-3.19745294467918e-10)
(1.69912309578034e-11,3.25866219865771e-10,-1.61300819297898e-10)
(0,0,0)
(0,0,0)
(0,0,0)
(0,0,0)
(0,0,0)
(0,0,0)
(4.03136916964165e-12,2.4456770087062e-12,-6.62249604161263e-10)
(8.98715094273662e-12,3.78069730917269e-12,-6.58294312653487e-10)
(1.31342952863129e-11,4.97324509463046e-12,-6.51384965215155e-10)
(1.79487465768696e-11,5.84038014616981e-12,-6.41438855020343e-10)
(2.1970159387968e-11,1.05113310133197e-11,-6.28811163182191e-10)
(2.35553447390015e-11,3.1883704347068e-11,-6.08557444523384e-10)
(1.41075606050331e-11,9.51855429927042e-11,-5.65212359013967e-10)
(1.27879088116922e-11,1.35613913897789e-10,-4.65191825276077e-10)
(1.42003477651742e-11,1.56623360054404e-10,-3.2633387571902e-10)
(1.56766486487072e-11,1.66017203091558e-10,-1.67608918626936e-10)
(0,0,0)
(0,0,0)
(0,0,0)
(0,0,0)
(0,0,0)
(0,0,0)
(0,0,0)
(0,0,0)
(0,0,0)
(0,0,0)
(0,0,0)
(0,0,0)
(0,0,0)
(0,0,0)
(0,0,0)
(0,0,0)
(0,0,0)
(0,0,0)
(0,0,0)
(0,0,0)
(0,0,0)
(0,0,0)
(0,0,0)
(0,0,0)
(0,0,0)
(0,0,0)
(0,0,0)
(0,0,0)
(0,0,0)
(0,0,0)
(0,0,0)
(0,0,0)
(0,0,0)
(0,0,0)
(0,0,0)
(0,0,0)
(0,0,0)
(0,0,0)
(0,0,0)
(0,0,0)
(0,0,0)
(0,0,0)
(0,0,0)
(0,0,0)
(0,0,0)
(0,0,0)
(0,0,0)
(0,0,0)
(0,0,0)
(0,0,0)
(0,0,0)
(0,0,0)
(0,0,0)
(0,0,0)
(0,0,0)
(0,0,0)
(0,0,0)
(0,0,0)
(0,0,0)
(0,0,0)
(0,0,0)
(0,0,0)
(0,0,0)
(0,0,0)
(0,0,0)
(0,0,0)
(0,0,0)
(0,0,0)
(0,0,0)
(0,0,0)
(0,0,0)
(0,0,0)
(0,0,0)
(0,0,0)
(0,0,0)
(0,0,0)
(0,0,0)
(0,0,0)
(0,0,0)
(0,0,0)
(0,0,0)
(0,0,0)
(0,0,0)
(0,0,0)
(0,0,0)
(0,0,0)
(0,0,0)
(0,0,0)
(0,0,0)
(0,0,0)
(0,0,0)
(0,0,0)
(0,0,0)
(0,0,0)
(0,0,0)
(0,0,0)
(0,0,0)
(0,0,0)
(0,0,0)
(0,0,0)
(0,0,0)
(0,0,0)
(4.82522580456351e-13,3.95011504333314e-11,-5.27506755338553e-11)
(7.0484516602332e-13,8.23052825528979e-11,-5.06905145737188e-11)
(7.7725529977995e-13,1.31577745994057e-10,-4.65211118117185e-11)
(2.94858216351473e-13,1.88922320977582e-10,-3.97421501718181e-11)
(9.63616391699447e-14,2.54464252499091e-10,-2.93374547160152e-11)
(-4.75774216657979e-14,3.29896262436126e-10,-1.66259112692094e-11)
(5.16889198694566e-13,4.10867587141489e-10,-4.4683059354156e-12)
(5.62620884605451e-13,4.87499214810187e-10,1.0241350798082e-12)
(5.01565620236952e-13,5.47760116888448e-10,1.45273203654335e-12)
(-9.77271704146331e-14,5.81032166684942e-10,6.49717031304153e-13)
(0,0,0)
(0,0,0)
(0,0,0)
(0,0,0)
(0,0,0)
(0,0,0)
(7.11407428404577e-13,3.76525188918904e-11,-1.07829732682426e-10)
(1.23225867871826e-12,7.85134669164683e-11,-1.03903606493819e-10)
(1.55614837500527e-12,1.25183554024561e-10,-9.57614705438529e-11)
(9.24382221253978e-13,1.78901525511014e-10,-8.21946654403707e-11)
(6.43891400635134e-13,2.4152066413354e-10,-6.14525443014576e-11)
(6.59298487919426e-13,3.16761088215465e-10,-3.37292792455738e-11)
(2.64788451854182e-12,4.03882200458419e-10,-3.98246153221158e-12)
(8.78850832394173e-13,4.85652227704106e-10,5.83669013531846e-12)
(6.97003042532506e-13,5.4756438413001e-10,4.03609315906642e-12)
(-1.4716534423799e-13,5.80721449342324e-10,1.47083589129328e-12)
(0,0,0)
(0,0,0)
(0,0,0)
(0,0,0)
(0,0,0)
(0,0,0)
(8.30389618775949e-13,3.37726393532456e-11,-1.64982380461938e-10)
(1.45588727854544e-12,7.0467053405411e-11,-1.59810959634634e-10)
(1.66713547979652e-12,1.11832948072562e-10,-1.48414327348708e-10)
(6.98757017856772e-13,1.58325216609021e-10,-1.29280677280579e-10)
(-1.69018013058309e-13,2.12893490671364e-10,-9.93747559216333e-11)
(1.63343724376826e-12,2.84421555844692e-10,-5.50601241959682e-11)
(1.68967854604846e-11,3.90915013003724e-10,6.32747923626149e-12)
(3.28244439815034e-12,4.83845393811509e-10,1.4745184539537e-11)
(2.21717138183414e-12,5.47557951539504e-10,4.87312643195495e-12)
(2.23772821580973e-12,5.80024774564211e-10,-1.46912045096399e-13)
(0,0,0)
(0,0,0)
(0,0,0)
(0,0,0)
(0,0,0)
(0,0,0)
(1.50521033633115e-12,2.88331134069907e-11,-2.25555403891271e-10)
(1.84246782117624e-12,5.94735813630883e-11,-2.19323743271262e-10)
(1.20056746284463e-12,9.30657165086496e-11,-2.05997622151227e-10)
(-6.26469581804002e-13,1.28566215022715e-10,-1.84428100091383e-10)
(-2.9386629299451e-12,1.67273531596793e-10,-1.51050006477814e-10)
(5.8557793197548e-12,2.19978883269774e-10,-9.73333476150192e-11)
(1.31589115666485e-10,3.86110318711998e-10,3.09141474252776e-11)
(2.03596907129315e-11,4.88004171262301e-10,1.29756167744308e-11)
(8.48619945930039e-12,5.47825468341805e-10,-8.0438002132974e-12)
(7.45478791686368e-12,5.76652957178962e-10,-9.35856581146309e-12)
(0,0,0)
(0,0,0)
(0,0,0)
(0,0,0)
(0,0,0)
(0,0,0)
(2.16278407938764e-12,2.33333570284996e-11,-2.91224103115523e-10)
(2.84554545651207e-12,4.74216929339769e-11,-2.8463762614147e-10)
(1.59972313874911e-12,7.25080329104976e-11,-2.70271969583028e-10)
(-2.99414356802474e-12,9.56264460455133e-11,-2.48174283241217e-10)
(-1.89393642654086e-11,1.11764835341602e-10,-2.18362593480885e-10)
(-7.32105595063462e-11,9.22344926134292e-11,-1.88170766303145e-10)
(7.60901244249035e-11,5.014744456862e-10,-2.11544074156462e-10)
(4.04982793228184e-11,5.11358905144864e-10,-1.10114148138043e-10)
(2.09408093155443e-11,5.45629336840651e-10,-6.70700285923479e-11)
(1.51413850817288e-11,5.64924849533524e-10,-3.45252771294377e-11)
(0,0,0)
(0,0,0)
(0,0,0)
(0,0,0)
(0,0,0)
(0,0,0)
(2.50147667426725e-12,1.75784379351169e-11,-3.59451320598903e-10)
(4.07405756825034e-12,3.50162935033595e-11,-3.5347565031513e-10)
(3.19741063873718e-12,5.21040581284814e-11,-3.40380763668445e-10)
(-3.0586267819138e-12,6.56844880992469e-11,-3.20731207957962e-10)
(-2.70576923754463e-11,7.12190527742274e-11,-2.95099978364872e-10)
(-1.11526647035569e-10,5.5366476372598e-11,-2.7213882322082e-10)
(1.21576678048466e-10,4.50174656739555e-10,-2.97765524028614e-10)
(4.90005275821041e-11,4.86132931992668e-10,-1.96160253518664e-10)
(2.67377465822244e-11,5.17398128621378e-10,-1.29149149213568e-10)
(1.9548399217301e-11,5.31295995808895e-10,-6.49997399863253e-11)
(0,0,0)
(0,0,0)
(0,0,0)
(0,0,0)
(0,0,0)
(0,0,0)
(3.15699861953352e-12,1.23811778255405e-11,-4.28362000092692e-10)
(5.40362537911906e-12,2.41038926511689e-11,-4.23382037173606e-10)
(5.92396518369012e-12,3.48612040395073e-11,-4.13179376449799e-10)
(1.68648565968797e-12,4.05005978910782e-11,-3.97922929556375e-10)
(-2.19054771531279e-11,3.48536862514202e-11,-3.80626649709951e-10)
(-1.31288396725047e-10,-6.20777466124529e-12,-3.81561511065482e-10)
(3.45125734150875e-11,4.42710850924661e-10,-5.32969745063643e-10)
(3.77051361252143e-11,4.43488735598931e-10,-3.30628178865752e-10)
(2.52758488748773e-11,4.61458213344331e-10,-2.03286939976178e-10)
(1.98792212737969e-11,4.69935941202729e-10,-9.83144436766841e-11)
(0,0,0)
(0,0,0)
(0,0,0)
(0,0,0)
(0,0,0)
(0,0,0)
(2.85802150832945e-12,8.50455415900253e-12,-4.94541581394503e-10)
(5.99165790131889e-12,1.62764698930045e-11,-4.90333292976614e-10)
(8.49683243257208e-12,2.30089063775894e-11,-4.82055457027557e-10)
(1.04907334530324e-11,2.60736780630325e-11,-4.70348734911456e-10)
(1.01828254692645e-11,2.57317446360868e-11,-4.57783029421812e-10)
(5.68797123590788e-12,4.22085642019251e-11,-4.52321312139425e-10)
(3.873585765242e-12,2.65388442963679e-10,-4.64423228547352e-10)
(1.57929580316063e-11,3.35888960924651e-10,-3.62152170247387e-10)
(1.72385470998114e-11,3.65227860218366e-10,-2.41076020844364e-10)
(1.72353306202884e-11,3.762463352938e-10,-1.1964567376462e-10)
(0,0,0)
(0,0,0)
(0,0,0)
(0,0,0)
(0,0,0)
(0,0,0)
(2.46844646161211e-12,5.85671789651324e-12,-5.48387113299899e-10)
(5.92333081966163e-12,1.06086231854076e-11,-5.44110097533762e-10)
(8.73329045218913e-12,1.5473848894602e-11,-5.36237866815959e-10)
(1.18692677875081e-11,2.04503960703217e-11,-5.24955562831312e-10)
(1.38644995654133e-11,2.99718794846477e-11,-5.09932400460982e-10)
(1.44653893571718e-11,6.24406517657381e-11,-4.91045531403539e-10)
(8.46199739402126e-12,1.62408277117048e-10,-4.58820018601224e-10)
(1.10958840857981e-11,2.20238137431831e-10,-3.73233981896106e-10)
(1.38716781310297e-11,2.48757054262456e-10,-2.58649110719257e-10)
(1.55394284341329e-11,2.60531148309409e-10,-1.31546413777082e-10)
(0,0,0)
(0,0,0)
(0,0,0)
(0,0,0)
(0,0,0)
(0,0,0)
(2.52175467057261e-12,3.21148013751544e-12,-5.78847190826883e-10)
(5.85850081357718e-12,5.51448854949585e-12,-5.73832598213256e-10)
(8.16143018613041e-12,8.26871855605303e-12,-5.6521639117576e-10)
(1.1161434884889e-11,1.21048681841697e-11,-5.53269917172423e-10)
(1.2227771742479e-11,2.0382991860127e-11,-5.357516240219e-10)
(1.20939635766476e-11,4.02169964443897e-11,-5.08570429090641e-10)
(9.27256985984721e-12,7.99339930196784e-11,-4.61377432491291e-10)
(9.54387315242089e-12,1.09112633281163e-10,-3.77358914033248e-10)
(1.2098750727483e-11,1.25518189819994e-10,-2.65232367663092e-10)
(1.40849331133122e-11,1.32847628680263e-10,-1.36429963563989e-10)
(0,0,0)
(0,0,0)
(0,0,0)
(0,0,0)
(0,0,0)
(0,0,0)
(0,0,0)
(0,0,0)
(0,0,0)
(0,0,0)
(0,0,0)
(0,0,0)
(0,0,0)
(0,0,0)
(0,0,0)
(0,0,0)
(0,0,0)
(0,0,0)
(0,0,0)
(0,0,0)
(0,0,0)
(0,0,0)
(0,0,0)
(0,0,0)
(0,0,0)
(0,0,0)
(0,0,0)
(0,0,0)
(0,0,0)
(0,0,0)
(0,0,0)
(0,0,0)
(0,0,0)
(0,0,0)
(0,0,0)
(0,0,0)
(0,0,0)
(0,0,0)
(0,0,0)
(0,0,0)
(0,0,0)
(0,0,0)
(0,0,0)
(0,0,0)
(0,0,0)
(0,0,0)
(0,0,0)
(0,0,0)
(0,0,0)
(0,0,0)
(0,0,0)
(0,0,0)
(0,0,0)
(0,0,0)
(0,0,0)
(0,0,0)
(0,0,0)
(0,0,0)
(0,0,0)
(0,0,0)
(0,0,0)
(0,0,0)
(0,0,0)
(0,0,0)
(0,0,0)
(0,0,0)
(0,0,0)
(0,0,0)
(0,0,0)
(0,0,0)
(0,0,0)
(0,0,0)
(0,0,0)
(0,0,0)
(0,0,0)
(0,0,0)
(0,0,0)
(0,0,0)
(0,0,0)
(0,0,0)
(0,0,0)
(0,0,0)
(0,0,0)
(0,0,0)
(0,0,0)
(0,0,0)
(0,0,0)
(0,0,0)
(0,0,0)
(0,0,0)
(0,0,0)
(0,0,0)
(0,0,0)
(0,0,0)
(0,0,0)
(0,0,0)
(0,0,0)
(0,0,0)
(0,0,0)
(0,0,0)
(0,0,0)
(0,0,0)
(2.70993161766765e-13,3.92448388665305e-11,-5.39770954017219e-11)
(3.27258040460473e-13,8.20198404528381e-11,-5.18626007947533e-11)
(3.92485629360364e-13,1.30480496538232e-10,-4.80759849139807e-11)
(-8.90417728565149e-14,1.85216537082542e-10,-4.21960052523238e-11)
(3.28406557886925e-13,2.46304949818564e-10,-3.40514944341541e-11)
(9.29991465260983e-13,3.13793652128703e-10,-2.42249037320353e-11)
(2.00983486649522e-12,3.8371100164927e-10,-1.4988686225003e-11)
(1.98101103390572e-12,4.48344461095469e-10,-8.81580633394603e-12)
(1.50031338390657e-12,4.97471835182646e-10,-5.2135113582142e-12)
(8.62707203540165e-13,5.23157130362671e-10,-2.62510152932953e-12)
(0,0,0)
(0,0,0)
(0,0,0)
(0,0,0)
(0,0,0)
(0,0,0)
(6.65160778435983e-13,3.73916996659048e-11,-1.09251436500079e-10)
(1.13653623979523e-12,7.86394031445945e-11,-1.05472864357532e-10)
(1.33994922355126e-12,1.24856614172818e-10,-9.81019767735156e-11)
(7.58569984331166e-13,1.76999715659091e-10,-8.64137547172305e-11)
(1.5477998069265e-12,2.36446103580826e-10,-7.00272902507632e-11)
(3.25201314530662e-12,3.04625992023598e-10,-4.97757013661673e-11)
(5.79592030576961e-12,3.78026434796469e-10,-2.96996178797116e-11)
(4.48628170123119e-12,4.45373071951744e-10,-1.78510545489447e-11)
(3.26869290080424e-12,4.95270438475255e-10,-1.12680935674413e-11)
(2.02034532522002e-12,5.20671664601665e-10,-5.69244756680845e-12)
(0,0,0)
(0,0,0)
(0,0,0)
(0,0,0)
(0,0,0)
(0,0,0)
(5.98494737720445e-13,3.40738234283821e-11,-1.66194561960948e-10)
(1.0527270349341e-12,7.20196511256469e-11,-1.61548747925727e-10)
(1.30071697559201e-12,1.13974436671772e-10,-1.51365784980237e-10)
(5.51837245203793e-13,1.6105116521759e-10,-1.35001654087447e-10)
(1.13630933585351e-12,2.16695556116085e-10,-1.11779484879573e-10)
(4.68850638650422e-12,2.85383290642798e-10,-8.20174917880818e-11)
(1.32837744488526e-11,3.6818444825837e-10,-4.91700693844741e-11)
(8.99572505496393e-12,4.40269528237053e-10,-3.15341245990543e-11)
(6.9696930565617e-12,4.90606595136631e-10,-2.14126555445362e-11)
(5.46263355594507e-12,5.15390613480111e-10,-1.10418857784589e-11)
(0,0,0)
(0,0,0)
(0,0,0)
(0,0,0)
(0,0,0)
(0,0,0)
(7.73306094782006e-13,2.98422387037833e-11,-2.2376990105412e-10)
(5.68235130267182e-13,6.25440831989781e-11,-2.18228590759891e-10)
(1.88729001186589e-13,9.84201953653564e-11,-2.0640368331087e-10)
(-1.06479421817296e-12,1.38140575247786e-10,-1.88147990180071e-10)
(-1.14662553756414e-12,1.87249526290108e-10,-1.62298681180444e-10)
(5.35267493578432e-12,2.54207959751306e-10,-1.2708627202782e-10)
(3.41635193431118e-11,3.57282784990221e-10,-8.13449223860955e-11)
(1.80243738180886e-11,4.33388726238243e-10,-5.84156588229446e-11)
(1.19970965585624e-11,4.8214583479663e-10,-4.16224891929524e-11)
(9.82432975086937e-12,5.0577273481647e-10,-2.1946548684105e-11)
(0,0,0)
(0,0,0)
(0,0,0)
(0,0,0)
(0,0,0)
(0,0,0)
(1.33122619868319e-12,2.49387596092396e-11,-2.83962127027241e-10)
(8.85288328695503e-13,5.14300039363021e-11,-2.77602843116861e-10)
(-9.39884210315953e-14,8.04027132151716e-11,-2.64842161642598e-10)
(-2.86387538212093e-12,1.116826833873e-10,-2.46488781618253e-10)
(-8.58540887574268e-12,1.51115936455565e-10,-2.23178529949458e-10)
(-1.29692354121735e-11,2.11094726895595e-10,-1.96508084897417e-10)
(2.59599873530891e-11,3.5821598217933e-10,-1.72161985013367e-10)
(2.26801329293449e-11,4.26075338816796e-10,-1.23667674197803e-10)
(1.66272660720545e-11,4.67275646738317e-10,-8.12693019872669e-11)
(1.42449616768954e-11,4.87207986288745e-10,-4.10715487831213e-11)
(0,0,0)
(0,0,0)
(0,0,0)
(0,0,0)
(0,0,0)
(0,0,0)
(1.72306650009143e-12,1.95591363418248e-11,-3.45010793279528e-10)
(1.89157177376729e-12,3.98462227179628e-11,-3.39006069467879e-10)
(7.90709017214839e-13,6.23080255695164e-11,-3.27386026798091e-10)
(-3.50596616683258e-12,8.66404492732574e-11,-3.10891627001786e-10)
(-1.3653480996675e-11,1.18580784619336e-10,-2.90644185479723e-10)
(-2.43256951939038e-11,1.75553850534833e-10,-2.69678779344771e-10)
(2.74352133533706e-11,3.27180026810747e-10,-2.50506194466527e-10)
(2.4633619670626e-11,3.96868194976212e-10,-1.90007830215325e-10)
(1.85282526320329e-11,4.35206935894064e-10,-1.26981802112208e-10)
(1.59087138371755e-11,4.51868529663638e-10,-6.37785112086357e-11)
(0,0,0)
(0,0,0)
(0,0,0)
(0,0,0)
(0,0,0)
(0,0,0)
(2.05365936695925e-12,1.43669357799388e-11,-4.04204879534991e-10)
(3.02838741348088e-12,2.9540683366466e-11,-3.99249151344215e-10)
(2.51981595216205e-12,4.63939534073486e-11,-3.89670312415957e-10)
(-1.18287435868872e-12,6.44765271496876e-11,-3.75499982235782e-10)
(-1.18486741822385e-11,8.89826440399155e-11,-3.58528589492833e-10)
(-2.82965015900221e-11,1.3734391885261e-10,-3.44961782023469e-10)
(9.49341517826586e-12,2.86862359817476e-10,-3.41843198846331e-10)
(1.79636719100278e-11,3.48756928603179e-10,-2.60940831357247e-10)
(1.65337057013698e-11,3.8178837080085e-10,-1.73807857702869e-10)
(1.52543835060257e-11,3.95411651266453e-10,-8.67373969494027e-11)
(0,0,0)
(0,0,0)
(0,0,0)
(0,0,0)
(0,0,0)
(0,0,0)
(1.29756935294636e-12,1.0482442863709e-11,-4.5841088489071e-10)
(3.38166865983728e-12,2.17013825436749e-11,-4.54405130845617e-10)
(4.32516779949537e-12,3.35416170409977e-11,-4.45470451707389e-10)
(3.54830995608622e-12,4.70764589295656e-11,-4.32377034167147e-10)
(4.80973338298983e-13,6.82728161459961e-11,-4.15678705818269e-10)
(-2.44219991988556e-12,1.12308858024826e-10,-3.96326115911703e-10)
(4.58269331183697e-12,2.12107831835202e-10,-3.69208428814872e-10)
(1.03676321213986e-11,2.71835549519444e-10,-2.95999279634445e-10)
(1.22790059759628e-11,3.0327016647729e-10,-2.03146117859013e-10)
(1.33048438400617e-11,3.160586904158e-10,-1.02658381663248e-10)
(0,0,0)
(0,0,0)
(0,0,0)
(0,0,0)
(0,0,0)
(0,0,0)
(8.36668454465715e-13,7.45729050842291e-12,-5.01309109794664e-10)
(3.14523473779276e-12,1.47622940104719e-11,-4.97330982328884e-10)
(4.65611680608766e-12,2.27249602550241e-11,-4.88385768959302e-10)
(5.19163330332946e-12,3.29894718370423e-11,-4.74878996069938e-10)
(4.56651813246902e-12,5.03720042403744e-11,-4.55706348333968e-10)
(4.46353187619057e-12,8.38338085783673e-11,-4.29236064243274e-10)
(5.3502447863214e-12,1.41121859408035e-10,-3.87578033411064e-10)
(7.63651705960427e-12,1.84067087655748e-10,-3.15001320361716e-10)
(1.00078456313398e-11,2.08660915464868e-10,-2.20196489012127e-10)
(1.16765342861968e-11,2.19680573852163e-10,-1.12861115854674e-10)
(0,0,0)
(0,0,0)
(0,0,0)
(0,0,0)
(0,0,0)
(0,0,0)
(7.18642194460386e-13,4.11133662621939e-12,-5.25822732455812e-10)
(2.75678232557693e-12,7.69012178005464e-12,-5.21008279475331e-10)
(4.48367473884647e-12,1.1629554481226e-11,-5.1126261782346e-10)
(5.74800991853803e-12,1.72095656062595e-11,-4.97077755627744e-10)
(5.42956867134569e-12,2.72960784564202e-11,-4.76417490981249e-10)
(5.11796342168806e-12,4.50069737277772e-11,-4.45808248980553e-10)
(5.18804442147346e-12,7.12059413304315e-11,-3.97575979406808e-10)
(6.52996006343203e-12,9.27952663059826e-11,-3.2342461423726e-10)
(8.81453644836372e-12,1.05833393280433e-10,-2.2742778274089e-10)
(1.05025982295718e-11,1.12233099467622e-10,-1.17387048459593e-10)
(0,0,0)
(0,0,0)
(0,0,0)
(0,0,0)
(0,0,0)
(0,0,0)
(0,0,0)
(0,0,0)
(0,0,0)
(0,0,0)
(0,0,0)
(0,0,0)
(0,0,0)
(0,0,0)
(0,0,0)
(0,0,0)
(0,0,0)
(0,0,0)
(0,0,0)
(0,0,0)
(0,0,0)
(0,0,0)
(0,0,0)
(0,0,0)
(0,0,0)
(0,0,0)
(0,0,0)
(0,0,0)
(0,0,0)
(0,0,0)
(0,0,0)
(0,0,0)
(0,0,0)
(0,0,0)
(0,0,0)
(0,0,0)
(0,0,0)
(0,0,0)
(0,0,0)
(0,0,0)
(0,0,0)
(0,0,0)
(0,0,0)
(0,0,0)
(0,0,0)
(0,0,0)
(0,0,0)
(0,0,0)
(0,0,0)
(0,0,0)
(0,0,0)
(0,0,0)
(0,0,0)
(0,0,0)
(0,0,0)
(0,0,0)
(0,0,0)
(0,0,0)
(0,0,0)
(0,0,0)
(0,0,0)
(0,0,0)
(0,0,0)
(0,0,0)
(0,0,0)
(0,0,0)
(0,0,0)
(0,0,0)
(0,0,0)
(0,0,0)
(0,0,0)
(0,0,0)
(0,0,0)
(0,0,0)
(0,0,0)
(0,0,0)
(0,0,0)
(0,0,0)
(0,0,0)
(0,0,0)
(0,0,0)
(0,0,0)
(0,0,0)
(0,0,0)
(0,0,0)
(0,0,0)
(0,0,0)
(0,0,0)
(0,0,0)
(0,0,0)
(0,0,0)
(0,0,0)
(0,0,0)
(0,0,0)
(0,0,0)
(0,0,0)
(0,0,0)
(0,0,0)
(0,0,0)
(0,0,0)
(0,0,0)
(0,0,0)
(9.63775543393611e-15,4.02236473973653e-11,-5.3584706877969e-11)
(-7.89205320733605e-14,8.3039700729574e-11,-5.15672490015607e-11)
(1.36388333118274e-13,1.3047028926344e-10,-4.8340856688675e-11)
(-1.67311675533109e-14,1.82884615709804e-10,-4.31891594822353e-11)
(3.60662093482125e-13,2.41504632703383e-10,-3.61587624998866e-11)
(8.6143406333987e-13,3.05400117210229e-10,-2.76318542474903e-11)
(1.52152182824152e-12,3.70448351266095e-10,-1.98475312533335e-11)
(1.35010520191252e-12,4.29212541055102e-10,-1.3453199769499e-11)
(1.11330026240749e-12,4.72318802540565e-10,-8.50918616762435e-12)
(7.23071435213867e-13,4.94147194807759e-10,-4.12772379372926e-12)
(0,0,0)
(0,0,0)
(0,0,0)
(0,0,0)
(0,0,0)
(0,0,0)
(2.04464873411329e-13,3.82158272764013e-11,-1.0904060426484e-10)
(3.8540067474673e-13,7.97343878845882e-11,-1.05583618973596e-10)
(5.33904668344762e-13,1.25454980390107e-10,-9.88086564044301e-11)
(3.2065595931814e-13,1.75837487559913e-10,-8.83535122825113e-11)
(1.04675838710087e-12,2.33338386544482e-10,-7.46246291991998e-11)
(2.41863103960697e-12,2.98477228279439e-10,-5.8297085682634e-11)
(3.78934351308987e-12,3.65575541610475e-10,-4.20839870484081e-11)
(3.00686443441555e-12,4.25618632655158e-10,-2.92869609192976e-11)
(2.35689023878938e-12,4.69050640429073e-10,-1.91795757898985e-11)
(1.60894887997424e-12,4.9074254244924e-10,-9.53549056804196e-12)
(0,0,0)
(0,0,0)
(0,0,0)
(0,0,0)
(0,0,0)
(0,0,0)
(1.84265427120231e-13,3.49633068585694e-11,-1.65810666956035e-10)
(3.45332016122303e-13,7.33448259901771e-11,-1.61765227820432e-10)
(4.90827389189626e-13,1.15533740936543e-10,-1.52493872348878e-10)
(2.4025800711398e-13,1.62429260435903e-10,-1.37775278678858e-10)
(8.20346070343725e-13,2.18057601415033e-10,-1.18429033305412e-10)
(3.01641487438418e-12,2.84682760684803e-10,-9.57789232302333e-11)
(6.54949293160584e-12,3.56567858994448e-10,-7.13198768516022e-11)
(5.75505799922772e-12,4.18518111960188e-10,-5.06938243452659e-11)
(5.05968363046176e-12,4.61763445446006e-10,-3.32902311660492e-11)
(4.03862644114155e-12,4.8281600076117e-10,-1.63457229345463e-11)
(0,0,0)
(0,0,0)
(0,0,0)
(0,0,0)
(0,0,0)
(0,0,0)
(1.35474895105708e-13,3.11021331500714e-11,-2.22649719433286e-10)
(-1.42593056110739e-13,6.44188025347919e-11,-2.17716012949071e-10)
(-4.94819793891074e-14,1.0130597465568e-10,-2.0704101266019e-10)
(-4.56211357311432e-13,1.43323273069584e-10,-1.90491113185623e-10)
(-2.2544485565107e-13,1.96227837410186e-10,-1.68560753303782e-10)
(2.72455814979491e-12,2.63240129180542e-10,-1.41345386527867e-10)
(1.03010585909191e-11,3.42491299419736e-10,-1.10175879032711e-10)
(8.54459160951363e-12,4.06869576780194e-10,-8.176019498097e-11)
(7.19134410806803e-12,4.49878620844967e-10,-5.54488218004146e-11)
(6.44252959450202e-12,4.7050890426776e-10,-2.80080389407146e-11)
(0,0,0)
(0,0,0)
(0,0,0)
(0,0,0)
(0,0,0)
(0,0,0)
(3.5156555574516e-13,2.630390156095e-11,-2.79980782286805e-10)
(-2.91611927209725e-13,5.36012091898029e-11,-2.73984769746556e-10)
(-3.52680799751815e-13,8.47065932016963e-11,-2.62712316243945e-10)
(-1.13189293687538e-12,1.20936701830471e-10,-2.46203859834709e-10)
(-2.72070209152935e-12,1.68787025778626e-10,-2.25064812503726e-10)
(-1.7744589354882e-12,2.34795179835162e-10,-1.99314780129627e-10)
(8.50163190615015e-12,3.24376673958898e-10,-1.69006727901621e-10)
(9.48890455933674e-12,3.89102795209189e-10,-1.28947558319657e-10)
(8.49822371217174e-12,4.2962918209332e-10,-8.71640077142524e-11)
(8.51286951887049e-12,4.48943394921542e-10,-4.44686959732007e-11)
(0,0,0)
(0,0,0)
(0,0,0)
(0,0,0)
(0,0,0)
(0,0,0)
(9.1054325031823e-13,2.06594545764293e-11,-3.37613178539892e-10)
(5.77068455500045e-13,4.20371437599812e-11,-3.31587383059683e-10)
(2.10381383062684e-13,6.78454559926945e-11,-3.21274900837731e-10)
(-1.58948556533292e-12,9.86657615626569e-11,-3.05749315913492e-10)
(-5.02074655225725e-12,1.4031629131297e-10,-2.85885102580577e-10)
(-5.28834838992063e-12,2.02712668671673e-10,-2.62300370879526e-10)
(7.25451609548812e-12,2.92819136283105e-10,-2.3124430149531e-10)
(9.71885794056797e-12,3.56808149163089e-10,-1.81117645268332e-10)
(8.74352682165153e-12,3.95432094064466e-10,-1.23349773084166e-10)
(8.58708102567677e-12,4.12987568467211e-10,-6.27102722942512e-11)
(0,0,0)
(0,0,0)
(0,0,0)
(0,0,0)
(0,0,0)
(0,0,0)
(9.8242409239457e-13,1.55442023465551e-11,-3.92225108193205e-10)
(1.28884930803117e-12,3.23017299935302e-11,-3.87347355116504e-10)
(1.20182213838796e-12,5.25302524515047e-11,-3.7841143911125e-10)
(-7.54198881560386e-13,7.72120626643994e-11,-3.63737609856251e-10)
(-4.70565375769293e-12,1.11710813059709e-10,-3.44707025470361e-10)
(-6.38002393934398e-12,1.66368250897511e-10,-3.22642306584799e-10)
(3.34557567137189e-12,2.49946996151612e-10,-2.91847433419442e-10)
(7.75207733938179e-12,3.08759134919477e-10,-2.31946991210321e-10)
(7.98144927148265e-12,3.43536120096208e-10,-1.58952890391276e-10)
(7.86994740728398e-12,3.58864377198643e-10,-8.06818167533605e-11)
(0,0,0)
(0,0,0)
(0,0,0)
(0,0,0)
(0,0,0)
(0,0,0)
(3.1696766317391e-13,1.16488733622523e-11,-4.40707993961369e-10)
(1.38607805478626e-12,2.46546632963153e-11,-4.36965173901355e-10)
(2.04840704522028e-12,3.90582453349092e-11,-4.2791441094568e-10)
(9.36968699742666e-13,5.74272793969334e-11,-4.1324542595483e-10)
(-9.70804662621513e-13,8.49404404164671e-11,-3.93882943354183e-10)
(-1.08483757031067e-12,1.29193353792745e-10,-3.68538041098093e-10)
(2.35951655860083e-12,1.93392129613907e-10,-3.30293545199587e-10)
(5.28293220966399e-12,2.43517111439811e-10,-2.66356430080351e-10)
(6.40052079262678e-12,2.73246495729794e-10,-1.84569245368738e-10)
(7.02457874042318e-12,2.86052507852567e-10,-9.37661212567435e-11)
(0,0,0)
(0,0,0)
(0,0,0)
(0,0,0)
(0,0,0)
(0,0,0)
(2.04494870898207e-13,8.22302096542869e-12,-4.78094939210294e-10)
(1.27219359862898e-12,1.69899783953878e-11,-4.742611505333e-10)
(2.24474969052297e-12,2.64376673892968e-11,-4.64918448517805e-10)
(1.79889179813236e-12,3.90017654960453e-11,-4.49658725533002e-10)
(1.17215982574337e-12,5.86247334977485e-11,-4.28616746404127e-10)
(1.63233589457716e-12,8.98640203239328e-11,-3.99211073981088e-10)
(2.68944981456426e-12,1.31814531053249e-10,-3.54489176471433e-10)
(4.10350705977679e-12,1.67012858937869e-10,-2.87276448004976e-10)
(5.49999465833377e-12,1.88843892410421e-10,-2.01056120374424e-10)
(6.26289281606789e-12,1.9931096533625e-10,-1.03046132707268e-10)
(0,0,0)
(0,0,0)
(0,0,0)
(0,0,0)
(0,0,0)
(0,0,0)
(1.55258401971573e-14,4.59372715934128e-12,-4.99387543662484e-10)
(7.01242453758236e-13,8.91946997852156e-12,-4.94778290662945e-10)
(1.92836702436058e-12,1.34226940950161e-11,-4.85157578230666e-10)
(2.2973108783008e-12,1.97586781653037e-11,-4.69806517111288e-10)
(2.11640512707971e-12,3.03912209004375e-11,-4.47750528067684e-10)
(1.8926675757081e-12,4.67744587088802e-11,-4.15242902040167e-10)
(2.24262058236241e-12,6.72912524013411e-11,-3.66575775755579e-10)
(3.32839487304346e-12,8.48960383670903e-11,-2.97041902771875e-10)
(4.60719544749789e-12,9.63338994016002e-11,-2.08817469531741e-10)
(5.34864923759601e-12,1.02527725445047e-10,-1.07876374682643e-10)
(0,0,0)
(0,0,0)
(0,0,0)
(0,0,0)
(0,0,0)
(0,0,0)
(0,0,0)
(0,0,0)
(0,0,0)
(0,0,0)
(0,0,0)
(0,0,0)
(0,0,0)
(0,0,0)
(0,0,0)
(0,0,0)
(0,0,0)
(0,0,0)
(0,0,0)
(0,0,0)
(0,0,0)
(0,0,0)
(0,0,0)
(0,0,0)
(0,0,0)
(0,0,0)
(0,0,0)
(0,0,0)
(0,0,0)
(0,0,0)
(0,0,0)
(0,0,0)
(0,0,0)
(0,0,0)
(0,0,0)
(0,0,0)
(0,0,0)
(0,0,0)
(0,0,0)
(0,0,0)
(0,0,0)
(0,0,0)
(0,0,0)
(0,0,0)
(0,0,0)
(0,0,0)
(0,0,0)
(0,0,0)
(0,0,0)
(0,0,0)
(0,0,0)
(0,0,0)
(0,0,0)
(0,0,0)
(0,0,0)
(0,0,0)
(0,0,0)
(0,0,0)
(0,0,0)
(0,0,0)
(0,0,0)
(0,0,0)
(0,0,0)
(0,0,0)
(0,0,0)
(0,0,0)
(0,0,0)
(0,0,0)
(0,0,0)
(0,0,0)
(0,0,0)
(0,0,0)
(0,0,0)
(0,0,0)
(0,0,0)
(0,0,0)
(0,0,0)
(0,0,0)
(0,0,0)
(0,0,0)
(0,0,0)
(0,0,0)
(0,0,0)
(0,0,0)
(0,0,0)
(0,0,0)
(0,0,0)
(0,0,0)
(0,0,0)
(0,0,0)
(0,0,0)
(0,0,0)
(0,0,0)
(0,0,0)
(0,0,0)
(0,0,0)
(0,0,0)
(0,0,0)
(0,0,0)
(0,0,0)
(0,0,0)
(0,0,0)
(0,0,0)
(0,0,0)
(0,0,0)
(0,0,0)
(0,0,0)
(0,0,0)
(0,0,0)
(0,0,0)
(0,0,0)
(0,0,0)
(0,0,0)
(0,0,0)
(0,0,0)
(0,0,0)
(0,0,0)
(0,0,0)
(0,0,0)
(0,0,0)
(0,0,0)
(0,0,0)
(0,0,0)
(0,0,0)
(0,0,0)
(0,0,0)
(0,0,0)
(0,0,0)
(0,0,0)
(0,0,0)
(0,0,0)
(0,0,0)
(0,0,0)
(0,0,0)
(0,0,0)
(0,0,0)
(0,0,0)
(0,0,0)
(0,0,0)
(0,0,0)
(0,0,0)
(0,0,0)
(0,0,0)
(0,0,0)
(0,0,0)
(0,0,0)
(0,0,0)
(0,0,0)
(0,0,0)
(0,0,0)
(0,0,0)
(0,0,0)
(0,0,0)
(0,0,0)
(0,0,0)
(0,0,0)
(0,0,0)
(0,0,0)
(0,0,0)
(0,0,0)
(0,0,0)
(0,0,0)
(0,0,0)
(0,0,0)
(0,0,0)
(0,0,0)
(0,0,0)
(0,0,0)
(0,0,0)
(0,0,0)
(0,0,0)
(0,0,0)
(0,0,0)
(0,0,0)
(0,0,0)
(0,0,0)
(0,0,0)
(0,0,0)
(0,0,0)
(0,0,0)
(0,0,0)
(0,0,0)
(0,0,0)
(0,0,0)
(0,0,0)
(0,0,0)
(0,0,0)
(0,0,0)
(0,0,0)
(0,0,0)
(0,0,0)
(0,0,0)
(0,0,0)
(0,0,0)
(0,0,0)
(0,0,0)
(0,0,0)
(0,0,0)
(0,0,0)
(0,0,0)
(0,0,0)
(0,0,0)
(0,0,0)
(0,0,0)
(0,0,0)
(0,0,0)
(0,0,0)
(0,0,0)
(0,0,0)
(0,0,0)
(0,0,0)
(0,0,0)
(0,0,0)
(0,0,0)
(0,0,0)
(0,0,0)
(0,0,0)
(0,0,0)
(0,0,0)
(0,0,0)
(0,0,0)
(0,0,0)
(0,0,0)
(0,0,0)
(0,0,0)
(0,0,0)
(0,0,0)
(0,0,0)
(0,0,0)
(0,0,0)
(0,0,0)
(0,0,0)
(0,0,0)
(0,0,0)
(0,0,0)
(0,0,0)
(0,0,0)
(0,0,0)
(0,0,0)
(0,0,0)
(0,0,0)
(0,0,0)
(0,0,0)
(0,0,0)
(0,0,0)
(0,0,0)
(0,0,0)
(0,0,0)
(0,0,0)
(0,0,0)
(0,0,0)
(0,0,0)
(0,0,0)
(0,0,0)
(0,0,0)
(0,0,0)
(0,0,0)
(0,0,0)
(0,0,0)
(0,0,0)
(0,0,0)
(0,0,0)
(0,0,0)
(0,0,0)
(0,0,0)
(0,0,0)
(0,0,0)
(0,0,0)
(0,0,0)
(0,0,0)
(0,0,0)
(0,0,0)
(0,0,0)
(0,0,0)
(0,0,0)
(0,0,0)
(0,0,0)
(0,0,0)
(0,0,0)
(0,0,0)
(0,0,0)
(0,0,0)
(0,0,0)
(0,0,0)
(0,0,0)
(0,0,0)
(0,0,0)
(0,0,0)
(0,0,0)
(0,0,0)
(0,0,0)
(0,0,0)
(0,0,0)
(0,0,0)
(0,0,0)
(0,0,0)
(0,0,0)
(0,0,0)
(0,0,0)
(0,0,0)
(0,0,0)
(0,0,0)
(0,0,0)
(0,0,0)
(0,0,0)
(0,0,0)
(0,0,0)
(0,0,0)
(0,0,0)
(0,0,0)
(0,0,0)
(0,0,0)
(0,0,0)
(0,0,0)
(0,0,0)
(0,0,0)
(0,0,0)
(0,0,0)
(0,0,0)
(0,0,0)
(0,0,0)
(0,0,0)
(0,0,0)
(0,0,0)
(0,0,0)
(0,0,0)
(0,0,0)
(0,0,0)
(0,0,0)
(0,0,0)
(0,0,0)
(0,0,0)
(0,0,0)
(0,0,0)
(0,0,0)
(0,0,0)
(0,0,0)
(0,0,0)
(0,0,0)
(0,0,0)
(0,0,0)
(0,0,0)
(0,0,0)
(0,0,0)
(0,0,0)
(0,0,0)
(0,0,0)
(0,0,0)
(0,0,0)
(0,0,0)
(0,0,0)
(0,0,0)
(0,0,0)
(0,0,0)
(0,0,0)
(0,0,0)
(0,0,0)
(0,0,0)
(0,0,0)
(0,0,0)
(0,0,0)
(0,0,0)
(0,0,0)
(0,0,0)
(0,0,0)
(0,0,0)
(0,0,0)
(0,0,0)
(0,0,0)
(0,0,0)
(0,0,0)
(0,0,0)
(0,0,0)
(0,0,0)
(0,0,0)
(0,0,0)
(0,0,0)
(0,0,0)
(0,0,0)
(0,0,0)
(0,0,0)
(0,0,0)
(0,0,0)
(0,0,0)
(0,0,0)
(0,0,0)
(0,0,0)
(0,0,0)
(0,0,0)
(0,0,0)
(0,0,0)
(0,0,0)
(0,0,0)
(0,0,0)
(0,0,0)
(0,0,0)
(0,0,0)
(0,0,0)
(0,0,0)
(0,0,0)
(0,0,0)
(0,0,0)
(0,0,0)
(0,0,0)
(0,0,0)
(0,0,0)
(0,0,0)
(0,0,0)
(0,0,0)
(0,0,0)
(0,0,0)
(0,0,0)
(0,0,0)
(0,0,0)
(0,0,0)
(0,0,0)
(0,0,0)
(0,0,0)
(0,0,0)
(0,0,0)
(0,0,0)
(0,0,0)
(0,0,0)
(0,0,0)
(0,0,0)
(0,0,0)
(0,0,0)
(0,0,0)
(0,0,0)
(0,0,0)
(0,0,0)
(0,0,0)
(0,0,0)
(0,0,0)
(0,0,0)
(0,0,0)
(0,0,0)
(0,0,0)
(0,0,0)
(0,0,0)
(0,0,0)
(0,0,0)
(0,0,0)
(0,0,0)
(0,0,0)
(0,0,0)
(0,0,0)
(0,0,0)
(0,0,0)
(0,0,0)
(0,0,0)
(0,0,0)
(0,0,0)
(0,0,0)
(0,0,0)
(0,0,0)
(0,0,0)
(0,0,0)
(0,0,0)
(0,0,0)
(0,0,0)
(0,0,0)
(0,0,0)
(0,0,0)
(0,0,0)
(0,0,0)
(0,0,0)
(0,0,0)
(0,0,0)
(0,0,0)
(0,0,0)
(0,0,0)
(0,0,0)
(0,0,0)
(0,0,0)
(0,0,0)
(0,0,0)
(0,0,0)
(0,0,0)
(0,0,0)
(0,0,0)
(0,0,0)
(0,0,0)
(0,0,0)
(0,0,0)
(0,0,0)
(0,0,0)
(0,0,0)
(0,0,0)
(0,0,0)
(0,0,0)
(0,0,0)
(0,0,0)
(0,0,0)
(0,0,0)
(0,0,0)
(0,0,0)
(0,0,0)
(0,0,0)
(0,0,0)
(0,0,0)
(0,0,0)
(0,0,0)
(0,0,0)
(0,0,0)
(0,0,0)
(0,0,0)
(0,0,0)
(0,0,0)
(0,0,0)
(0,0,0)
(0,0,0)
(0,0,0)
(0,0,0)
(0,0,0)
(0,0,0)
(0,0,0)
(0,0,0)
(0,0,0)
(0,0,0)
(0,0,0)
(0,0,0)
(0,0,0)
(0,0,0)
(0,0,0)
(0,0,0)
(0,0,0)
(0,0,0)
(0,0,0)
(0,0,0)
(0,0,0)
(0,0,0)
(0,0,0)
(0,0,0)
(0,0,0)
(0,0,0)
(0,0,0)
(0,0,0)
(0,0,0)
(0,0,0)
(0,0,0)
(0,0,0)
(0,0,0)
(0,0,0)
(0,0,0)
(0,0,0)
(0,0,0)
(0,0,0)
(0,0,0)
(0,0,0)
(0,0,0)
(0,0,0)
(0,0,0)
(0,0,0)
(0,0,0)
(0,0,0)
(0,0,0)
(0,0,0)
(0,0,0)
(0,0,0)
(0,0,0)
(0,0,0)
(0,0,0)
(0,0,0)
(0,0,0)
(0,0,0)
(0,0,0)
(0,0,0)
(0,0,0)
(0,0,0)
(0,0,0)
(0,0,0)
(0,0,0)
(0,0,0)
(0,0,0)
(0,0,0)
(0,0,0)
(0,0,0)
(0,0,0)
(0,0,0)
(0,0,0)
(0,0,0)
(0,0,0)
(0,0,0)
(0,0,0)
(0,0,0)
(0,0,0)
(0,0,0)
(0,0,0)
(0,0,0)
(0,0,0)
(0,0,0)
(0,0,0)
(0,0,0)
(0,0,0)
(0,0,0)
(0,0,0)
(0,0,0)
(0,0,0)
(0,0,0)
(0,0,0)
(0,0,0)
(0,0,0)
(0,0,0)
(0,0,0)
(0,0,0)
(0,0,0)
(0,0,0)
(0,0,0)
(0,0,0)
(0,0,0)
(0,0,0)
(0,0,0)
(0,0,0)
(0,0,0)
(0,0,0)
(0,0,0)
(0,0,0)
(0,0,0)
(0,0,0)
(0,0,0)
(0,0,0)
(0,0,0)
(0,0,0)
(0,0,0)
(0,0,0)
(0,0,0)
(0,0,0)
(0,0,0)
(0,0,0)
(0,0,0)
(0,0,0)
(0,0,0)
(0,0,0)
(0,0,0)
(0,0,0)
(0,0,0)
(0,0,0)
(0,0,0)
(0,0,0)
(0,0,0)
(0,0,0)
(0,0,0)
(0,0,0)
(0,0,0)
(0,0,0)
(0,0,0)
(0,0,0)
(0,0,0)
(0,0,0)
(0,0,0)
(0,0,0)
(0,0,0)
(0,0,0)
(0,0,0)
(0,0,0)
(0,0,0)
(0,0,0)
(0,0,0)
(0,0,0)
(0,0,0)
(0,0,0)
(0,0,0)
(0,0,0)
(0,0,0)
(0,0,0)
(0,0,0)
(0,0,0)
(0,0,0)
(0,0,0)
(0,0,0)
(0,0,0)
(0,0,0)
(0,0,0)
(0,0,0)
(0,0,0)
(0,0,0)
(0,0,0)
(0,0,0)
(0,0,0)
(0,0,0)
(0,0,0)
(0,0,0)
(0,0,0)
(0,0,0)
(0,0,0)
(0,0,0)
(0,0,0)
(0,0,0)
(0,0,0)
(0,0,0)
(0,0,0)
(0,0,0)
(0,0,0)
(0,0,0)
(0,0,0)
(0,0,0)
(0,0,0)
(0,0,0)
(0,0,0)
(0,0,0)
(0,0,0)
(0,0,0)
(0,0,0)
(0,0,0)
(0,0,0)
(0,0,0)
(0,0,0)
(0,0,0)
(0,0,0)
(0,0,0)
(0,0,0)
(0,0,0)
(0,0,0)
(0,0,0)
(0,0,0)
(0,0,0)
(0,0,0)
(0,0,0)
(0,0,0)
(0,0,0)
(0,0,0)
(0,0,0)
(0,0,0)
(0,0,0)
(0,0,0)
(0,0,0)
(0,0,0)
(0,0,0)
(0,0,0)
(0,0,0)
(0,0,0)
(0,0,0)
(0,0,0)
(0,0,0)
(0,0,0)
(0,0,0)
(0,0,0)
(0,0,0)
(0,0,0)
(0,0,0)
(0,0,0)
(0,0,0)
(0,0,0)
(0,0,0)
(0,0,0)
(0,0,0)
(0,0,0)
(0,0,0)
(0,0,0)
(0,0,0)
(0,0,0)
(0,0,0)
(0,0,0)
(0,0,0)
(0,0,0)
(0,0,0)
(0,0,0)
(0,0,0)
(0,0,0)
(0,0,0)
(0,0,0)
(0,0,0)
(0,0,0)
(0,0,0)
(0,0,0)
(0,0,0)
(0,0,0)
(0,0,0)
(0,0,0)
(0,0,0)
(0,0,0)
(0,0,0)
(0,0,0)
(0,0,0)
(0,0,0)
(0,0,0)
(0,0,0)
(0,0,0)
(0,0,0)
(0,0,0)
(0,0,0)
(0,0,0)
(0,0,0)
(0,0,0)
(0,0,0)
(0,0,0)
(0,0,0)
(0,0,0)
(0,0,0)
(0,0,0)
(0,0,0)
(0,0,0)
(0,0,0)
(0,0,0)
(0,0,0)
(0,0,0)
(0,0,0)
(0,0,0)
(0,0,0)
(0,0,0)
(0,0,0)
(0,0,0)
(0,0,0)
(0,0,0)
(0,0,0)
(0,0,0)
(0,0,0)
(0,0,0)
(0,0,0)
(0,0,0)
(0,0,0)
(0,0,0)
(0,0,0)
(0,0,0)
(0,0,0)
(0,0,0)
(0,0,0)
(0,0,0)
)
;

boundaryField
{
    fuel
    {
        type            fixedValue;
        value           uniform (0.1 0 0);
    }
    air
    {
        type            fixedValue;
        value           uniform (-0.1 0 0);
    }
    outlet
    {
        type            zeroGradient;
    }
    frontAndBack
    {
        type            empty;
    }
}


// ************************************************************************* //
 