/*--------------------------------*- C++ -*----------------------------------*\
| =========                 |                                                 |
| \\      /  F ield         | foam-extend: Open Source Cstd::filesystem::create_directory();FD                    |
|  \\    /   O peration     | Version:     4.0                                |
|   \\  /    A nd           | Web:         http://www.foam-extend.org         |
|    \\/     M anipulation  |                                                 |
\*---------------------------------------------------------------------------*/
FoamFile
{
    version 2.0;
    format ascii;
    class volVectorField;
    location "Data/882";
    object      H;
}
// * * * * * * * * * * * * * * * * * * * * * * * * * * * * * * * * * * * * * //

dimensions      [0 1 -1 0 0 0 0];

internalField   nonuniform List<vector>
4096
(
(0,0,0)
(0,0,0)
(0,0,0)
(0,0,0)
(0,0,0)
(0,0,0)
(0,0,0)
(0,0,0)
(0,0,0)
(0,0,0)
(0,0,0)
(0,0,0)
(0,0,0)
(0,0,0)
(0,0,0)
(0,0,0)
(0,0,0)
(0,0,0)
(0,0,0)
(0,0,0)
(0,0,0)
(0,0,0)
(0,0,0)
(0,0,0)
(0,0,0)
(0,0,0)
(0,0,0)
(0,0,0)
(0,0,0)
(0,0,0)
(0,0,0)
(0,0,0)
(0,0,0)
(0,0,0)
(0,0,0)
(0,0,0)
(0,0,0)
(0,0,0)
(0,0,0)
(0,0,0)
(0,0,0)
(0,0,0)
(0,0,0)
(0,0,0)
(0,0,0)
(0,0,0)
(0,0,0)
(0,0,0)
(0,0,0)
(0,0,0)
(0,0,0)
(0,0,0)
(0,0,0)
(0,0,0)
(0,0,0)
(0,0,0)
(0,0,0)
(0,0,0)
(0,0,0)
(0,0,0)
(0,0,0)
(0,0,0)
(0,0,0)
(0,0,0)
(0,0,0)
(0,0,0)
(0,0,0)
(0,0,0)
(0,0,0)
(0,0,0)
(0,0,0)
(0,0,0)
(0,0,0)
(0,0,0)
(0,0,0)
(0,0,0)
(0,0,0)
(0,0,0)
(0,0,0)
(0,0,0)
(0,0,0)
(0,0,0)
(0,0,0)
(0,0,0)
(0,0,0)
(0,0,0)
(0,0,0)
(0,0,0)
(0,0,0)
(0,0,0)
(0,0,0)
(0,0,0)
(0,0,0)
(0,0,0)
(0,0,0)
(0,0,0)
(0,0,0)
(0,0,0)
(0,0,0)
(0,0,0)
(0,0,0)
(0,0,0)
(0,0,0)
(0,0,0)
(0,0,0)
(0,0,0)
(0,0,0)
(0,0,0)
(0,0,0)
(0,0,0)
(0,0,0)
(0,0,0)
(0,0,0)
(0,0,0)
(0,0,0)
(0,0,0)
(0,0,0)
(0,0,0)
(0,0,0)
(0,0,0)
(0,0,0)
(0,0,0)
(0,0,0)
(0,0,0)
(0,0,0)
(0,0,0)
(0,0,0)
(0,0,0)
(0,0,0)
(0,0,0)
(0,0,0)
(0,0,0)
(0,0,0)
(0,0,0)
(0,0,0)
(0,0,0)
(0,0,0)
(0,0,0)
(0,0,0)
(0,0,0)
(0,0,0)
(0,0,0)
(0,0,0)
(0,0,0)
(0,0,0)
(0,0,0)
(0,0,0)
(0,0,0)
(0,0,0)
(0,0,0)
(0,0,0)
(0,0,0)
(0,0,0)
(0,0,0)
(0,0,0)
(0,0,0)
(0,0,0)
(0,0,0)
(0,0,0)
(0,0,0)
(0,0,0)
(0,0,0)
(0,0,0)
(0,0,0)
(0,0,0)
(0,0,0)
(0,0,0)
(0,0,0)
(0,0,0)
(0,0,0)
(0,0,0)
(0,0,0)
(0,0,0)
(0,0,0)
(0,0,0)
(0,0,0)
(0,0,0)
(0,0,0)
(0,0,0)
(0,0,0)
(0,0,0)
(0,0,0)
(0,0,0)
(0,0,0)
(0,0,0)
(0,0,0)
(0,0,0)
(0,0,0)
(0,0,0)
(0,0,0)
(0,0,0)
(0,0,0)
(0,0,0)
(0,0,0)
(0,0,0)
(0,0,0)
(0,0,0)
(0,0,0)
(0,0,0)
(0,0,0)
(0,0,0)
(0,0,0)
(0,0,0)
(0,0,0)
(0,0,0)
(0,0,0)
(0,0,0)
(0,0,0)
(0,0,0)
(0,0,0)
(0,0,0)
(0,0,0)
(0,0,0)
(0,0,0)
(0,0,0)
(0,0,0)
(0,0,0)
(0,0,0)
(0,0,0)
(0,0,0)
(0,0,0)
(0,0,0)
(0,0,0)
(0,0,0)
(0,0,0)
(0,0,0)
(0,0,0)
(0,0,0)
(0,0,0)
(0,0,0)
(0,0,0)
(0,0,0)
(0,0,0)
(0,0,0)
(0,0,0)
(0,0,0)
(0,0,0)
(0,0,0)
(0,0,0)
(0,0,0)
(0,0,0)
(0,0,0)
(0,0,0)
(0,0,0)
(0,0,0)
(0,0,0)
(0,0,0)
(0,0,0)
(0,0,0)
(0,0,0)
(0,0,0)
(0,0,0)
(0,0,0)
(0,0,0)
(0,0,0)
(0,0,0)
(0,0,0)
(0,0,0)
(0,0,0)
(0,0,0)
(0,0,0)
(0,0,0)
(0,0,0)
(0,0,0)
(0,0,0)
(0,0,0)
(0,0,0)
(0,0,0)
(0,0,0)
(0,0,0)
(0,0,0)
(0,0,0)
(0,0,0)
(0,0,0)
(0,0,0)
(0,0,0)
(0,0,0)
(0,0,0)
(0,0,0)
(0,0,0)
(0,0,0)
(0,0,0)
(0,0,0)
(0,0,0)
(0,0,0)
(0,0,0)
(0,0,0)
(0,0,0)
(0,0,0)
(0,0,0)
(0,0,0)
(0,0,0)
(0,0,0)
(0,0,0)
(0,0,0)
(0,0,0)
(0,0,0)
(0,0,0)
(0,0,0)
(0,0,0)
(0,0,0)
(0,0,0)
(0,0,0)
(0,0,0)
(0,0,0)
(0,0,0)
(0,0,0)
(0,0,0)
(0,0,0)
(0,0,0)
(0,0,0)
(0,0,0)
(0,0,0)
(0,0,0)
(0,0,0)
(0,0,0)
(0,0,0)
(0,0,0)
(0,0,0)
(0,0,0)
(0,0,0)
(0,0,0)
(0,0,0)
(0,0,0)
(0,0,0)
(0,0,0)
(0,0,0)
(0,0,0)
(0,0,0)
(0,0,0)
(0,0,0)
(0,0,0)
(0,0,0)
(0,0,0)
(0,0,0)
(0,0,0)
(0,0,0)
(0,0,0)
(0,0,0)
(0,0,0)
(0,0,0)
(0,0,0)
(0,0,0)
(0,0,0)
(0,0,0)
(0,0,0)
(0,0,0)
(0,0,0)
(0,0,0)
(0,0,0)
(0,0,0)
(0,0,0)
(0,0,0)
(0,0,0)
(0,0,0)
(0,0,0)
(0,0,0)
(0,0,0)
(0,0,0)
(0,0,0)
(0,0,0)
(0,0,0)
(0,0,0)
(0,0,0)
(0,0,0)
(0,0,0)
(0,0,0)
(0,0,0)
(0,0,0)
(0,0,0)
(0,0,0)
(0,0,0)
(0,0,0)
(0,0,0)
(0,0,0)
(0,0,0)
(0,0,0)
(0,0,0)
(0,0,0)
(0,0,0)
(0,0,0)
(0,0,0)
(0,0,0)
(0,0,0)
(0,0,0)
(0,0,0)
(0,0,0)
(0,0,0)
(0,0,0)
(0,0,0)
(0,0,0)
(0,0,0)
(0,0,0)
(0,0,0)
(0,0,0)
(0,0,0)
(0,0,0)
(0,0,0)
(0,0,0)
(0,0,0)
(0,0,0)
(0,0,0)
(0,0,0)
(0,0,0)
(0,0,0)
(0,0,0)
(0,0,0)
(0,0,0)
(0,0,0)
(0,0,0)
(0,0,0)
(0,0,0)
(0,0,0)
(0,0,0)
(0,0,0)
(0,0,0)
(0,0,0)
(0,0,0)
(0,0,0)
(0,0,0)
(0,0,0)
(0,0,0)
(0,0,0)
(0,0,0)
(0,0,0)
(0,0,0)
(0,0,0)
(0,0,0)
(0,0,0)
(0,0,0)
(0,0,0)
(0,0,0)
(0,0,0)
(0,0,0)
(0,0,0)
(0,0,0)
(0,0,0)
(0,0,0)
(0,0,0)
(0,0,0)
(0,0,0)
(0,0,0)
(0,0,0)
(0,0,0)
(0,0,0)
(0,0,0)
(0,0,0)
(0,0,0)
(0,0,0)
(0,0,0)
(0,0,0)
(0,0,0)
(0,0,0)
(0,0,0)
(0,0,0)
(0,0,0)
(0,0,0)
(0,0,0)
(0,0,0)
(0,0,0)
(0,0,0)
(0,0,0)
(0,0,0)
(0,0,0)
(0,0,0)
(0,0,0)
(0,0,0)
(0,0,0)
(0,0,0)
(0,0,0)
(0,0,0)
(0,0,0)
(0,0,0)
(0,0,0)
(0,0,0)
(0,0,0)
(0,0,0)
(0,0,0)
(0,0,0)
(0,0,0)
(0,0,0)
(0,0,0)
(0,0,0)
(0,0,0)
(0,0,0)
(0,0,0)
(0,0,0)
(0,0,0)
(0,0,0)
(0,0,0)
(0,0,0)
(0,0,0)
(0,0,0)
(0,0,0)
(0,0,0)
(0,0,0)
(0,0,0)
(0,0,0)
(0,0,0)
(0,0,0)
(0,0,0)
(0,0,0)
(0,0,0)
(0,0,0)
(0,0,0)
(0,0,0)
(0,0,0)
(0,0,0)
(0,0,0)
(0,0,0)
(0,0,0)
(0,0,0)
(0,0,0)
(0,0,0)
(0,0,0)
(0,0,0)
(0,0,0)
(0,0,0)
(0,0,0)
(0,0,0)
(0,0,0)
(0,0,0)
(0,0,0)
(0,0,0)
(0,0,0)
(0,0,0)
(0,0,0)
(0,0,0)
(0,0,0)
(0,0,0)
(0,0,0)
(0,0,0)
(0,0,0)
(0,0,0)
(0,0,0)
(0,0,0)
(0,0,0)
(0,0,0)
(0,0,0)
(0,0,0)
(0,0,0)
(0,0,0)
(0,0,0)
(0,0,0)
(0,0,0)
(0,0,0)
(0,0,0)
(0,0,0)
(0,0,0)
(0,0,0)
(0,0,0)
(0,0,0)
(0,0,0)
(0,0,0)
(0,0,0)
(0,0,0)
(0,0,0)
(0,0,0)
(0,0,0)
(0,0,0)
(0,0,0)
(0,0,0)
(0,0,0)
(0,0,0)
(0,0,0)
(0,0,0)
(0,0,0)
(0,0,0)
(0,0,0)
(0,0,0)
(0,0,0)
(0,0,0)
(0,0,0)
(0,0,0)
(0,0,0)
(0,0,0)
(0,0,0)
(0,0,0)
(0,0,0)
(0,0,0)
(0,0,0)
(0,0,0)
(0,0,0)
(0,0,0)
(0,0,0)
(0,0,0)
(0,0,0)
(0,0,0)
(0,0,0)
(0,0,0)
(0,0,0)
(0,0,0)
(0,0,0)
(0,0,0)
(0,0,0)
(0,0,0)
(0,0,0)
(0,0,0)
(0,0,0)
(0,0,0)
(0,0,0)
(0,0,0)
(0,0,0)
(0,0,0)
(0,0,0)
(0,0,0)
(0,0,0)
(0,0,0)
(0,0,0)
(0,0,0)
(0,0,0)
(0,0,0)
(0,0,0)
(0,0,0)
(0,0,0)
(0,0,0)
(0,0,0)
(0,0,0)
(0,0,0)
(0,0,0)
(0,0,0)
(0,0,0)
(0,0,0)
(0,0,0)
(0,0,0)
(0,0,0)
(0,0,0)
(0,0,0)
(0,0,0)
(0,0,0)
(0,0,0)
(0,0,0)
(0,0,0)
(0,0,0)
(0,0,0)
(0,0,0)
(0,0,0)
(0,0,0)
(0,0,0)
(0,0,0)
(0,0,0)
(0,0,0)
(0,0,0)
(0,0,0)
(0,0,0)
(0,0,0)
(0,0,0)
(0,0,0)
(0,0,0)
(0,0,0)
(0,0,0)
(0,0,0)
(0,0,0)
(0,0,0)
(0,0,0)
(0,0,0)
(0,0,0)
(0,0,0)
(0,0,0)
(0,0,0)
(0,0,0)
(0,0,0)
(0,0,0)
(0,0,0)
(0,0,0)
(0,0,0)
(0,0,0)
(0,0,0)
(0,0,0)
(0,0,0)
(0,0,0)
(0,0,0)
(0,0,0)
(0,0,0)
(0,0,0)
(0,0,0)
(0,0,0)
(0,0,0)
(0,0,0)
(0,0,0)
(0,0,0)
(0,0,0)
(0,0,0)
(0,0,0)
(0,0,0)
(0,0,0)
(0,0,0)
(0,0,0)
(0,0,0)
(0,0,0)
(0,0,0)
(0,0,0)
(0,0,0)
(0,0,0)
(0,0,0)
(0,0,0)
(0,0,0)
(0,0,0)
(0,0,0)
(0,0,0)
(0,0,0)
(0,0,0)
(0,0,0)
(0,0,0)
(0,0,0)
(0,0,0)
(0,0,0)
(0,0,0)
(0,0,0)
(0,0,0)
(0,0,0)
(0,0,0)
(0,0,0)
(0,0,0)
(0,0,0)
(0,0,0)
(0,0,0)
(0,0,0)
(0,0,0)
(0,0,0)
(0,0,0)
(0,0,0)
(0,0,0)
(0,0,0)
(0,0,0)
(0,0,0)
(0,0,0)
(0,0,0)
(0,0,0)
(0,0,0)
(0,0,0)
(0,0,0)
(0,0,0)
(0,0,0)
(0,0,0)
(0,0,0)
(0,0,0)
(0,0,0)
(0,0,0)
(0,0,0)
(0,0,0)
(0,0,0)
(0,0,0)
(0,0,0)
(0,0,0)
(0,0,0)
(0,0,0)
(0,0,0)
(0,0,0)
(0,0,0)
(0,0,0)
(0,0,0)
(0,0,0)
(0,0,0)
(0,0,0)
(0,0,0)
(0,0,0)
(0,0,0)
(0,0,0)
(0,0,0)
(0,0,0)
(0,0,0)
(0,0,0)
(0,0,0)
(0,0,0)
(0,0,0)
(0,0,0)
(0,0,0)
(0,0,0)
(0,0,0)
(0,0,0)
(0,0,0)
(0,0,0)
(0,0,0)
(0,0,0)
(0,0,0)
(0,0,0)
(0,0,0)
(0,0,0)
(0,0,0)
(0,0,0)
(0,0,0)
(0,0,0)
(0,0,0)
(0,0,0)
(0,0,0)
(0,0,0)
(0,0,0)
(0,0,0)
(0,0,0)
(0,0,0)
(0,0,0)
(0,0,0)
(0,0,0)
(0,0,0)
(0,0,0)
(0,0,0)
(0,0,0)
(0,0,0)
(0,0,0)
(0,0,0)
(0,0,0)
(0,0,0)
(0,0,0)
(0,0,0)
(0,0,0)
(0,0,0)
(0,0,0)
(0,0,0)
(0,0,0)
(0,0,0)
(0,0,0)
(0,0,0)
(0,0,0)
(0,0,0)
(0,0,0)
(0,0,0)
(0,0,0)
(0,0,0)
(-7.46919024478355e-13,-9.08324745517937e-12,1.15969202663369e-11)
(-4.2076120364002e-14,-1.96210825094298e-11,1.08356257901657e-11)
(4.78666155657079e-13,-3.59844469226533e-11,1.00249622102234e-11)
(2.86664702296575e-13,-5.99958651290253e-11,8.42019433389144e-12)
(1.07682260054884e-12,-9.40726373813619e-11,6.236494227515e-12)
(1.24199733854374e-12,-1.47921265818304e-10,4.14157472405135e-12)
(1.10427732473858e-12,-2.35512282942367e-10,1.98573546554709e-12)
(1.46515883244306e-12,-3.82854370683975e-10,9.25181444916021e-13)
(1.84691104801374e-12,-6.29003255679644e-10,5.60167223873837e-13)
(1.85799008291945e-12,-9.75570099961527e-10,3.4494032024208e-13)
(0,0,0)
(0,0,0)
(0,0,0)
(0,0,0)
(0,0,0)
(0,0,0)
(-3.45568906427526e-13,-8.3168407910092e-12,2.52483479876344e-11)
(-3.54158251487916e-13,-1.8519189217653e-11,2.41892924373605e-11)
(-8.80200466466389e-13,-3.40213627986061e-11,2.22553611496928e-11)
(-6.87517847961672e-13,-5.77310157388458e-11,1.92784979699511e-11)
(1.25500228657892e-12,-9.19495817625129e-11,1.52461006314765e-11)
(1.79826548126847e-12,-1.46131820962722e-10,1.12903658851482e-11)
(1.89196754236444e-12,-2.34862415935547e-10,7.33656760764924e-12)
(3.25801477499266e-12,-3.83273414876798e-10,4.5671193487428e-12)
(5.18639383609776e-12,-6.29991585708958e-10,2.88140317167509e-12)
(5.71319853760613e-12,-9.76540757584981e-10,1.51755220356196e-12)
(0,0,0)
(0,0,0)
(0,0,0)
(0,0,0)
(0,0,0)
(0,0,0)
(-9.62873362515138e-13,-7.02719233210355e-12,4.21545997488987e-11)
(-1.92398478489892e-12,-1.62929473035283e-11,4.111507524087e-11)
(-3.5149389879306e-12,-3.06491653882171e-11,3.85886696837115e-11)
(-2.96774964900887e-12,-5.31864029802636e-11,3.43917636710989e-11)
(-9.58852709822717e-13,-8.71484901903444e-11,2.88955126978049e-11)
(5.27313963418258e-13,-1.42208385898231e-10,2.29587470391177e-11)
(2.7679346667076e-12,-2.32566863235467e-10,1.66156098931161e-11)
(6.47324551243362e-12,-3.8257133649497e-10,1.15726162292633e-11)
(1.0255407863645e-11,-6.30320888481351e-10,7.58099259890735e-12)
(1.18694056245032e-11,-9.76960111551064e-10,3.94316035696098e-12)
(0,0,0)
(0,0,0)
(0,0,0)
(0,0,0)
(0,0,0)
(0,0,0)
(-1.42559415765526e-12,-5.60573563604104e-12,6.52389228374318e-11)
(-3.9824537864535e-12,-1.35735709086654e-11,6.46115187213779e-11)
(-6.49266629055947e-12,-2.65016204123535e-11,6.21867965388068e-11)
(-5.93224012535731e-12,-4.72262142527621e-11,5.71793643455043e-11)
(-4.69629067344008e-12,-7.96170149336533e-11,5.07231485804762e-11)
(-2.06547612596995e-12,-1.34584574321913e-10,4.31926496650981e-11)
(2.86708765379467e-12,-2.27169882836837e-10,3.47671819144648e-11)
(9.78731438015225e-12,-3.79675087534706e-10,2.65615285628773e-11)
(1.56371337599242e-11,-6.2887807914642e-10,1.81793442783489e-11)
(1.80022459609146e-11,-9.75769851538976e-10,9.37245309834284e-12)
(0,0,0)
(0,0,0)
(0,0,0)
(0,0,0)
(0,0,0)
(0,0,0)
(-2.7573491429751e-12,-4.05085878334641e-12,9.97609888013631e-11)
(-6.47639419449446e-12,-1.05368526846293e-11,9.91579608475865e-11)
(-9.72512531066458e-12,-2.16918485051515e-11,9.70817775960045e-11)
(-1.00501998921099e-11,-4.01670337005051e-11,9.25019349964912e-11)
(-8.85490961574046e-12,-7.00184735199451e-11,8.62072133700224e-11)
(-4.62740317824254e-12,-1.23578402384275e-10,7.86694886362637e-11)
(2.98506731733958e-12,-2.17880688009994e-10,6.98886824125555e-11)
(1.14423762014617e-11,-3.73092210379429e-10,5.63683372903524e-11)
(1.85143472599316e-11,-6.2277059584954e-10,3.98077394436903e-11)
(2.1178445420984e-11,-9.69399287299445e-10,2.08380426728618e-11)
(0,0,0)
(0,0,0)
(0,0,0)
(0,0,0)
(0,0,0)
(0,0,0)
(-3.62930514306519e-12,-2.84340215982023e-12,1.52451195216115e-10)
(-7.67808504574428e-12,-7.86037423917702e-12,1.51659619575637e-10)
(-1.0982236147464e-11,-1.70277650429579e-11,1.50067439232879e-10)
(-1.19707131671206e-11,-3.26123499823186e-11,1.46719074760406e-10)
(-1.04457688303614e-11,-5.95781316012653e-11,1.4130269182566e-10)
(-5.7369315798746e-12,-1.11410787607581e-10,1.33775424573139e-10)
(1.8539356636434e-12,-2.06436697067099e-10,1.22329939846871e-10)
(9.92746284750051e-12,-3.60710647604572e-10,1.02309352731672e-10)
(1.6518727975577e-11,-6.07552770017213e-10,7.43400313476819e-11)
(2.03095828943061e-11,-9.51985803134219e-10,3.94038516491898e-11)
(0,0,0)
(0,0,0)
(0,0,0)
(0,0,0)
(0,0,0)
(0,0,0)
(-3.97113720565669e-12,-2.06609470761588e-12,2.3867144695183e-10)
(-7.23702432581186e-12,-5.68842694532166e-12,2.37599397309873e-10)
(-1.00160860349845e-11,-1.27768239016817e-11,2.36429032782122e-10)
(-1.2032024584619e-11,-2.53890586254812e-11,2.34335433826212e-10)
(-9.84128481500033e-12,-4.93052645805351e-11,2.29857992684698e-10)
(-4.5718249327726e-12,-9.7583078352886e-11,2.21485577754219e-10)
(9.83708290716925e-13,-1.88868334507071e-10,2.04668445284265e-10)
(7.45048496125264e-12,-3.37197978925056e-10,1.76561897141516e-10)
(1.37806961618123e-11,-5.76790690515689e-10,1.31931359326606e-10)
(1.83358445521744e-11,-9.16033262964838e-10,7.16349014685912e-11)
(0,0,0)
(0,0,0)
(0,0,0)
(0,0,0)
(0,0,0)
(0,0,0)
(-3.77404080134102e-12,-1.15442373509458e-12,3.83831552475948e-10)
(-7.55221862639706e-12,-3.59859192340611e-12,3.83592256562671e-10)
(-1.09654494548967e-11,-9.08650358136683e-12,3.83120170738851e-10)
(-1.32892088349508e-11,-1.93925761604871e-11,3.81071872564464e-10)
(-1.14288613995816e-11,-4.03411046505564e-11,3.76123489698109e-10)
(-6.58136848553337e-12,-8.2969504680924e-11,3.6578564781781e-10)
(-8.5609654771642e-13,-1.62606971539411e-10,3.4417971103275e-10)
(4.84635323677631e-12,-2.95294669875569e-10,3.03120023102786e-10)
(1.03757910946805e-11,-5.19508503416227e-10,2.34521519659498e-10)
(1.44842986593853e-11,-8.46891306001565e-10,1.32701876630156e-10)
(0,0,0)
(0,0,0)
(0,0,0)
(0,0,0)
(0,0,0)
(0,0,0)
(-3.53576367889986e-12,-4.68241332562505e-13,6.29170782184828e-10)
(-8.13556287428323e-12,-2.13738802418546e-12,6.29498222932778e-10)
(-1.21497039595497e-11,-6.05484380962605e-12,6.29135476171283e-10)
(-1.47345394590592e-11,-1.34770943674596e-11,6.26620418831733e-10)
(-1.35202121776381e-11,-2.94822692107961e-11,6.20616738921782e-10)
(-9.37928548637521e-12,-6.19579427604224e-11,6.07256377708784e-10)
(-4.15299128522492e-12,-1.22278080922507e-10,5.78897990114971e-10)
(1.59373856121516e-12,-2.28271443513898e-10,5.23033452895753e-10)
(6.8438968164749e-12,-4.20012496034981e-10,4.22896982643637e-10)
(1.04119828830861e-11,-7.16072872074837e-10,2.53851369271554e-10)
(0,0,0)
(0,0,0)
(0,0,0)
(0,0,0)
(0,0,0)
(0,0,0)
(-4.31339245585091e-12,-2.48896506869869e-14,9.75308578916272e-10)
(-8.84923603999971e-12,-1.13204332336063e-12,9.76159425384595e-10)
(-1.18813474680859e-11,-3.4025567187782e-12,9.75622921086459e-10)
(-1.43153308443395e-11,-7.39530951334167e-12,9.72384954556694e-10)
(-1.42136976092093e-11,-1.587838373561e-11,9.65019600055943e-10)
(-1.05787113140003e-11,-3.352398465611e-11,9.49489530034507e-10)
(-5.77604877405745e-12,-6.70629204418936e-11,9.16318091398697e-10)
(4.8729034660689e-14,-1.29543864491199e-10,8.48487458860938e-10)
(5.8346706559541e-12,-2.52762300660467e-10,7.17542511192537e-10)
(9.28980727519775e-12,-4.63374671966684e-10,4.63638931534363e-10)
(0,0,0)
(0,0,0)
(0,0,0)
(0,0,0)
(0,0,0)
(0,0,0)
(0,0,0)
(0,0,0)
(0,0,0)
(0,0,0)
(0,0,0)
(0,0,0)
(0,0,0)
(0,0,0)
(0,0,0)
(0,0,0)
(0,0,0)
(0,0,0)
(0,0,0)
(0,0,0)
(0,0,0)
(0,0,0)
(0,0,0)
(0,0,0)
(0,0,0)
(0,0,0)
(0,0,0)
(0,0,0)
(0,0,0)
(0,0,0)
(0,0,0)
(0,0,0)
(0,0,0)
(0,0,0)
(0,0,0)
(0,0,0)
(0,0,0)
(0,0,0)
(0,0,0)
(0,0,0)
(0,0,0)
(0,0,0)
(0,0,0)
(0,0,0)
(0,0,0)
(0,0,0)
(0,0,0)
(0,0,0)
(0,0,0)
(0,0,0)
(0,0,0)
(0,0,0)
(0,0,0)
(0,0,0)
(0,0,0)
(0,0,0)
(0,0,0)
(0,0,0)
(0,0,0)
(0,0,0)
(0,0,0)
(0,0,0)
(0,0,0)
(0,0,0)
(0,0,0)
(0,0,0)
(0,0,0)
(0,0,0)
(0,0,0)
(0,0,0)
(0,0,0)
(0,0,0)
(0,0,0)
(0,0,0)
(0,0,0)
(0,0,0)
(0,0,0)
(0,0,0)
(0,0,0)
(0,0,0)
(0,0,0)
(0,0,0)
(0,0,0)
(0,0,0)
(0,0,0)
(0,0,0)
(0,0,0)
(0,0,0)
(0,0,0)
(0,0,0)
(0,0,0)
(0,0,0)
(0,0,0)
(0,0,0)
(0,0,0)
(0,0,0)
(0,0,0)
(0,0,0)
(0,0,0)
(0,0,0)
(0,0,0)
(0,0,0)
(-7.52031212473586e-13,-1.73923532484553e-11,2.2545328124341e-11)
(-3.33305832202199e-13,-3.7686854022193e-11,2.10099755009609e-11)
(1.20349907941177e-13,-6.66051827995268e-11,1.89384508505714e-11)
(2.05515418480269e-13,-1.09016735742277e-10,1.5620895009724e-11)
(1.04868648516304e-12,-1.6963289807692e-10,1.11579126358001e-11)
(1.60839174152709e-12,-2.62310409545234e-10,6.21331328630708e-12)
(1.51496433864522e-12,-4.11445042314034e-10,1.92049757260792e-12)
(2.24921724607614e-12,-6.68250402941011e-10,-2.23529809131572e-13)
(3.05046798085415e-12,-1.16292104580457e-09,-8.94524790750529e-13)
(3.17358802605304e-12,-2.30354201194681e-09,-5.71614579650839e-13)
(0,0,0)
(0,0,0)
(0,0,0)
(0,0,0)
(0,0,0)
(0,0,0)
(-5.76161815059635e-13,-1.59462771661462e-11,4.75289838805335e-11)
(-6.46468877940572e-13,-3.52099129089046e-11,4.53519102839222e-11)
(-1.27553469710724e-12,-6.28934363158426e-11,4.14144877195967e-11)
(-1.19973326807416e-12,-1.04435578672996e-10,3.52258860148288e-11)
(4.09645460746697e-13,-1.64682504116103e-10,2.64128841638789e-11)
(1.82862869429427e-12,-2.58491927672628e-10,1.63533529536603e-11)
(2.36586310117908e-12,-4.10308905335012e-10,7.3583773667983e-12)
(4.24165257032355e-12,-6.69200901762622e-10,2.77040346744983e-12)
(6.87954757701679e-12,-1.164840602718e-09,1.20688601558497e-12)
(7.65010470746442e-12,-2.30554613062569e-09,7.13885755224459e-13)
(0,0,0)
(0,0,0)
(0,0,0)
(0,0,0)
(0,0,0)
(0,0,0)
(-1.34480555054774e-12,-1.37860081623231e-11,7.90677536934776e-11)
(-2.11695562260257e-12,-3.1010144139229e-11,7.64055900405695e-11)
(-3.46557795117393e-12,-5.65877272091341e-11,7.11423256637391e-11)
(-3.43168740321657e-12,-9.54932282718271e-11,6.25764461294052e-11)
(-2.55356230787776e-12,-1.54217657114115e-10,5.06550197723589e-11)
(-7.53360466949396e-13,-2.49743190355881e-10,3.5908458054234e-11)
(2.41394793187206e-12,-4.06784780439152e-10,2.07097088595946e-11)
(7.56862018252209e-12,-6.70344008135809e-10,1.26365960089014e-11)
(1.24504307705186e-11,-1.16739383283171e-09,8.49940343289677e-12)
(1.4622305969237e-11,-2.30759422950642e-09,4.81331594819064e-12)
(0,0,0)
(0,0,0)
(0,0,0)
(0,0,0)
(0,0,0)
(0,0,0)
(-2.35306689429683e-12,-1.11752243236339e-11,1.20683621837134e-10)
(-4.59444982791827e-12,-2.58122281365674e-11,1.18118128532009e-10)
(-6.2950060044654e-12,-4.81983892313172e-11,1.12900222102228e-10)
(-6.53520491258313e-12,-8.30112452508508e-11,1.03428794033722e-10)
(-6.76433317177862e-12,-1.3793045787014e-10,8.97811805768462e-11)
(-4.64618031294891e-12,-2.32961924967559e-10,7.20533635835151e-11)
(1.78354617848701e-12,-3.97737213445293e-10,5.24041942006326e-11)
(1.15866215093319e-11,-6.69672533943982e-10,3.88494310730488e-11)
(1.83365416432504e-11,-1.16800157945999e-09,2.71035058954193e-11)
(2.10041348197971e-11,-2.30683912949466e-09,1.43938976407527e-11)
(0,0,0)
(0,0,0)
(0,0,0)
(0,0,0)
(0,0,0)
(0,0,0)
(-3.36177781272504e-12,-8.3096920981412e-12,1.81933444800205e-10)
(-7.07668938836757e-12,-2.02423642157076e-11,1.79499705872795e-10)
(-9.80936617334925e-12,-3.83273422104222e-11,1.74517280110632e-10)
(-1.13101619838215e-11,-6.74141829944079e-11,1.65856073973398e-10)
(-1.17575268006382e-11,-1.16132141073759e-10,1.5358288347647e-10)
(-8.01421173127104e-12,-2.06760146839968e-10,1.39118919109577e-10)
(5.06142149669995e-12,-3.77359325292387e-10,1.26549927593108e-10)
(1.56214112733308e-11,-6.63089222504641e-10,9.80338147598621e-11)
(2.22662181985017e-11,-1.16127631920674e-09,6.76226318538001e-11)
(2.46030039283401e-11,-2.29772997607026e-09,3.51182993042515e-11)
(0,0,0)
(0,0,0)
(0,0,0)
(0,0,0)
(0,0,0)
(0,0,0)
(-3.61503695479124e-12,-5.58288777231359e-12,2.73074161883977e-10)
(-8.25785199684081e-12,-1.4607800620096e-11,2.71122048362911e-10)
(-1.1884812816268e-11,-2.85849672515862e-11,2.67280144321236e-10)
(-1.37776215892156e-11,-5.18145619326063e-11,2.60834251442755e-10)
(-1.31913685985659e-11,-9.40117440776393e-11,2.51363776767535e-10)
(-8.1191561082952e-12,-1.81223540153568e-10,2.3901411915776e-10)
(4.30616021879716e-12,-3.60091558020952e-10,2.22410549672196e-10)
(1.43841155519828e-11,-6.44804168243658e-10,1.84000620846508e-10)
(2.06928281725704e-11,-1.13702210077094e-09,1.31149653414272e-10)
(2.3760894374385e-11,-2.26885085294691e-09,6.87163255495735e-11)
(0,0,0)
(0,0,0)
(0,0,0)
(0,0,0)
(0,0,0)
(0,0,0)
(-3.81075853622056e-12,-3.58193453861402e-12,4.17817323753464e-10)
(-8.15649481997856e-12,-9.75989546119903e-12,4.16252787970866e-10)
(-1.16128073993886e-11,-2.01778774101229e-11,4.1425465496682e-10)
(-1.35510659081006e-11,-3.83030388336788e-11,4.10916043976146e-10)
(-1.04330298144937e-11,-7.36895717158009e-11,4.05020433213535e-10)
(-2.36826613476097e-12,-1.52363984829849e-10,3.9407902977067e-10)
(2.82889346576798e-12,-3.29864807383711e-10,3.63410383875087e-10)
(1.01777137267221e-11,-6.02973935632523e-10,3.17345032248796e-10)
(1.67949669200537e-11,-1.08243861881567e-09,2.33613233597297e-10)
(2.08287890578736e-11,-2.20564020521085e-09,1.25545957927588e-10)
(0,0,0)
(0,0,0)
(0,0,0)
(0,0,0)
(0,0,0)
(0,0,0)
(-4.22092729059671e-12,-1.76272311046214e-12,6.69361975499265e-10)
(-8.54133670179714e-12,-5.79792449833968e-12,6.68894315777187e-10)
(-1.19488110522489e-11,-1.41238418007202e-11,6.68451628100462e-10)
(-1.42563077616236e-11,-2.96505603565377e-11,6.65805734012527e-10)
(-1.19498549590606e-11,-6.23197921883142e-11,6.59704681666376e-10)
(-5.98699362096689e-12,-1.35560038032171e-10,6.4653264832925e-10)
(-1.25299234657386e-13,-2.86499098101943e-10,6.12504080409329e-10)
(6.42163031829335e-12,-5.2454262821084e-10,5.3803931076512e-10)
(1.26994267429008e-11,-9.79351752864174e-10,4.14113380663514e-10)
(1.63677413623849e-11,-2.08374083610467e-09,2.35319146727524e-10)
(0,0,0)
(0,0,0)
(0,0,0)
(0,0,0)
(0,0,0)
(0,0,0)
(-4.30655610872567e-12,-5.5205486879897e-13,1.16122355292423e-09)
(-8.7781608136124e-12,-3.36885911716916e-12,1.16121402151194e-09)
(-1.22869337108458e-11,-9.50657549482724e-12,1.160839564969e-09)
(-1.48126444032242e-11,-2.14679215168446e-11,1.15756241319015e-09)
(-1.37637364398168e-11,-4.77459796722275e-11,1.14901677877234e-09)
(-9.45485599689088e-12,-1.0433475370285e-10,1.12879213051079e-09)
(-3.50361454661538e-12,-2.13783001701944e-10,1.08165994913679e-09)
(3.00262979062858e-12,-4.03493114524692e-10,9.83496955714978e-10)
(8.63931481398551e-12,-8.03799609956726e-10,8.08255824397815e-10)
(1.15651520467389e-11,-1.85114286409774e-09,5.0526384413591e-10)
(0,0,0)
(0,0,0)
(0,0,0)
(0,0,0)
(0,0,0)
(0,0,0)
(-5.18912857486033e-12,1.90060433341195e-13,2.29884540327796e-09)
(-9.44477506522537e-12,-1.57109546792768e-12,2.29968047686162e-09)
(-1.20459376571e-11,-5.1277852002992e-12,2.29916855066358e-09)
(-1.43452858569291e-11,-1.17928349586761e-11,2.29509752434098e-09)
(-1.45620113233859e-11,-2.63262505393308e-11,2.2844346057132e-09)
(-1.0931257334305e-11,-5.72230186585885e-11,2.25927143477382e-09)
(-5.00833667819905e-12,-1.16788066476984e-10,2.20261653837211e-09)
(1.44981221187071e-12,-2.30150665263751e-10,2.08485073251382e-09)
(6.97594965365945e-12,-5.02934091491791e-10,1.85310142084679e-09)
(9.55406684292118e-12,-1.34777582195577e-09,1.34881795544007e-09)
(0,0,0)
(0,0,0)
(0,0,0)
(0,0,0)
(0,0,0)
(0,0,0)
(0,0,0)
(0,0,0)
(0,0,0)
(0,0,0)
(0,0,0)
(0,0,0)
(0,0,0)
(0,0,0)
(0,0,0)
(0,0,0)
(0,0,0)
(0,0,0)
(0,0,0)
(0,0,0)
(0,0,0)
(0,0,0)
(0,0,0)
(0,0,0)
(0,0,0)
(0,0,0)
(0,0,0)
(0,0,0)
(0,0,0)
(0,0,0)
(0,0,0)
(0,0,0)
(0,0,0)
(0,0,0)
(0,0,0)
(0,0,0)
(0,0,0)
(0,0,0)
(0,0,0)
(0,0,0)
(0,0,0)
(0,0,0)
(0,0,0)
(0,0,0)
(0,0,0)
(0,0,0)
(0,0,0)
(0,0,0)
(0,0,0)
(0,0,0)
(0,0,0)
(0,0,0)
(0,0,0)
(0,0,0)
(0,0,0)
(0,0,0)
(0,0,0)
(0,0,0)
(0,0,0)
(0,0,0)
(0,0,0)
(0,0,0)
(0,0,0)
(0,0,0)
(0,0,0)
(0,0,0)
(0,0,0)
(0,0,0)
(0,0,0)
(0,0,0)
(0,0,0)
(0,0,0)
(0,0,0)
(0,0,0)
(0,0,0)
(0,0,0)
(0,0,0)
(0,0,0)
(0,0,0)
(0,0,0)
(0,0,0)
(0,0,0)
(0,0,0)
(0,0,0)
(0,0,0)
(0,0,0)
(0,0,0)
(0,0,0)
(0,0,0)
(0,0,0)
(0,0,0)
(0,0,0)
(0,0,0)
(0,0,0)
(0,0,0)
(0,0,0)
(0,0,0)
(0,0,0)
(0,0,0)
(0,0,0)
(0,0,0)
(0,0,0)
(-6.62754671308858e-13,-2.28870326574593e-11,2.94644540198509e-11)
(-7.38722295588123e-13,-5.06477734953401e-11,2.75063955336079e-11)
(-2.73840734468599e-13,-8.81145488070809e-11,2.42695697032503e-11)
(8.73407235708568e-14,-1.41585451053188e-10,1.9428214246389e-11)
(1.0428918733523e-12,-2.16627074258078e-10,1.27920255577109e-11)
(2.08272558289868e-12,-3.24225272742939e-10,4.41693231178035e-12)
(2.52285474096112e-12,-4.83120249965024e-10,-2.60120561524397e-12)
(3.87071104924842e-12,-7.17950132684125e-10,-5.01266887618964e-12)
(4.64711468305297e-12,-1.05579535518778e-09,-4.24418792602096e-12)
(4.60609212555135e-12,-1.46992542102201e-09,-2.19386985753057e-12)
(0,0,0)
(0,0,0)
(0,0,0)
(0,0,0)
(0,0,0)
(0,0,0)
(-5.59357222000463e-13,-2.13060798788083e-11,6.23099151609022e-11)
(-9.08815083942215e-13,-4.7427065233744e-11,5.93940373304575e-11)
(-1.39264209938852e-12,-8.32836811093859e-11,5.33650164197533e-11)
(-1.32908181803516e-12,-1.34851237412974e-10,4.38097218824006e-11)
(4.32966948870647e-15,-2.0842813013558e-10,2.99330500725797e-11)
(2.07486696442473e-12,-3.17775170069694e-10,1.1912738354566e-11)
(3.42971210333454e-12,-4.82143930764842e-10,-4.64818152146763e-12)
(6.94827639704701e-12,-7.20784252558597e-10,-8.68652103695737e-12)
(9.92577795056249e-12,-1.05980874957346e-09,-6.10681698908795e-12)
(1.04120893436877e-11,-1.47378116798426e-09,-2.68522702889733e-12)
(0,0,0)
(0,0,0)
(0,0,0)
(0,0,0)
(0,0,0)
(0,0,0)
(-1.29342573686211e-12,-1.88597944461476e-11,1.03308868275372e-10)
(-2.05160724777262e-12,-4.1700006564838e-11,9.95691741820017e-11)
(-3.2890363944445e-12,-7.40477632375301e-11,9.17291983785764e-11)
(-3.99224406731158e-12,-1.21013968955322e-10,7.83928042131072e-11)
(-4.09419983386322e-12,-1.90506059795517e-10,5.80343467368375e-11)
(-2.3358766610593e-12,-3.02214548186013e-10,2.92265305455919e-11)
(1.43949378970205e-12,-4.8051357907063e-10,-2.82934511430214e-12)
(1.10343385663028e-11,-7.28621132973032e-10,-7.03242554911835e-12)
(1.67442648837361e-11,-1.06810042219823e-09,-2.12574745744124e-12)
(1.86805219052713e-11,-1.48009838453349e-09,6.0296352641066e-13)
(0,0,0)
(0,0,0)
(0,0,0)
(0,0,0)
(0,0,0)
(0,0,0)
(-2.65310581524399e-12,-1.56248210045137e-11,1.57766389177276e-10)
(-4.94640731833328e-12,-3.42183816926486e-11,1.53458366982872e-10)
(-6.69462495718014e-12,-6.09486944606129e-11,1.45187460982678e-10)
(-8.48465371244515e-12,-1.00293799758489e-10,1.3043919513191e-10)
(-1.08348329742903e-11,-1.60941915488174e-10,1.06496772276973e-10)
(-1.1198789057542e-11,-2.69700523575245e-10,7.02016582033819e-11)
(-5.03957884695336e-12,-4.7361201201705e-10,2.11446494914768e-11)
(1.67492352471286e-11,-7.41996404575923e-10,1.77514665251443e-11)
(2.4320889645056e-11,-1.07834375708454e-09,1.84090804712516e-11)
(2.62888790362758e-11,-1.48480938591502e-09,1.18603330557098e-11)
(0,0,0)
(0,0,0)
(0,0,0)
(0,0,0)
(0,0,0)
(0,0,0)
(-3.65484321066055e-12,-1.17289595859136e-11,2.33914041507159e-10)
(-7.72882722176825e-12,-2.60322679377527e-11,2.29552976148579e-10)
(-1.08905349952799e-11,-4.56731572847225e-11,2.21361927756028e-10)
(-1.46365925491127e-11,-7.42613293690342e-11,2.07983925915304e-10)
(-1.94139594288731e-11,-1.19879471785645e-10,1.88036655827742e-10)
(-2.09818269017439e-11,-2.08540909700261e-10,1.65628782026941e-10)
(1.63097670584364e-11,-4.19965840756218e-10,1.78551863119485e-10)
(2.77475399179174e-11,-7.55649888199798e-10,1.16062086167903e-10)
(3.05163323134356e-11,-1.08312341315418e-09,7.67224209996251e-11)
(3.08421801086387e-11,-1.48053560063075e-09,3.95261070634061e-11)
(0,0,0)
(0,0,0)
(0,0,0)
(0,0,0)
(0,0,0)
(0,0,0)
(-3.66387666737558e-12,-7.54724945979243e-12,3.39613506543505e-10)
(-9.26385311401723e-12,-1.74607728527109e-11,3.36633814985975e-10)
(-1.38460097795413e-11,-3.06363947924326e-11,3.30560349792133e-10)
(-1.78186700121013e-11,-4.92960340380422e-11,3.21232383940885e-10)
(-2.1163883351279e-11,-8.1610967881678e-11,3.0845033044296e-10)
(-2.03751419463062e-11,-1.62274022473164e-10,2.94127400167837e-10)
(1.24893384074338e-11,-4.22486107091396e-10,3.0096811155683e-10)
(2.54048503724655e-11,-7.47934952198154e-10,2.3573824547206e-10)
(2.85426740822982e-11,-1.06091287913173e-09,1.61558890871194e-10)
(2.92665721877645e-11,-1.44978852475537e-09,8.2459744480225e-11)
(0,0,0)
(0,0,0)
(0,0,0)
(0,0,0)
(0,0,0)
(0,0,0)
(-4.06543418139096e-12,-4.26627324413876e-12,4.91622337431049e-10)
(-1.01203327784889e-11,-1.04117981251184e-11,4.89859013331765e-10)
(-1.43282320187364e-11,-1.86930313967344e-11,4.87013359993808e-10)
(-1.63079336221797e-11,-2.9318781759031e-11,4.84150982628928e-10)
(-1.08614058991124e-11,-4.63474322830723e-11,4.84427239314846e-10)
(1.14964329629715e-11,-9.62817710083323e-11,4.91026440953327e-10)
(5.52853581053013e-12,-3.90673946877337e-10,4.32597187658707e-10)
(1.5478204956213e-11,-7.00564389186319e-10,4.11761315648847e-10)
(2.17753766385952e-11,-9.95302328254279e-10,2.84397283422109e-10)
(2.44753778792654e-11,-1.37504002440255e-09,1.45797471054666e-10)
(0,0,0)
(0,0,0)
(0,0,0)
(0,0,0)
(0,0,0)
(0,0,0)
(-4.96393580990474e-12,-1.7328501781729e-12,7.17698061491175e-10)
(-1.05277144065278e-11,-5.65682592778717e-12,7.17249915205531e-10)
(-1.39201832705475e-11,-1.26376936117269e-11,7.16799382673521e-10)
(-1.63378942544272e-11,-2.35240191041234e-11,7.15974164512207e-10)
(-1.33516341384666e-11,-4.89247652394444e-11,7.1725486847248e-10)
(-3.18371003043106e-12,-1.26143260350642e-10,7.21211326317655e-10)
(1.62337401017112e-12,-3.54621566137627e-10,7.04737155837132e-10)
(9.29804673265875e-12,-5.80283156917412e-10,5.99803229683549e-10)
(1.59415177716298e-11,-8.63131473360976e-10,4.36964833147444e-10)
(1.90889160833296e-11,-1.23333627258958e-09,2.35592133530055e-10)
(0,0,0)
(0,0,0)
(0,0,0)
(0,0,0)
(0,0,0)
(0,0,0)
(-5.03913999895279e-12,-4.5384349185375e-13,1.05001411907822e-09)
(-1.02014679200541e-11,-3.18335024907624e-12,1.04994646930642e-09)
(-1.33885722263445e-11,-8.87665856752398e-12,1.04983177267052e-09)
(-1.59420965438015e-11,-1.94831331910727e-11,1.04802877832928e-09)
(-1.495881731049e-11,-4.57240705075689e-11,1.04335033640535e-09)
(-9.43440966708995e-12,-1.1121435659009e-10,1.02919612480998e-09)
(-2.33555635003968e-12,-2.50173029239042e-10,9.84438306093786e-10)
(4.90131184654449e-12,-4.21010497029474e-10,8.65704197600667e-10)
(1.07657766112222e-11,-6.6488968135868e-10,6.70907642196544e-10)
(1.34619540405242e-11,-1.00003836423133e-09,3.85622762790027e-10)
(0,0,0)
(0,0,0)
(0,0,0)
(0,0,0)
(0,0,0)
(0,0,0)
(-5.83414172550206e-12,3.13659328203578e-13,1.4605868340836e-09)
(-1.0503944335601e-11,-1.41160914915582e-12,1.46124045618657e-09)
(-1.31026965343479e-11,-4.86475114026861e-12,1.46098903924831e-09)
(-1.54752021884565e-11,-1.14055096705693e-11,1.45801312949094e-09)
(-1.57250909228268e-11,-2.75574259198775e-11,1.4489195057331e-09)
(-1.14993795916089e-11,-6.36010484492238e-11,1.42329488641732e-09)
(-4.03059729647809e-12,-1.31589539691906e-10,1.36150664888574e-09)
(3.04845861449112e-12,-2.28071024781904e-10,1.23068829658255e-09)
(8.32532356879262e-12,-3.81738796110605e-10,1.00177678041022e-09)
(1.05962003275475e-11,-6.16640037970407e-10,6.18457809199288e-10)
(0,0,0)
(0,0,0)
(0,0,0)
(0,0,0)
(0,0,0)
(0,0,0)
(0,0,0)
(0,0,0)
(0,0,0)
(0,0,0)
(0,0,0)
(0,0,0)
(0,0,0)
(0,0,0)
(0,0,0)
(0,0,0)
(0,0,0)
(0,0,0)
(0,0,0)
(0,0,0)
(0,0,0)
(0,0,0)
(0,0,0)
(0,0,0)
(0,0,0)
(0,0,0)
(0,0,0)
(0,0,0)
(0,0,0)
(0,0,0)
(0,0,0)
(0,0,0)
(0,0,0)
(0,0,0)
(0,0,0)
(0,0,0)
(0,0,0)
(0,0,0)
(0,0,0)
(0,0,0)
(0,0,0)
(0,0,0)
(0,0,0)
(0,0,0)
(0,0,0)
(0,0,0)
(0,0,0)
(0,0,0)
(0,0,0)
(0,0,0)
(0,0,0)
(0,0,0)
(0,0,0)
(0,0,0)
(0,0,0)
(0,0,0)
(0,0,0)
(0,0,0)
(0,0,0)
(0,0,0)
(0,0,0)
(0,0,0)
(0,0,0)
(0,0,0)
(0,0,0)
(0,0,0)
(0,0,0)
(0,0,0)
(0,0,0)
(0,0,0)
(0,0,0)
(0,0,0)
(0,0,0)
(0,0,0)
(0,0,0)
(0,0,0)
(0,0,0)
(0,0,0)
(0,0,0)
(0,0,0)
(0,0,0)
(0,0,0)
(0,0,0)
(0,0,0)
(0,0,0)
(0,0,0)
(0,0,0)
(0,0,0)
(0,0,0)
(0,0,0)
(0,0,0)
(0,0,0)
(0,0,0)
(0,0,0)
(0,0,0)
(0,0,0)
(0,0,0)
(0,0,0)
(0,0,0)
(0,0,0)
(0,0,0)
(0,0,0)
(-2.85648963706683e-13,-2.76457740280317e-11,3.40040466526556e-11)
(-7.22604726844697e-13,-5.95715383229298e-11,3.20851779113004e-11)
(-2.63352975298145e-13,-1.00360196063879e-10,2.81117221678787e-11)
(-1.06842279521568e-14,-1.5603265673108e-10,2.13395945754075e-11)
(1.2190409968088e-12,-2.3366893248427e-10,1.18402973929811e-11)
(2.65076083664921e-12,-3.40060112285872e-10,-4.10749708893835e-13)
(3.9579988017323e-12,-4.84324851088443e-10,-1.1569448164924e-11)
(5.93634997357187e-12,-6.67099131422395e-10,-1.33283015080622e-11)
(6.61019100014542e-12,-8.7499243706005e-10,-9.42054166554121e-12)
(6.26796923041668e-12,-1.05317036823463e-09,-4.37074268380228e-12)
(0,0,0)
(0,0,0)
(0,0,0)
(0,0,0)
(0,0,0)
(0,0,0)
(-8.97648242136022e-14,-2.58068516664754e-11,7.16716356168335e-11)
(-6.06852842134888e-13,-5.56915729030112e-11,6.82601573835624e-11)
(-1.0732654339069e-12,-9.39978842116064e-11,6.0643577583974e-11)
(-1.28967846584183e-12,-1.4701187671999e-10,4.76076952781657e-11)
(1.02571047432201e-13,-2.22353199250614e-10,2.78242553552076e-11)
(3.07516495676112e-12,-3.30483360765159e-10,-8.48919764244093e-13)
(5.83769992459203e-12,-4.85153440636855e-10,-3.14432439408201e-11)
(1.22054527636771e-11,-6.73706753064993e-10,-3.1797792065885e-11)
(1.47958606150823e-11,-8.82212776523688e-10,-1.95660248839701e-11)
(1.40440788640711e-11,-1.05941721805966e-09,-8.32214693923666e-12)
(0,0,0)
(0,0,0)
(0,0,0)
(0,0,0)
(0,0,0)
(0,0,0)
(-7.8870508513436e-13,-2.24483394852373e-11,1.17186813672872e-10)
(-1.6932563165494e-12,-4.80708761790272e-11,1.12456289606455e-10)
(-3.05171100587419e-12,-8.11720743690383e-11,1.02447167167856e-10)
(-4.3539557878716e-12,-1.27626470615182e-10,8.44753504205458e-11)
(-4.85052794996146e-12,-1.95521989273591e-10,5.37332787253273e-11)
(-2.79402561196958e-12,-3.04641899341398e-10,1.36714841297916e-12)
(-1.25899282899989e-12,-4.93037903137829e-10,-7.6979350041795e-11)
(1.950293207746e-11,-6.94182929815744e-10,-5.9877771098939e-11)
(2.42588887861527e-11,-8.98698204491404e-10,-2.83953555669878e-11)
(2.39944868134854e-11,-1.07117494739061e-09,-9.56746812747181e-12)
(0,0,0)
(0,0,0)
(0,0,0)
(0,0,0)
(0,0,0)
(0,0,0)
(-2.24094503941207e-12,-1.81052857952491e-11,1.76879113579169e-10)
(-4.86161507303333e-12,-3.83927314474461e-11,1.71322559470087e-10)
(-7.22189628230072e-12,-6.38522155821146e-11,1.59946399202042e-10)
(-1.05747012469893e-11,-9.822741818423e-11,1.39462675205479e-10)
(-1.56021626031965e-11,-1.47777724744924e-10,1.01985123873693e-10)
(-2.33013942206549e-11,-2.40472091410132e-10,2.50908014030525e-11)
(-5.52925671414274e-11,-5.3425444622662e-10,-1.8958808857092e-10)
(2.97451049248442e-11,-7.48344957291943e-10,-7.93184005597115e-11)
(3.56492931302679e-11,-9.28410931751748e-10,-1.8810669109325e-11)
(3.3875426807591e-11,-1.08606567062183e-09,-7.29368817753701e-13)
(0,0,0)
(0,0,0)
(0,0,0)
(0,0,0)
(0,0,0)
(0,0,0)
(-3.47548797820954e-12,-1.32970995942504e-11,2.5527082352084e-10)
(-8.1092739142327e-12,-2.78323102167743e-11,2.49812776084132e-10)
(-1.25492956468569e-11,-4.44315265793866e-11,2.38544156139555e-10)
(-1.96546177925448e-11,-6.28172148648348e-11,2.19314486858372e-10)
(-3.52745895320001e-11,-7.99697629695873e-11,1.85814017078789e-10)
(-8.01717952214576e-11,-7.45513040132611e-11,1.23149000868954e-10)
(8.13198103452849e-11,-1.04665021640906e-09,-1.16371424177289e-17)
(5.93722690844312e-11,-8.80187771922424e-10,9.11274432267775e-11)
(4.55021122272095e-11,-9.67311920180862e-10,5.99772831269956e-11)
(3.96212112969141e-11,-1.09484914737745e-09,3.26678463005367e-11)
(0,0,0)
(0,0,0)
(0,0,0)
(0,0,0)
(0,0,0)
(0,0,0)
(-3.96516132547735e-12,-8.20836406936871e-12,3.57414497609505e-10)
(-1.02393626477889e-11,-1.69672849983661e-11,3.53551922658385e-10)
(-1.64614073239514e-11,-2.54154624723463e-11,3.45238587588121e-10)
(-2.50138687932119e-11,-2.93065621724084e-11,3.31720164080191e-10)
(-4.21044886747511e-11,-2.03941452824469e-11,3.0956387102514e-10)
(-9.32081048001654e-11,1.4935998364021e-11,2.56978631666452e-10)
(4.59070442782076e-11,-1.05645783067517e-09,-1.48014708368242e-16)
(5.22136419615381e-11,-9.06738662100374e-10,2.4106573912004e-10)
(4.20312695957919e-11,-9.58052970391711e-10,1.61162606116386e-10)
(3.69778163149861e-11,-1.06912468066615e-09,8.13931199404053e-11)
(0,0,0)
(0,0,0)
(0,0,0)
(0,0,0)
(0,0,0)
(0,0,0)
(-4.8355331480721e-12,-3.90348454055336e-12,4.91286723917513e-10)
(-1.20296516378723e-11,-8.13600601040849e-12,4.89001727954129e-10)
(-1.75211924388508e-11,-1.03311456523308e-11,4.85038020873248e-10)
(-2.23789529629969e-11,-1.13667333906318e-12,4.82999731772087e-10)
(-1.48832745813299e-11,5.05688990343707e-11,4.98987081414575e-10)
(9.97871755999374e-11,2.98426879268522e-10,6.19077550311473e-10)
(-9.68797291919877e-12,-1.25161667274169e-09,1.36487868619865e-09)
(2.25610049140054e-11,-8.90394687652963e-10,6.02675625191994e-10)
(2.82043341127426e-11,-8.93864804466562e-10,3.19392702800821e-10)
(2.85690971209645e-11,-9.92944776379585e-10,1.48562729742573e-10)
(0,0,0)
(0,0,0)
(0,0,0)
(0,0,0)
(0,0,0)
(0,0,0)
(-5.79479621055463e-12,-1.06993029555005e-12,6.62454748684158e-10)
(-1.25506575532631e-11,-3.20956555417017e-12,6.61570685156506e-10)
(-1.68560001533928e-11,-4.62149473535255e-12,6.60650424394861e-10)
(-2.16594841278355e-11,-8.58768061411899e-13,6.62667322378448e-10)
(-2.05087867154892e-11,9.15963853546976e-12,6.78738153801706e-10)
(-1.63844331062046e-12,-1.25700285884354e-11,7.39509919102271e-10)
(2.10876326529715e-12,-4.9910160762179e-10,8.79899444666304e-10)
(1.28637833808385e-11,-6.20809823473637e-10,6.43295711708901e-10)
(1.90724253868017e-11,-7.27177152743434e-10,4.18433980610753e-10)
(2.13831412550278e-11,-8.45503606432979e-10,2.10683883185869e-10)
(0,0,0)
(0,0,0)
(0,0,0)
(0,0,0)
(0,0,0)
(0,0,0)
(-5.73899304728262e-12,-3.383911251944e-14,8.62538632147945e-10)
(-1.18585123840361e-11,-1.64602831941533e-12,8.62504145065815e-10)
(-1.55974853123024e-11,-3.82029114741791e-12,8.62373296158787e-10)
(-1.93412781404213e-11,-7.30909810326176e-12,8.6276523815042e-10)
(-1.89712503028358e-11,-2.12508754799426e-11,8.65922815204418e-10)
(-1.22898990917651e-11,-7.89644051865676e-11,8.73528845342026e-10)
(-2.1849374040853e-12,-2.71184161788082e-10,8.64953114449333e-10)
(6.75839500318531e-12,-4.00439546197428e-10,7.23889755905854e-10)
(1.28997707695839e-11,-5.20551491247965e-10,5.24454513950046e-10)
(1.56863905695772e-11,-6.34910122062876e-10,2.81624796652812e-10)
(0,0,0)
(0,0,0)
(0,0,0)
(0,0,0)
(0,0,0)
(0,0,0)
(-6.17410450026749e-12,4.55949279923632e-13,1.03639827727434e-09)
(-1.16641365464942e-11,-8.13878838928563e-13,1.03722927060937e-09)
(-1.49915379172466e-11,-2.64259356881653e-12,1.03684646990543e-09)
(-1.77870881011719e-11,-6.53027436592034e-12,1.03495555041258e-09)
(-1.76578975269369e-11,-1.92732435003412e-11,1.0296037920476e-09)
(-1.33121905092417e-11,-5.40655778059786e-11,1.01285287873891e-09)
(-4.80178468515736e-12,-1.29544333125309e-10,9.627478072951e-10)
(3.88895000497212e-12,-2.0204986684909e-10,8.34571597214035e-10)
(9.90549866888942e-12,-2.78289006140363e-10,6.32837268874142e-10)
(1.24139715565897e-11,-3.53735875405098e-10,3.54303091429782e-10)
(0,0,0)
(0,0,0)
(0,0,0)
(0,0,0)
(0,0,0)
(0,0,0)
(0,0,0)
(0,0,0)
(0,0,0)
(0,0,0)
(0,0,0)
(0,0,0)
(0,0,0)
(0,0,0)
(0,0,0)
(0,0,0)
(0,0,0)
(0,0,0)
(0,0,0)
(0,0,0)
(0,0,0)
(0,0,0)
(0,0,0)
(0,0,0)
(0,0,0)
(0,0,0)
(0,0,0)
(0,0,0)
(0,0,0)
(0,0,0)
(0,0,0)
(0,0,0)
(0,0,0)
(0,0,0)
(0,0,0)
(0,0,0)
(0,0,0)
(0,0,0)
(0,0,0)
(0,0,0)
(0,0,0)
(0,0,0)
(0,0,0)
(0,0,0)
(0,0,0)
(0,0,0)
(0,0,0)
(0,0,0)
(0,0,0)
(0,0,0)
(0,0,0)
(0,0,0)
(0,0,0)
(0,0,0)
(0,0,0)
(0,0,0)
(0,0,0)
(0,0,0)
(0,0,0)
(0,0,0)
(0,0,0)
(0,0,0)
(0,0,0)
(0,0,0)
(0,0,0)
(0,0,0)
(0,0,0)
(0,0,0)
(0,0,0)
(0,0,0)
(0,0,0)
(0,0,0)
(0,0,0)
(0,0,0)
(0,0,0)
(0,0,0)
(0,0,0)
(0,0,0)
(0,0,0)
(0,0,0)
(0,0,0)
(0,0,0)
(0,0,0)
(0,0,0)
(0,0,0)
(0,0,0)
(0,0,0)
(0,0,0)
(0,0,0)
(0,0,0)
(0,0,0)
(0,0,0)
(0,0,0)
(0,0,0)
(0,0,0)
(0,0,0)
(0,0,0)
(0,0,0)
(0,0,0)
(0,0,0)
(0,0,0)
(0,0,0)
(-2.0570258390546e-13,-3.07929028796352e-11,3.61811581424524e-11)
(-6.29114403323631e-13,-6.4375588719231e-11,3.4353904602361e-11)
(1.46462764886165e-13,-1.05230080251302e-10,2.99731077555098e-11)
(4.67832943395668e-13,-1.58627220588791e-10,2.231132978475e-11)
(2.15435486500273e-12,-2.31110094906295e-10,1.1028893976601e-11)
(4.2327077720003e-12,-3.27793796742328e-10,-4.25625062923574e-12)
(6.54544169329919e-12,-4.51485619326762e-10,-1.96626989107394e-11)
(8.63621177359224e-12,-5.90141840063384e-10,-2.10322755947031e-11)
(8.78073148207023e-12,-7.23046891648288e-10,-1.41739401489684e-11)
(8.14407637165992e-12,-8.14906122632704e-10,-6.34087909226363e-12)
(0,0,0)
(0,0,0)
(0,0,0)
(0,0,0)
(0,0,0)
(0,0,0)
(-3.67987721659242e-14,-2.88626394365844e-11,7.62763363411179e-11)
(-6.10969766538001e-13,-6.03300134973948e-11,7.24857701105977e-11)
(-8.63192970653503e-13,-9.80391935389466e-11,6.37492022161328e-11)
(-8.91644647723034e-13,-1.47713301433824e-10,4.87872386198865e-11)
(1.94453618987299e-12,-2.16345934712435e-10,2.49613500352801e-11)
(7.82802770959695e-12,-3.13477929321622e-10,-1.23452127841124e-11)
(1.40767105506372e-11,-4.5232787724675e-10,-6.03843528036409e-11)
(2.04498623324764e-11,-5.98789472662692e-10,-5.72813917230961e-11)
(2.00374106380668e-11,-7.31741625009543e-10,-3.36663443105247e-11)
(1.74796612557754e-11,-8.21730132056757e-10,-1.38976425518427e-11)
(0,0,0)
(0,0,0)
(0,0,0)
(0,0,0)
(0,0,0)
(0,0,0)
(-4.01234708729173e-13,-2.4923663292305e-11,1.22668316995742e-10)
(-1.36227860951888e-12,-5.17352302323276e-11,1.17481427536289e-10)
(-2.39975304548132e-12,-8.31491918411554e-11,1.05934908957582e-10)
(-3.01093652363699e-12,-1.24070434113002e-10,8.51998012012261e-11)
(-2.28662166293449e-13,-1.80324003138374e-10,4.857621922833e-11)
(1.13826649115448e-11,-2.68711145816348e-10,-2.01807580159006e-11)
(2.2855971317001e-11,-4.64013441342781e-10,-1.78078910474528e-10)
(4.21825440216953e-11,-6.27770811077858e-10,-1.35752914145804e-10)
(3.5143728606932e-11,-7.53514328367112e-10,-6.11637731316553e-11)
(2.93177419173529e-11,-8.36397841903235e-10,-2.09968298663025e-11)
(0,0,0)
(0,0,0)
(0,0,0)
(0,0,0)
(0,0,0)
(0,0,0)
(-1.49257713133304e-12,-1.98145463978387e-11,1.80811878401286e-10)
(-4.0458760356369e-12,-4.05017217429586e-11,1.74793337156831e-10)
(-6.15886128847483e-12,-6.29139581711838e-11,1.61488168748867e-10)
(-8.50735323460136e-12,-8.84413322454171e-11,1.38456729430308e-10)
(-6.51580190789169e-12,-1.13810716188222e-10,9.99017304984616e-11)
(2.54567083564223e-11,-1.15396027608853e-10,4.18609205778658e-11)
(3.46833515029835e-10,-5.37763616349744e-10,4.43221925343534e-17)
(1.01080188104947e-10,-7.15872434663148e-10,-3.16554612219994e-10)
(5.64689812677771e-11,-7.98147018965255e-10,-8.12811243329133e-11)
(4.19295347452339e-11,-8.58521723334554e-10,-1.81475657285506e-11)
(0,0,0)
(0,0,0)
(0,0,0)
(0,0,0)
(0,0,0)
(0,0,0)
(-3.10617606639287e-12,-1.4194755296364e-11,2.54593928081829e-10)
(-7.70567918804226e-12,-2.8099726945432e-11,2.4855054225612e-10)
(-1.2335690472742e-11,-4.1302421313585e-11,2.35189193172598e-10)
(-1.96648007053724e-11,-5.20241671897739e-11,2.12233242997135e-10)
(-3.21851910093055e-11,-5.67077839714233e-11,1.72621746260023e-10)
(-4.65100850926474e-11,-5.07973975249601e-11,1.0415142225484e-10)
(-3.02525265299696e-17,1.83233683436227e-16,-7.41414795165015e-18)
(1.17073319362187e-10,-9.69831485758258e-10,1.50780670905771e-17)
(6.35525992644842e-11,-8.6534955554432e-10,1.83791240483389e-11)
(4.65645908862424e-11,-8.76840587347058e-10,1.83672258101124e-11)
(0,0,0)
(0,0,0)
(0,0,0)
(0,0,0)
(0,0,0)
(0,0,0)
(-4.40746590317192e-12,-8.63648537341998e-12,3.45422401234452e-10)
(-1.07573065654818e-11,-1.59285158856069e-11,3.4046392608537e-10)
(-1.80273006360247e-11,-2.04358453994941e-11,3.29796129506441e-10)
(-3.1027464571504e-11,-1.69802298961839e-11,3.10752568390994e-10)
(-6.04822936328969e-11,1.26006370099594e-12,2.74473445429224e-10)
(-1.19720206023441e-10,3.258459558686e-11,1.93351432162224e-10)
(-7.90016745927001e-19,1.38704847850653e-16,-1.35715549790362e-17)
(1.15772800517736e-10,-9.41256460208875e-10,-6.75808186128251e-17)
(5.7612589846701e-11,-8.54947166194538e-10,1.05639896774273e-10)
(4.2191031968795e-11,-8.54131246513708e-10,6.5737934070036e-11)
(0,0,0)
(0,0,0)
(0,0,0)
(0,0,0)
(0,0,0)
(0,0,0)
(-5.38409142969436e-12,-3.74110126909217e-12,4.54438479503026e-10)
(-1.29923850132338e-11,-6.15909450272565e-12,4.51396559666969e-10)
(-2.11925542546521e-11,-3.70136638560886e-12,4.45102924956987e-10)
(-3.86442078831584e-11,1.30406411026303e-11,4.35433104830311e-10)
(-9.35644829793431e-11,6.32810088342848e-11,4.19205636979851e-10)
(-3.35017052430268e-10,1.69270833345053e-10,3.6323968734801e-10)
(2.29675959083884e-17,1.90818069174596e-16,-2.35560584663102e-16)
(3.62590631257762e-11,-1.00058147675873e-09,6.33885570250599e-10)
(3.23466554479011e-11,-8.02114234585658e-10,3.04762634096786e-10)
(2.96906569168391e-11,-7.82585140733569e-10,1.35643918846022e-10)
(0,0,0)
(0,0,0)
(0,0,0)
(0,0,0)
(0,0,0)
(0,0,0)
(-5.94682386600948e-12,-7.9463039395758e-13,5.78333235549273e-10)
(-1.31939340262827e-11,-1.02467358518928e-12,5.76991185057759e-10)
(-1.96741017249443e-11,3.62412127677736e-12,5.74882409071849e-10)
(-3.12799855092243e-11,2.27167577211003e-11,5.75357864619996e-10)
(-5.08700380006588e-11,8.71560726857464e-11,5.90504441017654e-10)
(-7.56335922765706e-11,3.18686797677325e-10,6.68115900529467e-10)
(1.07950503890791e-11,-6.33885600402974e-10,1.03174779637507e-09)
(1.73552372027366e-11,-6.28725011457732e-10,6.38979150766131e-10)
(2.01968613162221e-11,-6.20527829852668e-10,3.78981809930515e-10)
(2.14735400707939e-11,-6.41310167903843e-10,1.81032890391828e-10)
(0,0,0)
(0,0,0)
(0,0,0)
(0,0,0)
(0,0,0)
(0,0,0)
(-6.19429435759172e-12,3.7457994463436e-13,7.01708359370728e-10)
(-1.25598129575123e-11,1.32331772240097e-13,7.0125317083695e-10)
(-1.71671248824898e-11,1.88600459592738e-12,7.00652707313867e-10)
(-2.32776789317979e-11,6.45573396179023e-12,7.01772846388236e-10)
(-2.8554912420047e-11,1.33823763899264e-11,7.08693436255359e-10)
(-2.86129955796983e-11,-6.08258983755641e-12,7.31808064670629e-10)
(-2.76140752332759e-12,-2.70337796506397e-10,7.68639510373768e-10)
(7.80395761063868e-12,-3.66181672200781e-10,6.11516488790005e-10)
(1.34670029592039e-11,-4.18499415624737e-10,4.18516817359382e-10)
(1.61369405646674e-11,-4.569324504044e-10,2.14167704665038e-10)
(0,0,0)
(0,0,0)
(0,0,0)
(0,0,0)
(0,0,0)
(0,0,0)
(-6.54914855537645e-12,6.28080454983175e-13,7.88488730815145e-10)
(-1.20952146814839e-11,5.80023130389818e-14,7.88620522652238e-10)
(-1.57432119932145e-11,-6.23308999831938e-14,7.87982183783718e-10)
(-1.8965604102113e-11,-1.27977654689534e-12,7.86965048153998e-10)
(-2.01802277185867e-11,-7.60316945030682e-12,7.84364049381617e-10)
(-1.72726968714095e-11,-3.46461812198232e-11,7.76629445876592e-10)
(-6.1699077294007e-12,-1.17571215637667e-10,7.43175579996787e-10)
(3.57341149577614e-12,-1.73526112847083e-10,6.24522980349624e-10)
(1.01506699728916e-11,-2.12792928026455e-10,4.50903385403774e-10)
(1.29811875812513e-11,-2.40613659135843e-10,2.38910171529313e-10)
(0,0,0)
(0,0,0)
(0,0,0)
(0,0,0)
(0,0,0)
(0,0,0)
(0,0,0)
(0,0,0)
(0,0,0)
(0,0,0)
(0,0,0)
(0,0,0)
(0,0,0)
(0,0,0)
(0,0,0)
(0,0,0)
(0,0,0)
(0,0,0)
(0,0,0)
(0,0,0)
(0,0,0)
(0,0,0)
(0,0,0)
(0,0,0)
(0,0,0)
(0,0,0)
(0,0,0)
(0,0,0)
(0,0,0)
(0,0,0)
(0,0,0)
(0,0,0)
(0,0,0)
(0,0,0)
(0,0,0)
(0,0,0)
(0,0,0)
(0,0,0)
(0,0,0)
(0,0,0)
(0,0,0)
(0,0,0)
(0,0,0)
(0,0,0)
(0,0,0)
(0,0,0)
(0,0,0)
(0,0,0)
(0,0,0)
(0,0,0)
(0,0,0)
(0,0,0)
(0,0,0)
(0,0,0)
(0,0,0)
(0,0,0)
(0,0,0)
(0,0,0)
(0,0,0)
(0,0,0)
(0,0,0)
(0,0,0)
(0,0,0)
(0,0,0)
(0,0,0)
(0,0,0)
(0,0,0)
(0,0,0)
(0,0,0)
(0,0,0)
(0,0,0)
(0,0,0)
(0,0,0)
(0,0,0)
(0,0,0)
(0,0,0)
(0,0,0)
(0,0,0)
(0,0,0)
(0,0,0)
(0,0,0)
(0,0,0)
(0,0,0)
(0,0,0)
(0,0,0)
(0,0,0)
(0,0,0)
(0,0,0)
(0,0,0)
(0,0,0)
(0,0,0)
(0,0,0)
(0,0,0)
(0,0,0)
(0,0,0)
(0,0,0)
(0,0,0)
(0,0,0)
(0,0,0)
(0,0,0)
(0,0,0)
(0,0,0)
(-3.08712486853539e-13,-3.14062152668191e-11,3.64728483865677e-11)
(-2.93892778318752e-13,-6.55395073119326e-11,3.47226939427093e-11)
(6.17354023299218e-13,-1.05647714853859e-10,3.03202145268327e-11)
(8.36349596552198e-13,-1.5568482160433e-10,2.27218812620048e-11)
(2.67533927699237e-12,-2.20319838594462e-10,1.11446013945499e-11)
(5.32328863278506e-12,-3.04238752398283e-10,-4.71334977255401e-12)
(8.75727629726836e-12,-4.06914568475775e-10,-2.07635337318797e-11)
(1.04255089271556e-11,-5.14391519333919e-10,-2.22770281291698e-11)
(9.64240378665967e-12,-6.06860723381667e-10,-1.48313479209335e-11)
(8.62720670345245e-12,-6.62363209758864e-10,-6.53902140059687e-12)
(0,0,0)
(0,0,0)
(0,0,0)
(0,0,0)
(0,0,0)
(0,0,0)
(-1.85208685914091e-13,-2.96714202974116e-11,7.63282362834599e-11)
(-4.69185137155288e-13,-6.13995937665773e-11,7.23981003707593e-11)
(-7.91231072185188e-13,-9.82641401887117e-11,6.37599958541322e-11)
(-7.08623383943171e-13,-1.44398142552845e-10,4.89749048812851e-11)
(3.22916743520044e-12,-2.0448182592664e-10,2.45455615838695e-11)
(1.11003842238252e-11,-2.88186830773718e-10,-1.33363218338226e-11)
(2.26593135661382e-11,-4.05225415795329e-10,-6.237927540961e-11)
(2.58161533350979e-11,-5.21051286581532e-10,-6.05702873637977e-11)
(2.20414122369131e-11,-6.14173500305905e-10,-3.58989161007901e-11)
(1.82497285504276e-11,-6.67803196542952e-10,-1.50331191239553e-11)
(0,0,0)
(0,0,0)
(0,0,0)
(0,0,0)
(0,0,0)
(0,0,0)
(-3.23462143720423e-13,-2.58187366876175e-11,1.22416729846447e-10)
(-1.04926852019402e-12,-5.29412798476615e-11,1.16944874752561e-10)
(-1.89987895909783e-12,-8.37436159767423e-11,1.05010113078631e-10)
(-2.01645641831637e-12,-1.20578199389419e-10,8.39153613182313e-11)
(2.01502812777704e-12,-1.66849387666654e-10,4.70900285700598e-11)
(1.59656991626726e-11,-2.38806195278862e-10,-2.06846432425509e-11)
(5.42801499952455e-11,-4.06565293722684e-10,-1.75420485572944e-10)
(5.56950265927898e-11,-5.4311715602102e-10,-1.41967227250813e-10)
(3.96094759397323e-11,-6.32370042541011e-10,-6.63804583523469e-11)
(3.04447934822468e-11,-6.80379677277478e-10,-2.36193084796536e-11)
(0,0,0)
(0,0,0)
(0,0,0)
(0,0,0)
(0,0,0)
(0,0,0)
(-1.09382698834767e-12,-2.03644887807213e-11,1.76938448781522e-10)
(-3.14270242521413e-12,-4.11197660847367e-11,1.70771532104602e-10)
(-4.73895882749e-12,-6.28637313135536e-11,1.56985301561726e-10)
(-6.36951935839725e-12,-8.44332212580223e-11,1.3355282547619e-10)
(-5.57792420411172e-12,-9.97559932210974e-11,9.60695436995933e-11)
(2.71895452818905e-12,-8.37708181643404e-11,4.28922069899328e-11)
(1.25624371988594e-10,-4.44300742718287e-10,2.51974938989596e-17)
(1.1976575131298e-10,-6.1253486800048e-10,-3.15845170822393e-10)
(6.05379592424938e-11,-6.69357108671515e-10,-8.95376504216013e-11)
(4.210083302922e-11,-6.99406792946396e-10,-2.23752204161338e-11)
(0,0,0)
(0,0,0)
(0,0,0)
(0,0,0)
(0,0,0)
(0,0,0)
(-2.621060163635e-12,-1.44906947457182e-11,2.42629218785669e-10)
(-6.51554116433803e-12,-2.84301832988076e-11,2.36699023325009e-10)
(-1.02463162113796e-11,-4.09777907049702e-11,2.22768153163048e-10)
(-1.50972412618493e-11,-4.94892487499212e-11,1.98564026123595e-10)
(-2.16827146765476e-11,-5.03766949209271e-11,1.58463412648326e-10)
(-2.57406485354865e-11,-4.26181803046699e-11,9.28839727522511e-11)
(-8.21590598662231e-18,9.24228525244151e-17,-6.94654901691778e-18)
(7.01191848425335e-11,-8.24331828532483e-10,1.75371412586818e-17)
(5.31621081529512e-11,-7.2478779574638e-10,7.48936350251528e-12)
(4.22224758629722e-11,-7.13738987243646e-10,1.21085296503232e-11)
(0,0,0)
(0,0,0)
(0,0,0)
(0,0,0)
(0,0,0)
(0,0,0)
(-4.34437485841391e-12,-9.07343298849345e-12,3.20598885005222e-10)
(-9.85893136944283e-12,-1.65319675959656e-11,3.15163630723981e-10)
(-1.57182185344374e-11,-2.03146695579094e-11,3.03049881521288e-10)
(-2.47692126085867e-11,-1.65085480784625e-11,2.81339948876483e-10)
(-4.13812254991502e-11,-1.71053897985171e-13,2.41059019709996e-10)
(-6.30549980478989e-11,2.36470550018451e-11,1.59398287058282e-10)
(1.10602556391987e-18,5.47050362693879e-17,-1.15230614741426e-17)
(6.94578527124977e-11,-7.86178054250952e-10,-4.98124769798385e-17)
(4.468162094207e-11,-7.10144837065784e-10,8.44968334929795e-11)
(3.63828602586576e-11,-6.90275753651312e-10,5.40687272594233e-11)
(0,0,0)
(0,0,0)
(0,0,0)
(0,0,0)
(0,0,0)
(0,0,0)
(-5.28864246877274e-12,-4.31437726311447e-12,4.07596523223468e-10)
(-1.18331712207697e-11,-6.91483347236119e-12,4.03704775933097e-10)
(-1.88482217903767e-11,-3.85910177345359e-12,3.95162948071584e-10)
(-3.20928566511697e-11,1.18332364090044e-11,3.8088691353126e-10)
(-6.14735971989626e-11,5.35333039176468e-11,3.53501251726587e-10)
(-1.21193093853949e-10,1.27691603396296e-10,2.7852730469251e-10)
(8.37745671714136e-18,8.79772225475686e-17,-1.18090113962614e-16)
(-6.47446602142357e-12,-8.36718728233567e-10,5.33183745955617e-10)
(1.98789659656847e-11,-6.62085432399957e-10,2.57480650014263e-10)
(2.40596029331461e-11,-6.25053710824856e-10,1.1447533665365e-10)
(0,0,0)
(0,0,0)
(0,0,0)
(0,0,0)
(0,0,0)
(0,0,0)
(-5.77398371308138e-12,-1.48750409152655e-12,4.97365271161573e-10)
(-1.22421633978401e-11,-1.51185326387036e-12,4.95106369056275e-10)
(-1.84114405922639e-11,4.23479072757836e-12,4.91127356875293e-10)
(-3.01655381475247e-11,2.50437987194747e-11,4.8836150821421e-10)
(-5.4707801216644e-11,9.25106264718808e-11,4.95780380521296e-10)
(-1.14496100607274e-10,3.19032859544413e-10,5.53861594454222e-10)
(4.00158921014041e-11,-5.3318377224261e-10,8.64388017532494e-10)
(1.48092387813851e-11,-5.30905256543999e-10,5.37281461988727e-10)
(1.6117366627018e-11,-5.06775044649182e-10,3.15906092720163e-10)
(1.81287129631441e-11,-5.02962546957982e-10,1.49020250493738e-10)
(0,0,0)
(0,0,0)
(0,0,0)
(0,0,0)
(0,0,0)
(0,0,0)
(-5.99260633412887e-12,-2.39922847417884e-13,5.77482635708821e-10)
(-1.18850199752241e-11,-5.07296989927165e-14,5.76433224416225e-10)
(-1.6338928461007e-11,2.75200466885485e-12,5.74864600698019e-10)
(-2.24627582902239e-11,9.20632036319379e-12,5.74664227437518e-10)
(-3.06839949950782e-11,2.13889918810775e-11,5.78954055441366e-10)
(-3.68808499005799e-11,1.28338034607486e-11,5.96905555033594e-10)
(1.595033191716e-12,-2.26588651266586e-10,6.29279585722702e-10)
(8.14806968755913e-12,-3.05547938139707e-10,4.95200746743577e-10)
(1.210962805526e-11,-3.3436186864202e-10,3.32265510565546e-10)
(1.39858539611965e-11,-3.48827873683777e-10,1.6679340699447e-10)
(0,0,0)
(0,0,0)
(0,0,0)
(0,0,0)
(0,0,0)
(0,0,0)
(-6.05285993748617e-12,3.39962555842813e-14,6.2668511330545e-10)
(-1.13988734999247e-11,-8.38268962070605e-14,6.26524363254078e-10)
(-1.47884072634777e-11,6.011017306313e-13,6.25577287435294e-10)
(-1.76443818766272e-11,2.735660141474e-13,6.24285070272772e-10)
(-2.00487936638683e-11,-3.19370290111748e-12,6.21049441709903e-10)
(-1.84650122114279e-11,-2.43842532093275e-11,6.13480680022828e-10)
(-5.08852371990464e-12,-9.76276001913852e-11,5.8496911678828e-10)
(3.66689359454332e-12,-1.42317401571129e-10,4.83720795770654e-10)
(9.35095582090468e-12,-1.66307148743664e-10,3.40737052265731e-10)
(1.12776999746997e-11,-1.78673678872303e-10,1.76133035879663e-10)
(0,0,0)
(0,0,0)
(0,0,0)
(0,0,0)
(0,0,0)
(0,0,0)
(0,0,0)
(0,0,0)
(0,0,0)
(0,0,0)
(0,0,0)
(0,0,0)
(0,0,0)
(0,0,0)
(0,0,0)
(0,0,0)
(0,0,0)
(0,0,0)
(0,0,0)
(0,0,0)
(0,0,0)
(0,0,0)
(0,0,0)
(0,0,0)
(0,0,0)
(0,0,0)
(0,0,0)
(0,0,0)
(0,0,0)
(0,0,0)
(0,0,0)
(0,0,0)
(0,0,0)
(0,0,0)
(0,0,0)
(0,0,0)
(0,0,0)
(0,0,0)
(0,0,0)
(0,0,0)
(0,0,0)
(0,0,0)
(0,0,0)
(0,0,0)
(0,0,0)
(0,0,0)
(0,0,0)
(0,0,0)
(0,0,0)
(0,0,0)
(0,0,0)
(0,0,0)
(0,0,0)
(0,0,0)
(0,0,0)
(0,0,0)
(0,0,0)
(0,0,0)
(0,0,0)
(0,0,0)
(0,0,0)
(0,0,0)
(0,0,0)
(0,0,0)
(0,0,0)
(0,0,0)
(0,0,0)
(0,0,0)
(0,0,0)
(0,0,0)
(0,0,0)
(0,0,0)
(0,0,0)
(0,0,0)
(0,0,0)
(0,0,0)
(0,0,0)
(0,0,0)
(0,0,0)
(0,0,0)
(0,0,0)
(0,0,0)
(0,0,0)
(0,0,0)
(0,0,0)
(0,0,0)
(0,0,0)
(0,0,0)
(0,0,0)
(0,0,0)
(0,0,0)
(0,0,0)
(0,0,0)
(0,0,0)
(0,0,0)
(0,0,0)
(0,0,0)
(0,0,0)
(0,0,0)
(0,0,0)
(0,0,0)
(0,0,0)
(-2.93353012367876e-13,-3.17269883836117e-11,3.61447973025078e-11)
(-3.13269078123661e-14,-6.54609413734439e-11,3.45765288498036e-11)
(8.32112622972384e-13,-1.04374013495183e-10,3.02924938920704e-11)
(1.12695041253806e-12,-1.5061231278394e-10,2.31954736626139e-11)
(2.6952777762548e-12,-2.08320748250976e-10,1.29193056536771e-11)
(5.32155096755296e-12,-2.81552421302646e-10,-5.80617242088892e-13)
(8.58161801409586e-12,-3.67009340006801e-10,-1.37985085584507e-11)
(9.63959596655908e-12,-4.52320395111338e-10,-1.62592744048445e-11)
(8.66285419055164e-12,-5.21174225479028e-10,-1.15269275723736e-11)
(7.52817208691742e-12,-5.58896149728605e-10,-5.42467249514581e-12)
(0,0,0)
(0,0,0)
(0,0,0)
(0,0,0)
(0,0,0)
(0,0,0)
(-1.07756383036933e-13,-3.00541900202029e-11,7.49289242608943e-11)
(-2.89394539448708e-13,-6.12795504951656e-11,7.12192539463391e-11)
(-5.26664311300724e-13,-9.69932429619299e-11,6.3205591062279e-11)
(-9.92232499502649e-14,-1.40066714621955e-10,4.9670999191094e-11)
(3.47861259290741e-12,-1.93970431721168e-10,2.82481336236911e-11)
(1.07627023047462e-11,-2.66470667884531e-10,-2.83358699727188e-12)
(2.21902034476732e-11,-3.60939133498551e-10,-4.03747316220846e-11)
(2.32106515115675e-11,-4.53440564423132e-10,-4.27136464742557e-11)
(1.93721574951743e-11,-5.24469655724837e-10,-2.65436109352544e-11)
(1.57930901609664e-11,-5.61782587878439e-10,-1.15140737365041e-11)
(0,0,0)
(0,0,0)
(0,0,0)
(0,0,0)
(0,0,0)
(0,0,0)
(-3.05854956722458e-13,-2.6312028353678e-11,1.19365218327358e-10)
(-9.36020609201824e-13,-5.34372496721335e-11,1.13800146741063e-10)
(-1.68501186188207e-12,-8.37681083448068e-11,1.02599449907226e-10)
(-1.33610180154873e-12,-1.18939321312259e-10,8.32370847707671e-11)
(2.69630549485374e-12,-1.61392888110356e-10,5.14286040166011e-11)
(1.56661643785171e-11,-2.23224493549188e-10,-2.11803468742539e-12)
(5.85623406687233e-11,-3.44670049840787e-10,-1.08667538125619e-10)
(4.95259696737798e-11,-4.58560988760075e-10,-9.60748449540933e-11)
(3.38353921976144e-11,-5.32301092933794e-10,-4.63535017083458e-11)
(2.58526006714871e-11,-5.67875389148043e-10,-1.66481083612552e-11)
(0,0,0)
(0,0,0)
(0,0,0)
(0,0,0)
(0,0,0)
(0,0,0)
(-8.00704346415653e-13,-2.10562344041682e-11,1.70244285697515e-10)
(-2.04605466826339e-12,-4.27282688441784e-11,1.6411762196009e-10)
(-3.19242335056133e-12,-6.51845912849519e-11,1.51458467135191e-10)
(-3.83021008986579e-12,-8.77278675901017e-11,1.29892390343795e-10)
(-1.77988579465148e-12,-1.05949922092338e-10,9.62146972477295e-11)
(4.45849846094252e-12,-1.03761750109881e-10,4.92657510927811e-11)
(-2.83126713265805e-12,-2.9966060984176e-10,1.33351790362162e-11)
(1.05255191444195e-10,-4.75844843091481e-10,-2.04746450661519e-10)
(4.8806216311915e-11,-5.46868943828559e-10,-5.71881413161468e-11)
(3.40578069103396e-11,-5.75822361269253e-10,-1.32739397788777e-11)
(0,0,0)
(0,0,0)
(0,0,0)
(0,0,0)
(0,0,0)
(0,0,0)
(-2.10812646022611e-12,-1.55200389490323e-11,2.28274171750353e-10)
(-4.48288670518724e-12,-3.12078438987801e-11,2.22607695813343e-10)
(-6.70531031898582e-12,-4.54109238108608e-11,2.09663129691899e-10)
(-7.97732845804377e-12,-5.64003928786072e-11,1.8708464419941e-10)
(-6.30891580341279e-12,-6.06478038131003e-11,1.51418422854669e-10)
(8.78095856800522e-13,-5.709089784231e-11,9.4524124087175e-11)
(5.0182199928056e-18,9.36332140638579e-17,-2.5174954928619e-17)
(2.44760645956301e-11,-5.29786834840509e-10,2.61380385031828e-11)
(3.38999833245081e-11,-5.63650546327833e-10,1.92200434774123e-11)
(3.08677719210171e-11,-5.76442632881733e-10,1.50064828306725e-11)
(0,0,0)
(0,0,0)
(0,0,0)
(0,0,0)
(0,0,0)
(0,0,0)
(-3.66817630256482e-12,-1.05138160495245e-11,2.9403166712911e-10)
(-7.36231629034373e-12,-2.00382119321025e-11,2.88516817549345e-10)
(-1.04638536741007e-11,-2.63978134891029e-11,2.76533828534576e-10)
(-1.28300679295415e-11,-2.74008393080208e-11,2.55845417863749e-10)
(-1.34248506630893e-11,-1.85816505014152e-11,2.20352777092485e-10)
(-7.70124786099948e-12,-2.25777269571913e-12,1.5149109424739e-10)
(6.12325479143479e-18,6.28663091783105e-17,-3.38517547104821e-17)
(3.55016433896565e-11,-5.02945582999166e-10,6.59216308799397e-11)
(2.70503225098751e-11,-5.42380894065214e-10,8.37694664956003e-11)
(2.52295446916327e-11,-5.49776778060704e-10,4.87120465762175e-11)
(0,0,0)
(0,0,0)
(0,0,0)
(0,0,0)
(0,0,0)
(0,0,0)
(-4.22376835001379e-12,-5.87301716887216e-12,3.64145689676761e-10)
(-8.69432356775354e-12,-1.06340245503038e-11,3.59797496692703e-10)
(-1.26660797510962e-11,-1.12359422085968e-11,3.50488989389847e-10)
(-1.79177571569684e-11,-3.27737424387774e-12,3.3505072492965e-10)
(-2.54769727190958e-11,2.23950910833222e-11,3.07821844941254e-10)
(-3.40069272194514e-11,7.00019779616957e-11,2.41266020603193e-10)
(4.55155813238753e-18,7.85883331642221e-17,-1.07553341975768e-16)
(-3.65848417696464e-11,-4.82697879396173e-10,3.34547115829802e-10)
(7.57389157549386e-12,-4.92202064112072e-10,1.94005148459399e-10)
(1.64437757199019e-11,-4.91180248200494e-10,9.18011091976899e-11)
(0,0,0)
(0,0,0)
(0,0,0)
(0,0,0)
(0,0,0)
(0,0,0)
(-4.76266285190018e-12,-2.56557505667514e-12,4.31254085969529e-10)
(-9.72427478174165e-12,-4.39036358742333e-12,4.28466006371062e-10)
(-1.41628058724329e-11,-2.58005192606354e-12,4.22908287489738e-10)
(-2.17469320983569e-11,9.04879041331736e-12,4.15671726418829e-10)
(-4.16673805587649e-11,4.90434856761213e-11,4.10668707554796e-10)
(-1.18823467601896e-10,1.78248293878496e-10,4.19443106002765e-10)
(6.05273266691812e-11,-3.26478960251628e-10,4.87665709659381e-10)
(1.08272896456571e-11,-3.73635637379435e-10,3.77191976257005e-10)
(1.05900328462656e-11,-3.88850888566711e-10,2.42245811628132e-10)
(1.30142901826383e-11,-3.94092690872083e-10,1.17934212775477e-10)
(0,0,0)
(0,0,0)
(0,0,0)
(0,0,0)
(0,0,0)
(0,0,0)
(-5.21711414454547e-12,-8.66914692944717e-13,4.87276702890357e-10)
(-1.02832990597917e-11,-1.73453907444237e-12,4.85484321787814e-10)
(-1.39876522622877e-11,-1.39783099558203e-12,4.82064582021847e-10)
(-1.78198319450399e-11,1.06374258803112e-12,4.77509890864075e-10)
(-2.40527998051022e-11,6.36327003892364e-12,4.73404903802418e-10)
(-3.20368239196129e-11,-6.59715148242275e-12,4.71600679823592e-10)
(6.7128210956126e-12,-1.66815799351959e-10,4.64161599912747e-10)
(7.85276929699959e-12,-2.33763911567364e-10,3.77767131517733e-10)
(9.52701172797001e-12,-2.60898284401233e-10,2.58542740376744e-10)
(1.06250661442132e-11,-2.71901847645026e-10,1.30591380110891e-10)
(0,0,0)
(0,0,0)
(0,0,0)
(0,0,0)
(0,0,0)
(0,0,0)
(-5.85811363053067e-12,-2.0541397961843e-13,5.1939442856943e-10)
(-1.0535624577347e-11,-7.02348139026563e-13,5.18047378253499e-10)
(-1.28950883703248e-11,-1.12684792646523e-12,5.15153969147899e-10)
(-1.41351872996099e-11,-2.67749661082459e-12,5.10555032233606e-10)
(-1.56737348779111e-11,-6.31298385341868e-12,5.02682718810731e-10)
(-1.43377021862078e-11,-2.39706286887797e-11,4.88776999682923e-10)
(-1.46780289366434e-12,-7.7142568052022e-11,4.55871454171633e-10)
(4.33323552833906e-12,-1.12294147891917e-10,3.76396390050929e-10)
(7.64782346329643e-12,-1.30341375457077e-10,2.64442408020725e-10)
(8.7370569820454e-12,-1.38293904858345e-10,1.35916221247883e-10)
(0,0,0)
(0,0,0)
(0,0,0)
(0,0,0)
(0,0,0)
(0,0,0)
(0,0,0)
(0,0,0)
(0,0,0)
(0,0,0)
(0,0,0)
(0,0,0)
(0,0,0)
(0,0,0)
(0,0,0)
(0,0,0)
(0,0,0)
(0,0,0)
(0,0,0)
(0,0,0)
(0,0,0)
(0,0,0)
(0,0,0)
(0,0,0)
(0,0,0)
(0,0,0)
(0,0,0)
(0,0,0)
(0,0,0)
(0,0,0)
(0,0,0)
(0,0,0)
(0,0,0)
(0,0,0)
(0,0,0)
(0,0,0)
(0,0,0)
(0,0,0)
(0,0,0)
(0,0,0)
(0,0,0)
(0,0,0)
(0,0,0)
(0,0,0)
(0,0,0)
(0,0,0)
(0,0,0)
(0,0,0)
(0,0,0)
(0,0,0)
(0,0,0)
(0,0,0)
(0,0,0)
(0,0,0)
(0,0,0)
(0,0,0)
(0,0,0)
(0,0,0)
(0,0,0)
(0,0,0)
(0,0,0)
(0,0,0)
(0,0,0)
(0,0,0)
(0,0,0)
(0,0,0)
(0,0,0)
(0,0,0)
(0,0,0)
(0,0,0)
(0,0,0)
(0,0,0)
(0,0,0)
(0,0,0)
(0,0,0)
(0,0,0)
(0,0,0)
(0,0,0)
(0,0,0)
(0,0,0)
(0,0,0)
(0,0,0)
(0,0,0)
(0,0,0)
(0,0,0)
(0,0,0)
(0,0,0)
(0,0,0)
(0,0,0)
(0,0,0)
(0,0,0)
(0,0,0)
(0,0,0)
(0,0,0)
(0,0,0)
(0,0,0)
(0,0,0)
(0,0,0)
(0,0,0)
(0,0,0)
(0,0,0)
(0,0,0)
(-3.97882923044934e-13,-3.15333854187453e-11,3.43101219713649e-11)
(7.13171716204443e-14,-6.51517411282811e-11,3.25517003271591e-11)
(5.483623192002e-13,-1.03601439866927e-10,2.86598346283465e-11)
(8.57520259484427e-13,-1.47254882472743e-10,2.2477743692448e-11)
(1.84488414220612e-12,-1.9941400786955e-10,1.42193889351292e-11)
(3.45768886579256e-12,-2.64073080567095e-10,4.49708954458012e-12)
(4.97217735221104e-12,-3.36724781505337e-10,-4.59412579592854e-12)
(6.02741844591253e-12,-4.05542523589889e-10,-7.52547268839789e-12)
(5.8560293591221e-12,-4.59344816902092e-10,-5.95902609809353e-12)
(4.98993774159762e-12,-4.87998690100654e-10,-2.92625587254821e-12)
(0,0,0)
(0,0,0)
(0,0,0)
(0,0,0)
(0,0,0)
(0,0,0)
(-1.40247734995272e-13,-3.01354648223864e-11,7.19630634588034e-11)
(-1.18032478397007e-13,-6.14123437286904e-11,6.82438845645935e-11)
(-2.17207057259598e-13,-9.69555532343882e-11,6.09661461702484e-11)
(1.96249007742677e-13,-1.38543708784278e-10,4.93173743416825e-11)
(1.98278960306083e-12,-1.88950510713077e-10,3.22244473899584e-11)
(5.05767259422468e-12,-2.53541483434448e-10,1.02643158399272e-11)
(8.2600346420933e-12,-3.31483344310008e-10,-1.27243065479889e-11)
(1.21610403095046e-11,-4.04446480357515e-10,-1.80720476325703e-11)
(1.21740575054249e-11,-4.5997492829667e-10,-1.24150756932502e-11)
(1.03718176941221e-11,-4.88650016273978e-10,-5.56077147042047e-12)
(0,0,0)
(0,0,0)
(0,0,0)
(0,0,0)
(0,0,0)
(0,0,0)
(3.42268008992739e-15,-2.69211335603358e-11,1.14776070030305e-10)
(-4.44304603335878e-13,-5.45868607679508e-11,1.09585348886365e-10)
(-9.06163785254354e-13,-8.55526657655092e-11,9.96645702247125e-11)
(-7.39074769524984e-13,-1.2153470708885e-10,8.3076873336207e-11)
(7.99978180841466e-13,-1.6594572239582e-10,5.76504072879135e-11)
(2.75292437737124e-12,-2.27700190476586e-10,2.06171744705555e-11)
(9.60207498180218e-13,-3.21509292135511e-10,-3.01558799629009e-11)
(1.70884807594668e-11,-4.03912603201778e-10,-3.20503531850557e-11)
(1.86978497452453e-11,-4.6128069141433e-10,-1.67933769932296e-11)
(1.71514644314233e-11,-4.89412205628793e-10,-5.83905224768021e-12)
(0,0,0)
(0,0,0)
(0,0,0)
(0,0,0)
(0,0,0)
(0,0,0)
(-2.10236064145602e-13,-2.22301010591837e-11,1.62097270475374e-10)
(-9.07324788772897e-13,-4.53339006156921e-11,1.56467677859769e-10)
(-1.40001403324284e-12,-6.98238022702402e-11,1.45494121973441e-10)
(-1.47999170531127e-12,-9.67742790397649e-11,1.27053515137609e-10)
(-1.33057918923212e-13,-1.28370325293066e-10,9.80459625445149e-11)
(-6.28178175007103e-12,-1.74606424919347e-10,5.01342342276622e-11)
(-8.44103409098736e-11,-3.1864077084841e-10,-6.31451446302216e-11)
(1.16388738478666e-11,-4.0881785737259e-10,-3.76623768460302e-11)
(2.16736172739378e-11,-4.62803238596081e-10,-8.82981269408319e-12)
(2.14041387439211e-11,-4.8775201816842e-10,8.79286207550787e-13)
(0,0,0)
(0,0,0)
(0,0,0)
(0,0,0)
(0,0,0)
(0,0,0)
(-1.44787342270246e-12,-1.69026481094817e-11,2.14228452833514e-10)
(-2.70795255043438e-12,-3.48462432793558e-11,2.0890861114085e-10)
(-3.13993514825647e-12,-5.23987544682344e-11,1.97788003034899e-10)
(-1.31066068388497e-12,-6.90086980366739e-11,1.79455670532786e-10)
(8.51922965239915e-12,-8.11897889933368e-11,1.53663002535784e-10)
(4.05691199723658e-11,-6.60433588771781e-11,1.23123300266502e-10)
(-2.6138027893013e-11,-4.13832241022989e-10,1.17776448935267e-10)
(4.5528077800203e-12,-4.2934139077205e-10,5.84902512910823e-11)
(1.68438917085864e-11,-4.6094142835752e-10,3.87820571445646e-11)
(1.92083999306897e-11,-4.77714325548971e-10,2.14637093732067e-11)
(0,0,0)
(0,0,0)
(0,0,0)
(0,0,0)
(0,0,0)
(0,0,0)
(-2.7941256034694e-12,-1.23034002832577e-11,2.71253361980495e-10)
(-4.78351465737223e-12,-2.4879128566293e-11,2.65807940725869e-10)
(-4.93731428375039e-12,-3.5993958148625e-11,2.55226136053105e-10)
(-1.46089222244474e-12,-4.4854206207842e-11,2.39039301322734e-10)
(1.44600905972744e-11,-4.72051514033195e-11,2.17455526466073e-10)
(7.15301295807468e-11,-3.02280412877177e-11,1.94355745206435e-10)
(-6.59216743304634e-11,-3.7463529650682e-10,1.93891565144089e-10)
(-2.59389582899253e-12,-4.0728028615778e-10,1.31880525677339e-10)
(1.1928912476164e-11,-4.35375113545875e-10,9.07754709042907e-11)
(1.53450614076057e-11,-4.48351855525512e-10,4.6929815418785e-11)
(0,0,0)
(0,0,0)
(0,0,0)
(0,0,0)
(0,0,0)
(0,0,0)
(-3.18301747814341e-12,-8.12315744440016e-12,3.2979747481557e-10)
(-5.62947722780892e-12,-1.65249743582086e-11,3.25162584904669e-10)
(-5.88370557342354e-12,-2.29196752179565e-11,3.16231119067007e-10)
(-3.01504182578172e-12,-2.5783737068476e-11,3.03591423242369e-10)
(1.44304570261806e-11,-1.83285297669922e-11,2.89893909851305e-10)
(9.90128850202814e-11,2.29040372081606e-11,2.91640309316496e-10)
(-8.06817999160489e-12,-3.70757182867296e-10,4.1707631605637e-10)
(-5.10511641602225e-12,-3.69300507781514e-10,2.52569979703524e-10)
(6.42675529190551e-12,-3.85858313923301e-10,1.55003781161348e-10)
(1.11573275891693e-11,-3.95065325694078e-10,7.55059011287331e-11)
(0,0,0)
(0,0,0)
(0,0,0)
(0,0,0)
(0,0,0)
(0,0,0)
(-3.67324361715103e-12,-4.57394866274972e-12,3.82859732454437e-10)
(-6.82238041342129e-12,-9.76354711892367e-12,3.79449534904881e-10)
(-8.10846573200997e-12,-1.35992786541033e-11,3.72749806715158e-10)
(-8.7588654090351e-12,-1.56465494341279e-11,3.63729568268575e-10)
(-7.76156336952974e-12,-1.45240622224241e-11,3.55007275388371e-10)
(-2.20062589759011e-12,-2.801730649247e-11,3.52946099990248e-10)
(1.13378991719021e-11,-2.18390880903473e-10,3.64676747290611e-10)
(5.90172846245454e-12,-2.78924205863769e-10,2.84168075051331e-10)
(6.94902753342335e-12,-3.04483427725869e-10,1.89155351069449e-10)
(8.75765973104617e-12,-3.15399155161348e-10,9.4176517408136e-11)
(0,0,0)
(0,0,0)
(0,0,0)
(0,0,0)
(0,0,0)
(0,0,0)
(-4.08623375529672e-12,-2.12215454950584e-12,4.25155500283706e-10)
(-7.89575022924911e-12,-4.99081350867686e-12,4.22520142325259e-10)
(-9.70394417362134e-12,-8.09170264790337e-12,4.17278750181506e-10)
(-9.97360568453351e-12,-1.27997826411162e-11,4.09540138965436e-10)
(-9.57232193393516e-12,-2.06015145346578e-11,3.99549936939233e-10)
(-7.22426680243935e-12,-4.77788144212384e-11,3.8650806867683e-10)
(3.43405819071763e-12,-1.3252667809275e-10,3.62476616466335e-10)
(5.60739676254761e-12,-1.82549287731817e-10,2.95303133211726e-10)
(6.921463049665e-12,-2.07012704504516e-10,2.04500258492381e-10)
(7.60850346843129e-12,-2.17967667448884e-10,1.04116292655366e-10)
(0,0,0)
(0,0,0)
(0,0,0)
(0,0,0)
(0,0,0)
(0,0,0)
(-4.71647729421783e-12,-7.86792177397013e-13,4.48055975268388e-10)
(-8.34456361077352e-12,-2.07872981383047e-12,4.45906171722692e-10)
(-9.42299938249743e-12,-4.01591387126265e-12,4.41248506261532e-10)
(-8.94037048755934e-12,-8.06852689536913e-12,4.33778453539463e-10)
(-8.0809996035213e-12,-1.44669482068876e-11,4.21480552142335e-10)
(-5.40278536369638e-12,-3.10744853899682e-11,4.01675874993739e-10)
(8.64693175013503e-13,-6.48213250034096e-11,3.65845595513917e-10)
(3.99306966662473e-12,-9.02117718336709e-11,3.00356168995243e-10)
(5.83263477905776e-12,-1.04391919793915e-10,2.1108417507308e-10)
(6.35937337158432e-12,-1.11129949869505e-10,1.0851223090927e-10)
(0,0,0)
(0,0,0)
(0,0,0)
(0,0,0)
(0,0,0)
(0,0,0)
(0,0,0)
(0,0,0)
(0,0,0)
(0,0,0)
(0,0,0)
(0,0,0)
(0,0,0)
(0,0,0)
(0,0,0)
(0,0,0)
(0,0,0)
(0,0,0)
(0,0,0)
(0,0,0)
(0,0,0)
(0,0,0)
(0,0,0)
(0,0,0)
(0,0,0)
(0,0,0)
(0,0,0)
(0,0,0)
(0,0,0)
(0,0,0)
(0,0,0)
(0,0,0)
(0,0,0)
(0,0,0)
(0,0,0)
(0,0,0)
(0,0,0)
(0,0,0)
(0,0,0)
(0,0,0)
(0,0,0)
(0,0,0)
(0,0,0)
(0,0,0)
(0,0,0)
(0,0,0)
(0,0,0)
(0,0,0)
(0,0,0)
(0,0,0)
(0,0,0)
(0,0,0)
(0,0,0)
(0,0,0)
(0,0,0)
(0,0,0)
(0,0,0)
(0,0,0)
(0,0,0)
(0,0,0)
(0,0,0)
(0,0,0)
(0,0,0)
(0,0,0)
(0,0,0)
(0,0,0)
(0,0,0)
(0,0,0)
(0,0,0)
(0,0,0)
(0,0,0)
(0,0,0)
(0,0,0)
(0,0,0)
(0,0,0)
(0,0,0)
(0,0,0)
(0,0,0)
(0,0,0)
(0,0,0)
(0,0,0)
(0,0,0)
(0,0,0)
(0,0,0)
(0,0,0)
(0,0,0)
(0,0,0)
(0,0,0)
(0,0,0)
(0,0,0)
(0,0,0)
(0,0,0)
(0,0,0)
(0,0,0)
(0,0,0)
(0,0,0)
(0,0,0)
(0,0,0)
(0,0,0)
(0,0,0)
(0,0,0)
(0,0,0)
(-3.73818751728039e-14,-3.09039427490252e-11,3.0241343680921e-11)
(2.23785470831348e-13,-6.42279687042806e-11,2.88775398377588e-11)
(8.45666225621073e-14,-1.02588078696952e-10,2.6045466996319e-11)
(4.04701328338264e-13,-1.45547749752053e-10,2.11739213346461e-11)
(1.10368637626936e-12,-1.94827242592516e-10,1.49279023975336e-11)
(2.01730707367742e-12,-2.53084468161873e-10,8.12379833316901e-12)
(2.66208704936116e-12,-3.15341510272062e-10,2.05832620918684e-12)
(3.36492862319612e-12,-3.73593988933442e-10,-6.93684473877637e-13)
(3.45337052815404e-12,-4.19160727580536e-10,-1.00811931622952e-12)
(2.71500804239303e-12,-4.42812315752544e-10,-4.70373894310875e-13)
(0,0,0)
(0,0,0)
(0,0,0)
(0,0,0)
(0,0,0)
(0,0,0)
(3.64599897171654e-13,-2.97283061890667e-11,6.56977754898949e-11)
(3.3422295518151e-13,-6.13582293476277e-11,6.29123515970029e-11)
(2.86773024233939e-14,-9.75912510857647e-11,5.74644174238933e-11)
(2.80174264059179e-13,-1.39058584956506e-10,4.82983906563496e-11)
(9.3813283581958e-13,-1.87402941260976e-10,3.52643743679338e-11)
(2.20500202428581e-12,-2.45942464177597e-10,2.02291112080198e-11)
(3.6337235521978e-12,-3.11272280268128e-10,6.13407738363243e-12)
(5.97019121441958e-12,-3.71531622484018e-10,-1.91990935492973e-13)
(6.62551640027083e-12,-4.17711270109507e-10,-7.52386634320398e-13)
(5.57323557851323e-12,-4.41578796762336e-10,-1.93084771654569e-13)
(0,0,0)
(0,0,0)
(0,0,0)
(0,0,0)
(0,0,0)
(0,0,0)
(5.03111322891442e-13,-2.70761056513607e-11,1.08269334269511e-10)
(2.23513906058248e-13,-5.59849368757468e-11,1.04159833789342e-10)
(-4.73303920231025e-14,-8.86324522069134e-11,9.60677156179074e-11)
(-7.30367703123598e-14,-1.26086624356425e-10,8.28240390486848e-11)
(2.57813895458488e-13,-1.71821232889467e-10,6.36407694560604e-11)
(4.32213253618841e-13,-2.30448402270696e-10,3.99387761281968e-11)
(-1.38405668596766e-14,-3.03028134327076e-10,1.47449684554171e-11)
(6.73675873848787e-12,-3.67621675558734e-10,5.14964552496105e-12)
(9.26607218145293e-12,-4.14514107673925e-10,3.70655612958537e-12)
(9.65222472336945e-12,-4.3843527786546e-10,2.42504173058326e-12)
(0,0,0)
(0,0,0)
(0,0,0)
(0,0,0)
(0,0,0)
(0,0,0)
(9.19036017539671e-14,-2.30005587964436e-11,1.55010810585984e-10)
(-4.21426238773982e-13,-4.80771716566348e-11,1.50404068570509e-10)
(-3.84454999399883e-13,-7.57889537495287e-11,1.40990812380037e-10)
(-2.38020115315638e-13,-1.07186852864413e-10,1.25812586401145e-10)
(5.98134098180369e-13,-1.47945854942762e-10,1.03612532752266e-10)
(-1.56546893435333e-12,-2.04855816916074e-10,7.39173896192453e-11)
(-1.47016385194807e-11,-2.94073187088472e-10,3.59802899471417e-11)
(3.32984309535017e-12,-3.6218918245496e-10,2.31461454539863e-11)
(1.01027081337019e-11,-4.07735391676396e-10,1.7723579611056e-11)
(1.22457323320184e-11,-4.30223634544966e-10,1.01120427779364e-11)
(0,0,0)
(0,0,0)
(0,0,0)
(0,0,0)
(0,0,0)
(0,0,0)
(-7.27279556259551e-13,-1.83881016325643e-11,2.03212731593708e-10)
(-1.55445915755014e-12,-3.88551446895117e-11,1.98906992674002e-10)
(-1.21239896574576e-12,-6.09861366944314e-11,1.89410608573835e-10)
(3.2751548427521e-13,-8.5412227219096e-11,1.74051056770812e-10)
(5.07429433167007e-12,-1.18276277082382e-10,1.53559074490337e-10)
(1.01006537141498e-11,-1.68709100602482e-10,1.29390179695558e-10)
(-6.04877476497596e-12,-2.9444423337575e-10,1.05872910922888e-10)
(2.19989731227051e-12,-3.5558963802538e-10,7.47461643072671e-11)
(8.59592466833446e-12,-3.94386198416627e-10,5.01635387658254e-11)
(1.13096392804199e-11,-4.13133212680226e-10,2.56682910971936e-11)
(0,0,0)
(0,0,0)
(0,0,0)
(0,0,0)
(0,0,0)
(0,0,0)
(-1.528947187677e-12,-1.42454043820147e-11,2.54113101700662e-10)
(-2.55586419268609e-12,-2.97151883972157e-11,2.49394792334774e-10)
(-1.82476248406343e-12,-4.61805967520278e-11,2.40154061815932e-10)
(1.05241349485812e-12,-6.50527506148441e-11,2.26213841959442e-10)
(8.68325022059193e-12,-9.15408259382496e-11,2.0895049100911e-10)
(1.88622311472587e-11,-1.38293808561936e-10,1.89923644170776e-10)
(-7.7887485031619e-12,-2.69156021372881e-10,1.71997656576551e-10)
(5.31380567771931e-13,-3.30587993822493e-10,1.30921620675701e-10)
(6.25776833911157e-12,-3.6527108004287e-10,8.8807121722753e-11)
(8.9883469949684e-12,-3.81320622641876e-10,4.49614143085603e-11)
(0,0,0)
(0,0,0)
(0,0,0)
(0,0,0)
(0,0,0)
(0,0,0)
(-2.09733634891608e-12,-1.01497764932796e-11,3.05751118220319e-10)
(-3.45943862941402e-12,-2.15295974505442e-11,3.01058973747286e-10)
(-2.5644063126424e-12,-3.34024133094559e-11,2.92267117516531e-10)
(5.45283930920905e-13,-4.77665293779472e-11,2.80186629512688e-10)
(8.87959001644909e-12,-6.77609223408968e-11,2.66735060714885e-10)
(2.44982219810328e-11,-1.07167023100782e-10,2.56275369089442e-10)
(4.07185439745112e-12,-2.36405199404081e-10,2.55669036162575e-10)
(2.08478020836831e-12,-2.8941946908511e-10,1.93772385903413e-10)
(4.54974912705389e-12,-3.18071094473726e-10,1.28979822202464e-10)
(6.99705818519278e-12,-3.31429535557202e-10,6.45990446375865e-11)
(0,0,0)
(0,0,0)
(0,0,0)
(0,0,0)
(0,0,0)
(0,0,0)
(-2.71484018083311e-12,-6.48307210759845e-12,3.51188965215642e-10)
(-4.89538583396095e-12,-1.44281900329241e-11,3.47162480176477e-10)
(-4.59580329161719e-12,-2.29675484342709e-11,3.39347753520387e-10)
(-2.88333932183465e-12,-3.44716653122528e-11,3.28705696943403e-10)
(3.7706434083553e-13,-5.19972817452014e-11,3.16095039720943e-10)
(5.8302347308622e-12,-8.88292591025865e-11,3.02042305908168e-10)
(5.98236860040174e-12,-1.7366101966375e-10,2.82346982985915e-10)
(4.53953431238824e-12,-2.24664921093202e-10,2.26056347000766e-10)
(4.4571379734028e-12,-2.51467211726047e-10,1.54847389104609e-10)
(5.50268942671338e-12,-2.63152503966184e-10,7.82299753972044e-11)
(0,0,0)
(0,0,0)
(0,0,0)
(0,0,0)
(0,0,0)
(0,0,0)
(-2.78623816896633e-12,-3.78390769215897e-12,3.85642924782167e-10)
(-5.56644178033185e-12,-8.8433312802585e-12,3.82227373319737e-10)
(-6.04112173417779e-12,-1.47516425947089e-11,3.75163185258278e-10)
(-4.71465940408179e-12,-2.38174491274481e-11,3.64738498023586e-10)
(-2.66501999932375e-12,-3.83535664631805e-11,3.50556110495978e-10)
(1.02856376760018e-13,-6.64488812822839e-11,3.30574445295832e-10)
(2.90218835602434e-12,-1.14812559848922e-10,2.98845128798082e-10)
(4.07275558373874e-12,-1.51690035067767e-10,2.42970615857464e-10)
(4.68464417608626e-12,-1.72814029574971e-10,1.69365104408403e-10)
(4.88707854441296e-12,-1.8214385002011e-10,8.65589025589706e-11)
(0,0,0)
(0,0,0)
(0,0,0)
(0,0,0)
(0,0,0)
(0,0,0)
(-3.35346592591918e-12,-1.71499378632165e-12,4.04262196689939e-10)
(-5.76562796344382e-12,-4.32550298351851e-12,4.0116918486707e-10)
(-5.96886053169122e-12,-7.49632650706683e-12,3.94348528175003e-10)
(-4.71099598579997e-12,-1.26706428125214e-11,3.83816127532322e-10)
(-2.74327066181138e-12,-2.07199031166042e-11,3.68150286442717e-10)
(-6.4699127384379e-13,-3.56887801269349e-11,3.45210508579636e-10)
(1.53279469026927e-12,-5.81064232697963e-11,3.08768470150153e-10)
(3.05329175511681e-12,-7.65645157719406e-11,2.51452756431068e-10)
(4.01265914894661e-12,-8.79985744471592e-11,1.76302235029943e-10)
(3.7416544113402e-12,-9.31555633993832e-11,9.0440964296284e-11)
(0,0,0)
(0,0,0)
(0,0,0)
(0,0,0)
(0,0,0)
(0,0,0)
(0,0,0)
(0,0,0)
(0,0,0)
(0,0,0)
(0,0,0)
(0,0,0)
(0,0,0)
(0,0,0)
(0,0,0)
(0,0,0)
(0,0,0)
(0,0,0)
(0,0,0)
(0,0,0)
(0,0,0)
(0,0,0)
(0,0,0)
(0,0,0)
(0,0,0)
(0,0,0)
(0,0,0)
(0,0,0)
(0,0,0)
(0,0,0)
(0,0,0)
(0,0,0)
(0,0,0)
(0,0,0)
(0,0,0)
(0,0,0)
(0,0,0)
(0,0,0)
(0,0,0)
(0,0,0)
(0,0,0)
(0,0,0)
(0,0,0)
(0,0,0)
(0,0,0)
(0,0,0)
(0,0,0)
(0,0,0)
(0,0,0)
(0,0,0)
(0,0,0)
(0,0,0)
(0,0,0)
(0,0,0)
(0,0,0)
(0,0,0)
(0,0,0)
(0,0,0)
(0,0,0)
(0,0,0)
(0,0,0)
(0,0,0)
(0,0,0)
(0,0,0)
(0,0,0)
(0,0,0)
(0,0,0)
(0,0,0)
(0,0,0)
(0,0,0)
(0,0,0)
(0,0,0)
(0,0,0)
(0,0,0)
(0,0,0)
(0,0,0)
(0,0,0)
(0,0,0)
(0,0,0)
(0,0,0)
(0,0,0)
(0,0,0)
(0,0,0)
(0,0,0)
(0,0,0)
(0,0,0)
(0,0,0)
(0,0,0)
(0,0,0)
(0,0,0)
(0,0,0)
(0,0,0)
(0,0,0)
(0,0,0)
(0,0,0)
(0,0,0)
(0,0,0)
(0,0,0)
(0,0,0)
(0,0,0)
(0,0,0)
(0,0,0)
(1.50785408062019e-13,-3.14157189343467e-11,2.74214327691071e-11)
(1.86118955589953e-13,-6.43250398909829e-11,2.59355033314379e-11)
(-4.0715326955982e-14,-1.01398573175393e-10,2.3513071827085e-11)
(1.61555469913965e-13,-1.44080590326476e-10,1.98897617900254e-11)
(4.83489109080777e-13,-1.92592730672315e-10,1.51313724384375e-11)
(9.40775213404776e-13,-2.47632043809115e-10,9.75917037908527e-12)
(1.34486772848187e-12,-3.04600831774207e-10,5.13356678853537e-12)
(1.61699701612943e-12,-3.58083883193239e-10,3.03353013428878e-12)
(1.46616763520799e-12,-3.99345277706589e-10,2.10279098856537e-12)
(1.01111515786443e-12,-4.21145358781469e-10,1.24691384888321e-12)
(0,0,0)
(0,0,0)
(0,0,0)
(0,0,0)
(0,0,0)
(0,0,0)
(4.97823252362733e-13,-2.97790040886273e-11,6.08802872715134e-11)
(4.08864656416479e-13,-6.17164894310342e-11,5.86131589590567e-11)
(2.35905191134239e-13,-9.78159784653078e-11,5.42215369032865e-11)
(3.42229952375572e-13,-1.39160645504958e-10,4.71150469219776e-11)
(3.91687624218835e-13,-1.86737039503894e-10,3.67155432752376e-11)
(8.05973941774534e-13,-2.42065665005137e-10,2.48666376479076e-11)
(1.71564593027178e-12,-3.01155927391493e-10,1.43015671936247e-11)
(2.620639987973e-12,-3.55536147031375e-10,8.52136545033105e-12)
(2.86905210202923e-12,-3.970232329317e-10,5.70335750117277e-12)
(2.23663190999015e-12,-4.1888732977472e-10,3.1149402615059e-12)
(0,0,0)
(0,0,0)
(0,0,0)
(0,0,0)
(0,0,0)
(0,0,0)
(5.37064948169493e-13,-2.70140525237971e-11,1.02785447786843e-10)
(4.07866858376796e-13,-5.69160027188549e-11,9.93046214474735e-11)
(3.52847719804558e-13,-9.04735832928484e-11,9.24303024395483e-11)
(2.10461330294951e-13,-1.28418911905852e-10,8.18886068938243e-11)
(8.44292766279729e-14,-1.74496446252332e-10,6.67816948770284e-11)
(3.34355717662495e-14,-2.30694620609095e-10,4.9107716833838e-11)
(6.26535125018233e-13,-2.9366007971793e-10,3.15366742699588e-11)
(2.74735503006886e-12,-3.50097499094239e-10,2.06815939190247e-11)
(3.76887058290079e-12,-3.91565763590003e-10,1.39239541626214e-11)
(3.86562313346519e-12,-4.13535757603227e-10,7.38969704290001e-12)
(0,0,0)
(0,0,0)
(0,0,0)
(0,0,0)
(0,0,0)
(0,0,0)
(8.61884533723172e-14,-2.29961612362636e-11,1.49629992815551e-10)
(-2.30197015443224e-13,-4.9633816852551e-11,1.45492755344208e-10)
(-9.04607558856365e-15,-7.95790400273226e-11,1.36866953562184e-10)
(1.87407888248639e-13,-1.13101538558762e-10,1.23817866437036e-10)
(6.23699370809185e-13,-1.56738038932519e-10,1.0598926022589e-10)
(2.24914424168722e-13,-2.13090142473426e-10,8.4281077923826e-11)
(-1.49644773902992e-12,-2.82178464242e-10,6.05793085046978e-11)
(2.15286450867126e-12,-3.40592504307757e-10,4.2999252275162e-11)
(4.3650517070779e-12,-3.81262635887381e-10,2.90333281333674e-11)
(5.26735324520843e-12,-4.02280437426865e-10,1.50920745423939e-11)
(0,0,0)
(0,0,0)
(0,0,0)
(0,0,0)
(0,0,0)
(0,0,0)
(-5.64237887095486e-13,-1.87727353115348e-11,1.97320233767247e-10)
(-1.19803134967002e-12,-4.12382120859596e-11,1.93472233042647e-10)
(-6.58387105140991e-13,-6.65389989777775e-11,1.84266355722042e-10)
(4.6002116051751e-13,-9.50855244593642e-11,1.69821069832418e-10)
(2.50773798232373e-12,-1.34406157259663e-10,1.51995382741326e-10)
(3.20263044626669e-12,-1.8916345863011e-10,1.31192432765247e-10)
(-2.10240152248236e-13,-2.6609485575151e-10,1.07745643687265e-10)
(1.78087865078294e-12,-3.24473715657271e-10,8.12640403226435e-11)
(3.9760539632262e-12,-3.6295633058933e-10,5.5022426717338e-11)
(5.16534033927385e-12,-3.8192100963927e-10,2.77815872823841e-11)
(0,0,0)
(0,0,0)
(0,0,0)
(0,0,0)
(0,0,0)
(0,0,0)
(-9.06265710522821e-13,-1.54889724740439e-11,2.46222301162032e-10)
(-1.50072462050557e-12,-3.32303661150217e-11,2.41890079244107e-10)
(-6.62726070139066e-13,-5.27521001933088e-11,2.32499875202451e-10)
(1.0295432082883e-12,-7.67998162077355e-11,2.1869460071142e-10)
(3.93019346156494e-12,-1.11095469301266e-10,2.02397446786047e-10)
(5.66143328033201e-12,-1.62514039105834e-10,1.83082472344399e-10)
(5.36465428882844e-13,-2.39823492539133e-10,1.59796281308132e-10)
(1.47735478335295e-12,-2.9645122340121e-10,1.25511649100921e-10)
(2.90349018413944e-12,-3.31739437191137e-10,8.62243238459794e-11)
(4.05867421886414e-12,-3.48974082017613e-10,4.36695118366412e-11)
(0,0,0)
(0,0,0)
(0,0,0)
(0,0,0)
(0,0,0)
(0,0,0)
(-1.07189626154743e-12,-1.20630162666521e-11,2.94281889587037e-10)
(-1.76898981629052e-12,-2.53408866938701e-11,2.89455466176286e-10)
(-9.18783183948629e-13,-3.9609551772409e-11,2.79911310498416e-10)
(7.01988663001629e-13,-5.94731190740816e-11,2.67509680709118e-10)
(3.57564104620879e-12,-8.78503013980408e-11,2.52757041591604e-10)
(6.76679090968743e-12,-1.33566414789229e-10,2.35288198247466e-10)
(3.22432491624745e-12,-2.05002394903047e-10,2.12614575124218e-10)
(2.12279591738916e-12,-2.55686543362932e-10,1.68834201208847e-10)
(2.32664394427971e-12,-2.86281134997651e-10,1.16310701068505e-10)
(3.31907123173777e-12,-3.01245895962108e-10,5.92834604472793e-11)
(0,0,0)
(0,0,0)
(0,0,0)
(0,0,0)
(0,0,0)
(0,0,0)
(-1.38751955709989e-12,-8.30848911745938e-12,3.36253227983734e-10)
(-2.66551793054968e-12,-1.75657208322681e-11,3.31613396023806e-10)
(-2.16965255417548e-12,-2.81267051670701e-11,3.22673504085239e-10)
(-9.26898284192079e-13,-4.4018491293539e-11,3.11077576601729e-10)
(7.86082871586313e-13,-6.68058170076987e-11,2.95987774936907e-10)
(3.14517983281433e-12,-1.04126000756312e-10,2.75962962288855e-10)
(3.42454477073309e-12,-1.57997696071439e-10,2.46953961942139e-10)
(2.77360618309087e-12,-2.01040247305177e-10,1.99162070083466e-10)
(2.42136952973119e-12,-2.26927250432151e-10,1.38594076024136e-10)
(2.72401087784534e-12,-2.38643364283093e-10,7.09863986206635e-11)
(0,0,0)
(0,0,0)
(0,0,0)
(0,0,0)
(0,0,0)
(0,0,0)
(-1.43960061236896e-12,-5.05617671463307e-12,3.67540272922987e-10)
(-3.02008201560464e-12,-1.12913468242488e-11,3.63386197657768e-10)
(-2.87175058713223e-12,-1.87004302377329e-11,3.54868550220439e-10)
(-1.67907819140431e-12,-2.98555879129034e-11,3.42877469904386e-10)
(-3.17018145758595e-13,-4.59949214880737e-11,3.26487107646236e-10)
(1.07207171916133e-12,-7.19718205767752e-11,3.03587265513495e-10)
(2.07056471753106e-12,-1.06781259442048e-10,2.69426824518496e-10)
(2.55274773696744e-12,-1.37698647062741e-10,2.18981155640765e-10)
(2.67539089770432e-12,-1.5689820349895e-10,1.53665622784639e-10)
(2.45769448266043e-12,-1.64932954784584e-10,7.90844823368929e-11)
(0,0,0)
(0,0,0)
(0,0,0)
(0,0,0)
(0,0,0)
(0,0,0)
(-1.97544788937114e-12,-2.34170206176999e-12,3.85167977486091e-10)
(-3.27047425489621e-12,-5.79378140253331e-12,3.8085082753495e-10)
(-2.93278639607566e-12,-9.58110050880591e-12,3.7178657187752e-10)
(-1.71579770871708e-12,-1.5144303846162e-11,3.59272684972639e-10)
(-5.23395915331134e-13,-2.34120975010986e-11,3.4241258341776e-10)
(1.06267028696256e-13,-3.67393078626156e-11,3.1847709000133e-10)
(7.42085139563561e-13,-5.42650258467837e-11,2.81844049167411e-10)
(1.63929738430272e-12,-6.98303664696451e-11,2.28321108460191e-10)
(1.8753554354465e-12,-7.96416721535032e-11,1.60130039374848e-10)
(1.02705530823868e-12,-8.33907779650302e-11,8.23637226567916e-11)
(0,0,0)
(0,0,0)
(0,0,0)
(0,0,0)
(0,0,0)
(0,0,0)
(0,0,0)
(0,0,0)
(0,0,0)
(0,0,0)
(0,0,0)
(0,0,0)
(0,0,0)
(0,0,0)
(0,0,0)
(0,0,0)
(0,0,0)
(0,0,0)
(0,0,0)
(0,0,0)
(0,0,0)
(0,0,0)
(0,0,0)
(0,0,0)
(0,0,0)
(0,0,0)
(0,0,0)
(0,0,0)
(0,0,0)
(0,0,0)
(0,0,0)
(0,0,0)
(0,0,0)
(0,0,0)
(0,0,0)
(0,0,0)
(0,0,0)
(0,0,0)
(0,0,0)
(0,0,0)
(0,0,0)
(0,0,0)
(0,0,0)
(0,0,0)
(0,0,0)
(0,0,0)
(0,0,0)
(0,0,0)
(0,0,0)
(0,0,0)
(0,0,0)
(0,0,0)
(0,0,0)
(0,0,0)
(0,0,0)
(0,0,0)
(0,0,0)
(0,0,0)
(0,0,0)
(0,0,0)
(0,0,0)
(0,0,0)
(0,0,0)
(0,0,0)
(0,0,0)
(0,0,0)
(0,0,0)
(0,0,0)
(0,0,0)
(0,0,0)
(0,0,0)
(0,0,0)
(0,0,0)
(0,0,0)
(0,0,0)
(0,0,0)
(0,0,0)
(0,0,0)
(0,0,0)
(0,0,0)
(0,0,0)
(0,0,0)
(0,0,0)
(0,0,0)
(0,0,0)
(0,0,0)
(0,0,0)
(0,0,0)
(0,0,0)
(0,0,0)
(0,0,0)
(0,0,0)
(0,0,0)
(0,0,0)
(0,0,0)
(0,0,0)
(0,0,0)
(0,0,0)
(0,0,0)
(0,0,0)
(0,0,0)
(0,0,0)
(0,0,0)
(0,0,0)
(0,0,0)
(0,0,0)
(0,0,0)
(0,0,0)
(0,0,0)
(0,0,0)
(0,0,0)
(0,0,0)
(0,0,0)
(0,0,0)
(0,0,0)
(0,0,0)
(0,0,0)
(0,0,0)
(0,0,0)
(0,0,0)
(0,0,0)
(0,0,0)
(0,0,0)
(0,0,0)
(0,0,0)
(0,0,0)
(0,0,0)
(0,0,0)
(0,0,0)
(0,0,0)
(0,0,0)
(0,0,0)
(0,0,0)
(0,0,0)
(0,0,0)
(0,0,0)
(0,0,0)
(0,0,0)
(0,0,0)
(0,0,0)
(0,0,0)
(0,0,0)
(0,0,0)
(0,0,0)
(0,0,0)
(0,0,0)
(0,0,0)
(0,0,0)
(0,0,0)
(0,0,0)
(0,0,0)
(0,0,0)
(0,0,0)
(0,0,0)
(0,0,0)
(0,0,0)
(0,0,0)
(0,0,0)
(0,0,0)
(0,0,0)
(0,0,0)
(0,0,0)
(0,0,0)
(0,0,0)
(0,0,0)
(0,0,0)
(0,0,0)
(0,0,0)
(0,0,0)
(0,0,0)
(0,0,0)
(0,0,0)
(0,0,0)
(0,0,0)
(0,0,0)
(0,0,0)
(0,0,0)
(0,0,0)
(0,0,0)
(0,0,0)
(0,0,0)
(0,0,0)
(0,0,0)
(0,0,0)
(0,0,0)
(0,0,0)
(0,0,0)
(0,0,0)
(0,0,0)
(0,0,0)
(0,0,0)
(0,0,0)
(0,0,0)
(0,0,0)
(0,0,0)
(0,0,0)
(0,0,0)
(0,0,0)
(0,0,0)
(0,0,0)
(0,0,0)
(0,0,0)
(0,0,0)
(0,0,0)
(0,0,0)
(0,0,0)
(0,0,0)
(0,0,0)
(0,0,0)
(0,0,0)
(0,0,0)
(0,0,0)
(0,0,0)
(0,0,0)
(0,0,0)
(0,0,0)
(0,0,0)
(0,0,0)
(0,0,0)
(0,0,0)
(0,0,0)
(0,0,0)
(0,0,0)
(0,0,0)
(0,0,0)
(0,0,0)
(0,0,0)
(0,0,0)
(0,0,0)
(0,0,0)
(0,0,0)
(0,0,0)
(0,0,0)
(0,0,0)
(0,0,0)
(0,0,0)
(0,0,0)
(0,0,0)
(0,0,0)
(0,0,0)
(0,0,0)
(0,0,0)
(0,0,0)
(0,0,0)
(0,0,0)
(0,0,0)
(0,0,0)
(0,0,0)
(0,0,0)
(0,0,0)
(0,0,0)
(0,0,0)
(0,0,0)
(0,0,0)
(0,0,0)
(0,0,0)
(0,0,0)
(0,0,0)
(0,0,0)
(0,0,0)
(0,0,0)
(0,0,0)
(0,0,0)
(0,0,0)
(0,0,0)
(0,0,0)
(0,0,0)
(0,0,0)
(0,0,0)
(0,0,0)
(0,0,0)
(0,0,0)
(0,0,0)
(0,0,0)
(0,0,0)
(0,0,0)
(0,0,0)
(0,0,0)
(0,0,0)
(0,0,0)
(0,0,0)
(0,0,0)
(0,0,0)
(0,0,0)
(0,0,0)
(0,0,0)
(0,0,0)
(0,0,0)
(0,0,0)
(0,0,0)
(0,0,0)
(0,0,0)
(0,0,0)
(0,0,0)
(0,0,0)
(0,0,0)
(0,0,0)
(0,0,0)
(0,0,0)
(0,0,0)
(0,0,0)
(0,0,0)
(0,0,0)
(0,0,0)
(0,0,0)
(0,0,0)
(0,0,0)
(0,0,0)
(0,0,0)
(0,0,0)
(0,0,0)
(0,0,0)
(0,0,0)
(0,0,0)
(0,0,0)
(0,0,0)
(0,0,0)
(0,0,0)
(0,0,0)
(0,0,0)
(0,0,0)
(0,0,0)
(0,0,0)
(0,0,0)
(0,0,0)
(0,0,0)
(0,0,0)
(0,0,0)
(0,0,0)
(0,0,0)
(0,0,0)
(0,0,0)
(0,0,0)
(0,0,0)
(0,0,0)
(0,0,0)
(0,0,0)
(0,0,0)
(0,0,0)
(0,0,0)
(0,0,0)
(0,0,0)
(0,0,0)
(0,0,0)
(0,0,0)
(0,0,0)
(0,0,0)
(0,0,0)
(0,0,0)
(0,0,0)
(0,0,0)
(0,0,0)
(0,0,0)
(0,0,0)
(0,0,0)
(0,0,0)
(0,0,0)
(0,0,0)
(0,0,0)
(0,0,0)
(0,0,0)
(0,0,0)
(0,0,0)
(0,0,0)
(0,0,0)
(0,0,0)
(0,0,0)
(0,0,0)
(0,0,0)
(0,0,0)
(0,0,0)
(0,0,0)
(0,0,0)
(0,0,0)
(0,0,0)
(0,0,0)
(0,0,0)
(0,0,0)
(0,0,0)
(0,0,0)
(0,0,0)
(0,0,0)
(0,0,0)
(0,0,0)
(0,0,0)
(0,0,0)
(0,0,0)
(0,0,0)
(0,0,0)
(0,0,0)
(0,0,0)
(0,0,0)
(0,0,0)
(0,0,0)
(0,0,0)
(0,0,0)
(0,0,0)
(0,0,0)
(0,0,0)
(0,0,0)
(0,0,0)
(0,0,0)
(0,0,0)
(0,0,0)
(0,0,0)
(0,0,0)
(0,0,0)
(0,0,0)
(0,0,0)
(0,0,0)
(0,0,0)
(0,0,0)
(0,0,0)
(0,0,0)
(0,0,0)
(0,0,0)
(0,0,0)
(0,0,0)
(0,0,0)
(0,0,0)
(0,0,0)
(0,0,0)
(0,0,0)
(0,0,0)
(0,0,0)
(0,0,0)
(0,0,0)
(0,0,0)
(0,0,0)
(0,0,0)
(0,0,0)
(0,0,0)
(0,0,0)
(0,0,0)
(0,0,0)
(0,0,0)
(0,0,0)
(0,0,0)
(0,0,0)
(0,0,0)
(0,0,0)
(0,0,0)
(0,0,0)
(0,0,0)
(0,0,0)
(0,0,0)
(0,0,0)
(0,0,0)
(0,0,0)
(0,0,0)
(0,0,0)
(0,0,0)
(0,0,0)
(0,0,0)
(0,0,0)
(0,0,0)
(0,0,0)
(0,0,0)
(0,0,0)
(0,0,0)
(0,0,0)
(0,0,0)
(0,0,0)
(0,0,0)
(0,0,0)
(0,0,0)
(0,0,0)
(0,0,0)
(0,0,0)
(0,0,0)
(0,0,0)
(0,0,0)
(0,0,0)
(0,0,0)
(0,0,0)
(0,0,0)
(0,0,0)
(0,0,0)
(0,0,0)
(0,0,0)
(0,0,0)
(0,0,0)
(0,0,0)
(0,0,0)
(0,0,0)
(0,0,0)
(0,0,0)
(0,0,0)
(0,0,0)
(0,0,0)
(0,0,0)
(0,0,0)
(0,0,0)
(0,0,0)
(0,0,0)
(0,0,0)
(0,0,0)
(0,0,0)
(0,0,0)
(0,0,0)
(0,0,0)
(0,0,0)
(0,0,0)
(0,0,0)
(0,0,0)
(0,0,0)
(0,0,0)
(0,0,0)
(0,0,0)
(0,0,0)
(0,0,0)
(0,0,0)
(0,0,0)
(0,0,0)
(0,0,0)
(0,0,0)
(0,0,0)
(0,0,0)
(0,0,0)
(0,0,0)
(0,0,0)
(0,0,0)
(0,0,0)
(0,0,0)
(0,0,0)
(0,0,0)
(0,0,0)
(0,0,0)
(0,0,0)
(0,0,0)
(0,0,0)
(0,0,0)
(0,0,0)
(0,0,0)
(0,0,0)
(0,0,0)
(0,0,0)
(0,0,0)
(0,0,0)
(0,0,0)
(0,0,0)
(0,0,0)
(0,0,0)
(0,0,0)
(0,0,0)
(0,0,0)
(0,0,0)
(0,0,0)
(0,0,0)
(0,0,0)
(0,0,0)
(0,0,0)
(0,0,0)
(0,0,0)
(0,0,0)
(0,0,0)
(0,0,0)
(0,0,0)
(0,0,0)
(0,0,0)
(0,0,0)
(0,0,0)
(0,0,0)
(0,0,0)
(0,0,0)
(0,0,0)
(0,0,0)
(0,0,0)
(0,0,0)
(0,0,0)
(0,0,0)
(0,0,0)
(0,0,0)
(0,0,0)
(0,0,0)
(0,0,0)
(0,0,0)
(0,0,0)
(0,0,0)
(0,0,0)
(0,0,0)
(0,0,0)
(0,0,0)
(0,0,0)
(0,0,0)
(0,0,0)
(0,0,0)
(0,0,0)
(0,0,0)
(0,0,0)
(0,0,0)
(0,0,0)
(0,0,0)
(0,0,0)
(0,0,0)
(0,0,0)
(0,0,0)
(0,0,0)
(0,0,0)
(0,0,0)
(0,0,0)
(0,0,0)
(0,0,0)
(0,0,0)
(0,0,0)
(0,0,0)
(0,0,0)
(0,0,0)
(0,0,0)
(0,0,0)
(0,0,0)
(0,0,0)
(0,0,0)
(0,0,0)
(0,0,0)
(0,0,0)
(0,0,0)
(0,0,0)
(0,0,0)
(0,0,0)
(0,0,0)
(0,0,0)
(0,0,0)
(0,0,0)
(0,0,0)
(0,0,0)
(0,0,0)
(0,0,0)
(0,0,0)
(0,0,0)
(0,0,0)
(0,0,0)
(0,0,0)
(0,0,0)
(0,0,0)
(0,0,0)
(0,0,0)
(0,0,0)
(0,0,0)
(0,0,0)
(0,0,0)
(0,0,0)
(0,0,0)
(0,0,0)
(0,0,0)
(0,0,0)
(0,0,0)
(0,0,0)
(0,0,0)
(0,0,0)
(0,0,0)
(0,0,0)
(0,0,0)
(0,0,0)
(0,0,0)
(0,0,0)
(0,0,0)
(0,0,0)
(0,0,0)
(0,0,0)
(0,0,0)
(0,0,0)
(0,0,0)
(0,0,0)
(0,0,0)
(0,0,0)
(0,0,0)
(0,0,0)
(0,0,0)
(0,0,0)
(0,0,0)
(0,0,0)
(0,0,0)
(0,0,0)
(0,0,0)
(0,0,0)
(0,0,0)
(0,0,0)
(0,0,0)
(0,0,0)
(0,0,0)
(0,0,0)
(0,0,0)
(0,0,0)
(0,0,0)
(0,0,0)
(0,0,0)
(0,0,0)
(0,0,0)
(0,0,0)
(0,0,0)
(0,0,0)
(0,0,0)
(0,0,0)
(0,0,0)
(0,0,0)
(0,0,0)
(0,0,0)
(0,0,0)
(0,0,0)
(0,0,0)
(0,0,0)
(0,0,0)
(0,0,0)
(0,0,0)
(0,0,0)
(0,0,0)
(0,0,0)
(0,0,0)
(0,0,0)
(0,0,0)
(0,0,0)
(0,0,0)
(0,0,0)
(0,0,0)
(0,0,0)
(0,0,0)
(0,0,0)
(0,0,0)
(0,0,0)
(0,0,0)
(0,0,0)
(0,0,0)
(0,0,0)
(0,0,0)
(0,0,0)
(0,0,0)
(0,0,0)
(0,0,0)
(0,0,0)
(0,0,0)
(0,0,0)
(0,0,0)
(0,0,0)
(0,0,0)
(0,0,0)
(0,0,0)
(0,0,0)
(0,0,0)
(0,0,0)
(0,0,0)
(0,0,0)
(0,0,0)
(0,0,0)
(0,0,0)
(0,0,0)
(0,0,0)
(0,0,0)
(0,0,0)
(0,0,0)
(0,0,0)
(0,0,0)
(0,0,0)
(0,0,0)
(0,0,0)
(0,0,0)
(0,0,0)
(0,0,0)
(0,0,0)
(0,0,0)
(0,0,0)
(0,0,0)
(0,0,0)
(0,0,0)
(0,0,0)
(0,0,0)
(0,0,0)
(0,0,0)
(0,0,0)
(0,0,0)
(0,0,0)
(0,0,0)
(0,0,0)
(0,0,0)
(0,0,0)
(0,0,0)
(0,0,0)
(0,0,0)
(0,0,0)
(0,0,0)
(0,0,0)
(0,0,0)
(0,0,0)
(0,0,0)
(0,0,0)
(0,0,0)
(0,0,0)
(0,0,0)
(0,0,0)
(0,0,0)
(0,0,0)
(0,0,0)
(0,0,0)
(0,0,0)
(0,0,0)
(0,0,0)
(0,0,0)
(0,0,0)
(0,0,0)
(0,0,0)
(0,0,0)
(0,0,0)
(0,0,0)
(0,0,0)
(0,0,0)
(0,0,0)
(0,0,0)
(0,0,0)
(0,0,0)
(0,0,0)
(0,0,0)
(0,0,0)
(0,0,0)
(0,0,0)
(0,0,0)
(0,0,0)
(0,0,0)
(0,0,0)
(0,0,0)
)
;

boundaryField
{
    fuel
    {
        type            fixedValue;
        value           uniform (0.1 0 0);
    }
    air
    {
        type            fixedValue;
        value           uniform (-0.1 0 0);
    }
    outlet
    {
        type            zeroGradient;
    }
    frontAndBack
    {
        type            empty;
    }
}


// ************************************************************************* //
 