/*--------------------------------*- C++ -*----------------------------------*\
| =========                 |                                                 |
| \\      /  F ield         | foam-extend: Open Source Cstd::filesystem::create_directory();FD                    |
|  \\    /   O peration     | Version:     4.0                                |
|   \\  /    A nd           | Web:         http://www.foam-extend.org         |
|    \\/     M anipulation  |                                                 |
\*---------------------------------------------------------------------------*/
FoamFile
{
    version 2.0;
    format ascii;
    class volVectorField;
    location "Data/3359";
    object      H;
}
// * * * * * * * * * * * * * * * * * * * * * * * * * * * * * * * * * * * * * //

dimensions      [0 1 -1 0 0 0 0];

internalField   nonuniform List<vector>
4096
(
(0,0,0)
(0,0,0)
(0,0,0)
(0,0,0)
(0,0,0)
(0,0,0)
(0,0,0)
(0,0,0)
(0,0,0)
(0,0,0)
(0,0,0)
(0,0,0)
(0,0,0)
(0,0,0)
(0,0,0)
(0,0,0)
(0,0,0)
(0,0,0)
(0,0,0)
(0,0,0)
(0,0,0)
(0,0,0)
(0,0,0)
(0,0,0)
(0,0,0)
(0,0,0)
(0,0,0)
(0,0,0)
(0,0,0)
(0,0,0)
(0,0,0)
(0,0,0)
(0,0,0)
(0,0,0)
(0,0,0)
(0,0,0)
(0,0,0)
(0,0,0)
(0,0,0)
(0,0,0)
(0,0,0)
(0,0,0)
(0,0,0)
(0,0,0)
(0,0,0)
(0,0,0)
(0,0,0)
(0,0,0)
(0,0,0)
(0,0,0)
(0,0,0)
(0,0,0)
(0,0,0)
(0,0,0)
(0,0,0)
(0,0,0)
(0,0,0)
(0,0,0)
(0,0,0)
(0,0,0)
(0,0,0)
(0,0,0)
(0,0,0)
(0,0,0)
(0,0,0)
(0,0,0)
(0,0,0)
(0,0,0)
(0,0,0)
(0,0,0)
(0,0,0)
(0,0,0)
(0,0,0)
(0,0,0)
(0,0,0)
(0,0,0)
(0,0,0)
(0,0,0)
(0,0,0)
(0,0,0)
(0,0,0)
(0,0,0)
(0,0,0)
(0,0,0)
(0,0,0)
(0,0,0)
(0,0,0)
(0,0,0)
(0,0,0)
(0,0,0)
(0,0,0)
(0,0,0)
(0,0,0)
(0,0,0)
(0,0,0)
(0,0,0)
(0,0,0)
(0,0,0)
(0,0,0)
(0,0,0)
(0,0,0)
(0,0,0)
(0,0,0)
(0,0,0)
(0,0,0)
(0,0,0)
(0,0,0)
(0,0,0)
(0,0,0)
(0,0,0)
(0,0,0)
(0,0,0)
(0,0,0)
(0,0,0)
(0,0,0)
(0,0,0)
(0,0,0)
(0,0,0)
(0,0,0)
(0,0,0)
(0,0,0)
(0,0,0)
(0,0,0)
(0,0,0)
(0,0,0)
(0,0,0)
(0,0,0)
(0,0,0)
(0,0,0)
(0,0,0)
(0,0,0)
(0,0,0)
(0,0,0)
(0,0,0)
(0,0,0)
(0,0,0)
(0,0,0)
(0,0,0)
(0,0,0)
(0,0,0)
(0,0,0)
(0,0,0)
(0,0,0)
(0,0,0)
(0,0,0)
(0,0,0)
(0,0,0)
(0,0,0)
(0,0,0)
(0,0,0)
(0,0,0)
(0,0,0)
(0,0,0)
(0,0,0)
(0,0,0)
(0,0,0)
(0,0,0)
(0,0,0)
(0,0,0)
(0,0,0)
(0,0,0)
(0,0,0)
(0,0,0)
(0,0,0)
(0,0,0)
(0,0,0)
(0,0,0)
(0,0,0)
(0,0,0)
(0,0,0)
(0,0,0)
(0,0,0)
(0,0,0)
(0,0,0)
(0,0,0)
(0,0,0)
(0,0,0)
(0,0,0)
(0,0,0)
(0,0,0)
(0,0,0)
(0,0,0)
(0,0,0)
(0,0,0)
(0,0,0)
(0,0,0)
(0,0,0)
(0,0,0)
(0,0,0)
(0,0,0)
(0,0,0)
(0,0,0)
(0,0,0)
(0,0,0)
(0,0,0)
(0,0,0)
(0,0,0)
(0,0,0)
(0,0,0)
(0,0,0)
(0,0,0)
(0,0,0)
(0,0,0)
(0,0,0)
(0,0,0)
(0,0,0)
(0,0,0)
(0,0,0)
(0,0,0)
(0,0,0)
(0,0,0)
(0,0,0)
(0,0,0)
(0,0,0)
(0,0,0)
(0,0,0)
(0,0,0)
(0,0,0)
(0,0,0)
(0,0,0)
(0,0,0)
(0,0,0)
(0,0,0)
(0,0,0)
(0,0,0)
(0,0,0)
(0,0,0)
(0,0,0)
(0,0,0)
(0,0,0)
(0,0,0)
(0,0,0)
(0,0,0)
(0,0,0)
(0,0,0)
(0,0,0)
(0,0,0)
(0,0,0)
(0,0,0)
(0,0,0)
(0,0,0)
(0,0,0)
(0,0,0)
(0,0,0)
(0,0,0)
(0,0,0)
(0,0,0)
(0,0,0)
(0,0,0)
(0,0,0)
(0,0,0)
(0,0,0)
(0,0,0)
(0,0,0)
(0,0,0)
(0,0,0)
(0,0,0)
(0,0,0)
(0,0,0)
(0,0,0)
(0,0,0)
(0,0,0)
(0,0,0)
(0,0,0)
(0,0,0)
(0,0,0)
(0,0,0)
(0,0,0)
(0,0,0)
(0,0,0)
(0,0,0)
(0,0,0)
(0,0,0)
(0,0,0)
(0,0,0)
(0,0,0)
(0,0,0)
(0,0,0)
(0,0,0)
(0,0,0)
(0,0,0)
(0,0,0)
(0,0,0)
(0,0,0)
(0,0,0)
(0,0,0)
(0,0,0)
(0,0,0)
(0,0,0)
(0,0,0)
(0,0,0)
(0,0,0)
(0,0,0)
(0,0,0)
(0,0,0)
(0,0,0)
(0,0,0)
(0,0,0)
(0,0,0)
(0,0,0)
(0,0,0)
(0,0,0)
(0,0,0)
(0,0,0)
(0,0,0)
(0,0,0)
(0,0,0)
(0,0,0)
(0,0,0)
(0,0,0)
(0,0,0)
(0,0,0)
(0,0,0)
(0,0,0)
(0,0,0)
(0,0,0)
(0,0,0)
(0,0,0)
(0,0,0)
(0,0,0)
(0,0,0)
(0,0,0)
(0,0,0)
(0,0,0)
(0,0,0)
(0,0,0)
(0,0,0)
(0,0,0)
(0,0,0)
(0,0,0)
(0,0,0)
(0,0,0)
(0,0,0)
(0,0,0)
(0,0,0)
(0,0,0)
(0,0,0)
(0,0,0)
(0,0,0)
(0,0,0)
(0,0,0)
(0,0,0)
(0,0,0)
(0,0,0)
(0,0,0)
(0,0,0)
(0,0,0)
(0,0,0)
(0,0,0)
(0,0,0)
(0,0,0)
(0,0,0)
(0,0,0)
(0,0,0)
(0,0,0)
(0,0,0)
(0,0,0)
(0,0,0)
(0,0,0)
(0,0,0)
(0,0,0)
(0,0,0)
(0,0,0)
(0,0,0)
(0,0,0)
(0,0,0)
(0,0,0)
(0,0,0)
(0,0,0)
(0,0,0)
(0,0,0)
(0,0,0)
(0,0,0)
(0,0,0)
(0,0,0)
(0,0,0)
(0,0,0)
(0,0,0)
(0,0,0)
(0,0,0)
(0,0,0)
(0,0,0)
(0,0,0)
(0,0,0)
(0,0,0)
(0,0,0)
(0,0,0)
(0,0,0)
(0,0,0)
(0,0,0)
(0,0,0)
(0,0,0)
(0,0,0)
(0,0,0)
(0,0,0)
(0,0,0)
(0,0,0)
(0,0,0)
(0,0,0)
(0,0,0)
(0,0,0)
(0,0,0)
(0,0,0)
(0,0,0)
(0,0,0)
(0,0,0)
(0,0,0)
(0,0,0)
(0,0,0)
(0,0,0)
(0,0,0)
(0,0,0)
(0,0,0)
(0,0,0)
(0,0,0)
(0,0,0)
(0,0,0)
(0,0,0)
(0,0,0)
(0,0,0)
(0,0,0)
(0,0,0)
(0,0,0)
(0,0,0)
(0,0,0)
(0,0,0)
(0,0,0)
(0,0,0)
(0,0,0)
(0,0,0)
(0,0,0)
(0,0,0)
(0,0,0)
(0,0,0)
(0,0,0)
(0,0,0)
(0,0,0)
(0,0,0)
(0,0,0)
(0,0,0)
(0,0,0)
(0,0,0)
(0,0,0)
(0,0,0)
(0,0,0)
(0,0,0)
(0,0,0)
(0,0,0)
(0,0,0)
(0,0,0)
(0,0,0)
(0,0,0)
(0,0,0)
(0,0,0)
(0,0,0)
(0,0,0)
(0,0,0)
(0,0,0)
(0,0,0)
(0,0,0)
(0,0,0)
(0,0,0)
(0,0,0)
(0,0,0)
(0,0,0)
(0,0,0)
(0,0,0)
(0,0,0)
(0,0,0)
(0,0,0)
(0,0,0)
(0,0,0)
(0,0,0)
(0,0,0)
(0,0,0)
(0,0,0)
(0,0,0)
(0,0,0)
(0,0,0)
(0,0,0)
(0,0,0)
(0,0,0)
(0,0,0)
(0,0,0)
(0,0,0)
(0,0,0)
(0,0,0)
(0,0,0)
(0,0,0)
(0,0,0)
(0,0,0)
(0,0,0)
(0,0,0)
(0,0,0)
(0,0,0)
(0,0,0)
(0,0,0)
(0,0,0)
(0,0,0)
(0,0,0)
(0,0,0)
(0,0,0)
(0,0,0)
(0,0,0)
(0,0,0)
(0,0,0)
(0,0,0)
(0,0,0)
(0,0,0)
(0,0,0)
(0,0,0)
(0,0,0)
(0,0,0)
(0,0,0)
(0,0,0)
(0,0,0)
(0,0,0)
(0,0,0)
(0,0,0)
(0,0,0)
(0,0,0)
(0,0,0)
(0,0,0)
(0,0,0)
(0,0,0)
(0,0,0)
(0,0,0)
(0,0,0)
(0,0,0)
(0,0,0)
(0,0,0)
(0,0,0)
(0,0,0)
(0,0,0)
(0,0,0)
(0,0,0)
(0,0,0)
(0,0,0)
(0,0,0)
(0,0,0)
(0,0,0)
(0,0,0)
(0,0,0)
(0,0,0)
(0,0,0)
(0,0,0)
(0,0,0)
(0,0,0)
(0,0,0)
(0,0,0)
(0,0,0)
(0,0,0)
(0,0,0)
(0,0,0)
(0,0,0)
(0,0,0)
(0,0,0)
(0,0,0)
(0,0,0)
(0,0,0)
(0,0,0)
(0,0,0)
(0,0,0)
(0,0,0)
(0,0,0)
(0,0,0)
(0,0,0)
(0,0,0)
(0,0,0)
(0,0,0)
(0,0,0)
(0,0,0)
(0,0,0)
(0,0,0)
(0,0,0)
(0,0,0)
(0,0,0)
(0,0,0)
(0,0,0)
(0,0,0)
(0,0,0)
(0,0,0)
(0,0,0)
(0,0,0)
(0,0,0)
(0,0,0)
(0,0,0)
(0,0,0)
(0,0,0)
(0,0,0)
(0,0,0)
(0,0,0)
(0,0,0)
(0,0,0)
(0,0,0)
(0,0,0)
(0,0,0)
(0,0,0)
(0,0,0)
(0,0,0)
(0,0,0)
(0,0,0)
(0,0,0)
(0,0,0)
(0,0,0)
(0,0,0)
(0,0,0)
(0,0,0)
(0,0,0)
(0,0,0)
(0,0,0)
(0,0,0)
(0,0,0)
(0,0,0)
(0,0,0)
(0,0,0)
(0,0,0)
(0,0,0)
(0,0,0)
(0,0,0)
(0,0,0)
(0,0,0)
(0,0,0)
(0,0,0)
(0,0,0)
(0,0,0)
(0,0,0)
(0,0,0)
(0,0,0)
(0,0,0)
(0,0,0)
(0,0,0)
(0,0,0)
(0,0,0)
(0,0,0)
(0,0,0)
(0,0,0)
(0,0,0)
(0,0,0)
(0,0,0)
(0,0,0)
(0,0,0)
(0,0,0)
(0,0,0)
(0,0,0)
(0,0,0)
(0,0,0)
(0,0,0)
(0,0,0)
(0,0,0)
(0,0,0)
(0,0,0)
(0,0,0)
(0,0,0)
(0,0,0)
(0,0,0)
(0,0,0)
(0,0,0)
(0,0,0)
(0,0,0)
(0,0,0)
(0,0,0)
(0,0,0)
(0,0,0)
(0,0,0)
(0,0,0)
(0,0,0)
(0,0,0)
(0,0,0)
(0,0,0)
(0,0,0)
(0,0,0)
(0,0,0)
(0,0,0)
(0,0,0)
(0,0,0)
(0,0,0)
(0,0,0)
(0,0,0)
(0,0,0)
(0,0,0)
(0,0,0)
(0,0,0)
(0,0,0)
(0,0,0)
(0,0,0)
(0,0,0)
(0,0,0)
(0,0,0)
(0,0,0)
(0,0,0)
(0,0,0)
(0,0,0)
(0,0,0)
(0,0,0)
(0,0,0)
(0,0,0)
(0,0,0)
(0,0,0)
(0,0,0)
(0,0,0)
(0,0,0)
(0,0,0)
(0,0,0)
(0,0,0)
(0,0,0)
(0,0,0)
(0,0,0)
(0,0,0)
(0,0,0)
(0,0,0)
(0,0,0)
(0,0,0)
(0,0,0)
(0,0,0)
(0,0,0)
(0,0,0)
(0,0,0)
(0,0,0)
(0,0,0)
(0,0,0)
(0,0,0)
(0,0,0)
(0,0,0)
(0,0,0)
(0,0,0)
(0,0,0)
(0,0,0)
(0,0,0)
(0,0,0)
(0,0,0)
(0,0,0)
(0,0,0)
(0,0,0)
(0,0,0)
(0,0,0)
(0,0,0)
(0,0,0)
(0,0,0)
(0,0,0)
(0,0,0)
(0,0,0)
(0,0,0)
(0,0,0)
(0,0,0)
(0,0,0)
(0,0,0)
(0,0,0)
(0,0,0)
(0,0,0)
(0,0,0)
(0,0,0)
(0,0,0)
(0,0,0)
(0,0,0)
(0,0,0)
(0,0,0)
(0,0,0)
(0,0,0)
(0,0,0)
(0,0,0)
(0,0,0)
(0,0,0)
(0,0,0)
(0,0,0)
(0,0,0)
(0,0,0)
(0,0,0)
(0,0,0)
(0,0,0)
(0,0,0)
(0,0,0)
(0,0,0)
(0,0,0)
(0,0,0)
(0,0,0)
(0,0,0)
(0,0,0)
(0,0,0)
(0,0,0)
(0,0,0)
(0,0,0)
(0,0,0)
(0,0,0)
(0,0,0)
(0,0,0)
(0,0,0)
(0,0,0)
(0,0,0)
(0,0,0)
(0,0,0)
(0,0,0)
(0,0,0)
(0,0,0)
(0,0,0)
(0,0,0)
(0,0,0)
(0,0,0)
(0,0,0)
(0,0,0)
(0,0,0)
(0,0,0)
(0,0,0)
(0,0,0)
(0,0,0)
(0,0,0)
(0,0,0)
(0,0,0)
(0,0,0)
(0,0,0)
(0,0,0)
(0,0,0)
(0,0,0)
(0,0,0)
(0,0,0)
(0,0,0)
(0,0,0)
(0,0,0)
(0,0,0)
(-3.0406972158317e-13,1.33514517419689e-11,-1.41902320930831e-11)
(7.84454866873364e-14,2.92290238009163e-11,-1.39244622628368e-11)
(5.71822620776513e-13,4.95199002613733e-11,-1.25854501920613e-11)
(2.28823335213874e-12,7.80013338165605e-11,-1.05355177600386e-11)
(2.08858243214764e-12,1.20051191188632e-10,-7.8657391510768e-12)
(1.30912916195692e-12,1.87275347288982e-10,-5.61951279217873e-12)
(6.47284942896555e-13,2.97695931575098e-10,-3.70904828748389e-12)
(-4.55175287099646e-13,4.81973408616447e-10,-2.57847249164683e-12)
(-1.4512640441191e-12,7.87453575378966e-10,-1.9170394455506e-12)
(-1.47982552245953e-12,1.21366454365782e-09,-1.18973333594333e-12)
(0,0,0)
(0,0,0)
(0,0,0)
(0,0,0)
(0,0,0)
(0,0,0)
(2.24082471194874e-13,1.27498472725409e-11,-3.05905252460289e-11)
(1.40318733559331e-12,2.77636702337174e-11,-3.00627529321859e-11)
(2.72830984157515e-12,4.71651471543046e-11,-2.77057969259759e-11)
(4.65124532583808e-12,7.51442152051988e-11,-2.41139706135778e-11)
(4.37605911843469e-12,1.17352418579684e-10,-1.94278183366516e-11)
(3.53280655863662e-12,1.85121138507122e-10,-1.43265246157494e-11)
(1.64879536297221e-12,2.96489792299219e-10,-9.42391864096935e-12)
(-6.72212574241357e-13,4.81418466965894e-10,-6.52022292399818e-12)
(-2.33045908232732e-12,7.86876215491154e-10,-4.66025886748656e-12)
(-3.67151095988408e-12,1.21299238249885e-09,-2.54734322732678e-12)
(0,0,0)
(0,0,0)
(0,0,0)
(0,0,0)
(0,0,0)
(0,0,0)
(6.33970733081622e-13,1.20382684674532e-11,-5.17631119205188e-11)
(2.7183460300033e-12,2.55450081597041e-11,-5.06524412756192e-11)
(5.01716556988715e-12,4.3423156700903e-11,-4.73630741343999e-11)
(6.26660300304451e-12,6.98280751651003e-11,-4.21576604544317e-11)
(5.74200784852595e-12,1.11371496440593e-10,-3.54687805260238e-11)
(3.81738680393122e-12,1.79808800320603e-10,-2.74423743065435e-11)
(3.82862739445398e-13,2.93377536062104e-10,-1.96208905350549e-11)
(-3.8018559665851e-12,4.79979329873507e-10,-1.46184104723238e-11)
(-6.01197146739972e-12,7.85583789751637e-10,-1.0826086949954e-11)
(-7.97466137061932e-12,1.21156803031443e-09,-5.74356687962817e-12)
(0,0,0)
(0,0,0)
(0,0,0)
(0,0,0)
(0,0,0)
(0,0,0)
(-1.3935863554177e-13,1.08514580215372e-11,-8.0215787129591e-11)
(1.28166702178795e-12,2.26764319333797e-11,-7.88187694029748e-11)
(3.5454854670505e-12,3.86920026052575e-11,-7.56339083780745e-11)
(5.66207977448699e-12,6.25831881253048e-11,-6.96422352365124e-11)
(5.99536885972835e-12,1.02291527678754e-10,-6.17071710519412e-11)
(2.76076494529303e-12,1.70683825918569e-10,-5.20958493451418e-11)
(-2.75122856914549e-12,2.86728637032531e-10,-4.19230187079275e-11)
(-8.45360905852828e-12,4.75964044295348e-10,-3.27587039007083e-11)
(-1.01224183531126e-11,7.8174673259631e-10,-2.37949616923485e-11)
(-1.16464295186443e-11,1.20763452362533e-09,-1.26395975951941e-11)
(0,0,0)
(0,0,0)
(0,0,0)
(0,0,0)
(0,0,0)
(0,0,0)
(-4.05292668215787e-13,9.03573597878779e-12,-1.21523414062276e-10)
(3.81367481320808e-13,1.89686733470176e-11,-1.20574314178846e-10)
(2.04063759544961e-12,3.22998840019001e-11,-1.18032228783099e-10)
(4.07859630285517e-12,5.32506540162751e-11,-1.12471324747644e-10)
(3.73122343395763e-12,9.02873317963748e-11,-1.0475747514436e-10)
(-1.15286875012501e-12,1.57097836749713e-10,-9.57081818277453e-11)
(-8.81585919180287e-12,2.74474203732347e-10,-8.47269660302487e-11)
(-1.45918466541612e-11,4.67204949397528e-10,-6.83294752353472e-11)
(-1.59820689499215e-11,7.72848847862054e-10,-4.88381811307395e-11)
(-1.73672844117489e-11,1.19783705299463e-09,-2.59876044895281e-11)
(0,0,0)
(0,0,0)
(0,0,0)
(0,0,0)
(0,0,0)
(0,0,0)
(-1.05451091447437e-12,7.6282599202628e-12,-1.86515840173371e-10)
(-1.12566475951732e-12,1.56452426785356e-11,-1.85461529807275e-10)
(2.44713458969691e-13,2.58292006438171e-11,-1.83204275188119e-10)
(1.0579101761116e-12,4.35027651895144e-11,-1.7880802673637e-10)
(-1.14004594286139e-12,7.727440109116e-11,-1.7240156586609e-10)
(-7.05551214990793e-12,1.4146733059554e-10,-1.63879222962452e-10)
(-1.49106745679954e-11,2.59069042578671e-10,-1.49740100271471e-10)
(-2.09808164641207e-11,4.50632057101941e-10,-1.25128636461824e-10)
(-2.35810714868087e-11,7.53218265936188e-10,-9.10389237149823e-11)
(-2.52655390151003e-11,1.17516617919861e-09,-4.89752650177882e-11)
(0,0,0)
(0,0,0)
(0,0,0)
(0,0,0)
(0,0,0)
(0,0,0)
(-1.26603333133392e-12,5.89858118820599e-12,-2.91977454664006e-10)
(-1.92747044810624e-12,1.20911627075877e-11,-2.90912854142958e-10)
(-1.59591858786361e-12,1.99022584323245e-11,-2.88729001670185e-10)
(-2.28798476328034e-12,3.46438474309299e-11,-2.8538466086422e-10)
(-6.82565078529331e-12,6.45484187502005e-11,-2.80245820336313e-10)
(-1.33112549074616e-11,1.23810543876958e-10,-2.7103735818996e-10)
(-1.98745620633016e-11,2.36337016801544e-10,-2.50641361713196e-10)
(-2.59246147029875e-11,4.19545691549653e-10,-2.16101695984927e-10)
(-2.95787361142644e-11,7.13596365170125e-10,-1.61485609087922e-10)
(-3.13720360979111e-11,1.12894947215268e-09,-8.8284454502358e-11)
(0,0,0)
(0,0,0)
(0,0,0)
(0,0,0)
(0,0,0)
(0,0,0)
(-3.92629502765618e-13,4.51921401779398e-12,-4.72459034762069e-10)
(-6.33874129908013e-13,9.1614596418387e-12,-4.71424708139524e-10)
(-1.38900717893141e-12,1.53098117498249e-11,-4.6909193868889e-10)
(-3.91009797926205e-12,2.77944640932276e-11,-4.65508997911134e-10)
(-9.70039951957545e-12,5.34118677834815e-11,-4.59395511165887e-10)
(-1.61180543871624e-11,1.05372526461732e-10,-4.47292930249216e-10)
(-2.29702336124801e-11,2.03005395871108e-10,-4.20618243652267e-10)
(-2.93028511293525e-11,3.662100569738e-10,-3.7007180701131e-10)
(-3.41830709463212e-11,6.4163063771197e-10,-2.86458573179275e-10)
(-3.71337719021264e-11,1.0429091883665e-09,-1.62566630572905e-10)
(0,0,0)
(0,0,0)
(0,0,0)
(0,0,0)
(0,0,0)
(0,0,0)
(1.62631718569786e-12,3.32892160722767e-12,-7.75083928143816e-10)
(3.06666692380459e-12,6.49674920755892e-12,-7.74080369126721e-10)
(1.14814563691576e-12,1.10069967170913e-11,-7.71652310260708e-10)
(-3.77185283344779e-12,2.0499327359495e-11,-7.67405968137031e-10)
(-1.00481296751598e-11,3.96212407809371e-11,-7.59329186797357e-10)
(-1.69353939609898e-11,7.89162568369484e-11,-7.42598775303355e-10)
(-2.43305908992754e-11,1.52646349919963e-10,-7.07142733153957e-10)
(-3.20236214820656e-11,2.82726079447844e-10,-6.38810279202923e-10)
(-3.81939769340038e-11,5.17776770176277e-10,-5.17147986182272e-10)
(-4.19296581792797e-11,8.80826923386044e-10,-3.11156718709859e-10)
(0,0,0)
(0,0,0)
(0,0,0)
(0,0,0)
(0,0,0)
(0,0,0)
(3.11026354251896e-12,1.77471638683714e-12,-1.1998147814293e-09)
(5.68779259679406e-12,3.50158692619968e-12,-1.19857856066906e-09)
(3.06038318322219e-12,5.86957133658765e-12,-1.1955429656041e-09)
(-2.6970024696584e-12,1.10856796661199e-11,-1.19055621241501e-09)
(-8.92393138450912e-12,2.12699528957798e-11,-1.18077735634098e-09)
(-1.67293867663997e-11,4.25245349590377e-11,-1.16080853438977e-09)
(-2.5043473791578e-11,8.34632736426652e-11,-1.11918322756229e-09)
(-3.33365686780945e-11,1.60233406845944e-10,-1.0367559971483e-09)
(-4.02947740897732e-11,3.108916964898e-10,-8.77733063945394e-10)
(-4.46660843051593e-11,5.68956450123628e-10,-5.68040391936342e-10)
(0,0,0)
(0,0,0)
(0,0,0)
(0,0,0)
(0,0,0)
(0,0,0)
(0,0,0)
(0,0,0)
(0,0,0)
(0,0,0)
(0,0,0)
(0,0,0)
(0,0,0)
(0,0,0)
(0,0,0)
(0,0,0)
(0,0,0)
(0,0,0)
(0,0,0)
(0,0,0)
(0,0,0)
(0,0,0)
(0,0,0)
(0,0,0)
(0,0,0)
(0,0,0)
(0,0,0)
(0,0,0)
(0,0,0)
(0,0,0)
(0,0,0)
(0,0,0)
(0,0,0)
(0,0,0)
(0,0,0)
(0,0,0)
(0,0,0)
(0,0,0)
(0,0,0)
(0,0,0)
(0,0,0)
(0,0,0)
(0,0,0)
(0,0,0)
(0,0,0)
(0,0,0)
(0,0,0)
(0,0,0)
(0,0,0)
(0,0,0)
(0,0,0)
(0,0,0)
(0,0,0)
(0,0,0)
(0,0,0)
(0,0,0)
(0,0,0)
(0,0,0)
(0,0,0)
(0,0,0)
(0,0,0)
(0,0,0)
(0,0,0)
(0,0,0)
(0,0,0)
(0,0,0)
(0,0,0)
(0,0,0)
(0,0,0)
(0,0,0)
(0,0,0)
(0,0,0)
(0,0,0)
(0,0,0)
(0,0,0)
(0,0,0)
(0,0,0)
(0,0,0)
(0,0,0)
(0,0,0)
(0,0,0)
(0,0,0)
(0,0,0)
(0,0,0)
(0,0,0)
(0,0,0)
(0,0,0)
(0,0,0)
(0,0,0)
(0,0,0)
(0,0,0)
(0,0,0)
(0,0,0)
(0,0,0)
(0,0,0)
(0,0,0)
(0,0,0)
(0,0,0)
(0,0,0)
(0,0,0)
(0,0,0)
(0,0,0)
(3.17649175963763e-14,2.44164197893966e-11,-2.67938866571275e-11)
(2.04786983108258e-13,5.34646038064613e-11,-2.58899869400303e-11)
(8.76643295824939e-13,9.04513810097821e-11,-2.35055879810546e-11)
(2.47557335452588e-12,1.42215662919529e-10,-1.97709907973381e-11)
(2.54112868215764e-12,2.18123612484045e-10,-1.44097312313541e-11)
(1.55287343917855e-12,3.34809099220319e-10,-8.86164759161108e-12)
(7.22848423054803e-13,5.23130789531275e-10,-4.47430620314053e-12)
(-5.61666682811297e-13,8.4267648329689e-10,-2.18872859412654e-12)
(-1.60121026634701e-12,1.45339265827695e-09,-1.51225770848917e-12)
(-1.99739769984628e-12,2.8521965185392e-09,-9.19561340202216e-13)
(0,0,0)
(0,0,0)
(0,0,0)
(0,0,0)
(0,0,0)
(0,0,0)
(4.07888962438318e-13,2.38000626088796e-11,-5.67252992309781e-11)
(1.26489340341125e-12,5.13622749548686e-11,-5.52339443626421e-11)
(2.87847398255806e-12,8.6735462075386e-11,-5.10069021822962e-11)
(5.28123308900784e-12,1.37195294403242e-10,-4.41845730589014e-11)
(5.25568753662959e-12,2.1241472240314e-10,-3.39300590348177e-11)
(3.9425387703529e-12,3.29782677586964e-10,-2.17612239389302e-11)
(1.85735588296652e-12,5.20505736130053e-10,-1.08632646128994e-11)
(-1.09303953799628e-12,8.42158797889687e-10,-5.56627423942455e-12)
(-3.15094898250098e-12,1.45369323351631e-09,-3.77531256716705e-12)
(-4.79450200264834e-12,2.8524924697835e-09,-2.11782768544168e-12)
(0,0,0)
(0,0,0)
(0,0,0)
(0,0,0)
(0,0,0)
(0,0,0)
(7.10110534099076e-13,2.27069655086096e-11,-9.53834512270574e-11)
(2.29755511511225e-12,4.74485251593123e-11,-9.30241411526791e-11)
(4.54290598558831e-12,7.97714929147508e-11,-8.71394241189393e-11)
(6.82261011442841e-12,1.26821805370931e-10,-7.73122678485575e-11)
(6.79557039083684e-12,1.99722465041763e-10,-6.26030306091398e-11)
(5.12087743448161e-12,3.18147850078144e-10,-4.35999817835398e-11)
(2.02928170631783e-12,5.14973880587838e-10,-2.55304828554586e-11)
(-3.57889391096735e-12,8.41740987951971e-10,-1.70914170115853e-11)
(-7.25743438247351e-12,1.4545894810266e-09,-1.27203357773727e-11)
(-9.78472156125662e-12,2.85289413789341e-09,-6.9037440508378e-12)
(0,0,0)
(0,0,0)
(0,0,0)
(0,0,0)
(0,0,0)
(0,0,0)
(2.79345680591317e-13,2.02649189175283e-11,-1.47598619346084e-10)
(1.80456458324797e-12,4.15803266533407e-11,-1.44539893986902e-10)
(3.94593092883855e-12,6.98049983375227e-11,-1.38240474525345e-10)
(7.0595496989503e-12,1.11384940502129e-10,-1.26982953024215e-10)
(8.38824303530197e-12,1.79273423118194e-10,-1.0997900630714e-10)
(6.17392347696003e-12,2.97262426071567e-10,-8.75300885837697e-11)
(3.38889923814534e-13,5.03114729963293e-10,-6.41627199583454e-11)
(-8.65825636905082e-12,8.39212666153766e-10,-4.93285518165125e-11)
(-1.23798977154786e-11,1.45244293125184e-09,-3.63636701752023e-11)
(-1.44885564822397e-11,2.84913276206552e-09,-1.94521726665742e-11)
(0,0,0)
(0,0,0)
(0,0,0)
(0,0,0)
(0,0,0)
(0,0,0)
(5.3083506878458e-14,1.65222345317116e-11,-2.21192032692895e-10)
(1.16271275405486e-12,3.40350381496978e-11,-2.18642419908982e-10)
(2.95041691807359e-12,5.69201156351565e-11,-2.13314886784175e-10)
(6.11263552632248e-12,9.17397690585198e-11,-2.03229094912461e-10)
(7.69486082257586e-12,1.5186656267705e-10,-1.88243352066697e-10)
(3.4964216064881e-12,2.64311797236541e-10,-1.70636842934013e-10)
(-9.80818883296144e-12,4.75724862424215e-10,-1.55418295899921e-10)
(-1.75102484630233e-11,8.28790514275348e-10,-1.21758273571503e-10)
(-1.92020636655437e-11,1.44122561684735e-09,-8.58052334463558e-11)
(-2.06840151056218e-11,2.8348367627768e-09,-4.49797440420986e-11)
(0,0,0)
(0,0,0)
(0,0,0)
(0,0,0)
(0,0,0)
(0,0,0)
(-3.79142548513056e-13,1.32347538783839e-11,-3.3247369545125e-10)
(1.71160592270562e-13,2.69066959722787e-11,-3.30463582041157e-10)
(1.77540721870938e-12,4.3795848066679e-11,-3.26276413197276e-10)
(3.51036706442553e-12,7.14952905508662e-11,-3.18819196186964e-10)
(3.06359349447257e-12,1.23764516188324e-10,-3.0791003031983e-10)
(-3.53784812235015e-12,2.31364225128455e-10,-2.93968451600749e-10)
(-1.67901126004802e-11,4.52033840142121e-10,-2.7469826661485e-10)
(-2.3984163658756e-11,8.03603810843601e-10,-2.28520255519297e-10)
(-2.6022829418031e-11,1.40864055611528e-09,-1.64120911330659e-10)
(-2.80240969863642e-11,2.79641011429098e-09,-8.66802589839883e-11)
(0,0,0)
(0,0,0)
(0,0,0)
(0,0,0)
(0,0,0)
(0,0,0)
(-9.51266681971329e-13,1.02812159712379e-11,-5.12261583276969e-10)
(-1.18161985512889e-12,2.05287995148749e-11,-5.10655647731404e-10)
(-3.47812711324844e-13,3.26977693411978e-11,-5.07392290082585e-10)
(-5.77441953492345e-13,5.43407269199918e-11,-5.02827302846838e-10)
(-4.89756196489676e-12,9.81956193748861e-11,-4.963285548291e-10)
(-1.52692339689807e-11,1.94795897487465e-10,-4.84444250436457e-10)
(-2.10826068611376e-11,4.13639931746089e-10,-4.47985779151403e-10)
(-2.72050670243138e-11,7.49394769324486e-10,-3.92325875294847e-10)
(-3.08141632416908e-11,1.33829541526682e-09,-2.89501159273963e-10)
(-3.36162068136932e-11,2.71495146337558e-09,-1.55930642974284e-10)
(0,0,0)
(0,0,0)
(0,0,0)
(0,0,0)
(0,0,0)
(0,0,0)
(-2.36663714744369e-13,7.97433885614813e-12,-8.24761490683067e-10)
(-3.01933146260793e-13,1.52701790579253e-11,-8.22898316653879e-10)
(-6.69132923950481e-13,2.46697201956571e-11,-8.19692285031166e-10)
(-2.72844799078167e-12,4.33630996745304e-11,-8.15397829135109e-10)
(-8.01235343372443e-12,8.35085894532746e-11,-8.08000646452096e-10)
(-1.63364713593012e-11,1.73070481452597e-10,-7.92618617409907e-10)
(-2.31576243022413e-11,3.58570031432815e-10,-7.51800730925807e-10)
(-2.94321074355799e-11,6.50070950751855e-10,-6.61017159011561e-10)
(-3.42211460168385e-11,1.20827999747539e-09,-5.09148322175333e-10)
(-3.76181374950456e-11,2.56190728553184e-09,-2.89283094755857e-10)
(0,0,0)
(0,0,0)
(0,0,0)
(0,0,0)
(0,0,0)
(0,0,0)
(2.17696338899329e-12,5.52021793303452e-12,-1.42932078205201e-09)
(3.63377033915085e-12,1.05266709463276e-11,-1.42728084752617e-09)
(2.03922889374648e-12,1.75032123586256e-11,-1.42346064322186e-09)
(-2.43498647973908e-12,3.21390431844994e-11,-1.4176386010823e-09)
(-8.42725328399477e-12,6.41205239649456e-11,-1.40621524131482e-09)
(-1.59997142324925e-11,1.33224627139392e-10,-1.3809051973462e-09)
(-2.34799685730014e-11,2.67248608445501e-10,-1.32299156740166e-09)
(-3.1193241900827e-11,4.98952820863373e-10,-1.20303116475877e-09)
(-3.73001707199448e-11,9.897217195548e-10,-9.89243989400248e-10)
(-4.12159036269954e-11,2.27343534143997e-09,-6.1867602718076e-10)
(0,0,0)
(0,0,0)
(0,0,0)
(0,0,0)
(0,0,0)
(0,0,0)
(3.64875916912405e-12,2.85593396882172e-12,-2.82531294956254e-09)
(6.15378445802912e-12,5.66697919829274e-12,-2.82293396908469e-09)
(3.94320133071945e-12,9.37168513443178e-12,-2.81794072412635e-09)
(-1.39017887757387e-12,1.7443676714155e-11,-2.81038306137423e-09)
(-7.6228004399414e-12,3.50688145039652e-11,-2.7952925764381e-09)
(-1.58301586348618e-11,7.27069634666727e-11,-2.76279252256466e-09)
(-2.40074305629239e-11,1.45281151612084e-10,-2.6924879591068e-09)
(-3.21260950350226e-11,2.83913205758435e-10,-2.54945938122409e-09)
(-3.90957496090281e-11,6.18334204466962e-10,-2.26780351435294e-09)
(-4.37500261177679e-11,1.65372356653086e-09,-1.65169727692723e-09)
(0,0,0)
(0,0,0)
(0,0,0)
(0,0,0)
(0,0,0)
(0,0,0)
(0,0,0)
(0,0,0)
(0,0,0)
(0,0,0)
(0,0,0)
(0,0,0)
(0,0,0)
(0,0,0)
(0,0,0)
(0,0,0)
(0,0,0)
(0,0,0)
(0,0,0)
(0,0,0)
(0,0,0)
(0,0,0)
(0,0,0)
(0,0,0)
(0,0,0)
(0,0,0)
(0,0,0)
(0,0,0)
(0,0,0)
(0,0,0)
(0,0,0)
(0,0,0)
(0,0,0)
(0,0,0)
(0,0,0)
(0,0,0)
(0,0,0)
(0,0,0)
(0,0,0)
(0,0,0)
(0,0,0)
(0,0,0)
(0,0,0)
(0,0,0)
(0,0,0)
(0,0,0)
(0,0,0)
(0,0,0)
(0,0,0)
(0,0,0)
(0,0,0)
(0,0,0)
(0,0,0)
(0,0,0)
(0,0,0)
(0,0,0)
(0,0,0)
(0,0,0)
(0,0,0)
(0,0,0)
(0,0,0)
(0,0,0)
(0,0,0)
(0,0,0)
(0,0,0)
(0,0,0)
(0,0,0)
(0,0,0)
(0,0,0)
(0,0,0)
(0,0,0)
(0,0,0)
(0,0,0)
(0,0,0)
(0,0,0)
(0,0,0)
(0,0,0)
(0,0,0)
(0,0,0)
(0,0,0)
(0,0,0)
(0,0,0)
(0,0,0)
(0,0,0)
(0,0,0)
(0,0,0)
(0,0,0)
(0,0,0)
(0,0,0)
(0,0,0)
(0,0,0)
(0,0,0)
(0,0,0)
(0,0,0)
(0,0,0)
(0,0,0)
(0,0,0)
(0,0,0)
(0,0,0)
(0,0,0)
(0,0,0)
(0,0,0)
(-2.5577761941852e-13,3.23135417684637e-11,-3.52824229855058e-11)
(-7.72831244953221e-14,7.12493685639236e-11,-3.43609514550873e-11)
(8.57965047500888e-13,1.19818369131574e-10,-3.10682908662297e-11)
(2.13468230437058e-12,1.85642574511805e-10,-2.51821205769008e-11)
(2.7019351235475e-12,2.79605206259483e-10,-1.70224795037038e-11)
(2.19195368425118e-12,4.15878111763935e-10,-7.4705608838611e-12)
(1.06232421462733e-12,6.18213574138261e-10,6.37797320017339e-13)
(-7.20452161603783e-13,9.1157928982271e-10,3.49445638964398e-12)
(-2.49448187342531e-12,1.32920283863489e-09,2.55572913530998e-12)
(-3.21291028533767e-12,1.83752279061073e-09,1.11019962820661e-12)
(0,0,0)
(0,0,0)
(0,0,0)
(0,0,0)
(0,0,0)
(0,0,0)
(9.63119432724435e-15,3.113103949064e-11,-7.57597626693365e-11)
(9.51601018245846e-13,6.78958483697537e-11,-7.38930398451511e-11)
(3.02011401825645e-12,1.14291752570169e-10,-6.78389122032835e-11)
(5.40020809780501e-12,1.78106683801921e-10,-5.69949304305984e-11)
(5.77910980264807e-12,2.7041461168197e-10,-4.01320362197996e-11)
(4.67940695274965e-12,4.08042829778637e-10,-1.83291504304259e-11)
(2.09222105137814e-12,6.16220003263038e-10,2.4344364137543e-12)
(-2.46619127195308e-12,9.13730094640553e-10,8.03460606104566e-12)
(-5.70468137408709e-12,1.33242677980897e-09,5.30300747036677e-12)
(-7.31399779778537e-12,1.84066532942501e-09,2.04876358151871e-12)
(0,0,0)
(0,0,0)
(0,0,0)
(0,0,0)
(0,0,0)
(0,0,0)
(7.92847049197692e-13,2.9087315030833e-11,-1.26119546280649e-10)
(2.28103658825567e-12,6.17144377654615e-11,-1.22820714505039e-10)
(4.68224429285336e-12,1.0347493474676e-10,-1.14464165704804e-10)
(7.55023774339579e-12,1.61816967730665e-10,-9.94572278515787e-11)
(8.24156348839776e-12,2.49559678254709e-10,-7.46118898720144e-11)
(7.93680251313161e-12,3.88834990639166e-10,-3.83906668667131e-11)
(5.44936648691901e-12,6.12957014003967e-10,1.55681875113061e-12)
(-5.42165334688295e-12,9.20837579693523e-10,6.46678278804532e-12)
(-1.09274763333228e-11,1.34034176370939e-09,6.49868466043572e-13)
(-1.29270897848468e-11,1.84692773490066e-09,-1.60032925059764e-12)
(0,0,0)
(0,0,0)
(0,0,0)
(0,0,0)
(0,0,0)
(0,0,0)
(9.63304706827848e-13,2.543977189879e-11,-1.9304258212135e-10)
(3.05043362604297e-12,5.29103322204289e-11,-1.88338390844589e-10)
(5.57329212946223e-12,8.78627367016755e-11,-1.78761349534098e-10)
(9.70077442427881e-12,1.36489420348125e-10,-1.6150346356372e-10)
(1.33461857533734e-11,2.13151054595241e-10,-1.32528675874926e-10)
(1.57571836875805e-11,3.48409380983734e-10,-8.67520133181671e-11)
(1.28945893211159e-11,6.03299327438134e-10,-2.52169597071222e-11)
(-1.12009861321507e-11,9.3471162680569e-10,-2.36755402067111e-11)
(-1.80740808187383e-11,1.35050361182274e-09,-2.59438819182778e-11)
(-1.96447298615527e-11,1.8512556626566e-09,-1.65633029688105e-11)
(0,0,0)
(0,0,0)
(0,0,0)
(0,0,0)
(0,0,0)
(0,0,0)
(7.90951375721911e-13,2.02871647424977e-11,-2.83921941810775e-10)
(2.96352180752454e-12,4.22016714189803e-11,-2.79804796953209e-10)
(5.98889261342114e-12,6.85670091796217e-11,-2.71502033798741e-10)
(1.13713711883344e-11,1.04540337937336e-10,-2.56123434659514e-10)
(1.81903981802636e-11,1.62030551499503e-10,-2.32057695234034e-10)
(2.1225446679362e-11,2.71130074495978e-10,-2.03481275170759e-10)
(-1.9777188880376e-11,5.30291661312051e-10,-2.16962406082345e-10)
(-2.8276585156621e-11,9.47440445594073e-10,-1.43718307889069e-10)
(-2.7442492335984e-11,1.35308491346007e-09,-9.81765153909108e-11)
(-2.72371106623003e-11,1.84304712824629e-09,-5.13480994525157e-11)
(0,0,0)
(0,0,0)
(0,0,0)
(0,0,0)
(0,0,0)
(0,0,0)
(5.64281948738017e-13,1.55161261912927e-11,-4.12661515419755e-10)
(2.36188820550846e-12,3.20680556305497e-11,-4.09858084994097e-10)
(5.41626893414433e-12,4.94093125082295e-11,-4.03749313477082e-10)
(9.75576482913075e-12,7.26952492023877e-11,-3.93241261636626e-10)
(1.46909115883014e-11,1.13426813996734e-10,-3.78514262797854e-10)
(1.37602945322152e-11,2.12165010470563e-10,-3.61083059163026e-10)
(-2.45742152988105e-11,5.28510325555471e-10,-3.70313491821282e-10)
(-3.41744663291681e-11,9.33329163555828e-10,-2.92633335055923e-10)
(-3.31183409156156e-11,1.32187280063541e-09,-2.03200642901236e-10)
(-3.32457050555137e-11,1.80100205384369e-09,-1.0464908289103e-10)
(0,0,0)
(0,0,0)
(0,0,0)
(0,0,0)
(0,0,0)
(0,0,0)
(-2.50325110691953e-13,1.16976660309688e-11,-6.02772390915703e-10)
(8.13642951047165e-13,2.35018675161857e-11,-6.00957205625136e-10)
(3.11524919869354e-12,3.37086847871071e-11,-5.97249298930398e-10)
(3.9014372743562e-12,4.66273983198167e-11,-5.93774266023623e-10)
(-2.09483643595492e-12,6.82513498389468e-11,-5.94897126489821e-10)
(-3.00022892187237e-11,1.2964559894802e-10,-6.03528112810536e-10)
(-2.16726104046789e-11,4.90965544517002e-10,-5.32360720790343e-10)
(-3.07059644735146e-11,8.72327174980808e-10,-5.09947470151769e-10)
(-3.43692617493215e-11,1.23661219095028e-09,-3.54089462666345e-10)
(-3.65026719442459e-11,1.70294564684289e-09,-1.81954700613114e-10)
(0,0,0)
(0,0,0)
(0,0,0)
(0,0,0)
(0,0,0)
(0,0,0)
(3.54283180214988e-13,8.75243472531237e-12,-8.85200402858044e-10)
(1.23554334273656e-12,1.69137964756564e-11,-8.83391552547069e-10)
(2.20291901622595e-12,2.44380424717e-11,-8.80534436182337e-10)
(1.09842581706287e-12,3.7486889660146e-11,-8.78817641507829e-10)
(-4.00631698809664e-12,6.92251326660946e-11,-8.80413604764264e-10)
(-1.7308503530105e-11,1.63977180293286e-10,-8.85719646415554e-10)
(-2.26197732295489e-11,4.45100269652533e-10,-8.66582559958363e-10)
(-3.01828143838756e-11,7.21623509893332e-10,-7.3888341264575e-10)
(-3.55280955159058e-11,1.06955639442141e-09,-5.38529679239401e-10)
(-3.84292881582249e-11,1.52355824501801e-09,-2.90076109461918e-10)
(0,0,0)
(0,0,0)
(0,0,0)
(0,0,0)
(0,0,0)
(0,0,0)
(2.80131282662785e-12,5.78302885420816e-12,-1.29400381156858e-09)
(4.67325778257678e-12,1.14848867815979e-11,-1.2919200064166e-09)
(4.34871397963442e-12,1.75182975805919e-11,-1.28824162086434e-09)
(8.37020222603362e-13,3.01775332578103e-11,-1.28414361061822e-09)
(-4.68558779111278e-12,6.26231292213956e-11,-1.2775532423632e-09)
(-1.33956805043796e-11,1.43070901562054e-10,-1.26032969008853e-09)
(-2.14729143820034e-11,3.13795621141839e-10,-1.20614338499909e-09)
(-2.99408021560879e-11,5.22286728038789e-10,-1.06033635917017e-09)
(-3.6480617850267e-11,8.22310946652629e-10,-8.21216543443165e-10)
(-4.01801558990924e-11,1.23334957817279e-09,-4.71692325091798e-10)
(0,0,0)
(0,0,0)
(0,0,0)
(0,0,0)
(0,0,0)
(0,0,0)
(4.12571265884869e-12,2.96659269988552e-12,-1.79862597927472e-09)
(6.82751869812451e-12,6.2197612505135e-12,-1.79624613087872e-09)
(5.75722371302835e-12,9.60365244965967e-12,-1.79117800426326e-09)
(9.63012900744424e-13,1.73600844347005e-11,-1.78438240013989e-09)
(-5.05403980922227e-12,3.69727600293158e-11,-1.7709311786519e-09)
(-1.34277586269896e-11,8.11849108384818e-11,-1.73913328027632e-09)
(-2.17548568328829e-11,1.64186461208803e-10,-1.66371476557354e-09)
(-2.98687561490842e-11,2.81794206771696e-10,-1.50350804369576e-09)
(-3.68677825675257e-11,4.71376133420285e-10,-1.22445568557854e-09)
(-4.17237365131926e-11,7.59378787512618e-10,-7.56146803783482e-10)
(0,0,0)
(0,0,0)
(0,0,0)
(0,0,0)
(0,0,0)
(0,0,0)
(0,0,0)
(0,0,0)
(0,0,0)
(0,0,0)
(0,0,0)
(0,0,0)
(0,0,0)
(0,0,0)
(0,0,0)
(0,0,0)
(0,0,0)
(0,0,0)
(0,0,0)
(0,0,0)
(0,0,0)
(0,0,0)
(0,0,0)
(0,0,0)
(0,0,0)
(0,0,0)
(0,0,0)
(0,0,0)
(0,0,0)
(0,0,0)
(0,0,0)
(0,0,0)
(0,0,0)
(0,0,0)
(0,0,0)
(0,0,0)
(0,0,0)
(0,0,0)
(0,0,0)
(0,0,0)
(0,0,0)
(0,0,0)
(0,0,0)
(0,0,0)
(0,0,0)
(0,0,0)
(0,0,0)
(0,0,0)
(0,0,0)
(0,0,0)
(0,0,0)
(0,0,0)
(0,0,0)
(0,0,0)
(0,0,0)
(0,0,0)
(0,0,0)
(0,0,0)
(0,0,0)
(0,0,0)
(0,0,0)
(0,0,0)
(0,0,0)
(0,0,0)
(0,0,0)
(0,0,0)
(0,0,0)
(0,0,0)
(0,0,0)
(0,0,0)
(0,0,0)
(0,0,0)
(0,0,0)
(0,0,0)
(0,0,0)
(0,0,0)
(0,0,0)
(0,0,0)
(0,0,0)
(0,0,0)
(0,0,0)
(0,0,0)
(0,0,0)
(0,0,0)
(0,0,0)
(0,0,0)
(0,0,0)
(0,0,0)
(0,0,0)
(0,0,0)
(0,0,0)
(0,0,0)
(0,0,0)
(0,0,0)
(0,0,0)
(0,0,0)
(0,0,0)
(0,0,0)
(0,0,0)
(0,0,0)
(0,0,0)
(0,0,0)
(5.25312800798574e-15,3.75608396536488e-11,-4.0802018920215e-11)
(-1.64235192034459e-14,8.1687999840324e-11,-3.96403354367527e-11)
(4.98411319587788e-13,1.35925145828575e-10,-3.58094167767702e-11)
(1.5109319410406e-12,2.07677623194348e-10,-2.84820806968957e-11)
(2.34061108125836e-12,3.06206670818501e-10,-1.74672478186171e-11)
(1.91887746566564e-12,4.41219689873446e-10,-2.7309085751853e-12)
(1.99236020182381e-13,6.24073853622177e-10,1.105115972789e-11)
(-1.93252972510005e-12,8.51524709014428e-10,1.38938202662461e-11)
(-4.27289354039366e-12,1.10884077278403e-09,9.72831980693468e-12)
(-5.24524947147035e-12,1.32742723839209e-09,4.45296988976007e-12)
(0,0,0)
(0,0,0)
(0,0,0)
(0,0,0)
(0,0,0)
(0,0,0)
(1.86632829954701e-13,3.58797690186e-11,-8.72667803288034e-11)
(1.07888398070597e-12,7.74839191422502e-11,-8.47826286665623e-11)
(2.99295006896082e-12,1.28544138542565e-10,-7.6969695405448e-11)
(4.82702995829076e-12,1.96912212419873e-10,-6.23669539986801e-11)
(4.83115744053837e-12,2.92648576735725e-10,-3.85645837970937e-11)
(3.12365924805906e-12,4.2973653779103e-10,-3.63380553645924e-12)
(-2.44959336891826e-13,6.24645893923022e-10,3.49838083618135e-11)
(-6.84207773410166e-12,8.59001149919539e-10,3.71335519130877e-11)
(-1.03654213855928e-11,1.11647016747799e-09,2.32330647726578e-11)
(-1.15276396920235e-11,1.33393217440318e-09,9.90224271612577e-12)
(0,0,0)
(0,0,0)
(0,0,0)
(0,0,0)
(0,0,0)
(0,0,0)
(1.14155840562498e-12,3.2827646147225e-11,-1.43293271696779e-10)
(2.72859333304794e-12,6.91462714820615e-11,-1.39184442898144e-10)
(5.28750448469441e-12,1.13834628346921e-10,-1.28413313610622e-10)
(8.03244714640715e-12,1.74015146263785e-10,-1.07983617476781e-10)
(8.42896414256657e-12,2.61068918629621e-10,-7.09143694155663e-11)
(8.41492655062548e-12,3.98537604339173e-10,-5.80214457499777e-12)
(1.01970890158952e-11,6.3398063688606e-10,9.33668785434607e-11)
(-1.34787861371702e-11,8.82789403264907e-10,7.32329963565536e-11)
(-1.88391267301595e-11,1.13563994721216e-09,3.4530995677411e-11)
(-1.88553467908168e-11,1.34773700050674e-09,1.14357053339981e-11)
(0,0,0)
(0,0,0)
(0,0,0)
(0,0,0)
(0,0,0)
(0,0,0)
(1.41172058640976e-12,2.83923752282018e-11,-2.16073308727145e-10)
(4.18205311700846e-12,5.78627591743292e-11,-2.10636349905763e-10)
(7.61113368113998e-12,9.30875705662919e-11,-1.98312097325258e-10)
(1.26750691462548e-11,1.3844812265161e-10,-1.74804565786876e-10)
(1.86900262923464e-11,2.02862839691875e-10,-1.29258849511049e-10)
(3.15014365642708e-11,3.19756639487746e-10,-3.16680088619247e-11)
(8.43608359468852e-11,6.89110627827688e-10,2.43178499684606e-10)
(-2.16614632091429e-11,9.48081073000019e-10,1.00309351889934e-10)
(-3.00359614053574e-11,1.17088922104841e-09,2.17227514662917e-11)
(-2.79994984204042e-11,1.3657550769293e-09,-9.08519690444206e-13)
(0,0,0)
(0,0,0)
(0,0,0)
(0,0,0)
(0,0,0)
(0,0,0)
(1.44484506936146e-12,2.259752464663e-11,-3.11577100437231e-10)
(4.79437444148038e-12,4.46936407286497e-11,-3.06351996202985e-10)
(9.76799014558354e-12,6.85738358256468e-11,-2.95199850615305e-10)
(1.91507204978256e-11,9.44903045779806e-11,-2.73232940507434e-10)
(3.82177156197676e-11,1.17887802838813e-10,-2.31881948095782e-10)
(9.36716416164098e-11,1.10716090495452e-10,-1.52500391901628e-10)
(-9.12399513171752e-11,1.30510923226412e-09,-2.52823300318496e-17)
(-5.9707095616595e-11,1.10641759064377e-09,-1.05946621964471e-10)
(-4.30587954496881e-11,1.21566839746379e-09,-7.57535913228721e-11)
(-3.65401357117572e-11,1.37391692804744e-09,-4.2810622018944e-11)
(0,0,0)
(0,0,0)
(0,0,0)
(0,0,0)
(0,0,0)
(0,0,0)
(1.57931168341384e-12,1.67024125418067e-11,-4.37169948429886e-10)
(4.81930480284157e-12,3.18722923647778e-11,-4.33047837422277e-10)
(1.06088448148313e-11,4.41929197799212e-11,-4.24474877041981e-10)
(2.10966168728791e-11,5.13065467940652e-11,-4.09096153355495e-10)
(4.24351721112759e-11,4.25510041022582e-11,-3.82177060380762e-10)
(1.05510138713032e-10,1.80354059911403e-14,-3.16256710101886e-10)
(-6.47095910257906e-11,1.31981594288914e-09,-3.21763263852012e-16)
(-6.26051699087416e-11,1.12801843538273e-09,-2.96107783734972e-10)
(-4.64092912406345e-11,1.19917357019398e-09,-2.01583279640696e-10)
(-3.98383809462059e-11,1.33806189542173e-09,-1.0289613923493e-10)
(0,0,0)
(0,0,0)
(0,0,0)
(0,0,0)
(0,0,0)
(0,0,0)
(8.79720904466648e-13,1.18790486811803e-11,-6.04078879361849e-10)
(3.69380729679108e-12,2.12381124759742e-11,-6.01407170850511e-10)
(8.91085860736321e-12,2.44083706809325e-11,-5.96865070316833e-10)
(1.41648064002241e-11,1.43807521838386e-11,-5.95015419001694e-10)
(5.56236705748297e-12,-4.71813569692419e-11,-6.1537848566566e-10)
(-1.35501262584119e-10,-3.50520593009151e-10,-7.62415195485252e-10)
(1.77941382152625e-12,1.55121381511098e-09,-1.67700764607781e-09)
(-3.58603068716815e-11,1.10367885456746e-09,-7.45629257091735e-10)
(-3.94482272737849e-11,1.11542919148929e-09,-3.97583563419554e-10)
(-3.90699707320413e-11,1.23916955398285e-09,-1.85598996734122e-10)
(0,0,0)
(0,0,0)
(0,0,0)
(0,0,0)
(0,0,0)
(0,0,0)
(1.51483874037237e-12,8.25735103022808e-12,-8.17850426059084e-10)
(3.80733667207155e-12,1.37902835770934e-11,-8.1584589915707e-10)
(7.40586923283493e-12,1.52874792676156e-11,-8.13533184183251e-10)
(1.00037454755988e-11,1.14396521170512e-11,-8.15865889444754e-10)
(7.90172810807276e-12,4.20042117386261e-13,-8.36448042890987e-10)
(-1.55393112561249e-11,2.68099243497526e-11,-9.11779677322812e-10)
(-1.90142720313682e-11,6.21614789314612e-10,-1.08416154654555e-09)
(-3.11997659358537e-11,7.72718014537451e-10,-7.94873184582435e-10)
(-3.67362175242476e-11,9.0630365956424e-10,-5.17598006964402e-10)
(-3.82967307752879e-11,1.05295784083878e-09,-2.60720557069742e-10)
(0,0,0)
(0,0,0)
(0,0,0)
(0,0,0)
(0,0,0)
(0,0,0)
(3.5339438286965e-12,5.16750611943305e-12,-1.06417754836918e-09)
(6.25999776144686e-12,8.69608824831553e-12,-1.06186601041731e-09)
(8.16534886459193e-12,1.12135023265244e-11,-1.05890797365415e-09)
(7.06410079063499e-12,1.61642239546425e-11,-1.05811186735638e-09)
(3.74122912622546e-12,3.42323399248503e-11,-1.06280733354357e-09)
(-5.69599487023859e-12,1.05023375593241e-10,-1.0734604357862e-09)
(-1.76707802780012e-11,3.39934088948808e-10,-1.06379253930849e-09)
(-2.85680966158729e-11,4.98394419261774e-10,-8.9015452114911e-10)
(-3.50700229693925e-11,6.47735569477417e-10,-6.44286627748635e-10)
(-3.79016903306639e-11,7.89168947330844e-10,-3.45840006426047e-10)
(0,0,0)
(0,0,0)
(0,0,0)
(0,0,0)
(0,0,0)
(0,0,0)
(4.71245696273479e-12,2.55224008974293e-12,-1.27739433311325e-09)
(7.97915333318175e-12,4.54849268252622e-12,-1.27483585946123e-09)
(8.56527203932008e-12,6.57200238693239e-12,-1.27071652674312e-09)
(4.87187584743219e-12,1.21291096658625e-11,-1.26663265750661e-09)
(1.20821844543861e-13,2.8296013390376e-11,-1.26013679158979e-09)
(-7.66136249126474e-12,7.08876951602845e-11,-1.24059783298903e-09)
(-1.77751175019873e-11,1.62313893403833e-10,-1.18007168390703e-09)
(-2.71269074944535e-11,2.50751621204546e-10,-1.02303286413348e-09)
(-3.3800530942459e-11,3.45796708180337e-10,-7.75639215770362e-10)
(-3.84917527839022e-11,4.39079161494012e-10,-4.34081611378486e-10)
(0,0,0)
(0,0,0)
(0,0,0)
(0,0,0)
(0,0,0)
(0,0,0)
(0,0,0)
(0,0,0)
(0,0,0)
(0,0,0)
(0,0,0)
(0,0,0)
(0,0,0)
(0,0,0)
(0,0,0)
(0,0,0)
(0,0,0)
(0,0,0)
(0,0,0)
(0,0,0)
(0,0,0)
(0,0,0)
(0,0,0)
(0,0,0)
(0,0,0)
(0,0,0)
(0,0,0)
(0,0,0)
(0,0,0)
(0,0,0)
(0,0,0)
(0,0,0)
(0,0,0)
(0,0,0)
(0,0,0)
(0,0,0)
(0,0,0)
(0,0,0)
(0,0,0)
(0,0,0)
(0,0,0)
(0,0,0)
(0,0,0)
(0,0,0)
(0,0,0)
(0,0,0)
(0,0,0)
(0,0,0)
(0,0,0)
(0,0,0)
(0,0,0)
(0,0,0)
(0,0,0)
(0,0,0)
(0,0,0)
(0,0,0)
(0,0,0)
(0,0,0)
(0,0,0)
(0,0,0)
(0,0,0)
(0,0,0)
(0,0,0)
(0,0,0)
(0,0,0)
(0,0,0)
(0,0,0)
(0,0,0)
(0,0,0)
(0,0,0)
(0,0,0)
(0,0,0)
(0,0,0)
(0,0,0)
(0,0,0)
(0,0,0)
(0,0,0)
(0,0,0)
(0,0,0)
(0,0,0)
(0,0,0)
(0,0,0)
(0,0,0)
(0,0,0)
(0,0,0)
(0,0,0)
(0,0,0)
(0,0,0)
(0,0,0)
(0,0,0)
(0,0,0)
(0,0,0)
(0,0,0)
(0,0,0)
(0,0,0)
(0,0,0)
(0,0,0)
(0,0,0)
(0,0,0)
(0,0,0)
(0,0,0)
(0,0,0)
(5.24640279620888e-13,4.02086020237806e-11,-4.40693025669807e-11)
(3.56738518896494e-13,8.6458603903467e-11,-4.23339116311436e-11)
(5.52082525738314e-13,1.42244316085548e-10,-3.77572990397227e-11)
(1.26150983723296e-12,2.13914669661739e-10,-2.95592097381911e-11)
(1.16236592059477e-12,3.07427984474533e-10,-1.63897568732675e-11)
(-3.80038754975761e-13,4.29489786011913e-10,2.30384990451051e-12)
(-3.21546481902282e-12,5.84728463862321e-10,2.15483282941232e-11)
(-5.24347017089986e-12,7.55371734822028e-10,2.46702126124405e-11)
(-6.62693831715456e-12,9.18187531790717e-10,1.71042238867861e-11)
(-7.29721559246401e-12,1.02927143063532e-09,8.00499064980475e-12)
(0,0,0)
(0,0,0)
(0,0,0)
(0,0,0)
(0,0,0)
(0,0,0)
(7.54604039133136e-13,3.82111585100571e-11,-9.37331164963404e-11)
(1.60359837974701e-12,8.15341185851527e-11,-9.04315471258643e-11)
(3.09971885786652e-12,1.33463106475839e-10,-8.12263889940436e-11)
(3.92172591276243e-12,2.00744577652464e-10,-6.43007613650648e-11)
(1.48003728604541e-12,2.90141200053165e-10,-3.55196352139286e-11)
(-4.29502119833395e-12,4.12838319743522e-10,9.83495302845206e-12)
(-1.17294458511856e-11,5.84995753332809e-10,6.95799280862195e-11)
(-1.67298439391331e-11,7.65470818065031e-10,6.87076497380539e-11)
(-1.62043790631878e-11,9.28520340524715e-10,4.12428696124308e-11)
(-1.54302230795188e-11,1.03774606745726e-09,1.75023223728947e-11)
(0,0,0)
(0,0,0)
(0,0,0)
(0,0,0)
(0,0,0)
(0,0,0)
(1.46800052598541e-12,3.43727287147049e-11,-1.51189660078035e-10)
(3.24097635329181e-12,7.18763469887783e-11,-1.46390588958417e-10)
(5.60486613148897e-12,1.16167764649141e-10,-1.33756303410203e-10)
(6.53022269732436e-12,1.72531794600497e-10,-1.09637766539517e-10)
(1.52281823970592e-12,2.47096540494756e-10,-6.52742274250584e-11)
(-1.19731317163357e-11,3.58037343052232e-10,1.90265049201604e-11)
(-2.47990197387818e-11,5.96122421814585e-10,2.12711901082442e-10)
(-4.00684551931699e-11,7.99015009940054e-10,1.66651773137008e-10)
(-3.0993110223028e-11,9.54908614083272e-10,7.50747414101209e-11)
(-2.54377178792706e-11,1.05659100067893e-09,2.57863369521746e-11)
(0,0,0)
(0,0,0)
(0,0,0)
(0,0,0)
(0,0,0)
(0,0,0)
(1.76961234657705e-12,2.94009464844954e-11,-2.22629993391092e-10)
(5.02691898221335e-12,5.94842222221731e-11,-2.16897533889534e-10)
(8.61733688340434e-12,9.25584495211233e-11,-2.02601554290537e-10)
(1.10871709440672e-11,1.29688129029989e-10,-1.75553106857959e-10)
(6.07422249625267e-12,1.66178712351753e-10,-1.28382936392585e-10)
(-3.43045229900287e-11,1.70949054611437e-10,-5.53198953987265e-11)
(-3.88768620694853e-10,6.79811707960301e-10,9.6355664512419e-17)
(-1.01411380429188e-10,9.04307368351831e-10,3.95446177316267e-10)
(-5.21838666640659e-11,1.00821151372539e-09,9.94506630669285e-11)
(-3.70698692290738e-11,1.08396044038366e-09,2.08483707852187e-11)
(0,0,0)
(0,0,0)
(0,0,0)
(0,0,0)
(0,0,0)
(0,0,0)
(2.11485293993699e-12,2.36876913577297e-11,-3.13541410508783e-10)
(6.46357721766393e-12,4.58309867636123e-11,-3.07564835730733e-10)
(1.21819960834565e-11,6.66988800899583e-11,-2.93623220137809e-10)
(2.09834858700535e-11,8.47766975612608e-11,-2.662280845214e-10)
(3.41729581621933e-11,9.47298760719538e-11,-2.16786857361494e-10)
(5.18693300866381e-11,8.89493723486982e-11,-1.30625427665738e-10)
(-6.52600568295485e-17,3.98332052082295e-16,-1.61652833159957e-17)
(-1.11500970997198e-10,1.21825563173556e-09,3.28617789892167e-17)
(-5.95069374838012e-11,1.08897544883857e-09,-2.45439019767206e-11)
(-4.34957251049483e-11,1.10459159932857e-09,-2.45804056941972e-11)
(0,0,0)
(0,0,0)
(0,0,0)
(0,0,0)
(0,0,0)
(0,0,0)
(2.28056453642817e-12,1.76071268885019e-11,-4.259367599619e-10)
(6.88052431134909e-12,3.2225229545621e-11,-4.20753530794233e-10)
(1.50146702273328e-11,4.06729006161354e-11,-4.08861301285778e-10)
(3.11033185083789e-11,3.98019555577586e-11,-3.85535723401747e-10)
(6.62471829038621e-11,2.10863323461696e-11,-3.40343142661706e-10)
(1.39792378789648e-10,-1.58598904892964e-11,-2.39145430693509e-10)
(-1.27592287529034e-18,3.01505844805675e-16,-2.95639386683008e-17)
(-1.32790093187845e-10,1.18246699296697e-09,-1.4691249274288e-16)
(-6.1352052941636e-11,1.07353940205801e-09,-1.32650225915449e-10)
(-4.38421787424044e-11,1.07362559271576e-09,-8.2811932686649e-11)
(0,0,0)
(0,0,0)
(0,0,0)
(0,0,0)
(0,0,0)
(0,0,0)
(1.82971004408911e-12,1.22467268305256e-11,-5.62944952928462e-10)
(6.59953566199612e-12,2.04702782256516e-11,-5.59108159546086e-10)
(1.61820987055622e-11,1.88417489882995e-11,-5.51113795650878e-10)
(3.74689731309583e-11,2.31562548918729e-13,-5.39056824848045e-10)
(1.04997677790386e-10,-5.86177565538763e-11,-5.18880847235357e-10)
(4.01760670649456e-10,-1.87600208446455e-10,-4.48783252360713e-10)
(5.06318293252478e-17,4.14908016816773e-16,-5.12449135067339e-16)
(-5.29451605138121e-11,1.24916532641324e-09,-7.89514069160092e-10)
(-4.2307262034122e-11,1.00422622252231e-09,-3.80123279530745e-10)
(-3.84572543221282e-11,9.81693870907757e-10,-1.69446280076792e-10)
(0,0,0)
(0,0,0)
(0,0,0)
(0,0,0)
(0,0,0)
(0,0,0)
(2.60015674910842e-12,7.74790265105991e-12,-7.17123539745558e-10)
(6.58881702708069e-12,1.1656664630254e-11,-7.14753977289329e-10)
(1.38125514354249e-11,7.091720929672e-12,-7.1109356751686e-10)
(2.5861327084279e-11,-1.53450787276964e-11,-7.10906777162892e-10)
(4.94210647323865e-11,-9.30254459366914e-11,-7.2982194963379e-10)
(7.86291067231736e-11,-3.78915185374708e-10,-8.25995971175722e-10)
(-2.66219336285774e-11,7.8951400357626e-10,-1.27884599301012e-09)
(-3.41513482783196e-11,7.84726980582807e-10,-7.9264538950896e-10)
(-3.50455773321627e-11,7.75836731473527e-10,-4.71046437304302e-10)
(-3.52283943370528e-11,8.03025654326233e-10,-2.25646205631072e-10)
(0,0,0)
(0,0,0)
(0,0,0)
(0,0,0)
(0,0,0)
(0,0,0)
(3.83767190657467e-12,4.65426791487986e-12,-8.67657054611936e-10)
(7.4495565639815e-12,6.66866236466733e-12,-8.65086757094073e-10)
(1.20107425065186e-11,5.25452044384471e-12,-8.61982194540641e-10)
(1.57946812665303e-11,-1.09566160246047e-13,-8.61466802534725e-10)
(2.03306579033639e-11,-7.61744756214409e-12,-8.70858380452446e-10)
(1.87717890850165e-11,1.62650553739395e-11,-9.00652494092732e-10)
(-1.36886028924293e-11,3.39227927467396e-10,-9.47839542265523e-10)
(-2.67931919590685e-11,4.57363975963769e-10,-7.54733563244445e-10)
(-3.15777829949029e-11,5.22393326453588e-10,-5.1712076968312e-10)
(-3.36519109198455e-11,5.70576471526329e-10,-2.65335957048601e-10)
(0,0,0)
(0,0,0)
(0,0,0)
(0,0,0)
(0,0,0)
(0,0,0)
(4.70622340045349e-12,2.10967099416045e-12,-9.72611321056808e-10)
(8.40831329760333e-12,3.09430334548479e-12,-9.69807483597459e-10)
(1.1053405189743e-11,3.63528192598747e-12,-9.66147972250691e-10)
(1.05051195964728e-11,5.56953882288593e-12,-9.62857781993382e-10)
(8.87787663415531e-12,1.39023927053094e-11,-9.60577401512231e-10)
(2.70018358702609e-12,4.73583171375189e-11,-9.52591070785621e-10)
(-1.25000438717064e-11,1.48047710957756e-10,-9.12956955726836e-10)
(-2.37689346530222e-11,2.16598985137521e-10,-7.68259444225634e-10)
(-2.95614271539992e-11,2.65089349553538e-10,-5.55064784903462e-10)
(-3.34942026683914e-11,2.99680535654112e-10,-2.94447252872585e-10)
(0,0,0)
(0,0,0)
(0,0,0)
(0,0,0)
(0,0,0)
(0,0,0)
(0,0,0)
(0,0,0)
(0,0,0)
(0,0,0)
(0,0,0)
(0,0,0)
(0,0,0)
(0,0,0)
(0,0,0)
(0,0,0)
(0,0,0)
(0,0,0)
(0,0,0)
(0,0,0)
(0,0,0)
(0,0,0)
(0,0,0)
(0,0,0)
(0,0,0)
(0,0,0)
(0,0,0)
(0,0,0)
(0,0,0)
(0,0,0)
(0,0,0)
(0,0,0)
(0,0,0)
(0,0,0)
(0,0,0)
(0,0,0)
(0,0,0)
(0,0,0)
(0,0,0)
(0,0,0)
(0,0,0)
(0,0,0)
(0,0,0)
(0,0,0)
(0,0,0)
(0,0,0)
(0,0,0)
(0,0,0)
(0,0,0)
(0,0,0)
(0,0,0)
(0,0,0)
(0,0,0)
(0,0,0)
(0,0,0)
(0,0,0)
(0,0,0)
(0,0,0)
(0,0,0)
(0,0,0)
(0,0,0)
(0,0,0)
(0,0,0)
(0,0,0)
(0,0,0)
(0,0,0)
(0,0,0)
(0,0,0)
(0,0,0)
(0,0,0)
(0,0,0)
(0,0,0)
(0,0,0)
(0,0,0)
(0,0,0)
(0,0,0)
(0,0,0)
(0,0,0)
(0,0,0)
(0,0,0)
(0,0,0)
(0,0,0)
(0,0,0)
(0,0,0)
(0,0,0)
(0,0,0)
(0,0,0)
(0,0,0)
(0,0,0)
(0,0,0)
(0,0,0)
(0,0,0)
(0,0,0)
(0,0,0)
(0,0,0)
(0,0,0)
(0,0,0)
(0,0,0)
(0,0,0)
(0,0,0)
(0,0,0)
(0,0,0)
(7.8669285751468e-13,4.01431642895748e-11,-4.69652028071722e-11)
(7.04611245793955e-13,8.7100726709824e-11,-4.51868974590478e-11)
(1.1352028339004e-12,1.42639334842845e-10,-4.00346685018138e-11)
(1.26214898159289e-12,2.10136363807102e-10,-3.11399722793033e-11)
(-2.44456435817589e-13,2.94376725446912e-10,-1.72061270855284e-11)
(-2.97305087621234e-12,3.99816824072852e-10,2.02401214217605e-12)
(-6.60463860776166e-12,5.28231633644995e-10,2.20898005331028e-11)
(-7.77656468833923e-12,6.58882650501015e-10,2.59670457010915e-11)
(-7.86051381416104e-12,7.70138247262152e-10,1.83508611767249e-11)
(-7.76686176466721e-12,8.36646109850191e-10,8.94086207174246e-12)
(0,0,0)
(0,0,0)
(0,0,0)
(0,0,0)
(0,0,0)
(0,0,0)
(1.29146446402195e-12,3.87905393647132e-11,-9.77260024205431e-11)
(2.05621184428501e-12,8.22947617224973e-11,-9.40427604849255e-11)
(3.46943305559561e-12,1.33509714263195e-10,-8.42196643642276e-11)
(3.35338281358716e-12,1.96076329393797e-10,-6.66207866258721e-11)
(-8.2989139793699e-13,2.75484714114999e-10,-3.71768557334773e-11)
(-9.23901956480559e-12,3.80289277366942e-10,8.62607112905601e-12)
(-2.1983835984844e-11,5.24086898290884e-10,6.91287756062452e-11)
(-2.28092556884784e-11,6.65569830989928e-10,7.14362614171436e-11)
(-1.88521053822674e-11,7.78545122265773e-10,4.38781009706805e-11)
(-1.67728339283126e-11,8.43880657610899e-10,1.91297081498859e-11)
(0,0,0)
(0,0,0)
(0,0,0)
(0,0,0)
(0,0,0)
(0,0,0)
(1.64071163658654e-12,3.55081019729167e-11,-1.54739353003955e-10)
(2.9988155716951e-12,7.29117892902108e-11,-1.49176679620958e-10)
(5.09564438881297e-12,1.16135351943923e-10,-1.35902903139856e-10)
(5.01034915337337e-12,1.67309729991292e-10,-1.10947240436385e-10)
(-1.86008596253397e-12,2.30214418934927e-10,-6.63549248479863e-11)
(-1.85702394378408e-11,3.19553348866101e-10,1.55007830852739e-11)
(-6.24281779390513e-11,5.19711402153621e-10,2.00488001830901e-10)
(-5.37837818781215e-11,6.89521178406183e-10,1.70490005827312e-10)
(-3.50076054072627e-11,8.00265185535787e-10,8.04083777874514e-11)
(-2.7020820632068e-11,8.5988979651684e-10,2.88212118763357e-11)
(0,0,0)
(0,0,0)
(0,0,0)
(0,0,0)
(0,0,0)
(0,0,0)
(1.7504079718247e-12,3.05856063650602e-11,-2.21190979142059e-10)
(4.3841748417687e-12,6.05643473036677e-11,-2.14751849325375e-10)
(7.42845888202253e-12,9.23925914826438e-11,-1.9981830765923e-10)
(8.8284319474128e-12,1.24496056328843e-10,-1.72080321472323e-10)
(4.46001778223245e-12,1.49508521796719e-10,-1.26121055023018e-10)
(-7.6248324816968e-12,1.33940738351508e-10,-6.0252368301736e-11)
(-1.04403392027205e-10,5.47095309270368e-10,5.45320810387299e-17)
(-1.19364129563585e-10,7.70214446513093e-10,3.90324741498363e-10)
(-5.43455094955054e-11,8.44334742148032e-10,1.08354636905032e-10)
(-3.68526573887061e-11,8.82863130331281e-10,2.61943566303713e-11)
(0,0,0)
(0,0,0)
(0,0,0)
(0,0,0)
(0,0,0)
(0,0,0)
(2.21884263110005e-12,2.48352296719625e-11,-3.02992637582011e-10)
(6.12771884274669e-12,4.70900476421813e-11,-2.96079085357491e-10)
(1.08128399408659e-11,6.70305560960262e-11,-2.80608987835616e-10)
(1.6517000713663e-11,8.23011000621588e-11,-2.51614373501326e-10)
(2.16550721921715e-11,8.8932686717561e-11,-2.01811612696346e-10)
(2.60531814241859e-11,8.30096713456769e-11,-1.19769362197618e-10)
(-1.74609118581397e-17,2.01093345392285e-16,-1.51673200602575e-17)
(-5.11683973901117e-11,1.03301710269005e-09,3.79384379864443e-17)
(-4.40343869857498e-11,9.11736548698892e-10,-1.21983982089451e-11)
(-3.71101241863282e-11,8.99273563663089e-10,-1.6685007631412e-11)
(0,0,0)
(0,0,0)
(0,0,0)
(0,0,0)
(0,0,0)
(0,0,0)
(2.45773542674864e-12,1.81903792372008e-11,-3.99193619113327e-10)
(6.74324612284264e-12,3.30674652868755e-11,-3.93323996339545e-10)
(1.35202439711798e-11,4.14057524377452e-11,-3.7950695589968e-10)
(2.54811307771011e-11,4.03851116827623e-11,-3.52709268847224e-10)
(4.47535598357237e-11,2.45739321303666e-11,-3.02058796218384e-10)
(7.23872956172468e-11,-2.93247896704087e-12,-1.99856155565623e-10)
(2.67045918819215e-18,1.18996307357693e-16,-2.51323568490565e-17)
(-6.6838347631153e-11,9.89273982612997e-10,-1.08645596321333e-16)
(-4.18771666347383e-11,8.92992436596376e-10,-1.0800719027632e-10)
(-3.47223896210567e-11,8.69178742616757e-10,-6.90416840993007e-11)
(0,0,0)
(0,0,0)
(0,0,0)
(0,0,0)
(0,0,0)
(0,0,0)
(2.49174084112627e-12,1.22735867527488e-11,-5.08397263329292e-10)
(7.41878536223942e-12,2.06541110306347e-11,-5.03899194536365e-10)
(1.58751559613634e-11,1.94156831315374e-11,-4.93402636744432e-10)
(3.2869636794874e-11,2.63549989366502e-12,-4.7518602587337e-10)
(6.93077722985651e-11,-4.56217267487649e-11,-4.39977335734565e-10)
(1.44292907666081e-10,-1.35737808888492e-10,-3.4536169045389e-10)
(1.86745429926868e-17,1.91480077239047e-16,-2.57246317182959e-16)
(2.10239568724928e-12,1.04690849339672e-09,-6.635119044803e-10)
(-2.45947704392373e-11,8.30922034140042e-10,-3.21933405734645e-10)
(-2.92353178173375e-11,7.86662534987949e-10,-1.43647512014771e-10)
(0,0,0)
(0,0,0)
(0,0,0)
(0,0,0)
(0,0,0)
(0,0,0)
(3.32422902907998e-12,7.51069001666279e-12,-6.20815850125983e-10)
(7.91640952018006e-12,1.12577615161901e-11,-6.17609557214282e-10)
(1.54629615672383e-11,6.12444714264852e-12,-6.11473524799595e-10)
(2.95409869877653e-11,-1.81783203830331e-11,-6.05978712117632e-10)
(6.01870878997537e-11,-9.95659987458941e-11,-6.129855327641e-10)
(1.36298887809029e-10,-3.77692921215001e-10,-6.82632180549952e-10)
(-6.25364610208949e-11,6.63511846935086e-10,-1.06301035591345e-09)
(-2.83872958639835e-11,6.64369789823155e-10,-6.64980498591188e-10)
(-2.7002403985404e-11,6.35054399106791e-10,-3.9309050161557e-10)
(-2.84254171683138e-11,6.31896947070826e-10,-1.8645501459192e-10)
(0,0,0)
(0,0,0)
(0,0,0)
(0,0,0)
(0,0,0)
(0,0,0)
(3.81197130945744e-12,4.3994873461818e-12,-7.18634906166691e-10)
(7.91935302977145e-12,6.23085559857954e-12,-7.15355708686006e-10)
(1.31145890183685e-11,4.005917596679e-12,-7.10272543022216e-10)
(1.95071542011284e-11,-3.89558282236785e-12,-7.06562516803624e-10)
(2.86049312761963e-11,-1.81708601523748e-11,-7.10425970565606e-10)
(3.48655754941863e-11,-7.10806414902522e-12,-7.32678838399927e-10)
(-1.56143654038379e-11,2.85770142235516e-10,-7.73802568094645e-10)
(-2.36409946941363e-11,3.83340117652489e-10,-6.11079270809004e-10)
(-2.60586187294004e-11,4.18818590543169e-10,-4.11857537606713e-10)
(-2.80919320961322e-11,4.37361866446369e-10,-2.07723688023589e-10)
(0,0,0)
(0,0,0)
(0,0,0)
(0,0,0)
(0,0,0)
(0,0,0)
(4.01205693526446e-12,1.84441687866901e-12,-7.77639816066472e-10)
(7.84310529631974e-12,2.75545119691899e-12,-7.75015045643913e-10)
(1.13984968584223e-11,2.95244518439697e-12,-7.70040176973498e-10)
(1.3794277938207e-11,3.37426738219244e-12,-7.64400262046062e-10)
(1.47939386128558e-11,7.63623281042965e-12,-7.5933800754656e-10)
(1.0424385665758e-11,3.41454920558856e-11,-7.51222581234414e-10)
(-9.14984441515203e-12,1.23929185686931e-10,-7.18273684670922e-10)
(-2.03646088376723e-11,1.78904754447645e-10,-5.96244793629387e-10)
(-2.50896096313342e-11,2.08124544632306e-10,-4.21386289867129e-10)
(-2.82609198868875e-11,2.2352213229547e-10,-2.18266433345495e-10)
(0,0,0)
(0,0,0)
(0,0,0)
(0,0,0)
(0,0,0)
(0,0,0)
(0,0,0)
(0,0,0)
(0,0,0)
(0,0,0)
(0,0,0)
(0,0,0)
(0,0,0)
(0,0,0)
(0,0,0)
(0,0,0)
(0,0,0)
(0,0,0)
(0,0,0)
(0,0,0)
(0,0,0)
(0,0,0)
(0,0,0)
(0,0,0)
(0,0,0)
(0,0,0)
(0,0,0)
(0,0,0)
(0,0,0)
(0,0,0)
(0,0,0)
(0,0,0)
(0,0,0)
(0,0,0)
(0,0,0)
(0,0,0)
(0,0,0)
(0,0,0)
(0,0,0)
(0,0,0)
(0,0,0)
(0,0,0)
(0,0,0)
(0,0,0)
(0,0,0)
(0,0,0)
(0,0,0)
(0,0,0)
(0,0,0)
(0,0,0)
(0,0,0)
(0,0,0)
(0,0,0)
(0,0,0)
(0,0,0)
(0,0,0)
(0,0,0)
(0,0,0)
(0,0,0)
(0,0,0)
(0,0,0)
(0,0,0)
(0,0,0)
(0,0,0)
(0,0,0)
(0,0,0)
(0,0,0)
(0,0,0)
(0,0,0)
(0,0,0)
(0,0,0)
(0,0,0)
(0,0,0)
(0,0,0)
(0,0,0)
(0,0,0)
(0,0,0)
(0,0,0)
(0,0,0)
(0,0,0)
(0,0,0)
(0,0,0)
(0,0,0)
(0,0,0)
(0,0,0)
(0,0,0)
(0,0,0)
(0,0,0)
(0,0,0)
(0,0,0)
(0,0,0)
(0,0,0)
(0,0,0)
(0,0,0)
(0,0,0)
(0,0,0)
(0,0,0)
(0,0,0)
(0,0,0)
(0,0,0)
(0,0,0)
(0,0,0)
(3.61012434335438e-13,4.08316908973089e-11,-4.85603659021663e-11)
(3.5834727585752e-13,8.78244657678448e-11,-4.69884499453666e-11)
(1.37012719103962e-12,1.41325656170023e-10,-4.20221182040877e-11)
(1.38833820110775e-12,2.04112366401502e-10,-3.32693474779076e-11)
(-5.82584331617333e-13,2.79727521826815e-10,-1.99103068078964e-11)
(-3.51129256122348e-12,3.70195548982831e-10,-3.04906438663155e-12)
(-6.33714842164915e-12,4.74969908001819e-10,1.35202304455102e-11)
(-6.84756065290456e-12,5.76428636282548e-10,1.78478286658753e-11)
(-6.85738971277621e-12,6.56831816675397e-10,1.32658013326418e-11)
(-6.0605474535876e-12,7.02055899401334e-10,6.56994385914792e-12)
(0,0,0)
(0,0,0)
(0,0,0)
(0,0,0)
(0,0,0)
(0,0,0)
(8.90659920219778e-13,3.96251369915442e-11,-9.9663338593877e-11)
(1.61608815583333e-12,8.30910877346901e-11,-9.61265772916563e-11)
(3.24491763655118e-12,1.32898764368717e-10,-8.69279992366609e-11)
(2.67605132368737e-12,1.91141796113944e-10,-7.0337603783382e-11)
(-1.36252308042086e-12,2.62344066798375e-10,-4.36169334462604e-11)
(-9.00579554118044e-12,3.51501909615449e-10,-5.02112412034542e-12)
(-1.99158256584775e-11,4.66524737514648e-10,4.22175029135908e-11)
(-1.92024426582753e-11,5.77425435656605e-10,4.82505411358791e-11)
(-1.58237758314029e-11,6.61091765690646e-10,3.08405329037984e-11)
(-1.36522646845184e-11,7.06613073189431e-10,1.35628602709178e-11)
(0,0,0)
(0,0,0)
(0,0,0)
(0,0,0)
(0,0,0)
(0,0,0)
(1.00053386145349e-12,3.66627832882165e-11,-1.55525765001695e-10)
(2.0724810771236e-12,7.4439918468047e-11,-1.50080155253776e-10)
(3.8827421466315e-12,1.17185881096501e-10,-1.37683808332324e-10)
(3.23170722738826e-12,1.65220913062149e-10,-1.14548442314103e-10)
(-3.00989675752637e-12,2.22115066266531e-10,-7.55021565960864e-11)
(-1.79448476689107e-11,2.96998390777213e-10,-1.03734581553811e-11)
(-5.98140890522209e-11,4.43491684744294e-10,1.20463904054551e-10)
(-4.43954219451538e-11,5.82402110047566e-10,1.1106730620713e-10)
(-2.74899961083398e-11,6.7111558313702e-10,5.3826285782254e-11)
(-2.11729425702037e-11,7.15077689355752e-10,1.92617353828989e-11)
(0,0,0)
(0,0,0)
(0,0,0)
(0,0,0)
(0,0,0)
(0,0,0)
(1.06165484823892e-12,3.17033005244279e-11,-2.17207258358937e-10)
(2.92493283713343e-12,6.26124604052578e-11,-2.10873347418869e-10)
(5.05250808167421e-12,9.52017384444417e-11,-1.96719997900851e-10)
(5.06412176484177e-12,1.27168565623139e-10,-1.70924685687385e-10)
(-8.32833859913056e-13,1.53507389937808e-10,-1.3017143955393e-10)
(-1.69461883096943e-11,1.47085002176511e-10,-7.77671038405454e-11)
(5.23670291835341e-11,3.81412375621621e-10,-6.25013649517047e-11)
(-1.00196681147228e-10,6.02098731310748e-10,2.41927939054033e-10)
(-3.95870357716504e-11,6.88980566810862e-10,6.54015530099799e-11)
(-2.70687340901585e-11,7.24477719791134e-10,1.46732268336401e-11)
(0,0,0)
(0,0,0)
(0,0,0)
(0,0,0)
(0,0,0)
(0,0,0)
(1.95014084130569e-12,2.55955222799e-11,-2.90346473681262e-10)
(4.68020367620505e-12,4.91577292232513e-11,-2.83497795905828e-10)
(7.44302926487309e-12,7.11906133100466e-11,-2.68372164744207e-10)
(8.63022828806922e-12,8.90446398242537e-11,-2.4125123920478e-10)
(3.97157628065002e-12,1.00071354743545e-10,-1.97101589526668e-10)
(-7.77401529336504e-12,1.04420425059095e-10,-1.26471284084058e-10)
(1.15303681297502e-17,2.03966519772136e-16,-5.56352200012396e-17)
(4.77315883433073e-12,6.71706606951656e-10,-5.24059795847491e-11)
(-2.08036654607844e-11,7.09772223514874e-10,-3.06395942499871e-11)
(-2.37003107712553e-11,7.24491376141624e-10,-2.02653539748649e-11)
(0,0,0)
(0,0,0)
(0,0,0)
(0,0,0)
(0,0,0)
(0,0,0)
(2.50490513743313e-12,1.88377650265802e-11,-3.71924791456963e-10)
(5.33955993920905e-12,3.53070332876164e-11,-3.65803722272018e-10)
(8.71262622489755e-12,4.74499047679898e-11,-3.51745242227735e-10)
(1.25802699374013e-11,5.2594999115285e-11,-3.26175853299023e-10)
(1.274657806208e-11,4.63132917358198e-11,-2.81083645083206e-10)
(5.33649510540642e-12,2.92327900761564e-11,-1.9400234307993e-10)
(1.36999287791143e-17,1.36880396737594e-16,-7.42465545586616e-17)
(-1.64657767841509e-11,6.39813387848471e-10,-9.76510087051233e-11)
(-1.87722703554099e-11,6.83572484894957e-10,-1.10069195325538e-10)
(-2.12478660916343e-11,6.9135840765811e-10,-6.21506058807259e-11)
(0,0,0)
(0,0,0)
(0,0,0)
(0,0,0)
(0,0,0)
(0,0,0)
(2.75656878427999e-12,1.27149060976928e-11,-4.59181633536188e-10)
(6.31857708474265e-12,2.27220712192757e-11,-4.53952236439908e-10)
(1.0949781079202e-11,2.67986587141977e-11,-4.42489851431312e-10)
(1.84747669327389e-11,2.05942387003561e-11,-4.23161074112414e-10)
(2.86363990150309e-11,-7.36541839250361e-12,-3.87903193792395e-10)
(4.08865867850243e-11,-6.42234032235359e-11,-3.02634142806133e-10)
(1.04535122481504e-17,1.71079080595332e-16,-2.34884041474141e-16)
(4.30626005151342e-11,6.17142067302764e-10,-4.22164325516054e-10)
(-7.01302912589054e-12,6.20649648783338e-10,-2.44141740256321e-10)
(-1.8117241915062e-11,6.17976837031652e-10,-1.15060463555429e-10)
(0,0,0)
(0,0,0)
(0,0,0)
(0,0,0)
(0,0,0)
(0,0,0)
(3.22913878785604e-12,8.02945274308637e-12,-5.43023401794467e-10)
(6.80728302308719e-12,1.34026242821695e-11,-5.38684123248855e-10)
(1.20866784312672e-11,1.36080357881565e-11,-5.30696779891122e-10)
(2.22650700735514e-11,1.62302602844073e-12,-5.20220752559941e-10)
(4.84385970920889e-11,-4.53019694700298e-11,-5.11520036434253e-10)
(1.46092206106547e-10,-2.03502248294816e-10,-5.19022067809561e-10)
(-8.28246136435496e-11,4.12246194947131e-10,-5.98328266269307e-10)
(-1.92476206689378e-11,4.72191362778543e-10,-4.67348227360252e-10)
(-1.74020824454467e-11,4.89075780031422e-10,-3.01383334911667e-10)
(-2.03453511358506e-11,4.95210172432005e-10,-1.47033056006752e-10)
(0,0,0)
(0,0,0)
(0,0,0)
(0,0,0)
(0,0,0)
(0,0,0)
(3.08784429627809e-12,4.86455349835454e-12,-6.10031840109253e-10)
(6.31159176760009e-12,8.11889383174494e-12,-6.06350869678605e-10)
(1.04580352120897e-11,9.01137110173617e-12,-5.99765572605223e-10)
(1.61007577585331e-11,6.58937179040019e-12,-5.91836609200178e-10)
(2.50507061477312e-11,1.80664431408928e-12,-5.84938825538817e-10)
(3.47357489839834e-11,1.82247958521978e-11,-5.80965850265093e-10)
(-1.64967061409655e-11,2.13950154681005e-10,-5.70966500649134e-10)
(-1.84273646915866e-11,2.95601075072367e-10,-4.65752847935098e-10)
(-1.94984224016941e-11,3.28358830849715e-10,-3.20068394612115e-10)
(-2.19758859687627e-11,3.41399332847119e-10,-1.62030594557766e-10)
(0,0,0)
(0,0,0)
(0,0,0)
(0,0,0)
(0,0,0)
(0,0,0)
(3.2317033913739e-12,2.29592949202149e-12,-6.47746472869906e-10)
(5.62368782282469e-12,4.1643062746155e-12,-6.45036190582636e-10)
(8.71102711538264e-12,5.37805080163228e-12,-6.38618302907742e-10)
(1.21062908208974e-11,6.94279215943215e-12,-6.29770855786746e-10)
(1.43147451111397e-11,1.22830529743119e-11,-6.18493107664795e-10)
(1.16209811581512e-11,3.44785335304584e-11,-6.00454255780856e-10)
(-7.24954976975539e-12,9.94798150149722e-11,-5.59923606872635e-10)
(-1.63183581522832e-11,1.42282146891349e-10,-4.62847861820135e-10)
(-2.00849215206779e-11,1.64107656755622e-10,-3.25975195940922e-10)
(-2.30052209369108e-11,1.73397580939611e-10,-1.67630388696463e-10)
(0,0,0)
(0,0,0)
(0,0,0)
(0,0,0)
(0,0,0)
(0,0,0)
(0,0,0)
(0,0,0)
(0,0,0)
(0,0,0)
(0,0,0)
(0,0,0)
(0,0,0)
(0,0,0)
(0,0,0)
(0,0,0)
(0,0,0)
(0,0,0)
(0,0,0)
(0,0,0)
(0,0,0)
(0,0,0)
(0,0,0)
(0,0,0)
(0,0,0)
(0,0,0)
(0,0,0)
(0,0,0)
(0,0,0)
(0,0,0)
(0,0,0)
(0,0,0)
(0,0,0)
(0,0,0)
(0,0,0)
(0,0,0)
(0,0,0)
(0,0,0)
(0,0,0)
(0,0,0)
(0,0,0)
(0,0,0)
(0,0,0)
(0,0,0)
(0,0,0)
(0,0,0)
(0,0,0)
(0,0,0)
(0,0,0)
(0,0,0)
(0,0,0)
(0,0,0)
(0,0,0)
(0,0,0)
(0,0,0)
(0,0,0)
(0,0,0)
(0,0,0)
(0,0,0)
(0,0,0)
(0,0,0)
(0,0,0)
(0,0,0)
(0,0,0)
(0,0,0)
(0,0,0)
(0,0,0)
(0,0,0)
(0,0,0)
(0,0,0)
(0,0,0)
(0,0,0)
(0,0,0)
(0,0,0)
(0,0,0)
(0,0,0)
(0,0,0)
(0,0,0)
(0,0,0)
(0,0,0)
(0,0,0)
(0,0,0)
(0,0,0)
(0,0,0)
(0,0,0)
(0,0,0)
(0,0,0)
(0,0,0)
(0,0,0)
(0,0,0)
(0,0,0)
(0,0,0)
(0,0,0)
(0,0,0)
(0,0,0)
(0,0,0)
(0,0,0)
(0,0,0)
(0,0,0)
(0,0,0)
(0,0,0)
(0,0,0)
(-4.34961662563041e-15,4.32997486700457e-11,-5.09810203318008e-11)
(1.25393567691214e-13,8.92272475631525e-11,-4.9058558823012e-11)
(1.0442482661911e-12,1.40177292650044e-10,-4.42064087427221e-11)
(9.99867818643621e-13,1.99376762680328e-10,-3.635822356167e-11)
(-6.03717244523683e-14,2.68531782962962e-10,-2.50503025959992e-11)
(-1.38694802596828e-12,3.480595395196e-10,-1.17576526157793e-11)
(-2.21957615487386e-12,4.34735222935354e-10,8.00658316194153e-13)
(-3.26233269366582e-12,5.15883114757495e-10,6.18262990408198e-12)
(-4.42148125458428e-12,5.77985450669842e-10,5.87536993769667e-12)
(-4.04777738253454e-12,6.1227126966949e-10,3.09163712117269e-12)
(0,0,0)
(0,0,0)
(0,0,0)
(0,0,0)
(0,0,0)
(0,0,0)
(3.16252321335122e-13,4.14681662291414e-11,-1.02663489309407e-10)
(1.06867936746193e-12,8.45769060421765e-11,-9.91136849034113e-11)
(2.36740545549518e-12,1.32960643017447e-10,-9.04253754975139e-11)
(1.87626403836599e-12,1.88742189695586e-10,-7.55366802798074e-11)
(2.70668125509562e-13,2.5481868665189e-10,-5.32068339838389e-11)
(-1.74090373689369e-12,3.33804700314886e-10,-2.41237559157059e-11)
(-2.91581111042145e-12,4.26929069389533e-10,6.40270853969543e-12)
(-6.76910881711418e-12,5.13693300541091e-10,1.5791079674939e-11)
(-8.56992064483046e-12,5.78067434313228e-10,1.19170834394408e-11)
(-8.55402057993041e-12,6.12723287856786e-10,5.45220644416707e-12)
(0,0,0)
(0,0,0)
(0,0,0)
(0,0,0)
(0,0,0)
(0,0,0)
(5.14406877316381e-13,3.81866353086371e-11,-1.56677258518421e-10)
(1.50359221847573e-12,7.65995625414648e-11,-1.51331285935302e-10)
(2.73151878047696e-12,1.19315108705945e-10,-1.39762251141491e-10)
(2.23776894841672e-12,1.67376149845088e-10,-1.19430448035242e-10)
(4.69081130461642e-13,2.25022461249018e-10,-8.77230705625596e-11)
(1.13117872183591e-12,3.00231048513028e-10,-4.08338257891765e-11)
(1.16618179178869e-11,4.13222195052625e-10,2.35302831389091e-11)
(-6.85102278347471e-12,5.12041399663906e-10,3.0508328363803e-11)
(-1.07904293828776e-11,5.79237433932398e-10,1.58901252314352e-11)
(-1.13112376227364e-11,6.1311535680061e-10,5.29878348818815e-12)
(0,0,0)
(0,0,0)
(0,0,0)
(0,0,0)
(0,0,0)
(0,0,0)
(8.35522152684775e-13,3.30628730989419e-11,-2.1393408550335e-10)
(2.22631450110194e-12,6.55435852785776e-11,-2.07482287636741e-10)
(3.26832100261975e-12,9.99508731380399e-11,-1.94040513352452e-10)
(2.43480143023489e-12,1.36413678556757e-10,-1.71288720993959e-10)
(1.98865620994947e-13,1.7720064537018e-10,-1.3616814084911e-10)
(1.04526499188806e-11,2.33404963838521e-10,-7.94283333017696e-11)
(1.29349896832979e-10,4.09303391103619e-10,5.72510236098036e-11)
(6.72182925590049e-12,5.18350905868684e-10,3.35803595730952e-11)
(-9.65036629938802e-12,5.81997851278102e-10,4.21906638522371e-12)
(-1.24091636070123e-11,6.11650521688977e-10,-3.41275324357424e-12)
(0,0,0)
(0,0,0)
(0,0,0)
(0,0,0)
(0,0,0)
(0,0,0)
(1.85922031918463e-12,2.68769876363016e-11,-2.79257267885411e-10)
(3.4052684502089e-12,5.27112827233089e-11,-2.7250315800386e-10)
(4.06281226750513e-12,7.79250881148528e-11,-2.58247425106345e-10)
(9.30219318916772e-13,1.01607439363463e-10,-2.3548086560851e-10)
(-1.29006661542254e-11,1.19112712002436e-10,-2.04376135653545e-10)
(-5.90576087592568e-11,1.0036709385418e-10,-1.70952293662676e-10)
(5.240600256602e-11,5.32195283647021e-10,-1.81634362341155e-10)
(1.48999926027128e-11,5.45238365783285e-10,-8.98444649544831e-11)
(-4.97816711604218e-12,5.80553247354151e-10,-5.56087209387262e-11)
(-1.08326962625853e-11,6.00085341148066e-10,-2.90860941952717e-11)
(0,0,0)
(0,0,0)
(0,0,0)
(0,0,0)
(0,0,0)
(0,0,0)
(2.50669488132689e-12,2.04344748332962e-11,-3.5016030680444e-10)
(3.86604196330088e-12,3.97118149546354e-11,-3.43894247946107e-10)
(3.79448334998092e-12,5.68520800244977e-11,-3.30374600188746e-10)
(-5.11177863491771e-13,7.1155441241621e-11,-3.09584096648426e-10)
(-2.06560138128568e-11,7.78788194664956e-11,-2.82461195383435e-10)
(-9.5209580428256e-11,6.21204147738518e-11,-2.5530066318387e-10)
(9.76509139598139e-11,4.75425360825564e-10,-2.62785663560457e-10)
(1.86237303819555e-11,5.16737061831919e-10,-1.76791159890453e-10)
(-3.76802368852473e-12,5.49102573945215e-10,-1.19080374732249e-10)
(-1.00169013459003e-11,5.63981662986402e-10,-6.06203641331823e-11)
(0,0,0)
(0,0,0)
(0,0,0)
(0,0,0)
(0,0,0)
(0,0,0)
(2.2126250426381e-12,1.45342194567688e-11,-4.22505924566024e-10)
(4.17563901316263e-12,2.76521474462137e-11,-4.1672379645661e-10)
(4.81162668642062e-12,3.83415863718682e-11,-4.05484238310408e-10)
(2.18809928460164e-12,4.5418397266545e-11,-3.89506013580282e-10)
(-1.86961008936757e-11,4.06744347742509e-11,-3.71257858235922e-10)
(-1.22468476065805e-10,-3.91048960741684e-12,-3.705991698903e-10)
(9.91807721753582e-12,4.69810827678173e-10,-5.19342475414908e-10)
(9.99071977959489e-12,4.69276736489893e-10,-3.19508200074803e-10)
(-4.52043707493942e-12,4.87480100283643e-10,-1.96419416211631e-10)
(-1.0411040870892e-11,4.97468043203622e-10,-9.53009563309958e-11)
(0,0,0)
(0,0,0)
(0,0,0)
(0,0,0)
(0,0,0)
(0,0,0)
(2.05475948700451e-12,9.66135375942699e-12,-4.87915442490376e-10)
(4.10367011569199e-12,1.82990248016915e-11,-4.83015504772376e-10)
(6.20731578656309e-12,2.53970777026389e-11,-4.7429881415766e-10)
(8.59800818589049e-12,3.00354021323206e-11,-4.62171819479058e-10)
(8.83201468327575e-12,3.13070825769818e-11,-4.49182779237687e-10)
(3.67136041922569e-12,4.96145127415849e-11,-4.4301421037733e-10)
(-1.55086122864431e-11,2.80859143747687e-10,-4.53344820742915e-10)
(-8.62222541133636e-12,3.54571471035268e-10,-3.54317450226943e-10)
(-1.10354121686178e-11,3.85103810635781e-10,-2.36438046244844e-10)
(-1.35675675576879e-11,3.97613661484901e-10,-1.17744420649664e-10)
(0,0,0)
(0,0,0)
(0,0,0)
(0,0,0)
(0,0,0)
(0,0,0)
(1.97549787201886e-12,6.10777711176502e-12,-5.38175214411848e-10)
(3.680882251322e-12,1.18461873932306e-11,-5.34064993536083e-10)
(6.16239210716322e-12,1.67722160722831e-11,-5.26431632014757e-10)
(8.84955372813653e-12,2.26078757336232e-11,-5.15390070605836e-10)
(1.06013222137727e-11,3.38456645854536e-11,-5.01163370287079e-10)
(8.48266168977833e-12,6.83041216959933e-11,-4.82359870033473e-10)
(-7.24001918893395e-12,1.71871664575785e-10,-4.50225972977209e-10)
(-1.07928898335525e-11,2.32504823884404e-10,-3.66312187041276e-10)
(-1.32850483619529e-11,2.62144495548782e-10,-2.54264658255058e-10)
(-1.6004728619009e-11,2.74776012276623e-10,-1.2959827453423e-10)
(0,0,0)
(0,0,0)
(0,0,0)
(0,0,0)
(0,0,0)
(0,0,0)
(2.81735059612575e-12,2.91097107599922e-12,-5.65433274424603e-10)
(3.37010642254594e-12,6.03981381549543e-12,-5.61621050607688e-10)
(5.24163079601829e-12,8.56978740040967e-12,-5.53649946575499e-10)
(7.77133485838006e-12,1.28202148134346e-11,-5.42317286312314e-10)
(8.55894620151102e-12,2.1870554032583e-11,-5.25727345514443e-10)
(5.56886578038453e-12,4.31916193241695e-11,-4.99211479913054e-10)
(-4.8454798072842e-12,8.43206089328553e-11,-4.52583802255189e-10)
(-1.09088771401501e-11,1.15138914926882e-10,-3.70376453748554e-10)
(-1.43220720095275e-11,1.32158466387045e-10,-2.60369408345188e-10)
(-1.72380286937804e-11,1.39763643706972e-10,-1.34004567382031e-10)
(0,0,0)
(0,0,0)
(0,0,0)
(0,0,0)
(0,0,0)
(0,0,0)
(0,0,0)
(0,0,0)
(0,0,0)
(0,0,0)
(0,0,0)
(0,0,0)
(0,0,0)
(0,0,0)
(0,0,0)
(0,0,0)
(0,0,0)
(0,0,0)
(0,0,0)
(0,0,0)
(0,0,0)
(0,0,0)
(0,0,0)
(0,0,0)
(0,0,0)
(0,0,0)
(0,0,0)
(0,0,0)
(0,0,0)
(0,0,0)
(0,0,0)
(0,0,0)
(0,0,0)
(0,0,0)
(0,0,0)
(0,0,0)
(0,0,0)
(0,0,0)
(0,0,0)
(0,0,0)
(0,0,0)
(0,0,0)
(0,0,0)
(0,0,0)
(0,0,0)
(0,0,0)
(0,0,0)
(0,0,0)
(0,0,0)
(0,0,0)
(0,0,0)
(0,0,0)
(0,0,0)
(0,0,0)
(0,0,0)
(0,0,0)
(0,0,0)
(0,0,0)
(0,0,0)
(0,0,0)
(0,0,0)
(0,0,0)
(0,0,0)
(0,0,0)
(0,0,0)
(0,0,0)
(0,0,0)
(0,0,0)
(0,0,0)
(0,0,0)
(0,0,0)
(0,0,0)
(0,0,0)
(0,0,0)
(0,0,0)
(0,0,0)
(0,0,0)
(0,0,0)
(0,0,0)
(0,0,0)
(0,0,0)
(0,0,0)
(0,0,0)
(0,0,0)
(0,0,0)
(0,0,0)
(0,0,0)
(0,0,0)
(0,0,0)
(0,0,0)
(0,0,0)
(0,0,0)
(0,0,0)
(0,0,0)
(0,0,0)
(0,0,0)
(0,0,0)
(0,0,0)
(0,0,0)
(0,0,0)
(0,0,0)
(0,0,0)
(-9.52286845014202e-14,4.42496009568195e-11,-5.36302791075404e-11)
(-7.6414991618244e-14,8.92903894050297e-11,-5.15606189082755e-11)
(4.12712717722846e-13,1.38820376379675e-10,-4.71533954892685e-11)
(3.26519837743469e-13,1.9568384423847e-10,-4.05170143627239e-11)
(3.60074606369356e-13,2.59866247891488e-10,-3.13186062615008e-11)
(3.09580246833029e-13,3.31393967015459e-10,-2.04027493835229e-11)
(2.0460580301394e-13,4.05186888579948e-10,-9.90309009378639e-12)
(-7.65258510922166e-13,4.73275618416407e-10,-3.65830731046455e-12)
(-1.71973208145243e-12,5.25022430256717e-10,-1.09205052464147e-12)
(-1.40815844862419e-12,5.53841650561141e-10,-5.82311937688806e-13)
(0,0,0)
(0,0,0)
(0,0,0)
(0,0,0)
(0,0,0)
(0,0,0)
(4.7978835835537e-14,4.2121250161389e-11,-1.04865981912781e-10)
(3.57713462262936e-13,8.49636141377893e-11,-1.0138549301626e-10)
(1.12424454931918e-12,1.32510638555666e-10,-9.37091676235076e-11)
(9.12457592892876e-13,1.86807671048098e-10,-8.11373246540151e-11)
(9.83815460247067e-13,2.49105637421018e-10,-6.296645261162e-11)
(1.30628360954039e-12,3.20748693059636e-10,-4.09974132743819e-11)
(1.40269209130602e-12,3.98580000809044e-10,-1.95975511796915e-11)
(-1.2432117044436e-12,4.6993614661114e-10,-8.08797892179545e-12)
(-3.27504326873242e-12,5.23080678492296e-10,-3.77745804529102e-12)
(-3.49388307953564e-12,5.51885049545353e-10,-2.09053143973473e-12)
(0,0,0)
(0,0,0)
(0,0,0)
(0,0,0)
(0,0,0)
(0,0,0)
(2.9219650388722e-13,3.86018706532067e-11,-1.57233835746933e-10)
(9.90534687547869e-13,7.75645483457401e-11,-1.52123235602499e-10)
(1.76395124214231e-12,1.20645470196609e-10,-1.41650941297165e-10)
(1.49286276405166e-12,1.69247442136769e-10,-1.24358867386947e-10)
(1.40165223592481e-12,2.2737654709091e-10,-9.95852654408712e-11)
(3.59315446830227e-12,2.99288307429779e-10,-6.77275062322783e-11)
(8.60257664191682e-12,3.86994327368058e-10,-3.32596611478526e-11)
(1.45767414413845e-12,4.64197129822197e-10,-1.72389962807259e-11)
(-2.95950498535656e-12,5.18932607365568e-10,-1.10120091246751e-11)
(-4.54761902293165e-12,5.47044490411427e-10,-5.97866002269208e-12)
(0,0,0)
(0,0,0)
(0,0,0)
(0,0,0)
(0,0,0)
(0,0,0)
(5.69609748681666e-13,3.36414982927933e-11,-2.11502543319538e-10)
(1.61684277210044e-12,6.75181966871934e-11,-2.0525150844541e-10)
(2.54231366734683e-12,1.04128738140346e-10,-1.9309423972859e-10)
(2.12046047867271e-12,1.45232446566813e-10,-1.73630419830149e-10)
(1.54699144138503e-12,1.96048833760062e-10,-1.4612413009806e-10)
(6.81116299163217e-12,2.66313433691528e-10,-1.0932296445075e-10)
(3.01286683262653e-11,3.75966995396436e-10,-6.14223918015344e-11)
(9.19566252916574e-12,4.57975124291526e-10,-4.12026686149802e-11)
(-5.73942746692474e-13,5.11556739110328e-10,-2.95605624795621e-11)
(-4.25673630964204e-12,5.37870677689939e-10,-1.5966270856418e-11)
(0,0,0)
(0,0,0)
(0,0,0)
(0,0,0)
(0,0,0)
(0,0,0)
(1.54762324060171e-12,2.76681492375695e-11,-2.71308308122076e-10)
(2.14900332137768e-12,5.58431473917636e-11,-2.64620456680552e-10)
(2.36926086003788e-12,8.54127768704662e-11,-2.51861900057669e-10)
(2.77487485764204e-13,1.18330740402025e-10,-2.3237451856057e-10)
(-5.09061560912207e-12,1.59511988503697e-10,-2.06923143832287e-10)
(-1.01288610004246e-11,2.22276465107672e-10,-1.78012308693728e-10)
(1.73860280007641e-11,3.78108768339783e-10,-1.50472444755722e-10)
(9.16555253834858e-12,4.51174780939299e-10,-1.05755729331452e-10)
(-5.01204504179743e-14,4.96594305185627e-10,-6.9646105987788e-11)
(-3.81511229621802e-12,5.18770788131064e-10,-3.52587902644124e-11)
(0,0,0)
(0,0,0)
(0,0,0)
(0,0,0)
(0,0,0)
(0,0,0)
(2.14089139954273e-12,2.16032728169088e-11,-3.35134015384192e-10)
(2.40606171437107e-12,4.3907232327037e-11,-3.28655344170135e-10)
(1.51447346227963e-12,6.69721558197254e-11,-3.16235148524916e-10)
(-1.89703515340466e-12,9.29155946712602e-11,-2.9809154961609e-10)
(-1.06121613201617e-11,1.26867402488322e-10,-2.75749326808458e-10)
(-2.16936756703732e-11,1.86052484008953e-10,-2.52419352202105e-10)
(1.7270943437156e-11,3.4563785472632e-10,-2.30149817130898e-10)
(8.37327056565922e-12,4.20213054484725e-10,-1.74240089493782e-10)
(-6.05560626012676e-13,4.6144916088104e-10,-1.16855772788617e-10)
(-4.12364569626789e-12,4.8081606682299e-10,-5.90269988835951e-11)
(0,0,0)
(0,0,0)
(0,0,0)
(0,0,0)
(0,0,0)
(0,0,0)
(1.3033626305401e-12,1.61007104596327e-11,-3.97669516141558e-10)
(2.28920351148784e-12,3.26711445994614e-11,-3.91625376293947e-10)
(1.77791062549871e-12,4.98189933852283e-11,-3.8061261159271e-10)
(-6.77060925530717e-13,6.97945473624997e-11,-3.65296386666078e-10)
(-9.98743704200395e-12,9.68603823275057e-11,-3.47037208815688e-10)
(-2.72501728901626e-11,1.47336222387874e-10,-3.31744632769788e-10)
(-9.64514191998712e-13,3.03627763489597e-10,-3.27360402807887e-10)
(1.60720137115402e-12,3.6797472901808e-10,-2.48663590726044e-10)
(-3.26260730769218e-12,4.02780437195655e-10,-1.65027698705651e-10)
(-5.85761548318067e-12,4.19285178860188e-10,-8.25859005387844e-11)
(0,0,0)
(0,0,0)
(0,0,0)
(0,0,0)
(0,0,0)
(0,0,0)
(7.08398416681922e-13,1.09195550834145e-11,-4.52039960920331e-10)
(1.8398169094156e-12,2.28965349831284e-11,-4.46946621540032e-10)
(2.70518273835346e-12,3.55071574186017e-11,-4.37608209580025e-10)
(3.03649434320329e-12,5.12202782383641e-11,-4.23873485879878e-10)
(1.24863814433008e-13,7.50553920144781e-11,-4.06163738894823e-10)
(-4.68763816950957e-12,1.21921780551079e-10,-3.85474056918627e-10)
(-5.54850363057945e-12,2.24715890793855e-10,-3.57045813868364e-10)
(-4.43498224258016e-12,2.85698628087777e-10,-2.85383119833233e-10)
(-6.7697226768108e-12,3.18716770602569e-10,-1.95187184069511e-10)
(-8.47433899907157e-12,3.33722859523775e-10,-9.86634914456512e-11)
(0,0,0)
(0,0,0)
(0,0,0)
(0,0,0)
(0,0,0)
(0,0,0)
(1.06208303201142e-12,6.52514159322551e-12,-4.92750487125892e-10)
(1.85389430775178e-12,1.46138335759196e-11,-4.88680437680359e-10)
(3.32325937011222e-12,2.3097093086233e-11,-4.80460741957695e-10)
(4.41051432956763e-12,3.51502523680372e-11,-4.67114265864953e-10)
(3.77293251301544e-12,5.48246593460799e-11,-4.47674647129332e-10)
(1.46126700532233e-12,9.06931905582445e-11,-4.19626660123056e-10)
(-3.60274948188826e-12,1.49394101329287e-10,-3.7629019785657e-10)
(-5.47450966225809e-12,1.92915011587524e-10,-3.04334717806276e-10)
(-7.96540292102241e-12,2.18810153155676e-10,-2.11938041696372e-10)
(-1.05906345835883e-11,2.30970838273546e-10,-1.08335943106546e-10)
(0,0,0)
(0,0,0)
(0,0,0)
(0,0,0)
(0,0,0)
(0,0,0)
(1.91609785520943e-12,2.91739384566931e-12,-5.14434341292303e-10)
(1.43881620585299e-12,7.17829992910584e-12,-5.10713571486544e-10)
(2.4787579332428e-12,1.1384660680619e-11,-5.02623219877427e-10)
(4.00160887394519e-12,1.82040876858073e-11,-4.89427233080595e-10)
(3.91363463270436e-12,2.9464848891214e-11,-4.68491362827032e-10)
(2.13280744668907e-12,4.87456754911996e-11,-4.36210423164007e-10)
(-2.73221938107259e-12,7.52678200338498e-11,-3.85776850655391e-10)
(-5.77700761663166e-12,9.72336693700438e-11,-3.12365612054106e-10)
(-8.52844658564926e-12,1.11224747373048e-10,-2.18893761358594e-10)
(-1.14789523688529e-11,1.17911019488809e-10,-1.12392327200258e-10)
(0,0,0)
(0,0,0)
(0,0,0)
(0,0,0)
(0,0,0)
(0,0,0)
(0,0,0)
(0,0,0)
(0,0,0)
(0,0,0)
(0,0,0)
(0,0,0)
(0,0,0)
(0,0,0)
(0,0,0)
(0,0,0)
(0,0,0)
(0,0,0)
(0,0,0)
(0,0,0)
(0,0,0)
(0,0,0)
(0,0,0)
(0,0,0)
(0,0,0)
(0,0,0)
(0,0,0)
(0,0,0)
(0,0,0)
(0,0,0)
(0,0,0)
(0,0,0)
(0,0,0)
(0,0,0)
(0,0,0)
(0,0,0)
(0,0,0)
(0,0,0)
(0,0,0)
(0,0,0)
(0,0,0)
(0,0,0)
(0,0,0)
(0,0,0)
(0,0,0)
(0,0,0)
(0,0,0)
(0,0,0)
(0,0,0)
(0,0,0)
(0,0,0)
(0,0,0)
(0,0,0)
(0,0,0)
(0,0,0)
(0,0,0)
(0,0,0)
(0,0,0)
(0,0,0)
(0,0,0)
(0,0,0)
(0,0,0)
(0,0,0)
(0,0,0)
(0,0,0)
(0,0,0)
(0,0,0)
(0,0,0)
(0,0,0)
(0,0,0)
(0,0,0)
(0,0,0)
(0,0,0)
(0,0,0)
(0,0,0)
(0,0,0)
(0,0,0)
(0,0,0)
(0,0,0)
(0,0,0)
(0,0,0)
(0,0,0)
(0,0,0)
(0,0,0)
(0,0,0)
(0,0,0)
(0,0,0)
(0,0,0)
(0,0,0)
(0,0,0)
(0,0,0)
(0,0,0)
(0,0,0)
(0,0,0)
(0,0,0)
(0,0,0)
(0,0,0)
(0,0,0)
(0,0,0)
(0,0,0)
(0,0,0)
(0,0,0)
(-3.65380883237779e-14,4.40510524925564e-11,-5.46778530865497e-11)
(-1.56863143394062e-13,8.90033199641924e-11,-5.27651925638519e-11)
(8.60694151892679e-14,1.38359753190744e-10,-4.91132334357154e-11)
(4.28492691361941e-15,1.9464525964867e-10,-4.32109076046547e-11)
(2.04828198835465e-13,2.56271133770042e-10,-3.50732385516402e-11)
(4.5519491292565e-13,3.23552222996387e-10,-2.54680343783201e-11)
(5.66710790597617e-13,3.90141975963435e-10,-1.59197937090583e-11)
(7.95650853458087e-15,4.51578014936094e-10,-9.26511903938522e-12)
(-2.87718903986779e-13,4.98199420326885e-10,-5.15101125651678e-12)
(-3.38693705286249e-14,5.24279859378448e-10,-2.67155687205894e-12)
(0,0,0)
(0,0,0)
(0,0,0)
(0,0,0)
(0,0,0)
(0,0,0)
(8.68694474942028e-14,4.21018538815447e-11,-1.07540208615451e-10)
(8.04538615787053e-14,8.51944976926347e-11,-1.03728138734458e-10)
(4.17569938919037e-13,1.32543496774863e-10,-9.62693951326719e-11)
(3.0181446177814e-13,1.86511875522579e-10,-8.490111213442e-11)
(7.43866453146688e-13,2.46870757795569e-10,-6.91406826586616e-11)
(1.36680714466543e-12,3.1445917724008e-10,-5.07433704796094e-11)
(1.47879327438257e-12,3.84054012084332e-10,-3.27088586043855e-11)
(1.85284207993878e-13,4.47471863661779e-10,-2.00922256075575e-11)
(-8.13898747571606e-13,4.95432247038435e-10,-1.195429595301e-11)
(-7.4385538533333e-13,5.21574433135857e-10,-5.98018946762055e-12)
(0,0,0)
(0,0,0)
(0,0,0)
(0,0,0)
(0,0,0)
(0,0,0)
(1.41968719889524e-13,3.83766534480465e-11,-1.58192507202835e-10)
(5.64592040768601e-13,7.78162079524385e-11,-1.53148081053023e-10)
(9.88609388158827e-13,1.21592783715535e-10,-1.42767528820793e-10)
(7.34256387913617e-13,1.71053260508585e-10,-1.26907189109366e-10)
(8.71606358184321e-13,2.29217312069677e-10,-1.05960330980811e-10)
(2.10018312212236e-12,2.97791472509505e-10,-8.09014858639436e-11)
(3.60924374643492e-12,3.72916172361881e-10,-5.53733502691107e-11)
(1.45269251872846e-12,4.39519218215239e-10,-3.69421914422462e-11)
(-6.16985832121457e-13,4.88644241805474e-10,-2.31444453574258e-11)
(-1.3524663241216e-12,5.14850388282901e-10,-1.13255858212719e-11)
(0,0,0)
(0,0,0)
(0,0,0)
(0,0,0)
(0,0,0)
(0,0,0)
(2.91923929788339e-13,3.34741960181076e-11,-2.10628779039398e-10)
(1.13462335067649e-12,6.80002477610227e-11,-2.05115673614278e-10)
(1.79445503882526e-12,1.06721053392234e-10,-1.93358137420105e-10)
(1.51587691136951e-12,1.50840658767955e-10,-1.7506888142729e-10)
(1.2826710504372e-12,2.05030073310984e-10,-1.51181632862182e-10)
(2.94755892629556e-12,2.7436352003678e-10,-1.2232710160765e-10)
(7.76717219643402e-12,3.58094257281472e-10,-9.05700422924611e-11)
(4.35389974594133e-12,4.27174164649141e-10,-6.47224496439187e-11)
(7.94199554905931e-13,4.76208396437203e-10,-4.26422084805549e-11)
(-1.12311760717602e-12,5.02172336137502e-10,-2.14584028756738e-11)
(0,0,0)
(0,0,0)
(0,0,0)
(0,0,0)
(0,0,0)
(0,0,0)
(9.24648219766588e-13,2.82530145227624e-11,-2.6793912660686e-10)
(1.32636176323974e-12,5.73773349175291e-11,-2.61421087344478e-10)
(1.32250041364762e-12,9.02262524382189e-11,-2.489719769677e-10)
(2.41258488247667e-13,1.28469287114254e-10,-2.30310129559268e-10)
(-1.35686473228358e-12,1.77458213106894e-10,-2.06802070107957e-10)
(-1.44474383974142e-12,2.4555401964787e-10,-1.79567239488828e-10)
(5.14022618999968e-12,3.4001383682935e-10,-1.48807636958578e-10)
(4.01765564920596e-12,4.09447823231753e-10,-1.11707647142454e-10)
(7.0770813080424e-13,4.55818790387213e-10,-7.49276625947822e-11)
(-1.11918125256676e-12,4.79590815654647e-10,-3.76878153539586e-11)
(0,0,0)
(0,0,0)
(0,0,0)
(0,0,0)
(0,0,0)
(0,0,0)
(1.16478254275268e-12,2.26596234801313e-11,-3.27844068792977e-10)
(1.22195379675122e-12,4.6254586303987e-11,-3.21232335577037e-10)
(5.24036987933667e-13,7.28869054434216e-11,-3.09100613947225e-10)
(-1.11821065228213e-12,1.05202486151234e-10,-2.91651180022886e-10)
(-3.93511576574578e-12,1.48866517755454e-10,-2.69868418965359e-10)
(-5.24694912049444e-12,2.13349673277884e-10,-2.45046977341597e-10)
(3.37130703681302e-12,3.08054073203246e-10,-2.14545381391485e-10)
(3.2272793271621e-12,3.76685494333255e-10,-1.67390484323314e-10)
(2.34389154325567e-13,4.19286651277221e-10,-1.13561277478963e-10)
(-1.61975661710839e-12,4.40783819048121e-10,-5.74474164962179e-11)
(0,0,0)
(0,0,0)
(0,0,0)
(0,0,0)
(0,0,0)
(0,0,0)
(4.40378159127918e-13,1.72126728069614e-11,-3.85545025431388e-10)
(1.05104842660037e-12,3.5344818470925e-11,-3.7971557927688e-10)
(7.73521665541047e-13,5.59615085070048e-11,-3.687516075072e-10)
(-3.61969651827567e-13,8.23015144414163e-11,-3.53042922903329e-10)
(-3.47502277488613e-12,1.20109960365991e-10,-3.32822585481355e-10)
(-6.21996101523333e-12,1.77601128207252e-10,-3.08859628237926e-10)
(-7.49453578187946e-13,2.64270483171886e-10,-2.77674189555873e-10)
(2.47410281065232e-13,3.2608356681605e-10,-2.19670075661064e-10)
(-1.64073888145576e-12,3.63407179448807e-10,-1.49637715411222e-10)
(-2.88119668554334e-12,3.81716645934801e-10,-7.57872019873929e-11)
(0,0,0)
(0,0,0)
(0,0,0)
(0,0,0)
(0,0,0)
(0,0,0)
(9.47252660416918e-15,1.18236048115816e-11,-4.35579780165692e-10)
(7.84106356591866e-13,2.54318951278553e-11,-4.30753257159042e-10)
(1.38052337056833e-12,4.10263455686874e-11,-4.20920569458405e-10)
(1.39677322848541e-12,6.17192073676042e-11,-4.05677324504974e-10)
(-3.3408549333576e-13,9.26719803476873e-11,-3.84921623459664e-10)
(-1.88729122699501e-12,1.40195728509901e-10,-3.57365556635523e-10)
(-1.88940820112091e-12,2.05516915698931e-10,-3.17623178520201e-10)
(-1.84730150604584e-12,2.5629861684727e-10,-2.54247889108448e-10)
(-3.38679785377019e-12,2.87915927143542e-10,-1.7483349816694e-10)
(-4.38580919452305e-12,3.03048247261865e-10,-8.8618468473258e-11)
(0,0,0)
(0,0,0)
(0,0,0)
(0,0,0)
(0,0,0)
(0,0,0)
(5.99781334045753e-13,7.00655433155357e-12,-4.73118602878893e-10)
(1.06973223190107e-12,1.63833137837714e-11,-4.68760102279364e-10)
(1.6892156829853e-12,2.71636239858414e-11,-4.59543160970948e-10)
(1.91706027616625e-12,4.23602795507938e-11,-4.4448952918022e-10)
(1.08475596161932e-12,6.47818280302052e-11,-4.22227108171216e-10)
(7.23198058883475e-14,9.85660591675872e-11,-3.90229294506165e-10)
(-1.4319482367578e-12,1.40252218086037e-10,-3.43011595149803e-10)
(-2.18984355468468e-12,1.75036924399722e-10,-2.75232839413425e-10)
(-3.98209572821084e-12,1.98314099596084e-10,-1.90788080160564e-10)
(-5.86675890539276e-12,2.10043969594088e-10,-9.71775322485359e-11)
(0,0,0)
(0,0,0)
(0,0,0)
(0,0,0)
(0,0,0)
(0,0,0)
(1.11272189511707e-12,3.24783506607877e-12,-4.92215465006842e-10)
(5.26764525839545e-13,8.23610470725468e-12,-4.87854908045646e-10)
(6.67431817034111e-13,1.37992078780979e-11,-4.79092038812552e-10)
(1.26982630618787e-12,2.20149188179575e-11,-4.64625399117419e-10)
(1.09754386090357e-12,3.38687703267596e-11,-4.41340653993274e-10)
(4.44910429260905e-13,5.14206796171363e-11,-4.06374339805611e-10)
(-8.75637948502852e-13,7.10415141128873e-11,-3.54508749759214e-10)
(-2.01518894210075e-12,8.84023215921739e-11,-2.84342873594829e-10)
(-3.80513337093981e-12,1.00721455955845e-10,-1.97955740944756e-10)
(-5.96026008030697e-12,1.06999678440158e-10,-1.01039418359851e-10)
(0,0,0)
(0,0,0)
(0,0,0)
(0,0,0)
(0,0,0)
(0,0,0)
(0,0,0)
(0,0,0)
(0,0,0)
(0,0,0)
(0,0,0)
(0,0,0)
(0,0,0)
(0,0,0)
(0,0,0)
(0,0,0)
(0,0,0)
(0,0,0)
(0,0,0)
(0,0,0)
(0,0,0)
(0,0,0)
(0,0,0)
(0,0,0)
(0,0,0)
(0,0,0)
(0,0,0)
(0,0,0)
(0,0,0)
(0,0,0)
(0,0,0)
(0,0,0)
(0,0,0)
(0,0,0)
(0,0,0)
(0,0,0)
(0,0,0)
(0,0,0)
(0,0,0)
(0,0,0)
(0,0,0)
(0,0,0)
(0,0,0)
(0,0,0)
(0,0,0)
(0,0,0)
(0,0,0)
(0,0,0)
(0,0,0)
(0,0,0)
(0,0,0)
(0,0,0)
(0,0,0)
(0,0,0)
(0,0,0)
(0,0,0)
(0,0,0)
(0,0,0)
(0,0,0)
(0,0,0)
(0,0,0)
(0,0,0)
(0,0,0)
(0,0,0)
(0,0,0)
(0,0,0)
(0,0,0)
(0,0,0)
(0,0,0)
(0,0,0)
(0,0,0)
(0,0,0)
(0,0,0)
(0,0,0)
(0,0,0)
(0,0,0)
(0,0,0)
(0,0,0)
(0,0,0)
(0,0,0)
(0,0,0)
(0,0,0)
(0,0,0)
(0,0,0)
(0,0,0)
(0,0,0)
(0,0,0)
(0,0,0)
(0,0,0)
(0,0,0)
(0,0,0)
(0,0,0)
(0,0,0)
(0,0,0)
(0,0,0)
(0,0,0)
(0,0,0)
(0,0,0)
(0,0,0)
(0,0,0)
(0,0,0)
(0,0,0)
(0,0,0)
(0,0,0)
(0,0,0)
(0,0,0)
(0,0,0)
(0,0,0)
(0,0,0)
(0,0,0)
(0,0,0)
(0,0,0)
(0,0,0)
(0,0,0)
(0,0,0)
(0,0,0)
(0,0,0)
(0,0,0)
(0,0,0)
(0,0,0)
(0,0,0)
(0,0,0)
(0,0,0)
(0,0,0)
(0,0,0)
(0,0,0)
(0,0,0)
(0,0,0)
(0,0,0)
(0,0,0)
(0,0,0)
(0,0,0)
(0,0,0)
(0,0,0)
(0,0,0)
(0,0,0)
(0,0,0)
(0,0,0)
(0,0,0)
(0,0,0)
(0,0,0)
(0,0,0)
(0,0,0)
(0,0,0)
(0,0,0)
(0,0,0)
(0,0,0)
(0,0,0)
(0,0,0)
(0,0,0)
(0,0,0)
(0,0,0)
(0,0,0)
(0,0,0)
(0,0,0)
(0,0,0)
(0,0,0)
(0,0,0)
(0,0,0)
(0,0,0)
(0,0,0)
(0,0,0)
(0,0,0)
(0,0,0)
(0,0,0)
(0,0,0)
(0,0,0)
(0,0,0)
(0,0,0)
(0,0,0)
(0,0,0)
(0,0,0)
(0,0,0)
(0,0,0)
(0,0,0)
(0,0,0)
(0,0,0)
(0,0,0)
(0,0,0)
(0,0,0)
(0,0,0)
(0,0,0)
(0,0,0)
(0,0,0)
(0,0,0)
(0,0,0)
(0,0,0)
(0,0,0)
(0,0,0)
(0,0,0)
(0,0,0)
(0,0,0)
(0,0,0)
(0,0,0)
(0,0,0)
(0,0,0)
(0,0,0)
(0,0,0)
(0,0,0)
(0,0,0)
(0,0,0)
(0,0,0)
(0,0,0)
(0,0,0)
(0,0,0)
(0,0,0)
(0,0,0)
(0,0,0)
(0,0,0)
(0,0,0)
(0,0,0)
(0,0,0)
(0,0,0)
(0,0,0)
(0,0,0)
(0,0,0)
(0,0,0)
(0,0,0)
(0,0,0)
(0,0,0)
(0,0,0)
(0,0,0)
(0,0,0)
(0,0,0)
(0,0,0)
(0,0,0)
(0,0,0)
(0,0,0)
(0,0,0)
(0,0,0)
(0,0,0)
(0,0,0)
(0,0,0)
(0,0,0)
(0,0,0)
(0,0,0)
(0,0,0)
(0,0,0)
(0,0,0)
(0,0,0)
(0,0,0)
(0,0,0)
(0,0,0)
(0,0,0)
(0,0,0)
(0,0,0)
(0,0,0)
(0,0,0)
(0,0,0)
(0,0,0)
(0,0,0)
(0,0,0)
(0,0,0)
(0,0,0)
(0,0,0)
(0,0,0)
(0,0,0)
(0,0,0)
(0,0,0)
(0,0,0)
(0,0,0)
(0,0,0)
(0,0,0)
(0,0,0)
(0,0,0)
(0,0,0)
(0,0,0)
(0,0,0)
(0,0,0)
(0,0,0)
(0,0,0)
(0,0,0)
(0,0,0)
(0,0,0)
(0,0,0)
(0,0,0)
(0,0,0)
(0,0,0)
(0,0,0)
(0,0,0)
(0,0,0)
(0,0,0)
(0,0,0)
(0,0,0)
(0,0,0)
(0,0,0)
(0,0,0)
(0,0,0)
(0,0,0)
(0,0,0)
(0,0,0)
(0,0,0)
(0,0,0)
(0,0,0)
(0,0,0)
(0,0,0)
(0,0,0)
(0,0,0)
(0,0,0)
(0,0,0)
(0,0,0)
(0,0,0)
(0,0,0)
(0,0,0)
(0,0,0)
(0,0,0)
(0,0,0)
(0,0,0)
(0,0,0)
(0,0,0)
(0,0,0)
(0,0,0)
(0,0,0)
(0,0,0)
(0,0,0)
(0,0,0)
(0,0,0)
(0,0,0)
(0,0,0)
(0,0,0)
(0,0,0)
(0,0,0)
(0,0,0)
(0,0,0)
(0,0,0)
(0,0,0)
(0,0,0)
(0,0,0)
(0,0,0)
(0,0,0)
(0,0,0)
(0,0,0)
(0,0,0)
(0,0,0)
(0,0,0)
(0,0,0)
(0,0,0)
(0,0,0)
(0,0,0)
(0,0,0)
(0,0,0)
(0,0,0)
(0,0,0)
(0,0,0)
(0,0,0)
(0,0,0)
(0,0,0)
(0,0,0)
(0,0,0)
(0,0,0)
(0,0,0)
(0,0,0)
(0,0,0)
(0,0,0)
(0,0,0)
(0,0,0)
(0,0,0)
(0,0,0)
(0,0,0)
(0,0,0)
(0,0,0)
(0,0,0)
(0,0,0)
(0,0,0)
(0,0,0)
(0,0,0)
(0,0,0)
(0,0,0)
(0,0,0)
(0,0,0)
(0,0,0)
(0,0,0)
(0,0,0)
(0,0,0)
(0,0,0)
(0,0,0)
(0,0,0)
(0,0,0)
(0,0,0)
(0,0,0)
(0,0,0)
(0,0,0)
(0,0,0)
(0,0,0)
(0,0,0)
(0,0,0)
(0,0,0)
(0,0,0)
(0,0,0)
(0,0,0)
(0,0,0)
(0,0,0)
(0,0,0)
(0,0,0)
(0,0,0)
(0,0,0)
(0,0,0)
(0,0,0)
(0,0,0)
(0,0,0)
(0,0,0)
(0,0,0)
(0,0,0)
(0,0,0)
(0,0,0)
(0,0,0)
(0,0,0)
(0,0,0)
(0,0,0)
(0,0,0)
(0,0,0)
(0,0,0)
(0,0,0)
(0,0,0)
(0,0,0)
(0,0,0)
(0,0,0)
(0,0,0)
(0,0,0)
(0,0,0)
(0,0,0)
(0,0,0)
(0,0,0)
(0,0,0)
(0,0,0)
(0,0,0)
(0,0,0)
(0,0,0)
(0,0,0)
(0,0,0)
(0,0,0)
(0,0,0)
(0,0,0)
(0,0,0)
(0,0,0)
(0,0,0)
(0,0,0)
(0,0,0)
(0,0,0)
(0,0,0)
(0,0,0)
(0,0,0)
(0,0,0)
(0,0,0)
(0,0,0)
(0,0,0)
(0,0,0)
(0,0,0)
(0,0,0)
(0,0,0)
(0,0,0)
(0,0,0)
(0,0,0)
(0,0,0)
(0,0,0)
(0,0,0)
(0,0,0)
(0,0,0)
(0,0,0)
(0,0,0)
(0,0,0)
(0,0,0)
(0,0,0)
(0,0,0)
(0,0,0)
(0,0,0)
(0,0,0)
(0,0,0)
(0,0,0)
(0,0,0)
(0,0,0)
(0,0,0)
(0,0,0)
(0,0,0)
(0,0,0)
(0,0,0)
(0,0,0)
(0,0,0)
(0,0,0)
(0,0,0)
(0,0,0)
(0,0,0)
(0,0,0)
(0,0,0)
(0,0,0)
(0,0,0)
(0,0,0)
(0,0,0)
(0,0,0)
(0,0,0)
(0,0,0)
(0,0,0)
(0,0,0)
(0,0,0)
(0,0,0)
(0,0,0)
(0,0,0)
(0,0,0)
(0,0,0)
(0,0,0)
(0,0,0)
(0,0,0)
(0,0,0)
(0,0,0)
(0,0,0)
(0,0,0)
(0,0,0)
(0,0,0)
(0,0,0)
(0,0,0)
(0,0,0)
(0,0,0)
(0,0,0)
(0,0,0)
(0,0,0)
(0,0,0)
(0,0,0)
(0,0,0)
(0,0,0)
(0,0,0)
(0,0,0)
(0,0,0)
(0,0,0)
(0,0,0)
(0,0,0)
(0,0,0)
(0,0,0)
(0,0,0)
(0,0,0)
(0,0,0)
(0,0,0)
(0,0,0)
(0,0,0)
(0,0,0)
(0,0,0)
(0,0,0)
(0,0,0)
(0,0,0)
(0,0,0)
(0,0,0)
(0,0,0)
(0,0,0)
(0,0,0)
(0,0,0)
(0,0,0)
(0,0,0)
(0,0,0)
(0,0,0)
(0,0,0)
(0,0,0)
(0,0,0)
(0,0,0)
(0,0,0)
(0,0,0)
(0,0,0)
(0,0,0)
(0,0,0)
(0,0,0)
(0,0,0)
(0,0,0)
(0,0,0)
(0,0,0)
(0,0,0)
(0,0,0)
(0,0,0)
(0,0,0)
(0,0,0)
(0,0,0)
(0,0,0)
(0,0,0)
(0,0,0)
(0,0,0)
(0,0,0)
(0,0,0)
(0,0,0)
(0,0,0)
(0,0,0)
(0,0,0)
(0,0,0)
(0,0,0)
(0,0,0)
(0,0,0)
(0,0,0)
(0,0,0)
(0,0,0)
(0,0,0)
(0,0,0)
(0,0,0)
(0,0,0)
(0,0,0)
(0,0,0)
(0,0,0)
(0,0,0)
(0,0,0)
(0,0,0)
(0,0,0)
(0,0,0)
(0,0,0)
(0,0,0)
(0,0,0)
(0,0,0)
(0,0,0)
(0,0,0)
(0,0,0)
(0,0,0)
(0,0,0)
(0,0,0)
(0,0,0)
(0,0,0)
(0,0,0)
(0,0,0)
(0,0,0)
(0,0,0)
(0,0,0)
(0,0,0)
(0,0,0)
(0,0,0)
(0,0,0)
(0,0,0)
(0,0,0)
(0,0,0)
(0,0,0)
(0,0,0)
(0,0,0)
(0,0,0)
(0,0,0)
(0,0,0)
(0,0,0)
(0,0,0)
(0,0,0)
(0,0,0)
(0,0,0)
(0,0,0)
(0,0,0)
(0,0,0)
(0,0,0)
(0,0,0)
(0,0,0)
(0,0,0)
(0,0,0)
(0,0,0)
(0,0,0)
(0,0,0)
(0,0,0)
(0,0,0)
(0,0,0)
(0,0,0)
(0,0,0)
(0,0,0)
(0,0,0)
(0,0,0)
(0,0,0)
(0,0,0)
(0,0,0)
(0,0,0)
(0,0,0)
(0,0,0)
(0,0,0)
(0,0,0)
(0,0,0)
(0,0,0)
(0,0,0)
(0,0,0)
(0,0,0)
(0,0,0)
(0,0,0)
(0,0,0)
(0,0,0)
(0,0,0)
(0,0,0)
(0,0,0)
(0,0,0)
(0,0,0)
(0,0,0)
(0,0,0)
(0,0,0)
(0,0,0)
(0,0,0)
(0,0,0)
(0,0,0)
(0,0,0)
(0,0,0)
(0,0,0)
(0,0,0)
(0,0,0)
(0,0,0)
(0,0,0)
(0,0,0)
(0,0,0)
(0,0,0)
(0,0,0)
(0,0,0)
(0,0,0)
(0,0,0)
(0,0,0)
(0,0,0)
(0,0,0)
(0,0,0)
(0,0,0)
(0,0,0)
(0,0,0)
(0,0,0)
(0,0,0)
(0,0,0)
(0,0,0)
(0,0,0)
(0,0,0)
(0,0,0)
(0,0,0)
(0,0,0)
(0,0,0)
(0,0,0)
(0,0,0)
(0,0,0)
(0,0,0)
(0,0,0)
(0,0,0)
(0,0,0)
(0,0,0)
(0,0,0)
(0,0,0)
(0,0,0)
(0,0,0)
(0,0,0)
(0,0,0)
(0,0,0)
(0,0,0)
(0,0,0)
(0,0,0)
(0,0,0)
(0,0,0)
(0,0,0)
(0,0,0)
(0,0,0)
(0,0,0)
(0,0,0)
(0,0,0)
(0,0,0)
(0,0,0)
(0,0,0)
(0,0,0)
(0,0,0)
(0,0,0)
(0,0,0)
(0,0,0)
(0,0,0)
(0,0,0)
(0,0,0)
(0,0,0)
(0,0,0)
(0,0,0)
(0,0,0)
(0,0,0)
(0,0,0)
(0,0,0)
(0,0,0)
(0,0,0)
(0,0,0)
(0,0,0)
(0,0,0)
(0,0,0)
(0,0,0)
(0,0,0)
(0,0,0)
(0,0,0)
(0,0,0)
(0,0,0)
(0,0,0)
(0,0,0)
(0,0,0)
(0,0,0)
(0,0,0)
(0,0,0)
(0,0,0)
(0,0,0)
(0,0,0)
(0,0,0)
(0,0,0)
(0,0,0)
(0,0,0)
(0,0,0)
(0,0,0)
(0,0,0)
(0,0,0)
(0,0,0)
(0,0,0)
(0,0,0)
(0,0,0)
(0,0,0)
(0,0,0)
(0,0,0)
(0,0,0)
(0,0,0)
(0,0,0)
(0,0,0)
(0,0,0)
(0,0,0)
(0,0,0)
(0,0,0)
(0,0,0)
(0,0,0)
(0,0,0)
(0,0,0)
(0,0,0)
(0,0,0)
(0,0,0)
(0,0,0)
(0,0,0)
(0,0,0)
(0,0,0)
(0,0,0)
(0,0,0)
(0,0,0)
(0,0,0)
(0,0,0)
(0,0,0)
(0,0,0)
(0,0,0)
(0,0,0)
)
;

boundaryField
{
    fuel
    {
        type            fixedValue;
        value           uniform (0.1 0 0);
    }
    air
    {
        type            fixedValue;
        value           uniform (-0.1 0 0);
    }
    outlet
    {
        type            zeroGradient;
    }
    frontAndBack
    {
        type            empty;
    }
}


// ************************************************************************* //
 