/*--------------------------------*- C++ -*----------------------------------*\
| =========                 |                                                 |
| \\      /  F ield         | foam-extend: Open Source CFD                    |
|  \\    /   O peration     | Version:     4.0                                |
|   \\  /    A nd           | Web:         http://www.foam-extend.org         |
|    \\/     M anipulation  |                                                 |
\*---------------------------------------------------------------------------*/
FoamFile
{
    version 2.0;
    format ascii;
    class volVectorField;
    location "2798";
    object      H;
}
// * * * * * * * * * * * * * * * * * * * * * * * * * * * * * * * * * * * * * //

dimensions      [0 1 -1 0 0 0 0];

internalField   nonuniform List<vector>
4096
(
(0,0,0)
(0,0,0)
(0,0,0)
(0,0,0)
(0,0,0)
(0,0,0)
(0,0,0)
(0,0,0)
(0,0,0)
(0,0,0)
(0,0,0)
(0,0,0)
(0,0,0)
(0,0,0)
(0,0,0)
(0,0,0)
(0,0,0)
(0,0,0)
(0,0,0)
(0,0,0)
(0,0,0)
(0,0,0)
(0,0,0)
(0,0,0)
(0,0,0)
(0,0,0)
(0,0,0)
(0,0,0)
(0,0,0)
(0,0,0)
(0,0,0)
(0,0,0)
(0,0,0)
(0,0,0)
(0,0,0)
(0,0,0)
(0,0,0)
(0,0,0)
(0,0,0)
(0,0,0)
(0,0,0)
(0,0,0)
(0,0,0)
(0,0,0)
(0,0,0)
(0,0,0)
(0,0,0)
(0,0,0)
(0,0,0)
(0,0,0)
(0,0,0)
(0,0,0)
(0,0,0)
(0,0,0)
(0,0,0)
(0,0,0)
(0,0,0)
(0,0,0)
(0,0,0)
(0,0,0)
(0,0,0)
(0,0,0)
(0,0,0)
(0,0,0)
(0,0,0)
(0,0,0)
(0,0,0)
(0,0,0)
(0,0,0)
(0,0,0)
(0,0,0)
(0,0,0)
(0,0,0)
(0,0,0)
(0,0,0)
(0,0,0)
(0,0,0)
(0,0,0)
(0,0,0)
(0,0,0)
(0,0,0)
(0,0,0)
(0,0,0)
(0,0,0)
(0,0,0)
(0,0,0)
(0,0,0)
(0,0,0)
(0,0,0)
(0,0,0)
(0,0,0)
(0,0,0)
(0,0,0)
(0,0,0)
(0,0,0)
(0,0,0)
(0,0,0)
(0,0,0)
(0,0,0)
(0,0,0)
(0,0,0)
(0,0,0)
(0,0,0)
(0,0,0)
(0,0,0)
(0,0,0)
(0,0,0)
(0,0,0)
(0,0,0)
(0,0,0)
(0,0,0)
(0,0,0)
(0,0,0)
(0,0,0)
(0,0,0)
(0,0,0)
(0,0,0)
(0,0,0)
(0,0,0)
(0,0,0)
(0,0,0)
(0,0,0)
(0,0,0)
(0,0,0)
(0,0,0)
(0,0,0)
(0,0,0)
(0,0,0)
(0,0,0)
(0,0,0)
(0,0,0)
(0,0,0)
(0,0,0)
(0,0,0)
(0,0,0)
(0,0,0)
(0,0,0)
(0,0,0)
(0,0,0)
(0,0,0)
(0,0,0)
(0,0,0)
(0,0,0)
(0,0,0)
(0,0,0)
(0,0,0)
(0,0,0)
(0,0,0)
(0,0,0)
(0,0,0)
(0,0,0)
(0,0,0)
(0,0,0)
(0,0,0)
(0,0,0)
(0,0,0)
(0,0,0)
(0,0,0)
(0,0,0)
(0,0,0)
(0,0,0)
(0,0,0)
(0,0,0)
(0,0,0)
(0,0,0)
(0,0,0)
(0,0,0)
(0,0,0)
(0,0,0)
(0,0,0)
(0,0,0)
(0,0,0)
(0,0,0)
(0,0,0)
(0,0,0)
(0,0,0)
(0,0,0)
(0,0,0)
(0,0,0)
(0,0,0)
(0,0,0)
(0,0,0)
(0,0,0)
(0,0,0)
(0,0,0)
(0,0,0)
(0,0,0)
(0,0,0)
(0,0,0)
(0,0,0)
(0,0,0)
(0,0,0)
(0,0,0)
(0,0,0)
(0,0,0)
(0,0,0)
(0,0,0)
(0,0,0)
(0,0,0)
(0,0,0)
(0,0,0)
(0,0,0)
(0,0,0)
(0,0,0)
(0,0,0)
(0,0,0)
(0,0,0)
(0,0,0)
(0,0,0)
(0,0,0)
(0,0,0)
(0,0,0)
(0,0,0)
(0,0,0)
(0,0,0)
(0,0,0)
(0,0,0)
(0,0,0)
(0,0,0)
(0,0,0)
(0,0,0)
(0,0,0)
(0,0,0)
(0,0,0)
(0,0,0)
(0,0,0)
(0,0,0)
(0,0,0)
(0,0,0)
(0,0,0)
(0,0,0)
(0,0,0)
(0,0,0)
(0,0,0)
(0,0,0)
(0,0,0)
(0,0,0)
(0,0,0)
(0,0,0)
(0,0,0)
(0,0,0)
(0,0,0)
(0,0,0)
(0,0,0)
(0,0,0)
(0,0,0)
(0,0,0)
(0,0,0)
(0,0,0)
(0,0,0)
(0,0,0)
(0,0,0)
(0,0,0)
(0,0,0)
(0,0,0)
(0,0,0)
(0,0,0)
(0,0,0)
(0,0,0)
(0,0,0)
(0,0,0)
(0,0,0)
(0,0,0)
(0,0,0)
(0,0,0)
(0,0,0)
(0,0,0)
(0,0,0)
(0,0,0)
(0,0,0)
(0,0,0)
(0,0,0)
(0,0,0)
(0,0,0)
(0,0,0)
(0,0,0)
(0,0,0)
(0,0,0)
(0,0,0)
(0,0,0)
(0,0,0)
(0,0,0)
(0,0,0)
(0,0,0)
(0,0,0)
(0,0,0)
(0,0,0)
(0,0,0)
(0,0,0)
(0,0,0)
(0,0,0)
(0,0,0)
(0,0,0)
(0,0,0)
(0,0,0)
(0,0,0)
(0,0,0)
(0,0,0)
(0,0,0)
(0,0,0)
(0,0,0)
(0,0,0)
(0,0,0)
(0,0,0)
(0,0,0)
(0,0,0)
(0,0,0)
(0,0,0)
(0,0,0)
(0,0,0)
(0,0,0)
(0,0,0)
(0,0,0)
(0,0,0)
(0,0,0)
(0,0,0)
(0,0,0)
(0,0,0)
(0,0,0)
(0,0,0)
(0,0,0)
(0,0,0)
(0,0,0)
(0,0,0)
(0,0,0)
(0,0,0)
(0,0,0)
(0,0,0)
(0,0,0)
(0,0,0)
(0,0,0)
(0,0,0)
(0,0,0)
(0,0,0)
(0,0,0)
(0,0,0)
(0,0,0)
(0,0,0)
(0,0,0)
(0,0,0)
(0,0,0)
(0,0,0)
(0,0,0)
(0,0,0)
(0,0,0)
(0,0,0)
(0,0,0)
(0,0,0)
(0,0,0)
(0,0,0)
(0,0,0)
(0,0,0)
(0,0,0)
(0,0,0)
(0,0,0)
(0,0,0)
(0,0,0)
(0,0,0)
(0,0,0)
(0,0,0)
(0,0,0)
(0,0,0)
(0,0,0)
(0,0,0)
(0,0,0)
(0,0,0)
(0,0,0)
(0,0,0)
(0,0,0)
(0,0,0)
(0,0,0)
(0,0,0)
(0,0,0)
(0,0,0)
(0,0,0)
(0,0,0)
(0,0,0)
(0,0,0)
(0,0,0)
(0,0,0)
(0,0,0)
(0,0,0)
(0,0,0)
(0,0,0)
(0,0,0)
(0,0,0)
(0,0,0)
(0,0,0)
(0,0,0)
(0,0,0)
(0,0,0)
(0,0,0)
(0,0,0)
(0,0,0)
(0,0,0)
(0,0,0)
(0,0,0)
(0,0,0)
(0,0,0)
(0,0,0)
(0,0,0)
(0,0,0)
(0,0,0)
(0,0,0)
(0,0,0)
(0,0,0)
(0,0,0)
(0,0,0)
(0,0,0)
(0,0,0)
(0,0,0)
(0,0,0)
(0,0,0)
(0,0,0)
(0,0,0)
(0,0,0)
(0,0,0)
(0,0,0)
(0,0,0)
(0,0,0)
(0,0,0)
(0,0,0)
(0,0,0)
(0,0,0)
(0,0,0)
(0,0,0)
(0,0,0)
(0,0,0)
(0,0,0)
(0,0,0)
(0,0,0)
(0,0,0)
(0,0,0)
(0,0,0)
(0,0,0)
(0,0,0)
(0,0,0)
(0,0,0)
(0,0,0)
(0,0,0)
(0,0,0)
(0,0,0)
(0,0,0)
(0,0,0)
(0,0,0)
(0,0,0)
(0,0,0)
(0,0,0)
(0,0,0)
(0,0,0)
(0,0,0)
(0,0,0)
(0,0,0)
(0,0,0)
(0,0,0)
(0,0,0)
(0,0,0)
(0,0,0)
(0,0,0)
(0,0,0)
(0,0,0)
(0,0,0)
(0,0,0)
(0,0,0)
(0,0,0)
(0,0,0)
(0,0,0)
(0,0,0)
(0,0,0)
(0,0,0)
(0,0,0)
(0,0,0)
(0,0,0)
(0,0,0)
(0,0,0)
(0,0,0)
(0,0,0)
(0,0,0)
(0,0,0)
(0,0,0)
(0,0,0)
(0,0,0)
(0,0,0)
(0,0,0)
(0,0,0)
(0,0,0)
(0,0,0)
(0,0,0)
(0,0,0)
(0,0,0)
(0,0,0)
(0,0,0)
(0,0,0)
(0,0,0)
(0,0,0)
(0,0,0)
(0,0,0)
(0,0,0)
(0,0,0)
(0,0,0)
(0,0,0)
(0,0,0)
(0,0,0)
(0,0,0)
(0,0,0)
(0,0,0)
(0,0,0)
(0,0,0)
(0,0,0)
(0,0,0)
(0,0,0)
(0,0,0)
(0,0,0)
(0,0,0)
(0,0,0)
(0,0,0)
(0,0,0)
(0,0,0)
(0,0,0)
(0,0,0)
(0,0,0)
(0,0,0)
(0,0,0)
(0,0,0)
(0,0,0)
(0,0,0)
(0,0,0)
(0,0,0)
(0,0,0)
(0,0,0)
(0,0,0)
(0,0,0)
(0,0,0)
(0,0,0)
(0,0,0)
(0,0,0)
(0,0,0)
(0,0,0)
(0,0,0)
(0,0,0)
(0,0,0)
(0,0,0)
(0,0,0)
(0,0,0)
(0,0,0)
(0,0,0)
(0,0,0)
(0,0,0)
(0,0,0)
(0,0,0)
(0,0,0)
(0,0,0)
(0,0,0)
(0,0,0)
(0,0,0)
(0,0,0)
(0,0,0)
(0,0,0)
(0,0,0)
(0,0,0)
(0,0,0)
(0,0,0)
(0,0,0)
(0,0,0)
(0,0,0)
(0,0,0)
(0,0,0)
(0,0,0)
(0,0,0)
(0,0,0)
(0,0,0)
(0,0,0)
(0,0,0)
(0,0,0)
(0,0,0)
(0,0,0)
(0,0,0)
(0,0,0)
(0,0,0)
(0,0,0)
(0,0,0)
(0,0,0)
(0,0,0)
(0,0,0)
(0,0,0)
(0,0,0)
(0,0,0)
(0,0,0)
(0,0,0)
(0,0,0)
(0,0,0)
(0,0,0)
(0,0,0)
(0,0,0)
(0,0,0)
(0,0,0)
(0,0,0)
(0,0,0)
(0,0,0)
(0,0,0)
(0,0,0)
(0,0,0)
(0,0,0)
(0,0,0)
(0,0,0)
(0,0,0)
(0,0,0)
(0,0,0)
(0,0,0)
(0,0,0)
(0,0,0)
(0,0,0)
(0,0,0)
(0,0,0)
(0,0,0)
(0,0,0)
(0,0,0)
(0,0,0)
(0,0,0)
(0,0,0)
(0,0,0)
(0,0,0)
(0,0,0)
(0,0,0)
(0,0,0)
(0,0,0)
(0,0,0)
(0,0,0)
(0,0,0)
(0,0,0)
(0,0,0)
(0,0,0)
(0,0,0)
(0,0,0)
(0,0,0)
(0,0,0)
(0,0,0)
(0,0,0)
(0,0,0)
(0,0,0)
(0,0,0)
(0,0,0)
(0,0,0)
(0,0,0)
(0,0,0)
(0,0,0)
(0,0,0)
(0,0,0)
(0,0,0)
(0,0,0)
(0,0,0)
(0,0,0)
(0,0,0)
(0,0,0)
(0,0,0)
(0,0,0)
(0,0,0)
(0,0,0)
(0,0,0)
(0,0,0)
(0,0,0)
(0,0,0)
(0,0,0)
(0,0,0)
(0,0,0)
(0,0,0)
(0,0,0)
(0,0,0)
(0,0,0)
(0,0,0)
(0,0,0)
(0,0,0)
(0,0,0)
(0,0,0)
(0,0,0)
(0,0,0)
(0,0,0)
(0,0,0)
(0,0,0)
(0,0,0)
(0,0,0)
(0,0,0)
(0,0,0)
(0,0,0)
(0,0,0)
(0,0,0)
(0,0,0)
(0,0,0)
(0,0,0)
(0,0,0)
(0,0,0)
(0,0,0)
(0,0,0)
(0,0,0)
(0,0,0)
(0,0,0)
(0,0,0)
(0,0,0)
(0,0,0)
(0,0,0)
(0,0,0)
(0,0,0)
(0,0,0)
(0,0,0)
(0,0,0)
(0,0,0)
(0,0,0)
(0,0,0)
(0,0,0)
(0,0,0)
(0,0,0)
(0,0,0)
(0,0,0)
(0,0,0)
(0,0,0)
(0,0,0)
(0,0,0)
(0,0,0)
(0,0,0)
(0,0,0)
(0,0,0)
(0,0,0)
(0,0,0)
(0,0,0)
(0,0,0)
(0,0,0)
(0,0,0)
(0,0,0)
(0,0,0)
(0,0,0)
(0,0,0)
(0,0,0)
(0,0,0)
(0,0,0)
(0,0,0)
(0,0,0)
(0,0,0)
(0,0,0)
(0,0,0)
(0,0,0)
(0,0,0)
(0,0,0)
(0,0,0)
(0,0,0)
(0,0,0)
(0,0,0)
(0,0,0)
(0,0,0)
(0,0,0)
(0,0,0)
(0,0,0)
(0,0,0)
(0,0,0)
(0,0,0)
(0,0,0)
(0,0,0)
(0,0,0)
(0,0,0)
(0,0,0)
(0,0,0)
(0,0,0)
(0,0,0)
(0,0,0)
(0,0,0)
(0,0,0)
(0,0,0)
(0,0,0)
(0,0,0)
(0,0,0)
(0,0,0)
(0,0,0)
(0,0,0)
(0,0,0)
(0,0,0)
(0,0,0)
(0,0,0)
(0,0,0)
(0,0,0)
(0,0,0)
(0,0,0)
(0,0,0)
(0,0,0)
(0,0,0)
(0,0,0)
(0,0,0)
(0,0,0)
(0,0,0)
(0,0,0)
(0,0,0)
(0,0,0)
(0,0,0)
(0,0,0)
(0,0,0)
(0,0,0)
(0,0,0)
(0,0,0)
(0,0,0)
(0,0,0)
(0,0,0)
(0,0,0)
(0,0,0)
(0,0,0)
(0,0,0)
(0,0,0)
(0,0,0)
(0,0,0)
(0,0,0)
(0,0,0)
(0,0,0)
(0,0,0)
(0,0,0)
(0,0,0)
(0,0,0)
(0,0,0)
(0,0,0)
(0,0,0)
(0,0,0)
(0,0,0)
(0,0,0)
(8.87977262549985e-13,-1.37361297221617e-11,1.22697429067673e-11)
(1.19758321922285e-12,-3.00060811295479e-11,1.17554118644414e-11)
(6.68310347610449e-13,-5.02742781242239e-11,1.06865457649333e-11)
(1.70028460744708e-12,-7.83107667870323e-11,8.80289693399033e-12)
(1.93131372142315e-12,-1.20150568600775e-10,6.89185550917115e-12)
(1.82907055842847e-12,-1.84018286008826e-10,4.32060508777935e-12)
(2.87077530373842e-12,-2.86773870549074e-10,1.6909940276692e-12)
(4.11858455833401e-12,-4.59297172554366e-10,4.06703757456165e-13)
(5.46658020037141e-12,-7.45869906469042e-10,3.29771660609597e-15)
(6.94040811017539e-12,-1.14640234601085e-09,-1.77812119922668e-13)
(0,0,0)
(0,0,0)
(0,0,0)
(0,0,0)
(0,0,0)
(0,0,0)
(1.2241156976386e-12,-1.30142766694963e-11,2.63519085381527e-11)
(1.85726520877565e-12,-2.85052763392247e-11,2.58408255707231e-11)
(2.118694726872e-12,-4.84938830008274e-11,2.40882097268121e-11)
(3.90090308457212e-12,-7.64179723834326e-11,2.0769101247932e-11)
(4.03661253575968e-12,-1.17616678484046e-10,1.67674313923589e-11)
(3.34353009377399e-12,-1.81632034206609e-10,1.18883103904284e-11)
(4.98828538668521e-12,-2.85366167848057e-10,6.52173177963898e-12)
(7.96956829064297e-12,-4.5867773676054e-10,3.05937662410143e-12)
(1.04227332925587e-11,-7.45873742532831e-10,1.38227581679283e-12)
(1.15621484962812e-11,-1.14710120183089e-09,6.28409320417493e-13)
(0,0,0)
(0,0,0)
(0,0,0)
(0,0,0)
(0,0,0)
(0,0,0)
(2.24542036713621e-12,-1.24154031111582e-11,4.61890971246805e-11)
(3.01962443588286e-12,-2.63253362872247e-11,4.53536637701283e-11)
(3.42236716964453e-12,-4.48877130253768e-11,4.27614374492285e-11)
(4.44510806892483e-12,-7.17807438519709e-11,3.84575833072244e-11)
(5.24370915498083e-12,-1.12171868848533e-10,3.23415344368174e-11)
(5.85741519493409e-12,-1.7644499057714e-10,2.48818836232123e-11)
(7.76926543962265e-12,-2.82193482920741e-10,1.71027883374756e-11)
(1.14973188124777e-11,-4.5735743941273e-10,1.12575805982011e-11)
(1.43694971698004e-11,-7.45411592265674e-10,6.93212539673078e-12)
(1.46768408046274e-11,-1.14688010966054e-09,3.44802975323852e-12)
(0,0,0)
(0,0,0)
(0,0,0)
(0,0,0)
(0,0,0)
(0,0,0)
(2.63397760598715e-12,-1.07368859544893e-11,7.55378470380018e-11)
(3.57064077664698e-12,-2.27680767183692e-11,7.44396240825479e-11)
(4.4770221949706e-12,-3.95899099642349e-11,7.11032561281744e-11)
(4.90171493067897e-12,-6.44691203334637e-11,6.56541911936309e-11)
(6.43981912585369e-12,-1.03289896209254e-10,5.79384904733738e-11)
(9.22898817018663e-12,-1.67336726109844e-10,4.88439792149877e-11)
(1.20649841933741e-11,-2.75681561709148e-10,3.89858875854133e-11)
(1.68646358600093e-11,-4.53616992455954e-10,2.95333450377138e-11)
(1.97267587707777e-11,-7.42615771940371e-10,2.00038462045473e-11)
(2.02477507275493e-11,-1.14446699687055e-09,1.01185809635234e-11)
(0,0,0)
(0,0,0)
(0,0,0)
(0,0,0)
(0,0,0)
(0,0,0)
(2.88850593613276e-12,-8.6697981015287e-12,1.16474300927928e-10)
(4.00782815450388e-12,-1.86306654211634e-11,1.15371364384272e-10)
(5.24904884415202e-12,-3.28901326771219e-11,1.12051543584644e-10)
(6.45750962176418e-12,-5.50969817133369e-11,1.06798420586138e-10)
(8.90091388636637e-12,-9.13365838222152e-11,9.93184381864426e-11)
(1.26746589021761e-11,-1.53555359287637e-10,9.0264393443833e-11)
(1.64910853012746e-11,-2.63433168236879e-10,7.96644698468964e-11)
(2.12235567662919e-11,-4.44277031130064e-10,6.39819188552321e-11)
(2.34503122685299e-11,-7.33493745450917e-10,4.50481286034434e-11)
(2.50167439192827e-11,-1.13527584952084e-09,2.3192030301623e-11)
(0,0,0)
(0,0,0)
(0,0,0)
(0,0,0)
(0,0,0)
(0,0,0)
(3.43096507029641e-12,-6.56605195992448e-12,1.76650038935414e-10)
(4.2370321912764e-12,-1.44322971706188e-11,1.75851937380399e-10)
(5.2177193479159e-12,-2.58369083694392e-11,1.7344004166018e-10)
(7.80723814416845e-12,-4.4690729909048e-11,1.69108160402435e-10)
(1.16322712533699e-11,-7.77670264760154e-11,1.62899733361719e-10)
(1.60872127375193e-11,-1.37911683977733e-10,1.54168313798273e-10)
(2.05383351305398e-11,-2.48207089205649e-10,1.40551547346617e-10)
(2.44899184801176e-11,-4.28145504527772e-10,1.17577746927864e-10)
(2.66753632724185e-11,-7.14415174583893e-10,8.51503153074306e-11)
(2.97237950956656e-11,-1.11382692484865e-09,4.48302936723691e-11)
(0,0,0)
(0,0,0)
(0,0,0)
(0,0,0)
(0,0,0)
(0,0,0)
(3.86516513576817e-12,-4.71308970966841e-12,2.77032716618909e-10)
(5.73251965351444e-12,-1.08903791243608e-11,2.76405390201999e-10)
(7.86375821894116e-12,-1.99659035621761e-11,2.74795327079569e-10)
(1.12249957640435e-11,-3.54567617348451e-11,2.71477823886904e-10)
(1.55720537180134e-11,-6.44635248186085e-11,2.66017550947886e-10)
(2.11622974294749e-11,-1.20357247053993e-10,2.56288117475873e-10)
(2.46158049992892e-11,-2.26009820246851e-10,2.36463053251105e-10)
(2.75726404173323e-11,-3.98832376516876e-10,2.0413380632289e-10)
(2.99682338273161e-11,-6.77190521019729e-10,1.52179589005851e-10)
(3.26855341030792e-11,-1.07062933227441e-09,8.24323946447394e-11)
(0,0,0)
(0,0,0)
(0,0,0)
(0,0,0)
(0,0,0)
(0,0,0)
(4.80628634256676e-12,-3.39296489047548e-12,4.46304753793649e-10)
(7.56052494288789e-12,-8.06395955116109e-12,4.46157316434988e-10)
(1.06894934210815e-11,-1.51052927551845e-11,4.44940579551058e-10)
(1.48157281458515e-11,-2.79238025878707e-11,4.42162063647249e-10)
(1.97530974618453e-11,-5.31438923707779e-11,4.36369450409348e-10)
(2.5774381318239e-11,-1.02269709459726e-10,4.24218095450334e-10)
(2.97110976735275e-11,-1.94236138639642e-10,3.98570866011635e-10)
(3.17087666758092e-11,-3.4843098901416e-10,3.5092093810622e-10)
(3.3190953709889e-11,-6.08787935088399e-10,2.71412581614671e-10)
(3.5412339492542e-11,-9.88607905380624e-10,1.53464757708066e-10)
(0,0,0)
(0,0,0)
(0,0,0)
(0,0,0)
(0,0,0)
(0,0,0)
(5.61553993823757e-12,-2.52693663988604e-12,7.3096045862605e-10)
(9.38242196999142e-12,-5.52136843556555e-12,7.30631955596785e-10)
(1.36655473964106e-11,-1.04709157099102e-11,7.29344616675578e-10)
(1.82255138446113e-11,-2.00627922574989e-11,7.26516534457284e-10)
(2.3401599016606e-11,-3.92662490848288e-11,7.1954883588922e-10)
(2.88421415526433e-11,-7.6173785998188e-11,7.03759765877756e-10)
(3.35363747413829e-11,-1.45706064154629e-10,6.70492655802189e-10)
(3.63827657035946e-11,-2.6891002553225e-10,6.0612960253566e-10)
(3.88402194224556e-11,-4.91279380474138e-10,4.90633463609427e-10)
(4.14474774127313e-11,-8.35326419685089e-10,2.94906720649626e-10)
(0,0,0)
(0,0,0)
(0,0,0)
(0,0,0)
(0,0,0)
(0,0,0)
(6.327130432843e-12,-1.39151933431075e-12,1.13255095265386e-09)
(1.17109071916046e-11,-2.8169581146253e-12,1.13189686718728e-09)
(1.61058395861665e-11,-5.24321829208359e-12,1.13062475884048e-09)
(1.99998724377623e-11,-1.0497394054608e-11,1.12777334214358e-09)
(2.53584378354357e-11,-2.11673786563047e-11,1.11964281224304e-09)
(3.09681009932716e-11,-4.12053583680968e-11,1.1006845453442e-09)
(3.60955237679332e-11,-7.97436864087543e-11,1.0614590008349e-09)
(3.97530492721812e-11,-1.52607103963551e-10,9.83770574833622e-10)
(4.22603641626247e-11,-2.95196712575059e-10,8.3277517879877e-10)
(4.4363369978353e-11,-5.39789057899235e-10,5.38682640670585e-10)
(0,0,0)
(0,0,0)
(0,0,0)
(0,0,0)
(0,0,0)
(0,0,0)
(0,0,0)
(0,0,0)
(0,0,0)
(0,0,0)
(0,0,0)
(0,0,0)
(0,0,0)
(0,0,0)
(0,0,0)
(0,0,0)
(0,0,0)
(0,0,0)
(0,0,0)
(0,0,0)
(0,0,0)
(0,0,0)
(0,0,0)
(0,0,0)
(0,0,0)
(0,0,0)
(0,0,0)
(0,0,0)
(0,0,0)
(0,0,0)
(0,0,0)
(0,0,0)
(0,0,0)
(0,0,0)
(0,0,0)
(0,0,0)
(0,0,0)
(0,0,0)
(0,0,0)
(0,0,0)
(0,0,0)
(0,0,0)
(0,0,0)
(0,0,0)
(0,0,0)
(0,0,0)
(0,0,0)
(0,0,0)
(0,0,0)
(0,0,0)
(0,0,0)
(0,0,0)
(0,0,0)
(0,0,0)
(0,0,0)
(0,0,0)
(0,0,0)
(0,0,0)
(0,0,0)
(0,0,0)
(0,0,0)
(0,0,0)
(0,0,0)
(0,0,0)
(0,0,0)
(0,0,0)
(0,0,0)
(0,0,0)
(0,0,0)
(0,0,0)
(0,0,0)
(0,0,0)
(0,0,0)
(0,0,0)
(0,0,0)
(0,0,0)
(0,0,0)
(0,0,0)
(0,0,0)
(0,0,0)
(0,0,0)
(0,0,0)
(0,0,0)
(0,0,0)
(0,0,0)
(0,0,0)
(0,0,0)
(0,0,0)
(0,0,0)
(0,0,0)
(0,0,0)
(0,0,0)
(0,0,0)
(0,0,0)
(0,0,0)
(0,0,0)
(0,0,0)
(0,0,0)
(0,0,0)
(0,0,0)
(0,0,0)
(0,0,0)
(6.80455252209778e-13,-2.65985851205895e-11,2.42849798487611e-11)
(7.65644528404514e-13,-5.69354181441519e-11,2.31766979202295e-11)
(7.71564055157149e-13,-9.44877822353483e-11,2.07703099206692e-11)
(1.71853162864697e-12,-1.44762980435054e-10,1.70399674794247e-11)
(1.96867402604551e-12,-2.17851073413474e-10,1.2757048554687e-11)
(2.07242981634196e-12,-3.28261923588536e-10,6.89470363522997e-12)
(2.74736287306967e-12,-5.04167103987185e-10,1.63457578321447e-12)
(3.90255480517232e-12,-8.03508081540233e-10,-8.98391319199548e-13)
(5.65152610024073e-12,-1.37743272600288e-09,-1.20826392657569e-12)
(7.46145180966679e-12,-2.69699834545681e-09,-5.63454748717043e-13)
(0,0,0)
(0,0,0)
(0,0,0)
(0,0,0)
(0,0,0)
(0,0,0)
(1.13632510672955e-12,-2.51078608770902e-11,5.14302492385418e-11)
(1.42994100069378e-12,-5.41605329415618e-11,5.02279679768536e-11)
(1.83163323028755e-12,-9.07035858136257e-11,4.63679307026955e-11)
(3.26534440868527e-12,-1.40257103096744e-10,3.93622561437596e-11)
(3.47092390218976e-12,-2.12340877969649e-10,3.01481562438828e-11)
(3.52306507507086e-12,-3.23695377043615e-10,1.82119680638167e-11)
(5.27795561475307e-12,-5.0215632921101e-10,6.8561006687702e-12)
(8.32637175052884e-12,-8.03854868555077e-10,1.44220775020645e-12)
(1.07144495222741e-11,-1.37873147592314e-09,1.93061037040089e-13)
(1.1969465646415e-11,-2.69833295094883e-09,4.44402828673877e-13)
(0,0,0)
(0,0,0)
(0,0,0)
(0,0,0)
(0,0,0)
(0,0,0)
(1.40233656502082e-12,-2.33668928810396e-11,8.83185826428497e-11)
(2.05459118793199e-12,-4.96461444782763e-11,8.64409273892497e-11)
(2.42841825052834e-12,-8.30443032423763e-11,8.10443999888056e-11)
(3.24953342082137e-12,-1.30064316735116e-10,7.14965267542855e-11)
(3.82138732925476e-12,-2.00348048744973e-10,5.74644463347109e-11)
(4.52824601340829e-12,-3.12815952519054e-10,3.91122019258846e-11)
(7.10255196730604e-12,-4.97142713528566e-10,2.09053750446534e-11)
(1.20823270569989e-11,-8.03972936400011e-10,1.22237641794169e-11)
(1.50577724878721e-11,-1.38009864596924e-09,7.99005556485837e-12)
(1.5711757767809e-11,-2.69901713067047e-09,4.44056862127579e-12)
(0,0,0)
(0,0,0)
(0,0,0)
(0,0,0)
(0,0,0)
(0,0,0)
(1.66511270848007e-12,-2.03515088620528e-11,1.40495937930142e-10)
(2.76959743381389e-12,-4.30302848483225e-11,1.3785368349701e-10)
(3.22630984239526e-12,-7.21198891786357e-11,1.31307219441151e-10)
(3.24527703081512e-12,-1.14244342407458e-10,1.20111518009362e-10)
(3.58101799719157e-12,-1.80249960602462e-10,1.03347466340353e-10)
(5.30571297758018e-12,-2.92085672486628e-10,8.12998528394504e-11)
(9.26913326880622e-12,-4.85349688390057e-10,5.75838431733318e-11)
(1.70541733672827e-11,-8.01443961529321e-10,4.28728413112861e-11)
(2.0489997522971e-11,-1.37895046676886e-09,3.0422420387805e-11)
(2.1175184342124e-11,-2.6969894058874e-09,1.61188517023363e-11)
(0,0,0)
(0,0,0)
(0,0,0)
(0,0,0)
(0,0,0)
(0,0,0)
(1.88769633818344e-12,-1.65708455897998e-11,2.1284325866626e-10)
(3.12928070358484e-12,-3.51260175081564e-11,2.10161478779977e-10)
(3.44894753497143e-12,-5.88564416194485e-11,2.03548856338512e-10)
(3.53124021716115e-12,-9.44009355519457e-11,1.92862864107584e-10)
(4.3854012828043e-12,-1.53012806484235e-10,1.77436060369593e-10)
(7.63090718915138e-12,-2.59135287677145e-10,1.5875254368105e-10)
(1.69475572617279e-11,-4.58339391471907e-10,1.41848157134408e-10)
(2.40258204159416e-11,-7.90555313555632e-10,1.10526075492435e-10)
(2.62278397031141e-11,-1.36817457970349e-09,7.76626046836057e-11)
(2.67598495482036e-11,-2.68370509918004e-09,4.0476208257924e-11)
(0,0,0)
(0,0,0)
(0,0,0)
(0,0,0)
(0,0,0)
(0,0,0)
(2.37610437505663e-12,-1.26714231117026e-11,3.17079090027723e-10)
(3.10700986523305e-12,-2.6717126849646e-11,3.15085125303044e-10)
(3.67859579839373e-12,-4.49401756410298e-11,3.10135350196031e-10)
(4.78169701068982e-12,-7.3507751041901e-11,3.01911708519067e-10)
(7.06018915942058e-12,-1.24620288451411e-10,2.90135317657522e-10)
(1.21495422654174e-11,-2.2645657468331e-10,2.74184517935562e-10)
(2.13148665905152e-11,-4.34064635892858e-10,2.52997015874459e-10)
(2.76042220895222e-11,-7.65617709422417e-10,2.10767442984172e-10)
(2.97707313432713e-11,-1.33693673264993e-09,1.51927051222937e-10)
(3.13564961944375e-11,-2.64730496263907e-09,8.01414853504759e-11)
(0,0,0)
(0,0,0)
(0,0,0)
(0,0,0)
(0,0,0)
(0,0,0)
(3.17236673348375e-12,-9.22264565772988e-12,4.8489890692685e-10)
(4.51616320274691e-12,-1.96548688167978e-11,4.8367646541637e-10)
(6.32065060461983e-12,-3.33335158594243e-11,4.80850650529332e-10)
(9.15230955608187e-12,-5.55658827163016e-11,4.76063373820511e-10)
(1.39818547422234e-11,-9.84141953059768e-11,4.68828310454756e-10)
(2.28998240599946e-11,-1.90664447064658e-10,4.55663175029336e-10)
(2.51713703202988e-11,-3.96495037166155e-10,4.19163406375236e-10)
(2.91254702315393e-11,-7.14183199502941e-10,3.67463387428297e-10)
(3.13128422570493e-11,-1.2707850072826e-09,2.71474117454023e-10)
(3.30965018544018e-11,-2.57112878197289e-09,1.46273789417772e-10)
(0,0,0)
(0,0,0)
(0,0,0)
(0,0,0)
(0,0,0)
(0,0,0)
(4.08769545063849e-12,-6.40984489885196e-12,7.76856270913277e-10)
(6.23467071122299e-12,-1.40986393358766e-11,7.76514584405866e-10)
(8.83363227962027e-12,-2.48162535461553e-11,7.74775216921479e-10)
(1.27473310533735e-11,-4.36555235441872e-11,7.71655816820219e-10)
(1.80268091348839e-11,-8.33452047399114e-11,7.65313169883159e-10)
(2.53256872954294e-11,-1.69005946372985e-10,7.5015588329289e-10)
(2.88309510939655e-11,-3.4401617341887e-10,7.10290136178753e-10)
(3.16961596852863e-11,-6.1993021535402e-10,6.2459565658099e-10)
(3.36302230023968e-11,-1.14756500200846e-09,4.81272993107308e-10)
(3.55956115046902e-11,-2.42656945962564e-09,2.73546814229171e-10)
(0,0,0)
(0,0,0)
(0,0,0)
(0,0,0)
(0,0,0)
(0,0,0)
(4.80862566192681e-12,-4.29099221468633e-12,1.34732282008121e-09)
(7.96535057025891e-12,-9.37150988472326e-12,1.34685781750988e-09)
(1.12659321968816e-11,-1.74232868579282e-11,1.34512883054213e-09)
(1.56278142097942e-11,-3.24122655710974e-11,1.34138309317763e-09)
(2.1091798599558e-11,-6.43395135739857e-11,1.33195598654172e-09)
(2.71408239981044e-11,-1.29626341282656e-10,1.30844753828687e-09)
(3.19370502620493e-11,-2.56344756032454e-10,1.25370849464284e-09)
(3.55759830611266e-11,-4.75930889826594e-10,1.14044196191659e-09)
(3.84842944831672e-11,-9.39915377906956e-10,9.3790962056897e-10)
(4.08168362762892e-11,-2.15326147804076e-09,5.86482955297144e-10)
(0,0,0)
(0,0,0)
(0,0,0)
(0,0,0)
(0,0,0)
(0,0,0)
(5.58969656511146e-12,-2.12684022248497e-12,2.66596071806456e-09)
(1.01660574237765e-11,-4.67601035896578e-12,2.66552584467687e-09)
(1.37140379909857e-11,-8.90962585489517e-12,2.66367423312389e-09)
(1.763300828369e-11,-1.74941949916064e-11,2.65914676685237e-09)
(2.31493260779629e-11,-3.56662208428671e-11,2.64684163278361e-09)
(2.89882871344583e-11,-7.09671072155418e-11,2.61641731222066e-09)
(3.40402633604313e-11,-1.39542740288058e-10,2.55016849653254e-09)
(3.81413413435163e-11,-2.70922764099361e-10,2.41476952493767e-09)
(4.11561897157469e-11,-5.8687949375844e-10,2.14714741695881e-09)
(4.32569527498186e-11,-1.56517808976998e-09,1.56284373022471e-09)
(0,0,0)
(0,0,0)
(0,0,0)
(0,0,0)
(0,0,0)
(0,0,0)
(0,0,0)
(0,0,0)
(0,0,0)
(0,0,0)
(0,0,0)
(0,0,0)
(0,0,0)
(0,0,0)
(0,0,0)
(0,0,0)
(0,0,0)
(0,0,0)
(0,0,0)
(0,0,0)
(0,0,0)
(0,0,0)
(0,0,0)
(0,0,0)
(0,0,0)
(0,0,0)
(0,0,0)
(0,0,0)
(0,0,0)
(0,0,0)
(0,0,0)
(0,0,0)
(0,0,0)
(0,0,0)
(0,0,0)
(0,0,0)
(0,0,0)
(0,0,0)
(0,0,0)
(0,0,0)
(0,0,0)
(0,0,0)
(0,0,0)
(0,0,0)
(0,0,0)
(0,0,0)
(0,0,0)
(0,0,0)
(0,0,0)
(0,0,0)
(0,0,0)
(0,0,0)
(0,0,0)
(0,0,0)
(0,0,0)
(0,0,0)
(0,0,0)
(0,0,0)
(0,0,0)
(0,0,0)
(0,0,0)
(0,0,0)
(0,0,0)
(0,0,0)
(0,0,0)
(0,0,0)
(0,0,0)
(0,0,0)
(0,0,0)
(0,0,0)
(0,0,0)
(0,0,0)
(0,0,0)
(0,0,0)
(0,0,0)
(0,0,0)
(0,0,0)
(0,0,0)
(0,0,0)
(0,0,0)
(0,0,0)
(0,0,0)
(0,0,0)
(0,0,0)
(0,0,0)
(0,0,0)
(0,0,0)
(0,0,0)
(0,0,0)
(0,0,0)
(0,0,0)
(0,0,0)
(0,0,0)
(0,0,0)
(0,0,0)
(0,0,0)
(0,0,0)
(0,0,0)
(0,0,0)
(0,0,0)
(0,0,0)
(0,0,0)
(2.98012936759691e-13,-3.61673833314803e-11,3.42331667029545e-11)
(3.97147325192388e-13,-7.64077727659263e-11,3.25756595341372e-11)
(7.17710075297095e-13,-1.252527760479e-10,2.89852202427676e-11)
(1.49557321499018e-12,-1.88529573227766e-10,2.30235900483425e-11)
(2.32082350161601e-12,-2.78351588701956e-10,1.53230372339603e-11)
(2.76601112369638e-12,-4.0732392491694e-10,5.54620519524722e-12)
(3.26955519885058e-12,-5.96152689729e-10,-2.96732088830491e-12)
(4.55921442719804e-12,-8.70201842834544e-10,-6.1006270017226e-12)
(6.30546684292915e-12,-1.26255687733066e-09,-4.91467852486041e-12)
(8.23260255238494e-12,-1.74329380254716e-09,-2.4225403194933e-12)
(0,0,0)
(0,0,0)
(0,0,0)
(0,0,0)
(0,0,0)
(0,0,0)
(5.97638372376711e-13,-3.43380825664577e-11,7.22948960842116e-11)
(7.75589811385894e-13,-7.27232050852779e-11,6.97293390354642e-11)
(1.17802521609881e-12,-1.19371171138017e-10,6.34318109832045e-11)
(2.28665794762554e-12,-1.80965528229447e-10,5.21018836508161e-11)
(3.41428285824403e-12,-2.69252581285479e-10,3.59594401485823e-11)
(3.99950794505427e-12,-3.99991633511587e-10,1.47136317855859e-11)
(5.67823285045581e-12,-5.94516801494e-10,-5.62011157353244e-12)
(9.69358630948045e-12,-8.72928204894152e-10,-1.1006319316729e-11)
(1.18302777769507e-11,-1.26615198839738e-09,-7.59710924244587e-12)
(1.30980481971048e-11,-1.74630342749895e-09,-3.12685015051649e-12)
(0,0,0)
(0,0,0)
(0,0,0)
(0,0,0)
(0,0,0)
(0,0,0)
(2.64607797912102e-13,-3.13556909079351e-11,1.20707609766589e-10)
(8.35258959208351e-13,-6.59125745732686e-11,1.16933814772744e-10)
(1.05187742197267e-12,-1.07792277500133e-10,1.08316882166782e-10)
(1.46163951234851e-12,-1.64859608631154e-10,9.25019318384338e-11)
(2.07554359515678e-12,-2.48876862176856e-10,6.7699489884519e-11)
(2.00479286241823e-12,-3.81419182531071e-10,3.25831354223915e-11)
(3.99113769407566e-12,-5.91243405881891e-10,-6.30427936761473e-12)
(1.3787060800662e-11,-8.7997461183573e-10,-1.12051569569709e-11)
(1.74590802321499e-11,-1.2733543331824e-09,-4.75543081023361e-12)
(1.81246016053529e-11,-1.75132451818977e-09,-5.53592190711315e-13)
(0,0,0)
(0,0,0)
(0,0,0)
(0,0,0)
(0,0,0)
(0,0,0)
(5.26703868709309e-13,-2.67722490229115e-11,1.87366162413612e-10)
(1.411794150498e-12,-5.6250818269465e-11,1.82405912265487e-10)
(1.15856371444182e-12,-9.1256666198503e-11,1.72059514268976e-10)
(1.65921843036397e-13,-1.39605080615175e-10,1.53633219767269e-10)
(-1.60852261964641e-12,-2.13766665507807e-10,1.2381292737195e-10)
(-3.92866216513446e-12,-3.42503954814273e-10,7.83326544200075e-11)
(-3.03016178704026e-12,-5.81852736257962e-10,1.72339305174846e-11)
(1.8615946316894e-11,-8.92981532383755e-10,1.60512708846342e-11)
(2.40176791437966e-11,-1.28291445657839e-09,1.95133865362207e-11)
(2.40097293358713e-11,-1.75536930193024e-09,1.33448696341353e-11)
(0,0,0)
(0,0,0)
(0,0,0)
(0,0,0)
(0,0,0)
(0,0,0)
(6.70053745531095e-13,-2.12318242035151e-11,2.75523227410036e-10)
(1.33301248725248e-12,-4.43865455851026e-11,2.70689543891281e-10)
(2.1867378647542e-13,-7.09034262971931e-11,2.60617845479404e-10)
(-1.9351405547679e-12,-1.07335016585722e-10,2.43556373144018e-10)
(-5.32360006007487e-12,-1.63836874845006e-10,2.17767915387423e-10)
(-8.14341925908346e-12,-2.68165402841507e-10,1.87073837480117e-10)
(2.39948833235461e-11,-5.14859076170171e-10,1.91561972994311e-10)
(3.1951687091446e-11,-9.05507996666163e-10,1.27114745032886e-10)
(3.21763890769268e-11,-1.28535595831279e-09,8.69709928470636e-11)
(3.08359212648046e-11,-1.74657691342804e-09,4.57164222491352e-11)
(0,0,0)
(0,0,0)
(0,0,0)
(0,0,0)
(0,0,0)
(0,0,0)
(9.21291646023018e-13,-1.58597980289432e-11,3.95412090026563e-10)
(9.94526939050383e-13,-3.23731427767096e-11,3.91615689380486e-10)
(2.95577693919694e-13,-5.04275109704471e-11,3.8397720673976e-10)
(-1.38378045200027e-12,-7.49822220528872e-11,3.72190841551771e-10)
(-3.19510426510837e-12,-1.15856391310213e-10,3.55374708349516e-10)
(-2.45508329232195e-12,-2.10341775730696e-10,3.34501178958556e-10)
(2.59748407550696e-11,-5.09120079221256e-10,3.33098092571191e-10)
(3.50101039303577e-11,-8.90206146725959e-10,2.66065841329864e-10)
(3.54045718491174e-11,-1.25502631863388e-09,1.85640835268937e-10)
(3.53218008780047e-11,-1.70600578793136e-09,9.61572385553939e-11)
(0,0,0)
(0,0,0)
(0,0,0)
(0,0,0)
(0,0,0)
(0,0,0)
(1.5820074866779e-12,-1.14269534096023e-11,5.70082045817118e-10)
(1.78574860703069e-12,-2.2600826876752e-11,5.67756599189636e-10)
(2.59066500052204e-12,-3.37999294412514e-11,5.63645859785133e-10)
(4.47701374955234e-12,-4.79233413662672e-11,5.59562950542956e-10)
(1.207799960186e-11,-7.08498017921899e-11,5.58910671753109e-10)
(3.77410920227625e-11,-1.30745631303764e-10,5.64480300333396e-10)
(2.43925255198805e-11,-4.69662047087669e-10,4.91751989205303e-10)
(3.08617560558824e-11,-8.31821868309505e-10,4.73517454469348e-10)
(3.32931650197036e-11,-1.17487722303771e-09,3.29222343348758e-10)
(3.48109689248895e-11,-1.61436991881845e-09,1.69620675979072e-10)
(0,0,0)
(0,0,0)
(0,0,0)
(0,0,0)
(0,0,0)
(0,0,0)
(2.31052927481409e-12,-7.92298293074488e-12,8.30918121915715e-10)
(3.24690874453828e-12,-1.56493289229419e-11,8.29901929212724e-10)
(4.56006569186518e-12,-2.41528182167767e-11,8.28094210923501e-10)
(7.84672001828501e-12,-3.77698798717031e-11,8.27245604602292e-10)
(1.41784045584067e-11,-7.0601276966204e-11,8.29339987107892e-10)
(2.58118293196789e-11,-1.62326735829542e-10,8.34026825598094e-10)
(2.68540133048713e-11,-4.27286039559436e-10,8.14014778628542e-10)
(3.10194976308814e-11,-6.88805864840348e-10,6.94586243900995e-10)
(3.37067777789441e-11,-1.01723493400372e-09,5.06994456214054e-10)
(3.58344441497081e-11,-1.44612852700005e-09,2.73518547931221e-10)
(0,0,0)
(0,0,0)
(0,0,0)
(0,0,0)
(0,0,0)
(0,0,0)
(3.10947624066007e-12,-5.23881184898916e-12,1.2165095289767e-09)
(4.99883801161212e-12,-1.05790377609569e-11,1.21546163575056e-09)
(6.49800855952331e-12,-1.78727845628612e-11,1.21373175131514e-09)
(1.01368502658161e-11,-3.11447330552941e-11,1.21129768590098e-09)
(1.59269541238051e-11,-6.40442264882178e-11,1.20640345889181e-09)
(2.3220633574871e-11,-1.40917594287227e-10,1.19086070791059e-09)
(2.84015672443326e-11,-3.01941230361168e-10,1.13934072266056e-09)
(3.31001986801997e-11,-4.99147175758024e-10,1.00244389791314e-09)
(3.6875075607456e-11,-7.82586573344877e-10,7.77322367356553e-10)
(3.92164033022319e-11,-1.17130447328113e-09,4.46829351949878e-10)
(0,0,0)
(0,0,0)
(0,0,0)
(0,0,0)
(0,0,0)
(0,0,0)
(3.89772972906463e-12,-2.46840201651367e-12,1.69257902763362e-09)
(7.34165861777107e-12,-5.44068501555928e-12,1.69210466776236e-09)
(9.33187840774927e-12,-9.93932610228624e-12,1.69037155783502e-09)
(1.24439473612055e-11,-1.84337081572923e-11,1.68627540925088e-09)
(1.79074257981676e-11,-3.84777863882669e-11,1.67544741330173e-09)
(2.42699956060532e-11,-8.01165356218093e-11,1.6460103254913e-09)
(2.98964946681264e-11,-1.58333488639214e-10,1.57481231874587e-09)
(3.48406852215508e-11,-2.69719718681373e-10,1.42423642239744e-09)
(3.85803826916371e-11,-4.4888372030219e-10,1.1604542129541e-09)
(4.09225932054915e-11,-7.21195745163854e-10,7.16472113527359e-10)
(0,0,0)
(0,0,0)
(0,0,0)
(0,0,0)
(0,0,0)
(0,0,0)
(0,0,0)
(0,0,0)
(0,0,0)
(0,0,0)
(0,0,0)
(0,0,0)
(0,0,0)
(0,0,0)
(0,0,0)
(0,0,0)
(0,0,0)
(0,0,0)
(0,0,0)
(0,0,0)
(0,0,0)
(0,0,0)
(0,0,0)
(0,0,0)
(0,0,0)
(0,0,0)
(0,0,0)
(0,0,0)
(0,0,0)
(0,0,0)
(0,0,0)
(0,0,0)
(0,0,0)
(0,0,0)
(0,0,0)
(0,0,0)
(0,0,0)
(0,0,0)
(0,0,0)
(0,0,0)
(0,0,0)
(0,0,0)
(0,0,0)
(0,0,0)
(0,0,0)
(0,0,0)
(0,0,0)
(0,0,0)
(0,0,0)
(0,0,0)
(0,0,0)
(0,0,0)
(0,0,0)
(0,0,0)
(0,0,0)
(0,0,0)
(0,0,0)
(0,0,0)
(0,0,0)
(0,0,0)
(0,0,0)
(0,0,0)
(0,0,0)
(0,0,0)
(0,0,0)
(0,0,0)
(0,0,0)
(0,0,0)
(0,0,0)
(0,0,0)
(0,0,0)
(0,0,0)
(0,0,0)
(0,0,0)
(0,0,0)
(0,0,0)
(0,0,0)
(0,0,0)
(0,0,0)
(0,0,0)
(0,0,0)
(0,0,0)
(0,0,0)
(0,0,0)
(0,0,0)
(0,0,0)
(0,0,0)
(0,0,0)
(0,0,0)
(0,0,0)
(0,0,0)
(0,0,0)
(0,0,0)
(0,0,0)
(0,0,0)
(0,0,0)
(0,0,0)
(0,0,0)
(0,0,0)
(0,0,0)
(0,0,0)
(0,0,0)
(1.26219340574045e-13,-4.35996687543163e-11,4.14355827978234e-11)
(3.03018935893773e-13,-8.93951601546122e-11,3.91277448977581e-11)
(7.97735359846342e-13,-1.43158547713974e-10,3.41052328705746e-11)
(1.63208103104688e-12,-2.10104024147507e-10,2.60863655920813e-11)
(2.99864812388051e-12,-3.02333870298495e-10,1.51180230593878e-11)
(3.94724580188629e-12,-4.29521244696269e-10,9.2087049767239e-13)
(4.76697307723487e-12,-6.0120597006396e-10,-1.19806913399609e-11)
(6.09962800996633e-12,-8.14617935297105e-10,-1.44988179435923e-11)
(7.40843970423324e-12,-1.05743437785269e-09,-1.0276107210864e-11)
(8.8196871845396e-12,-1.26521710081051e-09,-5.05848598860027e-12)
(0,0,0)
(0,0,0)
(0,0,0)
(0,0,0)
(0,0,0)
(0,0,0)
(1.80803762602683e-13,-4.1090900094541e-11,8.636527232407e-11)
(2.6248735167541e-13,-8.43514045356427e-11,8.2441706349762e-11)
(9.29058910580238e-13,-1.35341111825284e-10,7.36361456835527e-11)
(2.32318185160022e-12,-1.99859732535443e-10,5.82737165235409e-11)
(4.2843721126163e-12,-2.8946375476416e-10,3.48815034867321e-11)
(5.76080032367937e-12,-4.18729986373342e-10,1.50465617140913e-12)
(7.79104498149977e-12,-6.01466685172713e-10,-3.47088681782622e-11)
(1.33307831768813e-11,-8.21384794998316e-10,-3.6210343808616e-11)
(1.45623634701276e-11,-1.06417911642964e-09,-2.22791107886941e-11)
(1.49922887373608e-11,-1.27050935643116e-09,-9.69790801513763e-12)
(0,0,0)
(0,0,0)
(0,0,0)
(0,0,0)
(0,0,0)
(0,0,0)
(-5.45039093269129e-13,-3.71027255190364e-11,1.40520851327206e-10)
(-2.09564738640824e-13,-7.55266280133528e-11,1.35058048783408e-10)
(3.31216448678831e-13,-1.20208433960402e-10,1.23074985855327e-10)
(1.00955345031474e-12,-1.77526060720589e-10,1.01339304694019e-10)
(2.08170138823768e-12,-2.58758628530365e-10,6.48412335936771e-11)
(1.97697993553668e-12,-3.88654056496551e-10,3.53130827423287e-12)
(-4.98654340456887e-13,-6.09485765145449e-10,-8.97591487402125e-11)
(2.03442552018444e-11,-8.43128996771463e-10,-7.09772251048198e-11)
(2.28173650084717e-11,-1.08093540151673e-09,-3.36219377707709e-11)
(2.16157931556261e-11,-1.28187321724049e-09,-1.12434795994611e-11)
(0,0,0)
(0,0,0)
(0,0,0)
(0,0,0)
(0,0,0)
(0,0,0)
(-5.34708025083616e-14,-3.1168394212432e-11,2.12241430296895e-10)
(-1.06080537343774e-13,-6.30050535821192e-11,2.05352075444216e-10)
(-7.68381685170284e-13,-9.8552809827535e-11,1.9093388460736e-10)
(-2.28384979111475e-12,-1.42359223678579e-10,1.65431258873742e-10)
(-6.05804033051008e-12,-2.02949957324526e-10,1.20110762601878e-10)
(-1.716849023539e-11,-3.13824091760196e-10,2.72024011669539e-11)
(-6.88411622418782e-11,-6.61443041052178e-10,-2.34868129229138e-10)
(2.76802949475191e-11,-9.04302045531757e-10,-9.86846258309141e-11)
(3.26276977804339e-11,-1.11263896006037e-09,-2.2951898088132e-11)
(2.85622104674321e-11,-1.29664911982342e-09,1.83189200927736e-13)
(0,0,0)
(0,0,0)
(0,0,0)
(0,0,0)
(0,0,0)
(0,0,0)
(1.31711089721946e-13,-2.40424935284242e-11,3.02699722744366e-10)
(-6.08691909264865e-13,-4.77761007802123e-11,2.95642272870997e-10)
(-3.19576920489787e-12,-7.24151727789401e-11,2.81549511978057e-10)
(-8.49947733098803e-12,-9.81521608253044e-11,2.57542987967922e-10)
(-2.26100056875385e-11,-1.20860042057953e-10,2.16226847654536e-10)
(-7.04551818840743e-11,-1.14229621920641e-10,1.41133855436949e-10)
(8.27031143359803e-11,-1.24635021511774e-09,-3.7641377250282e-17)
(5.67935893370201e-11,-1.0582250948077e-09,9.31825282899275e-11)
(4.31013199959542e-11,-1.15482403564396e-09,6.69175672860433e-11)
(3.59812180176874e-11,-1.30214574109117e-09,3.81932109228207e-11)
(0,0,0)
(0,0,0)
(0,0,0)
(0,0,0)
(0,0,0)
(0,0,0)
(2.84847672776882e-13,-1.71891509749753e-11,4.1845512535665e-10)
(-1.13930632020488e-12,-3.31647582060803e-11,4.12818735055509e-10)
(-4.54563864726149e-12,-4.71147971418895e-11,4.0198171306539e-10)
(-1.16265279364058e-11,-5.53112116048153e-11,3.85102859000317e-10)
(-2.73281643921622e-11,-4.82378898149524e-11,3.57338933730646e-10)
(-8.06481413318762e-11,-9.2543245162077e-12,2.94567723953942e-10)
(5.35490598626887e-11,-1.25682956948809e-09,-4.78531165458077e-16)
(5.70508315749551e-11,-1.07481881732244e-09,2.71189804419306e-10)
(4.47390729665503e-11,-1.13849172702446e-09,1.85004998818299e-10)
(3.98431703200091e-11,-1.267243261654e-09,9.47172995660119e-11)
(0,0,0)
(0,0,0)
(0,0,0)
(0,0,0)
(0,0,0)
(0,0,0)
(4.03483635387054e-13,-1.16579082224981e-11,5.71303821872077e-10)
(-1.05500994234455e-12,-2.11207326911047e-11,5.67961170211995e-10)
(-2.97353698174628e-12,-2.62974043925638e-11,5.62328676147014e-10)
(-5.02416895513983e-12,-1.83377552945803e-11,5.59273070639583e-10)
(6.25984619544223e-12,3.76561509883763e-11,5.76622644762733e-10)
(1.42050507676698e-10,3.20533795117384e-10,7.13712992450711e-10)
(2.51052727901115e-13,-1.47447079048572e-09,1.57294774610869e-09)
(3.21408637070985e-11,-1.05148939987483e-09,6.94275074560946e-10)
(3.52525433553188e-11,-1.05923873038566e-09,3.70216774184727e-10)
(3.61902530860039e-11,-1.17346347316708e-09,1.72515832485801e-10)
(0,0,0)
(0,0,0)
(0,0,0)
(0,0,0)
(0,0,0)
(0,0,0)
(6.42550896074515e-13,-7.69586439230009e-12,7.67042196858843e-10)
(-1.5664128209636e-14,-1.31039345638714e-11,7.6557266961284e-10)
(-8.71361640837574e-13,-1.61311425491438e-11,7.63683385328933e-10)
(-8.72809303966353e-13,-1.3931139517623e-11,7.66269033167079e-10)
(2.93451559040308e-12,-6.31512839547398e-12,7.85551666789172e-10)
(2.4414734746834e-11,-3.40856513173584e-11,8.5545102562602e-10)
(2.09377388342747e-11,-5.95547141268212e-10,1.01436763369534e-09)
(2.89525962353413e-11,-7.36530223236594e-10,7.45300980609792e-10)
(3.2534325403303e-11,-8.6094685075493e-10,4.86173072758951e-10)
(3.45289383615615e-11,-9.98123659819012e-10,2.4481901197492e-10)
(0,0,0)
(0,0,0)
(0,0,0)
(0,0,0)
(0,0,0)
(0,0,0)
(1.38695963405644e-12,-4.99252448402088e-12,9.98047244654437e-10)
(1.59036970168966e-12,-8.35487148008159e-12,9.9684859191633e-10)
(9.98615513242537e-13,-1.22943339742376e-11,9.9602930899691e-10)
(2.32005237691285e-12,-1.81642063189945e-11,9.96712053994969e-10)
(5.90326500501713e-12,-3.71449586978616e-11,1.00160412593451e-09)
(1.39395601594681e-11,-1.05639606104037e-10,1.01136269527334e-09)
(2.1690650269726e-11,-3.26801372429378e-10,1.00108822417809e-09)
(2.87942721602583e-11,-4.75551256847473e-10,8.38484695779478e-10)
(3.36652379713403e-11,-6.15917499238066e-10,6.08005078850784e-10)
(3.59370271350129e-11,-7.49001355700259e-10,3.26594656278853e-10)
(0,0,0)
(0,0,0)
(0,0,0)
(0,0,0)
(0,0,0)
(0,0,0)
(1.90368758381257e-12,-2.32425621653455e-12,1.19936158806081e-09)
(3.63408352955268e-12,-4.36133499221731e-12,1.19887561424687e-09)
(3.48870088960142e-12,-7.57774842774284e-12,1.19837400676175e-09)
(4.83823515306349e-12,-1.34668476796439e-11,1.19639939969706e-09)
(8.86672722032684e-12,-2.95230785402107e-11,1.1906995033385e-09)
(1.53514667297095e-11,-7.02872270881657e-11,1.17212857544251e-09)
(2.21389023772228e-11,-1.56342582654834e-10,1.11451074800983e-09)
(2.89031759836626e-11,-2.39689980074677e-10,9.67005033495054e-10)
(3.36787618160205e-11,-3.29382566370082e-10,7.34143430834062e-10)
(3.61989615691489e-11,-4.17092359822591e-10,4.1093026683132e-10)
(0,0,0)
(0,0,0)
(0,0,0)
(0,0,0)
(0,0,0)
(0,0,0)
(0,0,0)
(0,0,0)
(0,0,0)
(0,0,0)
(0,0,0)
(0,0,0)
(0,0,0)
(0,0,0)
(0,0,0)
(0,0,0)
(0,0,0)
(0,0,0)
(0,0,0)
(0,0,0)
(0,0,0)
(0,0,0)
(0,0,0)
(0,0,0)
(0,0,0)
(0,0,0)
(0,0,0)
(0,0,0)
(0,0,0)
(0,0,0)
(0,0,0)
(0,0,0)
(0,0,0)
(0,0,0)
(0,0,0)
(0,0,0)
(0,0,0)
(0,0,0)
(0,0,0)
(0,0,0)
(0,0,0)
(0,0,0)
(0,0,0)
(0,0,0)
(0,0,0)
(0,0,0)
(0,0,0)
(0,0,0)
(0,0,0)
(0,0,0)
(0,0,0)
(0,0,0)
(0,0,0)
(0,0,0)
(0,0,0)
(0,0,0)
(0,0,0)
(0,0,0)
(0,0,0)
(0,0,0)
(0,0,0)
(0,0,0)
(0,0,0)
(0,0,0)
(0,0,0)
(0,0,0)
(0,0,0)
(0,0,0)
(0,0,0)
(0,0,0)
(0,0,0)
(0,0,0)
(0,0,0)
(0,0,0)
(0,0,0)
(0,0,0)
(0,0,0)
(0,0,0)
(0,0,0)
(0,0,0)
(0,0,0)
(0,0,0)
(0,0,0)
(0,0,0)
(0,0,0)
(0,0,0)
(0,0,0)
(0,0,0)
(0,0,0)
(0,0,0)
(0,0,0)
(0,0,0)
(0,0,0)
(0,0,0)
(0,0,0)
(0,0,0)
(0,0,0)
(0,0,0)
(0,0,0)
(0,0,0)
(0,0,0)
(0,0,0)
(-7.47114191116504e-14,-4.72892797909988e-11,4.59680951405933e-11)
(2.8177534412323e-13,-9.53255667805754e-11,4.32751217346794e-11)
(9.99166749660024e-13,-1.50130250736671e-10,3.74421712096292e-11)
(2.35613195167965e-12,-2.15338700369465e-10,2.8296423574525e-11)
(4.32568515124335e-12,-3.01352953982153e-10,1.53163230392714e-11)
(6.05754931661612e-12,-4.15152644382714e-10,-2.16763495117371e-12)
(7.5458147896195e-12,-5.61497037710013e-10,-1.95427022302419e-11)
(8.64377697843313e-12,-7.24195383890362e-10,-2.20250782398169e-11)
(8.93555705895962e-12,-8.80245670398065e-10,-1.48984168244723e-11)
(9.05345681688157e-12,-9.87436461929096e-10,-6.61485357181749e-12)
(0,0,0)
(0,0,0)
(0,0,0)
(0,0,0)
(0,0,0)
(0,0,0)
(1.16195161450975e-13,-4.44761299085481e-11,9.35151855836796e-11)
(2.43271495555312e-13,-8.9538122538034e-11,8.88092841827078e-11)
(1.15881020574649e-12,-1.41054138988651e-10,7.8752340616629e-11)
(3.38172307352585e-12,-2.02736994377842e-10,6.12945067375004e-11)
(6.95609319417662e-12,-2.84422543947012e-10,3.35485833998932e-11)
(1.18983947965923e-11,-3.98721800725191e-10,-8.92941698271386e-12)
(1.73116005846128e-11,-5.60497282442616e-10,-6.35281149525652e-11)
(2.11437519299979e-11,-7.32300894977328e-10,-6.22914796615261e-11)
(1.87374457837315e-11,-8.88573219302737e-10,-3.61529143031557e-11)
(1.66582415314819e-11,-9.9387463420029e-10,-1.46519463228163e-11)
(0,0,0)
(0,0,0)
(0,0,0)
(0,0,0)
(0,0,0)
(0,0,0)
(-1.01656785610447e-12,-3.97586681203527e-11,1.49949080097032e-10)
(-7.48076241763249e-13,-7.95009594305054e-11,1.4354910210723e-10)
(4.11273477128682e-13,-1.23652206925622e-10,1.29758937547409e-10)
(2.340787508598e-12,-1.75377991821412e-10,1.05063348470836e-10)
(7.58295550181108e-12,-2.43142650452504e-10,6.29068074221744e-11)
(2.04374722137057e-11,-3.47082909107183e-10,-1.49977087646847e-11)
(3.26766979309198e-11,-5.68776094060467e-10,-1.9293581968924e-10)
(4.41620166280569e-11,-7.6211388555307e-10,-1.53234399170296e-10)
(3.21424653807882e-11,-9.10844385193962e-10,-6.77984922249413e-11)
(2.51482161391915e-11,-1.00842948340452e-09,-2.23243440867596e-11)
(0,0,0)
(0,0,0)
(0,0,0)
(0,0,0)
(0,0,0)
(0,0,0)
(-2.90016633863168e-13,-3.31293260432285e-11,2.20128114871865e-10)
(-9.16842502368139e-13,-6.5436455343889e-11,2.12833528544671e-10)
(-1.4033930001409e-12,-9.90421074313714e-11,1.96489315562077e-10)
(-1.17041637250913e-12,-1.33905362372916e-10,1.67939933189192e-10)
(4.76040583779685e-12,-1.67102348382677e-10,1.21870614438603e-10)
(4.53075703210758e-11,-1.73158737215696e-10,5.28703629606606e-11)
(3.79882508425472e-10,-6.37687809740783e-10,1.43250908165469e-16)
(1.05870616480735e-10,-8.57952226018179e-10,-3.72259048031477e-10)
(5.16776860749321e-11,-9.58239516773709e-10,-9.29362675218355e-11)
(3.42420209359403e-11,-1.03029841486273e-09,-1.86457152951881e-11)
(0,0,0)
(0,0,0)
(0,0,0)
(0,0,0)
(0,0,0)
(0,0,0)
(3.35818409636743e-13,-2.53067517300444e-11,3.04813532470787e-10)
(-1.12727359046097e-12,-4.8580729520049e-11,2.97259195881472e-10)
(-4.48962083179576e-12,-7.06943012809566e-11,2.8092923374611e-10)
(-1.00242862381246e-11,-8.90241610061583e-11,2.52251432593152e-10)
(-2.01391657129192e-11,-9.84270514630357e-11,2.03732823816177e-10)
(-3.42965862101231e-11,-9.33171130123036e-11,1.22145808480223e-10)
(-9.72249768373765e-17,5.92315430551747e-16,-2.40151420602232e-17)
(9.96522728556106e-11,-1.15284239684773e-09,4.88109770079738e-17)
(5.54933677396618e-11,-1.03364544981062e-09,2.17393281634635e-11)
(3.92719495034469e-11,-1.04724573477142e-09,2.24679422290121e-11)
(0,0,0)
(0,0,0)
(0,0,0)
(0,0,0)
(0,0,0)
(0,0,0)
(3.89995221445504e-13,-1.73611843412977e-11,4.07927692788172e-10)
(-2.34630984506015e-12,-3.2280310268755e-11,4.01627282792884e-10)
(-8.4841773315311e-12,-4.33236941379077e-11,3.88113112612761e-10)
(-2.08360589769601e-11,-4.44280637041879e-11,3.63818387360331e-10)
(-5.04509954188312e-11,-2.74770250646605e-11,3.19256218765501e-10)
(-1.15868058480251e-10,6.58809924483112e-12,2.23523285315158e-10)
(-2.09015603101542e-18,4.48358636128637e-16,-4.39283180582968e-17)
(1.19906219728262e-10,-1.13100899577639e-09,-2.18455858975594e-16)
(5.57737755801085e-11,-1.02164504454858e-09,1.23582905563807e-10)
(4.07806813989198e-11,-1.01809300674061e-09,7.71649188568644e-11)
(0,0,0)
(0,0,0)
(0,0,0)
(0,0,0)
(0,0,0)
(0,0,0)
(-2.15908534710803e-13,-1.07900663044987e-11,5.31921855265354e-10)
(-3.43931400459982e-12,-1.8995940471743e-11,5.27853803355967e-10)
(-1.00841933177236e-11,-2.07510909941821e-11,5.19479603798969e-10)
(-2.67803588552619e-11,-5.58411367541911e-12,5.06846041079645e-10)
(-8.68592221087317e-11,4.83708429294617e-11,4.86603614267765e-10)
(-3.6256479954663e-10,1.68045255989612e-10,4.2042313580049e-10)
(7.50581819013758e-17,6.16904188393095e-16,-7.61856698454395e-16)
(4.12399874451102e-11,-1.19298265551158e-09,7.45906240646481e-10)
(3.4661605423573e-11,-9.55887656213569e-10,3.57521269957385e-10)
(3.33662722237242e-11,-9.30661770921676e-10,1.58664818455227e-10)
(0,0,0)
(0,0,0)
(0,0,0)
(0,0,0)
(0,0,0)
(0,0,0)
(-5.91261766249885e-13,-6.50182660974722e-12,6.72664809440544e-10)
(-2.87544292803004e-12,-1.03951832170106e-11,6.70607697119562e-10)
(-7.29381805391061e-12,-8.28580399518108e-12,6.67384483099839e-10)
(-1.59223761246696e-11,1.05554828862542e-11,6.67538505636473e-10)
(-3.61350129440798e-11,8.14580244099825e-11,6.85287688876073e-10)
(-6.29479185357571e-11,3.47268974775966e-10,7.74624815219404e-10)
(2.12586230810696e-11,-7.45906338156802e-10,1.19586453663525e-09)
(2.71015376969523e-11,-7.46819492642865e-10,7.44085143953835e-10)
(2.88590346703893e-11,-7.38223343398066e-10,4.42441923829888e-10)
(3.02256462177752e-11,-7.61885012753751e-10,2.11502964706959e-10)
(0,0,0)
(0,0,0)
(0,0,0)
(0,0,0)
(0,0,0)
(0,0,0)
(-8.2655895271021e-14,-3.93880840613806e-12,8.1394104795372e-10)
(-1.58388386684737e-12,-6.07129170829953e-12,8.12272550456059e-10)
(-4.40071503123745e-12,-6.47018411666637e-12,8.10918816382294e-10)
(-7.26937820202174e-12,-3.03817882756688e-12,8.11880657592036e-10)
(-1.14771844914371e-11,2.74480346052368e-12,8.20914333569419e-10)
(-1.11383477611604e-11,-2.12213516546492e-11,8.48320086086285e-10)
(1.38353888937776e-11,-3.242929058605e-10,8.90930091571826e-10)
(2.34126123162006e-11,-4.36058498039412e-10,7.09592171159352e-10)
(2.85407276752875e-11,-4.97684590279877e-10,4.86624336897904e-10)
(3.06226875362484e-11,-5.42319757310094e-10,2.49719336216572e-10)
(0,0,0)
(0,0,0)
(0,0,0)
(0,0,0)
(0,0,0)
(0,0,0)
(6.54051812176815e-14,-1.79384006826512e-12,9.13758381050319e-10)
(-2.2564397754144e-13,-3.20566889335275e-12,9.12641412709971e-10)
(-2.11444047345848e-12,-4.67013223451798e-12,9.11712848575931e-10)
(-2.92871616801992e-12,-6.76333416780828e-12,9.10391351097648e-10)
(-2.08542342389381e-12,-1.50495215751577e-11,9.08569210649921e-10)
(2.68206707422429e-12,-4.73849082156907e-11,9.0067988253981e-10)
(1.33020342371675e-11,-1.42253686680337e-10,8.61971060085337e-10)
(2.20747985699797e-11,-2.07047493203166e-10,7.24745273357388e-10)
(2.75093594486916e-11,-2.53075353519236e-10,5.23936866651034e-10)
(3.0036868577843e-11,-2.85056119049058e-10,2.7799546773889e-10)
(0,0,0)
(0,0,0)
(0,0,0)
(0,0,0)
(0,0,0)
(0,0,0)
(0,0,0)
(0,0,0)
(0,0,0)
(0,0,0)
(0,0,0)
(0,0,0)
(0,0,0)
(0,0,0)
(0,0,0)
(0,0,0)
(0,0,0)
(0,0,0)
(0,0,0)
(0,0,0)
(0,0,0)
(0,0,0)
(0,0,0)
(0,0,0)
(0,0,0)
(0,0,0)
(0,0,0)
(0,0,0)
(0,0,0)
(0,0,0)
(0,0,0)
(0,0,0)
(0,0,0)
(0,0,0)
(0,0,0)
(0,0,0)
(0,0,0)
(0,0,0)
(0,0,0)
(0,0,0)
(0,0,0)
(0,0,0)
(0,0,0)
(0,0,0)
(0,0,0)
(0,0,0)
(0,0,0)
(0,0,0)
(0,0,0)
(0,0,0)
(0,0,0)
(0,0,0)
(0,0,0)
(0,0,0)
(0,0,0)
(0,0,0)
(0,0,0)
(0,0,0)
(0,0,0)
(0,0,0)
(0,0,0)
(0,0,0)
(0,0,0)
(0,0,0)
(0,0,0)
(0,0,0)
(0,0,0)
(0,0,0)
(0,0,0)
(0,0,0)
(0,0,0)
(0,0,0)
(0,0,0)
(0,0,0)
(0,0,0)
(0,0,0)
(0,0,0)
(0,0,0)
(0,0,0)
(0,0,0)
(0,0,0)
(0,0,0)
(0,0,0)
(0,0,0)
(0,0,0)
(0,0,0)
(0,0,0)
(0,0,0)
(0,0,0)
(0,0,0)
(0,0,0)
(0,0,0)
(0,0,0)
(0,0,0)
(0,0,0)
(0,0,0)
(0,0,0)
(0,0,0)
(0,0,0)
(0,0,0)
(0,0,0)
(0,0,0)
(-1.94887895654982e-13,-4.87396540583814e-11,4.92907463360069e-11)
(3.27281626635856e-13,-9.82927865913144e-11,4.62426123226247e-11)
(1.06880263673087e-12,-1.51820379294872e-10,4.013629555174e-11)
(2.73452649532141e-12,-2.12374930547552e-10,3.07762679115204e-11)
(4.87923310654658e-12,-2.89004687160764e-10,1.76243265286087e-11)
(7.00177293814236e-12,-3.86820405487133e-10,-1.48751168905995e-13)
(9.02843553185369e-12,-5.0785686444852e-10,-1.83001859915395e-11)
(9.62262664997171e-12,-6.33931610550312e-10,-2.20016119813027e-11)
(8.97954271097311e-12,-7.41443365557875e-10,-1.53607087195818e-11)
(8.87677551622139e-12,-8.06041578295691e-10,-6.95061999036713e-12)
(0,0,0)
(0,0,0)
(0,0,0)
(0,0,0)
(0,0,0)
(0,0,0)
(1.04634774242191e-13,-4.55151216667358e-11,9.84418653480962e-11)
(2.63051954094986e-13,-9.18024795143298e-11,9.34246715265728e-11)
(1.21471202185399e-12,-1.42000338501623e-10,8.28416447575036e-11)
(3.76864385469567e-12,-1.98712247782871e-10,6.49444424996798e-11)
(8.15420008226767e-12,-2.70436883922304e-10,3.70528379161814e-11)
(1.48582011484274e-11,-3.67346432911135e-10,-5.16685560819228e-12)
(2.43537769113839e-11,-5.02654456855159e-10,-5.99747149917809e-11)
(2.48181771474229e-11,-6.38732023590504e-10,-6.2152148785004e-11)
(1.95076436945448e-11,-7.4764546370436e-10,-3.70312720577925e-11)
(1.65611444128648e-11,-8.11032731392209e-10,-1.51933060370539e-11)
(0,0,0)
(0,0,0)
(0,0,0)
(0,0,0)
(0,0,0)
(0,0,0)
(-1.24593194342033e-12,-4.02011141636066e-11,1.54996180289573e-10)
(-1.02241576854458e-12,-8.07871152619228e-11,1.48359157181709e-10)
(4.96763059439199e-13,-1.23643417225357e-10,1.34015533929368e-10)
(3.02469910876107e-12,-1.70346993507615e-10,1.08831080722993e-10)
(9.44716961882133e-12,-2.27398742981171e-10,6.69260503615569e-11)
(2.44514112467529e-11,-3.10686796423594e-10,-8.66588364257714e-12)
(6.18869930922987e-11,-4.97174039847224e-10,-1.78665055215073e-10)
(5.45644501477457e-11,-6.59206233800414e-10,-1.52844393244999e-10)
(3.40634488223039e-11,-7.64946255539151e-10,-7.01211440727862e-11)
(2.46928035104101e-11,-8.22444459948016e-10,-2.37709286351233e-11)
(0,0,0)
(0,0,0)
(0,0,0)
(0,0,0)
(0,0,0)
(0,0,0)
(-8.18004619814365e-13,-3.34579112746235e-11,2.20518667840692e-10)
(-1.42835534362286e-12,-6.63072694241984e-11,2.13205610346629e-10)
(-1.20181677763228e-12,-9.86554651773344e-11,1.96652980459262e-10)
(1.77010113124328e-14,-1.29147645650049e-10,1.67662232324674e-10)
(5.08536039612487e-12,-1.52104497066411e-10,1.22897546336646e-10)
(1.83361658274267e-11,-1.38983461735402e-10,6.02807605044306e-11)
(1.14453297651646e-10,-5.17993049778399e-10,8.11796894488647e-17)
(1.21438006800637e-10,-7.31019373971531e-10,-3.61893941361918e-10)
(5.27930668852285e-11,-8.02983809554742e-10,-9.81437979063718e-11)
(3.25436255494875e-11,-8.40095365975863e-10,-2.21484600150312e-11)
(0,0,0)
(0,0,0)
(0,0,0)
(0,0,0)
(0,0,0)
(0,0,0)
(-5.54123898192992e-14,-2.57027599607133e-11,2.95262690726917e-10)
(-1.09773070637232e-12,-4.97146902038294e-11,2.88034215950309e-10)
(-3.18242682189422e-12,-7.10362597837973e-11,2.71562637668566e-10)
(-6.1017747630982e-12,-8.74557818483157e-11,2.41738570065001e-10)
(-9.50217677539438e-12,-9.41711436136626e-11,1.92492086970367e-10)
(-1.20559659718806e-11,-8.92163672547438e-11,1.13731150671024e-10)
(-2.60943014824626e-17,2.98822429777837e-16,-2.25165630229115e-17)
(5.60795924317815e-11,-9.72143513791214e-10,5.64661335434663e-17)
(4.27643484120895e-11,-8.64679447954524e-10,1.20738996570905e-11)
(3.25871637016572e-11,-8.53192767076817e-10,1.65162492353809e-11)
(0,0,0)
(0,0,0)
(0,0,0)
(0,0,0)
(0,0,0)
(0,0,0)
(1.19287179941285e-13,-1.77630796823988e-11,3.83455109909936e-10)
(-2.11650946196667e-12,-3.32995677723537e-11,3.77012336724189e-10)
(-6.76205522279188e-12,-4.40147275557418e-11,3.62248935558517e-10)
(-1.51178404109721e-11,-4.5434761175084e-11,3.34931644682954e-10)
(-3.05659299626097e-11,-3.13025560953183e-11,2.8562263904696e-10)
(-5.380188598155e-11,-6.29725877386611e-12,1.88515057751612e-10)
(3.89183262182484e-18,1.76825827434919e-16,-3.73208658638964e-17)
(5.82967554437884e-11,-9.44718611296611e-10,-1.61339742159463e-16)
(3.64343739520405e-11,-8.49476021432042e-10,1.02098991085697e-10)
(3.05143644368495e-11,-8.2472060833508e-10,6.51679882503712e-11)
(0,0,0)
(0,0,0)
(0,0,0)
(0,0,0)
(0,0,0)
(0,0,0)
(-4.36096320125311e-13,-1.09331168571236e-11,4.82597089164099e-10)
(-3.66587170226845e-12,-1.94014210637551e-11,4.77785097501793e-10)
(-9.91591759740091e-12,-2.10577348928449e-11,4.67183480634958e-10)
(-2.26775286050615e-11,-7.90723509424041e-12,4.48847366910799e-10)
(-5.37659251219673e-11,3.61983158331511e-11,4.15216196642784e-10)
(-1.2136462067584e-10,1.18944015520546e-10,3.25870987514798e-10)
(2.76159935569225e-17,2.84524859034636e-16,-3.8222542647673e-16)
(-1.65382047345313e-11,-9.92768990668376e-10,6.29223178897818e-10)
(1.58537441102943e-11,-7.89457642737243e-10,3.05192430217497e-10)
(2.32543325110401e-11,-7.45513618179904e-10,1.35575924574546e-10)
(0,0,0)
(0,0,0)
(0,0,0)
(0,0,0)
(0,0,0)
(0,0,0)
(-1.09716764886296e-12,-6.24043621869274e-12,5.84332410571767e-10)
(-3.97612041704012e-12,-1.00591341412389e-11,5.81261105123994e-10)
(-9.26346046910549e-12,-7.12819243896695e-12,5.75986183886501e-10)
(-2.00778976503961e-11,1.31323180245333e-11,5.71716241753791e-10)
(-4.67589183379791e-11,8.82896761014477e-11,5.79013078816181e-10)
(-1.15697313520889e-10,3.47722282431985e-10,6.4379871326041e-10)
(5.14245834661657e-11,-6.2922326429975e-10,9.9700879221541e-10)
(1.79837632174023e-11,-6.30241153735056e-10,6.26572479407382e-10)
(1.92592406751796e-11,-6.03302214948436e-10,3.70221671403137e-10)
(2.21633554810228e-11,-5.98935775262526e-10,1.74788761404713e-10)
(0,0,0)
(0,0,0)
(0,0,0)
(0,0,0)
(0,0,0)
(0,0,0)
(-5.59126735441213e-13,-3.27987461247585e-12,6.75181724542669e-10)
(-3.0957726080019e-12,-5.30669854371367e-12,6.7325773355154e-10)
(-7.16260812320933e-12,-5.04687861117009e-12,6.70647546712715e-10)
(-1.2577898839162e-11,5.94829734989912e-13,6.68961191915776e-10)
(-2.10886119726187e-11,1.34382608518842e-11,6.73057233706693e-10)
(-2.75847966856989e-11,1.84507486074484e-12,6.93222461687844e-10)
(1.31340901261142e-11,-2.73273356695009e-10,7.2966138759504e-10)
(1.73694417414096e-11,-3.64598862505071e-10,5.7596005442865e-10)
(2.08364915959641e-11,-3.9832787118641e-10,3.87727378829618e-10)
(2.30783854918478e-11,-4.15331929486552e-10,1.94923249130065e-10)
(0,0,0)
(0,0,0)
(0,0,0)
(0,0,0)
(0,0,0)
(0,0,0)
(-6.11466546698742e-13,-1.31679444110421e-12,7.31562914981687e-10)
(-2.50274873685454e-12,-2.71191544691006e-12,7.30604616239185e-10)
(-5.46307522969282e-12,-3.91810473649477e-12,7.28821619938798e-10)
(-7.86990988810131e-12,-4.5475589498382e-12,7.25718814929806e-10)
(-9.24561688893999e-12,-8.77383527501663e-12,7.21712392939299e-10)
(-5.99401868699525e-12,-3.4707781059793e-11,7.13577888514366e-10)
(8.27413428477944e-12,-1.19446126411224e-10,6.80177964907133e-10)
(1.5835712073168e-11,-1.70778157790161e-10,5.6304121060892e-10)
(2.03754048416034e-11,-1.98075346548641e-10,3.96995328672921e-10)
(2.2976217267657e-11,-2.12279091555832e-10,2.05073722171652e-10)
(0,0,0)
(0,0,0)
(0,0,0)
(0,0,0)
(0,0,0)
(0,0,0)
(0,0,0)
(0,0,0)
(0,0,0)
(0,0,0)
(0,0,0)
(0,0,0)
(0,0,0)
(0,0,0)
(0,0,0)
(0,0,0)
(0,0,0)
(0,0,0)
(0,0,0)
(0,0,0)
(0,0,0)
(0,0,0)
(0,0,0)
(0,0,0)
(0,0,0)
(0,0,0)
(0,0,0)
(0,0,0)
(0,0,0)
(0,0,0)
(0,0,0)
(0,0,0)
(0,0,0)
(0,0,0)
(0,0,0)
(0,0,0)
(0,0,0)
(0,0,0)
(0,0,0)
(0,0,0)
(0,0,0)
(0,0,0)
(0,0,0)
(0,0,0)
(0,0,0)
(0,0,0)
(0,0,0)
(0,0,0)
(0,0,0)
(0,0,0)
(0,0,0)
(0,0,0)
(0,0,0)
(0,0,0)
(0,0,0)
(0,0,0)
(0,0,0)
(0,0,0)
(0,0,0)
(0,0,0)
(0,0,0)
(0,0,0)
(0,0,0)
(0,0,0)
(0,0,0)
(0,0,0)
(0,0,0)
(0,0,0)
(0,0,0)
(0,0,0)
(0,0,0)
(0,0,0)
(0,0,0)
(0,0,0)
(0,0,0)
(0,0,0)
(0,0,0)
(0,0,0)
(0,0,0)
(0,0,0)
(0,0,0)
(0,0,0)
(0,0,0)
(0,0,0)
(0,0,0)
(0,0,0)
(0,0,0)
(0,0,0)
(0,0,0)
(0,0,0)
(0,0,0)
(0,0,0)
(0,0,0)
(0,0,0)
(0,0,0)
(0,0,0)
(0,0,0)
(0,0,0)
(0,0,0)
(0,0,0)
(0,0,0)
(0,0,0)
(-3.71286273843864e-13,-4.90916939962934e-11,5.12808198413223e-11)
(-5.67086794906417e-14,-9.96854407741232e-11,4.82685456861976e-11)
(6.08789483707948e-13,-1.51608976316136e-10,4.21463433671053e-11)
(2.22378511353539e-12,-2.07997840332215e-10,3.32244209833131e-11)
(4.08450756559336e-12,-2.76248426451208e-10,2.13210484380342e-11)
(5.67923518478569e-12,-3.59432045499139e-10,6.12285999285244e-12)
(7.52745392824517e-12,-4.58013177122752e-10,-9.21433270539891e-12)
(7.78213642843551e-12,-5.55956497712666e-10,-1.38696648717299e-11)
(6.77155212827265e-12,-6.34665596478806e-10,-1.00958775430077e-11)
(6.91730862242668e-12,-6.78939504689951e-10,-4.77947369718096e-12)
(0,0,0)
(0,0,0)
(0,0,0)
(0,0,0)
(0,0,0)
(0,0,0)
(-1.92178907338813e-13,-4.60694390791099e-11,1.02532928722833e-10)
(-1.69285529283192e-13,-9.34509908223823e-11,9.72044250754196e-11)
(7.54993003445887e-13,-1.42420524834429e-10,8.62768222132774e-11)
(3.29499416292597e-12,-1.95388560038688e-10,6.93524301356717e-11)
(7.33575266549169e-12,-2.59305994829905e-10,4.46966785033611e-11)
(1.30064240444434e-11,-3.40777882400142e-10,9.66799005772969e-12)
(2.10507936966798e-11,-4.48905739025889e-10,-3.34236776937438e-11)
(2.01715106301146e-11,-5.55712035017598e-10,-3.96799268231755e-11)
(1.49704695086571e-11,-6.36734189558997e-10,-2.44779173787862e-11)
(1.27795669314761e-11,-6.80865025427842e-10,-1.02683853659343e-11)
(0,0,0)
(0,0,0)
(0,0,0)
(0,0,0)
(0,0,0)
(0,0,0)
(-1.35211172453603e-12,-4.08297385985468e-11,1.57204935951677e-10)
(-1.15863835393477e-12,-8.26176564022333e-11,1.50666769578423e-10)
(6.93264217800911e-13,-1.25175879027956e-10,1.36382175235606e-10)
(3.73038161260032e-12,-1.6967540188619e-10,1.13070469658951e-10)
(9.7448577082412e-12,-2.2121792093498e-10,7.7000656714517e-11)
(2.27472481310264e-11,-2.89810204190107e-10,1.73624021457242e-11)
(5.68853410533942e-11,-4.26874191499547e-10,-1.04018377140137e-10)
(4.3654341146672e-11,-5.58960958329459e-10,-9.58254861047984e-11)
(2.57507874002842e-11,-6.43391390917228e-10,-4.4590118416549e-11)
(1.85727809031088e-11,-6.85544387493608e-10,-1.4971061145461e-11)
(0,0,0)
(0,0,0)
(0,0,0)
(0,0,0)
(0,0,0)
(0,0,0)
(-1.26009843966163e-12,-3.45681219848027e-11,2.17762446575838e-10)
(-1.46830467660099e-12,-6.86373507261344e-11,2.10250680698265e-10)
(1.69725963356966e-13,-1.01824664649948e-10,1.94080821876702e-10)
(3.09052319765676e-12,-1.33013914892391e-10,1.67627125557257e-10)
(9.7687927755644e-12,-1.57236892953193e-10,1.29127580326198e-10)
(2.88497506715039e-11,-1.49594252653227e-10,8.20455017604511e-11)
(-4.16460284075749e-11,-3.70306626093803e-10,7.89481984955375e-11)
(9.88120031647654e-11,-5.75278136070921e-10,-2.18044907313576e-10)
(3.84933673937135e-11,-6.57541365987299e-10,-5.62063974998019e-11)
(2.34925666353664e-11,-6.91576048533872e-10,-1.08428562546947e-11)
(0,0,0)
(0,0,0)
(0,0,0)
(0,0,0)
(0,0,0)
(0,0,0)
(-7.66617891565652e-13,-2.69758273461231e-11,2.83807045950618e-10)
(-1.04127485608059e-12,-5.28691552698784e-11,2.76418909325514e-10)
(-3.79891446368385e-13,-7.62646557826815e-11,2.60472344012765e-10)
(1.12368765829646e-12,-9.55391459428766e-11,2.33227904523565e-10)
(6.39017200561918e-12,-1.06899756875141e-10,1.90067569930217e-10)
(1.87560987348536e-11,-1.14738805995879e-10,1.2224438069427e-10)
(1.69196042940767e-17,3.02870632932111e-16,-8.22768585965212e-17)
(1.65808467462268e-11,-6.36414000771599e-10,4.54798321375401e-11)
(2.3118572311329e-11,-6.74688650958176e-10,3.09535025439237e-11)
(2.06312541954673e-11,-6.89282151093529e-10,2.1193841983095e-11)
(0,0,0)
(0,0,0)
(0,0,0)
(0,0,0)
(0,0,0)
(0,0,0)
(-2.67902459577113e-13,-1.92764696345169e-11,3.58577841661877e-10)
(-1.25125500489867e-12,-3.71727740458498e-11,3.51824504384692e-10)
(-2.40175701015873e-12,-5.10033543557498e-11,3.37202166945006e-10)
(-3.33636085577894e-12,-5.79858790899958e-11,3.11965862524658e-10)
(-9.59220595741698e-13,-5.29619840733762e-11,2.6860652668914e-10)
(9.47193479648987e-12,-3.73434403135258e-11,1.85963071224965e-10)
(2.02116773176753e-17,2.03275303747024e-16,-1.0995937316934e-16)
(4.2479823901146e-12,-5.97242820710363e-10,1.00520861679455e-10)
(1.33469980925702e-11,-6.47687819533748e-10,1.07710596729065e-10)
(1.64753625319549e-11,-6.56319107455228e-10,6.06511726949512e-11)
(0,0,0)
(0,0,0)
(0,0,0)
(0,0,0)
(0,0,0)
(0,0,0)
(-3.16785296251283e-13,-1.24269234353299e-11,4.38079297703539e-10)
(-2.40654175796044e-12,-2.33118665350586e-11,4.32696593248362e-10)
(-5.50934632710437e-12,-2.91219876914169e-11,4.21292015215093e-10)
(-1.00859114558559e-11,-2.5036737629729e-11,4.02501833159336e-10)
(-1.65120762622602e-11,-3.29566056006198e-13,3.69172051744496e-10)
(-2.42715178470427e-11,5.08239727524525e-11,2.88354805297108e-10)
(1.53173544283349e-17,2.54134258231773e-16,-3.48585294378391e-16)
(-5.50352929875411e-11,-5.78585549177509e-10,4.0634994964269e-10)
(-6.85178035591586e-13,-5.87649416440938e-10,2.34539330207024e-10)
(1.225241416814e-11,-5.85300305109885e-10,1.10392698607711e-10)
(0,0,0)
(0,0,0)
(0,0,0)
(0,0,0)
(0,0,0)
(0,0,0)
(-9.86423807319073e-13,-7.16242490799197e-12,5.13996551663584e-10)
(-3.45363477708404e-12,-1.31489802963628e-11,5.09989356729519e-10)
(-7.07483216417574e-12,-1.47332333017813e-11,5.02947876014173e-10)
(-1.48372464232556e-11,-5.11490877907105e-12,4.9458361221251e-10)
(-3.66931375326405e-11,3.84343140561391e-11,4.87435079413528e-10)
(-1.23030184904662e-10,1.88026830605498e-10,4.95641939788008e-10)
(6.59109886694901e-11,-3.89446448015495e-10,5.77539342017406e-10)
(8.69227999165465e-12,-4.45838371129928e-10,4.46489499600231e-10)
(9.71780691154888e-12,-4.63850105048075e-10,2.86513324113257e-10)
(1.33482711096871e-11,-4.68876984162059e-10,1.39149324397073e-10)
(0,0,0)
(0,0,0)
(0,0,0)
(0,0,0)
(0,0,0)
(0,0,0)
(-5.98215915700596e-13,-3.41290055533107e-12,5.76704087111729e-10)
(-3.08036886600287e-12,-7.01395105386494e-12,5.74372597262618e-10)
(-6.60502720092602e-12,-9.77325588802505e-12,5.70059465801537e-10)
(-1.15315519452706e-11,-8.77076305697193e-12,5.64114825599638e-10)
(-1.90417438268514e-11,-4.03825178415908e-12,5.57751821614585e-10)
(-2.74708666723627e-11,-2.00013327731878e-11,5.54036875065828e-10)
(1.30081930086475e-11,-2.03684833939783e-10,5.4449352979947e-10)
(1.17814126255281e-11,-2.80169294891321e-10,4.43155758577739e-10)
(1.33880966577273e-11,-3.11962143072099e-10,3.03605469976065e-10)
(1.49487966912478e-11,-3.23855074451825e-10,1.5291390389068e-10)
(0,0,0)
(0,0,0)
(0,0,0)
(0,0,0)
(0,0,0)
(0,0,0)
(-9.69962245300916e-13,-1.14119605307379e-12,6.12872673738396e-10)
(-3.43166788337743e-12,-3.21273503506399e-12,6.11699141208396e-10)
(-6.27837495719522e-12,-5.79476601553398e-12,6.08387362451187e-10)
(-8.41104684743254e-12,-7.84720375155923e-12,6.01883596197265e-10)
(-9.88494773902353e-12,-1.28166273010103e-11,5.91423510137095e-10)
(-7.30187613955561e-12,-3.42330008658541e-11,5.7422426410423e-10)
(5.96476217176915e-12,-9.56017349628652e-11,5.34234911546339e-10)
(1.11034362190077e-11,-1.35301193661613e-10,4.40003261046589e-10)
(1.42216647942112e-11,-1.55638628157248e-10,3.08659930488263e-10)
(1.57708478834753e-11,-1.64297052477905e-10,1.58038085533508e-10)
(0,0,0)
(0,0,0)
(0,0,0)
(0,0,0)
(0,0,0)
(0,0,0)
(0,0,0)
(0,0,0)
(0,0,0)
(0,0,0)
(0,0,0)
(0,0,0)
(0,0,0)
(0,0,0)
(0,0,0)
(0,0,0)
(0,0,0)
(0,0,0)
(0,0,0)
(0,0,0)
(0,0,0)
(0,0,0)
(0,0,0)
(0,0,0)
(0,0,0)
(0,0,0)
(0,0,0)
(0,0,0)
(0,0,0)
(0,0,0)
(0,0,0)
(0,0,0)
(0,0,0)
(0,0,0)
(0,0,0)
(0,0,0)
(0,0,0)
(0,0,0)
(0,0,0)
(0,0,0)
(0,0,0)
(0,0,0)
(0,0,0)
(0,0,0)
(0,0,0)
(0,0,0)
(0,0,0)
(0,0,0)
(0,0,0)
(0,0,0)
(0,0,0)
(0,0,0)
(0,0,0)
(0,0,0)
(0,0,0)
(0,0,0)
(0,0,0)
(0,0,0)
(0,0,0)
(0,0,0)
(0,0,0)
(0,0,0)
(0,0,0)
(0,0,0)
(0,0,0)
(0,0,0)
(0,0,0)
(0,0,0)
(0,0,0)
(0,0,0)
(0,0,0)
(0,0,0)
(0,0,0)
(0,0,0)
(0,0,0)
(0,0,0)
(0,0,0)
(0,0,0)
(0,0,0)
(0,0,0)
(0,0,0)
(0,0,0)
(0,0,0)
(0,0,0)
(0,0,0)
(0,0,0)
(0,0,0)
(0,0,0)
(0,0,0)
(0,0,0)
(0,0,0)
(0,0,0)
(0,0,0)
(0,0,0)
(0,0,0)
(0,0,0)
(0,0,0)
(0,0,0)
(0,0,0)
(0,0,0)
(0,0,0)
(0,0,0)
(-3.81267035829465e-13,-4.88246666442775e-11,5.0163530288473e-11)
(-1.68956312180903e-13,-9.90107554669428e-11,4.79961015703479e-11)
(3.42260385825246e-13,-1.49529006008287e-10,4.32591632092538e-11)
(1.5178773652716e-12,-2.03869205865201e-10,3.57284853340123e-11)
(2.34026438945966e-12,-2.66910254239486e-10,2.58128748404237e-11)
(2.36226478405055e-12,-3.39666730763837e-10,1.40123587569642e-11)
(3.0753479976823e-12,-4.20457174063661e-10,2.36497530629703e-12)
(3.76388640471006e-12,-4.96803254443155e-10,-2.90416507906632e-12)
(3.5237413625885e-12,-5.57391107075197e-10,-2.75774574120893e-12)
(4.06335566314556e-12,-5.9079437351833e-10,-1.55049841602009e-12)
(0,0,0)
(0,0,0)
(0,0,0)
(0,0,0)
(0,0,0)
(0,0,0)
(-1.0337574047887e-13,-4.6221438876308e-11,1.02419093023429e-10)
(-7.50170873134233e-14,-9.36435309948447e-11,9.79195190148087e-11)
(4.34739274588413e-13,-1.41718790208861e-10,8.83838251455486e-11)
(2.23758764274357e-12,-1.93500979844246e-10,7.38744605673962e-11)
(4.27636721620173e-12,-2.53781424867167e-10,5.37339797199115e-11)
(5.13041358586228e-12,-3.26060242358888e-10,2.76721438253939e-11)
(5.27549529976936e-12,-4.12793352825366e-10,-2.56434873737585e-13)
(8.21842449761821e-12,-4.94384495637693e-10,-9.84019406506081e-12)
(7.41813885410956e-12,-5.56378660833122e-10,-6.72938988505413e-12)
(7.19054363129281e-12,-5.89856800917333e-10,-2.79070385556018e-12)
(0,0,0)
(0,0,0)
(0,0,0)
(0,0,0)
(0,0,0)
(0,0,0)
(-1.0755619650317e-12,-4.10327024411485e-11,1.55852360808145e-10)
(-8.54349687208372e-13,-8.33495046396079e-11,1.50124923681498e-10)
(6.53755416459177e-13,-1.2671543204601e-10,1.37069335072322e-10)
(3.13870756327164e-12,-1.72505689950162e-10,1.17078085116571e-10)
(5.40208429521514e-12,-2.25580342377422e-10,8.82694342354609e-11)
(3.91207587998124e-12,-2.94567407199074e-10,4.6025154899208e-11)
(-7.87511538767698e-12,-3.98811813875538e-10,-1.24589015953329e-11)
(8.73615119986195e-12,-4.91694730377774e-10,-2.12725971988552e-11)
(1.02817051992233e-11,-5.55612161660379e-10,-9.48695758926372e-12)
(9.63338079786911e-12,-5.88387367956685e-10,-1.87205221378617e-12)
(0,0,0)
(0,0,0)
(0,0,0)
(0,0,0)
(0,0,0)
(0,0,0)
(-1.34062720078064e-12,-3.50711763350992e-11,2.13550338254859e-10)
(-1.06664131130436e-12,-7.01992683115389e-11,2.06315998998412e-10)
(1.06341341554764e-12,-1.06274979608439e-10,1.91251395639285e-10)
(4.11529947916417e-12,-1.42476606771389e-10,1.68201443016278e-10)
(6.51373526328538e-12,-1.8053581222037e-10,1.35107754235954e-10)
(-2.90839272092656e-12,-2.32143078158378e-10,8.35323458161358e-11)
(-1.14959851562815e-10,-3.91984891167513e-10,-3.70833673774525e-11)
(-1.89064194833263e-12,-4.94671425066274e-10,-2.37398726071778e-11)
(1.0277111119421e-11,-5.55419941832644e-10,1.08566061274677e-12)
(1.03558129403243e-11,-5.84283636019004e-10,6.27134088217141e-12)
(0,0,0)
(0,0,0)
(0,0,0)
(0,0,0)
(0,0,0)
(0,0,0)
(-1.07783897806236e-12,-2.80085666875509e-11,2.74935591117104e-10)
(-7.91090767376773e-13,-5.5550542215401e-11,2.6735860572954e-10)
(1.6032466159044e-12,-8.32039429498626e-11,2.52475877892942e-10)
(6.73075539875065e-12,-1.08459395803382e-10,2.2958729832284e-10)
(2.02755884398149e-11,-1.26088785040418e-10,1.98571879829365e-10)
(6.36051960236391e-11,-1.12226225829267e-10,1.64925895745415e-10)
(-4.54797978994654e-11,-4.95251811653801e-10,1.63840724228158e-10)
(-8.0640037214429e-12,-5.15121842425658e-10,8.69547153623726e-11)
(5.87740144764922e-12,-5.51319274914698e-10,5.62749030017963e-11)
(8.86205254029398e-12,-5.70794064591645e-10,3.00544388242491e-11)
(0,0,0)
(0,0,0)
(0,0,0)
(0,0,0)
(0,0,0)
(0,0,0)
(-3.6411138162478e-13,-2.08621070896466e-11,3.40253270288376e-10)
(-4.89825075968436e-13,-4.11521917166116e-11,3.33387906834484e-10)
(9.53180745856529e-13,-6.05354051355911e-11,3.19982508797109e-10)
(7.07383351946916e-12,-7.62495457957604e-11,2.99707282399885e-10)
(2.90518168510765e-11,-8.2763435791616e-11,2.73537608612888e-10)
(1.07267702914872e-10,-6.22580353791867e-11,2.51070980371418e-10)
(-1.00521002286106e-10,-4.50700009836048e-10,2.79469331027695e-10)
(-2.15990241923656e-11,-4.86179905295705e-10,1.7762170689375e-10)
(3.68019033935286e-13,-5.19518300769956e-10,1.17779378426893e-10)
(6.10773288158729e-12,-5.34726782303035e-10,5.99057695253917e-11)
(0,0,0)
(0,0,0)
(0,0,0)
(0,0,0)
(0,0,0)
(0,0,0)
(-1.98579368382668e-13,-1.41305032437505e-11,4.05114757784239e-10)
(-1.16484996347722e-12,-2.80522225885631e-11,3.9998975273103e-10)
(-1.10791866090279e-12,-4.08130648216762e-11,3.89204520424207e-10)
(3.32204110828545e-12,-4.91039286499765e-11,3.73339062722692e-10)
(2.55412900730062e-11,-4.63425288357452e-11,3.55698436594181e-10)
(1.26880778182292e-10,-9.57945984836626e-12,3.55284618423878e-10)
(-1.69035807608229e-11,-4.32846132597399e-10,4.93721076856729e-10)
(-1.59718515995196e-11,-4.39075845555228e-10,3.07769970458199e-10)
(-3.37857829178932e-13,-4.60317314299093e-10,1.89641666643124e-10)
(6.22179182795957e-12,-4.70423061012197e-10,9.20734198554364e-11)
(0,0,0)
(0,0,0)
(0,0,0)
(0,0,0)
(0,0,0)
(0,0,0)
(-7.28753225885386e-13,-8.77799696340862e-12,4.64362510894905e-10)
(-2.54718330431664e-12,-1.74700013471471e-11,4.60500105612049e-10)
(-3.67054577621615e-12,-2.62264643683981e-11,4.52532685066187e-10)
(-4.03285934638744e-12,-3.23189101260808e-11,4.41435800227983e-10)
(-2.42743206682509e-12,-3.40136721754896e-11,4.29307609592836e-10)
(3.100576244587e-12,-5.12159066528824e-11,4.23968379978868e-10)
(1.1199217010996e-11,-2.63325804143662e-10,4.34499108498473e-10)
(2.99937924003148e-12,-3.32792650777437e-10,3.39781125896977e-10)
(5.1938446517934e-12,-3.63735879434803e-10,2.26572837406213e-10)
(7.47568579656818e-12,-3.75349254040587e-10,1.12691274150075e-10)
(0,0,0)
(0,0,0)
(0,0,0)
(0,0,0)
(0,0,0)
(0,0,0)
(-5.38430568785881e-13,-4.74905331801744e-12,5.11133268089774e-10)
(-2.56845342375102e-12,-9.91863232932083e-12,5.08719140611182e-10)
(-4.63887687150347e-12,-1.68392483482042e-11,5.02717509128969e-10)
(-6.09210726563547e-12,-2.39922112851434e-11,4.92536948403414e-10)
(-6.54842176125785e-12,-3.44237182804188e-11,4.78501409925614e-10)
(-3.69585331332681e-12,-6.67198256217581e-11,4.6067383780553e-10)
(6.26286525350136e-12,-1.6222271414871e-10,4.3013715716492e-10)
(6.46359999749681e-12,-2.18486120372788e-10,3.50154357885913e-10)
(7.75614782825492e-12,-2.47782544878135e-10,2.42890206221768e-10)
(8.30467860801438e-12,-2.59306117233319e-10,1.23240895330651e-10)
(0,0,0)
(0,0,0)
(0,0,0)
(0,0,0)
(0,0,0)
(0,0,0)
(-9.3762576837461e-13,-1.95360612417513e-12,5.37059163619162e-10)
(-3.3326241612321e-12,-4.511080358489e-12,5.35157803893847e-10)
(-5.56937471880724e-12,-8.61532871383499e-12,5.29612540379242e-10)
(-5.79816453882106e-12,-1.36237020252055e-11,5.19011369352286e-10)
(-5.50232900716942e-12,-2.20220767028191e-11,5.02573500524557e-10)
(-1.54552444752331e-12,-4.1754924731328e-11,4.77336887005856e-10)
(4.59467770865348e-12,-7.9821838799707e-11,4.327803486906e-10)
(7.1455731157159e-12,-1.08183226715667e-10,3.53690833069834e-10)
(9.20488159170686e-12,-1.24630048112235e-10,2.48027343139707e-10)
(9.51188093906345e-12,-1.31614879024365e-10,1.26871075549342e-10)
(0,0,0)
(0,0,0)
(0,0,0)
(0,0,0)
(0,0,0)
(0,0,0)
(0,0,0)
(0,0,0)
(0,0,0)
(0,0,0)
(0,0,0)
(0,0,0)
(0,0,0)
(0,0,0)
(0,0,0)
(0,0,0)
(0,0,0)
(0,0,0)
(0,0,0)
(0,0,0)
(0,0,0)
(0,0,0)
(0,0,0)
(0,0,0)
(0,0,0)
(0,0,0)
(0,0,0)
(0,0,0)
(0,0,0)
(0,0,0)
(0,0,0)
(0,0,0)
(0,0,0)
(0,0,0)
(0,0,0)
(0,0,0)
(0,0,0)
(0,0,0)
(0,0,0)
(0,0,0)
(0,0,0)
(0,0,0)
(0,0,0)
(0,0,0)
(0,0,0)
(0,0,0)
(0,0,0)
(0,0,0)
(0,0,0)
(0,0,0)
(0,0,0)
(0,0,0)
(0,0,0)
(0,0,0)
(0,0,0)
(0,0,0)
(0,0,0)
(0,0,0)
(0,0,0)
(0,0,0)
(0,0,0)
(0,0,0)
(0,0,0)
(0,0,0)
(0,0,0)
(0,0,0)
(0,0,0)
(0,0,0)
(0,0,0)
(0,0,0)
(0,0,0)
(0,0,0)
(0,0,0)
(0,0,0)
(0,0,0)
(0,0,0)
(0,0,0)
(0,0,0)
(0,0,0)
(0,0,0)
(0,0,0)
(0,0,0)
(0,0,0)
(0,0,0)
(0,0,0)
(0,0,0)
(0,0,0)
(0,0,0)
(0,0,0)
(0,0,0)
(0,0,0)
(0,0,0)
(0,0,0)
(0,0,0)
(0,0,0)
(0,0,0)
(0,0,0)
(0,0,0)
(0,0,0)
(0,0,0)
(0,0,0)
(0,0,0)
(-8.17066085668566e-13,-4.77613579559102e-11,4.8621363122845e-11)
(-7.99242423178601e-13,-9.63001921948425e-11,4.6663175221614e-11)
(6.27224616323499e-14,-1.4652501209803e-10,4.2819847231359e-11)
(1.06526183793025e-12,-2.00301171782257e-10,3.68862683685387e-11)
(1.01195110057248e-12,-2.60384356041284e-10,2.9442672969034e-11)
(4.03159829827127e-13,-3.266834109449e-10,2.06442969336326e-11)
(6.80667144701769e-13,-3.95833806682584e-10,1.16334255246847e-11)
(1.19870826134845e-12,-4.58383185038952e-10,5.7398822129547e-12)
(1.30404779531196e-12,-5.06794103975045e-10,3.00362701691622e-12)
(1.57528464616075e-12,-5.32972103869557e-10,1.33315614196245e-12)
(0,0,0)
(0,0,0)
(0,0,0)
(0,0,0)
(0,0,0)
(0,0,0)
(-7.92538167025142e-13,-4.5714919319062e-11,1.0079867044924e-10)
(-8.33349573308592e-13,-9.25768507758936e-11,9.68128918570033e-11)
(-5.92543100801403e-14,-1.40790150742101e-10,8.85106811717993e-11)
(1.38277859614633e-12,-1.92509406627805e-10,7.60774182790823e-11)
(2.13712062096951e-12,-2.50925687265013e-10,6.03705577137218e-11)
(1.56615712515661e-12,-3.17293422956248e-10,4.18396919311185e-11)
(8.77715541324647e-13,-3.89284559133963e-10,2.29832003223363e-11)
(2.417855057684e-12,-4.54567025404812e-10,1.18043425696158e-11)
(2.71295365187036e-12,-5.03917930907003e-10,7.11126555849844e-12)
(2.93040681514418e-12,-5.30067355449458e-10,3.60863621010001e-12)
(0,0,0)
(0,0,0)
(0,0,0)
(0,0,0)
(0,0,0)
(0,0,0)
(-1.30965094444295e-12,-4.13989112444884e-11,1.54889699594395e-10)
(-9.48997406103923e-13,-8.42732957463371e-11,1.49411727647532e-10)
(2.0455293464646e-13,-1.28530627492897e-10,1.37565829978966e-10)
(1.91827526559795e-12,-1.76211722513681e-10,1.20444974187553e-10)
(2.60183347442626e-12,-2.31126718664621e-10,9.80344690763107e-11)
(-2.81966661285e-14,-2.97419681044914e-10,6.95595628933368e-11)
(-5.88834249225718e-12,-3.77184255834885e-10,3.7799274222031e-11)
(-7.27937211963641e-14,-4.47804913927714e-10,2.13508612329014e-11)
(2.47457999597848e-12,-4.98304782656677e-10,1.43694529756474e-11)
(3.65759664639029e-12,-5.2424620090927e-10,7.96237089677249e-12)
(0,0,0)
(0,0,0)
(0,0,0)
(0,0,0)
(0,0,0)
(0,0,0)
(-1.16889759191717e-12,-3.60902787043986e-11,2.11033117139778e-10)
(-6.50764048293134e-13,-7.27416862636292e-11,2.03853834318545e-10)
(1.04232938000319e-12,-1.11258969216882e-10,1.89629527487244e-10)
(3.19177729148295e-12,-1.52556748258937e-10,1.70018505910317e-10)
(3.64211650314238e-12,-2.00908099237555e-10,1.4443912109435e-10)
(-2.20953185648349e-12,-2.65334223693058e-10,1.10393117184945e-10)
(-2.50364258468324e-11,-3.64150623630912e-10,6.59494785614687e-11)
(-6.26575780887142e-12,-4.39628334868423e-10,4.4549148069259e-11)
(9.9076393200658e-13,-4.89208990347753e-10,3.1942450768554e-11)
(3.13758239516634e-12,-5.13257196327582e-10,1.74698767143885e-11)
(0,0,0)
(0,0,0)
(0,0,0)
(0,0,0)
(0,0,0)
(0,0,0)
(-6.47313188431846e-13,-2.94930734676046e-11,2.68905513856266e-10)
(-3.06713429563131e-13,-5.90482853592611e-11,2.61509244178834e-10)
(1.82328837175212e-12,-9.11725535201649e-11,2.47342101212433e-10)
(5.53632388457405e-12,-1.25245535043585e-10,2.27763382902391e-10)
(1.05962232749938e-11,-1.64846766499109e-10,2.03456198052495e-10)
(1.47221770908405e-11,-2.22501477900586e-10,1.75627074487163e-10)
(-1.31455908514586e-11,-3.61992188858859e-10,1.48042231218908e-10)
(-6.32612849079379e-12,-4.30261717907624e-10,1.05678458796762e-10)
(2.9689148059613e-13,-4.73027983734636e-10,6.99889907568356e-11)
(2.84920907591191e-12,-4.93099972325479e-10,3.54250285665939e-11)
(0,0,0)
(0,0,0)
(0,0,0)
(0,0,0)
(0,0,0)
(0,0,0)
(-2.30351773605995e-13,-2.26459139107291e-11,3.27935203222103e-10)
(-1.84396166635656e-13,-4.53459993880619e-11,3.21422767576354e-10)
(1.50606682915561e-12,-7.08153623567191e-11,3.08762784334914e-10)
(6.09789016068898e-12,-9.81429464277934e-11,2.90715166708762e-10)
(1.50975381366893e-11,-1.30746858744345e-10,2.69109431977712e-10)
(2.61907767278054e-11,-1.84287285832547e-10,2.47495699381712e-10)
(-1.65272553908678e-11,-3.30016051410736e-10,2.29022766625632e-10)
(-8.86075546609108e-12,-3.98380336870954e-10,1.72058338550932e-10)
(-9.59358535422372e-13,-4.37853289540357e-10,1.1472017678197e-10)
(1.70978111616652e-12,-4.55653847537264e-10,5.77100618341462e-11)
(0,0,0)
(0,0,0)
(0,0,0)
(0,0,0)
(0,0,0)
(0,0,0)
(-4.2608059553551e-13,-1.61840451984884e-11,3.84887158418997e-10)
(-9.61838898068124e-13,-3.27271481300493e-11,3.79873324925399e-10)
(1.70938587311058e-13,-5.20323209668595e-11,3.69003427792712e-10)
(4.17764871290399e-12,-7.33661227663534e-11,3.53228267358952e-10)
(1.3626251583074e-11,-9.97202508018048e-11,3.35410752877453e-10)
(3.0080766553988e-11,-1.46562925761678e-10,3.2065910218175e-10)
(-4.72802815942577e-13,-2.87357299253728e-10,3.15819583578933e-10)
(-4.12674256214214e-12,-3.47301542948828e-10,2.40205660470061e-10)
(6.48954094231261e-13,-3.81370285064672e-10,1.59211751424462e-10)
(3.22140471177682e-12,-3.96430805180473e-10,7.9436425035993e-11)
(0,0,0)
(0,0,0)
(0,0,0)
(0,0,0)
(0,0,0)
(0,0,0)
(-8.95291588405938e-13,-1.09372963559079e-11,4.35006603394814e-10)
(-2.13113177630013e-12,-2.19084214184365e-11,4.30444918241222e-10)
(-1.960876958172e-12,-3.62003877323864e-11,4.21161354093296e-10)
(-2.31367552191154e-13,-5.34870142678567e-11,4.07570906217833e-10)
(3.32184365206121e-12,-7.62826700636241e-11,3.90473433247597e-10)
(8.07376669394686e-12,-1.19101902151924e-10,3.70409045119084e-10)
(4.81410961746334e-12,-2.12997762891182e-10,3.43310143113484e-10)
(1.90113732615528e-12,-2.69295610702795e-10,2.74298897564421e-10)
(3.12207335125139e-12,-3.01159523567916e-10,1.87566022818432e-10)
(4.12382313937488e-12,-3.14812820766188e-10,9.47249646857032e-11)
(0,0,0)
(0,0,0)
(0,0,0)
(0,0,0)
(0,0,0)
(0,0,0)
(-9.19750284047658e-13,-6.38475905412845e-12,4.72368367564815e-10)
(-1.97437391234587e-12,-1.32958015577619e-11,4.68844898154049e-10)
(-2.68223578032295e-12,-2.37366988310369e-11,4.6115701827339e-10)
(-2.42507804776901e-12,-3.69823093780307e-11,4.47919686467799e-10)
(-1.12249121879587e-12,-5.50233571601281e-11,4.28425011151596e-10)
(1.87592643684024e-12,-8.76026072320233e-11,4.01062215378377e-10)
(3.84478918354597e-12,-1.41390393139287e-10,3.60036314088923e-10)
(3.42485800451076e-12,-1.81550543147705e-10,2.91541403191028e-10)
(4.25296195349748e-12,-2.06399936473563e-10,2.03220905256801e-10)
(3.8543357297126e-12,-2.17551460754326e-10,1.03911820735898e-10)
(0,0,0)
(0,0,0)
(0,0,0)
(0,0,0)
(0,0,0)
(0,0,0)
(-9.8987216723419e-13,-2.87017356125462e-12,4.92608822173279e-10)
(-2.2984410051169e-12,-6.3357927626401e-12,4.89497739693039e-10)
(-3.58353240568626e-12,-1.21097689485403e-11,4.82054350649886e-10)
(-2.98399773629527e-12,-1.93590890057644e-11,4.67975035656881e-10)
(-2.28779219128835e-12,-2.91959001642749e-11,4.46498560356655e-10)
(1.25608913640471e-12,-4.63699546488828e-11,4.15255901482258e-10)
(3.86235452970447e-12,-7.10974972643981e-11,3.68509531491584e-10)
(4.62583633017822e-12,-9.1453987956431e-11,2.98596776415553e-10)
(5.73110106982779e-12,-1.04659270121042e-10,2.09108492244806e-10)
(4.76807746402767e-12,-1.1100698782107e-10,1.07602479927474e-10)
(0,0,0)
(0,0,0)
(0,0,0)
(0,0,0)
(0,0,0)
(0,0,0)
(0,0,0)
(0,0,0)
(0,0,0)
(0,0,0)
(0,0,0)
(0,0,0)
(0,0,0)
(0,0,0)
(0,0,0)
(0,0,0)
(0,0,0)
(0,0,0)
(0,0,0)
(0,0,0)
(0,0,0)
(0,0,0)
(0,0,0)
(0,0,0)
(0,0,0)
(0,0,0)
(0,0,0)
(0,0,0)
(0,0,0)
(0,0,0)
(0,0,0)
(0,0,0)
(0,0,0)
(0,0,0)
(0,0,0)
(0,0,0)
(0,0,0)
(0,0,0)
(0,0,0)
(0,0,0)
(0,0,0)
(0,0,0)
(0,0,0)
(0,0,0)
(0,0,0)
(0,0,0)
(0,0,0)
(0,0,0)
(0,0,0)
(0,0,0)
(0,0,0)
(0,0,0)
(0,0,0)
(0,0,0)
(0,0,0)
(0,0,0)
(0,0,0)
(0,0,0)
(0,0,0)
(0,0,0)
(0,0,0)
(0,0,0)
(0,0,0)
(0,0,0)
(0,0,0)
(0,0,0)
(0,0,0)
(0,0,0)
(0,0,0)
(0,0,0)
(0,0,0)
(0,0,0)
(0,0,0)
(0,0,0)
(0,0,0)
(0,0,0)
(0,0,0)
(0,0,0)
(0,0,0)
(0,0,0)
(0,0,0)
(0,0,0)
(0,0,0)
(0,0,0)
(0,0,0)
(0,0,0)
(0,0,0)
(0,0,0)
(0,0,0)
(0,0,0)
(0,0,0)
(0,0,0)
(0,0,0)
(0,0,0)
(0,0,0)
(0,0,0)
(0,0,0)
(0,0,0)
(0,0,0)
(0,0,0)
(0,0,0)
(0,0,0)
(-9.0531682128014e-13,-4.6640823486998e-11,4.86173511316938e-11)
(-6.79255851872826e-13,-9.4112933651134e-11,4.59151322885075e-11)
(2.61439968516523e-13,-1.45046311559678e-10,4.23311023074333e-11)
(7.17092083004191e-13,-1.99012728684031e-10,3.77565602036768e-11)
(3.51658359685881e-13,-2.57069526576831e-10,3.16859329298154e-11)
(2.40432501209944e-14,-3.19920021859826e-10,2.39254786606055e-11)
(2.49629078151539e-14,-3.82804835487792e-10,1.61951937178171e-11)
(1.18803823258399e-13,-4.38280454412943e-10,1.01187756098164e-11)
(9.83456022184974e-14,-4.80281912989853e-10,5.92390964007368e-12)
(3.69236801807512e-15,-5.03288069672172e-10,2.9705433288798e-12)
(0,0,0)
(0,0,0)
(0,0,0)
(0,0,0)
(0,0,0)
(0,0,0)
(-1.12276764936813e-12,-4.48439214650865e-11,1.00231665594029e-10)
(-8.34693917639016e-13,-9.12081595219559e-11,9.57146339760994e-11)
(1.14485333465503e-13,-1.40210329487427e-10,8.80085247581822e-11)
(7.91955047341894e-13,-1.92225009327148e-10,7.70407862387348e-11)
(8.69017803202128e-13,-2.48957413947922e-10,6.37246394484662e-11)
(5.4890682256561e-13,-3.12165693666888e-10,4.85915928511429e-11)
(-4.37300050414028e-14,-3.76703454472007e-10,3.34657573902333e-11)
(3.48820591701122e-13,-4.33966784619923e-10,2.19986446619969e-11)
(6.02434749938436e-13,-4.77230201076444e-10,1.4048789959958e-11)
(7.17888485065168e-13,-5.00313833975277e-10,7.1421894092241e-12)
(0,0,0)
(0,0,0)
(0,0,0)
(0,0,0)
(0,0,0)
(0,0,0)
(-1.14031153765162e-12,-4.14496574965215e-11,1.54325959540601e-10)
(-6.34709220235269e-13,-8.43367442216722e-11,1.48544712955421e-10)
(5.37504500186125e-14,-1.29128105634499e-10,1.37974048895383e-10)
(6.7380612207221e-13,-1.78116907489552e-10,1.22954432930546e-10)
(8.58120230339868e-13,-2.32955349547384e-10,1.0373604551602e-10)
(-3.53365346684665e-13,-2.96490951383428e-10,8.11778859205922e-11)
(-2.47356170707119e-12,-3.65280071748817e-10,5.7612730092855e-11)
(-1.26796452327214e-12,-4.25668109326174e-10,3.97790900882251e-11)
(-2.14130234095267e-13,-4.69721165775771e-10,2.61687156182673e-11)
(6.30962961484977e-13,-4.92453756080991e-10,1.33925383562972e-11)
(0,0,0)
(0,0,0)
(0,0,0)
(0,0,0)
(0,0,0)
(0,0,0)
(-5.86820007467133e-13,-3.68087224489983e-11,2.08975178099032e-10)
(-1.19858121390458e-13,-7.44007893818263e-11,2.01976852194159e-10)
(5.66935260244848e-13,-1.14054739219679e-10,1.89018845784671e-10)
(1.45994889210253e-12,-1.58224713952938e-10,1.71671207142653e-10)
(1.62678767409067e-12,-2.09539069721631e-10,1.49723020858905e-10)
(-5.98639025439611e-13,-2.73279160902388e-10,1.2294362764249e-10)
(-5.79453012662294e-12,-3.49919993451246e-10,9.29983323480979e-11)
(-3.02567746899183e-12,-4.13325699379489e-10,6.76288465658582e-11)
(-7.17668626906861e-13,-4.57159118747893e-10,4.53711287061619e-11)
(4.5023510746096e-13,-4.78430254763213e-10,2.33288327951593e-11)
(0,0,0)
(0,0,0)
(0,0,0)
(0,0,0)
(0,0,0)
(0,0,0)
(-9.82030678513544e-14,-3.03972165516049e-11,2.64887402211158e-10)
(1.5814356566446e-13,-6.15626410937296e-11,2.57880916604169e-10)
(1.04481551831483e-12,-9.61401653174388e-11,2.44514792974073e-10)
(2.74092011867281e-12,-1.34816578777047e-10,2.2647358236972e-10)
(4.32543908558804e-12,-1.81132888831124e-10,2.04515768511311e-10)
(4.09282829104795e-12,-2.43932504633458e-10,1.78700824682407e-10)
(-2.75795587741574e-12,-3.30345037795641e-10,1.49492783909912e-10)
(-2.51804148758925e-12,-3.94093658988748e-10,1.13308257371185e-10)
(-3.13840523436257e-13,-4.35834491463812e-10,7.56972413643709e-11)
(8.28112854284424e-13,-4.54651186860599e-10,3.78996527930128e-11)
(0,0,0)
(0,0,0)
(0,0,0)
(0,0,0)
(0,0,0)
(0,0,0)
(-1.79784840106431e-13,-2.34889340124887e-11,3.21701833384934e-10)
(-1.43264183184919e-13,-4.80383738979644e-11,3.15394514240756e-10)
(7.7064306544069e-13,-7.70541391947851e-11,3.03024461779889e-10)
(2.926801230287e-12,-1.10117844799919e-10,2.85472465715257e-10)
(5.68466279010154e-12,-1.50992505916664e-10,2.6408851403955e-10)
(6.93934941300909e-12,-2.10631635569907e-10,2.39937459684791e-10)
(-2.22157947312341e-12,-2.96918467134317e-10,2.10719313696037e-10)
(-2.60138761922259e-12,-3.5900068446955e-10,1.64446286451954e-10)
(-4.32248063313184e-13,-3.98350743415861e-10,1.11393597040572e-10)
(1.9680059347379e-13,-4.15923421213302e-10,5.61806478342257e-11)
(0,0,0)
(0,0,0)
(0,0,0)
(0,0,0)
(0,0,0)
(0,0,0)
(-6.58995944535924e-13,-1.73613997084061e-11,3.7581469993885e-10)
(-9.1066847697822e-13,-3.58115856202826e-11,3.69877127379017e-10)
(1.14165786644771e-13,-5.87315000647222e-11,3.58156663734658e-10)
(2.11605469586444e-12,-8.58070918939378e-11,3.42153617212392e-10)
(4.94032154059324e-12,-1.21156788771756e-10,3.22861089962005e-10)
(7.45926154706655e-12,-1.74474140168166e-10,2.99860134460996e-10)
(7.81583930330565e-13,-2.52867019363354e-10,2.69286649362868e-10)
(-1.13876576258925e-12,-3.08549382677407e-10,2.13101357876124e-10)
(2.13518985967709e-13,-3.43570042272822e-10,1.45526018691505e-10)
(1.03984533348515e-12,-3.59545972785596e-10,7.35510079198991e-11)
(0,0,0)
(0,0,0)
(0,0,0)
(0,0,0)
(0,0,0)
(0,0,0)
(-8.8614373655328e-13,-1.20828230930996e-11,4.21763151628716e-10)
(-1.46018748907307e-12,-2.50017904528941e-11,4.15888006247781e-10)
(-8.3411798406829e-13,-4.26142877557993e-11,4.04932887343052e-10)
(3.61400528230293e-13,-6.43985099476987e-11,3.9001766946848e-10)
(2.12691887709911e-12,-9.32155117301436e-11,3.70626796261939e-10)
(3.67337377959829e-12,-1.36441393523032e-10,3.44309524376558e-10)
(2.21798541465333e-12,-1.95900143946242e-10,3.06362639476321e-10)
(8.88944517058872e-13,-2.42112809255378e-10,2.45823964900463e-10)
(1.20354438963673e-12,-2.71381512515226e-10,1.69911291725204e-10)
(1.58742781318556e-12,-2.84955119532212e-10,8.6238693965432e-11)
(0,0,0)
(0,0,0)
(0,0,0)
(0,0,0)
(0,0,0)
(0,0,0)
(-9.10866366148639e-13,-7.0938214486996e-12,4.54811685133017e-10)
(-1.24650282680858e-12,-1.55068590372785e-11,4.49985361757842e-10)
(-1.07183385722631e-12,-2.85331878652768e-11,4.40602806214473e-10)
(-5.53623103836446e-13,-4.46462362129087e-11,4.2554499357316e-10)
(4.12847558576534e-13,-6.47713209676762e-11,4.03664110955882e-10)
(1.66917514316398e-12,-9.48211348431876e-11,3.72850807813541e-10)
(2.04680420653463e-12,-1.33143483955754e-10,3.2852763601009e-10)
(1.64880074746573e-12,-1.65311191563053e-10,2.65090156803849e-10)
(1.82138012189123e-12,-1.86505370365827e-10,1.85211213139611e-10)
(1.2216835323629e-12,-1.9712899775359e-10,9.52100270073537e-11)
(0,0,0)
(0,0,0)
(0,0,0)
(0,0,0)
(0,0,0)
(0,0,0)
(-7.4896324824853e-13,-3.17836443966355e-12,4.71361830780766e-10)
(-1.19084472460665e-12,-7.37080632072151e-12,4.67434503092854e-10)
(-1.61398636122063e-12,-1.45472090811865e-11,4.58872852047526e-10)
(-8.66611441834743e-13,-2.33189766994654e-11,4.42711656605119e-10)
(-2.41033481154775e-13,-3.35451702667766e-11,4.18526068463819e-10)
(1.63250447818425e-12,-4.8828787896548e-11,3.84739864715887e-10)
(2.67761234134255e-12,-6.76592005429938e-11,3.37543581297523e-10)
(2.66013254449131e-12,-8.37834471513511e-11,2.72561993095872e-10)
(2.5778432661145e-12,-9.46828041116778e-11,1.91438678489012e-10)
(1.36356957042631e-12,-1.00697287213875e-10,9.9333717643449e-11)
(0,0,0)
(0,0,0)
(0,0,0)
(0,0,0)
(0,0,0)
(0,0,0)
(0,0,0)
(0,0,0)
(0,0,0)
(0,0,0)
(0,0,0)
(0,0,0)
(0,0,0)
(0,0,0)
(0,0,0)
(0,0,0)
(0,0,0)
(0,0,0)
(0,0,0)
(0,0,0)
(0,0,0)
(0,0,0)
(0,0,0)
(0,0,0)
(0,0,0)
(0,0,0)
(0,0,0)
(0,0,0)
(0,0,0)
(0,0,0)
(0,0,0)
(0,0,0)
(0,0,0)
(0,0,0)
(0,0,0)
(0,0,0)
(0,0,0)
(0,0,0)
(0,0,0)
(0,0,0)
(0,0,0)
(0,0,0)
(0,0,0)
(0,0,0)
(0,0,0)
(0,0,0)
(0,0,0)
(0,0,0)
(0,0,0)
(0,0,0)
(0,0,0)
(0,0,0)
(0,0,0)
(0,0,0)
(0,0,0)
(0,0,0)
(0,0,0)
(0,0,0)
(0,0,0)
(0,0,0)
(0,0,0)
(0,0,0)
(0,0,0)
(0,0,0)
(0,0,0)
(0,0,0)
(0,0,0)
(0,0,0)
(0,0,0)
(0,0,0)
(0,0,0)
(0,0,0)
(0,0,0)
(0,0,0)
(0,0,0)
(0,0,0)
(0,0,0)
(0,0,0)
(0,0,0)
(0,0,0)
(0,0,0)
(0,0,0)
(0,0,0)
(0,0,0)
(0,0,0)
(0,0,0)
(0,0,0)
(0,0,0)
(0,0,0)
(0,0,0)
(0,0,0)
(0,0,0)
(0,0,0)
(0,0,0)
(0,0,0)
(0,0,0)
(0,0,0)
(0,0,0)
(0,0,0)
(0,0,0)
(0,0,0)
(0,0,0)
(0,0,0)
(0,0,0)
(0,0,0)
(0,0,0)
(0,0,0)
(0,0,0)
(0,0,0)
(0,0,0)
(0,0,0)
(0,0,0)
(0,0,0)
(0,0,0)
(0,0,0)
(0,0,0)
(0,0,0)
(0,0,0)
(0,0,0)
(0,0,0)
(0,0,0)
(0,0,0)
(0,0,0)
(0,0,0)
(0,0,0)
(0,0,0)
(0,0,0)
(0,0,0)
(0,0,0)
(0,0,0)
(0,0,0)
(0,0,0)
(0,0,0)
(0,0,0)
(0,0,0)
(0,0,0)
(0,0,0)
(0,0,0)
(0,0,0)
(0,0,0)
(0,0,0)
(0,0,0)
(0,0,0)
(0,0,0)
(0,0,0)
(0,0,0)
(0,0,0)
(0,0,0)
(0,0,0)
(0,0,0)
(0,0,0)
(0,0,0)
(0,0,0)
(0,0,0)
(0,0,0)
(0,0,0)
(0,0,0)
(0,0,0)
(0,0,0)
(0,0,0)
(0,0,0)
(0,0,0)
(0,0,0)
(0,0,0)
(0,0,0)
(0,0,0)
(0,0,0)
(0,0,0)
(0,0,0)
(0,0,0)
(0,0,0)
(0,0,0)
(0,0,0)
(0,0,0)
(0,0,0)
(0,0,0)
(0,0,0)
(0,0,0)
(0,0,0)
(0,0,0)
(0,0,0)
(0,0,0)
(0,0,0)
(0,0,0)
(0,0,0)
(0,0,0)
(0,0,0)
(0,0,0)
(0,0,0)
(0,0,0)
(0,0,0)
(0,0,0)
(0,0,0)
(0,0,0)
(0,0,0)
(0,0,0)
(0,0,0)
(0,0,0)
(0,0,0)
(0,0,0)
(0,0,0)
(0,0,0)
(0,0,0)
(0,0,0)
(0,0,0)
(0,0,0)
(0,0,0)
(0,0,0)
(0,0,0)
(0,0,0)
(0,0,0)
(0,0,0)
(0,0,0)
(0,0,0)
(0,0,0)
(0,0,0)
(0,0,0)
(0,0,0)
(0,0,0)
(0,0,0)
(0,0,0)
(0,0,0)
(0,0,0)
(0,0,0)
(0,0,0)
(0,0,0)
(0,0,0)
(0,0,0)
(0,0,0)
(0,0,0)
(0,0,0)
(0,0,0)
(0,0,0)
(0,0,0)
(0,0,0)
(0,0,0)
(0,0,0)
(0,0,0)
(0,0,0)
(0,0,0)
(0,0,0)
(0,0,0)
(0,0,0)
(0,0,0)
(0,0,0)
(0,0,0)
(0,0,0)
(0,0,0)
(0,0,0)
(0,0,0)
(0,0,0)
(0,0,0)
(0,0,0)
(0,0,0)
(0,0,0)
(0,0,0)
(0,0,0)
(0,0,0)
(0,0,0)
(0,0,0)
(0,0,0)
(0,0,0)
(0,0,0)
(0,0,0)
(0,0,0)
(0,0,0)
(0,0,0)
(0,0,0)
(0,0,0)
(0,0,0)
(0,0,0)
(0,0,0)
(0,0,0)
(0,0,0)
(0,0,0)
(0,0,0)
(0,0,0)
(0,0,0)
(0,0,0)
(0,0,0)
(0,0,0)
(0,0,0)
(0,0,0)
(0,0,0)
(0,0,0)
(0,0,0)
(0,0,0)
(0,0,0)
(0,0,0)
(0,0,0)
(0,0,0)
(0,0,0)
(0,0,0)
(0,0,0)
(0,0,0)
(0,0,0)
(0,0,0)
(0,0,0)
(0,0,0)
(0,0,0)
(0,0,0)
(0,0,0)
(0,0,0)
(0,0,0)
(0,0,0)
(0,0,0)
(0,0,0)
(0,0,0)
(0,0,0)
(0,0,0)
(0,0,0)
(0,0,0)
(0,0,0)
(0,0,0)
(0,0,0)
(0,0,0)
(0,0,0)
(0,0,0)
(0,0,0)
(0,0,0)
(0,0,0)
(0,0,0)
(0,0,0)
(0,0,0)
(0,0,0)
(0,0,0)
(0,0,0)
(0,0,0)
(0,0,0)
(0,0,0)
(0,0,0)
(0,0,0)
(0,0,0)
(0,0,0)
(0,0,0)
(0,0,0)
(0,0,0)
(0,0,0)
(0,0,0)
(0,0,0)
(0,0,0)
(0,0,0)
(0,0,0)
(0,0,0)
(0,0,0)
(0,0,0)
(0,0,0)
(0,0,0)
(0,0,0)
(0,0,0)
(0,0,0)
(0,0,0)
(0,0,0)
(0,0,0)
(0,0,0)
(0,0,0)
(0,0,0)
(0,0,0)
(0,0,0)
(0,0,0)
(0,0,0)
(0,0,0)
(0,0,0)
(0,0,0)
(0,0,0)
(0,0,0)
(0,0,0)
(0,0,0)
(0,0,0)
(0,0,0)
(0,0,0)
(0,0,0)
(0,0,0)
(0,0,0)
(0,0,0)
(0,0,0)
(0,0,0)
(0,0,0)
(0,0,0)
(0,0,0)
(0,0,0)
(0,0,0)
(0,0,0)
(0,0,0)
(0,0,0)
(0,0,0)
(0,0,0)
(0,0,0)
(0,0,0)
(0,0,0)
(0,0,0)
(0,0,0)
(0,0,0)
(0,0,0)
(0,0,0)
(0,0,0)
(0,0,0)
(0,0,0)
(0,0,0)
(0,0,0)
(0,0,0)
(0,0,0)
(0,0,0)
(0,0,0)
(0,0,0)
(0,0,0)
(0,0,0)
(0,0,0)
(0,0,0)
(0,0,0)
(0,0,0)
(0,0,0)
(0,0,0)
(0,0,0)
(0,0,0)
(0,0,0)
(0,0,0)
(0,0,0)
(0,0,0)
(0,0,0)
(0,0,0)
(0,0,0)
(0,0,0)
(0,0,0)
(0,0,0)
(0,0,0)
(0,0,0)
(0,0,0)
(0,0,0)
(0,0,0)
(0,0,0)
(0,0,0)
(0,0,0)
(0,0,0)
(0,0,0)
(0,0,0)
(0,0,0)
(0,0,0)
(0,0,0)
(0,0,0)
(0,0,0)
(0,0,0)
(0,0,0)
(0,0,0)
(0,0,0)
(0,0,0)
(0,0,0)
(0,0,0)
(0,0,0)
(0,0,0)
(0,0,0)
(0,0,0)
(0,0,0)
(0,0,0)
(0,0,0)
(0,0,0)
(0,0,0)
(0,0,0)
(0,0,0)
(0,0,0)
(0,0,0)
(0,0,0)
(0,0,0)
(0,0,0)
(0,0,0)
(0,0,0)
(0,0,0)
(0,0,0)
(0,0,0)
(0,0,0)
(0,0,0)
(0,0,0)
(0,0,0)
(0,0,0)
(0,0,0)
(0,0,0)
(0,0,0)
(0,0,0)
(0,0,0)
(0,0,0)
(0,0,0)
(0,0,0)
(0,0,0)
(0,0,0)
(0,0,0)
(0,0,0)
(0,0,0)
(0,0,0)
(0,0,0)
(0,0,0)
(0,0,0)
(0,0,0)
(0,0,0)
(0,0,0)
(0,0,0)
(0,0,0)
(0,0,0)
(0,0,0)
(0,0,0)
(0,0,0)
(0,0,0)
(0,0,0)
(0,0,0)
(0,0,0)
(0,0,0)
(0,0,0)
(0,0,0)
(0,0,0)
(0,0,0)
(0,0,0)
(0,0,0)
(0,0,0)
(0,0,0)
(0,0,0)
(0,0,0)
(0,0,0)
(0,0,0)
(0,0,0)
(0,0,0)
(0,0,0)
(0,0,0)
(0,0,0)
(0,0,0)
(0,0,0)
(0,0,0)
(0,0,0)
(0,0,0)
(0,0,0)
(0,0,0)
(0,0,0)
(0,0,0)
(0,0,0)
(0,0,0)
(0,0,0)
(0,0,0)
(0,0,0)
(0,0,0)
(0,0,0)
(0,0,0)
(0,0,0)
(0,0,0)
(0,0,0)
(0,0,0)
(0,0,0)
(0,0,0)
(0,0,0)
(0,0,0)
(0,0,0)
(0,0,0)
(0,0,0)
(0,0,0)
(0,0,0)
(0,0,0)
(0,0,0)
(0,0,0)
(0,0,0)
(0,0,0)
(0,0,0)
(0,0,0)
(0,0,0)
(0,0,0)
(0,0,0)
(0,0,0)
(0,0,0)
(0,0,0)
(0,0,0)
(0,0,0)
(0,0,0)
(0,0,0)
(0,0,0)
(0,0,0)
(0,0,0)
(0,0,0)
(0,0,0)
(0,0,0)
(0,0,0)
(0,0,0)
(0,0,0)
(0,0,0)
(0,0,0)
(0,0,0)
(0,0,0)
(0,0,0)
(0,0,0)
(0,0,0)
(0,0,0)
(0,0,0)
(0,0,0)
(0,0,0)
(0,0,0)
(0,0,0)
(0,0,0)
(0,0,0)
(0,0,0)
(0,0,0)
(0,0,0)
(0,0,0)
(0,0,0)
(0,0,0)
(0,0,0)
(0,0,0)
(0,0,0)
(0,0,0)
(0,0,0)
(0,0,0)
(0,0,0)
(0,0,0)
(0,0,0)
(0,0,0)
(0,0,0)
(0,0,0)
(0,0,0)
(0,0,0)
(0,0,0)
(0,0,0)
(0,0,0)
(0,0,0)
(0,0,0)
(0,0,0)
(0,0,0)
(0,0,0)
(0,0,0)
(0,0,0)
(0,0,0)
(0,0,0)
(0,0,0)
(0,0,0)
(0,0,0)
(0,0,0)
(0,0,0)
(0,0,0)
(0,0,0)
(0,0,0)
(0,0,0)
(0,0,0)
(0,0,0)
(0,0,0)
(0,0,0)
(0,0,0)
(0,0,0)
(0,0,0)
(0,0,0)
(0,0,0)
(0,0,0)
(0,0,0)
(0,0,0)
(0,0,0)
(0,0,0)
(0,0,0)
(0,0,0)
(0,0,0)
(0,0,0)
(0,0,0)
(0,0,0)
(0,0,0)
(0,0,0)
(0,0,0)
(0,0,0)
(0,0,0)
(0,0,0)
(0,0,0)
(0,0,0)
(0,0,0)
(0,0,0)
(0,0,0)
(0,0,0)
(0,0,0)
(0,0,0)
(0,0,0)
(0,0,0)
(0,0,0)
(0,0,0)
(0,0,0)
(0,0,0)
(0,0,0)
(0,0,0)
(0,0,0)
(0,0,0)
(0,0,0)
(0,0,0)
(0,0,0)
(0,0,0)
(0,0,0)
(0,0,0)
(0,0,0)
(0,0,0)
(0,0,0)
(0,0,0)
(0,0,0)
(0,0,0)
(0,0,0)
(0,0,0)
(0,0,0)
(0,0,0)
(0,0,0)
(0,0,0)
(0,0,0)
(0,0,0)
(0,0,0)
(0,0,0)
(0,0,0)
(0,0,0)
(0,0,0)
(0,0,0)
(0,0,0)
(0,0,0)
(0,0,0)
(0,0,0)
(0,0,0)
(0,0,0)
(0,0,0)
(0,0,0)
(0,0,0)
(0,0,0)
(0,0,0)
(0,0,0)
(0,0,0)
(0,0,0)
(0,0,0)
(0,0,0)
(0,0,0)
(0,0,0)
(0,0,0)
(0,0,0)
(0,0,0)
(0,0,0)
(0,0,0)
(0,0,0)
(0,0,0)
(0,0,0)
(0,0,0)
(0,0,0)
(0,0,0)
(0,0,0)
(0,0,0)
(0,0,0)
(0,0,0)
(0,0,0)
(0,0,0)
(0,0,0)
(0,0,0)
(0,0,0)
(0,0,0)
(0,0,0)
(0,0,0)
(0,0,0)
(0,0,0)
(0,0,0)
(0,0,0)
(0,0,0)
(0,0,0)
(0,0,0)
(0,0,0)
(0,0,0)
(0,0,0)
(0,0,0)
(0,0,0)
(0,0,0)
(0,0,0)
(0,0,0)
(0,0,0)
(0,0,0)
(0,0,0)
(0,0,0)
(0,0,0)
(0,0,0)
(0,0,0)
(0,0,0)
(0,0,0)
(0,0,0)
(0,0,0)
(0,0,0)
(0,0,0)
(0,0,0)
(0,0,0)
(0,0,0)
(0,0,0)
(0,0,0)
(0,0,0)
(0,0,0)
(0,0,0)
(0,0,0)
(0,0,0)
(0,0,0)
(0,0,0)
(0,0,0)
(0,0,0)
(0,0,0)
(0,0,0)
(0,0,0)
(0,0,0)
(0,0,0)
(0,0,0)
(0,0,0)
(0,0,0)
(0,0,0)
(0,0,0)
(0,0,0)
(0,0,0)
(0,0,0)
(0,0,0)
(0,0,0)
(0,0,0)
(0,0,0)
(0,0,0)
(0,0,0)
(0,0,0)
(0,0,0)
(0,0,0)
(0,0,0)
(0,0,0)
(0,0,0)
(0,0,0)
(0,0,0)
(0,0,0)
(0,0,0)
(0,0,0)
(0,0,0)
(0,0,0)
)
;

boundaryField
{
    fuel
    {
        type            fixedValue;
        value           uniform (0.1 0 0);
    }
    air
    {
        type            fixedValue;
        value           uniform (-0.1 0 0);
    }
    outlet
    {
        type            zeroGradient;
    }
    frontAndBack
    {
        type            empty;
    }
}


// ************************************************************************* //
 