/*--------------------------------*- C++ -*----------------------------------*\
| =========                 |                                                 |
| \\      /  F ield         | foam-extend: Open Source CFD                    |
|  \\    /   O peration     | Version:     4.0                                |
|   \\  /    A nd           | Web:         http://www.foam-extend.org         |
|    \\/     M anipulation  |                                                 |
\*---------------------------------------------------------------------------*/
FoamFile
{
    version 2.0;
    format ascii;
    class volVectorField;
    location "1917";
    object      H;
}
// * * * * * * * * * * * * * * * * * * * * * * * * * * * * * * * * * * * * * //

dimensions      [0 1 -1 0 0 0 0];

internalField   nonuniform List<vector>
4096
(
(0,0,0)
(0,0,0)
(0,0,0)
(0,0,0)
(0,0,0)
(0,0,0)
(0,0,0)
(0,0,0)
(0,0,0)
(0,0,0)
(0,0,0)
(0,0,0)
(0,0,0)
(0,0,0)
(0,0,0)
(0,0,0)
(0,0,0)
(0,0,0)
(0,0,0)
(0,0,0)
(0,0,0)
(0,0,0)
(0,0,0)
(0,0,0)
(0,0,0)
(0,0,0)
(0,0,0)
(0,0,0)
(0,0,0)
(0,0,0)
(0,0,0)
(0,0,0)
(0,0,0)
(0,0,0)
(0,0,0)
(0,0,0)
(0,0,0)
(0,0,0)
(0,0,0)
(0,0,0)
(0,0,0)
(0,0,0)
(0,0,0)
(0,0,0)
(0,0,0)
(0,0,0)
(0,0,0)
(0,0,0)
(0,0,0)
(0,0,0)
(0,0,0)
(0,0,0)
(0,0,0)
(0,0,0)
(0,0,0)
(0,0,0)
(0,0,0)
(0,0,0)
(0,0,0)
(0,0,0)
(0,0,0)
(0,0,0)
(0,0,0)
(0,0,0)
(0,0,0)
(0,0,0)
(0,0,0)
(0,0,0)
(0,0,0)
(0,0,0)
(0,0,0)
(0,0,0)
(0,0,0)
(0,0,0)
(0,0,0)
(0,0,0)
(0,0,0)
(0,0,0)
(0,0,0)
(0,0,0)
(0,0,0)
(0,0,0)
(0,0,0)
(0,0,0)
(0,0,0)
(0,0,0)
(0,0,0)
(0,0,0)
(0,0,0)
(0,0,0)
(0,0,0)
(0,0,0)
(0,0,0)
(0,0,0)
(0,0,0)
(0,0,0)
(0,0,0)
(0,0,0)
(0,0,0)
(0,0,0)
(0,0,0)
(0,0,0)
(0,0,0)
(0,0,0)
(0,0,0)
(0,0,0)
(0,0,0)
(0,0,0)
(0,0,0)
(0,0,0)
(0,0,0)
(0,0,0)
(0,0,0)
(0,0,0)
(0,0,0)
(0,0,0)
(0,0,0)
(0,0,0)
(0,0,0)
(0,0,0)
(0,0,0)
(0,0,0)
(0,0,0)
(0,0,0)
(0,0,0)
(0,0,0)
(0,0,0)
(0,0,0)
(0,0,0)
(0,0,0)
(0,0,0)
(0,0,0)
(0,0,0)
(0,0,0)
(0,0,0)
(0,0,0)
(0,0,0)
(0,0,0)
(0,0,0)
(0,0,0)
(0,0,0)
(0,0,0)
(0,0,0)
(0,0,0)
(0,0,0)
(0,0,0)
(0,0,0)
(0,0,0)
(0,0,0)
(0,0,0)
(0,0,0)
(0,0,0)
(0,0,0)
(0,0,0)
(0,0,0)
(0,0,0)
(0,0,0)
(0,0,0)
(0,0,0)
(0,0,0)
(0,0,0)
(0,0,0)
(0,0,0)
(0,0,0)
(0,0,0)
(0,0,0)
(0,0,0)
(0,0,0)
(0,0,0)
(0,0,0)
(0,0,0)
(0,0,0)
(0,0,0)
(0,0,0)
(0,0,0)
(0,0,0)
(0,0,0)
(0,0,0)
(0,0,0)
(0,0,0)
(0,0,0)
(0,0,0)
(0,0,0)
(0,0,0)
(0,0,0)
(0,0,0)
(0,0,0)
(0,0,0)
(0,0,0)
(0,0,0)
(0,0,0)
(0,0,0)
(0,0,0)
(0,0,0)
(0,0,0)
(0,0,0)
(0,0,0)
(0,0,0)
(0,0,0)
(0,0,0)
(0,0,0)
(0,0,0)
(0,0,0)
(0,0,0)
(0,0,0)
(0,0,0)
(0,0,0)
(0,0,0)
(0,0,0)
(0,0,0)
(0,0,0)
(0,0,0)
(0,0,0)
(0,0,0)
(0,0,0)
(0,0,0)
(0,0,0)
(0,0,0)
(0,0,0)
(0,0,0)
(0,0,0)
(0,0,0)
(0,0,0)
(0,0,0)
(0,0,0)
(0,0,0)
(0,0,0)
(0,0,0)
(0,0,0)
(0,0,0)
(0,0,0)
(0,0,0)
(0,0,0)
(0,0,0)
(0,0,0)
(0,0,0)
(0,0,0)
(0,0,0)
(0,0,0)
(0,0,0)
(0,0,0)
(0,0,0)
(0,0,0)
(0,0,0)
(0,0,0)
(0,0,0)
(0,0,0)
(0,0,0)
(0,0,0)
(0,0,0)
(0,0,0)
(0,0,0)
(0,0,0)
(0,0,0)
(0,0,0)
(0,0,0)
(0,0,0)
(0,0,0)
(0,0,0)
(0,0,0)
(0,0,0)
(0,0,0)
(0,0,0)
(0,0,0)
(0,0,0)
(0,0,0)
(0,0,0)
(0,0,0)
(0,0,0)
(0,0,0)
(0,0,0)
(0,0,0)
(0,0,0)
(0,0,0)
(0,0,0)
(0,0,0)
(0,0,0)
(0,0,0)
(0,0,0)
(0,0,0)
(0,0,0)
(0,0,0)
(0,0,0)
(0,0,0)
(0,0,0)
(0,0,0)
(0,0,0)
(0,0,0)
(0,0,0)
(0,0,0)
(0,0,0)
(0,0,0)
(0,0,0)
(0,0,0)
(0,0,0)
(0,0,0)
(0,0,0)
(0,0,0)
(0,0,0)
(0,0,0)
(0,0,0)
(0,0,0)
(0,0,0)
(0,0,0)
(0,0,0)
(0,0,0)
(0,0,0)
(0,0,0)
(0,0,0)
(0,0,0)
(0,0,0)
(0,0,0)
(0,0,0)
(0,0,0)
(0,0,0)
(0,0,0)
(0,0,0)
(0,0,0)
(0,0,0)
(0,0,0)
(0,0,0)
(0,0,0)
(0,0,0)
(0,0,0)
(0,0,0)
(0,0,0)
(0,0,0)
(0,0,0)
(0,0,0)
(0,0,0)
(0,0,0)
(0,0,0)
(0,0,0)
(0,0,0)
(0,0,0)
(0,0,0)
(0,0,0)
(0,0,0)
(0,0,0)
(0,0,0)
(0,0,0)
(0,0,0)
(0,0,0)
(0,0,0)
(0,0,0)
(0,0,0)
(0,0,0)
(0,0,0)
(0,0,0)
(0,0,0)
(0,0,0)
(0,0,0)
(0,0,0)
(0,0,0)
(0,0,0)
(0,0,0)
(0,0,0)
(0,0,0)
(0,0,0)
(0,0,0)
(0,0,0)
(0,0,0)
(0,0,0)
(0,0,0)
(0,0,0)
(0,0,0)
(0,0,0)
(0,0,0)
(0,0,0)
(0,0,0)
(0,0,0)
(0,0,0)
(0,0,0)
(0,0,0)
(0,0,0)
(0,0,0)
(0,0,0)
(0,0,0)
(0,0,0)
(0,0,0)
(0,0,0)
(0,0,0)
(0,0,0)
(0,0,0)
(0,0,0)
(0,0,0)
(0,0,0)
(0,0,0)
(0,0,0)
(0,0,0)
(0,0,0)
(0,0,0)
(0,0,0)
(0,0,0)
(0,0,0)
(0,0,0)
(0,0,0)
(0,0,0)
(0,0,0)
(0,0,0)
(0,0,0)
(0,0,0)
(0,0,0)
(0,0,0)
(0,0,0)
(0,0,0)
(0,0,0)
(0,0,0)
(0,0,0)
(0,0,0)
(0,0,0)
(0,0,0)
(0,0,0)
(0,0,0)
(0,0,0)
(0,0,0)
(0,0,0)
(0,0,0)
(0,0,0)
(0,0,0)
(0,0,0)
(0,0,0)
(0,0,0)
(0,0,0)
(0,0,0)
(0,0,0)
(0,0,0)
(0,0,0)
(0,0,0)
(0,0,0)
(0,0,0)
(0,0,0)
(0,0,0)
(0,0,0)
(0,0,0)
(0,0,0)
(0,0,0)
(0,0,0)
(0,0,0)
(0,0,0)
(0,0,0)
(0,0,0)
(0,0,0)
(0,0,0)
(0,0,0)
(0,0,0)
(0,0,0)
(0,0,0)
(0,0,0)
(0,0,0)
(0,0,0)
(0,0,0)
(0,0,0)
(0,0,0)
(0,0,0)
(0,0,0)
(0,0,0)
(0,0,0)
(0,0,0)
(0,0,0)
(0,0,0)
(0,0,0)
(0,0,0)
(0,0,0)
(0,0,0)
(0,0,0)
(0,0,0)
(0,0,0)
(0,0,0)
(0,0,0)
(0,0,0)
(0,0,0)
(0,0,0)
(0,0,0)
(0,0,0)
(0,0,0)
(0,0,0)
(0,0,0)
(0,0,0)
(0,0,0)
(0,0,0)
(0,0,0)
(0,0,0)
(0,0,0)
(0,0,0)
(0,0,0)
(0,0,0)
(0,0,0)
(0,0,0)
(0,0,0)
(0,0,0)
(0,0,0)
(0,0,0)
(0,0,0)
(0,0,0)
(0,0,0)
(0,0,0)
(0,0,0)
(0,0,0)
(0,0,0)
(0,0,0)
(0,0,0)
(0,0,0)
(0,0,0)
(0,0,0)
(0,0,0)
(0,0,0)
(0,0,0)
(0,0,0)
(0,0,0)
(0,0,0)
(0,0,0)
(0,0,0)
(0,0,0)
(0,0,0)
(0,0,0)
(0,0,0)
(0,0,0)
(0,0,0)
(0,0,0)
(0,0,0)
(0,0,0)
(0,0,0)
(0,0,0)
(0,0,0)
(0,0,0)
(0,0,0)
(0,0,0)
(0,0,0)
(0,0,0)
(0,0,0)
(0,0,0)
(0,0,0)
(0,0,0)
(0,0,0)
(0,0,0)
(0,0,0)
(0,0,0)
(0,0,0)
(0,0,0)
(0,0,0)
(0,0,0)
(0,0,0)
(0,0,0)
(0,0,0)
(0,0,0)
(0,0,0)
(0,0,0)
(0,0,0)
(0,0,0)
(0,0,0)
(0,0,0)
(0,0,0)
(0,0,0)
(0,0,0)
(0,0,0)
(0,0,0)
(0,0,0)
(0,0,0)
(0,0,0)
(0,0,0)
(0,0,0)
(0,0,0)
(0,0,0)
(0,0,0)
(0,0,0)
(0,0,0)
(0,0,0)
(0,0,0)
(0,0,0)
(0,0,0)
(0,0,0)
(0,0,0)
(0,0,0)
(0,0,0)
(0,0,0)
(0,0,0)
(0,0,0)
(0,0,0)
(0,0,0)
(0,0,0)
(0,0,0)
(0,0,0)
(0,0,0)
(0,0,0)
(0,0,0)
(0,0,0)
(0,0,0)
(0,0,0)
(0,0,0)
(0,0,0)
(0,0,0)
(0,0,0)
(0,0,0)
(0,0,0)
(0,0,0)
(0,0,0)
(0,0,0)
(0,0,0)
(0,0,0)
(0,0,0)
(0,0,0)
(0,0,0)
(0,0,0)
(0,0,0)
(0,0,0)
(0,0,0)
(0,0,0)
(0,0,0)
(0,0,0)
(0,0,0)
(0,0,0)
(0,0,0)
(0,0,0)
(0,0,0)
(0,0,0)
(0,0,0)
(0,0,0)
(0,0,0)
(0,0,0)
(0,0,0)
(0,0,0)
(0,0,0)
(0,0,0)
(0,0,0)
(0,0,0)
(0,0,0)
(0,0,0)
(0,0,0)
(0,0,0)
(0,0,0)
(0,0,0)
(0,0,0)
(0,0,0)
(0,0,0)
(0,0,0)
(0,0,0)
(0,0,0)
(0,0,0)
(0,0,0)
(0,0,0)
(0,0,0)
(0,0,0)
(0,0,0)
(0,0,0)
(0,0,0)
(0,0,0)
(0,0,0)
(0,0,0)
(0,0,0)
(0,0,0)
(0,0,0)
(0,0,0)
(0,0,0)
(0,0,0)
(0,0,0)
(0,0,0)
(0,0,0)
(0,0,0)
(0,0,0)
(0,0,0)
(0,0,0)
(0,0,0)
(0,0,0)
(0,0,0)
(0,0,0)
(0,0,0)
(0,0,0)
(0,0,0)
(0,0,0)
(0,0,0)
(0,0,0)
(0,0,0)
(0,0,0)
(0,0,0)
(0,0,0)
(0,0,0)
(0,0,0)
(0,0,0)
(0,0,0)
(0,0,0)
(0,0,0)
(0,0,0)
(0,0,0)
(0,0,0)
(0,0,0)
(0,0,0)
(0,0,0)
(0,0,0)
(0,0,0)
(0,0,0)
(0,0,0)
(0,0,0)
(0,0,0)
(0,0,0)
(0,0,0)
(0,0,0)
(0,0,0)
(0,0,0)
(0,0,0)
(0,0,0)
(0,0,0)
(0,0,0)
(0,0,0)
(0,0,0)
(0,0,0)
(0,0,0)
(0,0,0)
(0,0,0)
(0,0,0)
(0,0,0)
(0,0,0)
(0,0,0)
(0,0,0)
(0,0,0)
(0,0,0)
(0,0,0)
(0,0,0)
(0,0,0)
(0,0,0)
(0,0,0)
(0,0,0)
(0,0,0)
(0,0,0)
(0,0,0)
(0,0,0)
(0,0,0)
(0,0,0)
(0,0,0)
(0,0,0)
(0,0,0)
(0,0,0)
(0,0,0)
(0,0,0)
(0,0,0)
(0,0,0)
(0,0,0)
(0,0,0)
(0,0,0)
(0,0,0)
(0,0,0)
(0,0,0)
(0,0,0)
(0,0,0)
(0,0,0)
(0,0,0)
(0,0,0)
(0,0,0)
(0,0,0)
(0,0,0)
(0,0,0)
(0,0,0)
(0,0,0)
(0,0,0)
(0,0,0)
(0,0,0)
(0,0,0)
(0,0,0)
(0,0,0)
(0,0,0)
(0,0,0)
(0,0,0)
(0,0,0)
(0,0,0)
(0,0,0)
(0,0,0)
(0,0,0)
(0,0,0)
(0,0,0)
(0,0,0)
(0,0,0)
(0,0,0)
(0,0,0)
(0,0,0)
(0,0,0)
(0,0,0)
(0,0,0)
(0,0,0)
(0,0,0)
(0,0,0)
(0,0,0)
(0,0,0)
(0,0,0)
(0,0,0)
(0,0,0)
(0,0,0)
(0,0,0)
(0,0,0)
(0,0,0)
(0,0,0)
(0,0,0)
(0,0,0)
(0,0,0)
(0,0,0)
(0,0,0)
(0,0,0)
(0,0,0)
(0,0,0)
(0,0,0)
(0,0,0)
(0,0,0)
(0,0,0)
(0,0,0)
(0,0,0)
(0,0,0)
(0,0,0)
(0,0,0)
(0,0,0)
(0,0,0)
(0,0,0)
(0,0,0)
(0,0,0)
(0,0,0)
(0,0,0)
(0,0,0)
(0,0,0)
(0,0,0)
(0,0,0)
(0,0,0)
(6.33260001731716e-14,-8.76720757817051e-12,1.1320630289615e-11)
(-7.51948915022377e-15,-2.0939335565655e-11,1.13323798669119e-11)
(6.90657246729977e-13,-3.76276103562442e-11,1.08839859741354e-11)
(5.8401544781011e-13,-6.17809758299949e-11,9.65710570844238e-12)
(-1.84788634120082e-13,-9.77940136152604e-11,7.36960299965225e-12)
(-3.8992840085995e-13,-1.53697512401265e-10,4.90714844624603e-12)
(7.10683043997433e-13,-2.45686576497851e-10,2.76311544135128e-12)
(1.33071493702346e-12,-3.98986994133975e-10,1.3423504644064e-12)
(2.20025661315853e-12,-6.52990599997711e-10,9.35648082568811e-13)
(2.59627376330589e-12,-1.00554711184531e-09,5.52595422320091e-13)
(0,0,0)
(0,0,0)
(0,0,0)
(0,0,0)
(0,0,0)
(0,0,0)
(1.13280170518508e-13,-8.82405415190643e-12,2.45928707381226e-11)
(-8.11613447718175e-14,-2.08044706718089e-11,2.47750580598164e-11)
(3.09358792714831e-13,-3.6683406410635e-11,2.35834904514691e-11)
(1.06635161504982e-13,-5.96860831201452e-11,2.06972188374296e-11)
(-7.61327438736625e-13,-9.49750302922623e-11,1.65048683724473e-11)
(-7.99192858051208e-13,-1.51237413282174e-10,1.1647363859389e-11)
(8.72943622085909e-13,-2.43989855809651e-10,7.14980131166393e-12)
(2.97702146419798e-12,-3.98264947221761e-10,4.15776908963508e-12)
(5.73205932433256e-12,-6.52639226993224e-10,2.92867187323118e-12)
(6.73065084277575e-12,-1.00539625002691e-09,1.69389432007149e-12)
(0,0,0)
(0,0,0)
(0,0,0)
(0,0,0)
(0,0,0)
(0,0,0)
(-2.58961751489618e-13,-8.67467009942787e-12,4.18231562109721e-11)
(-1.19511698558304e-12,-1.97916351936754e-11,4.14362460372395e-11)
(-1.47971344004046e-12,-3.41670328538166e-11,3.91480899288084e-11)
(-1.91067677047466e-12,-5.57602775059025e-11,3.51579184978548e-11)
(-1.88811496811e-12,-9.00900343223064e-11,2.93349536422981e-11)
(-3.99841165555859e-13,-1.46449684977547e-10,2.20268129873558e-11)
(2.56105641903403e-12,-2.40753799803349e-10,1.51776459258094e-11)
(6.67411769797003e-12,-3.97155562063635e-10,1.04365877448493e-11)
(1.0345513548853e-11,-6.51858681988086e-10,7.31238924284062e-12)
(1.20824268323694e-11,-1.00472969921971e-09,3.99664594741782e-12)
(0,0,0)
(0,0,0)
(0,0,0)
(0,0,0)
(0,0,0)
(0,0,0)
(-9.84218551656927e-13,-7.92389591333735e-12,6.46566787583429e-11)
(-2.20308371332109e-12,-1.7472903404922e-11,6.39771537974148e-11)
(-2.95662396905895e-12,-2.99919650026141e-11,6.14103743056085e-11)
(-3.31306033654587e-12,-4.96366940652001e-11,5.70274086437339e-11)
(-1.51496901375177e-12,-8.24549796072626e-11,5.04324220452001e-11)
(2.46475778055219e-12,-1.3852749108103e-10,4.19652898750581e-11)
(7.59173044100348e-12,-2.34900058026365e-10,3.31847861757238e-11)
(1.3394046372831e-11,-3.9424900879627e-10,2.51468189402192e-11)
(1.71939825304529e-11,-6.49482489328958e-10,1.76837521122651e-11)
(1.90722091145899e-11,-1.002075831791e-09,9.32758655434926e-12)
(0,0,0)
(0,0,0)
(0,0,0)
(0,0,0)
(0,0,0)
(0,0,0)
(-2.93084082438212e-13,-6.97376278622558e-12,9.8442963737773e-11)
(-8.48622529862447e-13,-1.48287843600053e-11,9.76430806676849e-11)
(-1.83072070319491e-12,-2.51825303262647e-11,9.53392995394201e-11)
(-2.07369283459066e-12,-4.22789435330122e-11,9.14874866947106e-11)
(6.00564344535155e-13,-7.23773064192851e-11,8.55840931883477e-11)
(6.30216941641354e-12,-1.2712722915951e-10,7.77837547659705e-11)
(1.43763078384027e-11,-2.24811289661992e-10,6.86341408382385e-11)
(2.13878702724342e-11,-3.87152795030278e-10,5.52766736158951e-11)
(2.47523916345285e-11,-6.42357848750895e-10,3.9244745727641e-11)
(2.54002370206083e-11,-9.93797996185713e-10,2.05239138297433e-11)
(0,0,0)
(0,0,0)
(0,0,0)
(0,0,0)
(0,0,0)
(0,0,0)
(1.18913231849196e-12,-5.90925222780015e-12,1.51095129571295e-10)
(1.52890318111795e-12,-1.21969968255098e-11,1.50325889141575e-10)
(7.44093879695388e-13,-2.04129290861959e-11,1.48434603247457e-10)
(5.7925849358402e-13,-3.48288440952e-11,1.45629625708747e-10)
(3.5598208175841e-12,-6.20104795082569e-11,1.4107675739904e-10)
(1.02505839386212e-11,-1.15157520347031e-10,1.34262632964011e-10)
(1.86734251595545e-11,-2.12931007788201e-10,1.23091017018868e-10)
(2.66472577800958e-11,-3.73119449671862e-10,1.03256474945668e-10)
(3.07716553142252e-11,-6.25261597284306e-10,7.49005957556479e-11)
(3.18913062954622e-11,-9.74696299759194e-10,3.97032392628813e-11)
(0,0,0)
(0,0,0)
(0,0,0)
(0,0,0)
(0,0,0)
(0,0,0)
(3.12912360714333e-12,-4.78214775672312e-12,2.37326679418931e-10)
(4.70145146140293e-12,-9.70682091518641e-12,2.37148477599192e-10)
(4.38872008954499e-12,-1.63200348880183e-11,2.3608536402562e-10)
(4.80939470724975e-12,-2.8434597866471e-11,2.34128710703901e-10)
(8.90106402951154e-12,-5.27315466165083e-11,2.30071605526642e-10)
(1.62345273980248e-11,-1.02059596177099e-10,2.22639626705545e-10)
(2.42790350776841e-11,-1.9513593154159e-10,2.06536336895879e-10)
(3.20750091347556e-11,-3.47418611937209e-10,1.78227792624346e-10)
(3.65413561150823e-11,-5.91919697302674e-10,1.32725506686653e-10)
(3.901022692523e-11,-9.36330710791658e-10,7.19341253461291e-11)
(0,0,0)
(0,0,0)
(0,0,0)
(0,0,0)
(0,0,0)
(0,0,0)
(4.07372894440135e-12,-3.8034784293135e-12,3.87745912312785e-10)
(6.27040152722332e-12,-7.60984517265211e-12,3.87517806743081e-10)
(7.14577962135815e-12,-1.32734324494589e-11,3.86345168525564e-10)
(8.50067221505751e-12,-2.35223044676975e-11,3.83997433375844e-10)
(1.2828448189936e-11,-4.47552877512485e-11,3.788419528844e-10)
(2.0151888668661e-11,-8.78246999487759e-11,3.68709766851926e-10)
(2.82372908623491e-11,-1.68113974597611e-10,3.47099037652479e-10)
(3.63030308676525e-11,-3.03591966361498e-10,3.05520118402816e-10)
(4.14124830331333e-11,-5.31988267093644e-10,2.36327940587878e-10)
(4.42667876576716e-11,-8.64263559183151e-10,1.33707642571657e-10)
(0,0,0)
(0,0,0)
(0,0,0)
(0,0,0)
(0,0,0)
(0,0,0)
(3.67392174091492e-12,-2.47441082454357e-12,6.40480886227892e-10)
(5.45227386194377e-12,-5.24228655598506e-12,6.40092111727167e-10)
(7.17801622919671e-12,-9.74442907652681e-12,6.38530858820297e-10)
(1.03028153445801e-11,-1.75987626107611e-11,6.35108177076354e-10)
(1.59481453158697e-11,-3.37772987292202e-11,6.27999140789133e-10)
(2.32391847037823e-11,-6.61779312658436e-11,6.13931796911002e-10)
(3.15066408879367e-11,-1.2660051506189e-10,5.84941155046344e-10)
(4.01776305606919e-11,-2.34524760159978e-10,5.28476799828371e-10)
(4.57542352051183e-11,-4.29019526117194e-10,4.27765110983545e-10)
(4.90725307832898e-11,-7.29801981344761e-10,2.57350734454023e-10)
(0,0,0)
(0,0,0)
(0,0,0)
(0,0,0)
(0,0,0)
(0,0,0)
(3.67957751295391e-12,-1.17257410462329e-12,9.94203430452027e-10)
(5.12206263756894e-12,-2.80079727157099e-12,9.93576167988361e-10)
(7.21630716725129e-12,-5.33035686106957e-12,9.91494430033995e-10)
(1.1561236262288e-11,-9.60003432869292e-12,9.86992538620212e-10)
(1.8282875286167e-11,-1.83250897326108e-11,9.78412272842812e-10)
(2.50021995404622e-11,-3.58992092304555e-11,9.61572349275699e-10)
(3.30503108914918e-11,-6.93093591057088e-11,9.27041370963444e-10)
(4.16295144988494e-11,-1.32954493891806e-10,8.58757722701984e-10)
(4.7804254496614e-11,-2.57637755547419e-10,7.26852402781902e-10)
(5.17950947255769e-11,-4.71569981472695e-10,4.70267302019947e-10)
(0,0,0)
(0,0,0)
(0,0,0)
(0,0,0)
(0,0,0)
(0,0,0)
(0,0,0)
(0,0,0)
(0,0,0)
(0,0,0)
(0,0,0)
(0,0,0)
(0,0,0)
(0,0,0)
(0,0,0)
(0,0,0)
(0,0,0)
(0,0,0)
(0,0,0)
(0,0,0)
(0,0,0)
(0,0,0)
(0,0,0)
(0,0,0)
(0,0,0)
(0,0,0)
(0,0,0)
(0,0,0)
(0,0,0)
(0,0,0)
(0,0,0)
(0,0,0)
(0,0,0)
(0,0,0)
(0,0,0)
(0,0,0)
(0,0,0)
(0,0,0)
(0,0,0)
(0,0,0)
(0,0,0)
(0,0,0)
(0,0,0)
(0,0,0)
(0,0,0)
(0,0,0)
(0,0,0)
(0,0,0)
(0,0,0)
(0,0,0)
(0,0,0)
(0,0,0)
(0,0,0)
(0,0,0)
(0,0,0)
(0,0,0)
(0,0,0)
(0,0,0)
(0,0,0)
(0,0,0)
(0,0,0)
(0,0,0)
(0,0,0)
(0,0,0)
(0,0,0)
(0,0,0)
(0,0,0)
(0,0,0)
(0,0,0)
(0,0,0)
(0,0,0)
(0,0,0)
(0,0,0)
(0,0,0)
(0,0,0)
(0,0,0)
(0,0,0)
(0,0,0)
(0,0,0)
(0,0,0)
(0,0,0)
(0,0,0)
(0,0,0)
(0,0,0)
(0,0,0)
(0,0,0)
(0,0,0)
(0,0,0)
(0,0,0)
(0,0,0)
(0,0,0)
(0,0,0)
(0,0,0)
(0,0,0)
(0,0,0)
(0,0,0)
(0,0,0)
(0,0,0)
(0,0,0)
(0,0,0)
(0,0,0)
(0,0,0)
(1.08422996608716e-13,-1.88807022745353e-11,2.32380667727906e-11)
(3.06009509778989e-13,-4.16132910391168e-11,2.19473659789516e-11)
(9.73333566790267e-13,-7.1864228568005e-11,2.00606169505603e-11)
(7.76625446750539e-13,-1.14691965587715e-10,1.71735288671119e-11)
(-5.41317403758967e-13,-1.78173404788707e-10,1.29184597131788e-11)
(-7.05994515033232e-13,-2.75981736065245e-10,7.92561686503313e-12)
(4.34727332807016e-13,-4.31613096258792e-10,3.12658960127693e-12)
(1.01537040647871e-12,-6.96599144634334e-10,4.62574793705969e-13)
(2.23193626858105e-12,-1.20307676128516e-09,3.40784294901626e-14)
(2.99800736677353e-12,-2.36184976029868e-09,3.49005242917265e-13)
(0,0,0)
(0,0,0)
(0,0,0)
(0,0,0)
(0,0,0)
(0,0,0)
(-2.18291203652574e-13,-1.79411703563737e-11,4.84616491973766e-11)
(9.75707854448508e-14,-4.04296170819784e-11,4.68110492526019e-11)
(6.79256849945141e-13,-6.92039139889154e-11,4.31446102209848e-11)
(3.73180012237289e-13,-1.10251167379088e-10,3.70041703532832e-11)
(-7.88818895636468e-13,-1.73142436188724e-10,2.86871310278471e-11)
(-1.08935861498081e-12,-2.71474240936742e-10,1.86094043317253e-11)
(6.28919837716145e-13,-4.29259953580004e-10,8.59182305926129e-12)
(3.09673352268563e-12,-6.96689952438993e-10,3.19277629445282e-12)
(6.18629187274819e-12,-1.20405200788695e-09,1.82150863184342e-12)
(7.75799435588502e-12,-2.3625307473801e-09,1.54848068503507e-12)
(0,0,0)
(0,0,0)
(0,0,0)
(0,0,0)
(0,0,0)
(0,0,0)
(-6.22825763846695e-13,-1.67960562685754e-11,7.91168167186833e-11)
(-1.22569266590048e-12,-3.76483468353368e-11,7.72933998600126e-11)
(-1.66460986027368e-12,-6.34229946387386e-11,7.22444893749012e-11)
(-2.21129535561569e-12,-1.01568046969116e-10,6.37845588306753e-11)
(-2.21502902826283e-12,-1.62682129543269e-10,5.1515335076656e-11)
(-1.47286800053194e-12,-2.61219468828949e-10,3.55198001657556e-11)
(1.448372823034e-12,-4.23742855570645e-10,1.9509474618532e-11)
(6.89176293248975e-12,-6.96437578524091e-10,1.16034167045225e-11)
(1.12850641849278e-11,-1.20504481680933e-09,8.23177012273745e-12)
(1.34252053508804e-11,-2.36299334812197e-09,5.00052083044337e-12)
(0,0,0)
(0,0,0)
(0,0,0)
(0,0,0)
(0,0,0)
(0,0,0)
(-1.25482671784124e-12,-1.50122151827387e-11,1.19753015644729e-10)
(-2.28042326643449e-12,-3.28445671966753e-11,1.17980727797906e-10)
(-3.38309298354155e-12,-5.49707479529853e-11,1.12743729785121e-10)
(-4.07582427019503e-12,-8.88486269253625e-11,1.03256528548756e-10)
(-3.12551003159453e-12,-1.45809495470196e-10,8.91689534007333e-11)
(-1.55000441615352e-13,-2.43318960487363e-10,7.02264712609526e-11)
(5.54092931211971e-12,-4.13111514435822e-10,4.98841387007447e-11)
(1.37608994348636e-11,-6.9454909878684e-10,3.70387547884448e-11)
(1.84255075107439e-11,-1.204202833396e-09,2.67646794100488e-11)
(2.01219600645037e-11,-2.36079050668326e-09,1.45739881333591e-11)
(0,0,0)
(0,0,0)
(0,0,0)
(0,0,0)
(0,0,0)
(0,0,0)
(-5.57711570775644e-13,-1.30548006555713e-11,1.79709636309067e-10)
(-1.17662893609514e-12,-2.73332201301544e-11,1.78096784528264e-10)
(-2.74850909855482e-12,-4.49935310481876e-11,1.73601726712807e-10)
(-3.62039876604276e-12,-7.34484230817279e-11,1.65056399161363e-10)
(-1.96592414410653e-12,-1.23358273794222e-10,1.52585923824436e-10)
(3.48207453166081e-12,-2.15691776015644e-10,1.37424633539958e-10)
(1.58534931869545e-11,-3.90159126311696e-10,1.243363115688e-10)
(2.33864528024602e-11,-6.86016394997209e-10,9.70115609042136e-11)
(2.63769720657983e-11,-1.19554715383894e-09,6.80484729238694e-11)
(2.68224544234047e-11,-2.34924515017677e-09,3.54012560655466e-11)
(0,0,0)
(0,0,0)
(0,0,0)
(0,0,0)
(0,0,0)
(0,0,0)
(8.31268277135489e-13,-1.08814775998687e-11,2.70785029541836e-10)
(9.30013164911701e-13,-2.17202356603e-11,2.69371106521362e-10)
(-5.43822779776654e-13,-3.49266190724678e-11,2.66153222575072e-10)
(-1.26211942542891e-12,-5.79474412556322e-11,2.60275683932541e-10)
(1.0950123608757e-12,-1.01169307123766e-10,2.51258077259382e-10)
(8.32427571379963e-12,-1.89781288691029e-10,2.38980169692062e-10)
(2.07128909861888e-11,-3.7175563187759e-10,2.2292232101171e-10)
(2.9302299235495e-11,-6.6468813113163e-10,1.85861188877858e-10)
(3.26271118252288e-11,-1.16776971678897e-09,1.33703308598743e-10)
(3.32289565909299e-11,-2.31722500842421e-09,7.03940880391385e-11)
(0,0,0)
(0,0,0)
(0,0,0)
(0,0,0)
(0,0,0)
(0,0,0)
(2.32865609947177e-12,-8.44046545497009e-12,4.16842802422643e-10)
(3.66758929244206e-12,-1.66217007547913e-11,4.16341643173101e-10)
(3.29877097270537e-12,-2.66278269688158e-11,4.14784339823888e-10)
(3.95420648572895e-12,-4.49275282102994e-11,4.11821140973786e-10)
(8.35678398536875e-12,-8.13734203055733e-11,4.06589785864823e-10)
(1.81029209793924e-11,-1.61293115164085e-10,3.96250964829153e-10)
(2.55656224052872e-11,-3.40922741462347e-10,3.66311874876689e-10)
(3.37506494965544e-11,-6.19899516326266e-10,3.20862580873657e-10)
(3.74013072462842e-11,-1.10905940033176e-09,2.37132078431685e-10)
(3.88772006634028e-11,-2.2496262962653e-09,1.27845183072161e-10)
(0,0,0)
(0,0,0)
(0,0,0)
(0,0,0)
(0,0,0)
(0,0,0)
(2.97276690933502e-12,-6.46955163639587e-12,6.75411316514662e-10)
(5.07548112807443e-12,-1.27238445713912e-11,6.75047799322326e-10)
(5.96451139814884e-12,-2.11888232487555e-11,6.73732262115105e-10)
(7.73261084956527e-12,-3.70944461267853e-11,6.71053408192684e-10)
(1.19826452003564e-11,-7.05498229983172e-11,6.65133413406858e-10)
(2.01158491852029e-11,-1.44334957990909e-10,6.51749587152398e-10)
(2.83027505763197e-11,-2.96398643831033e-10,6.17694158316237e-10)
(3.64280024808963e-11,-5.38470084665545e-10,5.43540397841672e-10)
(4.10640400730691e-11,-1.00143116185227e-09,4.19463882831347e-10)
(4.35128523903496e-11,-2.12259999601941e-09,2.38739327000821e-10)
(0,0,0)
(0,0,0)
(0,0,0)
(0,0,0)
(0,0,0)
(0,0,0)
(2.76085952171964e-12,-4.29124406463858e-12,1.17925763463446e-09)
(4.57203748440024e-12,-8.89889719220086e-12,1.17861116731979e-09)
(6.18662575768469e-12,-1.57314627176533e-11,1.1763222334957e-09)
(9.41312334973635e-12,-2.83527473470579e-11,1.17164726959485e-09)
(1.45632801974053e-11,-5.50467949320996e-11,1.16189452324673e-09)
(2.1951104533031e-11,-1.11670459349601e-10,1.14036437769987e-09)
(3.06798401497326e-11,-2.21630464413908e-10,1.09257864193971e-09)
(3.93190531373387e-11,-4.14020109498446e-10,9.94222634770563e-10)
(4.47868411648445e-11,-8.20403755998141e-10,8.18156985904736e-10)
(4.81912653653799e-11,-1.8837355269003e-09,5.12172088391043e-10)
(0,0,0)
(0,0,0)
(0,0,0)
(0,0,0)
(0,0,0)
(0,0,0)
(3.13426587199737e-12,-2.0695922385898e-12,2.33812587981937e-09)
(4.40300332036305e-12,-4.73627986382364e-12,2.33734433733526e-09)
(6.38784171996381e-12,-8.79376177368493e-12,2.33439422649648e-09)
(1.05414677109947e-11,-1.58403742829523e-11,2.32765940086699e-09)
(1.67977091206612e-11,-3.05785476076352e-11,2.31452906561024e-09)
(2.36339686222518e-11,-6.14802546905325e-11,2.28716160200658e-09)
(3.2024600047228e-11,-1.21024560622163e-10,2.22886518797125e-09)
(4.05803405271733e-11,-2.36009641425864e-10,2.1107637502021e-09)
(4.675159971115e-11,-5.12760205179615e-10,1.8774945608136e-09)
(5.04924152729247e-11,-1.37035032190519e-09,1.3674160040033e-09)
(0,0,0)
(0,0,0)
(0,0,0)
(0,0,0)
(0,0,0)
(0,0,0)
(0,0,0)
(0,0,0)
(0,0,0)
(0,0,0)
(0,0,0)
(0,0,0)
(0,0,0)
(0,0,0)
(0,0,0)
(0,0,0)
(0,0,0)
(0,0,0)
(0,0,0)
(0,0,0)
(0,0,0)
(0,0,0)
(0,0,0)
(0,0,0)
(0,0,0)
(0,0,0)
(0,0,0)
(0,0,0)
(0,0,0)
(0,0,0)
(0,0,0)
(0,0,0)
(0,0,0)
(0,0,0)
(0,0,0)
(0,0,0)
(0,0,0)
(0,0,0)
(0,0,0)
(0,0,0)
(0,0,0)
(0,0,0)
(0,0,0)
(0,0,0)
(0,0,0)
(0,0,0)
(0,0,0)
(0,0,0)
(0,0,0)
(0,0,0)
(0,0,0)
(0,0,0)
(0,0,0)
(0,0,0)
(0,0,0)
(0,0,0)
(0,0,0)
(0,0,0)
(0,0,0)
(0,0,0)
(0,0,0)
(0,0,0)
(0,0,0)
(0,0,0)
(0,0,0)
(0,0,0)
(0,0,0)
(0,0,0)
(0,0,0)
(0,0,0)
(0,0,0)
(0,0,0)
(0,0,0)
(0,0,0)
(0,0,0)
(0,0,0)
(0,0,0)
(0,0,0)
(0,0,0)
(0,0,0)
(0,0,0)
(0,0,0)
(0,0,0)
(0,0,0)
(0,0,0)
(0,0,0)
(0,0,0)
(0,0,0)
(0,0,0)
(0,0,0)
(0,0,0)
(0,0,0)
(0,0,0)
(0,0,0)
(0,0,0)
(0,0,0)
(0,0,0)
(0,0,0)
(0,0,0)
(0,0,0)
(0,0,0)
(0,0,0)
(4.59591872281536e-13,-2.62814587130025e-11,2.94344675327778e-11)
(1.00908458077072e-12,-5.75641668515666e-11,2.8059776123216e-11)
(1.20010707175981e-12,-9.8092972420645e-11,2.61223683877545e-11)
(5.90896392270739e-13,-1.53374332994359e-10,2.23605150462134e-11)
(-5.79443155898851e-13,-2.31895257896419e-10,1.57926367224538e-11)
(-4.14462379535431e-13,-3.46455764541198e-10,7.04644042249737e-12)
(7.45599461073519e-13,-5.13231442940874e-10,-1.1282574811863e-12)
(1.53467457536966e-12,-7.54871952413212e-10,-4.38675551174225e-12)
(2.89225605705868e-12,-1.10038288742054e-09,-3.60087293614937e-12)
(4.02799969092232e-12,-1.52252125784817e-09,-1.48776815305101e-12)
(0,0,0)
(0,0,0)
(0,0,0)
(0,0,0)
(0,0,0)
(0,0,0)
(2.87194653007822e-13,-2.49534595847086e-11,6.27094444959192e-11)
(9.82739569722567e-13,-5.54388504736386e-11,6.04384805711769e-11)
(1.03877736648078e-12,-9.38987315652979e-11,5.57455508095665e-11)
(7.09892866033078e-15,-1.46847757608133e-10,4.69971806043222e-11)
(-1.17139884508859e-12,-2.24178991541909e-10,3.34486857660312e-11)
(-1.3265494502224e-12,-3.39426287316853e-10,1.52131832535763e-11)
(5.10868592125658e-13,-5.10607652859075e-10,-3.04492092547608e-12)
(4.2156272716032e-12,-7.56650458607142e-10,-8.5234033793841e-12)
(7.45212874190527e-12,-1.10350211699831e-09,-6.13790020650343e-12)
(9.76907578301255e-12,-1.52506219665648e-09,-2.20966874106863e-12)
(0,0,0)
(0,0,0)
(0,0,0)
(0,0,0)
(0,0,0)
(0,0,0)
(-5.83249992974679e-13,-2.29487104091997e-11,1.04244128553917e-10)
(-9.8056181836119e-13,-5.06378297319367e-11,1.0147724136406e-10)
(-1.65692600121637e-12,-8.46043396435148e-11,9.42779580422005e-11)
(-2.6614916459923e-12,-1.32954734000341e-10,8.1060908217491e-11)
(-3.09212819047042e-12,-2.0661655703306e-10,6.00895614930579e-11)
(-3.36305079493329e-12,-3.22565434267833e-10,2.96118724388119e-11)
(-1.27691039687272e-12,-5.06173285351821e-10,-4.43207282904046e-12)
(8.3749297760495e-12,-7.61884475573842e-10,-8.83895732714271e-12)
(1.36743300648614e-11,-1.10979751414068e-09,-3.39101984188523e-12)
(1.62228847419002e-11,-1.52930462425211e-09,1.39629852012369e-13)
(0,0,0)
(0,0,0)
(0,0,0)
(0,0,0)
(0,0,0)
(0,0,0)
(-1.43995339890182e-12,-2.02222918426996e-11,1.58978064864537e-10)
(-2.55477231898745e-12,-4.33589712370105e-11,1.5558225699886e-10)
(-3.87310865259813e-12,-7.14377711833282e-11,1.46994774354366e-10)
(-5.38845296647678e-12,-1.11921559636005e-10,1.31403937079684e-10)
(-6.6342495670896e-12,-1.76238000869194e-10,1.06507758281744e-10)
(-7.43985235371222e-12,-2.88212627895258e-10,6.75536674370822e-11)
(-4.5660748994255e-12,-4.96378010245396e-10,1.51565323550702e-11)
(1.5502271024015e-11,-7.72662762031051e-10,1.38881691149382e-11)
(2.19605192306903e-11,-1.11827099140929e-09,1.69462511578352e-11)
(2.31505916907232e-11,-1.53273593379814e-09,1.1574214384588e-11)
(0,0,0)
(0,0,0)
(0,0,0)
(0,0,0)
(0,0,0)
(0,0,0)
(-1.11818284611214e-12,-1.69149909832374e-11,2.34071279751772e-10)
(-2.29455558953717e-12,-3.48593458929171e-11,2.30550915015688e-10)
(-4.27009352406611e-12,-5.58650277478273e-11,2.22585125716189e-10)
(-6.65090525502428e-12,-8.60512774487604e-11,2.08616487163852e-10)
(-8.99360052908266e-12,-1.34069770578159e-10,1.87697437790102e-10)
(-9.34009082274711e-12,-2.23626182941316e-10,1.62937840182691e-10)
(2.47747494165168e-11,-4.34806063269421e-10,1.72496244177991e-10)
(3.1021276917241e-11,-7.83367228520338e-10,1.13120159929856e-10)
(3.12467518757433e-11,-1.12058859812057e-09,7.67853711821228e-11)
(3.02035687359393e-11,-1.52561525416688e-09,4.00385628391117e-11)
(0,0,0)
(0,0,0)
(0,0,0)
(0,0,0)
(0,0,0)
(0,0,0)
(-1.9582084668382e-13,-1.3324271955427e-11,3.39720206016297e-10)
(-9.50637794659464e-13,-2.63423440509752e-11,3.36552192235591e-10)
(-2.96507624110148e-12,-4.04261207059756e-11,3.30817400549926e-10)
(-5.2644257963425e-12,-6.06110566583534e-11,3.21810018361179e-10)
(-6.42296689104702e-12,-9.48364470954273e-11,3.08800421433066e-10)
(-4.10604913264478e-12,-1.76339916389802e-10,2.92992303882168e-10)
(2.69411327052135e-11,-4.37087464666895e-10,2.98945722315628e-10)
(3.66715647085793e-11,-7.71120846322935e-10,2.36794848068256e-10)
(3.72260159282942e-11,-1.09415135939019e-09,1.6453888349336e-10)
(3.60243324702633e-11,-1.49054010449285e-09,8.47923607955385e-11)
(0,0,0)
(0,0,0)
(0,0,0)
(0,0,0)
(0,0,0)
(0,0,0)
(8.58901531007709e-13,-9.52137835067602e-12,4.92664023153307e-10)
(1.32703645770579e-12,-1.86552470434003e-11,4.90888749722564e-10)
(8.22966102835265e-13,-2.77453903360689e-11,4.88515818059953e-10)
(1.35247951122107e-12,-3.96762495216063e-11,4.86436000860033e-10)
(7.87200771401275e-12,-5.82082922917563e-11,4.87096483307848e-10)
(3.10838537584748e-11,-1.096727265714e-10,4.92959568274183e-10)
(2.64908187771682e-11,-4.04289936707119e-10,4.35213147450936e-10)
(3.60517202772916e-11,-7.20197405098449e-10,4.15747857777706e-10)
(3.90599641267582e-11,-1.02329460974976e-09,2.8925694417421e-10)
(3.96960834902375e-11,-1.4094093397792e-09,1.49007920838634e-10)
(0,0,0)
(0,0,0)
(0,0,0)
(0,0,0)
(0,0,0)
(0,0,0)
(1.15797653025595e-12,-6.68180758801278e-12,7.24195526137205e-10)
(2.56607095618875e-12,-1.34461464562105e-11,7.23365558245385e-10)
(3.18600478870481e-12,-2.07942635888521e-11,7.224923203619e-10)
(4.91090685689664e-12,-3.26858895229007e-11,7.22142782971559e-10)
(9.86344338781176e-12,-5.93540532245049e-11,7.23476055793477e-10)
(2.15067793803634e-11,-1.37870601739845e-10,7.26619391239882e-10)
(2.76883316337893e-11,-3.67469803397833e-10,7.09687118967054e-10)
(3.60545423229942e-11,-5.96563582453106e-10,6.05534809068736e-10)
(4.07611900497957e-11,-8.85396771702613e-10,4.4274048412564e-10)
(4.33877102726749e-11,-1.26123863933323e-09,2.39116157794626e-10)
(0,0,0)
(0,0,0)
(0,0,0)
(0,0,0)
(0,0,0)
(0,0,0)
(1.18567501022571e-12,-4.45971312125375e-12,1.06538902448197e-09)
(2.69835397993764e-12,-9.40365695821704e-12,1.06436061070814e-09)
(3.92388871517097e-12,-1.56373379805398e-11,1.0626194732183e-09)
(6.6534966338378e-12,-2.71114939989811e-11,1.0597431149767e-09)
(1.16251784201925e-11,-5.38033262319408e-11,1.05380207602883e-09)
(1.95466356338126e-11,-1.20148069751657e-10,1.03880595395535e-09)
(2.84299435268959e-11,-2.60271317706856e-10,9.93522063478315e-10)
(3.73742339295828e-11,-4.32990304619436e-10,8.73970631765608e-10)
(4.3128187860833e-11,-6.81049997606371e-10,6.78008684787584e-10)
(4.69781487611624e-11,-1.02116262938476e-09,3.90035012273093e-10)
(0,0,0)
(0,0,0)
(0,0,0)
(0,0,0)
(0,0,0)
(0,0,0)
(1.84621611691935e-12,-2.09569091011341e-12,1.48511542292779e-09)
(2.61683429496635e-12,-4.9701561245701e-12,1.48430722139969e-09)
(4.32890557622622e-12,-8.96208492835177e-12,1.48185143071727e-09)
(7.8314286844075e-12,-1.61154930864705e-11,1.47644010956239e-09)
(1.35866251170603e-11,-3.1993314049479e-11,1.46459449463589e-09)
(2.04501279665386e-11,-6.8396752116943e-11,1.43806655765731e-09)
(2.91014771945834e-11,-1.36833239113312e-10,1.37522661940204e-09)
(3.78398884886429e-11,-2.34196354309937e-10,1.24281118278964e-09)
(4.4069951342355e-11,-3.90641648010165e-10,1.01270900258565e-09)
(4.75580973716938e-11,-6.2877426465274e-10,6.25521051290678e-10)
(0,0,0)
(0,0,0)
(0,0,0)
(0,0,0)
(0,0,0)
(0,0,0)
(0,0,0)
(0,0,0)
(0,0,0)
(0,0,0)
(0,0,0)
(0,0,0)
(0,0,0)
(0,0,0)
(0,0,0)
(0,0,0)
(0,0,0)
(0,0,0)
(0,0,0)
(0,0,0)
(0,0,0)
(0,0,0)
(0,0,0)
(0,0,0)
(0,0,0)
(0,0,0)
(0,0,0)
(0,0,0)
(0,0,0)
(0,0,0)
(0,0,0)
(0,0,0)
(0,0,0)
(0,0,0)
(0,0,0)
(0,0,0)
(0,0,0)
(0,0,0)
(0,0,0)
(0,0,0)
(0,0,0)
(0,0,0)
(0,0,0)
(0,0,0)
(0,0,0)
(0,0,0)
(0,0,0)
(0,0,0)
(0,0,0)
(0,0,0)
(0,0,0)
(0,0,0)
(0,0,0)
(0,0,0)
(0,0,0)
(0,0,0)
(0,0,0)
(0,0,0)
(0,0,0)
(0,0,0)
(0,0,0)
(0,0,0)
(0,0,0)
(0,0,0)
(0,0,0)
(0,0,0)
(0,0,0)
(0,0,0)
(0,0,0)
(0,0,0)
(0,0,0)
(0,0,0)
(0,0,0)
(0,0,0)
(0,0,0)
(0,0,0)
(0,0,0)
(0,0,0)
(0,0,0)
(0,0,0)
(0,0,0)
(0,0,0)
(0,0,0)
(0,0,0)
(0,0,0)
(0,0,0)
(0,0,0)
(0,0,0)
(0,0,0)
(0,0,0)
(0,0,0)
(0,0,0)
(0,0,0)
(0,0,0)
(0,0,0)
(0,0,0)
(0,0,0)
(0,0,0)
(0,0,0)
(0,0,0)
(0,0,0)
(0,0,0)
(5.06284153563164e-13,-3.20959059566197e-11,3.5150955792022e-11)
(8.21175938281174e-13,-6.83621854491802e-11,3.36096027275472e-11)
(7.67719557971315e-13,-1.13942073457465e-10,3.07037655165021e-11)
(6.32199329815672e-13,-1.7501520041185e-10,2.52268425437817e-11)
(4.50486789550013e-13,-2.57700465535387e-10,1.60171839823421e-11)
(7.30758299818116e-13,-3.69902396002753e-10,3.48473738799663e-12)
(1.38030740981732e-12,-5.20594274349991e-10,-8.79783393756474e-12)
(2.52729819370114e-12,-7.07396440596047e-10,-1.22029459857552e-11)
(3.89838085168421e-12,-9.19222643006029e-10,-9.31342295152561e-12)
(5.0811703461737e-12,-1.10102758077565e-09,-4.68993494635836e-12)
(0,0,0)
(0,0,0)
(0,0,0)
(0,0,0)
(0,0,0)
(0,0,0)
(5.53409402245541e-13,-3.03684714124888e-11,7.41449184317221e-11)
(8.7464858964247e-13,-6.50495223727632e-11,7.0873431991521e-11)
(4.92755649918767e-13,-1.08138653385213e-10,6.41808844956224e-11)
(-3.37429840796121e-13,-1.65967153232713e-10,5.22207969536095e-11)
(-4.98330841506421e-13,-2.46239121021932e-10,3.26473530834269e-11)
(7.07016798266294e-14,-3.59620116004299e-10,3.84156678416075e-12)
(1.55498353876516e-12,-5.19538342023465e-10,-2.82971388816338e-11)
(7.06414106547973e-12,-7.1269087119565e-10,-3.06410910778085e-11)
(9.8192944188529e-12,-9.2545547291684e-10,-1.95176192435417e-11)
(1.18018346374608e-11,-1.10638351330234e-09,-8.45666931429581e-12)
(0,0,0)
(0,0,0)
(0,0,0)
(0,0,0)
(0,0,0)
(0,0,0)
(-5.42781369622471e-13,-2.73720975779136e-11,1.2172542765364e-10)
(-1.06013699144228e-12,-5.85592282523038e-11,1.1751720487884e-10)
(-1.60644463669452e-12,-9.62652702039186e-11,1.07585616523292e-10)
(-2.72331928587842e-12,-1.46771310436969e-10,8.94601724786402e-11)
(-2.99299530008524e-12,-2.1953150372866e-10,5.81676742339299e-11)
(-3.67191189975547e-12,-3.3331115283379e-10,4.28630068461482e-12)
(-6.66530100506047e-12,-5.25666832593135e-10,-7.76231555894089e-11)
(1.37052787478496e-11,-7.31220793104395e-10,-6.10587239764736e-11)
(1.86171576394857e-11,-9.40612613855871e-10,-2.9175637902767e-11)
(1.97938241403305e-11,-1.11667625359256e-09,-9.84508746386095e-12)
(0,0,0)
(0,0,0)
(0,0,0)
(0,0,0)
(0,0,0)
(0,0,0)
(-1.35144639264797e-12,-2.36962926471932e-11,1.82876432934815e-10)
(-2.46691501858367e-12,-4.94740074895818e-11,1.77667099962082e-10)
(-3.85501481342105e-12,-7.9007370342602e-11,1.65456117863304e-10)
(-6.36255635580753e-12,-1.16781315309407e-10,1.43544085333344e-10)
(-9.84838901345464e-12,-1.70593316627396e-10,1.0470571540205e-10)
(-1.96291622256533e-11,-2.67409629599958e-10,2.36401178715438e-11)
(-6.48696586352279e-11,-5.67713404591724e-10,-2.04824435113516e-10)
(2.31486554702583e-11,-7.83818126980133e-10,-8.60558185030298e-11)
(2.9650162715301e-11,-9.68765949399128e-10,-2.06954659764736e-11)
(2.76041264438249e-11,-1.13031908056266e-09,-5.31130183831464e-13)
(0,0,0)
(0,0,0)
(0,0,0)
(0,0,0)
(0,0,0)
(0,0,0)
(-1.18853713783551e-12,-1.91595458742447e-11,2.61219016034137e-10)
(-2.84576813197633e-12,-3.8229983148606e-11,2.5592124601178e-10)
(-5.74036201359515e-12,-5.8217368940868e-11,2.44152300018781e-10)
(-1.11720766716912e-11,-8.03472839956617e-11,2.23572660015974e-10)
(-2.34673264043735e-11,-1.00515336003322e-10,1.88354524626988e-10)
(-6.61847613696126e-11,-9.4387748075291e-11,1.23163469649894e-10)
(8.64322350621615e-11,-1.08603884809239e-09,-1.20173151413868e-17)
(5.51096834675199e-11,-9.17000442735153e-10,8.32291742531935e-11)
(4.15563214883496e-11,-1.00500872318967e-09,5.9079076425819e-11)
(3.51669819013017e-11,-1.13557266693178e-09,3.36806802913981e-11)
(0,0,0)
(0,0,0)
(0,0,0)
(0,0,0)
(0,0,0)
(0,0,0)
(-8.30700670702039e-13,-1.44865879317153e-11,3.63694538201321e-10)
(-2.90294311657666e-12,-2.69740452361039e-11,3.58978806072242e-10)
(-6.63842442223165e-12,-3.76913328812838e-11,3.50164329678582e-10)
(-1.31896360050022e-11,-4.4983464527764e-11,3.35897915297511e-10)
(-2.7243004143848e-11,-3.89636249178425e-11,3.11921773292456e-10)
(-7.67266573845454e-11,-4.71244538316757e-12,2.56700956659125e-10)
(5.62944789928293e-11,-1.08283576835301e-09,-1.53918613524836e-16)
(5.80040880590597e-11,-9.28103711290503e-10,2.40695547034913e-10)
(4.61157889857031e-11,-9.8912923122822e-10,1.63659961126031e-10)
(3.96859285519428e-11,-1.1044397278933e-09,8.40284846706682e-11)
(0,0,0)
(0,0,0)
(0,0,0)
(0,0,0)
(0,0,0)
(0,0,0)
(-2.05395800858473e-13,-9.90808521529789e-12,4.97300485863556e-10)
(-1.50913246691058e-12,-1.75381162409914e-11,4.94297707591269e-10)
(-4.04834344444521e-12,-2.1239790344432e-11,4.90198982308817e-10)
(-6.29836293529317e-12,-1.43596322384403e-11,4.88039809279992e-10)
(3.15468368031619e-12,3.48749423806852e-11,5.02523898044707e-10)
(1.17028149750208e-10,2.791744693834e-10,6.18827257924476e-10)
(9.13597514129433e-12,-1.26723698992831e-09,1.35507662897995e-09)
(3.89088112353461e-11,-9.05659910331403e-10,6.05972584991777e-10)
(4.1411149415135e-11,-9.18085652041977e-10,3.23807150109042e-10)
(4.05333038829935e-11,-1.02098249781041e-09,1.51622371101364e-10)
(0,0,0)
(0,0,0)
(0,0,0)
(0,0,0)
(0,0,0)
(0,0,0)
(-2.3415004465837e-13,-6.50028226293515e-12,6.69423898936315e-10)
(-6.03180658344804e-13,-1.16757734153069e-11,6.67752588989292e-10)
(-1.62138342923195e-12,-1.3864318408789e-11,6.66424496303815e-10)
(-1.99676148908941e-12,-1.12175325622937e-11,6.68540417790622e-10)
(1.16938094900274e-12,-2.67387135734948e-12,6.84258072130134e-10)
(2.07165196647654e-11,-2.60541569318905e-11,7.43135629472515e-10)
(2.46421558413311e-11,-5.08996995484264e-10,8.80768532034939e-10)
(3.52755894323517e-11,-6.34286940895154e-10,6.4665562460123e-10)
(4.00387422847427e-11,-7.45475788154252e-10,4.22221958427383e-10)
(4.24278581185097e-11,-8.67144139009584e-10,2.13020919748147e-10)
(0,0,0)
(0,0,0)
(0,0,0)
(0,0,0)
(0,0,0)
(0,0,0)
(-1.49933427210044e-13,-3.99327691788489e-12,8.73542329366854e-10)
(5.99063615469213e-15,-7.72808372456841e-12,8.72309002554664e-10)
(1.24993904693008e-13,-1.06221479956834e-11,8.70880871945201e-10)
(1.59853466910741e-12,-1.48899443180817e-11,8.70671557540053e-10)
(4.81128831116896e-12,-2.92168730852622e-11,8.73844046410264e-10)
(1.30792084760732e-11,-8.83579468256889e-11,8.81044509097474e-10)
(2.45432966460009e-11,-2.80187634800123e-10,8.71151453237247e-10)
(3.45422305982372e-11,-4.10319874204899e-10,7.28997614427392e-10)
(4.069351077906e-11,-5.33349151806356e-10,5.28345542901372e-10)
(4.4624796302232e-11,-6.50193571906663e-10,2.83892414931518e-10)
(0,0,0)
(0,0,0)
(0,0,0)
(0,0,0)
(0,0,0)
(0,0,0)
(5.58726734900401e-13,-1.71163612849148e-12,1.05100053549555e-09)
(1.02468852822977e-13,-3.81917148709163e-12,1.05042563394196e-09)
(7.78141802756434e-13,-6.22466859720019e-12,1.04845652796867e-09)
(3.56155052443347e-12,-1.10876258952983e-11,1.04564601452398e-09)
(8.12124804616314e-12,-2.35693260102121e-11,1.03955408420701e-09)
(1.4893314104947e-11,-5.91296099309182e-11,1.02289745296676e-09)
(2.46836746934981e-11,-1.34394207538022e-10,9.71633169699683e-10)
(3.37457143828712e-11,-2.06921176499164e-10,8.41495183337009e-10)
(4.06162546269989e-11,-2.85031220419351e-10,6.38462957460198e-10)
(4.43048840097246e-11,-3.61649539632479e-10,3.57466453850325e-10)
(0,0,0)
(0,0,0)
(0,0,0)
(0,0,0)
(0,0,0)
(0,0,0)
(0,0,0)
(0,0,0)
(0,0,0)
(0,0,0)
(0,0,0)
(0,0,0)
(0,0,0)
(0,0,0)
(0,0,0)
(0,0,0)
(0,0,0)
(0,0,0)
(0,0,0)
(0,0,0)
(0,0,0)
(0,0,0)
(0,0,0)
(0,0,0)
(0,0,0)
(0,0,0)
(0,0,0)
(0,0,0)
(0,0,0)
(0,0,0)
(0,0,0)
(0,0,0)
(0,0,0)
(0,0,0)
(0,0,0)
(0,0,0)
(0,0,0)
(0,0,0)
(0,0,0)
(0,0,0)
(0,0,0)
(0,0,0)
(0,0,0)
(0,0,0)
(0,0,0)
(0,0,0)
(0,0,0)
(0,0,0)
(0,0,0)
(0,0,0)
(0,0,0)
(0,0,0)
(0,0,0)
(0,0,0)
(0,0,0)
(0,0,0)
(0,0,0)
(0,0,0)
(0,0,0)
(0,0,0)
(0,0,0)
(0,0,0)
(0,0,0)
(0,0,0)
(0,0,0)
(0,0,0)
(0,0,0)
(0,0,0)
(0,0,0)
(0,0,0)
(0,0,0)
(0,0,0)
(0,0,0)
(0,0,0)
(0,0,0)
(0,0,0)
(0,0,0)
(0,0,0)
(0,0,0)
(0,0,0)
(0,0,0)
(0,0,0)
(0,0,0)
(0,0,0)
(0,0,0)
(0,0,0)
(0,0,0)
(0,0,0)
(0,0,0)
(0,0,0)
(0,0,0)
(0,0,0)
(0,0,0)
(0,0,0)
(0,0,0)
(0,0,0)
(0,0,0)
(0,0,0)
(0,0,0)
(0,0,0)
(0,0,0)
(0,0,0)
(3.20202673914435e-13,-3.59293788335351e-11,3.89797921274312e-11)
(4.14350072920006e-13,-7.44875961464253e-11,3.73745132449636e-11)
(4.41222458437105e-13,-1.21876468219646e-10,3.35238320231957e-11)
(7.93810712124299e-13,-1.82975816625848e-10,2.62118534139473e-11)
(1.52158887043562e-12,-2.61570562147088e-10,1.51359725421366e-11)
(2.73104962694441e-12,-3.62931859850319e-10,-3.31494222578884e-14)
(3.72948713145737e-12,-4.90628447361007e-10,-1.60290594893731e-11)
(4.93220575907277e-12,-6.3027973272048e-10,-1.92723067957963e-11)
(5.50772275732514e-12,-7.63060521127096e-10,-1.37801824136162e-11)
(5.74716792657779e-12,-8.54539848972172e-10,-6.69150175069419e-12)
(0,0,0)
(0,0,0)
(0,0,0)
(0,0,0)
(0,0,0)
(0,0,0)
(8.28522007906622e-13,-3.36135207660301e-11,8.17461444370302e-11)
(1.07690196506449e-12,-7.01321232660209e-11,7.80601151305666e-11)
(5.79460010649868e-13,-1.14623431670982e-10,7.01067767380007e-11)
(4.01712336083347e-14,-1.71936541015089e-10,5.56541572848308e-11)
(1.59983816453382e-12,-2.46783372645026e-10,3.17452443111706e-11)
(5.90044417512252e-12,-3.48378941563625e-10,-5.47847862142828e-12)
(1.00274263046401e-11,-4.89864370349666e-10,-5.435846585772e-11)
(1.44705911398519e-11,-6.37599242208333e-10,-5.41783752632679e-11)
(1.39154854286913e-11,-7.70972751397013e-10,-3.26284606191663e-11)
(1.36379056134361e-11,-8.61534955344374e-10,-1.38945958538784e-11)
(0,0,0)
(0,0,0)
(0,0,0)
(0,0,0)
(0,0,0)
(0,0,0)
(-1.03635255719364e-14,-2.95407143788951e-11,1.32450421107997e-10)
(-2.13769398587964e-13,-6.2070845536829e-11,1.27437709252777e-10)
(-7.38900453351115e-13,-1.00366496374383e-10,1.15933247505691e-10)
(-1.42081616878385e-12,-1.48347539648625e-10,9.47725519822037e-11)
(1.95019114794391e-12,-2.10812932589693e-10,5.73280560426272e-11)
(1.23360211404885e-11,-3.03220879787432e-10,-1.22536174081227e-11)
(1.88168393806707e-11,-4.98433055167497e-10,-1.70742469907422e-10)
(3.44195265498488e-11,-6.63794054823588e-10,-1.33937298083662e-10)
(2.74399427438019e-11,-7.9148018512925e-10,-6.02769732953523e-11)
(2.35915636466795e-11,-8.75832347713767e-10,-2.07221930899516e-11)
(0,0,0)
(0,0,0)
(0,0,0)
(0,0,0)
(0,0,0)
(0,0,0)
(-6.78860192872772e-13,-2.48682475021839e-11,1.93666289983214e-10)
(-1.49995726076713e-12,-5.14440984737056e-11,1.87718056270862e-10)
(-2.73298368518099e-12,-8.02042534867392e-11,1.73714487812901e-10)
(-3.95821773824673e-12,-1.12292109476221e-10,1.49004960850304e-10)
(1.13922789297718e-12,-1.43832185506433e-10,1.08414527229089e-10)
(3.58135092346865e-11,-1.50189481393166e-10,4.71641998333437e-11)
(3.34687168254953e-10,-5.66631207454978e-10,4.60745916940251e-17)
(9.09706186987511e-11,-7.47349670776566e-10,-3.23280089417224e-10)
(4.57286007131381e-11,-8.33151414410672e-10,-8.15232367298976e-11)
(3.23265826288479e-11,-8.96167896764436e-10,-1.71705897911135e-11)
(0,0,0)
(0,0,0)
(0,0,0)
(0,0,0)
(0,0,0)
(0,0,0)
(-5.63725058013371e-13,-1.956263649444e-11,2.68145629701463e-10)
(-2.33276005148282e-12,-3.87468941056852e-11,2.62078220228891e-10)
(-5.68675807037354e-12,-5.72988074712535e-11,2.47807330141978e-10)
(-1.13177607506103e-11,-7.42834552978997e-11,2.22738613360824e-10)
(-1.98279825127521e-11,-8.43497103739301e-11,1.80268133780956e-10)
(-3.26965823944648e-11,-8.10172854039408e-11,1.08114379651243e-10)
(-3.09477252426788e-17,1.90558772863496e-16,-7.74435598209885e-18)
(9.03630498502608e-11,-9.97224517150738e-10,1.57474359275503e-17)
(5.10752256612906e-11,-8.96929446439339e-10,1.90911699479166e-11)
(3.7714723154333e-11,-9.10873483291747e-10,1.94279968771887e-11)
(0,0,0)
(0,0,0)
(0,0,0)
(0,0,0)
(0,0,0)
(0,0,0)
(-6.93471258044895e-13,-1.45253435009371e-11,3.59752703071983e-10)
(-3.52439571801596e-12,-2.62647742719809e-11,3.5429838686468e-10)
(-8.82355257803221e-12,-3.4873714930777e-11,3.42477949464428e-10)
(-1.98373262892444e-11,-3.67471598537163e-11,3.21427583290815e-10)
(-4.58607548090641e-11,-2.30390017151854e-11,2.81919893672648e-10)
(-1.03912461573301e-10,6.06973980459068e-12,1.96640789603981e-10)
(-3.85399611102866e-19,1.44275671186644e-16,-1.41587183905568e-17)
(1.1259587300875e-10,-9.71316681339419e-10,-7.0256058364358e-17)
(5.47036862548862e-11,-8.83279180053179e-10,1.07932858622855e-10)
(4.02571831395972e-11,-8.83828105167467e-10,6.75459848754991e-11)
(0,0,0)
(0,0,0)
(0,0,0)
(0,0,0)
(0,0,0)
(0,0,0)
(-6.10420480955038e-13,-1.00754766118056e-11,4.68386424568087e-10)
(-3.27275001011184e-12,-1.61068365235132e-11,4.64271199808578e-10)
(-9.26464235126559e-12,-1.64583024117235e-11,4.56878610722738e-10)
(-2.39245513761779e-11,-3.23772838746077e-12,4.45735575385519e-10)
(-7.55998624614081e-11,4.36487526353185e-11,4.26472145215319e-10)
(-3.13992594990074e-10,1.46826406219783e-10,3.66300015808592e-10)
(2.46855499722124e-17,1.98566173575206e-16,-2.45299140490252e-16)
(4.97012766817889e-11,-1.0195358326216e-09,6.40804724100893e-10)
(4.09860645351413e-11,-8.23633715597976e-10,3.09018301210068e-10)
(3.83173161834688e-11,-8.06048305168348e-10,1.37788178761201e-10)
(0,0,0)
(0,0,0)
(0,0,0)
(0,0,0)
(0,0,0)
(0,0,0)
(-1.06984544277238e-12,-6.29187422292382e-12,5.90469409664001e-10)
(-3.22277766353664e-12,-9.36819522834691e-12,5.87617183622248e-10)
(-6.97947532919761e-12,-6.5177256666793e-12,5.8431018974878e-10)
(-1.40420040727698e-11,1.10191817547775e-11,5.83630515776802e-10)
(-3.11651746654926e-11,7.3423661745124e-11,5.97317373305349e-10)
(-5.46125930038371e-11,3.0224375317313e-10,6.71730078628379e-10)
(2.99457025909674e-11,-6.408047553976e-10,1.02852181367277e-09)
(3.57421889158541e-11,-6.41389654494606e-10,6.421858855374e-10)
(3.7113144616092e-11,-6.35825852996455e-10,3.82502375111891e-10)
(3.84982107638318e-11,-6.58676780600385e-10,1.83167987451121e-10)
(0,0,0)
(0,0,0)
(0,0,0)
(0,0,0)
(0,0,0)
(0,0,0)
(-1.19824740440013e-12,-3.62801874394983e-12,7.12704253404968e-10)
(-2.47479099191141e-12,-5.88540610090297e-12,7.10887083543515e-10)
(-4.06317108857965e-12,-5.15553148410465e-12,7.08873735340888e-10)
(-5.3762726239359e-12,-8.83306417856618e-13,7.08656034494644e-10)
(-8.03672145108638e-12,5.44163900701587e-12,7.15494963347038e-10)
(-6.2560725584793e-12,-1.56544581964495e-11,7.37726767083487e-10)
(2.09037081937594e-11,-2.78224651359659e-10,7.72396582734389e-10)
(3.1795604418536e-11,-3.75086803530407e-10,6.15322339052192e-10)
(3.68287073619356e-11,-4.28582673709288e-10,4.21674756096822e-10)
(3.99731789595891e-11,-4.68201930559229e-10,2.1625437246993e-10)
(0,0,0)
(0,0,0)
(0,0,0)
(0,0,0)
(0,0,0)
(0,0,0)
(-5.78007840001495e-13,-1.81374929013572e-12,7.99129151574584e-10)
(-1.74759666098321e-12,-3.16050868377874e-12,7.97746588967501e-10)
(-2.63601334974783e-12,-3.58673805087616e-12,7.95563580233094e-10)
(-1.43414505390076e-12,-5.15373797154595e-12,7.93602304962139e-10)
(1.20855327620211e-12,-1.14362061943438e-11,7.91051554065861e-10)
(7.0279874411063e-12,-3.95780541834878e-11,7.83385877175734e-10)
(2.04274535181497e-11,-1.22122684702022e-10,7.48543862488905e-10)
(2.98567637605216e-11,-1.77938917033472e-10,6.2878002713506e-10)
(3.65815378175442e-11,-2.17919174177749e-10,4.54126022843907e-10)
(4.01217982275283e-11,-2.46142827788989e-10,2.40902582248473e-10)
(0,0,0)
(0,0,0)
(0,0,0)
(0,0,0)
(0,0,0)
(0,0,0)
(0,0,0)
(0,0,0)
(0,0,0)
(0,0,0)
(0,0,0)
(0,0,0)
(0,0,0)
(0,0,0)
(0,0,0)
(0,0,0)
(0,0,0)
(0,0,0)
(0,0,0)
(0,0,0)
(0,0,0)
(0,0,0)
(0,0,0)
(0,0,0)
(0,0,0)
(0,0,0)
(0,0,0)
(0,0,0)
(0,0,0)
(0,0,0)
(0,0,0)
(0,0,0)
(0,0,0)
(0,0,0)
(0,0,0)
(0,0,0)
(0,0,0)
(0,0,0)
(0,0,0)
(0,0,0)
(0,0,0)
(0,0,0)
(0,0,0)
(0,0,0)
(0,0,0)
(0,0,0)
(0,0,0)
(0,0,0)
(0,0,0)
(0,0,0)
(0,0,0)
(0,0,0)
(0,0,0)
(0,0,0)
(0,0,0)
(0,0,0)
(0,0,0)
(0,0,0)
(0,0,0)
(0,0,0)
(0,0,0)
(0,0,0)
(0,0,0)
(0,0,0)
(0,0,0)
(0,0,0)
(0,0,0)
(0,0,0)
(0,0,0)
(0,0,0)
(0,0,0)
(0,0,0)
(0,0,0)
(0,0,0)
(0,0,0)
(0,0,0)
(0,0,0)
(0,0,0)
(0,0,0)
(0,0,0)
(0,0,0)
(0,0,0)
(0,0,0)
(0,0,0)
(0,0,0)
(0,0,0)
(0,0,0)
(0,0,0)
(0,0,0)
(0,0,0)
(0,0,0)
(0,0,0)
(0,0,0)
(0,0,0)
(0,0,0)
(0,0,0)
(0,0,0)
(0,0,0)
(0,0,0)
(0,0,0)
(0,0,0)
(0,0,0)
(-3.90376511115356e-13,-3.62173774923244e-11,4.04267348469383e-11)
(-9.04415857179798e-14,-7.55902155039269e-11,3.83696407650316e-11)
(5.00164519026671e-13,-1.23454053324702e-10,3.43221621106743e-11)
(8.30415973167224e-13,-1.8214931712831e-10,2.68126387934496e-11)
(1.90352133277651e-12,-2.54106782806071e-10,1.53713085103849e-11)
(4.1740414073408e-12,-3.42885003047562e-10,-3.2074783613958e-13)
(6.20865742659488e-12,-4.48020281625724e-10,-1.65958053315289e-11)
(6.75959086466482e-12,-5.53632892023742e-10,-1.98943953178502e-11)
(6.33127236438263e-12,-6.42163391606219e-10,-1.40142126419503e-11)
(6.05077254813799e-12,-6.95289509040526e-10,-6.67135234178955e-12)
(0,0,0)
(0,0,0)
(0,0,0)
(0,0,0)
(0,0,0)
(0,0,0)
(4.41744927251439e-13,-3.44171181732089e-11,8.42261432836405e-11)
(9.68962628421299e-13,-7.17832996560088e-11,8.00832693315998e-11)
(7.75144167233992e-13,-1.16165169753672e-10,7.20910504895543e-11)
(3.60082840786953e-13,-1.70546991733635e-10,5.76323069972532e-11)
(2.85312104180802e-12,-2.37892490518145e-10,3.32571522077696e-11)
(9.62236963519569e-12,-3.25895226208245e-10,-4.48027256319964e-12)
(1.84160205279915e-11,-4.44158112427619e-10,-5.37498101919698e-11)
(1.91154891110376e-11,-5.58665213322711e-10,-5.5933653021282e-11)
(1.56890543955485e-11,-6.48665726486659e-10,-3.45324016891181e-11)
(1.4040702128979e-11,-7.01216250772441e-10,-1.4991536698836e-11)
(0,0,0)
(0,0,0)
(0,0,0)
(0,0,0)
(0,0,0)
(0,0,0)
(3.29881452942819e-13,-3.0712884537582e-11,1.34693154151713e-10)
(6.63945285383535e-13,-6.41509945687499e-11,1.29359156318268e-10)
(2.59552182481698e-13,-1.0193006902193e-10,1.17980078011681e-10)
(-3.17504016061759e-14,-1.46378856180348e-10,9.71525596444652e-11)
(4.55111751538708e-12,-2.00186678355255e-10,6.01295959782851e-11)
(1.77934752455285e-11,-2.75665660407777e-10,-7.65455805152065e-12)
(5.02098198443998e-11,-4.39962178338938e-10,-1.59755484385999e-10)
(4.43148177144371e-11,-5.76602156609328e-10,-1.3646570971832e-10)
(2.95563918198085e-11,-6.6503441207637e-10,-6.45423198035397e-11)
(2.32049196072404e-11,-7.13439885180684e-10,-2.30049430282723e-11)
(0,0,0)
(0,0,0)
(0,0,0)
(0,0,0)
(0,0,0)
(0,0,0)
(-3.62374882507998e-14,-2.61400798869858e-11,1.93613873928824e-10)
(-1.93593170826254e-13,-5.37069664012728e-11,1.87346813180057e-10)
(-9.28902738037209e-13,-8.20071863271574e-11,1.73268309835683e-10)
(-1.37643829535677e-12,-1.10433446808291e-10,1.48837377298899e-10)
(2.90708015622674e-12,-1.33173059221079e-10,1.09898778111647e-10)
(1.38054670042069e-11,-1.2327739753762e-10,5.44181958467962e-11)
(9.13359057330193e-11,-4.62389317427502e-10,2.59163695142806e-17)
(9.90886123856013e-11,-6.39637098685112e-10,-3.18060129921851e-10)
(4.51539858030532e-11,-6.98958692003932e-10,-8.80301989993727e-11)
(2.98615793650835e-11,-7.30331863742019e-10,-2.09766797011776e-11)
(0,0,0)
(0,0,0)
(0,0,0)
(0,0,0)
(0,0,0)
(0,0,0)
(4.66391421031822e-13,-2.08069448070046e-11,2.62116736694095e-10)
(-5.43989798256886e-13,-4.11388412937836e-11,2.55569399682916e-10)
(-3.04313382972001e-12,-5.95941741517674e-11,2.40490082764542e-10)
(-6.38357661489866e-12,-7.45913388031672e-11,2.14242366683831e-10)
(-8.98493704180987e-12,-8.22033436006574e-11,1.7121833139408e-10)
(-1.16692202074003e-11,-8.00146201854171e-11,1.01679491908583e-10)
(-8.15641547547534e-18,9.61313521810933e-17,-7.27641355836727e-18)
(4.53640598384621e-11,-8.49175374708312e-10,1.80327831627341e-17)
(3.70881323458842e-11,-7.52335457462696e-10,9.6120335494777e-12)
(3.009734190725e-11,-7.42155703431782e-10,1.34209930471943e-11)
(0,0,0)
(0,0,0)
(0,0,0)
(0,0,0)
(0,0,0)
(0,0,0)
(3.10978060149068e-13,-1.53018551880047e-11,3.40422202230783e-10)
(-1.8618960662692e-12,-2.81291538718334e-11,3.3476406245427e-10)
(-6.18859892341975e-12,-3.69184072617255e-11,3.21742104136901e-10)
(-1.38390681374107e-11,-3.86191136254554e-11,2.97861237762494e-10)
(-2.72694050908896e-11,-2.70916587224182e-11,2.53957739496803e-10)
(-4.80283242257944e-11,-6.40423965558017e-12,1.67174260819111e-10)
(1.42143797413647e-18,5.68869349632852e-17,-1.20463429418152e-17)
(5.28820954120162e-11,-8.12720526632861e-10,-5.20865567360963e-17)
(3.5445095547027e-11,-7.35836985945024e-10,8.80862808764888e-11)
(3.00233680159486e-11,-7.16363820701703e-10,5.62567754712301e-11)
(0,0,0)
(0,0,0)
(0,0,0)
(0,0,0)
(0,0,0)
(0,0,0)
(-2.78798110359602e-13,-1.05534004850511e-11,4.26203196370558e-10)
(-2.6188022194057e-12,-1.73907737455996e-11,4.21718901920248e-10)
(-8.06218375907411e-12,-1.77881499632658e-11,4.12221822123607e-10)
(-1.8918031348218e-11,-5.73160281780593e-12,3.95853900389602e-10)
(-4.52026421645072e-11,3.32572918200906e-11,3.64922288781798e-10)
(-1.03109680835713e-10,1.05554002385758e-10,2.8507516289402e-10)
(9.2492901743053e-18,9.15728180048305e-17,-1.2317062614494e-16)
(3.34152144559569e-12,-8.55339916477241e-10,5.43125794048718e-10)
(2.44083243824961e-11,-6.82811171971615e-10,2.63346796994121e-10)
(2.87339703767105e-11,-6.47094946931501e-10,1.17293589869261e-10)
(0,0,0)
(0,0,0)
(0,0,0)
(0,0,0)
(0,0,0)
(0,0,0)
(-8.81474879989218e-13,-6.52269752225267e-12,5.13457511798468e-10)
(-3.39857291752854e-12,-9.82602566342487e-12,5.10212748672669e-10)
(-7.66199553979603e-12,-6.23214179568215e-12,5.04619629406403e-10)
(-1.58263734286614e-11,1.31099612236238e-11,4.99334305271002e-10)
(-3.75958572504185e-11,7.98724266933955e-11,5.04458482444014e-10)
(-9.3506116678598e-11,3.06646085237898e-10,5.60621962189854e-10)
(5.37015266883858e-11,-5.43125821769241e-10,8.73096003849696e-10)
(2.91228483771455e-11,-5.44845644216621e-10,5.43946242304807e-10)
(2.92043529897463e-11,-5.21756046589816e-10,3.20586237518989e-10)
(3.1191348173763e-11,-5.19455948323754e-10,1.51512850465083e-10)
(0,0,0)
(0,0,0)
(0,0,0)
(0,0,0)
(0,0,0)
(0,0,0)
(-1.19534699669249e-12,-3.92094710516299e-12,5.91546282788491e-10)
(-3.18634020639832e-12,-5.92901946753384e-12,5.89139935629719e-10)
(-5.41426367566411e-12,-4.28843590801829e-12,5.85202638961827e-10)
(-7.94476992263448e-12,2.23610169418173e-12,5.82102367927278e-10)
(-1.33906799861636e-11,1.43936672639664e-11,5.85383796646899e-10)
(-1.70022922223677e-11,4.28798009852574e-12,6.03061073112912e-10)
(2.18759852183399e-11,-2.35967990461015e-10,6.3501905066263e-10)
(2.82953008769673e-11,-3.15643740182284e-10,4.99944147578439e-10)
(3.15855914572919e-11,-3.44571553253592e-10,3.35759472157069e-10)
(3.41684486593483e-11,-3.59849197420787e-10,1.68554116894471e-10)
(0,0,0)
(0,0,0)
(0,0,0)
(0,0,0)
(0,0,0)
(0,0,0)
(-1.0091945230542e-12,-2.21006473378327e-12,6.40101319549874e-10)
(-2.72509661035467e-12,-3.18460802851466e-12,6.37407732333156e-10)
(-4.26147612966889e-12,-2.89213798478834e-12,6.33443949753067e-10)
(-4.03713212916859e-12,-2.98447398657447e-12,6.29655674362094e-10)
(-2.561976028014e-12,-6.27111572491598e-12,6.26191071979313e-10)
(2.29194794444623e-12,-2.88726546821035e-11,6.19462406465704e-10)
(1.80686041699726e-11,-1.03028607696475e-10,5.90180731671476e-10)
(2.65718510182027e-11,-1.47499193514765e-10,4.8792672844489e-10)
(3.18858042352311e-11,-1.71334303799164e-10,3.43737995682311e-10)
(3.48815526869821e-11,-1.84199539395575e-10,1.77657089438941e-10)
(0,0,0)
(0,0,0)
(0,0,0)
(0,0,0)
(0,0,0)
(0,0,0)
(0,0,0)
(0,0,0)
(0,0,0)
(0,0,0)
(0,0,0)
(0,0,0)
(0,0,0)
(0,0,0)
(0,0,0)
(0,0,0)
(0,0,0)
(0,0,0)
(0,0,0)
(0,0,0)
(0,0,0)
(0,0,0)
(0,0,0)
(0,0,0)
(0,0,0)
(0,0,0)
(0,0,0)
(0,0,0)
(0,0,0)
(0,0,0)
(0,0,0)
(0,0,0)
(0,0,0)
(0,0,0)
(0,0,0)
(0,0,0)
(0,0,0)
(0,0,0)
(0,0,0)
(0,0,0)
(0,0,0)
(0,0,0)
(0,0,0)
(0,0,0)
(0,0,0)
(0,0,0)
(0,0,0)
(0,0,0)
(0,0,0)
(0,0,0)
(0,0,0)
(0,0,0)
(0,0,0)
(0,0,0)
(0,0,0)
(0,0,0)
(0,0,0)
(0,0,0)
(0,0,0)
(0,0,0)
(0,0,0)
(0,0,0)
(0,0,0)
(0,0,0)
(0,0,0)
(0,0,0)
(0,0,0)
(0,0,0)
(0,0,0)
(0,0,0)
(0,0,0)
(0,0,0)
(0,0,0)
(0,0,0)
(0,0,0)
(0,0,0)
(0,0,0)
(0,0,0)
(0,0,0)
(0,0,0)
(0,0,0)
(0,0,0)
(0,0,0)
(0,0,0)
(0,0,0)
(0,0,0)
(0,0,0)
(0,0,0)
(0,0,0)
(0,0,0)
(0,0,0)
(0,0,0)
(0,0,0)
(0,0,0)
(0,0,0)
(0,0,0)
(0,0,0)
(0,0,0)
(0,0,0)
(0,0,0)
(0,0,0)
(0,0,0)
(-1.33541748260564e-13,-3.56813662499112e-11,3.96168165127033e-11)
(1.50121220692306e-13,-7.48055538713472e-11,3.82768540266024e-11)
(7.20804265221676e-13,-1.21520799741431e-10,3.50914589640666e-11)
(6.69420861546724e-13,-1.76303381773191e-10,2.86128914750879e-11)
(1.38128539137729e-12,-2.4165619536159e-10,1.86818674890003e-11)
(3.45932206341279e-12,-3.19459850362445e-10,5.01362013880509e-12)
(5.6450782147893e-12,-4.05631460969269e-10,-9.21491052419525e-12)
(5.91172948775206e-12,-4.87009931631804e-10,-1.3675316815497e-11)
(5.49074694469697e-12,-5.50919645349811e-10,-1.00099072685699e-11)
(5.30616193829713e-12,-5.86513128383509e-10,-4.73331589055508e-12)
(0,0,0)
(0,0,0)
(0,0,0)
(0,0,0)
(0,0,0)
(0,0,0)
(8.80385243665779e-13,-3.44819179823547e-11,8.29922799326276e-11)
(1.32887638318853e-12,-7.17856829448879e-11,7.96659669600188e-11)
(9.98786927817267e-13,-1.1504326195292e-10,7.30462286772367e-11)
(5.6710207698437e-13,-1.65914335132382e-10,6.04263718848137e-11)
(2.88473364987274e-12,-2.27043256989499e-10,3.95345547911232e-11)
(8.66234146347165e-12,-3.03107492244294e-10,8.22650450450864e-12)
(1.64039292686238e-11,-3.97936526162031e-10,-3.08677685912864e-11)
(1.56511810654831e-11,-4.87833493053107e-10,-3.72440397908119e-11)
(1.25168749949794e-11,-5.54294576260321e-10,-2.42579202384074e-11)
(1.12727998382361e-11,-5.89511250633548e-10,-1.08632448418616e-11)
(0,0,0)
(0,0,0)
(0,0,0)
(0,0,0)
(0,0,0)
(0,0,0)
(1.09107463578362e-12,-3.1478328791221e-11,1.31855550698588e-10)
(1.59899542449192e-12,-6.51688395747476e-11,1.26998686966924e-10)
(1.16418785493317e-12,-1.0240508480936e-10,1.17112565994274e-10)
(1.04580389251333e-12,-1.44714836215604e-10,9.91392777948932e-11)
(5.32165241104775e-12,-1.94044368779322e-10,6.82307699288721e-11)
(1.75061387098128e-11,-2.57606308976057e-10,1.53675768252186e-11)
(4.93471842653027e-11,-3.77393045153627e-10,-9.23131195022531e-11)
(3.5426369875445e-11,-4.90301127668883e-10,-8.69511627321603e-11)
(2.19432949721921e-11,-5.61224833221094e-10,-4.26622582620022e-11)
(1.70919551403065e-11,-5.95516241827517e-10,-1.54785073180932e-11)
(0,0,0)
(0,0,0)
(0,0,0)
(0,0,0)
(0,0,0)
(0,0,0)
(8.97688180529326e-13,-2.7319753758063e-11,1.86546245129905e-10)
(1.31678506607601e-12,-5.56965101200731e-11,1.8082563878184e-10)
(1.08901762332189e-12,-8.47632222600473e-11,1.68668931856268e-10)
(1.72005288680672e-12,-1.1343429510551e-10,1.47560342818562e-10)
(7.41794680063344e-12,-1.37371736865642e-10,1.15012002276474e-10)
(2.49608595824116e-11,-1.32697921697295e-10,7.40694450258877e-11)
(-5.29933519876154e-11,-3.22729675975837e-10,7.36501377545867e-11)
(7.85969574863272e-11,-5.03826551994848e-10,-1.92674161815557e-10)
(3.14772319636103e-11,-5.74420147145411e-10,-5.17683347684611e-11)
(2.0708739353634e-11,-6.02415031981795e-10,-1.13760800120494e-11)
(0,0,0)
(0,0,0)
(0,0,0)
(0,0,0)
(0,0,0)
(0,0,0)
(1.50863881317512e-12,-2.24756136723018e-11,2.48503607753945e-10)
(1.52563969818931e-12,-4.45501960925992e-11,2.42435636707058e-10)
(5.28815360959771e-13,-6.4782843712171e-11,2.28971504300244e-10)
(6.68233497140366e-13,-8.17649043243952e-11,2.0571226641925e-10)
(5.44221756544768e-12,-9.33716809911121e-11,1.68887822557125e-10)
(1.63998984477763e-11,-1.02885644759715e-10,1.09545027941452e-10)
(5.77880502123145e-18,9.74576043504837e-17,-2.68959651016622e-17)
(-7.02803753678348e-13,-5.59613821284757e-10,4.55091163320121e-11)
(1.67807013305539e-11,-5.90685446675126e-10,2.66220160891851e-11)
(1.77264522244551e-11,-6.01922519934387e-10,1.73028819295426e-11)
(0,0,0)
(0,0,0)
(0,0,0)
(0,0,0)
(0,0,0)
(0,0,0)
(1.22066313369148e-12,-1.73440677841616e-11,3.16286114408058e-10)
(4.21682124880979e-13,-3.26556897351826e-11,3.10613144359736e-10)
(-1.43798984749885e-12,-4.41577050315749e-11,2.98261152945497e-10)
(-2.82308067932895e-12,-4.99595798358324e-11,2.76058581343154e-10)
(-8.3487695572117e-13,-4.60911722428847e-11,2.37681933525972e-10)
(7.18770659831763e-12,-3.46597232685772e-11,1.63866177480478e-10)
(6.77576872687171e-18,6.5402891080317e-17,-3.5774219595432e-17)
(7.41515229335052e-12,-5.29257745877789e-10,8.14313574524709e-11)
(1.42487869789396e-11,-5.67549698278803e-10,9.17568464909335e-11)
(1.70112697169493e-11,-5.73749295116317e-10,5.16737866237436e-11)
(0,0,0)
(0,0,0)
(0,0,0)
(0,0,0)
(0,0,0)
(0,0,0)
(1.74793377112987e-13,-1.25390328729291e-11,3.85203852656607e-10)
(-6.86470504935264e-13,-2.24371322416122e-11,3.80290550414063e-10)
(-3.25027019263225e-12,-2.62898199849665e-11,3.7014662090829e-10)
(-6.82798378186672e-12,-2.11205845728376e-11,3.53133196318021e-10)
(-1.19706511500134e-11,2.19566838588505e-12,3.23012078129775e-10)
(-1.91264776232234e-11,4.79710977085038e-11,2.51544384077446e-10)
(5.37200269115048e-18,8.17376572043559e-17,-1.12726146669953e-16)
(-2.73737537604106e-11,-5.16521214479015e-10,3.4994515650978e-10)
(9.40640612548245e-12,-5.15267513130712e-10,2.02178105187727e-10)
(1.83885616382074e-11,-5.1229312766884e-10,9.5210619848954e-11)
(0,0,0)
(0,0,0)
(0,0,0)
(0,0,0)
(0,0,0)
(0,0,0)
(-2.38462171282885e-13,-8.23076854112326e-12,4.49218445873281e-10)
(-1.70245984715582e-12,-1.42369769830967e-11,4.45637201874585e-10)
(-4.32037729204037e-12,-1.42151077532538e-11,4.38431809485867e-10)
(-1.00766910722635e-11,-3.38935109140949e-12,4.29245000187733e-10)
(-2.82805775668164e-11,3.65976419290554e-11,4.22153724683507e-10)
(-1.03622053199076e-10,1.6743041139492e-10,4.29317970779537e-10)
(7.56934569250693e-11,-3.46089010566301e-10,4.99498484105896e-10)
(2.32809491286072e-11,-3.92372384002637e-10,3.86052487045139e-10)
(2.10932467073948e-11,-4.0505657823452e-10,2.47469868431048e-10)
(2.309744773581e-11,-4.10043678572802e-10,1.20443999637e-10)
(0,0,0)
(0,0,0)
(0,0,0)
(0,0,0)
(0,0,0)
(0,0,0)
(-4.99882209304084e-13,-4.95101821385898e-12,5.0269434143418e-10)
(-1.99345497751358e-12,-8.58383480580288e-12,4.9997281655517e-10)
(-3.71029056435935e-12,-9.12880478080365e-12,4.94104497783543e-10)
(-6.00562296151337e-12,-6.44269055973134e-12,4.86946368330067e-10)
(-1.04031734632736e-11,-1.41744548833744e-12,4.81162678941484e-10)
(-1.57996349914609e-11,-1.55060730920322e-11,4.78744447424997e-10)
(2.40115055379437e-11,-1.78534049193641e-10,4.71135403282422e-10)
(2.43354296308138e-11,-2.45083947394571e-10,3.83055646233757e-10)
(2.55536972654572e-11,-2.71758380815146e-10,2.61945506952964e-10)
(2.70729075286398e-11,-2.82920811314309e-10,1.32072733820342e-10)
(0,0,0)
(0,0,0)
(0,0,0)
(0,0,0)
(0,0,0)
(0,0,0)
(-5.25672040119442e-13,-2.66456427198578e-12,5.34749955525715e-10)
(-1.94592205878026e-12,-4.32559664340189e-12,5.31333499941799e-10)
(-3.36533872348432e-12,-5.00766109378992e-12,5.249401453346e-10)
(-3.55700373296245e-12,-5.97776040137999e-12,5.16909886604753e-10)
(-2.10442623932037e-12,-1.00364778452457e-11,5.07657143806064e-10)
(2.70096805657049e-12,-2.87661613151425e-11,4.94156328241624e-10)
(1.72939997000829e-11,-8.30425964976867e-11,4.60835159069371e-10)
(2.32613902660188e-11,-1.17760790671594e-10,3.79955381336726e-10)
(2.66324066794191e-11,-1.35431509110278e-10,2.666726251142e-10)
(2.83391027303366e-11,-1.43688746858302e-10,1.37021363849429e-10)
(0,0,0)
(0,0,0)
(0,0,0)
(0,0,0)
(0,0,0)
(0,0,0)
(0,0,0)
(0,0,0)
(0,0,0)
(0,0,0)
(0,0,0)
(0,0,0)
(0,0,0)
(0,0,0)
(0,0,0)
(0,0,0)
(0,0,0)
(0,0,0)
(0,0,0)
(0,0,0)
(0,0,0)
(0,0,0)
(0,0,0)
(0,0,0)
(0,0,0)
(0,0,0)
(0,0,0)
(0,0,0)
(0,0,0)
(0,0,0)
(0,0,0)
(0,0,0)
(0,0,0)
(0,0,0)
(0,0,0)
(0,0,0)
(0,0,0)
(0,0,0)
(0,0,0)
(0,0,0)
(0,0,0)
(0,0,0)
(0,0,0)
(0,0,0)
(0,0,0)
(0,0,0)
(0,0,0)
(0,0,0)
(0,0,0)
(0,0,0)
(0,0,0)
(0,0,0)
(0,0,0)
(0,0,0)
(0,0,0)
(0,0,0)
(0,0,0)
(0,0,0)
(0,0,0)
(0,0,0)
(0,0,0)
(0,0,0)
(0,0,0)
(0,0,0)
(0,0,0)
(0,0,0)
(0,0,0)
(0,0,0)
(0,0,0)
(0,0,0)
(0,0,0)
(0,0,0)
(0,0,0)
(0,0,0)
(0,0,0)
(0,0,0)
(0,0,0)
(0,0,0)
(0,0,0)
(0,0,0)
(0,0,0)
(0,0,0)
(0,0,0)
(0,0,0)
(0,0,0)
(0,0,0)
(0,0,0)
(0,0,0)
(0,0,0)
(0,0,0)
(0,0,0)
(0,0,0)
(0,0,0)
(0,0,0)
(0,0,0)
(0,0,0)
(0,0,0)
(0,0,0)
(0,0,0)
(0,0,0)
(0,0,0)
(0,0,0)
(6.97247033530127e-15,-3.5503075999569e-11,3.96310018927085e-11)
(3.15645356716676e-13,-7.39915682682462e-11,3.82870896348186e-11)
(7.21833965730834e-13,-1.18409195886279e-10,3.53448038911513e-11)
(2.11398206808932e-13,-1.69767494820199e-10,3.03467810491909e-11)
(4.3659436947301e-13,-2.30163309908056e-10,2.25129539181611e-11)
(1.3354946082639e-12,-2.99041276058998e-10,1.1969597592009e-11)
(2.41054969882524e-12,-3.71190226929958e-10,7.89856154771146e-13)
(3.06988136216519e-12,-4.35505609609146e-10,-4.80951844774074e-12)
(3.58908647715936e-12,-4.84627949769687e-10,-4.6050946426438e-12)
(3.57096829777026e-12,-5.10729311278876e-10,-2.41354660857978e-12)
(0,0,0)
(0,0,0)
(0,0,0)
(0,0,0)
(0,0,0)
(0,0,0)
(1.20310902515593e-12,-3.44772971674935e-11,8.13537885861725e-11)
(1.33177129584255e-12,-7.12867479376463e-11,7.88096757032729e-11)
(9.80466576648862e-13,-1.13142101254067e-10,7.29889222178847e-11)
(2.59420253902871e-13,-1.61407207738466e-10,6.26502379832634e-11)
(1.19389572632426e-12,-2.18556352854743e-10,4.64620114059971e-11)
(2.25543129101459e-12,-2.86723439867598e-10,2.38094497077984e-11)
(2.23671945976177e-12,-3.64117526408051e-10,-1.95711353190428e-12)
(5.1326961288493e-12,-4.34144027995281e-10,-1.14004889523543e-11)
(6.05245655924483e-12,-4.8530430796081e-10,-9.20137531317055e-12)
(6.41454619037345e-12,-5.11203538770188e-10,-4.5669784131657e-12)
(0,0,0)
(0,0,0)
(0,0,0)
(0,0,0)
(0,0,0)
(0,0,0)
(1.78936333430048e-12,-3.21504837437332e-11,1.27635859518089e-10)
(2.01278694245883e-12,-6.58543307904948e-11,1.23958903468484e-10)
(1.49561350502834e-12,-1.03076184610328e-10,1.15587576998463e-10)
(6.73770648467153e-13,-1.45030812174573e-10,1.00774951983768e-10)
(1.51221360098719e-12,-1.94488471055272e-10,7.69582328754978e-11)
(2.78447758505774e-13,-2.58513444227915e-10,3.98424884607437e-11)
(-1.06781416825666e-11,-3.5151959708617e-10,-1.33082238663468e-11)
(4.66288973123723e-12,-4.32056422034485e-10,-2.15834394591686e-11)
(7.95485795259823e-12,-4.86239016257119e-10,-1.15316422641479e-11)
(8.51223797646591e-12,-5.12214694445211e-10,-3.9276590491248e-12)
(0,0,0)
(0,0,0)
(0,0,0)
(0,0,0)
(0,0,0)
(0,0,0)
(1.77415444282211e-12,-2.85427338589389e-11,1.77744721227058e-10)
(2.3271779641599e-12,-5.77432474981561e-11,1.73631481569736e-10)
(2.21722811316798e-12,-8.85349845132314e-11,1.63927616518545e-10)
(2.59900264776488e-12,-1.20891906671068e-10,1.46719690560333e-10)
(4.36044817670374e-12,-1.5576122645267e-10,1.19475720734422e-10)
(-4.43211008386832e-12,-2.02815251706089e-10,7.41491282821495e-11)
(-1.09398825850869e-10,-3.45911982963346e-10,-3.59335878150405e-11)
(-6.52160027083776e-12,-4.35394925264966e-10,-2.23071788451035e-11)
(7.35027673688542e-12,-4.87759542024032e-10,-1.30267002137353e-12)
(8.84014729413918e-12,-5.11243092390248e-10,3.62204553225458e-12)
(0,0,0)
(0,0,0)
(0,0,0)
(0,0,0)
(0,0,0)
(0,0,0)
(2.44506397192827e-12,-2.43105934458064e-11,2.32344098329436e-10)
(3.09526574756807e-12,-4.82087676182121e-11,2.2813981992737e-10)
(3.16291456135525e-12,-7.12821872909251e-11,2.17765264346223e-10)
(5.68735287070186e-12,-9.28336095056472e-11,1.99985669698704e-10)
(1.75045034329014e-11,-1.08184893778318e-10,1.74904441882075e-10)
(5.77190317940733e-11,-9.40550975471869e-11,1.48043761412958e-10)
(-4.55091053944592e-11,-4.4385708006809e-10,1.61710126842638e-10)
(-1.21717789178605e-11,-4.55225200196048e-10,7.87020954120394e-11)
(2.96408709376183e-12,-4.85631478099684e-10,4.82674889375721e-11)
(6.85610933595572e-12,-5.01396790112321e-10,2.49937895471455e-11)
(0,0,0)
(0,0,0)
(0,0,0)
(0,0,0)
(0,0,0)
(0,0,0)
(2.08859827073923e-12,-1.96279510293379e-11,2.91075453915737e-10)
(2.55511604558021e-12,-3.78123808093086e-11,2.86748655860248e-10)
(2.89669670824143e-12,-5.34979334940857e-11,2.76755842033112e-10)
(6.71457187486231e-12,-6.63094369665898e-11,2.59835419784482e-10)
(2.46940384609951e-11,-7.24009288703361e-11,2.36928466707038e-10)
(8.8423098875959e-11,-6.20437777232462e-11,2.13912839573881e-10)
(-8.14314027856878e-11,-3.92557642601377e-10,2.19769952885621e-10)
(-1.56468681438913e-11,-4.29512369618986e-10,1.47719465112242e-10)
(2.04966169810683e-12,-4.5856326541873e-10,9.99045382939801e-11)
(7.22888889323431e-12,-4.71018778159769e-10,5.04900681245597e-11)
(0,0,0)
(0,0,0)
(0,0,0)
(0,0,0)
(0,0,0)
(0,0,0)
(7.79831287851136e-13,-1.51453129507295e-11,3.48770400872757e-10)
(1.25730374225714e-12,-2.83520551192061e-11,3.44375776077927e-10)
(1.68844216596159e-12,-3.76335256368495e-11,3.35364740919241e-10)
(5.56190092494839e-12,-4.29004865132613e-11,3.21975590861902e-10)
(2.5095069359164e-11,-3.81896917911945e-11,3.06630288078816e-10)
(1.12958705493957e-10,-2.28172616392731e-12,3.06119990598084e-10)
(-3.85617155995383e-12,-3.89847871574318e-10,4.29292808959731e-10)
(-3.75553291476871e-12,-3.91759225185191e-10,2.64435861390911e-10)
(6.16295656806684e-12,-4.07496705620861e-10,1.62720710915095e-10)
(1.13497323910868e-11,-4.1600542387403e-10,7.86167876160351e-11)
(0,0,0)
(0,0,0)
(0,0,0)
(0,0,0)
(0,0,0)
(0,0,0)
(6.30315001633339e-14,-1.07473746517417e-11,3.99925506898048e-10)
(-1.50209635787198e-13,-1.99154594464377e-11,3.95782632266187e-10)
(-2.19870966308239e-13,-2.55429985348966e-11,3.87748947303033e-10)
(6.79239002525258e-14,-2.80824359669316e-11,3.77547482724914e-10)
(2.57026375455625e-12,-2.7316196863732e-11,3.6720043491093e-10)
(9.13391796150893e-12,-4.21748467369678e-11,3.63604202770041e-10)
(2.15844926132083e-11,-2.34358827927082e-10,3.74279434730947e-10)
(1.45751311346258e-11,-2.96107270135563e-10,2.92567142671225e-10)
(1.48209180820868e-11,-3.21915394476859e-10,1.94901353267804e-10)
(1.6418580114334e-11,-3.32559417660359e-10,9.6903667697419e-11)
(0,0,0)
(0,0,0)
(0,0,0)
(0,0,0)
(0,0,0)
(0,0,0)
(-6.48112721386017e-14,-6.83963987695595e-12,4.39873342681853e-10)
(-3.83374368288434e-13,-1.28898443742053e-11,4.36057334941525e-10)
(-6.73304797891708e-13,-1.69025097323906e-11,4.28413619535527e-10)
(-6.86863731287685e-13,-2.07436163306161e-11,4.1861771956602e-10)
(6.34090410109871e-13,-2.83233918028544e-11,4.06802341306235e-10)
(5.06949737419063e-12,-5.61267597934619e-11,3.9298864230925e-10)
(1.65998098907027e-11,-1.42995966903074e-10,3.69157404048234e-10)
(1.81224121886368e-11,-1.93863947941599e-10,3.01220094670427e-10)
(1.90995986932026e-11,-2.19279101461683e-10,2.08804685099912e-10)
(1.99135768929821e-11,-2.3008142384176e-10,1.06007089610638e-10)
(0,0,0)
(0,0,0)
(0,0,0)
(0,0,0)
(0,0,0)
(0,0,0)
(2.26219271811461e-13,-3.51979372120732e-12,4.62402580168292e-10)
(1.21835905016245e-13,-6.52392865351849e-12,4.58232921635679e-10)
(-3.42741087427357e-13,-8.687187254383e-12,4.50310393247603e-10)
(-2.82021335652462e-13,-1.15664639438002e-11,4.39804705328088e-10)
(1.35991147987287e-12,-1.81995830995653e-11,4.2596807041104e-10)
(7.25597591367603e-12,-3.52322440055201e-11,4.05976868463662e-10)
(1.51311809350414e-11,-6.99767099585916e-11,3.7055109847855e-10)
(1.87833558169472e-11,-9.57705337852068e-11,3.04400663066825e-10)
(2.08521588338984e-11,-1.10179192401694e-10,2.1380705287551e-10)
(2.16717197214604e-11,-1.16882558158053e-10,1.09723886996187e-10)
(0,0,0)
(0,0,0)
(0,0,0)
(0,0,0)
(0,0,0)
(0,0,0)
(0,0,0)
(0,0,0)
(0,0,0)
(0,0,0)
(0,0,0)
(0,0,0)
(0,0,0)
(0,0,0)
(0,0,0)
(0,0,0)
(0,0,0)
(0,0,0)
(0,0,0)
(0,0,0)
(0,0,0)
(0,0,0)
(0,0,0)
(0,0,0)
(0,0,0)
(0,0,0)
(0,0,0)
(0,0,0)
(0,0,0)
(0,0,0)
(0,0,0)
(0,0,0)
(0,0,0)
(0,0,0)
(0,0,0)
(0,0,0)
(0,0,0)
(0,0,0)
(0,0,0)
(0,0,0)
(0,0,0)
(0,0,0)
(0,0,0)
(0,0,0)
(0,0,0)
(0,0,0)
(0,0,0)
(0,0,0)
(0,0,0)
(0,0,0)
(0,0,0)
(0,0,0)
(0,0,0)
(0,0,0)
(0,0,0)
(0,0,0)
(0,0,0)
(0,0,0)
(0,0,0)
(0,0,0)
(0,0,0)
(0,0,0)
(0,0,0)
(0,0,0)
(0,0,0)
(0,0,0)
(0,0,0)
(0,0,0)
(0,0,0)
(0,0,0)
(0,0,0)
(0,0,0)
(0,0,0)
(0,0,0)
(0,0,0)
(0,0,0)
(0,0,0)
(0,0,0)
(0,0,0)
(0,0,0)
(0,0,0)
(0,0,0)
(0,0,0)
(0,0,0)
(0,0,0)
(0,0,0)
(0,0,0)
(0,0,0)
(0,0,0)
(0,0,0)
(0,0,0)
(0,0,0)
(0,0,0)
(0,0,0)
(0,0,0)
(0,0,0)
(0,0,0)
(0,0,0)
(0,0,0)
(0,0,0)
(0,0,0)
(0,0,0)
(3.25105896171035e-13,-3.6023201255719e-11,4.01196375404622e-11)
(5.53110769788592e-13,-7.50586657417099e-11,3.88637807825657e-11)
(4.52762175466661e-13,-1.18461315582313e-10,3.63568246475979e-11)
(-3.15061743884589e-13,-1.66779115999772e-10,3.22863440906872e-11)
(-6.2700635770602e-13,-2.22578686453365e-10,2.58352048016295e-11)
(1.97399854141741e-13,-2.84099829199052e-10,1.7373728050973e-11)
(9.37223779430037e-13,-3.47394062032957e-10,8.79356729927165e-12)
(1.50387594315433e-12,-4.0142050567337e-10,3.0207401227877e-12)
(2.07389663423308e-12,-4.41374003154048e-10,7.88282210118526e-13)
(1.63164918053362e-12,-4.61613574998612e-10,1.35396901550662e-13)
(0,0,0)
(0,0,0)
(0,0,0)
(0,0,0)
(0,0,0)
(0,0,0)
(1.42040848428972e-12,-3.49790284151955e-11,8.0256746802558e-11)
(1.72010763405745e-12,-7.25880369941703e-11,7.8416742532103e-11)
(1.25323416753577e-12,-1.13932243845303e-10,7.37585680967983e-11)
(7.12512673003529e-14,-1.59941195351456e-10,6.54197274389338e-11)
(-2.21424374960156e-13,-2.13759363047824e-10,5.24756014342173e-11)
(-1.8800110898658e-13,-2.75258677025715e-10,3.59594588219386e-11)
(-9.17834441624374e-13,-3.41044875032153e-10,1.84488310271072e-11)
(8.45976528852683e-13,-3.98478070016699e-10,7.42940832189827e-12)
(2.35276795554655e-12,-4.39779658318679e-10,2.83168499657606e-12)
(2.85872345225894e-12,-4.60477881075777e-10,1.00732021151946e-12)
(0,0,0)
(0,0,0)
(0,0,0)
(0,0,0)
(0,0,0)
(0,0,0)
(1.85856949910984e-12,-3.27454268975041e-11,1.22879984199857e-10)
(2.27303012013998e-12,-6.74517811538851e-11,1.20487155825323e-10)
(1.76703842264091e-12,-1.04926883710317e-10,1.14294281584842e-10)
(3.51584253219341e-13,-1.46575077066886e-10,1.02646072240195e-10)
(-9.92865868722335e-14,-1.96566350362752e-10,8.41912977351328e-11)
(-2.26903243618736e-12,-2.57391444639871e-10,5.93392765590308e-11)
(-8.01054021268542e-12,-3.30038719140564e-10,3.09006016070682e-11)
(-2.05040423323616e-12,-3.93002115882065e-10,1.54207456392933e-11)
(1.87140050447908e-12,-4.36419277056628e-10,8.77016185807679e-12)
(3.61297687236986e-12,-4.57546482479589e-10,4.4167410287148e-12)
(0,0,0)
(0,0,0)
(0,0,0)
(0,0,0)
(0,0,0)
(0,0,0)
(1.65525368699251e-12,-2.94805475212063e-11,1.69417207432337e-10)
(2.49656313541228e-12,-6.03913793524761e-11,1.66397418212016e-10)
(2.17235684910362e-12,-9.24906815831701e-11,1.591936881556e-10)
(1.78467530826667e-12,-1.27882018056687e-10,1.45797935836147e-10)
(2.11070795459024e-12,-1.7131658058665e-10,1.24637686185281e-10)
(-3.10954814559858e-12,-2.29734738964991e-10,9.48681666739848e-11)
(-2.50801377160587e-11,-3.18900146204763e-10,5.5383197497881e-11)
(-7.69583416351024e-12,-3.86462677789981e-10,3.59959193940287e-11)
(2.97497258870707e-13,-4.30252200847799e-10,2.42685336595004e-11)
(2.61589054849379e-12,-4.50707808295535e-10,1.2680730376196e-11)
(0,0,0)
(0,0,0)
(0,0,0)
(0,0,0)
(0,0,0)
(0,0,0)
(1.96669995752425e-12,-2.54762211989446e-11,2.19046618471909e-10)
(3.07343451980771e-12,-5.20721460478097e-11,2.15846268651543e-10)
(3.15825541204789e-12,-7.80846061490819e-11,2.07912294729121e-10)
(4.24440814825879e-12,-1.05934677621833e-10,1.94215797221799e-10)
(8.58121899403951e-12,-1.40332247567975e-10,1.74552236866289e-10)
(1.20413465404936e-11,-1.9214869803558e-10,1.51069231314231e-10)
(-1.38005114306041e-11,-3.18155626879747e-10,1.2831817313491e-10)
(-7.45000302041758e-12,-3.78727939470616e-10,8.87584950497014e-11)
(-8.30426196668875e-13,-4.17507257623376e-10,5.76186016094018e-11)
(1.47188693052804e-12,-4.35789730898418e-10,2.89353311334067e-11)
(0,0,0)
(0,0,0)
(0,0,0)
(0,0,0)
(0,0,0)
(0,0,0)
(1.93275824764711e-12,-2.09267999892294e-11,2.70590927100269e-10)
(3.08760418261357e-12,-4.25152316880877e-11,2.67321516630994e-10)
(3.95271109963006e-12,-6.28980284814039e-11,2.59215341874011e-10)
(6.21257449898848e-12,-8.43836645931972e-11,2.45937030806325e-10)
(1.34984285150148e-11,-1.11783797756615e-10,2.28372907795751e-10)
(2.28039340049094e-11,-1.60237881737762e-10,2.09004787618305e-10)
(-1.20906860393426e-11,-2.88931922408672e-10,1.89696273917999e-10)
(-5.58508575950069e-12,-3.51828824384303e-10,1.42790591111311e-10)
(3.97572069680135e-13,-3.88444986076999e-10,9.58907737970147e-11)
(2.70560273210288e-12,-4.05051682420547e-10,4.81012415914013e-11)
(0,0,0)
(0,0,0)
(0,0,0)
(0,0,0)
(0,0,0)
(0,0,0)
(7.76517783650535e-13,-1.6526195098037e-11,3.19978530757489e-10)
(1.83174322818997e-12,-3.28940700523174e-11,3.16614789864568e-10)
(2.9870651213344e-12,-4.80045836773128e-11,3.09002666817106e-10)
(6.08915316169444e-12,-6.4182248528786e-11,2.9717457985403e-10)
(1.47318719124665e-11,-8.47315491512901e-11,2.83014244034407e-10)
(2.96790077053407e-11,-1.25097412378894e-10,2.71192579177034e-10)
(5.51173236169174e-12,-2.5362155726774e-10,2.67979363161286e-10)
(2.30766251145022e-12,-3.09335307942242e-10,2.03741914558521e-10)
(4.6855687231232e-12,-3.40267504854163e-10,1.35419786111202e-10)
(6.5205137934296e-12,-3.54735692599311e-10,6.74469489180647e-11)
(0,0,0)
(0,0,0)
(0,0,0)
(0,0,0)
(0,0,0)
(0,0,0)
(2.98171357261492e-13,-1.25726034709789e-11,3.64022254266417e-10)
(8.57860255119632e-13,-2.42146611138259e-11,3.60097075273836e-10)
(1.34110480932171e-12,-3.48265472042772e-11,3.52509557521645e-10)
(3.07615207791729e-12,-4.71899102091997e-11,3.41650418553939e-10)
(7.17369083456717e-12,-6.44551061132e-11,3.28062272908145e-10)
(1.24105990571822e-11,-1.01367376920567e-10,3.12904130471542e-10)
(1.1933923648839e-11,-1.87955095409998e-10,2.91800435828411e-10)
(9.99759834409736e-12,-2.41002280350319e-10,2.34558724218564e-10)
(1.01823106373022e-11,-2.70126557795058e-10,1.61172610792915e-10)
(1.08442539931469e-11,-2.83326304558189e-10,8.17091349355563e-11)
(0,0,0)
(0,0,0)
(0,0,0)
(0,0,0)
(0,0,0)
(0,0,0)
(4.31350312437158e-13,-8.48790764935988e-12,3.96745842634775e-10)
(8.94425317036226e-13,-1.64334065934861e-11,3.92657744064692e-10)
(9.0727269361241e-13,-2.37215459237044e-11,3.84723656988039e-10)
(1.95136214169104e-12,-3.2761902429849e-11,3.73300549096584e-10)
(4.32398070376163e-12,-4.6544001849848e-11,3.57862220956149e-10)
(8.00621984725006e-12,-7.42319383007877e-11,3.3724158291948e-10)
(1.15178623240796e-11,-1.24772360596712e-10,3.05652476146752e-10)
(1.24444076027471e-11,-1.62944745219163e-10,2.49298423918253e-10)
(1.27972851225105e-11,-1.85869028310787e-10,1.7456204047879e-10)
(1.27218008199168e-11,-1.96194291135004e-10,8.93616019529274e-11)
(0,0,0)
(0,0,0)
(0,0,0)
(0,0,0)
(0,0,0)
(0,0,0)
(8.76084083217542e-13,-4.22799281308933e-12,4.13767688431479e-10)
(1.52043563957366e-12,-8.37680670335874e-12,4.09834096304902e-10)
(1.47575957770425e-12,-1.22909820481372e-11,4.01809439063628e-10)
(1.98814963759739e-12,-1.70465179207843e-11,3.89793261247198e-10)
(3.15153032768702e-12,-2.48346354019532e-11,3.73108892764833e-10)
(7.44950189327011e-12,-3.95750401169987e-11,3.49174744282007e-10)
(1.13049063881692e-11,-6.28506829459857e-11,3.1283162731699e-10)
(1.36064322230587e-11,-8.21560454465905e-11,2.55732854494728e-10)
(1.47561323115177e-11,-9.43377351868352e-11,1.801485943279e-10)
(1.45130485595797e-11,-1.00183318163529e-10,9.28583216763532e-11)
(0,0,0)
(0,0,0)
(0,0,0)
(0,0,0)
(0,0,0)
(0,0,0)
(0,0,0)
(0,0,0)
(0,0,0)
(0,0,0)
(0,0,0)
(0,0,0)
(0,0,0)
(0,0,0)
(0,0,0)
(0,0,0)
(0,0,0)
(0,0,0)
(0,0,0)
(0,0,0)
(0,0,0)
(0,0,0)
(0,0,0)
(0,0,0)
(0,0,0)
(0,0,0)
(0,0,0)
(0,0,0)
(0,0,0)
(0,0,0)
(0,0,0)
(0,0,0)
(0,0,0)
(0,0,0)
(0,0,0)
(0,0,0)
(0,0,0)
(0,0,0)
(0,0,0)
(0,0,0)
(0,0,0)
(0,0,0)
(0,0,0)
(0,0,0)
(0,0,0)
(0,0,0)
(0,0,0)
(0,0,0)
(0,0,0)
(0,0,0)
(0,0,0)
(0,0,0)
(0,0,0)
(0,0,0)
(0,0,0)
(0,0,0)
(0,0,0)
(0,0,0)
(0,0,0)
(0,0,0)
(0,0,0)
(0,0,0)
(0,0,0)
(0,0,0)
(0,0,0)
(0,0,0)
(0,0,0)
(0,0,0)
(0,0,0)
(0,0,0)
(0,0,0)
(0,0,0)
(0,0,0)
(0,0,0)
(0,0,0)
(0,0,0)
(0,0,0)
(0,0,0)
(0,0,0)
(0,0,0)
(0,0,0)
(0,0,0)
(0,0,0)
(0,0,0)
(0,0,0)
(0,0,0)
(0,0,0)
(0,0,0)
(0,0,0)
(0,0,0)
(0,0,0)
(0,0,0)
(0,0,0)
(0,0,0)
(0,0,0)
(0,0,0)
(0,0,0)
(0,0,0)
(0,0,0)
(0,0,0)
(0,0,0)
(0,0,0)
(5.36789813570218e-13,-3.64764380715392e-11,3.90288625992583e-11)
(5.89438157205276e-13,-7.40059047194604e-11,3.87294303436638e-11)
(-5.82900463777714e-15,-1.15975378387034e-10,3.73527496076608e-11)
(-7.0184310312197e-13,-1.63639766639825e-10,3.38445499080931e-11)
(-9.84853012613501e-13,-2.17802995659795e-10,2.79913687738334e-11)
(-6.35915674824746e-14,-2.756912624656e-10,2.00102392467401e-11)
(3.60863955099121e-13,-3.34180947766784e-10,1.27604955018177e-11)
(7.93898199155038e-13,-3.83922162556375e-10,7.4650971733374e-12)
(1.13243710741213e-12,-4.20684501878414e-10,4.44358692285039e-12)
(6.31352159242544e-13,-4.38463215257364e-10,2.09466821699066e-12)
(0,0,0)
(0,0,0)
(0,0,0)
(0,0,0)
(0,0,0)
(0,0,0)
(1.0268112370479e-12,-3.56402160023601e-11,7.89484239016204e-11)
(1.24202622910148e-12,-7.20397858262482e-11,7.77123100077274e-11)
(5.86714690438919e-13,-1.12473007692149e-10,7.4300094105544e-11)
(-3.50741012594707e-13,-1.5848842860866e-10,6.74296449408833e-11)
(-8.9829444774174e-13,-2.10806719145307e-10,5.63288968394562e-11)
(-5.44605700004732e-13,-2.68505110288132e-10,4.20889903014904e-11)
(-9.04567628017908e-13,-3.28524685483233e-10,2.7915059979705e-11)
(-3.22542804574239e-14,-3.80106754106729e-10,1.65813576393303e-11)
(8.16751478547466e-13,-4.17203146065139e-10,9.47696101728291e-12)
(9.34645067602247e-13,-4.35737194881129e-10,4.48553220903169e-12)
(0,0,0)
(0,0,0)
(0,0,0)
(0,0,0)
(0,0,0)
(0,0,0)
(9.86518497382554e-13,-3.33772908714203e-11,1.19255062285076e-10)
(1.40550255920474e-12,-6.73855436949589e-11,1.17239670520655e-10)
(9.79045640105163e-13,-1.05015843837041e-10,1.12709166498794e-10)
(1.13299748090417e-13,-1.4773842151982e-10,1.03297614214849e-10)
(-4.97035186869081e-13,-1.97465107055083e-10,8.8001155848304e-11)
(-1.4870631591064e-12,-2.54875785666371e-10,6.83242300432581e-11)
(-3.66925718069099e-12,-3.18095550770878e-10,4.76578472043786e-11)
(-1.93925854412353e-12,-3.73034611765132e-10,3.03478320462444e-11)
(5.77451250086586e-14,-4.11394965778336e-10,1.77428653048768e-11)
(1.19104371702945e-12,-4.30317017604498e-10,8.28862433885737e-12)
(0,0,0)
(0,0,0)
(0,0,0)
(0,0,0)
(0,0,0)
(0,0,0)
(6.70716585066133e-13,-3.0375380609629e-11,1.64468975119528e-10)
(1.38105988714466e-12,-6.1449537113875e-11,1.61381860666926e-10)
(1.16203373448892e-12,-9.46252459129993e-11,1.55415268667898e-10)
(9.97584524287588e-13,-1.32328663405182e-10,1.44110893673932e-10)
(8.95894447218435e-13,-1.78285216436913e-10,1.26821825207872e-10)
(-1.21061989888392e-12,-2.35696465986586e-10,1.03855475659932e-10)
(-6.43737893716663e-12,-3.0445479279344e-10,7.75895798342088e-11)
(-3.70318674840576e-12,-3.6236890356789e-10,5.45772062373893e-11)
(-8.59642682235196e-13,-4.01882979687308e-10,3.4475139182012e-11)
(3.78543527571147e-13,-4.20837349548618e-10,1.66305506284183e-11)
(0,0,0)
(0,0,0)
(0,0,0)
(0,0,0)
(0,0,0)
(0,0,0)
(6.17628568214136e-13,-2.66175495719558e-11,2.12595780112147e-10)
(1.45049408251635e-12,-5.41018852276976e-11,2.08813903188464e-10)
(1.66817525164423e-12,-8.21588371845597e-11,2.01231797244539e-10)
(2.35695547515291e-12,-1.14042010414821e-10,1.89100573858514e-10)
(3.51577473473842e-12,-1.54422972441749e-10,1.72374505275163e-10)
(2.88158842199682e-12,-2.10641190059756e-10,1.50784350604892e-10)
(-3.46453781645619e-12,-2.87879798133812e-10,1.24806032592163e-10)
(-3.20922466649978e-12,-3.45970023260876e-10,9.30730892544922e-11)
(-1.20942726705254e-12,-3.84898033815964e-10,6.17581544706563e-11)
(-3.30830413930854e-13,-4.03828255392634e-10,3.09878152378472e-11)
(0,0,0)
(0,0,0)
(0,0,0)
(0,0,0)
(0,0,0)
(0,0,0)
(8.01563825736501e-13,-2.22180440800647e-11,2.609919904762e-10)
(1.57261730382914e-12,-4.50692852012698e-11,2.57293371243483e-10)
(2.33757736323602e-12,-6.83594385468841e-11,2.49160867296981e-10)
(3.57528144513921e-12,-9.49589863562957e-11,2.36806066756803e-10)
(5.81430008711058e-12,-1.2931704303676e-10,2.20645919897572e-10)
(6.97197834633666e-12,-1.81781283625002e-10,2.00516565067283e-10)
(-4.95368373565526e-13,-2.59611392612604e-10,1.74764526113162e-10)
(-1.17878488722436e-12,-3.17864313143556e-10,1.36257280744908e-10)
(9.62305242877419e-15,-3.55337121850192e-10,9.30883799078532e-11)
(4.90854502217169e-13,-3.73171270568717e-10,4.7195496522795e-11)
(0,0,0)
(0,0,0)
(0,0,0)
(0,0,0)
(0,0,0)
(0,0,0)
(1.8666704953168e-13,-1.77178610216169e-11,3.06151104444785e-10)
(7.64457337156858e-13,-3.53641639509259e-11,3.02733194924817e-10)
(1.63711561141288e-12,-5.36670606434802e-11,2.95015366015774e-10)
(3.2571506616953e-12,-7.5223558051936e-11,2.82988151341883e-10)
(6.27709373175134e-12,-1.03373388119322e-10,2.67707158158235e-10)
(9.16218826280943e-12,-1.4905726632458e-10,2.49622603867988e-10)
(4.0827191066248e-12,-2.21599515617885e-10,2.25509367802648e-10)
(2.2967633668341e-12,-2.75874197193748e-10,1.79696234168983e-10)
(2.5174588571965e-12,-3.09434615412694e-10,1.23481620084765e-10)
(2.55807467037073e-12,-3.25484919543704e-10,6.28145394001452e-11)
(0,0,0)
(0,0,0)
(0,0,0)
(0,0,0)
(0,0,0)
(0,0,0)
(1.38654528260848e-13,-1.41132844521115e-11,3.46790128655587e-10)
(6.6412348694525e-13,-2.68818777047231e-11,3.42556676692641e-10)
(1.09524249646281e-12,-4.00027303581692e-11,3.34822216919388e-10)
(2.2362899443628e-12,-5.66854142065852e-11,3.23344224507615e-10)
(4.42072900780588e-12,-7.90117400973023e-11,3.07821486441694e-10)
(6.37885508052056e-12,-1.15781841996488e-10,2.87551341655822e-10)
(5.99290044542604e-12,-1.71703662877579e-10,2.58032007192718e-10)
(5.326176638564e-12,-2.17362819742689e-10,2.08997946948063e-10)
(5.38825701039023e-12,-2.46250075870865e-10,1.45546942844442e-10)
(5.42137550550798e-12,-2.60112305473185e-10,7.46483637821495e-11)
(0,0,0)
(0,0,0)
(0,0,0)
(0,0,0)
(0,0,0)
(0,0,0)
(2.59534046245939e-13,-9.74117796089696e-12,3.76708270440035e-10)
(7.71912503570297e-13,-1.84832944445479e-11,3.71992704543588e-10)
(8.99816709498139e-13,-2.74294954499183e-11,3.63770276616064e-10)
(1.67430577305137e-12,-3.89263861963003e-11,3.51630500720031e-10)
(3.23525229253298e-12,-5.43208663036266e-11,3.34376910760679e-10)
(4.93842843620307e-12,-7.98836524528699e-11,3.10912387014833e-10)
(5.95023690184584e-12,-1.16676702187513e-10,2.76896427615644e-10)
(6.39209126964722e-12,-1.4858563900049e-10,2.25124806464324e-10)
(6.46643052442394e-12,-1.69963239798184e-10,1.58231853939248e-10)
(6.07242980137083e-12,-1.80042566185523e-10,8.15021343201374e-11)
(0,0,0)
(0,0,0)
(0,0,0)
(0,0,0)
(0,0,0)
(0,0,0)
(5.81683396704621e-13,-4.76607801819144e-12,3.92154398955852e-10)
(1.16828617748748e-12,-9.48895401345375e-12,3.87970004334366e-10)
(1.20095534599864e-12,-1.43899028443826e-11,3.796493364984e-10)
(1.62600019917793e-12,-1.99984904639007e-11,3.66460389000016e-10)
(2.25104340856319e-12,-2.76210902652648e-11,3.48087898735293e-10)
(4.21757874128063e-12,-4.09292646174579e-11,3.22717851878591e-10)
(5.55299626445246e-12,-5.89548441343552e-11,2.86006166002414e-10)
(7.03464694329668e-12,-7.53005952057681e-11,2.32604318132511e-10)
(7.70866977622642e-12,-8.67670896546485e-11,1.6433836987004e-10)
(7.18805207240004e-12,-9.24680020640177e-11,8.52799499916176e-11)
(0,0,0)
(0,0,0)
(0,0,0)
(0,0,0)
(0,0,0)
(0,0,0)
(0,0,0)
(0,0,0)
(0,0,0)
(0,0,0)
(0,0,0)
(0,0,0)
(0,0,0)
(0,0,0)
(0,0,0)
(0,0,0)
(0,0,0)
(0,0,0)
(0,0,0)
(0,0,0)
(0,0,0)
(0,0,0)
(0,0,0)
(0,0,0)
(0,0,0)
(0,0,0)
(0,0,0)
(0,0,0)
(0,0,0)
(0,0,0)
(0,0,0)
(0,0,0)
(0,0,0)
(0,0,0)
(0,0,0)
(0,0,0)
(0,0,0)
(0,0,0)
(0,0,0)
(0,0,0)
(0,0,0)
(0,0,0)
(0,0,0)
(0,0,0)
(0,0,0)
(0,0,0)
(0,0,0)
(0,0,0)
(0,0,0)
(0,0,0)
(0,0,0)
(0,0,0)
(0,0,0)
(0,0,0)
(0,0,0)
(0,0,0)
(0,0,0)
(0,0,0)
(0,0,0)
(0,0,0)
(0,0,0)
(0,0,0)
(0,0,0)
(0,0,0)
(0,0,0)
(0,0,0)
(0,0,0)
(0,0,0)
(0,0,0)
(0,0,0)
(0,0,0)
(0,0,0)
(0,0,0)
(0,0,0)
(0,0,0)
(0,0,0)
(0,0,0)
(0,0,0)
(0,0,0)
(0,0,0)
(0,0,0)
(0,0,0)
(0,0,0)
(0,0,0)
(0,0,0)
(0,0,0)
(0,0,0)
(0,0,0)
(0,0,0)
(0,0,0)
(0,0,0)
(0,0,0)
(0,0,0)
(0,0,0)
(0,0,0)
(0,0,0)
(0,0,0)
(0,0,0)
(0,0,0)
(0,0,0)
(0,0,0)
(0,0,0)
(0,0,0)
(0,0,0)
(0,0,0)
(0,0,0)
(0,0,0)
(0,0,0)
(0,0,0)
(0,0,0)
(0,0,0)
(0,0,0)
(0,0,0)
(0,0,0)
(0,0,0)
(0,0,0)
(0,0,0)
(0,0,0)
(0,0,0)
(0,0,0)
(0,0,0)
(0,0,0)
(0,0,0)
(0,0,0)
(0,0,0)
(0,0,0)
(0,0,0)
(0,0,0)
(0,0,0)
(0,0,0)
(0,0,0)
(0,0,0)
(0,0,0)
(0,0,0)
(0,0,0)
(0,0,0)
(0,0,0)
(0,0,0)
(0,0,0)
(0,0,0)
(0,0,0)
(0,0,0)
(0,0,0)
(0,0,0)
(0,0,0)
(0,0,0)
(0,0,0)
(0,0,0)
(0,0,0)
(0,0,0)
(0,0,0)
(0,0,0)
(0,0,0)
(0,0,0)
(0,0,0)
(0,0,0)
(0,0,0)
(0,0,0)
(0,0,0)
(0,0,0)
(0,0,0)
(0,0,0)
(0,0,0)
(0,0,0)
(0,0,0)
(0,0,0)
(0,0,0)
(0,0,0)
(0,0,0)
(0,0,0)
(0,0,0)
(0,0,0)
(0,0,0)
(0,0,0)
(0,0,0)
(0,0,0)
(0,0,0)
(0,0,0)
(0,0,0)
(0,0,0)
(0,0,0)
(0,0,0)
(0,0,0)
(0,0,0)
(0,0,0)
(0,0,0)
(0,0,0)
(0,0,0)
(0,0,0)
(0,0,0)
(0,0,0)
(0,0,0)
(0,0,0)
(0,0,0)
(0,0,0)
(0,0,0)
(0,0,0)
(0,0,0)
(0,0,0)
(0,0,0)
(0,0,0)
(0,0,0)
(0,0,0)
(0,0,0)
(0,0,0)
(0,0,0)
(0,0,0)
(0,0,0)
(0,0,0)
(0,0,0)
(0,0,0)
(0,0,0)
(0,0,0)
(0,0,0)
(0,0,0)
(0,0,0)
(0,0,0)
(0,0,0)
(0,0,0)
(0,0,0)
(0,0,0)
(0,0,0)
(0,0,0)
(0,0,0)
(0,0,0)
(0,0,0)
(0,0,0)
(0,0,0)
(0,0,0)
(0,0,0)
(0,0,0)
(0,0,0)
(0,0,0)
(0,0,0)
(0,0,0)
(0,0,0)
(0,0,0)
(0,0,0)
(0,0,0)
(0,0,0)
(0,0,0)
(0,0,0)
(0,0,0)
(0,0,0)
(0,0,0)
(0,0,0)
(0,0,0)
(0,0,0)
(0,0,0)
(0,0,0)
(0,0,0)
(0,0,0)
(0,0,0)
(0,0,0)
(0,0,0)
(0,0,0)
(0,0,0)
(0,0,0)
(0,0,0)
(0,0,0)
(0,0,0)
(0,0,0)
(0,0,0)
(0,0,0)
(0,0,0)
(0,0,0)
(0,0,0)
(0,0,0)
(0,0,0)
(0,0,0)
(0,0,0)
(0,0,0)
(0,0,0)
(0,0,0)
(0,0,0)
(0,0,0)
(0,0,0)
(0,0,0)
(0,0,0)
(0,0,0)
(0,0,0)
(0,0,0)
(0,0,0)
(0,0,0)
(0,0,0)
(0,0,0)
(0,0,0)
(0,0,0)
(0,0,0)
(0,0,0)
(0,0,0)
(0,0,0)
(0,0,0)
(0,0,0)
(0,0,0)
(0,0,0)
(0,0,0)
(0,0,0)
(0,0,0)
(0,0,0)
(0,0,0)
(0,0,0)
(0,0,0)
(0,0,0)
(0,0,0)
(0,0,0)
(0,0,0)
(0,0,0)
(0,0,0)
(0,0,0)
(0,0,0)
(0,0,0)
(0,0,0)
(0,0,0)
(0,0,0)
(0,0,0)
(0,0,0)
(0,0,0)
(0,0,0)
(0,0,0)
(0,0,0)
(0,0,0)
(0,0,0)
(0,0,0)
(0,0,0)
(0,0,0)
(0,0,0)
(0,0,0)
(0,0,0)
(0,0,0)
(0,0,0)
(0,0,0)
(0,0,0)
(0,0,0)
(0,0,0)
(0,0,0)
(0,0,0)
(0,0,0)
(0,0,0)
(0,0,0)
(0,0,0)
(0,0,0)
(0,0,0)
(0,0,0)
(0,0,0)
(0,0,0)
(0,0,0)
(0,0,0)
(0,0,0)
(0,0,0)
(0,0,0)
(0,0,0)
(0,0,0)
(0,0,0)
(0,0,0)
(0,0,0)
(0,0,0)
(0,0,0)
(0,0,0)
(0,0,0)
(0,0,0)
(0,0,0)
(0,0,0)
(0,0,0)
(0,0,0)
(0,0,0)
(0,0,0)
(0,0,0)
(0,0,0)
(0,0,0)
(0,0,0)
(0,0,0)
(0,0,0)
(0,0,0)
(0,0,0)
(0,0,0)
(0,0,0)
(0,0,0)
(0,0,0)
(0,0,0)
(0,0,0)
(0,0,0)
(0,0,0)
(0,0,0)
(0,0,0)
(0,0,0)
(0,0,0)
(0,0,0)
(0,0,0)
(0,0,0)
(0,0,0)
(0,0,0)
(0,0,0)
(0,0,0)
(0,0,0)
(0,0,0)
(0,0,0)
(0,0,0)
(0,0,0)
(0,0,0)
(0,0,0)
(0,0,0)
(0,0,0)
(0,0,0)
(0,0,0)
(0,0,0)
(0,0,0)
(0,0,0)
(0,0,0)
(0,0,0)
(0,0,0)
(0,0,0)
(0,0,0)
(0,0,0)
(0,0,0)
(0,0,0)
(0,0,0)
(0,0,0)
(0,0,0)
(0,0,0)
(0,0,0)
(0,0,0)
(0,0,0)
(0,0,0)
(0,0,0)
(0,0,0)
(0,0,0)
(0,0,0)
(0,0,0)
(0,0,0)
(0,0,0)
(0,0,0)
(0,0,0)
(0,0,0)
(0,0,0)
(0,0,0)
(0,0,0)
(0,0,0)
(0,0,0)
(0,0,0)
(0,0,0)
(0,0,0)
(0,0,0)
(0,0,0)
(0,0,0)
(0,0,0)
(0,0,0)
(0,0,0)
(0,0,0)
(0,0,0)
(0,0,0)
(0,0,0)
(0,0,0)
(0,0,0)
(0,0,0)
(0,0,0)
(0,0,0)
(0,0,0)
(0,0,0)
(0,0,0)
(0,0,0)
(0,0,0)
(0,0,0)
(0,0,0)
(0,0,0)
(0,0,0)
(0,0,0)
(0,0,0)
(0,0,0)
(0,0,0)
(0,0,0)
(0,0,0)
(0,0,0)
(0,0,0)
(0,0,0)
(0,0,0)
(0,0,0)
(0,0,0)
(0,0,0)
(0,0,0)
(0,0,0)
(0,0,0)
(0,0,0)
(0,0,0)
(0,0,0)
(0,0,0)
(0,0,0)
(0,0,0)
(0,0,0)
(0,0,0)
(0,0,0)
(0,0,0)
(0,0,0)
(0,0,0)
(0,0,0)
(0,0,0)
(0,0,0)
(0,0,0)
(0,0,0)
(0,0,0)
(0,0,0)
(0,0,0)
(0,0,0)
(0,0,0)
(0,0,0)
(0,0,0)
(0,0,0)
(0,0,0)
(0,0,0)
(0,0,0)
(0,0,0)
(0,0,0)
(0,0,0)
(0,0,0)
(0,0,0)
(0,0,0)
(0,0,0)
(0,0,0)
(0,0,0)
(0,0,0)
(0,0,0)
(0,0,0)
(0,0,0)
(0,0,0)
(0,0,0)
(0,0,0)
(0,0,0)
(0,0,0)
(0,0,0)
(0,0,0)
(0,0,0)
(0,0,0)
(0,0,0)
(0,0,0)
(0,0,0)
(0,0,0)
(0,0,0)
(0,0,0)
(0,0,0)
(0,0,0)
(0,0,0)
(0,0,0)
(0,0,0)
(0,0,0)
(0,0,0)
(0,0,0)
(0,0,0)
(0,0,0)
(0,0,0)
(0,0,0)
(0,0,0)
(0,0,0)
(0,0,0)
(0,0,0)
(0,0,0)
(0,0,0)
(0,0,0)
(0,0,0)
(0,0,0)
(0,0,0)
(0,0,0)
(0,0,0)
(0,0,0)
(0,0,0)
(0,0,0)
(0,0,0)
(0,0,0)
(0,0,0)
(0,0,0)
(0,0,0)
(0,0,0)
(0,0,0)
(0,0,0)
(0,0,0)
(0,0,0)
(0,0,0)
(0,0,0)
(0,0,0)
(0,0,0)
(0,0,0)
(0,0,0)
(0,0,0)
(0,0,0)
(0,0,0)
(0,0,0)
(0,0,0)
(0,0,0)
(0,0,0)
(0,0,0)
(0,0,0)
(0,0,0)
(0,0,0)
(0,0,0)
(0,0,0)
(0,0,0)
(0,0,0)
(0,0,0)
(0,0,0)
(0,0,0)
(0,0,0)
(0,0,0)
(0,0,0)
(0,0,0)
(0,0,0)
(0,0,0)
(0,0,0)
(0,0,0)
(0,0,0)
(0,0,0)
(0,0,0)
(0,0,0)
(0,0,0)
(0,0,0)
(0,0,0)
(0,0,0)
(0,0,0)
(0,0,0)
(0,0,0)
(0,0,0)
(0,0,0)
(0,0,0)
(0,0,0)
(0,0,0)
(0,0,0)
(0,0,0)
(0,0,0)
(0,0,0)
(0,0,0)
(0,0,0)
(0,0,0)
(0,0,0)
(0,0,0)
(0,0,0)
(0,0,0)
(0,0,0)
(0,0,0)
(0,0,0)
(0,0,0)
(0,0,0)
(0,0,0)
(0,0,0)
(0,0,0)
(0,0,0)
(0,0,0)
(0,0,0)
(0,0,0)
(0,0,0)
(0,0,0)
(0,0,0)
(0,0,0)
(0,0,0)
(0,0,0)
(0,0,0)
(0,0,0)
(0,0,0)
(0,0,0)
(0,0,0)
(0,0,0)
(0,0,0)
(0,0,0)
(0,0,0)
(0,0,0)
(0,0,0)
(0,0,0)
(0,0,0)
(0,0,0)
(0,0,0)
(0,0,0)
(0,0,0)
(0,0,0)
(0,0,0)
(0,0,0)
(0,0,0)
(0,0,0)
(0,0,0)
(0,0,0)
(0,0,0)
(0,0,0)
(0,0,0)
(0,0,0)
(0,0,0)
(0,0,0)
(0,0,0)
(0,0,0)
(0,0,0)
(0,0,0)
(0,0,0)
(0,0,0)
(0,0,0)
(0,0,0)
(0,0,0)
(0,0,0)
(0,0,0)
(0,0,0)
(0,0,0)
(0,0,0)
(0,0,0)
(0,0,0)
(0,0,0)
(0,0,0)
(0,0,0)
(0,0,0)
(0,0,0)
(0,0,0)
(0,0,0)
(0,0,0)
(0,0,0)
(0,0,0)
(0,0,0)
(0,0,0)
(0,0,0)
(0,0,0)
(0,0,0)
(0,0,0)
(0,0,0)
(0,0,0)
(0,0,0)
(0,0,0)
(0,0,0)
(0,0,0)
(0,0,0)
(0,0,0)
(0,0,0)
(0,0,0)
(0,0,0)
(0,0,0)
(0,0,0)
(0,0,0)
(0,0,0)
(0,0,0)
(0,0,0)
(0,0,0)
(0,0,0)
(0,0,0)
(0,0,0)
(0,0,0)
(0,0,0)
(0,0,0)
(0,0,0)
(0,0,0)
(0,0,0)
(0,0,0)
(0,0,0)
(0,0,0)
(0,0,0)
(0,0,0)
(0,0,0)
(0,0,0)
(0,0,0)
(0,0,0)
(0,0,0)
(0,0,0)
(0,0,0)
(0,0,0)
(0,0,0)
(0,0,0)
(0,0,0)
(0,0,0)
(0,0,0)
(0,0,0)
(0,0,0)
(0,0,0)
(0,0,0)
(0,0,0)
(0,0,0)
(0,0,0)
(0,0,0)
(0,0,0)
(0,0,0)
(0,0,0)
(0,0,0)
(0,0,0)
(0,0,0)
(0,0,0)
(0,0,0)
(0,0,0)
(0,0,0)
(0,0,0)
(0,0,0)
(0,0,0)
(0,0,0)
(0,0,0)
(0,0,0)
(0,0,0)
(0,0,0)
(0,0,0)
(0,0,0)
(0,0,0)
(0,0,0)
(0,0,0)
(0,0,0)
(0,0,0)
(0,0,0)
(0,0,0)
(0,0,0)
(0,0,0)
(0,0,0)
(0,0,0)
(0,0,0)
(0,0,0)
(0,0,0)
(0,0,0)
(0,0,0)
(0,0,0)
(0,0,0)
(0,0,0)
(0,0,0)
(0,0,0)
(0,0,0)
(0,0,0)
(0,0,0)
(0,0,0)
(0,0,0)
(0,0,0)
(0,0,0)
(0,0,0)
(0,0,0)
(0,0,0)
(0,0,0)
)
;

boundaryField
{
    fuel
    {
        type            fixedValue;
        value           uniform (0.1 0 0);
    }
    air
    {
        type            fixedValue;
        value           uniform (-0.1 0 0);
    }
    outlet
    {
        type            zeroGradient;
    }
    frontAndBack
    {
        type            empty;
    }
}


// ************************************************************************* //
 