/*--------------------------------*- C++ -*----------------------------------*\
| =========                 |                                                 |
| \\      /  F ield         | foam-extend: Open Source CFD                    |
|  \\    /   O peration     | Version:     4.0                                |
|   \\  /    A nd           | Web:         http://www.foam-extend.org         |
|    \\/     M anipulation  |                                                 |
\*---------------------------------------------------------------------------*/
FoamFile
{
    version 2.0;
    format ascii;
    class volVectorField;
    location "315";
    object      E;
}
// * * * * * * * * * * * * * * * * * * * * * * * * * * * * * * * * * * * * * //

dimensions      [0 1 -1 0 0 0 0];

internalField   nonuniform List<vector>
4096
(
(0,0,0)
(0,0,0)
(0,0,0)
(0,0,0)
(0,0,0)
(0,0,0)
(0,0,0)
(0,0,0)
(0,0,0)
(0,0,0)
(0,0,0)
(0,0,0)
(0,0,0)
(0,0,0)
(0,0,0)
(0,0,0)
(0,0,0)
(0,0,0)
(0,0,0)
(0,0,0)
(0,0,0)
(0,0,0)
(0,0,0)
(0,0,0)
(0,0,0)
(0,0,0)
(0,0,0)
(0,0,0)
(0,0,0)
(0,0,0)
(0,0,0)
(0,0,0)
(0,0,0)
(0,0,0)
(0,0,0)
(0,0,0)
(0,0,0)
(0,0,0)
(0,0,0)
(0,0,0)
(0,0,0)
(0,0,0)
(0,0,0)
(0,0,0)
(0,0,0)
(0,0,0)
(0,0,0)
(0,0,0)
(0,0,0)
(0,0,0)
(0,0,0)
(0,0,0)
(0,0,0)
(0,0,0)
(0,0,0)
(0,0,0)
(0,0,0)
(0,0,0)
(0,0,0)
(0,0,0)
(0,0,0)
(0,0,0)
(0,0,0)
(0,0,0)
(0,0,0)
(0,0,0)
(0,0,0)
(0,0,0)
(0,0,0)
(0,0,0)
(0,0,0)
(0,0,0)
(0,0,0)
(0,0,0)
(0,0,0)
(0,0,0)
(0,0,0)
(0,0,0)
(0,0,0)
(0,0,0)
(0,0,0)
(0,0,0)
(0,0,0)
(0,0,0)
(0,0,0)
(0,0,0)
(0,0,0)
(0,0,0)
(0,0,0)
(0,0,0)
(0,0,0)
(0,0,0)
(0,0,0)
(0,0,0)
(0,0,0)
(0,0,0)
(0,0,0)
(0,0,0)
(0,0,0)
(0,0,0)
(0,0,0)
(0,0,0)
(0,0,0)
(0,0,0)
(0,0,0)
(0,0,0)
(0,0,0)
(0,0,0)
(0,0,0)
(0,0,0)
(0,0,0)
(0,0,0)
(0,0,0)
(0,0,0)
(0,0,0)
(0,0,0)
(0,0,0)
(0,0,0)
(0,0,0)
(0,0,0)
(0,0,0)
(0,0,0)
(0,0,0)
(0,0,0)
(0,0,0)
(0,0,0)
(0,0,0)
(0,0,0)
(0,0,0)
(0,0,0)
(0,0,0)
(0,0,0)
(0,0,0)
(0,0,0)
(0,0,0)
(0,0,0)
(0,0,0)
(0,0,0)
(0,0,0)
(0,0,0)
(0,0,0)
(0,0,0)
(0,0,0)
(0,0,0)
(0,0,0)
(0,0,0)
(0,0,0)
(0,0,0)
(0,0,0)
(0,0,0)
(0,0,0)
(0,0,0)
(0,0,0)
(0,0,0)
(0,0,0)
(0,0,0)
(0,0,0)
(0,0,0)
(0,0,0)
(0,0,0)
(0,0,0)
(0,0,0)
(0,0,0)
(0,0,0)
(0,0,0)
(0,0,0)
(0,0,0)
(0,0,0)
(0,0,0)
(0,0,0)
(0,0,0)
(0,0,0)
(0,0,0)
(0,0,0)
(0,0,0)
(0,0,0)
(0,0,0)
(0,0,0)
(0,0,0)
(0,0,0)
(0,0,0)
(0,0,0)
(0,0,0)
(0,0,0)
(0,0,0)
(0,0,0)
(0,0,0)
(0,0,0)
(0,0,0)
(0,0,0)
(0,0,0)
(0,0,0)
(0,0,0)
(0,0,0)
(0,0,0)
(0,0,0)
(0,0,0)
(0,0,0)
(0,0,0)
(0,0,0)
(0,0,0)
(0,0,0)
(0,0,0)
(0,0,0)
(0,0,0)
(0,0,0)
(0,0,0)
(0,0,0)
(0,0,0)
(0,0,0)
(0,0,0)
(0,0,0)
(0,0,0)
(0,0,0)
(0,0,0)
(0,0,0)
(0,0,0)
(0,0,0)
(0,0,0)
(0,0,0)
(0,0,0)
(0,0,0)
(0,0,0)
(0,0,0)
(0,0,0)
(0,0,0)
(0,0,0)
(0,0,0)
(0,0,0)
(0,0,0)
(0,0,0)
(0,0,0)
(0,0,0)
(0,0,0)
(0,0,0)
(0,0,0)
(0,0,0)
(0,0,0)
(0,0,0)
(0,0,0)
(0,0,0)
(0,0,0)
(0,0,0)
(0,0,0)
(0,0,0)
(0,0,0)
(0,0,0)
(0,0,0)
(0,0,0)
(0,0,0)
(0,0,0)
(0,0,0)
(0,0,0)
(0,0,0)
(0,0,0)
(0,0,0)
(0,0,0)
(0,0,0)
(0,0,0)
(0,0,0)
(0,0,0)
(0,0,0)
(0,0,0)
(0,0,0)
(0,0,0)
(0,0,0)
(0,0,0)
(0,0,0)
(0,0,0)
(0,0,0)
(0,0,0)
(0,0,0)
(0,0,0)
(0,0,0)
(0,0,0)
(0,0,0)
(0,0,0)
(0,0,0)
(0,0,0)
(0,0,0)
(0,0,0)
(0,0,0)
(0,0,0)
(0,0,0)
(0,0,0)
(0,0,0)
(0,0,0)
(0,0,0)
(0,0,0)
(0,0,0)
(0,0,0)
(0,0,0)
(0,0,0)
(0,0,0)
(0,0,0)
(0,0,0)
(0,0,0)
(0,0,0)
(0,0,0)
(0,0,0)
(0,0,0)
(0,0,0)
(0,0,0)
(0,0,0)
(0,0,0)
(0,0,0)
(0,0,0)
(0,0,0)
(0,0,0)
(0,0,0)
(0,0,0)
(0,0,0)
(0,0,0)
(0,0,0)
(0,0,0)
(0,0,0)
(0,0,0)
(0,0,0)
(0,0,0)
(0,0,0)
(0,0,0)
(0,0,0)
(0,0,0)
(0,0,0)
(0,0,0)
(0,0,0)
(0,0,0)
(0,0,0)
(0,0,0)
(0,0,0)
(0,0,0)
(0,0,0)
(0,0,0)
(0,0,0)
(0,0,0)
(0,0,0)
(0,0,0)
(0,0,0)
(0,0,0)
(0,0,0)
(0,0,0)
(0,0,0)
(0,0,0)
(0,0,0)
(0,0,0)
(0,0,0)
(0,0,0)
(0,0,0)
(0,0,0)
(0,0,0)
(0,0,0)
(0,0,0)
(0,0,0)
(0,0,0)
(0,0,0)
(0,0,0)
(0,0,0)
(0,0,0)
(0,0,0)
(0,0,0)
(0,0,0)
(0,0,0)
(0,0,0)
(0,0,0)
(0,0,0)
(0,0,0)
(0,0,0)
(0,0,0)
(0,0,0)
(0,0,0)
(0,0,0)
(0,0,0)
(0,0,0)
(0,0,0)
(0,0,0)
(0,0,0)
(0,0,0)
(0,0,0)
(0,0,0)
(0,0,0)
(0,0,0)
(0,0,0)
(0,0,0)
(0,0,0)
(0,0,0)
(0,0,0)
(0,0,0)
(0,0,0)
(0,0,0)
(0,0,0)
(0,0,0)
(0,0,0)
(0,0,0)
(0,0,0)
(0,0,0)
(0,0,0)
(0,0,0)
(0,0,0)
(0,0,0)
(0,0,0)
(0,0,0)
(0,0,0)
(0,0,0)
(0,0,0)
(0,0,0)
(0,0,0)
(0,0,0)
(0,0,0)
(0,0,0)
(0,0,0)
(0,0,0)
(0,0,0)
(0,0,0)
(0,0,0)
(0,0,0)
(0,0,0)
(0,0,0)
(0,0,0)
(0,0,0)
(0,0,0)
(0,0,0)
(0,0,0)
(0,0,0)
(0,0,0)
(0,0,0)
(0,0,0)
(0,0,0)
(0,0,0)
(0,0,0)
(0,0,0)
(0,0,0)
(0,0,0)
(0,0,0)
(0,0,0)
(0,0,0)
(0,0,0)
(0,0,0)
(0,0,0)
(0,0,0)
(0,0,0)
(0,0,0)
(0,0,0)
(0,0,0)
(0,0,0)
(0,0,0)
(0,0,0)
(0,0,0)
(0,0,0)
(0,0,0)
(0,0,0)
(0,0,0)
(0,0,0)
(0,0,0)
(0,0,0)
(0,0,0)
(0,0,0)
(0,0,0)
(0,0,0)
(0,0,0)
(0,0,0)
(0,0,0)
(0,0,0)
(0,0,0)
(0,0,0)
(0,0,0)
(0,0,0)
(0,0,0)
(0,0,0)
(0,0,0)
(0,0,0)
(0,0,0)
(0,0,0)
(0,0,0)
(0,0,0)
(0,0,0)
(0,0,0)
(0,0,0)
(0,0,0)
(0,0,0)
(0,0,0)
(0,0,0)
(0,0,0)
(0,0,0)
(0,0,0)
(0,0,0)
(0,0,0)
(0,0,0)
(0,0,0)
(0,0,0)
(0,0,0)
(0,0,0)
(0,0,0)
(0,0,0)
(0,0,0)
(0,0,0)
(0,0,0)
(0,0,0)
(0,0,0)
(0,0,0)
(0,0,0)
(0,0,0)
(0,0,0)
(0,0,0)
(0,0,0)
(0,0,0)
(0,0,0)
(0,0,0)
(0,0,0)
(0,0,0)
(0,0,0)
(0,0,0)
(0,0,0)
(0,0,0)
(0,0,0)
(0,0,0)
(0,0,0)
(0,0,0)
(0,0,0)
(0,0,0)
(0,0,0)
(0,0,0)
(0,0,0)
(0,0,0)
(0,0,0)
(0,0,0)
(0,0,0)
(0,0,0)
(0,0,0)
(0,0,0)
(0,0,0)
(0,0,0)
(0,0,0)
(0,0,0)
(0,0,0)
(0,0,0)
(0,0,0)
(0,0,0)
(0,0,0)
(0,0,0)
(0,0,0)
(0,0,0)
(0,0,0)
(0,0,0)
(0,0,0)
(0,0,0)
(0,0,0)
(0,0,0)
(0,0,0)
(0,0,0)
(0,0,0)
(0,0,0)
(0,0,0)
(0,0,0)
(0,0,0)
(0,0,0)
(0,0,0)
(0,0,0)
(0,0,0)
(0,0,0)
(0,0,0)
(0,0,0)
(0,0,0)
(0,0,0)
(0,0,0)
(0,0,0)
(0,0,0)
(0,0,0)
(0,0,0)
(0,0,0)
(0,0,0)
(0,0,0)
(0,0,0)
(0,0,0)
(0,0,0)
(0,0,0)
(0,0,0)
(0,0,0)
(0,0,0)
(0,0,0)
(0,0,0)
(0,0,0)
(0,0,0)
(0,0,0)
(0,0,0)
(0,0,0)
(0,0,0)
(0,0,0)
(0,0,0)
(0,0,0)
(0,0,0)
(0,0,0)
(0,0,0)
(0,0,0)
(0,0,0)
(0,0,0)
(0,0,0)
(0,0,0)
(0,0,0)
(0,0,0)
(0,0,0)
(0,0,0)
(0,0,0)
(0,0,0)
(0,0,0)
(0,0,0)
(0,0,0)
(0,0,0)
(0,0,0)
(0,0,0)
(0,0,0)
(0,0,0)
(0,0,0)
(0,0,0)
(0,0,0)
(0,0,0)
(0,0,0)
(0,0,0)
(0,0,0)
(0,0,0)
(0,0,0)
(0,0,0)
(0,0,0)
(0,0,0)
(0,0,0)
(0,0,0)
(0,0,0)
(0,0,0)
(0,0,0)
(0,0,0)
(0,0,0)
(0,0,0)
(0,0,0)
(0,0,0)
(0,0,0)
(0,0,0)
(0,0,0)
(0,0,0)
(0,0,0)
(0,0,0)
(0,0,0)
(0,0,0)
(0,0,0)
(0,0,0)
(0,0,0)
(0,0,0)
(0,0,0)
(0,0,0)
(0,0,0)
(0,0,0)
(0,0,0)
(0,0,0)
(0,0,0)
(0,0,0)
(0,0,0)
(0,0,0)
(0,0,0)
(0,0,0)
(0,0,0)
(0,0,0)
(0,0,0)
(0,0,0)
(0,0,0)
(0,0,0)
(0,0,0)
(0,0,0)
(0,0,0)
(0,0,0)
(0,0,0)
(0,0,0)
(0,0,0)
(0,0,0)
(0,0,0)
(0,0,0)
(0,0,0)
(0,0,0)
(0,0,0)
(0,0,0)
(0,0,0)
(0,0,0)
(0,0,0)
(0,0,0)
(0,0,0)
(0,0,0)
(0,0,0)
(0,0,0)
(0,0,0)
(0,0,0)
(0,0,0)
(0,0,0)
(0,0,0)
(0,0,0)
(0,0,0)
(0,0,0)
(0,0,0)
(0,0,0)
(0,0,0)
(0,0,0)
(0,0,0)
(0,0,0)
(0,0,0)
(0,0,0)
(0,0,0)
(0,0,0)
(0,0,0)
(0,0,0)
(0,0,0)
(0,0,0)
(0,0,0)
(0,0,0)
(0,0,0)
(0,0,0)
(0,0,0)
(0,0,0)
(0,0,0)
(0,0,0)
(0,0,0)
(0,0,0)
(0,0,0)
(0,0,0)
(0,0,0)
(0,0,0)
(0,0,0)
(0,0,0)
(0,0,0)
(0,0,0)
(0,0,0)
(0,0,0)
(0,0,0)
(0,0,0)
(0,0,0)
(0,0,0)
(0,0,0)
(0,0,0)
(0,0,0)
(0,0,0)
(0,0,0)
(0,0,0)
(0,0,0)
(0,0,0)
(0,0,0)
(0,0,0)
(0,0,0)
(0,0,0)
(0,0,0)
(0,0,0)
(0,0,0)
(0,0,0)
(0,0,0)
(0,0,0)
(0,0,0)
(0,0,0)
(0,0,0)
(0,0,0)
(0,0,0)
(0,0,0)
(0,0,0)
(0,0,0)
(0,0,0)
(0,0,0)
(0,0,0)
(0,0,0)
(0,0,0)
(0,0,0)
(0,0,0)
(0,0,0)
(0,0,0)
(0,0,0)
(0,0,0)
(0,0,0)
(0,0,0)
(0,0,0)
(0,0,0)
(0,0,0)
(0,0,0)
(0,0,0)
(0,0,0)
(0,0,0)
(0,0,0)
(0,0,0)
(0,0,0)
(0,0,0)
(0,0,0)
(0,0,0)
(0,0,0)
(0,0,0)
(0,0,0)
(0,0,0)
(0,0,0)
(0,0,0)
(0,0,0)
(0,0,0)
(0,0,0)
(0,0,0)
(0,0,0)
(0,0,0)
(0,0,0)
(0,0,0)
(0,0,0)
(0,0,0)
(0,0,0)
(0,0,0)
(0,0,0)
(0,0,0)
(0,0,0)
(0,0,0)
(0,0,0)
(0,0,0)
(0,0,0)
(0,0,0)
(0,0,0)
(0,0,0)
(0,0,0)
(0,0,0)
(0,0,0)
(0,0,0)
(0,0,0)
(0,0,0)
(0,0,0)
(0,0,0)
(-147215.963779808,78243.6396709423,68972.3241088654)
(-155636.946205644,75016.6973509434,149592.572963566)
(-175178.974643735,68280.5528578037,256490.994749497)
(-212223.428152397,57701.6817293198,411012.741172574)
(-279014.214203598,43485.5053581399,646541.450018034)
(-398947.335816985,27111.1728920437,1018377.61294298)
(-616106.657186835,12210.2387914299,1622274.03133838)
(-1008519.18946968,3103.97986516258,2627689.24094289)
(-1663277.51725882,71.0610363479327,4290895.69716538)
(-2317394.11561666,-219.249720703921,6608509.06250274)
(0,0,0)
(0,0,0)
(0,0,0)
(0,0,0)
(0,0,0)
(0,0,0)
(-155714.87129416,168190.183208612,65768.3277564906)
(-164224.029118773,162106.879709268,142902.174516939)
(-184086.000912985,149294.08913317,245974.639154557)
(-221983.500696394,128873.348206881,396786.47337339)
(-290612.161686698,100694.254697832,630189.885720397)
(-413405.750038248,67184.8950076487,1003521.91364304)
(-632936.821832333,35503.1486996181,1613165.82556718)
(-1023884.32980226,15483.9575049511,2624670.17772965)
(-1673534.25109595,7605.08776510741,4290670.40209685)
(-2322189.71670151,3857.0094515264,6608783.85962612)
(0,0,0)
(0,0,0)
(0,0,0)
(0,0,0)
(0,0,0)
(0,0,0)
(-175101.620466474,283569.184792326,59722.6188827604)
(-183747.836199226,275396.246286021,130181.088505234)
(-204234.947478438,258044.598271093,225665.526845749)
(-244037.729026687,229877.403539062,368699.200540257)
(-317069.942002654,189697.934769884,596765.462470859)
(-447475.530181793,139554.766548541,971871.121111759)
(-674546.374351078,88810.7706866898,1593109.87347576)
(-1062186.68749079,53994.5843613286,2616785.93411018)
(-1698186.88411112,35617.9268814861,4286959.97910493)
(-2333342.9353024,19277.1063317321,6604882.81752712)
(0,0,0)
(0,0,0)
(0,0,0)
(0,0,0)
(0,0,0)
(0,0,0)
(-211253.051218187,443247.299329286,51574.9366812261)
(-220048.931619969,434133.224733529,112886.889853688)
(-241332.333390825,414687.769144091,197576.052371514)
(-283888.473002942,382704.248721829,328637.680191689)
(-364174.339010986,335845.02952653,546664.924446028)
(-509214.024871289,274309.31002281,921124.405843048)
(-754336.678159483,205991.282743042,1558280.57194618)
(-1136375.29120012,150220.288299876,2598430.15920775)
(-1743416.82189642,106770.498810464,4270694.4091752)
(-2353053.57262392,57443.1363665523,6585581.95176429)
(0,0,0)
(0,0,0)
(0,0,0)
(0,0,0)
(0,0,0)
(0,0,0)
(-276030.24503479,676808.019011971,42469.5253521053)
(-284812.220063161,667920.104737242,93494.8654115531)
(-306551.826159307,649055.658612782,165678.802102169)
(-351420.364793614,617925.805617725,281877.609999886)
(-439173.7208047,571756.22947204,485140.130859077)
(-602321.684306625,508989.575992508,852781.549196004)
(-875821.89269084,432098.962751277,1502495.76187861)
(-1249335.17093937,347067.846448156,2554983.3746697)
(-1809163.29568216,249489.021323425,4221428.1478389)
(-2381575.4260433,132237.829652357,6528208.8805964)
(0,0,0)
(0,0,0)
(0,0,0)
(0,0,0)
(0,0,0)
(0,0,0)
(-392982.510684132,1036204.30836974,33586.2213263626)
(-401343.561995596,1028284.50768803,74565.3803711741)
(-422383.166341271,1011494.4667786,134509.738546625)
(-466785.907594756,983491.531186679,235729.920572427)
(-555447.441425328,940503.753811052,422429.837658744)
(-721676.625904234,877172.13577444,775923.903781045)
(-996010.454515497,786531.319723496,1417502.00132433)
(-1352597.39152748,659735.133065725,2457432.10623424)
(-1880355.15392378,483048.979312305,4104227.30216914)
(-2417450.51727084,257865.765544926,6396049.88354741)
(0,0,0)
(0,0,0)
(0,0,0)
(0,0,0)
(0,0,0)
(0,0,0)
(-607634.690716991,1618178.72814859,25660.2709381404)
(-615069.989367108,1611356.23241436,57658.5355789133)
(-633967.440405797,1596708.71519171,106411.727571608)
(-674510.359043937,1571655.31465348,192758.30314874)
(-756851.078862596,1530927.09570826,359186.040114132)
(-913028.617730116,1464045.53830458,685341.255314108)
(-1170498.7081664,1351590.78700336,1290780.49620064)
(-1494761.66036746,1164467.86504708,2280809.42458674)
(-1986440.79067008,871231.942672494,3879067.25189663)
(-2475957.90446287,474687.919066634,6138203.00283781)
(0,0,0)
(0,0,0)
(0,0,0)
(0,0,0)
(0,0,0)
(0,0,0)
(-1000261.57063011,2599624.20534691,18816.0934317972)
(-1006220.96633525,2593438.80159368,42954.4905877325)
(-1021438.51195734,2579763.15652017,81338.5612166118)
(-1054396.03130251,2555350.18502197,152039.722150633)
(-1122070.09406938,2512718.05327583,292318.858652439)
(-1251879.19927163,2435315.35138541,572928.24484324)
(-1467491.18208724,2288260.18728964,1103750.0266442)
(-1729984.61673537,2010524.22039856,1987678.28802811)
(-2179035.2264472,1555384.39466746,3482561.06248034)
(-2587859.17291844,881612.811241361,5663495.34322405)
(0,0,0)
(0,0,0)
(0,0,0)
(0,0,0)
(0,0,0)
(0,0,0)
(-1657681.31185941,4244699.43461729,12606.0825890278)
(-1661729.15325042,4238480.58260287,29293.4548302613)
(-1672059.36901113,4224189.41901782,56926.5613437297)
(-1694208.80271645,4197101.86616943,109383.682912711)
(-1738908.52732872,4146122.1607107,214888.102806564)
(-1822894.93118385,4047222.37359056,425876.011785255)
(-1964019.2680099,3852125.81938813,826029.647696664)
(-2173681.07501401,3477673.28640422,1532561.65670502)
(-2534243.76907046,2813433.3350713,2808756.48537164)
(-2783033.68361533,1691579.68518794,4781823.2950404)
(0,0,0)
(0,0,0)
(0,0,0)
(0,0,0)
(0,0,0)
(0,0,0)
(-2314814.02869428,6553106.35354891,6407.10976266535)
(-2316830.93456794,6546626.79309943,15091.8338340463)
(-2321959.90446835,6531375.07911843,29866.0782017827)
(-2332842.4368544,6501439.98946671,58370.3917589081)
(-2354499.50644063,6443099.76045366,115892.298456577)
(-2394945.72623534,6327364.08179645,230696.316486023)
(-2465556.25835772,6096854.35754625,451524.036685619)
(-2584550.58947775,5645459.38322693,868288.529340654)
(-2782418.99963633,4777234.89004986,1686905.97399842)
(-2802144.94054054,3090340.17893047,3090290.42079643)
(0,0,0)
(0,0,0)
(0,0,0)
(0,0,0)
(0,0,0)
(0,0,0)
(0,0,0)
(0,0,0)
(0,0,0)
(0,0,0)
(0,0,0)
(0,0,0)
(0,0,0)
(0,0,0)
(0,0,0)
(0,0,0)
(0,0,0)
(0,0,0)
(0,0,0)
(0,0,0)
(0,0,0)
(0,0,0)
(0,0,0)
(0,0,0)
(0,0,0)
(0,0,0)
(0,0,0)
(0,0,0)
(0,0,0)
(0,0,0)
(0,0,0)
(0,0,0)
(0,0,0)
(0,0,0)
(0,0,0)
(0,0,0)
(0,0,0)
(0,0,0)
(0,0,0)
(0,0,0)
(0,0,0)
(0,0,0)
(0,0,0)
(0,0,0)
(0,0,0)
(0,0,0)
(0,0,0)
(0,0,0)
(0,0,0)
(0,0,0)
(0,0,0)
(0,0,0)
(0,0,0)
(0,0,0)
(0,0,0)
(0,0,0)
(0,0,0)
(0,0,0)
(0,0,0)
(0,0,0)
(0,0,0)
(0,0,0)
(0,0,0)
(0,0,0)
(0,0,0)
(0,0,0)
(0,0,0)
(0,0,0)
(0,0,0)
(0,0,0)
(0,0,0)
(0,0,0)
(0,0,0)
(0,0,0)
(0,0,0)
(0,0,0)
(0,0,0)
(0,0,0)
(0,0,0)
(0,0,0)
(0,0,0)
(0,0,0)
(0,0,0)
(0,0,0)
(0,0,0)
(0,0,0)
(0,0,0)
(0,0,0)
(0,0,0)
(0,0,0)
(0,0,0)
(0,0,0)
(0,0,0)
(0,0,0)
(0,0,0)
(0,0,0)
(0,0,0)
(0,0,0)
(0,0,0)
(0,0,0)
(0,0,0)
(0,0,0)
(21732395.0454683,69745.0862956245,60436.9287275956)
(21718247.4377687,66446.8850119284,129898.684012716)
(21685739.0402483,59396.5339544756,219377.159437571)
(21624867.3903152,47943.1149674613,344136.250273849)
(21516473.2744545,31877.5290051467,526564.256881961)
(21323615.1320022,12630.0336227113,801164.779711378)
(20969778.6869175,-4675.15951582755,1229747.61939426)
(20270573.6737243,-12294.072107744,1972741.85257944)
(18692928.5103303,-10200.8191250914,3636529.66838675)
(14408376.7609868,-5019.11599600724,8925570.93205069)
(0,0,0)
(0,0,0)
(0,0,0)
(0,0,0)
(0,0,0)
(0,0,0)
(21717875.5008791,148778.014834918,57169.72355883)
(21703713.2868496,142557.491289788,122914.825584001)
(21670908.1487671,129117.301354164,207992.932775631)
(21608894.3916713,106796.083683749,328055.095963051)
(21497545.0482163,74253.7182479463,507314.721088597)
(21299283.7201103,33144.6987116861,783903.610122444)
(20940060.188948,-6116.1792073763,1222140.64330504)
(20243750.5596369,-22858.7949469125,1974863.50097642)
(18676249.411825,-17104.9620436558,3641777.00524533)
(14401084.096125,-7336.54160522941,8930613.64229941)
(0,0,0)
(0,0,0)
(0,0,0)
(0,0,0)
(0,0,0)
(0,0,0)
(21685094.2616378,247404.377252581,50970.7797494434)
(21670903.3471724,239095.418853631,109574.693085388)
(21637466.3672037,220967.436305548,185816.267723247)
(21572735.642229,190055.777112768,295576.22730995)
(21453639.5928199,142674.435022921,466238.999983813)
(21239111.7880356,77913.3232494802,744676.081499963)
(20859318.7458389,9107.19889296561,1205380.60748103)
(20169660.9909595,-20161.8120997768,1980628.97045499)
(18633182.0457536,-9637.34670526542,3651585.44952319)
(14383236.901798,-461.14558825738,8937923.24067718)
(0,0,0)
(0,0,0)
(0,0,0)
(0,0,0)
(0,0,0)
(0,0,0)
(21624846.255687,378434.636397013,42663.4582217825)
(21610645.8246322,369371.251441058,91485.8936535161)
(21576384.161837,349530.693771573,154999.165231026)
(21507421.8792606,315265.725417518,248271.888934147)
(21374089.8401145,260955.830309482,401519.338793431)
(21122793.6597641,181291.597455445,675926.404223475)
(20679771.3955814,84578.5845025663,1176139.9691444)
(20000882.6104526,37308.347018391,1991204.93264492)
(18546071.2417694,41025.513961434,3660847.03258369)
(14349812.5089203,28920.1004180779,8938392.7293045)
(0,0,0)
(0,0,0)
(0,0,0)
(0,0,0)
(0,0,0)
(0,0,0)
(21518769.5319699,559830.603623696,33597.2800400543)
(21504877.8311448,551414.481087721,71657.0234567334)
(21470402.8803633,533259.166193051,120766.868784033)
(21397804.5263916,502574.027941636,194026.699346107)
(21248202.0834212,455482.315838191,321917.433862869)
(20941816.910508,389594.557889441,579268.902885631)
(20357063.7386998,311841.687158658,1128913.19311027)
(19687943.4826225,243760.926149004,1994974.98468914)
(18409507.0356681,178271.31573916,3648851.87583248)
(14300052.7073804,96350.2490778932,8909586.61802033)
(0,0,0)
(0,0,0)
(0,0,0)
(0,0,0)
(0,0,0)
(0,0,0)
(21329996.6577261,821466.143404168,25178.3160806718)
(21317035.3723739,814554.574646873,53452.3124233299)
(21284182.8249767,799912.42399965,90026.0875701351)
(21212922.3664307,775740.476390765,146944.389366944)
(21061608.264175,739063.556264344,256100.467611757)
(20746483.5824978,685761.839028693,501566.002341821)
(20154338.7903684,611980.835261509,1060870.6336264)
(19514736.526399,517549.448832277,1929541.21728802)
(18293307.9059449,376940.221318431,3567002.27611148)
(14243055.3494673,199328.794091759,8813310.88863082)
(0,0,0)
(0,0,0)
(0,0,0)
(0,0,0)
(0,0,0)
(0,0,0)
(20979886.6278502,1225504.96928395,18232.8798243923)
(20968574.873185,1220205.86402192,38729.7521685584)
(20939454.0941681,1209225.2950273,65788.3708383422)
(20874791.8530787,1191734.10819658,110285.551181305)
(20733729.4414456,1165691.76385866,202869.847550096)
(20432410.2864755,1125157.87203088,427827.934613691)
(19858092.724831,1054539.36634317,966470.99480607)
(19280882.4681365,929198.88267842,1788970.45672737)
(18121251.4946835,678620.825524043,3389390.59143956)
(14145809.7672953,362768.308255624,8613976.42978888)
(0,0,0)
(0,0,0)
(0,0,0)
(0,0,0)
(0,0,0)
(0,0,0)
(20280061.2993082,1942096.95440318,12878.1692138072)
(20271144.9281488,1937815.18568862,27695.9773343783)
(20247968.6210893,1929020.06044828,48287.1031380785)
(20195747.0533902,1915411.86430559,84259.2866077869)
(20079525.2471238,1895784.28406521,162364.449479383)
(19823941.8347978,1864230.65034768,357263.661364504)
(19321248.5377545,1791649.93711023,841206.395027041)
(18944993.711473,1566738.164526,1538481.8092425)
(17774183.6812183,1200105.68680153,3073571.06457084)
(13920677.3580674,686392.613767721,8251203.25234423)
(0,0,0)
(0,0,0)
(0,0,0)
(0,0,0)
(0,0,0)
(0,0,0)
(18698380.7531825,3587273.54520456,8554.36842803379)
(18692403.0891429,3583111.89902787,18918.436966784)
(18676930.1966335,3574055.66993139,34686.2861103702)
(18642794.3136918,3558286.99640473,64601.061874342)
(18570076.1061778,3530414.10353639,130779.633168016)
(18422104.8662328,3475106.87201876,284696.638351664)
(18155267.5214425,3350523.14608919,616329.664191716)
(17780536.1762794,3066734.42356061,1171909.17813509)
(16722496.1855914,2565205.17208557,2559862.76246054)
(13235793.0521961,1672435.48020712,7564786.18448108)
(0,0,0)
(0,0,0)
(0,0,0)
(0,0,0)
(0,0,0)
(0,0,0)
(14410367.6501291,8867505.97825385,4378.91239864763)
(14407418.5906479,8863097.61907496,9936.69140702456)
(14399837.6682104,8853037.89413454,18949.9187964561)
(14383435.1295863,8834054.72137686,36697.6516549912)
(14349615.6071132,8797408.53131039,75381.1345984913)
(14283128.9287007,8722172.20533332,160034.170619237)
(14159994.6304671,8562301.74163998,332497.710514933)
(13924177.6989171,8229917.66931311,670379.200638967)
(13236287.3270271,7559562.22984978,1667108.84048266)
(10762340.631095,5892451.88901877,5892399.88430684)
(0,0,0)
(0,0,0)
(0,0,0)
(0,0,0)
(0,0,0)
(0,0,0)
(0,0,0)
(0,0,0)
(0,0,0)
(0,0,0)
(0,0,0)
(0,0,0)
(0,0,0)
(0,0,0)
(0,0,0)
(0,0,0)
(0,0,0)
(0,0,0)
(0,0,0)
(0,0,0)
(0,0,0)
(0,0,0)
(0,0,0)
(0,0,0)
(0,0,0)
(0,0,0)
(0,0,0)
(0,0,0)
(0,0,0)
(0,0,0)
(0,0,0)
(0,0,0)
(0,0,0)
(0,0,0)
(0,0,0)
(0,0,0)
(0,0,0)
(0,0,0)
(0,0,0)
(0,0,0)
(0,0,0)
(0,0,0)
(0,0,0)
(0,0,0)
(0,0,0)
(0,0,0)
(0,0,0)
(0,0,0)
(0,0,0)
(0,0,0)
(0,0,0)
(0,0,0)
(0,0,0)
(0,0,0)
(0,0,0)
(0,0,0)
(0,0,0)
(0,0,0)
(0,0,0)
(0,0,0)
(0,0,0)
(0,0,0)
(0,0,0)
(0,0,0)
(0,0,0)
(0,0,0)
(0,0,0)
(0,0,0)
(0,0,0)
(0,0,0)
(0,0,0)
(0,0,0)
(0,0,0)
(0,0,0)
(0,0,0)
(0,0,0)
(0,0,0)
(0,0,0)
(0,0,0)
(0,0,0)
(0,0,0)
(0,0,0)
(0,0,0)
(0,0,0)
(0,0,0)
(0,0,0)
(0,0,0)
(0,0,0)
(0,0,0)
(0,0,0)
(0,0,0)
(0,0,0)
(0,0,0)
(0,0,0)
(0,0,0)
(0,0,0)
(0,0,0)
(0,0,0)
(0,0,0)
(0,0,0)
(0,0,0)
(0,0,0)
(-378900.725705044,55263.5087713211,46239.2381306953)
(-394524.401681932,51942.0666320378,97275.9866778966)
(-429818.248738637,44617.8980051223,158422.353388345)
(-494171.057406937,32034.7553307216,235633.021508424)
(-604307.898197541,13000.1650919765,333621.004797132)
(-788116.123648307,-11659.5507305266,447218.786906851)
(-1088762.76684746,-34392.0141304258,530359.230530844)
(-1564563.57523185,-39124.1245084504,394827.579724031)
(-2246733.34012995,-26888.5133814869,-648415.080705584)
(-2753998.30034848,-12321.6779105743,-5483511.36573112)
(0,0,0)
(0,0,0)
(0,0,0)
(0,0,0)
(0,0,0)
(0,0,0)
(-395521.532390288,115930.423119575,42937.0946497498)
(-410861.404715267,109679.021829238,89981.8067460123)
(-445801.698060363,95640.8434838862,145875.683823308)
(-510210.519847305,70639.3390644972,216582.987336736)
(-621999.40724194,30392.3982584738,308942.185357135)
(-810772.881875929,-26964.5180249936,424510.730366462)
(-1118434.74585766,-86819.3188858179,525639.945656135)
(-1589639.82767255,-96980.8318960329,407094.016081794)
(-2259302.21622885,-60238.5807835914,-633797.312733533)
(-2758429.85450662,-25213.9644387341,-5471184.09984512)
(0,0,0)
(0,0,0)
(0,0,0)
(0,0,0)
(0,0,0)
(0,0,0)
(-432504.185387372,187072.521128877,36663.3247444902)
(-447318.137606088,178807.747121633,75963.0599591695)
(-481608.110104299,159922.827896654,120962.528583019)
(-546610.829491964,124794.394209621,176360.92088745)
(-664205.166569081,63210.2004761656,251594.853787349)
(-872445.207192225,-38314.8540613179,364709.160780161)
(-1217752.06095648,-170346.067477963,515513.691896299)
(-1676558.17660827,-188929.927075042,443888.930371692)
(-2297426.30833634,-96803.4775103707,-598730.843082896)
(-2770645.49497307,-33926.3936612454,-5445929.04136068)
(0,0,0)
(0,0,0)
(0,0,0)
(0,0,0)
(0,0,0)
(0,0,0)
(-498516.011931002,272278.023658538,28363.7408169389)
(-512601.254370228,263566.005618226,57059.5370514453)
(-545941.668491623,243602.426171327,85912.7448340356)
(-612254.663742005,205758.479164025,114832.178610823)
(-742964.239330202,135174.911770135,150128.522490223)
(-1008338.09604395,358.636738916753,232793.763226643)
(-1526506.04935935,-238113.414809323,497045.531227349)
(-1961282.431217,-275655.510941292,536143.132491785)
(-2393045.71027545,-95605.9927402973,-535730.424504738)
(-2796864.08489858,-20872.0676745415,-5411901.18094391)
(0,0,0)
(0,0,0)
(0,0,0)
(0,0,0)
(0,0,0)
(0,0,0)
(-609408.055299684,371039.034062201,19623.5525944945)
(-622355.950574487,363592.39978826,37037.9158724431)
(-653885.21076011,347099.179519729,48036.2293760653)
(-720257.30933259,317765.150573495,44298.3694193803)
(-866481.578657554,268936.405942305,15427.513054594)
(-1240892.64222588,194236.383916616,-5533.70566060398)
(-2465066.8576348,109014.979809253,459675.471784049)
(-2924586.89898172,70442.2999625075,716315.018213114)
(-2580685.85675058,61973.9425243948,-460865.048904225)
(-2839904.99618021,39309.8670302352,-5390882.30431977)
(0,0,0)
(0,0,0)
(0,0,0)
(0,0,0)
(0,0,0)
(0,0,0)
(-792233.266294987,471311.225255465,12164.7085564471)
(-803585.736507769,466087.657994976,20497.5349600945)
(-831854.298863394,455197.567704903,18643.2463436399)
(-893591.763796338,437625.146174502,-4495.64330172354)
(-1035770.22133465,411186.755742117,-59160.5318631839)
(-1409266.91655425,371663.270379515,-90629.9435453833)
(-2573951.94537419,315675.557561921,421207.19017321)
(-2994987.95189695,283636.365065977,707944.579094314)
(-2667952.53285836,204830.02075175,-483444.084601182)
(-2882832.63315493,102051.766332544,-5430091.02555261)
(0,0,0)
(0,0,0)
(0,0,0)
(0,0,0)
(0,0,0)
(0,0,0)
(-1091137.64856988,525630.846643498,6911.63076068172)
(-1100507.21883366,522718.488275784,9569.86822721913)
(-1124287.71268543,517675.630698784,1040.58781553402)
(-1178084.5179985,512647.779581489,-30898.6987856626)
(-1308624.5879801,511459.048651491,-98609.9865406382)
(-1674434.39296423,516640.567298535,-146535.628291323)
(-2889427.73873627,517638.12007157,389229.24849487)
(-3278492.71773328,593250.288073556,629197.487085666)
(-2799820.91854409,331532.228957954,-586225.332164334)
(-2953651.35956905,137629.249807949,-5532134.71304676)
(0,0,0)
(0,0,0)
(0,0,0)
(0,0,0)
(0,0,0)
(0,0,0)
(-1568274.56504413,360225.383370852,3948.30335362192)
(-1575314.19930555,358851.071503865,4481.82330856875)
(-1593438.16560541,357777.749564973,-4006.53313423075)
(-1635615.79740874,362275.129187786,-32064.0562130205)
(-1743648.4266981,386152.492496645,-93376.8505076054)
(-2079335.14893447,462230.133905343,-145482.457653489)
(-3406822.24686699,625526.019168859,464907.403599372)
(-2776349.48413507,402154.625139425,367553.237870169)
(-2904702.93390327,148322.379959909,-780143.322281545)
(-3063274.75466025,1455.18900050398,-5669810.17301778)
(0,0,0)
(0,0,0)
(0,0,0)
(0,0,0)
(0,0,0)
(0,0,0)
(-2252610.17282008,-701134.825562122,2558.11066422625)
(-2257164.78307877,-702251.343375792,3435.3734942317)
(-2268754.02259045,-703383.811266611,488.1292784478)
(-2294674.2274478,-701361.684264312,-8199.54040121271)
(-2354152.96174032,-690301.246021316,-17309.7582365016)
(-2496485.18732738,-664086.715253636,17804.1202112779)
(-2807781.61958111,-644958.994794961,241545.250927299)
(-2909522.8479509,-789814.430259996,113780.306285617)
(-3177014.24643089,-921156.746959427,-927023.159044118)
(-3227167.96116889,-801100.262558198,-5671299.71839181)
(0,0,0)
(0,0,0)
(0,0,0)
(0,0,0)
(0,0,0)
(0,0,0)
(-2758460.33737314,-5543510.8288924,1410.96656120861)
(-2760656.56702935,-5544907.55236712,2349.30895845824)
(-2766191.69982656,-5547328.49838041,2530.33983787045)
(-2778187.50346593,-5549866.76698293,2865.03133736292)
(-2803750.00906779,-5552700.96238621,8837.33961191204)
(-2857351.06532754,-5561411.10823268,36848.7023478629)
(-2956427.02868721,-5598114.48065606,96632.8230919696)
(-3066584.31874456,-5694650.11760446,-17562.4961733029)
(-3228172.76266547,-5677077.72493231,-806974.452779179)
(-3115262.20435008,-4870102.60743528,-4870162.29672837)
(0,0,0)
(0,0,0)
(0,0,0)
(0,0,0)
(0,0,0)
(0,0,0)
(0,0,0)
(0,0,0)
(0,0,0)
(0,0,0)
(0,0,0)
(0,0,0)
(0,0,0)
(0,0,0)
(0,0,0)
(0,0,0)
(0,0,0)
(0,0,0)
(0,0,0)
(0,0,0)
(0,0,0)
(0,0,0)
(0,0,0)
(0,0,0)
(0,0,0)
(0,0,0)
(0,0,0)
(0,0,0)
(0,0,0)
(0,0,0)
(0,0,0)
(0,0,0)
(0,0,0)
(0,0,0)
(0,0,0)
(0,0,0)
(0,0,0)
(0,0,0)
(0,0,0)
(0,0,0)
(0,0,0)
(0,0,0)
(0,0,0)
(0,0,0)
(0,0,0)
(0,0,0)
(0,0,0)
(0,0,0)
(0,0,0)
(0,0,0)
(0,0,0)
(0,0,0)
(0,0,0)
(0,0,0)
(0,0,0)
(0,0,0)
(0,0,0)
(0,0,0)
(0,0,0)
(0,0,0)
(0,0,0)
(0,0,0)
(0,0,0)
(0,0,0)
(0,0,0)
(0,0,0)
(0,0,0)
(0,0,0)
(0,0,0)
(0,0,0)
(0,0,0)
(0,0,0)
(0,0,0)
(0,0,0)
(0,0,0)
(0,0,0)
(0,0,0)
(0,0,0)
(0,0,0)
(0,0,0)
(0,0,0)
(0,0,0)
(0,0,0)
(0,0,0)
(0,0,0)
(0,0,0)
(0,0,0)
(0,0,0)
(0,0,0)
(0,0,0)
(0,0,0)
(0,0,0)
(0,0,0)
(0,0,0)
(0,0,0)
(0,0,0)
(0,0,0)
(0,0,0)
(0,0,0)
(0,0,0)
(0,0,0)
(0,0,0)
(-448163.941885476,38687.6472004866,30575.5689799453)
(-461433.551117799,35640.2967903223,61844.4216254906)
(-490636.653205339,28692.5141022035,93970.31198999)
(-541642.687693186,16068.06438298,125373.877893258)
(-623954.150175271,-4635.16340763108,149655.293278619)
(-750559.821760319,-34291.0096939033,146390.001084534)
(-932610.280613047,-64075.2048221147,54312.7196722361)
(-1158305.03161812,-64229.3050237092,-287716.518917781)
(-1338796.44436816,-39483.5297203978,-1156169.88495917)
(-1163282.63470748,-16767.7274514313,-2730117.82314874)
(0,0,0)
(0,0,0)
(0,0,0)
(0,0,0)
(0,0,0)
(0,0,0)
(-463271.647246388,78919.368610238,27518.3934463477)
(-475786.360496059,73199.6156074951,54884.0304099653)
(-503371.043599448,59814.2140705632,81331.6759806903)
(-551649.602937646,34213.9123009944,104624.911153017)
(-630171.240287161,-11811.3222867541,119972.903077361)
(-753090.882210949,-88629.2936358458,116629.187354323)
(-933932.063013162,-186144.812138898,54196.1118266114)
(-1152780.7564968,-183957.229683846,-262935.034688994)
(-1329888.49073219,-98423.014221843,-1133409.27568421)
(-1157807.24052699,-37459.0990992528,-2713340.51801603)
(0,0,0)
(0,0,0)
(0,0,0)
(0,0,0)
(0,0,0)
(0,0,0)
(-496272.720312935,120937.864940447,21750.0385953548)
(-507340.794101659,113488.989582293,41483.321116128)
(-531690.301156556,95604.6197752716,55775.1064636762)
(-574370.590053453,59160.987087724,58587.7922384367)
(-645055.726832345,-15524.8760468437,43151.9062617901)
(-762922.666118959,-174180.039964113,19180.1115167921)
(-962141.223109985,-479038.165983007,56462.627514404)
(-1153084.40385521,-473642.429417986,-177325.945504515)
(-1308310.10550068,-192467.738258445,-1072397.42430357)
(-1144477.10907365,-60199.4555504331,-2675825.45375182)
(0,0,0)
(0,0,0)
(0,0,0)
(0,0,0)
(0,0,0)
(0,0,0)
(-553083.999730154,161264.132919693,14241.7198199069)
(-562172.591737446,153738.681075348,23563.3656940707)
(-581821.521809118,135650.078579592,19397.7602072455)
(-615445.892288314,97800.6918126767,-16050.7159713982)
(-670833.334342599,11724.9715152087,-115431.468521051)
(-780224.287170833,-232160.641896876,-285564.675461409)
(-1176478.6063958,-1176619.71197262,61989.427564651)
(-1238018.58411535,-1238918.37710341,104001.528148431)
(-1258267.79971308,-283268.92006768,-939975.200604712)
(-1117594.98956972,-63942.8115222249,-2615500.93996177)
(0,0,0)
(0,0,0)
(0,0,0)
(0,0,0)
(0,0,0)
(0,0,0)
(-642920.999233768,188108.052849931,6669.02400384501)
(-649644.676322405,182287.048414814,5409.38241229802)
(-663425.084562182,169074.749571132,-18475.4147771687)
(-683249.950330841,144383.120902372,-102065.202868614)
(-697249.197686725,99598.5277690273,-359171.140093261)
(-628145.813868827,25775.9600394608,-1229854.57038665)
(-8.2749657333741e-05,-2.08827201696257e-05,5.28068404447578e-05)
(983.608156483096,-44.2969672065982,1059827.60250381)
(-1058238.39405727,-25396.2322563719,-720492.548000808)
(-1069261.39843349,-3683.5559846366,-2551395.40128512)
(0,0,0)
(0,0,0)
(0,0,0)
(0,0,0)
(0,0,0)
(0,0,0)
(-777229.331466002,172277.700278581,826.41774236502)
(-781702.474038591,169055.16726943,-7824.96358142754)
(-790080.409378236,162653.917846784,-43178.0213422379)
(-798626.857662673,153005.506400942,-146765.31297447)
(-788297.475073595,138189.205693124,-432828.737159619)
(-667226.302393358,106338.9310389,-1255432.32231995)
(-7.62706166896107e-05,-2.82654719100812e-05,4.32710236064265e-05)
(1066.17105955107,-10.6776287682341,1034611.68012016)
(-1032939.7769167,72859.4331357139,-698656.741213584)
(-1068757.17775158,31165.7024673232,-2547581.45506888)
(0,0,0)
(0,0,0)
(0,0,0)
(0,0,0)
(0,0,0)
(0,0,0)
(-964753.037363876,48322.5596801462,-2429.47060757156)
(-967346.545637952,47710.3003414085,-14245.2768752629)
(-971339.247551886,48291.1669630696,-52830.9911250906)
(-971265.884002445,54876.4041480658,-161520.522868271)
(-943563.588827593,76178.7659274848,-464571.082255135)
(-782521.935207324,111471.455982234,-1361616.06495537)
(-0.000206770701965878,7.59721158783429e-05,5.75026359214719e-05)
(1202.80740382579,1095209.39063657,1107538.55928146)
(-1105651.47515071,226568.426552669,-740339.87752887)
(-1112054.69171313,27973.6538130097,-2578744.49673047)
(0,0,0)
(0,0,0)
(0,0,0)
(0,0,0)
(0,0,0)
(0,0,0)
(-1192411.74575647,-324429.127892215,-3111.13171529096)
(-1193652.80848094,-323341.848101606,-13720.3740968872)
(-1194714.99912374,-317880.257953993,-46272.1156614898)
(-1189707.773042,-297112.645932668,-140191.089947495)
(-1153752.71058242,-224693.823942548,-429214.216193147)
(-968753.811562776,44769.5009733991,-1473093.598556)
(964.470632357543,1224307.57592331,1095189.66563841)
(-1093712.91747338,268792.114538657,238970.375074635)
(-1376112.57046479,-124099.153567477,-938952.408243705)
(-1205015.22967806,-162485.50777379,-2606752.77163909)
(0,0,0)
(0,0,0)
(0,0,0)
(0,0,0)
(0,0,0)
(0,0,0)
(-1367540.95478355,-1207463.27993697,-2035.06599177621)
(-1368058.6692363,-1206242.27353736,-8240.7543984868)
(-1368077.9434721,-1201282.42962878,-25514.6618420447)
(-1364250.34743992,-1185268.63863691,-67782.5491456765)
(-1346639.73203364,-1140234.4072799,-159755.19551501)
(-1292674.33797593,-1025236.26494462,-293560.278948452)
(-1222890.88824544,-793856.467064085,139713.032703267)
(-1400080.95347472,-947088.644785068,-153848.102449188)
(-1505154.81846535,-972452.034740502,-977354.649241698)
(-1233446.68899755,-689272.655163284,-2444288.77402355)
(0,0,0)
(0,0,0)
(0,0,0)
(0,0,0)
(0,0,0)
(0,0,0)
(-1179471.5381142,-2785635.82415856,-816.255037360304)
(-1179649.84242802,-2784830.46149868,-3234.79167735928)
(-1179582.8784687,-2781636.26785342,-9489.77481057444)
(-1178074.15166748,-2772134.87265159,-22736.8925943456)
(-1172525.80954729,-2749379.58444246,-44815.9149522772)
(-1160689.46101616,-2704459.18563055,-62254.5985777317)
(-1156918.57896982,-2642053.92697464,-13565.5883845746)
(-1219672.90924392,-2628358.19630901,-179207.44636126)
(-1236545.73629273,-2449109.60975275,-694176.897721756)
(-988780.946399518,-1754942.24061882,-1754988.57021678)
(0,0,0)
(0,0,0)
(0,0,0)
(0,0,0)
(0,0,0)
(0,0,0)
(0,0,0)
(0,0,0)
(0,0,0)
(0,0,0)
(0,0,0)
(0,0,0)
(0,0,0)
(0,0,0)
(0,0,0)
(0,0,0)
(0,0,0)
(0,0,0)
(0,0,0)
(0,0,0)
(0,0,0)
(0,0,0)
(0,0,0)
(0,0,0)
(0,0,0)
(0,0,0)
(0,0,0)
(0,0,0)
(0,0,0)
(0,0,0)
(0,0,0)
(0,0,0)
(0,0,0)
(0,0,0)
(0,0,0)
(0,0,0)
(0,0,0)
(0,0,0)
(0,0,0)
(0,0,0)
(0,0,0)
(0,0,0)
(0,0,0)
(0,0,0)
(0,0,0)
(0,0,0)
(0,0,0)
(0,0,0)
(0,0,0)
(0,0,0)
(0,0,0)
(0,0,0)
(0,0,0)
(0,0,0)
(0,0,0)
(0,0,0)
(0,0,0)
(0,0,0)
(0,0,0)
(0,0,0)
(0,0,0)
(0,0,0)
(0,0,0)
(0,0,0)
(0,0,0)
(0,0,0)
(0,0,0)
(0,0,0)
(0,0,0)
(0,0,0)
(0,0,0)
(0,0,0)
(0,0,0)
(0,0,0)
(0,0,0)
(0,0,0)
(0,0,0)
(0,0,0)
(0,0,0)
(0,0,0)
(0,0,0)
(0,0,0)
(0,0,0)
(0,0,0)
(0,0,0)
(0,0,0)
(0,0,0)
(0,0,0)
(0,0,0)
(0,0,0)
(0,0,0)
(0,0,0)
(0,0,0)
(0,0,0)
(0,0,0)
(0,0,0)
(0,0,0)
(0,0,0)
(0,0,0)
(0,0,0)
(0,0,0)
(0,0,0)
(-489044.216954925,23608.5830519588,17271.692017491)
(-498037.943317119,21325.5076379345,32550.5765788766)
(-516966.72702404,16026.136427785,42854.5139697924)
(-547792.129633069,6124.36003250039,42879.595877175)
(-593085.805816986,-10828.3931761535,22839.6446950421)
(-654996.498468991,-36832.1622305942,-35891.5163656917)
(-731361.209137205,-65421.0313581273,-171719.556483408)
(-802697.52172125,-58724.6279485899,-468602.438431688)
(-795591.64810303,-30606.5417863027,-981200.692910509)
(-565729.670665563,-11311.1131652648,-1567442.54378716)
(0,0,0)
(0,0,0)
(0,0,0)
(0,0,0)
(0,0,0)
(0,0,0)
(-500503.780272033,45895.4457636071,14945.2703139976)
(-508351.80216774,41636.4530982529,27199.7665253615)
(-524572.544155679,31493.5847340574,32933.8187753207)
(-549986.359035788,11486.4570106682,25908.4778952935)
(-585250.191563178,-26668.3442177369,-3172.61978710823)
(-630214.889404612,-98430.9487677902,-64449.8260562497)
(-684478.033464559,-214348.69310231,-164976.193860671)
(-751765.261680121,-184273.436112742,-440442.880513203)
(-762187.362913854,-76874.1256959363,-961876.424421904)
(-550694.885196611,-24142.83158692,-1556157.06133063)
(0,0,0)
(0,0,0)
(0,0,0)
(0,0,0)
(0,0,0)
(0,0,0)
(-525017.589936517,64003.6144156451,10636.7009715438)
(-530699.799249562,58596.9672730527,17035.1919446466)
(-541574.994381895,45457.3055785207,12956.1643255231)
(-555751.198778571,18091.6137168603,-12268.3836555522)
(-567779.483472416,-41261.0320761864,-74951.939157031)
(-564570.431735716,-191416.814404741,-180318.307903323)
(-528706.390368666,-693270.757246923,-134831.07650003)
(-580714.787529293,-558513.943651459,-332960.185287232)
(-666639.479159036,-142419.084486607,-909085.852838208)
(-512395.144643345,-33335.2036007948,-1531975.44525464)
(0,0,0)
(0,0,0)
(0,0,0)
(0,0,0)
(0,0,0)
(0,0,0)
(-565518.148335015,71256.3517995569,5181.41122094913)
(-568381.851344909,66116.6101994876,3871.02790197644)
(-572063.734417894,53942.5080588256,-14371.9619695512)
(-570097.726587189,29975.3958234562,-71603.9097772709)
(-543976.20219316,-14665.6310956096,-225056.442907287)
(-434551.844365784,-80044.8117845657,-682100.888332512)
(-4.12189117803093e-05,-7.6877218790802e-06,2.15145061319874e-05)
(618.27087154616,166.444379912717,83271.5142713663)
(-434357.124695226,-83216.7966686419,-799841.448564444)
(-436654.994593101,-15604.9168765155,-1498511.73026535)
(0,0,0)
(0,0,0)
(0,0,0)
(0,0,0)
(0,0,0)
(0,0,0)
(-625158.620202256,53503.6418123333,-9.66904428823099)
(-625152.66725228,49963.7903556833,-8348.85827060907)
(-621658.127929616,42197.9809750849,-38371.2878194354)
(-604251.872183617,28817.2815216834,-116211.251664887)
(-546187.95400876,8381.97426232165,-290320.100700783)
(-383089.909139089,-13441.4850044736,-601979.332210615)
(4.73483117998892e-06,-3.06283489108316e-06,-9.86124536615339e-05)
(-9.10407642929504e-05,-1.1232587739134e-05,4.08892522681836e-06)
(520.320823869346,-182.262588696166,-732081.564737311)
(-330979.359964026,-3236.66501779128,-1482731.8550655)
(0,0,0)
(0,0,0)
(0,0,0)
(0,0,0)
(0,0,0)
(0,0,0)
(-704594.174963751,-15538.5665767724,-3592.94811314418)
(-702336.083905332,-16861.0349460637,-16134.5129446575)
(-693400.545581523,-18860.9241230862,-51755.4716431992)
(-665100.563904273,-19900.3820723167,-136564.1018076)
(-587144.431187428,-17353.7270757997,-311981.444355646)
(-395076.531369592,-9190.88327048072,-588381.817113404)
(-1.37128692832542e-06,-8.30219117316412e-06,-7.60026594898177e-05)
(-6.67154608938662e-05,-2.13648618884778e-05,1.33449899577848e-06)
(660.904517160617,62.2207941466007,-735027.385652874)
(-315473.938162983,-12187.1574244955,-1479360.13283477)
(0,0,0)
(0,0,0)
(0,0,0)
(0,0,0)
(0,0,0)
(0,0,0)
(-795664.6294334,-179652.780972804,-4974.19353444396)
(-792093.250935959,-178908.75180359,-18179.7713789093)
(-780147.761798072,-175429.428571155,-52802.7526846535)
(-746064.180784203,-163951.112186464,-133953.725788749)
(-656772.93059752,-134403.360234752,-303694.75085987)
(-441182.674201303,-75197.0544380752,-579027.840698297)
(-1.12090403229239e-05,-0.000120469009352637,-8.96750929786822e-05)
(-0.000116111824607321,3.29778985550412e-06,1.96417032414556e-06)
(876.169820903538,-44017.914698701,-747276.322539088)
(-339333.624104135,-65025.2187814779,-1467159.3287911)
(0,0,0)
(0,0,0)
(0,0,0)
(0,0,0)
(0,0,0)
(0,0,0)
(-867702.972778961,-500028.89421748,-4332.65973283467)
(-863909.592275196,-498202.98383392,-14781.643908252)
(-851876.563698991,-491711.789735385,-41337.718168769)
(-818479.575886634,-472146.833131583,-104370.194379012)
(-730068.326257476,-418072.103025613,-244385.835913091)
(-505193.059896197,-279615.459819358,-503528.182198389)
(-0.000140984748912808,7.66551291663397e-06,7.51955942567172e-06)
(490.745250262835,-37864.0471193047,-43830.4485185743)
(-442423.196323444,-253311.216886084,-768226.520472536)
(-445182.128878058,-190995.497461108,-1402089.34259291)
(0,0,0)
(0,0,0)
(0,0,0)
(0,0,0)
(0,0,0)
(0,0,0)
(-845022.112520813,-1019992.15188292,-2555.58459730676)
(-842050.959483048,-1018452.34683493,-8313.93134954916)
(-832940.887345555,-1013387.94339931,-21774.83381217)
(-808231.342129843,-999656.257290196,-50284.4149636365)
(-742443.716780238,-966633.163852264,-105919.369390387)
(-560607.705798094,-893710.020021415,-223891.44136616)
(769.870679496682,-728300.313143293,-37667.298602309)
(-449485.894259485,-767001.451159091,-259124.953777754)
(-607680.232885432,-704048.089658877,-705862.666584883)
(-474527.204531943,-444716.342369889,-1211061.30614171)
(0,0,0)
(0,0,0)
(0,0,0)
(0,0,0)
(0,0,0)
(0,0,0)
(-591625.994967594,-1606825.86036589,-1011.83466362455)
(-590060.098639392,-1605847.24668342,-3206.67860377521)
(-585484.292545328,-1602677.11274498,-8016.09518148776)
(-573821.164875766,-1594677.02057757,-17248.3186858303)
(-545920.195449761,-1577425.11439073,-33061.9822448906)
(-484622.459048527,-1544285.09315999,-58553.9110739439)
(-381768.242158932,-1485595.35715531,-76409.2038728089)
(-457883.129531269,-1409025.20762368,-196175.227120874)
(-477513.636041918,-1212746.83903104,-446508.577999527)
(-347464.476682157,-766244.225658583,-766297.164428196)
(0,0,0)
(0,0,0)
(0,0,0)
(0,0,0)
(0,0,0)
(0,0,0)
(0,0,0)
(0,0,0)
(0,0,0)
(0,0,0)
(0,0,0)
(0,0,0)
(0,0,0)
(0,0,0)
(0,0,0)
(0,0,0)
(0,0,0)
(0,0,0)
(0,0,0)
(0,0,0)
(0,0,0)
(0,0,0)
(0,0,0)
(0,0,0)
(0,0,0)
(0,0,0)
(0,0,0)
(0,0,0)
(0,0,0)
(0,0,0)
(0,0,0)
(0,0,0)
(0,0,0)
(0,0,0)
(0,0,0)
(0,0,0)
(0,0,0)
(0,0,0)
(0,0,0)
(0,0,0)
(0,0,0)
(0,0,0)
(0,0,0)
(0,0,0)
(0,0,0)
(0,0,0)
(0,0,0)
(0,0,0)
(0,0,0)
(0,0,0)
(0,0,0)
(0,0,0)
(0,0,0)
(0,0,0)
(0,0,0)
(0,0,0)
(0,0,0)
(0,0,0)
(0,0,0)
(0,0,0)
(0,0,0)
(0,0,0)
(0,0,0)
(0,0,0)
(0,0,0)
(0,0,0)
(0,0,0)
(0,0,0)
(0,0,0)
(0,0,0)
(0,0,0)
(0,0,0)
(0,0,0)
(0,0,0)
(0,0,0)
(0,0,0)
(0,0,0)
(0,0,0)
(0,0,0)
(0,0,0)
(0,0,0)
(0,0,0)
(0,0,0)
(0,0,0)
(0,0,0)
(0,0,0)
(0,0,0)
(0,0,0)
(0,0,0)
(0,0,0)
(0,0,0)
(0,0,0)
(0,0,0)
(0,0,0)
(0,0,0)
(0,0,0)
(0,0,0)
(0,0,0)
(0,0,0)
(0,0,0)
(0,0,0)
(0,0,0)
(-509469.107170123,12153.9599613725,8270.93025382432)
(-514309.93324014,10991.0193484426,13551.900828402)
(-523735.907170031,8409.84016186001,11911.240812533)
(-537194.018063204,3925.38174720768,-2612.25250453921)
(-553331.495532851,-3015.2514850163,-39351.3113036579)
(-569758.335427131,-12099.9824577649,-112489.491887753)
(-581877.200273923,-18588.7153371591,-243384.785413876)
(-576351.778944145,-7830.23555281873,-461900.292638163)
(-508334.00345798,2773.14650543081,-751931.083788643)
(-318974.429043856,3727.1532622356,-1002413.47867259)
(0,0,0)
(0,0,0)
(0,0,0)
(0,0,0)
(0,0,0)
(0,0,0)
(-516822.537740253,21389.3658931687,7083.35153642403)
(-520485.834975335,19260.5740221847,10947.8296702767)
(-527088.010111799,14448.29529322,7424.8404950366)
(-534802.203605313,5711.39870993388,-9545.33189816435)
(-540241.596957715,-9152.76846707172,-48416.4095215705)
(-539051.546026247,-32730.6649076026,-118949.070450098)
(-530886.352937155,-58521.7052101387,-232607.761104522)
(-527742.397665334,-13189.673532124,-451271.187140001)
(-478431.175568479,18687.2610881762,-750941.489068122)
(-305947.429567481,14176.5198100733,-1006138.31124509)
(0,0,0)
(0,0,0)
(0,0,0)
(0,0,0)
(0,0,0)
(0,0,0)
(-532073.651020635,23503.4069841439,4942.01999314381)
(-533547.791451361,20913.2403839914,6137.34583313695)
(-534685.597665516,14992.2472501542,-1296.00284017632)
(-530724.382862601,3823.18474362241,-24434.6047898346)
(-512060.56271703,-17316.352657906,-71989.9413543862)
(-463389.203447257,-61209.0349751136,-144692.799575334)
(-380419.262866496,-164256.479505115,-187245.152782529)
(-384814.535157412,22976.0636218361,-419311.14230837)
(-401828.469745531,89916.8036648781,-755351.694298578)
(-275768.260870687,42415.6274491582,-1020217.68571032)
(0,0,0)
(0,0,0)
(0,0,0)
(0,0,0)
(0,0,0)
(0,0,0)
(-555806.75996973,11473.2799252661,2318.73869359181)
(-554542.157161637,9199.9261233195,192.358770991658)
(-548656.391036199,4242.63066448846,-12465.3680250381)
(-528960.046255008,-4205.39182580475,-45574.4717877922)
(-474209.012517697,-16841.6981021237,-115816.316019038)
(-335407.255777599,-28515.8046849986,-247654.134897338)
(-3.54194377135255e-05,-7.21453355922176e-06,-3.67591682202131e-06)
(323.547755475094,-222.692661264332,-352204.86268788)
(-245700.802835471,351720.308459746,-802664.689342504)
(-224520.503840746,90084.018731848,-1062467.57137755)
(0,0,0)
(0,0,0)
(0,0,0)
(0,0,0)
(0,0,0)
(0,0,0)
(-587416.439634497,-26269.2248477514,0.324205259522881)
(-583604.047792483,-27537.6087094244,-4810.76042179392)
(-571435.91226206,-29817.3466250594,-20972.9987998025)
(-538933.064165308,-32280.1678096012,-58217.0308343142)
(-461044.025524733,-32782.3930571495,-127420.264363315)
(-294368.567243747,-25558.3210106248,-219099.08993303)
(4.07444596511991e-06,-1.62247991247813e-06,-7.62639232579491e-06)
(-7.95377032890446e-05,-2.65317650134854e-06,-1.62151451413255e-05)
(966.287004416134,-81.7235485008685,-1064126.2763915)
(-164888.794642381,12230.0743803424,-1152362.89736164)
(0,0,0)
(0,0,0)
(0,0,0)
(0,0,0)
(0,0,0)
(0,0,0)
(-622560.438269531,-106986.726889829,-1316.23465214415)
(-617054.771719147,-106997.183976595,-7137.97157115858)
(-600896.532896794,-105981.573060636,-23477.7578203106)
(-560927.493299721,-101246.223509666,-58684.7727247979)
(-471157.598012066,-87362.7225945732,-120091.276362737)
(-291695.759896925,-55563.3178531419,-193467.050992887)
(-8.54226095404642e-07,-4.41573357947741e-06,-1.77801203133823e-11)
(-5.51792251987274e-05,-2.33211783883511e-06,-1.18573121377729e-05)
(669.340053671569,194.133093134462,-1051730.62779298)
(-154407.079346475,-36108.8051717659,-1164458.60705738)
(0,0,0)
(0,0,0)
(0,0,0)
(0,0,0)
(0,0,0)
(0,0,0)
(-649172.475484391,-252111.07011113,-1367.81072770942)
(-643125.383926105,-251161.663633578,-6171.19808058068)
(-625912.922793984,-247626.707233275,-18760.9029120295)
(-584461.598359856,-236858.039916136,-44751.6689299071)
(-492498.69264486,-208187.220985637,-88201.4084915022)
(-307574.064993134,-139560.139996575,-137813.195556238)
(-8.41224199940894e-06,-8.94957113292589e-06,-2.10169077955618e-11)
(-9.66275641986395e-05,-4.7758493459339e-06,-1.70405499184898e-05)
(346.577671213431,-487571.906540989,-1088051.95667221)
(-164199.02018861,-170985.789036594,-1128309.57672291)
(0,0,0)
(0,0,0)
(0,0,0)
(0,0,0)
(0,0,0)
(0,0,0)
(-641475.73346943,-477839.088649418,-499.220771243876)
(-636037.248364936,-476838.147545096,-2695.08076998556)
(-620907.508289574,-473282.84682415,-8007.99658852777)
(-584868.696817295,-462409.319207717,-16067.5963662875)
(-503801.466672262,-430973.803166103,-19547.8737710359)
(-330574.30866611,-335563.535665486,1836.77066778844)
(-0.000121226791383587,-2.28162099036477e-05,-6.11192493920609e-06)
(516.316747541152,-488295.165816249,-487238.601900895)
(-226998.883728006,-418845.871046745,-771388.949990577)
(-209829.574727353,-220467.441492037,-957259.85168584)
(0,0,0)
(0,0,0)
(0,0,0)
(0,0,0)
(0,0,0)
(0,0,0)
(-556142.970199262,-767162.560427019,444.329456050547)
(-552238.060981255,-767040.393430687,833.67683984842)
(-541734.110767847,-766512.009266946,2856.06270493707)
(-517397.390403558,-765773.069743945,15385.86151488)
(-463272.591662116,-770599.130467855,75840.0636985113)
(-339525.079283078,-818203.210014782,337397.11153279)
(848.598770920152,-1111337.22299458,-488180.549927081)
(-232524.130544624,-775805.65781204,-417631.82164615)
(-297070.218409065,-574143.732103675,-572943.975065589)
(-213406.228453293,-317786.897611105,-736745.495025172)
(0,0,0)
(0,0,0)
(0,0,0)
(0,0,0)
(0,0,0)
(0,0,0)
(-343476.684909612,-1015866.15557066,554.285085655204)
(-341497.13343578,-1016436.78529437,1387.71174572485)
(-336379.492673985,-1017849.49886407,3620.40147150659)
(-325084.857833733,-1021489.13484659,10600.1595321222)
(-302014.365651186,-1032094.07196068,28189.2712263691)
(-258624.861185174,-1060217.78777942,44206.2511276593)
(-191895.483785783,-1104322.02410292,-152681.706137146)
(-218867.352842925,-951526.921534499,-215976.219103033)
(-215623.937300179,-735458.136208172,-316551.513740274)
(-143987.435600077,-418903.594573182,-418911.857860277)
(0,0,0)
(0,0,0)
(0,0,0)
(0,0,0)
(0,0,0)
(0,0,0)
(0,0,0)
(0,0,0)
(0,0,0)
(0,0,0)
(0,0,0)
(0,0,0)
(0,0,0)
(0,0,0)
(0,0,0)
(0,0,0)
(0,0,0)
(0,0,0)
(0,0,0)
(0,0,0)
(0,0,0)
(0,0,0)
(0,0,0)
(0,0,0)
(0,0,0)
(0,0,0)
(0,0,0)
(0,0,0)
(0,0,0)
(0,0,0)
(0,0,0)
(0,0,0)
(0,0,0)
(0,0,0)
(0,0,0)
(0,0,0)
(0,0,0)
(0,0,0)
(0,0,0)
(0,0,0)
(0,0,0)
(0,0,0)
(0,0,0)
(0,0,0)
(0,0,0)
(0,0,0)
(0,0,0)
(0,0,0)
(0,0,0)
(0,0,0)
(0,0,0)
(0,0,0)
(0,0,0)
(0,0,0)
(0,0,0)
(0,0,0)
(0,0,0)
(0,0,0)
(0,0,0)
(0,0,0)
(0,0,0)
(0,0,0)
(0,0,0)
(0,0,0)
(0,0,0)
(0,0,0)
(0,0,0)
(0,0,0)
(0,0,0)
(0,0,0)
(0,0,0)
(0,0,0)
(0,0,0)
(0,0,0)
(0,0,0)
(0,0,0)
(0,0,0)
(0,0,0)
(0,0,0)
(0,0,0)
(0,0,0)
(0,0,0)
(0,0,0)
(0,0,0)
(0,0,0)
(0,0,0)
(0,0,0)
(0,0,0)
(0,0,0)
(0,0,0)
(0,0,0)
(0,0,0)
(0,0,0)
(0,0,0)
(0,0,0)
(0,0,0)
(0,0,0)
(0,0,0)
(0,0,0)
(0,0,0)
(0,0,0)
(0,0,0)
(-517742.722763188,4818.57489659982,3455.04069646613)
(-519782.092706924,4795.56054748085,4131.63961577027)
(-523094.658783695,5037.23743595401,-1546.84620651967)
(-526155.841715844,6287.48208288477,-18872.504636765)
(-526205.663992594,10044.5215212791,-56042.8576983001)
(-519504.483877468,18569.6332515945,-124866.342499556)
(-500913.436191902,32356.960058873,-238187.06664045)
(-460986.889908732,40725.2203258016,-394277.176001666)
(-372213.091221237,32662.6483481569,-563060.736586567)
(-214820.649559362,16779.3033128861,-683993.819383945)
(0,0,0)
(0,0,0)
(0,0,0)
(0,0,0)
(0,0,0)
(0,0,0)
(-521608.019165285,6192.76059064061,3411.29573099094)
(-522831.939259759,6198.29719711749,4354.66336577936)
(-524235.573993284,6834.52393756438,-295.059254345957)
(-523510.734795853,9782.62355635543,-15081.6695372758)
(-516858.652449124,19050.0268031074,-47470.1193276951)
(-499894.143338213,42970.6402990495,-111028.529063184)
(-471769.878964568,91991.2573158452,-229779.300292744)
(-444224.529149762,129747.000260878,-402318.948743392)
(-364466.608313775,95294.8221647982,-578915.689814738)
(-211716.345839508,44373.310453623,-700740.780683449)
(0,0,0)
(0,0,0)
(0,0,0)
(0,0,0)
(0,0,0)
(0,0,0)
(-529151.948341075,-169.931604864149,3440.98951594296)
(-528859.007081616,-55.8726085649298,5006.37495188025)
(-526566.178050563,1060.3260177522,2661.15325673864)
(-518107.480758842,5647.37539397806,-5820.50068464207)
(-495922.859541336,20606.0428678488,-23514.2199250781)
(-448864.842226194,66876.4975261472,-61944.438373239)
(-374761.230401873,216341.939036962,-191953.152558978)
(-418560.750819067,408218.147927065,-436678.084563508)
(-359540.899835095,246058.937088487,-629729.769397633)
(-209771.452196544,93638.4854836894,-744991.753101843)
(0,0,0)
(0,0,0)
(0,0,0)
(0,0,0)
(0,0,0)
(0,0,0)
(-539324.538918436,-20199.6119943115,3547.45933815388)
(-537190.98456838,-19933.7803619846,6074.19449831689)
(-530148.786506896,-18579.9122300892,7206.82821685481)
(-511021.342036719,-14206.7448963561,9122.2442889001)
(-463579.125469107,-3715.92526782275,22814.3253759824)
(-345826.51124517,12517.0347688969,87593.0436008039)
(-2.18656240015059e-05,4.44964013031394e-06,-1.58800110838525e-05)
(-485469.356041955,-266.054129002061,-598702.906260887)
(-414794.387701342,598428.106912687,-781978.491219216)
(-224076.38912287,149682.088499552,-838466.208952955)
(0,0,0)
(0,0,0)
(0,0,0)
(0,0,0)
(0,0,0)
(0,0,0)
(-549643.343841126,-61731.4049199235,3758.6971322403)
(-545870.077653627,-61254.308493115,7345.25512451495)
(-534700.226547988,-59492.5600927158,11522.2172730702)
(-506710.969804459,-54505.9111007999,19599.2891166646)
(-441117.839182639,-43105.3340646486,39062.5115713969)
(-294824.966806496,-22988.7096060829,75024.6555091259)
(6.90744207989398e-06,3.62227032876234e-07,1.4865572706315e-06)
(-5.26925657654967e-05,3.4909706296673e-06,-2.87806309949249e-05)
(-755985.764959557,-392.45800230589,-1230598.79529434)
(-280472.673804781,22674.2687552986,-988007.096387687)
(0,0,0)
(0,0,0)
(0,0,0)
(0,0,0)
(0,0,0)
(0,0,0)
(-554457.844879669,-133977.802863545,4143.80455376057)
(-549770.696680737,-133401.378368547,9006.79939078337)
(-536540.987087924,-131306.013108365,16464.7065975628)
(-504837.551532292,-125125.974624246,30994.8283535791)
(-433431.270988512,-109037.041903564,59200.2091689404)
(-281851.261656508,-71650.9453546987,98017.9466771388)
(6.32816702239055e-07,-4.89319130775857e-07,1.3816557264723e-12)
(-3.70284363204886e-05,5.8216401927015e-06,-2.0481457059617e-05)
(-715697.91016618,-201.31280312488,-1207399.74780497)
(-282594.856708234,-45959.9459119966,-1010577.75577592)
(0,0,0)
(0,0,0)
(0,0,0)
(0,0,0)
(0,0,0)
(0,0,0)
(-543009.347207046,-244799.300635484,4658.36949459609)
(-538398.328375848,-244500.457008278,11030.3925840704)
(-525738.184208855,-243068.727807868,22618.368698443)
(-496302.67740756,-237736.087060746,47069.5601826478)
(-431078.72081747,-219954.673765987,96567.2202176796)
(-289438.294754667,-162890.900130912,169671.404755425)
(-4.62700801902812e-06,-2.88078802716955e-06,-1.5020624795163e-12)
(-5.19286082276889e-05,-8.99804185315701e-06,-2.9879275427154e-05)
(-784349.449109322,-715193.205712491,-1253101.64193516)
(-281930.036236233,-216753.952638139,-964576.619161398)
(0,0,0)
(0,0,0)
(0,0,0)
(0,0,0)
(0,0,0)
(0,0,0)
(-498177.869484303,-392999.108157426,4901.94353681567)
(-494478.138593506,-393574.533236251,12416.9099933582)
(-484850.279384044,-394649.311671222,27940.2649511827)
(-464029.523296162,-395475.277800507,64840.2821698106)
(-421530.193580677,-390989.186823678,153603.522135917)
(-327348.59467545,-345086.445905858,332573.353920202)
(-6.95711302401057e-05,-3.82702367567759e-05,-1.30928279487461e-05)
(-577173.146320924,-721834.345571038,-715149.338355237)
(-413511.927772003,-489222.297302728,-754607.202721005)
(-209221.77934596,-224199.070225622,-747769.880514914)
(0,0,0)
(0,0,0)
(0,0,0)
(0,0,0)
(0,0,0)
(0,0,0)
(-398328.226652179,-555101.654211352,4287.80250684144)
(-395965.398615401,-556884.658849079,11325.2657538153)
(-390462.485038637,-561715.602651061,27119.9310044457)
(-381131.403748798,-573979.047333836,69357.7138830147)
(-374583.354557961,-609822.128858785,199501.418813966)
(-425016.810921063,-737791.458036076,677698.162582168)
(-878591.737261971,-1304569.74113815,-721788.34308866)
(-431177.578988619,-762515.453227859,-482453.786987844)
(-286323.791902357,-492919.105235676,-489503.405561602)
(-155096.470709193,-248479.396407527,-523532.837123796)
(0,0,0)
(0,0,0)
(0,0,0)
(0,0,0)
(0,0,0)
(0,0,0)
(-228002.993762756,-673037.891741577,2462.54638337066)
(-226888.46246368,-675509.683796214,6478.90035840486)
(-224485.484602004,-682002.401843517,14871.6914788793)
(-220880.172857968,-696893.608494733,33581.5676640117)
(-219266.841865069,-730511.909442333,71523.8244614417)
(-233764.830035364,-801999.708663233,110872.04393879)
(-293053.255560479,-912782.018113731,-179757.907310931)
(-215331.341193651,-732940.033074284,-212869.33911378)
(-156408.576013892,-519991.34462279,-245012.461012953)
(-87472.5602925782,-274986.527843036,-275020.204884942)
(0,0,0)
(0,0,0)
(0,0,0)
(0,0,0)
(0,0,0)
(0,0,0)
(0,0,0)
(0,0,0)
(0,0,0)
(0,0,0)
(0,0,0)
(0,0,0)
(0,0,0)
(0,0,0)
(0,0,0)
(0,0,0)
(0,0,0)
(0,0,0)
(0,0,0)
(0,0,0)
(0,0,0)
(0,0,0)
(0,0,0)
(0,0,0)
(0,0,0)
(0,0,0)
(0,0,0)
(0,0,0)
(0,0,0)
(0,0,0)
(0,0,0)
(0,0,0)
(0,0,0)
(0,0,0)
(0,0,0)
(0,0,0)
(0,0,0)
(0,0,0)
(0,0,0)
(0,0,0)
(0,0,0)
(0,0,0)
(0,0,0)
(0,0,0)
(0,0,0)
(0,0,0)
(0,0,0)
(0,0,0)
(0,0,0)
(0,0,0)
(0,0,0)
(0,0,0)
(0,0,0)
(0,0,0)
(0,0,0)
(0,0,0)
(0,0,0)
(0,0,0)
(0,0,0)
(0,0,0)
(0,0,0)
(0,0,0)
(0,0,0)
(0,0,0)
(0,0,0)
(0,0,0)
(0,0,0)
(0,0,0)
(0,0,0)
(0,0,0)
(0,0,0)
(0,0,0)
(0,0,0)
(0,0,0)
(0,0,0)
(0,0,0)
(0,0,0)
(0,0,0)
(0,0,0)
(0,0,0)
(0,0,0)
(0,0,0)
(0,0,0)
(0,0,0)
(0,0,0)
(0,0,0)
(0,0,0)
(0,0,0)
(0,0,0)
(0,0,0)
(0,0,0)
(0,0,0)
(0,0,0)
(0,0,0)
(0,0,0)
(0,0,0)
(0,0,0)
(0,0,0)
(0,0,0)
(0,0,0)
(0,0,0)
(0,0,0)
(-520102.417438741,941.550958297068,1418.14371725633)
(-520876.949553629,1718.85107121669,794.149492743787)
(-521564.387409191,3862.63093909148,-4598.75282085198)
(-520565.292525661,8844.2909397924,-19033.5929508282)
(-515025.462843037,19305.5370466731,-49519.3311470576)
(-500666.659847394,38115.1308960528,-106472.286073186)
(-470247.176263418,61450.4368700306,-198588.982871702)
(-411145.562200997,57455.7158319412,-305886.026411377)
(-312438.702886609,40409.5256070527,-406069.940353056)
(-171107.717490515,19883.9708615884,-469666.843283492)
(0,0,0)
(0,0,0)
(0,0,0)
(0,0,0)
(0,0,0)
(0,0,0)
(-521581.077513091,-1249.75989712651,2164.36920323004)
(-522118.46145531,232.252146140207,2937.49032385663)
(-522381.036904916,4526.08362288438,419.500551694832)
(-520853.585760183,15143.9051406476,-8537.26268483051)
(-515363.731299741,39957.5982795414,-30684.2450670824)
(-503379.596120066,94002.9259639499,-83086.5873531265)
(-479929.264033237,189036.572586446,-202513.338000873)
(-421836.559725084,155430.691637237,-322876.283230847)
(-320670.72737176,100229.704009636,-426492.342575446)
(-175227.823417828,46318.9232585221,-489415.81739406)
(0,0,0)
(0,0,0)
(0,0,0)
(0,0,0)
(0,0,0)
(0,0,0)
(-523766.730604776,-10303.8361543111,3668.85852088713)
(-523872.254734499,-8348.29291690577,7262.6512368157)
(-523336.315578115,-2517.23201352966,11076.1044007816)
(-520873.20483713,12702.1441153612,16283.5895043561)
(-515971.004048064,52913.641158286,23375.6911323401)
(-513404.17325638,169923.666769478,11994.2813569972)
(-528946.687872138,591222.200948649,-236005.88953494)
(-462546.369073467,341358.012883136,-377947.592526442)
(-347830.842858236,190827.913233802,-480255.858727467)
(-187465.865823061,79333.6779271579,-535576.199769587)
(0,0,0)
(0,0,0)
(0,0,0)
(0,0,0)
(0,0,0)
(0,0,0)
(-524698.617417714,-30561.2216410247,5631.46398599252)
(-524320.290606487,-28646.546635926,13059.0237431194)
(-522718.590297221,-23158.6940475232,26270.2895674379)
(-518604.483956805,-9937.47081658257,56493.0464194672)
(-513234.142243181,18653.1037161997,140408.600635627)
(-532220.826980342,63410.441346825,433316.141793451)
(-785126.604700297,-326.391943452628,-485756.686967758)
(-586789.077751482,485238.03522768,-528316.987602774)
(-417945.528898808,257230.479031556,-591568.412203063)
(-214834.19049099,93266.1671992048,-614743.10010699)
(0,0,0)
(0,0,0)
(0,0,0)
(0,0,0)
(0,0,0)
(0,0,0)
(-520997.692061957,-66682.8987803774,7476.02536018371)
(-520191.690046839,-65290.8647359807,18441.9558534504)
(-517405.853880553,-61454.2766721192,39443.1658106107)
(-509555.479534802,-52745.5486431925,85095.7533675631)
(-487003.616939744,-35531.4155349597,185166.050375827)
(-405732.637483517,-10088.2351924053,369572.397592077)
(-3.74999875964366e-05,1.67856802918924e-05,3.12823459603561e-05)
(-775465.911675212,-187.065764048504,-756216.280338926)
(-539381.011465696,39838.9780794537,-755429.532880685)
(-255254.811500923,20520.7913583326,-707902.019343671)
(0,0,0)
(0,0,0)
(0,0,0)
(0,0,0)
(0,0,0)
(0,0,0)
(-507122.565251879,-122783.793530491,8765.61512232342)
(-506195.001822792,-122264.432700356,22163.488228753)
(-503235.38472464,-120712.563953643,48116.1731469914)
(-494985.967035653,-116796.258673747,102315.298680908)
(-470359.211401107,-106882.846627811,210594.670186354)
(-381550.799532121,-79390.234194665,379596.207064227)
(-2.71913381909397e-05,2.59573260081197e-05,2.21942536640533e-05)
(-728872.103634174,-152.878669924236,-716052.413899979)
(-548280.928187598,-68943.7764677501,-774686.641331356)
(-263051.597268375,-45347.2611311849,-728361.848281697)
(0,0,0)
(0,0,0)
(0,0,0)
(0,0,0)
(0,0,0)
(0,0,0)
(-474730.472508777,-200298.429890707,9235.76166194448)
(-474106.771661412,-200957.728099581,23637.5003467325)
(-472252.901635145,-202557.207737682,51996.8615570624)
(-467470.726132411,-205832.024597667,112200.676205832)
(-453026.099900915,-210768.820902708,238034.029564174)
(-388633.138063295,-201074.710190656,458913.348868794)
(-4.05843304862605e-05,3.81002971181628e-05,2.82752703769908e-05)
(-802740.973684571,-577476.415496827,-784755.132106988)
(-542445.947879589,-344543.947979742,-751058.461824729)
(-251193.48377788,-144150.593406658,-682991.682007609)
(0,0,0)
(0,0,0)
(0,0,0)
(0,0,0)
(0,0,0)
(0,0,0)
(-413361.44812059,-293665.491276275,8550.64002185523)
(-413257.33385673,-295613.936952411,21986.0441379089)
(-413330.195612017,-300780.581897377,48689.3345255768)
(-415339.293280673,-313065.157678184,107232.237590605)
(-428243.914397364,-344504.273790825,247681.411295409)
(-497484.235971023,-443193.595874594,659935.938274922)
(-898284.567686328,-879053.022682947,-577430.019162532)
(-604102.588104537,-576203.382947983,-551773.609927761)
(-396938.128425749,-362280.446071451,-550610.911182306)
(-194955.414550386,-170216.197053249,-538811.672331289)
(0,0,0)
(0,0,0)
(0,0,0)
(0,0,0)
(0,0,0)
(0,0,0)
(-313168.734197361,-385400.746281695,6575.7625506041)
(-313397.942570394,-388396.087392722,16790.4569459085)
(-314579.444822124,-396278.684458057,36405.5192900761)
(-319368.321213177,-414231.169622626,75808.4486988978)
(-337300.467106072,-454963.563126833,148984.850583017)
(-396284.598213136,-546990.060528231,224049.102528728)
(-539591.972114823,-719444.790207544,-274558.895093822)
(-397182.423289608,-546950.384561913,-337807.049178904)
(-264769.410284739,-363178.334542598,-358463.542325376)
(-134241.379854916,-180958.771106341,-368576.05912656)
(0,0,0)
(0,0,0)
(0,0,0)
(0,0,0)
(0,0,0)
(0,0,0)
(-171251.525507771,-445669.542797205,3517.3282605237)
(-171463.769590525,-449161.206003863,8857.7539985093)
(-172372.769525505,-457980.310069478,18446.6645334304)
(-175376.911167988,-476419.748296766,35131.9815175905)
(-184450.669906266,-511616.851157287,56969.0975892413)
(-206738.816538568,-568590.262568944,51543.2861331582)
(-238794.920204672,-620052.692529868,-102107.146900325)
(-192505.570616755,-517836.228476338,-154047.073562797)
(-133748.049413714,-363714.565386621,-176171.369318952)
(-69436.0080190297,-187566.877162002,-187599.815536838)
(0,0,0)
(0,0,0)
(0,0,0)
(0,0,0)
(0,0,0)
(0,0,0)
(0,0,0)
(0,0,0)
(0,0,0)
(0,0,0)
(0,0,0)
(0,0,0)
(0,0,0)
(0,0,0)
(0,0,0)
(0,0,0)
(0,0,0)
(0,0,0)
(0,0,0)
(0,0,0)
(0,0,0)
(0,0,0)
(0,0,0)
(0,0,0)
(0,0,0)
(0,0,0)
(0,0,0)
(0,0,0)
(0,0,0)
(0,0,0)
(0,0,0)
(0,0,0)
(0,0,0)
(0,0,0)
(0,0,0)
(0,0,0)
(0,0,0)
(0,0,0)
(0,0,0)
(0,0,0)
(0,0,0)
(0,0,0)
(0,0,0)
(0,0,0)
(0,0,0)
(0,0,0)
(0,0,0)
(0,0,0)
(0,0,0)
(0,0,0)
(0,0,0)
(0,0,0)
(0,0,0)
(0,0,0)
(0,0,0)
(0,0,0)
(0,0,0)
(0,0,0)
(0,0,0)
(0,0,0)
(0,0,0)
(0,0,0)
(0,0,0)
(0,0,0)
(0,0,0)
(0,0,0)
(0,0,0)
(0,0,0)
(0,0,0)
(0,0,0)
(0,0,0)
(0,0,0)
(0,0,0)
(0,0,0)
(0,0,0)
(0,0,0)
(0,0,0)
(0,0,0)
(0,0,0)
(0,0,0)
(0,0,0)
(0,0,0)
(0,0,0)
(0,0,0)
(0,0,0)
(0,0,0)
(0,0,0)
(0,0,0)
(0,0,0)
(0,0,0)
(0,0,0)
(0,0,0)
(0,0,0)
(0,0,0)
(0,0,0)
(0,0,0)
(0,0,0)
(0,0,0)
(0,0,0)
(0,0,0)
(0,0,0)
(0,0,0)
(-520290.042967867,-518.682187682757,706.307716807502)
(-520770.777466166,475.17329035062,124.962338995121)
(-520887.564804021,3019.61685986777,-3571.47712604163)
(-519024.029034263,8453.67303279263,-13566.4136502327)
(-512193.767596906,18883.4477255649,-35281.5566219292)
(-495127.969697425,35371.0373362703,-76191.2841081672)
(-458494.885414251,51746.7750309624,-139690.349988295)
(-390195.491444207,46755.1152976984,-207395.536042783)
(-287021.782375278,32157.3332326692,-264969.789786783)
(-152935.97542992,15744.1228654212,-298885.654712799)
(0,0,0)
(0,0,0)
(0,0,0)
(0,0,0)
(0,0,0)
(0,0,0)
(-520398.56076903,-3365.83240761865,1664.63347587503)
(-521159.949946382,-1497.6456379756,2678.94089527314)
(-522154.741906517,3545.51913170214,1926.74362504109)
(-522403.246914968,15044.4254221325,-3114.34760951351)
(-520088.84754011,39293.7697578538,-18799.5534014334)
(-510967.67147858,83953.622738802,-59794.063445451)
(-483343.43047038,140012.019813567,-144645.141790913)
(-412502.099504261,114712.632186882,-221937.11890092)
(-302232.183091486,73038.4335866051,-281256.763535129)
(-160324.762904444,34045.1913413905,-314460.892524483)
(0,0,0)
(0,0,0)
(0,0,0)
(0,0,0)
(0,0,0)
(0,0,0)
(-519456.174773094,-11212.6375652439,3536.24932594193)
(-520799.663854645,-8780.25298271446,7746.26579082783)
(-523596.345035392,-1919.16258391945,13470.9769637274)
(-528445.25362709,14946.6793860845,21140.7717897355)
(-537027.290693516,55628.8122244666,25862.0159685748)
(-550969.398913178,151088.637794688,-3707.77343051297)
(-557847.643285308,335041.474317046,-169836.272520821)
(-471289.568941186,217084.84340461,-263465.283870829)
(-338804.756835169,120660.643347477,-320113.579654768)
(-177070.61556876,51909.129388451,-348372.767956129)
(0,0,0)
(0,0,0)
(0,0,0)
(0,0,0)
(0,0,0)
(0,0,0)
(-515004.468333052,-26884.4687941695,5977.68214426293)
(-517179.191187476,-24531.7413117037,14588.0710542421)
(-522495.39182122,-17875.1137162274,30320.8237105497)
(-534244.617965414,-921.604589231074,61829.2416944739)
(-561926.640760619,44818.8484962219,121331.703940156)
(-629870.333411521,189818.890711712,180250.957454311)
(-766906.694133153,784757.901120225,-287685.379916013)
(-594197.347231221,296525.648630723,-359717.915662386)
(-404031.509364735,135737.890730122,-388709.182579107)
(-204295.526988081,52809.1424417828,-400147.859135348)
(0,0,0)
(0,0,0)
(0,0,0)
(0,0,0)
(0,0,0)
(0,0,0)
(-503305.195791438,-52836.1916310888,8259.22656640006)
(-506279.720830384,-51329.843134541,21145.3591727829)
(-514036.057911409,-47312.8568625669,47213.3063499781)
(-532654.452554826,-38191.0951907555,107581.769971526)
(-582001.456717174,-18935.9286559517,266334.386901129)
(-738761.198498249,13976.529963153,775205.308664422)
(-1363265.30389439,-240.547411415723,-775794.585264217)
(-780604.461326999,46280.8846638856,-520411.271645594)
(-483334.603594734,30869.1617437064,-471588.950530139)
(-233853.019350283,12698.8180725276,-452880.418311526)
(0,0,0)
(0,0,0)
(0,0,0)
(0,0,0)
(0,0,0)
(0,0,0)
(-479076.651182077,-90547.6146993972,9665.50899850702)
(-482603.006606531,-90312.0664469175,25055.7370946238)
(-491952.933913102,-89834.0454628013,56294.4748833207)
(-514361.396783604,-89385.0180780347,126863.82751855)
(-572035.287584572,-89671.9243939405,299275.899440005)
(-742676.742538175,-86646.3444044974,761024.716813711)
(-1334609.65297288,-325.712308257426,-729168.172875004)
(-801815.590710109,-74179.7486002806,-535764.0525349)
(-500218.175865406,-63195.9138903884,-489761.729222999)
(-241068.014663832,-33516.7502486218,-465529.743506392)
(0,0,0)
(0,0,0)
(0,0,0)
(0,0,0)
(0,0,0)
(0,0,0)
(-435906.882977893,-139214.322562056,9843.11833177576)
(-439624.13950952,-140393.920945039,25442.3406780057)
(-449452.193843856,-143889.302618492,56696.890042408)
(-472788.133484364,-153937.140058158,126566.419374485)
(-532216.454581132,-186208.428336469,302293.27799723)
(-710234.396303506,-310117.046042152,847365.237875098)
(-1387442.65189569,-898444.800974301,-802950.939502278)
(-776176.407754949,-378977.921468376,-524717.332563806)
(-471151.651236053,-199132.280055921,-460075.263041809)
(-224817.883019611,-87960.2721934624,-432007.341855237)
(0,0,0)
(0,0,0)
(0,0,0)
(0,0,0)
(0,0,0)
(0,0,0)
(-367367.096961936,-193837.966735868,8629.29301515704)
(-370769.494878347,-196128.64661656,21876.179708295)
(-379588.925991338,-202363.172513358,46608.7799824825)
(-399538.237667967,-217404.559161801,94275.1434734185)
(-444676.970625203,-253861.221859341,178360.993224129)
(-545958.241947824,-342293.883627666,259011.836786443)
(-733592.879905025,-520664.044985093,-283460.606984067)
(-552208.572110581,-369523.863151269,-344808.681295132)
(-361745.111744675,-230278.677547846,-348855.300484281)
(-178147.636075204,-109573.671770332,-344049.679382593)
(0,0,0)
(0,0,0)
(0,0,0)
(0,0,0)
(0,0,0)
(0,0,0)
(-269375.21413099,-243925.818805991,6294.3320037524)
(-271936.915152512,-246887.372140029,15592.0301093391)
(-278461.509016496,-254465.975378377,31576.8971687294)
(-292438.871542264,-270614.917738257,57857.8060742719)
(-320760.200830855,-302488.197511686,89944.5154513994)
(-371414.673401968,-357833.108673401,80613.8156859664)
(-428301.580721727,-419006.741475882,-132333.879216341)
(-350968.754091793,-342532.544760603,-205538.866804822)
(-240167.375391492,-232338.721487523,-228080.857758392)
(-121203.153804104,-116233.830681323,-234458.924898213)
(0,0,0)
(0,0,0)
(0,0,0)
(0,0,0)
(0,0,0)
(0,0,0)
(-143501.515941404,-274934.753791764,3258.92541940646)
(-144857.215589584,-278170.153317996,7935.15259643226)
(-148260.664121604,-286050.821029913,15407.8928440676)
(-155182.835721684,-301447.260727738,26046.1603872435)
(-167965.430398791,-327569.108595739,34641.8319638228)
(-187117.770602925,-362229.565785743,19417.2431405207)
(-200884.693289089,-381596.839424017,-55902.8858269282)
(-169960.102157454,-325617.208208098,-95363.6908387335)
(-119347.460369691,-230171.631168445,-111931.370201834)
(-61176.020716593,-118214.580802667,-118210.607382926)
(0,0,0)
(0,0,0)
(0,0,0)
(0,0,0)
(0,0,0)
(0,0,0)
(0,0,0)
(0,0,0)
(0,0,0)
(0,0,0)
(0,0,0)
(0,0,0)
(0,0,0)
(0,0,0)
(0,0,0)
(0,0,0)
(0,0,0)
(0,0,0)
(0,0,0)
(0,0,0)
(0,0,0)
(0,0,0)
(0,0,0)
(0,0,0)
(0,0,0)
(0,0,0)
(0,0,0)
(0,0,0)
(0,0,0)
(0,0,0)
(0,0,0)
(0,0,0)
(0,0,0)
(0,0,0)
(0,0,0)
(0,0,0)
(0,0,0)
(0,0,0)
(0,0,0)
(0,0,0)
(0,0,0)
(0,0,0)
(0,0,0)
(0,0,0)
(0,0,0)
(0,0,0)
(0,0,0)
(0,0,0)
(0,0,0)
(0,0,0)
(0,0,0)
(0,0,0)
(0,0,0)
(0,0,0)
(0,0,0)
(0,0,0)
(0,0,0)
(0,0,0)
(0,0,0)
(0,0,0)
(0,0,0)
(0,0,0)
(0,0,0)
(0,0,0)
(0,0,0)
(0,0,0)
(0,0,0)
(0,0,0)
(0,0,0)
(0,0,0)
(0,0,0)
(0,0,0)
(0,0,0)
(0,0,0)
(0,0,0)
(0,0,0)
(0,0,0)
(0,0,0)
(0,0,0)
(0,0,0)
(0,0,0)
(0,0,0)
(0,0,0)
(0,0,0)
(0,0,0)
(0,0,0)
(0,0,0)
(0,0,0)
(0,0,0)
(0,0,0)
(0,0,0)
(0,0,0)
(0,0,0)
(0,0,0)
(0,0,0)
(0,0,0)
(0,0,0)
(0,0,0)
(0,0,0)
(0,0,0)
(0,0,0)
(0,0,0)
(-520127.851162361,-550.745161428501,388.553355923534)
(-520583.300965281,96.080224831031,104.996630207312)
(-520728.599858811,1708.03049425979,-1761.99880926435)
(-518853.098871782,4993.86986780367,-6926.79883954826)
(-511723.65547835,10942.8293433849,-18339.7403014892)
(-493284.235444274,19508.4467502967,-39691.9213049379)
(-453491.937197267,26844.6436780653,-71539.513199988)
(-381795.831063886,24399.2824469323,-104338.456027241)
(-277258.225307508,16895.9904833753,-130998.003578386)
(-146154.983542899,8322.67695259424,-146101.672418002)
(0,0,0)
(0,0,0)
(0,0,0)
(0,0,0)
(0,0,0)
(0,0,0)
(-519601.298892558,-2350.40736123191,1002.40032332994)
(-520633.439673902,-1145.63191682722,1717.60219250804)
(-522329.288670711,2021.28323215314,1578.89621880728)
(-523755.35812832,8889.97879781255,-965.101497850187)
(-522606.482359455,22272.7044812174,-9777.34181633668)
(-512748.100473782,43867.3708854855,-32355.8369563238)
(-480266.033624372,65407.5711139963,-73996.1612382623)
(-406115.194808898,55839.7230141494,-111823.506500842)
(-294076.625632906,36400.5283419403,-139483.601817988)
(-154430.507990088,17238.3892245635,-154293.569004313)
(0,0,0)
(0,0,0)
(0,0,0)
(0,0,0)
(0,0,0)
(0,0,0)
(-517219.545206679,-6792.54057719369,2205.50364954772)
(-519404.017312087,-5231.81158468433,4896.03677484671)
(-524199.424639292,-956.538105669467,8476.9377165694)
(-532483.043267309,8990.8378911709,12413.86826343)
(-544747.009371345,30581.9952611538,11824.2961613221)
(-556493.267477024,72017.2432916626,-10801.7076810088)
(-545539.302440051,125812.620572809,-83515.0979850807)
(-461814.991060362,94032.7597236812,-131182.712575436)
(-330370.053798074,55343.3910726362,-158560.278343228)
(-171573.386350304,24614.1614111998,-171433.27974832)
(0,0,0)
(0,0,0)
(0,0,0)
(0,0,0)
(0,0,0)
(0,0,0)
(-510337.08807164,-15241.869237878,3781.94839927254)
(-514074.306913567,-13733.7599528041,9179.01249348252)
(-523120.795035631,-9575.57965046112,18423.4572526861)
(-541337.375657729,505.200704837686,34001.8521313345)
(-575192.122580373,24586.6849849453,53262.6442272986)
(-628339.093735073,80763.8808953357,42984.7669471776)
(-671139.197127024,188279.21835935,-115249.327845491)
(-555656.991296108,110025.603701627,-169782.527758551)
(-385618.782469224,56353.8546617721,-189205.718243196)
(-196120.031090453,23196.3806260807,-195963.433355705)
(0,0,0)
(0,0,0)
(0,0,0)
(0,0,0)
(0,0,0)
(0,0,0)
(-495081.515452329,-28710.242574891,5244.69299790461)
(-500266.772002715,-27785.9059991474,13283.8902165792)
(-513429.686010294,-25371.3478334563,28473.28649846)
(-541735.351473682,-20027.3552445567,58086.7413667116)
(-599671.957445293,-9089.11780029086,109433.044880067)
(-708961.918260919,9907.69611249752,150489.949425574)
(-859280.054014297,28244.6179915702,-193460.700086739)
(-665569.53799417,24947.1666535144,-223417.186371456)
(-441920.64366979,13884.4778949132,-222361.76952954)
(-219293.650873157,5419.92468633109,-219144.682066916)
(0,0,0)
(0,0,0)
(0,0,0)
(0,0,0)
(0,0,0)
(0,0,0)
(-466349.180593548,-47551.0485892905,6113.33542586927)
(-472412.074308747,-47502.7607676552,15639.2578965918)
(-487974.818726018,-47502.0929145694,33791.887790621)
(-521643.199576674,-47989.7344378332,69036.0697769671)
(-590532.842780371,-50003.753246573,128448.260419048)
(-718807.580727484,-54356.0415507561,168842.83627161)
(-887456.861853188,-53334.7468496084,-196730.590006906)
(-690464.409064342,-48664.0356517492,-234470.56934741)
(-455751.012817594,-34190.0028408932,-230863.251659415)
(-224677.017284507,-17264.84813779,-224569.47621462)
(0,0,0)
(0,0,0)
(0,0,0)
(0,0,0)
(0,0,0)
(0,0,0)
(-418629.136084653,-70964.8417928912,6136.04631035939)
(-424754.682114521,-71818.9102645495,15582.738412255)
(-440328.9261594,-74310.4849774611,33267.8627906884)
(-473527.632722599,-80981.8499687525,66999.4775598424)
(-540407.419550814,-98912.7662822002,124099.455565151)
(-664356.475313656,-146029.021911289,169894.514935834)
(-834071.65331503,-244772.584479344,-192038.646015091)
(-641783.147162426,-155120.181173672,-219975.761085692)
(-421576.259018759,-89769.776048728,-213971.380095151)
(-207445.570921481,-41276.4411879721,-207332.099143097)
(0,0,0)
(0,0,0)
(0,0,0)
(0,0,0)
(0,0,0)
(0,0,0)
(-347394.587142333,-96202.2424297796,5264.89081728572)
(-352697.711883488,-97675.4343063034,13049.6318641814)
(-365795.826362321,-101620.905443935,26566.952701638)
(-392319.490482931,-110677.089281363,49043.4448292128)
(-441266.954015055,-130264.499969371,76985.1619062369)
(-518148.689883307,-168026.418747368,71173.0066777991)
(-589182.353537776,-215646.562372022,-102363.541796772)
(-486616.626909068,-168484.457182475,-154591.210989482)
(-331817.014953053,-108816.047614008,-165473.036215822)
(-166185.395075198,-52654.0156439058,-166057.702759895)
(0,0,0)
(0,0,0)
(0,0,0)
(0,0,0)
(0,0,0)
(0,0,0)
(-250897.904493594,-118437.369353989,3757.81728681279)
(-254710.019067536,-120229.599279072,9085.08617460607)
(-263831.754798086,-124704.681766436,17539.1082786974)
(-281308.797013995,-133769.025986517,29500.9704555837)
(-310719.611435743,-150053.764491205,39249.6455823052)
(-349893.877314166,-173865.62791986,23568.0586669944)
(-373331.483163003,-191862.224542252,-55186.3767214998)
(-317998.912931499,-161732.890803615,-94907.7842606544)
(-222926.666430802,-111682.861191678,-109281.679643676)
(-113487.071816431,-56270.9082493662,-113380.869025889)
(0,0,0)
(0,0,0)
(0,0,0)
(0,0,0)
(0,0,0)
(0,0,0)
(-132105.370623055,-131751.853307605,1918.33863526807)
(-134071.402229839,-133662.352988454,4565.27898490566)
(-138667.979360263,-138198.596160446,8466.50861757396)
(-147097.257330669,-146644.969133493,13256.8733735342)
(-160295.876146064,-159929.285304808,15462.83993441)
(-175702.356360779,-175384.143623731,5565.94139613683)
(-181191.328409942,-180924.216009459,-25065.4320158036)
(-156048.639564215,-155845.86430504,-44863.9211076175)
(-111076.074808259,-110954.198260645,-53863.9696000829)
(-57127.7009944414,-57078.1710905388,-57105.0264810621)
(0,0,0)
(0,0,0)
(0,0,0)
(0,0,0)
(0,0,0)
(0,0,0)
(0,0,0)
(0,0,0)
(0,0,0)
(0,0,0)
(0,0,0)
(0,0,0)
(0,0,0)
(0,0,0)
(0,0,0)
(0,0,0)
(0,0,0)
(0,0,0)
(0,0,0)
(0,0,0)
(0,0,0)
(0,0,0)
(0,0,0)
(0,0,0)
(0,0,0)
(0,0,0)
(0,0,0)
(0,0,0)
(0,0,0)
(0,0,0)
(0,0,0)
(0,0,0)
(0,0,0)
(0,0,0)
(0,0,0)
(0,0,0)
(0,0,0)
(0,0,0)
(0,0,0)
(0,0,0)
(0,0,0)
(0,0,0)
(0,0,0)
(0,0,0)
(0,0,0)
(0,0,0)
(0,0,0)
(0,0,0)
(0,0,0)
(0,0,0)
(0,0,0)
(0,0,0)
(0,0,0)
(0,0,0)
(0,0,0)
(0,0,0)
(0,0,0)
(0,0,0)
(0,0,0)
(0,0,0)
(0,0,0)
(0,0,0)
(0,0,0)
(0,0,0)
(0,0,0)
(0,0,0)
(0,0,0)
(0,0,0)
(0,0,0)
(0,0,0)
(0,0,0)
(0,0,0)
(0,0,0)
(0,0,0)
(0,0,0)
(0,0,0)
(0,0,0)
(0,0,0)
(0,0,0)
(0,0,0)
(0,0,0)
(0,0,0)
(0,0,0)
(0,0,0)
(0,0,0)
(0,0,0)
(0,0,0)
(0,0,0)
(0,0,0)
(0,0,0)
(0,0,0)
(0,0,0)
(0,0,0)
(0,0,0)
(0,0,0)
(0,0,0)
(0,0,0)
(0,0,0)
(0,0,0)
(0,0,0)
(0,0,0)
(0,0,0)
(0,0,0)
(0,0,0)
(0,0,0)
(0,0,0)
(0,0,0)
(0,0,0)
(0,0,0)
(0,0,0)
(0,0,0)
(0,0,0)
(0,0,0)
(0,0,0)
(0,0,0)
(0,0,0)
(0,0,0)
(0,0,0)
(0,0,0)
(0,0,0)
(0,0,0)
(0,0,0)
(0,0,0)
(0,0,0)
(0,0,0)
(0,0,0)
(0,0,0)
(0,0,0)
(0,0,0)
(0,0,0)
(0,0,0)
(0,0,0)
(0,0,0)
(0,0,0)
(0,0,0)
(0,0,0)
(0,0,0)
(0,0,0)
(0,0,0)
(0,0,0)
(0,0,0)
(0,0,0)
(0,0,0)
(0,0,0)
(0,0,0)
(0,0,0)
(0,0,0)
(0,0,0)
(0,0,0)
(0,0,0)
(0,0,0)
(0,0,0)
(0,0,0)
(0,0,0)
(0,0,0)
(0,0,0)
(0,0,0)
(0,0,0)
(0,0,0)
(0,0,0)
(0,0,0)
(0,0,0)
(0,0,0)
(0,0,0)
(0,0,0)
(0,0,0)
(0,0,0)
(0,0,0)
(0,0,0)
(0,0,0)
(0,0,0)
(0,0,0)
(0,0,0)
(0,0,0)
(0,0,0)
(0,0,0)
(0,0,0)
(0,0,0)
(0,0,0)
(0,0,0)
(0,0,0)
(0,0,0)
(0,0,0)
(0,0,0)
(0,0,0)
(0,0,0)
(0,0,0)
(0,0,0)
(0,0,0)
(0,0,0)
(0,0,0)
(0,0,0)
(0,0,0)
(0,0,0)
(0,0,0)
(0,0,0)
(0,0,0)
(0,0,0)
(0,0,0)
(0,0,0)
(0,0,0)
(0,0,0)
(0,0,0)
(0,0,0)
(0,0,0)
(0,0,0)
(0,0,0)
(0,0,0)
(0,0,0)
(0,0,0)
(0,0,0)
(0,0,0)
(0,0,0)
(0,0,0)
(0,0,0)
(0,0,0)
(0,0,0)
(0,0,0)
(0,0,0)
(0,0,0)
(0,0,0)
(0,0,0)
(0,0,0)
(0,0,0)
(0,0,0)
(0,0,0)
(0,0,0)
(0,0,0)
(0,0,0)
(0,0,0)
(0,0,0)
(0,0,0)
(0,0,0)
(0,0,0)
(0,0,0)
(0,0,0)
(0,0,0)
(0,0,0)
(0,0,0)
(0,0,0)
(0,0,0)
(0,0,0)
(0,0,0)
(0,0,0)
(0,0,0)
(0,0,0)
(0,0,0)
(0,0,0)
(0,0,0)
(0,0,0)
(0,0,0)
(0,0,0)
(0,0,0)
(0,0,0)
(0,0,0)
(0,0,0)
(0,0,0)
(0,0,0)
(0,0,0)
(0,0,0)
(0,0,0)
(0,0,0)
(0,0,0)
(0,0,0)
(0,0,0)
(0,0,0)
(0,0,0)
(0,0,0)
(0,0,0)
(0,0,0)
(0,0,0)
(0,0,0)
(0,0,0)
(0,0,0)
(0,0,0)
(0,0,0)
(0,0,0)
(0,0,0)
(0,0,0)
(0,0,0)
(0,0,0)
(0,0,0)
(0,0,0)
(0,0,0)
(0,0,0)
(0,0,0)
(0,0,0)
(0,0,0)
(0,0,0)
(0,0,0)
(0,0,0)
(0,0,0)
(0,0,0)
(0,0,0)
(0,0,0)
(0,0,0)
(0,0,0)
(0,0,0)
(0,0,0)
(0,0,0)
(0,0,0)
(0,0,0)
(0,0,0)
(0,0,0)
(0,0,0)
(0,0,0)
(0,0,0)
(0,0,0)
(0,0,0)
(0,0,0)
(0,0,0)
(0,0,0)
(0,0,0)
(0,0,0)
(0,0,0)
(0,0,0)
(0,0,0)
(0,0,0)
(0,0,0)
(0,0,0)
(0,0,0)
(0,0,0)
(0,0,0)
(0,0,0)
(0,0,0)
(0,0,0)
(0,0,0)
(0,0,0)
(0,0,0)
(0,0,0)
(0,0,0)
(0,0,0)
(0,0,0)
(0,0,0)
(0,0,0)
(0,0,0)
(0,0,0)
(0,0,0)
(0,0,0)
(0,0,0)
(0,0,0)
(0,0,0)
(0,0,0)
(0,0,0)
(0,0,0)
(0,0,0)
(0,0,0)
(0,0,0)
(0,0,0)
(0,0,0)
(0,0,0)
(0,0,0)
(0,0,0)
(0,0,0)
(0,0,0)
(0,0,0)
(0,0,0)
(0,0,0)
(0,0,0)
(0,0,0)
(0,0,0)
(0,0,0)
(0,0,0)
(0,0,0)
(0,0,0)
(0,0,0)
(0,0,0)
(0,0,0)
(0,0,0)
(0,0,0)
(0,0,0)
(0,0,0)
(0,0,0)
(0,0,0)
(0,0,0)
(0,0,0)
(0,0,0)
(0,0,0)
(0,0,0)
(0,0,0)
(0,0,0)
(0,0,0)
(0,0,0)
(0,0,0)
(0,0,0)
(0,0,0)
(0,0,0)
(0,0,0)
(0,0,0)
(0,0,0)
(0,0,0)
(0,0,0)
(0,0,0)
(0,0,0)
(0,0,0)
(0,0,0)
(0,0,0)
(0,0,0)
(0,0,0)
(0,0,0)
(0,0,0)
(0,0,0)
(0,0,0)
(0,0,0)
(0,0,0)
(0,0,0)
(0,0,0)
(0,0,0)
(0,0,0)
(0,0,0)
(0,0,0)
(0,0,0)
(0,0,0)
(0,0,0)
(0,0,0)
(0,0,0)
(0,0,0)
(0,0,0)
(0,0,0)
(0,0,0)
(0,0,0)
(0,0,0)
(0,0,0)
(0,0,0)
(0,0,0)
(0,0,0)
(0,0,0)
(0,0,0)
(0,0,0)
(0,0,0)
(0,0,0)
(0,0,0)
(0,0,0)
(0,0,0)
(0,0,0)
(0,0,0)
(0,0,0)
(0,0,0)
(0,0,0)
(0,0,0)
(0,0,0)
(0,0,0)
(0,0,0)
(0,0,0)
(0,0,0)
(0,0,0)
(0,0,0)
(0,0,0)
(0,0,0)
(0,0,0)
(0,0,0)
(0,0,0)
(0,0,0)
(0,0,0)
(0,0,0)
(0,0,0)
(0,0,0)
(0,0,0)
(0,0,0)
(0,0,0)
(0,0,0)
(0,0,0)
(0,0,0)
(0,0,0)
(0,0,0)
(0,0,0)
(0,0,0)
(0,0,0)
(0,0,0)
(0,0,0)
(0,0,0)
(0,0,0)
(0,0,0)
(0,0,0)
(0,0,0)
(0,0,0)
(0,0,0)
(0,0,0)
(0,0,0)
(0,0,0)
(0,0,0)
(0,0,0)
(0,0,0)
(0,0,0)
(0,0,0)
(0,0,0)
(0,0,0)
(0,0,0)
(0,0,0)
(0,0,0)
(0,0,0)
(0,0,0)
(0,0,0)
(0,0,0)
(0,0,0)
(0,0,0)
(0,0,0)
(0,0,0)
(0,0,0)
(0,0,0)
(0,0,0)
(0,0,0)
(0,0,0)
(0,0,0)
(0,0,0)
(0,0,0)
(0,0,0)
(0,0,0)
(0,0,0)
(0,0,0)
(0,0,0)
(0,0,0)
(0,0,0)
(0,0,0)
(0,0,0)
(0,0,0)
(0,0,0)
(0,0,0)
(0,0,0)
(0,0,0)
(0,0,0)
(0,0,0)
(0,0,0)
(0,0,0)
(0,0,0)
(0,0,0)
(0,0,0)
(0,0,0)
(0,0,0)
(0,0,0)
(0,0,0)
(0,0,0)
(0,0,0)
(0,0,0)
(0,0,0)
(0,0,0)
(0,0,0)
(0,0,0)
(0,0,0)
(0,0,0)
(0,0,0)
(0,0,0)
(0,0,0)
(0,0,0)
(0,0,0)
(0,0,0)
(0,0,0)
(0,0,0)
(0,0,0)
(0,0,0)
(0,0,0)
(0,0,0)
(0,0,0)
(0,0,0)
(0,0,0)
(0,0,0)
(0,0,0)
(0,0,0)
(0,0,0)
(0,0,0)
(0,0,0)
(0,0,0)
(0,0,0)
(0,0,0)
(0,0,0)
(0,0,0)
(0,0,0)
(0,0,0)
(0,0,0)
(0,0,0)
(0,0,0)
(0,0,0)
(0,0,0)
(0,0,0)
(0,0,0)
(0,0,0)
(0,0,0)
(0,0,0)
(0,0,0)
(0,0,0)
(0,0,0)
(0,0,0)
(0,0,0)
(0,0,0)
(0,0,0)
(0,0,0)
(0,0,0)
(0,0,0)
(0,0,0)
(0,0,0)
(0,0,0)
(0,0,0)
(0,0,0)
(0,0,0)
(0,0,0)
(0,0,0)
(0,0,0)
(0,0,0)
(0,0,0)
(0,0,0)
(0,0,0)
(0,0,0)
(0,0,0)
(0,0,0)
(0,0,0)
(0,0,0)
(0,0,0)
(0,0,0)
(0,0,0)
(0,0,0)
(0,0,0)
(0,0,0)
(0,0,0)
(0,0,0)
(0,0,0)
(0,0,0)
(0,0,0)
(0,0,0)
(0,0,0)
(0,0,0)
(0,0,0)
(0,0,0)
(0,0,0)
(0,0,0)
(0,0,0)
(0,0,0)
(0,0,0)
(0,0,0)
(0,0,0)
(0,0,0)
(0,0,0)
(0,0,0)
(0,0,0)
(0,0,0)
(0,0,0)
(0,0,0)
(0,0,0)
(0,0,0)
(0,0,0)
(0,0,0)
(0,0,0)
(0,0,0)
(0,0,0)
(0,0,0)
(0,0,0)
(0,0,0)
(0,0,0)
(0,0,0)
(0,0,0)
(0,0,0)
(0,0,0)
(0,0,0)
(0,0,0)
(0,0,0)
(0,0,0)
(0,0,0)
(0,0,0)
(0,0,0)
(0,0,0)
(0,0,0)
(0,0,0)
(0,0,0)
(0,0,0)
(0,0,0)
(0,0,0)
(0,0,0)
(0,0,0)
(0,0,0)
(0,0,0)
(0,0,0)
(0,0,0)
(0,0,0)
(0,0,0)
(0,0,0)
(0,0,0)
(0,0,0)
(0,0,0)
(0,0,0)
(0,0,0)
(0,0,0)
(0,0,0)
(0,0,0)
(0,0,0)
(0,0,0)
(0,0,0)
(0,0,0)
(0,0,0)
(0,0,0)
(0,0,0)
(0,0,0)
(0,0,0)
(0,0,0)
(0,0,0)
(0,0,0)
(0,0,0)
(0,0,0)
(0,0,0)
(0,0,0)
(0,0,0)
(0,0,0)
(0,0,0)
(0,0,0)
(0,0,0)
(0,0,0)
(0,0,0)
(0,0,0)
(0,0,0)
(0,0,0)
(0,0,0)
(0,0,0)
(0,0,0)
(0,0,0)
(0,0,0)
(0,0,0)
(0,0,0)
(0,0,0)
(0,0,0)
(0,0,0)
(0,0,0)
(0,0,0)
(0,0,0)
(0,0,0)
(0,0,0)
(0,0,0)
(0,0,0)
(0,0,0)
(0,0,0)
(0,0,0)
(0,0,0)
(0,0,0)
(0,0,0)
(0,0,0)
(0,0,0)
(0,0,0)
(0,0,0)
(0,0,0)
(0,0,0)
(0,0,0)
(0,0,0)
(0,0,0)
(0,0,0)
(0,0,0)
(0,0,0)
(0,0,0)
(0,0,0)
(0,0,0)
(0,0,0)
(0,0,0)
(0,0,0)
(0,0,0)
(0,0,0)
(0,0,0)
(0,0,0)
(0,0,0)
(0,0,0)
(0,0,0)
(0,0,0)
(0,0,0)
(0,0,0)
(0,0,0)
(0,0,0)
(0,0,0)
(0,0,0)
(0,0,0)
(0,0,0)
(0,0,0)
(0,0,0)
(0,0,0)
(0,0,0)
(0,0,0)
(0,0,0)
(0,0,0)
(0,0,0)
(0,0,0)
(0,0,0)
(0,0,0)
(0,0,0)
(0,0,0)
(0,0,0)
(0,0,0)
(0,0,0)
(0,0,0)
(0,0,0)
(0,0,0)
(0,0,0)
(0,0,0)
(0,0,0)
(0,0,0)
(0,0,0)
(0,0,0)
(0,0,0)
(0,0,0)
(0,0,0)
(0,0,0)
(0,0,0)
(0,0,0)
(0,0,0)
(0,0,0)
(0,0,0)
(0,0,0)
(0,0,0)
(0,0,0)
(0,0,0)
(0,0,0)
(0,0,0)
(0,0,0)
(0,0,0)
(0,0,0)
(0,0,0)
(0,0,0)
(0,0,0)
(0,0,0)
(0,0,0)
(0,0,0)
(0,0,0)
(0,0,0)
(0,0,0)
(0,0,0)
(0,0,0)
)
;

boundaryField
{
    fuel
    {
        type            fixedValue;
        value           uniform (0.1 0 0);
    }
    air
    {
        type            fixedValue;
        value           uniform (-0.1 0 0);
    }
    outlet
    {
        type            zeroGradient;
    }
    frontAndBack
    {
        type            empty;
    }
}


// ************************************************************************* //
 