/*--------------------------------*- C++ -*----------------------------------*\
| =========                 |                                                 |
| \\      /  F ield         | foam-extend: Open Source Cstd::filesystem::create_directory();FD                    |
|  \\    /   O peration     | Version:     4.0                                |
|   \\  /    A nd           | Web:         http://www.foam-extend.org         |
|    \\/     M anipulation  |                                                 |
\*---------------------------------------------------------------------------*/
FoamFile
{
    version 2.0;
    format ascii;
    class volVectorField;
    location "Data/1953";
    object      H;
}
// * * * * * * * * * * * * * * * * * * * * * * * * * * * * * * * * * * * * * //

dimensions      [0 1 -1 0 0 0 0];

internalField   nonuniform List<vector>
4096
(
(0,0,0)
(0,0,0)
(0,0,0)
(0,0,0)
(0,0,0)
(0,0,0)
(0,0,0)
(0,0,0)
(0,0,0)
(0,0,0)
(0,0,0)
(0,0,0)
(0,0,0)
(0,0,0)
(0,0,0)
(0,0,0)
(0,0,0)
(0,0,0)
(0,0,0)
(0,0,0)
(0,0,0)
(0,0,0)
(0,0,0)
(0,0,0)
(0,0,0)
(0,0,0)
(0,0,0)
(0,0,0)
(0,0,0)
(0,0,0)
(0,0,0)
(0,0,0)
(0,0,0)
(0,0,0)
(0,0,0)
(0,0,0)
(0,0,0)
(0,0,0)
(0,0,0)
(0,0,0)
(0,0,0)
(0,0,0)
(0,0,0)
(0,0,0)
(0,0,0)
(0,0,0)
(0,0,0)
(0,0,0)
(0,0,0)
(0,0,0)
(0,0,0)
(0,0,0)
(0,0,0)
(0,0,0)
(0,0,0)
(0,0,0)
(0,0,0)
(0,0,0)
(0,0,0)
(0,0,0)
(0,0,0)
(0,0,0)
(0,0,0)
(0,0,0)
(0,0,0)
(0,0,0)
(0,0,0)
(0,0,0)
(0,0,0)
(0,0,0)
(0,0,0)
(0,0,0)
(0,0,0)
(0,0,0)
(0,0,0)
(0,0,0)
(0,0,0)
(0,0,0)
(0,0,0)
(0,0,0)
(0,0,0)
(0,0,0)
(0,0,0)
(0,0,0)
(0,0,0)
(0,0,0)
(0,0,0)
(0,0,0)
(0,0,0)
(0,0,0)
(0,0,0)
(0,0,0)
(0,0,0)
(0,0,0)
(0,0,0)
(0,0,0)
(0,0,0)
(0,0,0)
(0,0,0)
(0,0,0)
(0,0,0)
(0,0,0)
(0,0,0)
(0,0,0)
(0,0,0)
(0,0,0)
(0,0,0)
(0,0,0)
(0,0,0)
(0,0,0)
(0,0,0)
(0,0,0)
(0,0,0)
(0,0,0)
(0,0,0)
(0,0,0)
(0,0,0)
(0,0,0)
(0,0,0)
(0,0,0)
(0,0,0)
(0,0,0)
(0,0,0)
(0,0,0)
(0,0,0)
(0,0,0)
(0,0,0)
(0,0,0)
(0,0,0)
(0,0,0)
(0,0,0)
(0,0,0)
(0,0,0)
(0,0,0)
(0,0,0)
(0,0,0)
(0,0,0)
(0,0,0)
(0,0,0)
(0,0,0)
(0,0,0)
(0,0,0)
(0,0,0)
(0,0,0)
(0,0,0)
(0,0,0)
(0,0,0)
(0,0,0)
(0,0,0)
(0,0,0)
(0,0,0)
(0,0,0)
(0,0,0)
(0,0,0)
(0,0,0)
(0,0,0)
(0,0,0)
(0,0,0)
(0,0,0)
(0,0,0)
(0,0,0)
(0,0,0)
(0,0,0)
(0,0,0)
(0,0,0)
(0,0,0)
(0,0,0)
(0,0,0)
(0,0,0)
(0,0,0)
(0,0,0)
(0,0,0)
(0,0,0)
(0,0,0)
(0,0,0)
(0,0,0)
(0,0,0)
(0,0,0)
(0,0,0)
(0,0,0)
(0,0,0)
(0,0,0)
(0,0,0)
(0,0,0)
(0,0,0)
(0,0,0)
(0,0,0)
(0,0,0)
(0,0,0)
(0,0,0)
(0,0,0)
(0,0,0)
(0,0,0)
(0,0,0)
(0,0,0)
(0,0,0)
(0,0,0)
(0,0,0)
(0,0,0)
(0,0,0)
(0,0,0)
(0,0,0)
(0,0,0)
(0,0,0)
(0,0,0)
(0,0,0)
(0,0,0)
(0,0,0)
(0,0,0)
(0,0,0)
(0,0,0)
(0,0,0)
(0,0,0)
(0,0,0)
(0,0,0)
(0,0,0)
(0,0,0)
(0,0,0)
(0,0,0)
(0,0,0)
(0,0,0)
(0,0,0)
(0,0,0)
(0,0,0)
(0,0,0)
(0,0,0)
(0,0,0)
(0,0,0)
(0,0,0)
(0,0,0)
(0,0,0)
(0,0,0)
(0,0,0)
(0,0,0)
(0,0,0)
(0,0,0)
(0,0,0)
(0,0,0)
(0,0,0)
(0,0,0)
(0,0,0)
(0,0,0)
(0,0,0)
(0,0,0)
(0,0,0)
(0,0,0)
(0,0,0)
(0,0,0)
(0,0,0)
(0,0,0)
(0,0,0)
(0,0,0)
(0,0,0)
(0,0,0)
(0,0,0)
(0,0,0)
(0,0,0)
(0,0,0)
(0,0,0)
(0,0,0)
(0,0,0)
(0,0,0)
(0,0,0)
(0,0,0)
(0,0,0)
(0,0,0)
(0,0,0)
(0,0,0)
(0,0,0)
(0,0,0)
(0,0,0)
(0,0,0)
(0,0,0)
(0,0,0)
(0,0,0)
(0,0,0)
(0,0,0)
(0,0,0)
(0,0,0)
(0,0,0)
(0,0,0)
(0,0,0)
(0,0,0)
(0,0,0)
(0,0,0)
(0,0,0)
(0,0,0)
(0,0,0)
(0,0,0)
(0,0,0)
(0,0,0)
(0,0,0)
(0,0,0)
(0,0,0)
(0,0,0)
(0,0,0)
(0,0,0)
(0,0,0)
(0,0,0)
(0,0,0)
(0,0,0)
(0,0,0)
(0,0,0)
(0,0,0)
(0,0,0)
(0,0,0)
(0,0,0)
(0,0,0)
(0,0,0)
(0,0,0)
(0,0,0)
(0,0,0)
(0,0,0)
(0,0,0)
(0,0,0)
(0,0,0)
(0,0,0)
(0,0,0)
(0,0,0)
(0,0,0)
(0,0,0)
(0,0,0)
(0,0,0)
(0,0,0)
(0,0,0)
(0,0,0)
(0,0,0)
(0,0,0)
(0,0,0)
(0,0,0)
(0,0,0)
(0,0,0)
(0,0,0)
(0,0,0)
(0,0,0)
(0,0,0)
(0,0,0)
(0,0,0)
(0,0,0)
(0,0,0)
(0,0,0)
(0,0,0)
(0,0,0)
(0,0,0)
(0,0,0)
(0,0,0)
(0,0,0)
(0,0,0)
(0,0,0)
(0,0,0)
(0,0,0)
(0,0,0)
(0,0,0)
(0,0,0)
(0,0,0)
(0,0,0)
(0,0,0)
(0,0,0)
(0,0,0)
(0,0,0)
(0,0,0)
(0,0,0)
(0,0,0)
(0,0,0)
(0,0,0)
(0,0,0)
(0,0,0)
(0,0,0)
(0,0,0)
(0,0,0)
(0,0,0)
(0,0,0)
(0,0,0)
(0,0,0)
(0,0,0)
(0,0,0)
(0,0,0)
(0,0,0)
(0,0,0)
(0,0,0)
(0,0,0)
(0,0,0)
(0,0,0)
(0,0,0)
(0,0,0)
(0,0,0)
(0,0,0)
(0,0,0)
(0,0,0)
(0,0,0)
(0,0,0)
(0,0,0)
(0,0,0)
(0,0,0)
(0,0,0)
(0,0,0)
(0,0,0)
(0,0,0)
(0,0,0)
(0,0,0)
(0,0,0)
(0,0,0)
(0,0,0)
(0,0,0)
(0,0,0)
(0,0,0)
(0,0,0)
(0,0,0)
(0,0,0)
(0,0,0)
(0,0,0)
(0,0,0)
(0,0,0)
(0,0,0)
(0,0,0)
(0,0,0)
(0,0,0)
(0,0,0)
(0,0,0)
(0,0,0)
(0,0,0)
(0,0,0)
(0,0,0)
(0,0,0)
(0,0,0)
(0,0,0)
(0,0,0)
(0,0,0)
(0,0,0)
(0,0,0)
(0,0,0)
(0,0,0)
(0,0,0)
(0,0,0)
(0,0,0)
(0,0,0)
(0,0,0)
(0,0,0)
(0,0,0)
(0,0,0)
(0,0,0)
(0,0,0)
(0,0,0)
(0,0,0)
(0,0,0)
(0,0,0)
(0,0,0)
(0,0,0)
(0,0,0)
(0,0,0)
(0,0,0)
(0,0,0)
(0,0,0)
(0,0,0)
(0,0,0)
(0,0,0)
(0,0,0)
(0,0,0)
(0,0,0)
(0,0,0)
(0,0,0)
(0,0,0)
(0,0,0)
(0,0,0)
(0,0,0)
(0,0,0)
(0,0,0)
(0,0,0)
(0,0,0)
(0,0,0)
(0,0,0)
(0,0,0)
(0,0,0)
(0,0,0)
(0,0,0)
(0,0,0)
(0,0,0)
(0,0,0)
(0,0,0)
(0,0,0)
(0,0,0)
(0,0,0)
(0,0,0)
(0,0,0)
(0,0,0)
(0,0,0)
(0,0,0)
(0,0,0)
(0,0,0)
(0,0,0)
(0,0,0)
(0,0,0)
(0,0,0)
(0,0,0)
(0,0,0)
(0,0,0)
(0,0,0)
(0,0,0)
(0,0,0)
(0,0,0)
(0,0,0)
(0,0,0)
(0,0,0)
(0,0,0)
(0,0,0)
(0,0,0)
(0,0,0)
(0,0,0)
(0,0,0)
(0,0,0)
(0,0,0)
(0,0,0)
(0,0,0)
(0,0,0)
(0,0,0)
(0,0,0)
(0,0,0)
(0,0,0)
(0,0,0)
(0,0,0)
(0,0,0)
(0,0,0)
(0,0,0)
(0,0,0)
(0,0,0)
(0,0,0)
(0,0,0)
(0,0,0)
(0,0,0)
(0,0,0)
(0,0,0)
(0,0,0)
(0,0,0)
(0,0,0)
(0,0,0)
(0,0,0)
(0,0,0)
(0,0,0)
(0,0,0)
(0,0,0)
(0,0,0)
(0,0,0)
(0,0,0)
(0,0,0)
(0,0,0)
(0,0,0)
(0,0,0)
(0,0,0)
(0,0,0)
(0,0,0)
(0,0,0)
(0,0,0)
(0,0,0)
(0,0,0)
(0,0,0)
(0,0,0)
(0,0,0)
(0,0,0)
(0,0,0)
(0,0,0)
(0,0,0)
(0,0,0)
(0,0,0)
(0,0,0)
(0,0,0)
(0,0,0)
(0,0,0)
(0,0,0)
(0,0,0)
(0,0,0)
(0,0,0)
(0,0,0)
(0,0,0)
(0,0,0)
(0,0,0)
(0,0,0)
(0,0,0)
(0,0,0)
(0,0,0)
(0,0,0)
(0,0,0)
(0,0,0)
(0,0,0)
(0,0,0)
(0,0,0)
(0,0,0)
(0,0,0)
(0,0,0)
(0,0,0)
(0,0,0)
(0,0,0)
(0,0,0)
(0,0,0)
(0,0,0)
(0,0,0)
(0,0,0)
(0,0,0)
(0,0,0)
(0,0,0)
(0,0,0)
(0,0,0)
(0,0,0)
(0,0,0)
(0,0,0)
(0,0,0)
(0,0,0)
(0,0,0)
(0,0,0)
(0,0,0)
(0,0,0)
(0,0,0)
(0,0,0)
(0,0,0)
(0,0,0)
(0,0,0)
(0,0,0)
(0,0,0)
(0,0,0)
(0,0,0)
(0,0,0)
(0,0,0)
(0,0,0)
(0,0,0)
(0,0,0)
(0,0,0)
(0,0,0)
(0,0,0)
(0,0,0)
(0,0,0)
(0,0,0)
(0,0,0)
(0,0,0)
(0,0,0)
(0,0,0)
(0,0,0)
(0,0,0)
(0,0,0)
(0,0,0)
(0,0,0)
(0,0,0)
(0,0,0)
(0,0,0)
(0,0,0)
(0,0,0)
(0,0,0)
(0,0,0)
(0,0,0)
(0,0,0)
(0,0,0)
(0,0,0)
(0,0,0)
(0,0,0)
(0,0,0)
(0,0,0)
(0,0,0)
(0,0,0)
(0,0,0)
(0,0,0)
(0,0,0)
(0,0,0)
(0,0,0)
(0,0,0)
(0,0,0)
(0,0,0)
(0,0,0)
(0,0,0)
(0,0,0)
(0,0,0)
(0,0,0)
(0,0,0)
(0,0,0)
(0,0,0)
(0,0,0)
(0,0,0)
(0,0,0)
(0,0,0)
(0,0,0)
(0,0,0)
(0,0,0)
(0,0,0)
(0,0,0)
(0,0,0)
(0,0,0)
(0,0,0)
(0,0,0)
(0,0,0)
(0,0,0)
(0,0,0)
(0,0,0)
(0,0,0)
(0,0,0)
(0,0,0)
(0,0,0)
(0,0,0)
(0,0,0)
(0,0,0)
(0,0,0)
(0,0,0)
(0,0,0)
(0,0,0)
(0,0,0)
(0,0,0)
(0,0,0)
(0,0,0)
(0,0,0)
(0,0,0)
(0,0,0)
(0,0,0)
(0,0,0)
(0,0,0)
(0,0,0)
(0,0,0)
(0,0,0)
(0,0,0)
(0,0,0)
(0,0,0)
(0,0,0)
(0,0,0)
(0,0,0)
(0,0,0)
(0,0,0)
(0,0,0)
(0,0,0)
(0,0,0)
(0,0,0)
(0,0,0)
(0,0,0)
(0,0,0)
(0,0,0)
(0,0,0)
(0,0,0)
(0,0,0)
(0,0,0)
(0,0,0)
(0,0,0)
(0,0,0)
(0,0,0)
(0,0,0)
(0,0,0)
(0,0,0)
(0,0,0)
(0,0,0)
(0,0,0)
(0,0,0)
(0,0,0)
(0,0,0)
(0,0,0)
(0,0,0)
(0,0,0)
(0,0,0)
(0,0,0)
(0,0,0)
(0,0,0)
(0,0,0)
(0,0,0)
(0,0,0)
(0,0,0)
(0,0,0)
(0,0,0)
(0,0,0)
(0,0,0)
(0,0,0)
(0,0,0)
(0,0,0)
(0,0,0)
(0,0,0)
(0,0,0)
(0,0,0)
(0,0,0)
(0,0,0)
(0,0,0)
(0,0,0)
(0,0,0)
(0,0,0)
(0,0,0)
(0,0,0)
(0,0,0)
(0,0,0)
(0,0,0)
(0,0,0)
(0,0,0)
(0,0,0)
(0,0,0)
(0,0,0)
(0,0,0)
(0,0,0)
(0,0,0)
(0,0,0)
(0,0,0)
(0,0,0)
(0,0,0)
(0,0,0)
(0,0,0)
(0,0,0)
(0,0,0)
(0,0,0)
(0,0,0)
(0,0,0)
(0,0,0)
(0,0,0)
(0,0,0)
(0,0,0)
(0,0,0)
(0,0,0)
(0,0,0)
(0,0,0)
(0,0,0)
(0,0,0)
(0,0,0)
(0,0,0)
(0,0,0)
(0,0,0)
(0,0,0)
(0,0,0)
(0,0,0)
(0,0,0)
(0,0,0)
(0,0,0)
(0,0,0)
(1.89091918189659e-12,-7.96883527492726e-12,6.23806897311926e-12)
(3.5128103949391e-12,-1.73412071171001e-11,5.82863342411103e-12)
(4.63859208645999e-12,-3.05131449998119e-11,5.48587105107615e-12)
(6.64456634719599e-12,-5.12689847239099e-11,5.1516247179439e-12)
(7.78131300947841e-12,-8.30952335422651e-11,4.13475464821939e-12)
(9.12428222735916e-12,-1.31446435743723e-10,2.66573308979407e-12)
(9.82017804930763e-12,-2.07637679732685e-10,1.72150194411689e-12)
(9.95191201807625e-12,-3.34476447654177e-10,9.90662287554468e-13)
(8.6175878411201e-12,-5.42847047129537e-10,5.26769541437503e-13)
(7.724015813398e-12,-8.33708282337061e-10,4.92934608945295e-13)
(0,0,0)
(0,0,0)
(0,0,0)
(0,0,0)
(0,0,0)
(0,0,0)
(3.43934456826125e-12,-7.41915776485027e-12,1.45267383447303e-11)
(6.16194412101364e-12,-1.65356088191172e-11,1.45176667127929e-11)
(7.99589281433157e-12,-2.96238598538362e-11,1.41789266052138e-11)
(1.0499497295391e-11,-4.96469168893787e-11,1.32308977077068e-11)
(1.27605737805977e-11,-8.10113387446287e-11,1.10016070153236e-11)
(1.50678833845492e-11,-1.29657593340075e-10,7.76550155703251e-12)
(1.68117477033002e-11,-2.06459393594141e-10,4.92919526276631e-12)
(1.7997975974079e-11,-3.34051250469703e-10,3.12300532292169e-12)
(1.73796772370054e-11,-5.43334157966592e-10,1.93240175958688e-12)
(1.6660852536619e-11,-8.34246134051469e-10,1.17624609400044e-12)
(0,0,0)
(0,0,0)
(0,0,0)
(0,0,0)
(0,0,0)
(0,0,0)
(4.07222773049677e-12,-7.0789076651224e-12,2.83297601390373e-11)
(7.91165097839778e-12,-1.55467030199606e-11,2.80919888039131e-11)
(1.11538184133126e-11,-2.79669652615631e-11,2.71146059805856e-11)
(1.40845909922492e-11,-4.68889389807711e-11,2.53113487267504e-11)
(1.68837861050407e-11,-7.73615874487384e-11,2.20338221945959e-11)
(1.92223138093022e-11,-1.26169034899419e-10,1.71135902591845e-11)
(2.19204864466254e-11,-2.04114072913112e-10,1.19848306147731e-11)
(2.47603269109802e-11,-3.32868219877979e-10,8.7595041784318e-12)
(2.53042110196115e-11,-5.42910599914037e-10,6.2800073239915e-12)
(2.46730763360983e-11,-8.33909559060572e-10,3.48069998148268e-12)
(0,0,0)
(0,0,0)
(0,0,0)
(0,0,0)
(0,0,0)
(0,0,0)
(4.10796539210872e-12,-6.86661969243918e-12,4.97853631615868e-11)
(8.22917056252845e-12,-1.41261983486915e-11,4.89368786560222e-11)
(1.20860313858968e-11,-2.50156501063208e-11,4.70490563778449e-11)
(1.55466634583872e-11,-4.23154964680799e-11,4.44369529449925e-11)
(1.89771915891906e-11,-7.14961725344529e-11,4.04460402691003e-11)
(2.12397948697405e-11,-1.20188034337332e-10,3.46624642758176e-11)
(2.48136397040175e-11,-2.00032107316495e-10,2.78423591542571e-11)
(2.92731752534329e-11,-3.30442252982927e-10,2.18849473819184e-11)
(3.13641121501716e-11,-5.40458586810403e-10,1.58076899355478e-11)
(3.11308857852587e-11,-8.31315985441928e-10,8.38152889793194e-12)
(0,0,0)
(0,0,0)
(0,0,0)
(0,0,0)
(0,0,0)
(0,0,0)
(3.41744839384705e-12,-5.89805500853904e-12,8.07425154208264e-11)
(7.28381100746822e-12,-1.17110461179622e-11,7.98597955434473e-11)
(1.18649810761263e-11,-2.1147153187158e-11,7.78902145234389e-11)
(1.60241994350815e-11,-3.67339729923878e-11,7.51241490726016e-11)
(1.99060230040638e-11,-6.38066942115895e-11,7.1092907428095e-11)
(2.26447037856794e-11,-1.11337102883615e-10,6.55987731102734e-11)
(2.76094956505421e-11,-1.924376893495e-10,5.81866211818123e-11)
(3.240611839867e-11,-3.24537809569044e-10,4.70142123410209e-11)
(3.57311904980939e-11,-5.33721532624922e-10,3.34241845960912e-11)
(3.73243530232719e-11,-8.24073481369488e-10,1.74115939564947e-11)
(0,0,0)
(0,0,0)
(0,0,0)
(0,0,0)
(0,0,0)
(0,0,0)
(3.31324813429191e-12,-4.69491090334607e-12,1.25827590980829e-10)
(6.68885363668692e-12,-9.32962553721764e-12,1.24800965842658e-10)
(1.16527046576626e-11,-1.72778120503264e-11,1.2305055449611e-10)
(1.61220189084099e-11,-3.07490803852172e-11,1.20855041341655e-10)
(1.96369717218726e-11,-5.50326004290455e-11,1.177045085521e-10)
(2.30327419596269e-11,-1.00464196874988e-10,1.1227279606655e-10)
(2.75952707000759e-11,-1.81433107202958e-10,1.02636032476503e-10)
(3.16508882048395e-11,-3.11959355757541e-10,8.61064841019633e-11)
(3.47887065138266e-11,-5.1849792573496e-10,6.25074530181158e-11)
(3.67874566666031e-11,-8.0710623537833e-10,3.30507520271296e-11)
(0,0,0)
(0,0,0)
(0,0,0)
(0,0,0)
(0,0,0)
(0,0,0)
(3.56704035674241e-12,-3.22754094172875e-12,2.00641434232311e-10)
(6.96941753838161e-12,-7.26264292674356e-12,1.99919541091742e-10)
(1.15066988250539e-11,-1.39039598493302e-11,1.98035136704326e-10)
(1.6210453106449e-11,-2.53160342172997e-11,1.95678741206968e-10)
(1.98372555293556e-11,-4.66246949493784e-11,1.92844066132179e-10)
(2.31346702107047e-11,-8.83440836352917e-11,1.86817282325192e-10)
(2.65408691057894e-11,-1.65581420254541e-10,1.7284254488472e-10)
(2.98738228072667e-11,-2.90036877978014e-10,1.48935808737023e-10)
(3.23216173767136e-11,-4.90434409977333e-10,1.10684676539571e-10)
(3.37873235674468e-11,-7.74907978686021e-10,5.99786104604124e-11)
(0,0,0)
(0,0,0)
(0,0,0)
(0,0,0)
(0,0,0)
(0,0,0)
(3.14423119775304e-12,-2.26367349092966e-12,3.26531345401501e-10)
(6.20121642700432e-12,-5.24281070054101e-12,3.25553652682235e-10)
(1.03855280448777e-11,-1.04649154806648e-11,3.23581115576353e-10)
(1.54296891996012e-11,-2.0352190932235e-11,3.20900290495157e-10)
(1.87400121660358e-11,-3.90149509659701e-11,3.17072562262888e-10)
(2.10315937373316e-11,-7.53449805141243e-11,3.08829193961587e-10)
(2.34162948972358e-11,-1.42001349845451e-10,2.90125741524847e-10)
(2.6790157684915e-11,-2.52863478550594e-10,2.54379104657501e-10)
(2.99142697426858e-11,-4.40814037069731e-10,1.96147966034295e-10)
(3.14426548199082e-11,-7.15445470644913e-10,1.111090301512e-10)
(0,0,0)
(0,0,0)
(0,0,0)
(0,0,0)
(0,0,0)
(0,0,0)
(2.34583255273294e-12,-1.51461673823691e-12,5.34486805694058e-10)
(5.14718475937015e-12,-3.68788334511849e-12,5.33676066750275e-10)
(9.11262515536e-12,-7.30614360437666e-12,5.31881715812598e-10)
(1.331236823812e-11,-1.4754979989024e-11,5.28816749569339e-10)
(1.65282112585388e-11,-2.91461796379619e-11,5.23328354879766e-10)
(1.88904478799989e-11,-5.64278497207283e-11,5.11627853052876e-10)
(2.10461627670941e-11,-1.06272265026579e-10,4.86905623375855e-10)
(2.47561956623108e-11,-1.95028751330515e-10,4.39122759883905e-10)
(2.79985857887749e-11,-3.55892085734198e-10,3.55022000012964e-10)
(2.88333895090952e-11,-6.03874310624159e-10,2.13641877469066e-10)
(0,0,0)
(0,0,0)
(0,0,0)
(0,0,0)
(0,0,0)
(0,0,0)
(1.94458668077395e-12,-1.12549711828383e-12,8.27221294851251e-10)
(4.80920484932003e-12,-2.28310470777891e-12,8.25886912307282e-10)
(8.27941223317258e-12,-3.95501624931815e-12,8.23918297480076e-10)
(1.10277979621846e-11,-7.84297471661089e-12,8.20446094714603e-10)
(1.43374701039872e-11,-1.58242322896312e-11,8.13885424438614e-10)
(1.65962794260028e-11,-3.06338282570857e-11,7.99737584005791e-10)
(1.86198295614437e-11,-5.79249376902205e-11,7.70123055290307e-10)
(2.28249929815211e-11,-1.10290271436158e-10,7.12227588028555e-10)
(2.67279940148168e-11,-2.13576895484232e-10,6.02476883101748e-10)
(2.73707765573319e-11,-3.8989924461338e-10,3.90056261306701e-10)
(0,0,0)
(0,0,0)
(0,0,0)
(0,0,0)
(0,0,0)
(0,0,0)
(0,0,0)
(0,0,0)
(0,0,0)
(0,0,0)
(0,0,0)
(0,0,0)
(0,0,0)
(0,0,0)
(0,0,0)
(0,0,0)
(0,0,0)
(0,0,0)
(0,0,0)
(0,0,0)
(0,0,0)
(0,0,0)
(0,0,0)
(0,0,0)
(0,0,0)
(0,0,0)
(0,0,0)
(0,0,0)
(0,0,0)
(0,0,0)
(0,0,0)
(0,0,0)
(0,0,0)
(0,0,0)
(0,0,0)
(0,0,0)
(0,0,0)
(0,0,0)
(0,0,0)
(0,0,0)
(0,0,0)
(0,0,0)
(0,0,0)
(0,0,0)
(0,0,0)
(0,0,0)
(0,0,0)
(0,0,0)
(0,0,0)
(0,0,0)
(0,0,0)
(0,0,0)
(0,0,0)
(0,0,0)
(0,0,0)
(0,0,0)
(0,0,0)
(0,0,0)
(0,0,0)
(0,0,0)
(0,0,0)
(0,0,0)
(0,0,0)
(0,0,0)
(0,0,0)
(0,0,0)
(0,0,0)
(0,0,0)
(0,0,0)
(0,0,0)
(0,0,0)
(0,0,0)
(0,0,0)
(0,0,0)
(0,0,0)
(0,0,0)
(0,0,0)
(0,0,0)
(0,0,0)
(0,0,0)
(0,0,0)
(0,0,0)
(0,0,0)
(0,0,0)
(0,0,0)
(0,0,0)
(0,0,0)
(0,0,0)
(0,0,0)
(0,0,0)
(0,0,0)
(0,0,0)
(0,0,0)
(0,0,0)
(0,0,0)
(0,0,0)
(0,0,0)
(0,0,0)
(0,0,0)
(0,0,0)
(0,0,0)
(0,0,0)
(1.7506772208245e-12,-1.54531547000778e-11,1.32434368437685e-11)
(3.0499744699896e-12,-3.35841495417579e-11,1.30063538017466e-11)
(4.08355327359388e-12,-5.85527464748074e-11,1.24894406796674e-11)
(6.0393685823889e-12,-9.59440673948629e-11,1.09042671309104e-11)
(7.16643977021995e-12,-1.50888966518206e-10,8.27489782493202e-12)
(8.27967096941048e-12,-2.3417211404057e-10,4.89596762364664e-12)
(9.37273156739392e-12,-3.64375750776778e-10,1.77722482803715e-12)
(9.99060757955257e-12,-5.8383312022719e-10,2.87782459980017e-13)
(9.13853361032995e-12,-1.00067722992462e-09,-1.33829226290327e-13)
(8.75480213630745e-12,-1.95864219831829e-09,6.16575666150622e-14)
(0,0,0)
(0,0,0)
(0,0,0)
(0,0,0)
(0,0,0)
(0,0,0)
(3.10816610047185e-12,-1.48606722196872e-11,3.05136926578789e-11)
(5.51177842943974e-12,-3.2894489739136e-11,3.02517408072802e-11)
(7.287027119574e-12,-5.70578330626371e-11,2.88896173419631e-11)
(9.97081007915934e-12,-9.29876148065077e-11,2.55859087620201e-11)
(1.2346927942996e-11,-1.47225660155694e-10,2.01303518007729e-11)
(1.44156312381354e-11,-2.30889491572909e-10,1.27351148330431e-11)
(1.62726169620233e-11,-3.62615483239124e-10,5.55589102462086e-12)
(1.80055489459086e-11,-5.83696359095925e-10,2.41472438586852e-12)
(1.77122748504248e-11,-1.00204281729433e-09,1.58771673993553e-12)
(1.75005236399551e-11,-1.96021762705374e-09,1.17301161981095e-12)
(0,0,0)
(0,0,0)
(0,0,0)
(0,0,0)
(0,0,0)
(0,0,0)
(4.09771109293857e-12,-1.38965277993159e-11,5.61764056826773e-11)
(7.46852913046122e-12,-3.06401219726308e-11,5.53429050572702e-11)
(1.00057605119215e-11,-5.30621033541702e-11,5.25520598333857e-11)
(1.27886750117178e-11,-8.66563311456247e-11,4.73812386390879e-11)
(1.5938603126114e-11,-1.39358759440372e-10,3.92687668245994e-11)
(1.83700728916228e-11,-2.23389447247429e-10,2.77894183206073e-11)
(2.10638472863768e-11,-3.58817516200289e-10,1.56098549372724e-11)
(2.48138568702225e-11,-5.83385534129054e-10,1.01820344041828e-11)
(2.56515052582655e-11,-1.00306879117078e-09,7.75124628014702e-12)
(2.55602026987544e-11,-1.96099195050628e-09,4.62891472779663e-12)
(0,0,0)
(0,0,0)
(0,0,0)
(0,0,0)
(0,0,0)
(0,0,0)
(3.98788521377252e-12,-1.25960288337036e-11,9.40344792351885e-11)
(7.70184060997339e-12,-2.7030825953035e-11,9.25209775266355e-11)
(1.08296378995787e-11,-4.6718712152799e-11,8.85374684658749e-11)
(1.39560526585921e-11,-7.68756143630158e-11,8.18433118544942e-11)
(1.7071289259604e-11,-1.26438935299031e-10,7.20694992643615e-11)
(1.9208968537599e-11,-2.09660920214166e-10,5.8250045897789e-11)
(2.3176633509346e-11,-3.51172837187097e-10,4.25184504882864e-11)
(2.94459892860007e-11,-5.82199252544383e-10,3.27714159963554e-11)
(3.2053219002744e-11,-1.00211582989876e-09,2.39562041053504e-11)
(3.22699106115981e-11,-1.95887450220251e-09,1.29568589962817e-11)
(0,0,0)
(0,0,0)
(0,0,0)
(0,0,0)
(0,0,0)
(0,0,0)
(3.09702416603303e-12,-1.09253389779792e-11,1.47897456264231e-10)
(6.87197144672982e-12,-2.25173550594489e-11,1.46039112325195e-10)
(1.07617053901313e-11,-3.87377813693747e-11,1.41854974389457e-10)
(1.40705484724139e-11,-6.43944633287315e-11,1.35515736771103e-10)
(1.66260635393507e-11,-1.08438139456476e-10,1.26728796402913e-10)
(1.9183949705509e-11,-1.87622142768825e-10,1.15665979735382e-10)
(2.77773223447937e-11,-3.33409520163273e-10,1.05459327526094e-10)
(3.3417692332289e-11,-5.75231829657028e-10,8.24971941863207e-11)
(3.6520174247688e-11,-9.93800266502696e-10,5.74479394629055e-11)
(3.7768700988186e-11,-1.94833736926795e-09,2.97281828014796e-11)
(0,0,0)
(0,0,0)
(0,0,0)
(0,0,0)
(0,0,0)
(0,0,0)
(2.87250331084543e-12,-8.64856957312216e-12,2.25454496366859e-10)
(6.37228237276022e-12,-1.73532491947577e-11,2.23400355912439e-10)
(1.04743656111172e-11,-3.02041567607871e-11,2.20221309753849e-10)
(1.38395055300575e-11,-5.12531233981048e-11,2.1570230991021e-10)
(1.66607787277679e-11,-8.9433364310241e-11,2.0909944922965e-10)
(2.05493923099434e-11,-1.65108037193503e-10,1.99599191905643e-10)
(2.82731321262395e-11,-3.16666565954471e-10,1.86377443311548e-10)
(3.33274415091931e-11,-5.56222368954039e-10,1.5534206592103e-10)
(3.61818917470572e-11,-9.69274827967877e-10,1.11257275599244e-10)
(3.76399520015431e-11,-1.91994210473874e-09,5.84355375874718e-11)
(0,0,0)
(0,0,0)
(0,0,0)
(0,0,0)
(0,0,0)
(0,0,0)
(3.32506604651175e-12,-6.14067207914131e-12,3.50745714669424e-10)
(6.8339896995956e-12,-1.29304410118487e-11,3.49243071429506e-10)
(1.04240499537471e-11,-2.27411028410823e-11,3.46606674443882e-10)
(1.40812848961673e-11,-3.95138607922563e-11,3.43235646421938e-10)
(1.82542953529543e-11,-7.15944154253523e-11,3.39122957335443e-10)
(2.41103045300319e-11,-1.39632019158386e-10,3.30929271443468e-10)
(2.68675348444505e-11,-2.88976283131125e-10,3.06129108350272e-10)
(3.09515555771229e-11,-5.17438150263339e-10,2.67584895433526e-10)
(3.3407310547973e-11,-9.19468668299736e-10,1.97029454272516e-10)
(3.43034259873068e-11,-1.8629516711408e-09,1.06105951032596e-10)
(0,0,0)
(0,0,0)
(0,0,0)
(0,0,0)
(0,0,0)
(0,0,0)
(3.37286716432562e-12,-4.50925104299521e-12,5.68025944168624e-10)
(6.61882617746409e-12,-9.30562142824929e-12,5.66093928334956e-10)
(9.90758124978842e-12,-1.65898434474016e-11,5.63284434493288e-10)
(1.36602064886604e-11,-3.09972353362984e-11,5.59862405922433e-10)
(1.71146091393035e-11,-6.05579399273741e-11,5.54976962322371e-10)
(2.08179153807025e-11,-1.2318015449201e-10,5.4410305344606e-10)
(2.34338469457379e-11,-2.49449599538762e-10,5.15511956418898e-10)
(2.71865690878637e-11,-4.48144078942751e-10,4.52495084500856e-10)
(3.00312542904288e-11,-8.297780858795e-10,3.47927517537609e-10)
(3.0980524949768e-11,-1.75759062410945e-09,1.9797409612581e-10)
(0,0,0)
(0,0,0)
(0,0,0)
(0,0,0)
(0,0,0)
(0,0,0)
(2.76745187656276e-12,-2.69280651795224e-12,9.84160848864292e-10)
(5.53675705970827e-12,-6.14519013747821e-12,9.82513872886232e-10)
(8.8264640435629e-12,-1.14591742825752e-11,9.79529343518833e-10)
(1.18887576552835e-11,-2.25276190065474e-11,9.75056333849654e-10)
(1.4906765737111e-11,-4.5965708867318e-11,9.66961231633621e-10)
(1.78186560933561e-11,-9.40739934403457e-11,9.49105326329904e-10)
(2.04816989226906e-11,-1.85320321238674e-10,9.08935709590701e-10)
(2.4118475638887e-11,-3.43618253689253e-10,8.2599596478872e-10)
(2.70635180826879e-11,-6.79804404927661e-10,6.78703825097211e-10)
(2.85002009675127e-11,-1.55943648237194e-09,4.24595727924852e-10)
(0,0,0)
(0,0,0)
(0,0,0)
(0,0,0)
(0,0,0)
(0,0,0)
(2.15347210645965e-12,-1.46819311580861e-12,1.9426611917056e-09)
(4.49471496874725e-12,-3.44996064568176e-12,1.9409571477377e-09)
(7.79659874932576e-12,-6.26443699415538e-12,1.9374118413261e-09)
(9.74549352156259e-12,-1.21842935696067e-11,1.9317568887269e-09)
(1.26610782471711e-11,-2.50231198686583e-11,1.92109786045098e-09)
(1.55769798843904e-11,-5.12316427864778e-11,1.89841648135564e-09)
(1.85903591329605e-11,-1.00604330014977e-10,1.84952166360784e-09)
(2.22854264722189e-11,-1.95260990912803e-10,1.75057444494362e-09)
(2.55717203256323e-11,-4.24477066349754e-10,1.55653954516031e-09)
(2.75277932507482e-11,-1.1340146204007e-09,1.13335870781747e-09)
(0,0,0)
(0,0,0)
(0,0,0)
(0,0,0)
(0,0,0)
(0,0,0)
(0,0,0)
(0,0,0)
(0,0,0)
(0,0,0)
(0,0,0)
(0,0,0)
(0,0,0)
(0,0,0)
(0,0,0)
(0,0,0)
(0,0,0)
(0,0,0)
(0,0,0)
(0,0,0)
(0,0,0)
(0,0,0)
(0,0,0)
(0,0,0)
(0,0,0)
(0,0,0)
(0,0,0)
(0,0,0)
(0,0,0)
(0,0,0)
(0,0,0)
(0,0,0)
(0,0,0)
(0,0,0)
(0,0,0)
(0,0,0)
(0,0,0)
(0,0,0)
(0,0,0)
(0,0,0)
(0,0,0)
(0,0,0)
(0,0,0)
(0,0,0)
(0,0,0)
(0,0,0)
(0,0,0)
(0,0,0)
(0,0,0)
(0,0,0)
(0,0,0)
(0,0,0)
(0,0,0)
(0,0,0)
(0,0,0)
(0,0,0)
(0,0,0)
(0,0,0)
(0,0,0)
(0,0,0)
(0,0,0)
(0,0,0)
(0,0,0)
(0,0,0)
(0,0,0)
(0,0,0)
(0,0,0)
(0,0,0)
(0,0,0)
(0,0,0)
(0,0,0)
(0,0,0)
(0,0,0)
(0,0,0)
(0,0,0)
(0,0,0)
(0,0,0)
(0,0,0)
(0,0,0)
(0,0,0)
(0,0,0)
(0,0,0)
(0,0,0)
(0,0,0)
(0,0,0)
(0,0,0)
(0,0,0)
(0,0,0)
(0,0,0)
(0,0,0)
(0,0,0)
(0,0,0)
(0,0,0)
(0,0,0)
(0,0,0)
(0,0,0)
(0,0,0)
(0,0,0)
(0,0,0)
(0,0,0)
(0,0,0)
(0,0,0)
(1.39527778245779e-12,-2.06563033001184e-11,1.9315598201017e-11)
(2.87722778915182e-12,-4.57150467619912e-11,1.88609837600551e-11)
(4.17381341079819e-12,-7.97960076028471e-11,1.75756316320374e-11)
(5.71228530024651e-12,-1.26921969132843e-10,1.42055158432021e-11)
(6.88206360871467e-12,-1.93224091338865e-10,9.77083695823454e-12)
(8.11579129750971e-12,-2.90232096828462e-10,4.04166792662334e-12)
(9.10190639729524e-12,-4.30542946886841e-10,-1.76617435674557e-12)
(1.02754581346173e-11,-6.32062485150172e-10,-3.75511535826499e-12)
(1.03086341872202e-11,-9.17722312215335e-10,-3.28591145744642e-12)
(1.03918884381677e-11,-1.26469638615328e-09,-1.95255848938704e-12)
(0,0,0)
(0,0,0)
(0,0,0)
(0,0,0)
(0,0,0)
(0,0,0)
(2.40597353038361e-12,-2.01213540157976e-11,4.45161331619995e-11)
(4.61953412752886e-12,-4.45625002707043e-11,4.35881592760003e-11)
(6.59500599006976e-12,-7.6870666622206e-11,4.05026687856203e-11)
(9.09508338049594e-12,-1.22269433918989e-10,3.38797721218037e-11)
(1.18752641952658e-11,-1.87530881179915e-10,2.39062625750079e-11)
(1.40948107211847e-11,-2.85220920525596e-10,1.0611904263955e-11)
(1.56158165608782e-11,-4.29593127368222e-10,-3.15847857120513e-12)
(1.85217316261757e-11,-6.33878367484514e-10,-6.86353456391975e-12)
(1.91529538469685e-11,-9.2033510087859e-10,-4.833292702202e-12)
(1.94478587125507e-11,-1.26753751683582e-09,-2.309438385314e-12)
(0,0,0)
(0,0,0)
(0,0,0)
(0,0,0)
(0,0,0)
(0,0,0)
(3.63071275078447e-12,-1.89653042764208e-11,7.79941387577208e-11)
(6.65007833583963e-12,-4.10447928710727e-11,7.65408577682282e-11)
(8.83319050544786e-12,-7.01176648072514e-11,7.19165528176803e-11)
(1.11204300429652e-11,-1.11764090282523e-10,6.2445127916418e-11)
(1.44981274887006e-11,-1.73900418542722e-10,4.65189177059503e-11)
(1.68211092416718e-11,-2.72304542578083e-10,2.34364711866752e-11)
(1.88469888072062e-11,-4.27401300917443e-10,-3.06415845950399e-12)
(2.60583634085377e-11,-6.38610824771797e-10,-6.22091299301978e-12)
(2.78208755396046e-11,-9.25273329179254e-10,-1.46486680495672e-12)
(2.80716691220586e-11,-1.271626266927e-09,7.24516672837652e-13)
(0,0,0)
(0,0,0)
(0,0,0)
(0,0,0)
(0,0,0)
(0,0,0)
(3.83069706589984e-12,-1.67618800952377e-11,1.2493460263262e-10)
(7.17187877831506e-12,-3.53577406424154e-11,1.23012802294022e-10)
(9.54286372688306e-12,-5.98882479334061e-11,1.17334371616082e-10)
(1.12487142137887e-11,-9.52050151097246e-11,1.0576034557229e-10)
(1.28899467843324e-11,-1.50198125900242e-10,8.64090462779407e-11)
(1.29017865011603e-11,-2.45504942590855e-10,5.64333821390827e-11)
(1.51603509777011e-11,-4.2146390264029e-10,1.51981099642324e-11)
(3.12937782900316e-11,-6.48479055683074e-10,1.42526456065193e-11)
(3.47370007161184e-11,-9.31783233990216e-10,1.59023160202415e-11)
(3.46896366726799e-11,-1.2739257887725e-09,1.04722719220979e-11)
(0,0,0)
(0,0,0)
(0,0,0)
(0,0,0)
(0,0,0)
(0,0,0)
(2.67859869979393e-12,-1.42210760791917e-11,1.90680578162138e-10)
(5.89200351874832e-12,-2.88611558343386e-11,1.881438637801e-10)
(8.56731839866521e-12,-4.72821544690582e-11,1.81931346951482e-10)
(9.71614891018702e-12,-7.39189938217308e-11,1.71561926647456e-10)
(8.68410506162343e-12,-1.16257684060174e-10,1.55796998532182e-10)
(6.87649633851516e-12,-1.94006885625855e-10,1.3711484598727e-10)
(3.39965014748644e-11,-3.74160925366372e-10,1.46546789710421e-10)
(3.94574863527055e-11,-6.58329313384072e-10,9.61243211442536e-11)
(3.97144923759004e-11,-9.33119541440988e-10,6.45594732098373e-11)
(3.91016192599963e-11,-1.26743933287776e-09,3.35269395526512e-11)
(0,0,0)
(0,0,0)
(0,0,0)
(0,0,0)
(0,0,0)
(0,0,0)
(2.41874627186464e-12,-1.11090151727099e-11,2.80349401447658e-10)
(5.12852034813344e-12,-2.15714229262486e-11,2.78067980179255e-10)
(7.53031153484137e-12,-3.43802918413327e-11,2.73609754265643e-10)
(8.70310360601555e-12,-5.27893396450542e-11,2.66625264904274e-10)
(8.32208716586427e-12,-8.39479920513404e-11,2.56455158561263e-10)
(8.29512286904076e-12,-1.55125648443175e-10,2.441526171062e-10)
(3.16182266938218e-11,-3.73500533077539e-10,2.49321652016126e-10)
(3.8628013139604e-11,-6.4551137310681e-10,1.97000558223708e-10)
(3.91974700913762e-11,-9.09493269944665e-10,1.35973745878981e-10)
(3.9085055990156e-11,-1.23674716774065e-09,6.97536819980822e-11)
(0,0,0)
(0,0,0)
(0,0,0)
(0,0,0)
(0,0,0)
(0,0,0)
(3.19628825085041e-12,-8.07643608332781e-12,4.11119099564497e-10)
(5.84556710106595e-12,-1.55266372558239e-11,4.09933968179511e-10)
(7.64381858207883e-12,-2.37463022275835e-11,4.07460928731692e-10)
(9.67734852677117e-12,-3.49863453782533e-11,4.04490456985687e-10)
(1.54115057472029e-11,-5.31316078645476e-11,4.04152544096358e-10)
(3.24586029566391e-11,-9.93214398024625e-11,4.08829188832727e-10)
(2.58850641690052e-11,-3.43772425086137e-10,3.61827400891986e-10)
(3.2212925417017e-11,-6.00911354838624e-10,3.43887275765636e-10)
(3.46402313680822e-11,-8.49516827002666e-10,2.3846169371783e-10)
(3.50483299891045e-11,-1.16877248282084e-09,1.22667255962378e-10)
(0,0,0)
(0,0,0)
(0,0,0)
(0,0,0)
(0,0,0)
(0,0,0)
(3.48843847323931e-12,-6.06565711401403e-12,6.06633781794487e-10)
(6.26788872848351e-12,-1.11880134472858e-11,6.0532893764988e-10)
(8.19894065504047e-12,-1.69111911565154e-11,6.03497916765768e-10)
(1.00760337602005e-11,-2.7471507386455e-11,6.01793237297723e-10)
(1.33962869547686e-11,-5.19361240689029e-11,6.01851321676107e-10)
(2.03028513565193e-11,-1.1893871866071e-10,6.03592998922052e-10)
(2.23214405637115e-11,-3.08118651190316e-10,5.88768011223231e-10)
(2.72283107964626e-11,-4.96479044914857e-10,5.02176391023378e-10)
(3.00109947507323e-11,-7.35076466840696e-10,3.66599695486212e-10)
(3.08004793386952e-11,-1.0465060827224e-09,1.98068823057569e-10)
(0,0,0)
(0,0,0)
(0,0,0)
(0,0,0)
(0,0,0)
(0,0,0)
(3.18981445235751e-12,-4.01446446690086e-12,8.89390170607042e-10)
(5.82605693510927e-12,-7.63472829585699e-12,8.87792543710872e-10)
(8.10473642496358e-12,-1.21107908461128e-11,8.85373995988766e-10)
(9.64053443446291e-12,-2.15883738384339e-11,8.82438643823031e-10)
(1.1820082042553e-11,-4.52058942055928e-11,8.77234894828521e-10)
(1.51459221783838e-11,-1.01430726115223e-10,8.6387778549543e-10)
(1.87054525007691e-11,-2.1684422190568e-10,8.25256252340587e-10)
(2.30533525529443e-11,-3.59263229530308e-10,7.25677461655191e-10)
(2.58442766779465e-11,-5.65509763510723e-10,5.62535218745929e-10)
(2.76740669209473e-11,-8.47653463498776e-10,3.23297922267696e-10)
(0,0,0)
(0,0,0)
(0,0,0)
(0,0,0)
(0,0,0)
(0,0,0)
(2.38932295794082e-12,-2.10693540079812e-12,1.23757384411758e-09)
(4.59006073432696e-12,-4.1040870295846e-12,1.23561185928796e-09)
(7.18711435480706e-12,-6.82428190671994e-12,1.23219710018563e-09)
(8.22022822752348e-12,-1.24391132970844e-11,1.22742710450201e-09)
(1.03193374742504e-11,-2.60318879769066e-11,1.21757310945892e-09)
(1.32401548451621e-11,-5.66709183251067e-11,1.19504346449684e-09)
(1.6933247782606e-11,-1.13185904677565e-10,1.14241760464243e-09)
(2.10593353415291e-11,-1.93686402833753e-10,1.03242216524104e-09)
(2.42754913192431e-11,-3.23925228524206e-10,8.40794910166925e-10)
(2.68718806681744e-11,-5.21853756071128e-10,5.18919649713584e-10)
(0,0,0)
(0,0,0)
(0,0,0)
(0,0,0)
(0,0,0)
(0,0,0)
(0,0,0)
(0,0,0)
(0,0,0)
(0,0,0)
(0,0,0)
(0,0,0)
(0,0,0)
(0,0,0)
(0,0,0)
(0,0,0)
(0,0,0)
(0,0,0)
(0,0,0)
(0,0,0)
(0,0,0)
(0,0,0)
(0,0,0)
(0,0,0)
(0,0,0)
(0,0,0)
(0,0,0)
(0,0,0)
(0,0,0)
(0,0,0)
(0,0,0)
(0,0,0)
(0,0,0)
(0,0,0)
(0,0,0)
(0,0,0)
(0,0,0)
(0,0,0)
(0,0,0)
(0,0,0)
(0,0,0)
(0,0,0)
(0,0,0)
(0,0,0)
(0,0,0)
(0,0,0)
(0,0,0)
(0,0,0)
(0,0,0)
(0,0,0)
(0,0,0)
(0,0,0)
(0,0,0)
(0,0,0)
(0,0,0)
(0,0,0)
(0,0,0)
(0,0,0)
(0,0,0)
(0,0,0)
(0,0,0)
(0,0,0)
(0,0,0)
(0,0,0)
(0,0,0)
(0,0,0)
(0,0,0)
(0,0,0)
(0,0,0)
(0,0,0)
(0,0,0)
(0,0,0)
(0,0,0)
(0,0,0)
(0,0,0)
(0,0,0)
(0,0,0)
(0,0,0)
(0,0,0)
(0,0,0)
(0,0,0)
(0,0,0)
(0,0,0)
(0,0,0)
(0,0,0)
(0,0,0)
(0,0,0)
(0,0,0)
(0,0,0)
(0,0,0)
(0,0,0)
(0,0,0)
(0,0,0)
(0,0,0)
(0,0,0)
(0,0,0)
(0,0,0)
(0,0,0)
(0,0,0)
(0,0,0)
(0,0,0)
(0,0,0)
(1.31494293911321e-12,-2.59220308644106e-11,2.39312715422371e-11)
(3.01003342585997e-12,-5.59023537841922e-11,2.306767782055e-11)
(4.61858821900939e-12,-9.47914004121282e-11,2.105297795803e-11)
(5.4944289713711e-12,-1.45250935913432e-10,1.69432958666566e-11)
(6.9180224813769e-12,-2.13584587759126e-10,1.04934905798026e-11)
(8.91245727803038e-12,-3.0754886662301e-10,1.32581057383694e-12)
(1.01410278801776e-11,-4.34193215874781e-10,-7.85635195770486e-12)
(1.16221365681412e-11,-5.91117881279077e-10,-9.82230326171411e-12)
(1.15880698823659e-11,-7.674463542543e-10,-7.28296587435319e-12)
(1.12804606313287e-11,-9.15749916602461e-10,-3.96134844243641e-12)
(0,0,0)
(0,0,0)
(0,0,0)
(0,0,0)
(0,0,0)
(0,0,0)
(2.17789767701099e-12,-2.48060213252374e-11,5.39901432281333e-11)
(4.18731721828807e-12,-5.34831206157457e-11,5.25754793483789e-11)
(6.46490083890826e-12,-8.99458166177159e-11,4.79635515812061e-11)
(8.56324929087154e-12,-1.38135777597832e-10,3.91248170910981e-11)
(1.15391598691004e-11,-2.04412975307547e-10,2.42916898793084e-11)
(1.49488156088488e-11,-2.9953648891518e-10,1.92163045492974e-12)
(1.71290461027987e-11,-4.34479925824704e-10,-2.34004411567936e-11)
(2.12239470518008e-11,-5.95267544288127e-10,-2.50453604402708e-11)
(2.1567327830763e-11,-7.71435134196136e-10,-1.59022011776112e-11)
(2.12271704183206e-11,-9.19531317129726e-10,-7.4665948296905e-12)
(0,0,0)
(0,0,0)
(0,0,0)
(0,0,0)
(0,0,0)
(0,0,0)
(2.88056955908862e-12,-2.27597000322962e-11,9.28080473918493e-11)
(5.58733105771733e-12,-4.80796621189466e-11,9.05037569895411e-11)
(8.07519853286278e-12,-8.02646263865677e-11,8.37264757824109e-11)
(1.04875650806515e-11,-1.23105755756214e-10,7.02860790066277e-11)
(1.38782813655032e-11,-1.8315730861855e-10,4.55292479639817e-11)
(1.65221389005247e-11,-2.78271426384252e-10,2.80067534537852e-12)
(1.60663450637002e-11,-4.40373172793021e-10,-6.26862483079057e-11)
(3.11705481316003e-11,-6.10086679018581e-10,-4.91331412189375e-11)
(3.2141396872688e-11,-7.825775678915e-10,-2.29552601039364e-11)
(3.10957076407668e-11,-9.27833980728785e-10,-7.8753920826447e-12)
(0,0,0)
(0,0,0)
(0,0,0)
(0,0,0)
(0,0,0)
(0,0,0)
(3.21169338849268e-12,-1.92744013469855e-11,1.43242999335407e-10)
(6.35372464818079e-12,-4.01688247020062e-11,1.40323522519846e-10)
(8.51079630632278e-12,-6.61645858172745e-11,1.32461003797437e-10)
(9.31399222011918e-12,-9.93172574736934e-11,1.15854574758138e-10)
(8.92516908313046e-12,-1.44541028617615e-10,8.43391826391272e-11)
(2.63900171099755e-12,-2.2593565127213e-10,1.92075036409662e-11)
(-3.11971619384616e-11,-4.79241908327436e-10,-1.66469906234373e-10)
(3.94943655771643e-11,-6.54389231385648e-10,-6.7884089355132e-11)
(4.15033522651196e-11,-8.04570291103531e-10,-1.54103142796323e-11)
(3.86754526997887e-11,-9.37833867280945e-10,-1.64859240244413e-13)
(0,0,0)
(0,0,0)
(0,0,0)
(0,0,0)
(0,0,0)
(0,0,0)
(2.10325217535299e-12,-1.5449414840194e-11,2.09556013310875e-10)
(4.81478743928017e-12,-3.13835200415164e-11,2.06079832044076e-10)
(6.03487607495168e-12,-4.89321389305866e-11,1.9787201348834e-10)
(4.35142284877389e-12,-6.89754122838338e-11,1.82550025636008e-10)
(-4.94343440226968e-12,-8.74185073136871e-11,1.54365972449664e-10)
(-4.14366845673703e-11,-8.42149900856914e-11,1.01417426682878e-10)
(8.37585777522334e-11,-9.02649209029171e-10,-7.57394300542552e-18)
(5.82043940098058e-11,-7.68649031140296e-10,7.1514191496173e-11)
(4.71207545367444e-11,-8.34282270522305e-10,4.93789931263846e-11)
(4.19363936758395e-11,-9.41693499048174e-10,2.7380296590715e-11)
(0,0,0)
(0,0,0)
(0,0,0)
(0,0,0)
(0,0,0)
(0,0,0)
(1.66758845091247e-12,-1.17090885538026e-11,2.95185118996881e-10)
(3.54196059131277e-12,-2.26607477711836e-11,2.9238185854205e-10)
(3.88081128249422e-12,-3.26097832085629e-11,2.8642286347727e-10)
(1.07021568219752e-12,-4.01384936440866e-11,2.76016566268727e-10)
(-1.01917555658976e-11,-3.7703378659949e-11,2.56910864272588e-10)
(-5.26781206816288e-11,-1.26133206506867e-11,2.11374540169188e-10)
(5.42112124948611e-11,-8.9040481072681e-10,-9.54944460429346e-17)
(5.50548072162124e-11,-7.71804651611165e-10,1.99545384125755e-10)
(4.54410910302996e-11,-8.20495487104193e-10,1.34210912253324e-10)
(4.08640530682163e-11,-9.16156000997233e-10,6.81047797790633e-11)
(0,0,0)
(0,0,0)
(0,0,0)
(0,0,0)
(0,0,0)
(0,0,0)
(2.37064066657626e-12,-8.55576882969229e-12,4.09652524508674e-10)
(3.97998274031012e-12,-1.56244422499706e-11,4.08027964754091e-10)
(3.7791792570302e-12,-1.95450600010276e-11,4.0506743504229e-10)
(2.5004234243093e-12,-1.52022655007488e-11,4.02950396474496e-10)
(9.5393772150814e-12,2.22987134550585e-11,4.13967089307484e-10)
(9.90776697556666e-11,2.1766957021973e-10,5.07052123910013e-10)
(8.17141539970844e-12,-1.03573907723486e-09,1.10051036591588e-09)
(3.32061975409672e-11,-7.50775236190584e-10,4.95547811690975e-10)
(3.59943089615045e-11,-7.61510991527352e-10,2.65230901378952e-10)
(3.54491858531459e-11,-8.47584460618823e-10,1.24062098167325e-10)
(0,0,0)
(0,0,0)
(0,0,0)
(0,0,0)
(0,0,0)
(0,0,0)
(2.7420899707516e-12,-6.12738220175227e-12,5.57694460336387e-10)
(4.54562446114404e-12,-1.07142431567378e-11,5.56551893994906e-10)
(5.10321981271857e-12,-1.27647935736757e-11,5.55332822029112e-10)
(4.13481583364372e-12,-1.18687348209601e-11,5.56392080017956e-10)
(4.92437984567657e-12,-7.42461242746208e-12,5.6772563985728e-10)
(1.76198465096133e-11,-2.86435588601452e-11,6.13298587232418e-10)
(1.76386314791286e-11,-4.22605122280951e-10,7.22407782593357e-10)
(2.55891909490138e-11,-5.26043429823607e-10,5.32424547355272e-10)
(2.89751638495761e-11,-6.19165753634881e-10,3.48642040011929e-10)
(3.00166831723076e-11,-7.21004507347774e-10,1.76317998667478e-10)
(0,0,0)
(0,0,0)
(0,0,0)
(0,0,0)
(0,0,0)
(0,0,0)
(2.8799122823045e-12,-3.99506886218455e-12,7.2991067304677e-10)
(4.71396339096439e-12,-7.3925008430101e-12,7.28690893163992e-10)
(5.75357965141567e-12,-9.54264219128437e-12,7.26727622353539e-10)
(5.69502288753852e-12,-1.35765668251638e-11,7.25805587388591e-10)
(6.0031851469193e-12,-2.70509493889418e-11,7.27087790445688e-10)
(9.00764754304187e-12,-7.62762666061434e-11,7.30514950356229e-10)
(1.46259259579956e-11,-2.32328641942012e-10,7.20053992906902e-10)
(2.06187687657806e-11,-3.39735439395639e-10,6.03214779499337e-10)
(2.34970381696032e-11,-4.43184356989546e-10,4.38357061739726e-10)
(2.51722817609913e-11,-5.41170513703652e-10,2.35873029966864e-10)
(0,0,0)
(0,0,0)
(0,0,0)
(0,0,0)
(0,0,0)
(0,0,0)
(2.24437238676233e-12,-2.038850306749e-12,8.79137224460817e-10)
(3.90073280706896e-12,-3.85843711885048e-12,8.77470144526239e-10)
(5.13282813171137e-12,-5.39548935117202e-12,8.7420145849522e-10)
(5.63510997353398e-12,-9.2570624809392e-12,8.70751700471845e-10)
(6.81709445942553e-12,-2.01655225624821e-11,8.6474498825924e-10)
(9.19509637454006e-12,-4.95654215672116e-11,8.49437068029049e-10)
(1.37427825062614e-11,-1.1089518033206e-10,8.06049610151787e-10)
(1.90001875820646e-11,-1.71284468380159e-10,6.98672133565228e-10)
(2.22255232482111e-11,-2.36886065354291e-10,5.30829503238883e-10)
(2.39377743107284e-11,-3.01445728269908e-10,2.97441935193762e-10)
(0,0,0)
(0,0,0)
(0,0,0)
(0,0,0)
(0,0,0)
(0,0,0)
(0,0,0)
(0,0,0)
(0,0,0)
(0,0,0)
(0,0,0)
(0,0,0)
(0,0,0)
(0,0,0)
(0,0,0)
(0,0,0)
(0,0,0)
(0,0,0)
(0,0,0)
(0,0,0)
(0,0,0)
(0,0,0)
(0,0,0)
(0,0,0)
(0,0,0)
(0,0,0)
(0,0,0)
(0,0,0)
(0,0,0)
(0,0,0)
(0,0,0)
(0,0,0)
(0,0,0)
(0,0,0)
(0,0,0)
(0,0,0)
(0,0,0)
(0,0,0)
(0,0,0)
(0,0,0)
(0,0,0)
(0,0,0)
(0,0,0)
(0,0,0)
(0,0,0)
(0,0,0)
(0,0,0)
(0,0,0)
(0,0,0)
(0,0,0)
(0,0,0)
(0,0,0)
(0,0,0)
(0,0,0)
(0,0,0)
(0,0,0)
(0,0,0)
(0,0,0)
(0,0,0)
(0,0,0)
(0,0,0)
(0,0,0)
(0,0,0)
(0,0,0)
(0,0,0)
(0,0,0)
(0,0,0)
(0,0,0)
(0,0,0)
(0,0,0)
(0,0,0)
(0,0,0)
(0,0,0)
(0,0,0)
(0,0,0)
(0,0,0)
(0,0,0)
(0,0,0)
(0,0,0)
(0,0,0)
(0,0,0)
(0,0,0)
(0,0,0)
(0,0,0)
(0,0,0)
(0,0,0)
(0,0,0)
(0,0,0)
(0,0,0)
(0,0,0)
(0,0,0)
(0,0,0)
(0,0,0)
(0,0,0)
(0,0,0)
(0,0,0)
(0,0,0)
(0,0,0)
(0,0,0)
(0,0,0)
(0,0,0)
(0,0,0)
(1.06252712163418e-12,-3.03977937042477e-11,2.81355217210895e-11)
(2.60550011994431e-12,-6.38704104234315e-11,2.68119705766115e-11)
(3.88268651596827e-12,-1.03766936397778e-10,2.40051978043923e-11)
(4.82907594263106e-12,-1.52719924776389e-10,1.89213300571703e-11)
(6.91409003575836e-12,-2.16834202185279e-10,1.0704180946891e-11)
(1.00822421017607e-11,-3.00327282070794e-10,-8.96980275331566e-13)
(1.23936891340839e-11,-4.06189078897764e-10,-1.2958280545594e-11)
(1.32324621898291e-11,-5.23922097111969e-10,-1.4787099954542e-11)
(1.22552323922863e-11,-6.35646493842422e-10,-1.00231098753343e-11)
(1.11005127162192e-11,-7.11605616155637e-10,-4.74728679796513e-12)
(0,0,0)
(0,0,0)
(0,0,0)
(0,0,0)
(0,0,0)
(0,0,0)
(1.54624026385994e-12,-2.88040896271644e-11,6.12583568324358e-11)
(3.39578648864414e-12,-6.05632216396697e-11,5.90357754901029e-11)
(5.62244509788039e-12,-9.79133855661629e-11,5.29788869177466e-11)
(8.36635466100884e-12,-1.44037599834917e-10,4.21473029858841e-11)
(1.2653552604528e-11,-2.04791073626886e-10,2.37146575886399e-11)
(1.90058246896548e-11,-2.88122352884924e-10,-5.3643611298011e-12)
(2.46672123546235e-11,-4.0496632357364e-10,-4.35252184624718e-11)
(2.6899922519489e-11,-5.28353966008981e-10,-4.32028564152147e-11)
(2.42741551782579e-11,-6.40098622052272e-10,-2.5648077355806e-11)
(2.20632391877318e-11,-7.15541927675378e-10,-1.1112110293088e-11)
(0,0,0)
(0,0,0)
(0,0,0)
(0,0,0)
(0,0,0)
(0,0,0)
(1.69956127605725e-12,-2.6244556683675e-11,1.00936822398705e-10)
(4.45377484793581e-12,-5.3948346232104e-11,9.72871348760127e-11)
(7.41555473935992e-12,-8.62058587206942e-11,8.85660723006586e-11)
(1.14558978407235e-11,-1.25220396484418e-10,7.2343194236517e-11)
(1.79905739831478e-11,-1.75462892577417e-10,4.30889540932154e-11)
(2.96732874417371e-11,-2.50315341392897e-10,-1.14298652717276e-11)
(4.13819735092276e-11,-4.08893564869064e-10,-1.3620547171006e-10)
(4.92952193836315e-11,-5.46948538660633e-10,-1.07665585269365e-10)
(3.90542520633926e-11,-6.54248530447508e-10,-4.79402305011216e-11)
(3.32202021104089e-11,-7.25500033940873e-10,-1.64619154991714e-11)
(0,0,0)
(0,0,0)
(0,0,0)
(0,0,0)
(0,0,0)
(0,0,0)
(2.30618369725326e-12,-2.231435265253e-11,1.50285922799383e-10)
(5.43093871011509e-12,-4.48697518703504e-11,1.45748478954572e-10)
(7.88477845894768e-12,-6.95992642008154e-11,1.35861101063851e-10)
(1.04875391492832e-11,-9.60593139533136e-11,1.16845616200187e-10)
(1.69343267773619e-11,-1.2111305500466e-10,8.4367566080785e-11)
(4.65957503998493e-11,-1.26058521524525e-10,3.61202545801403e-11)
(2.93624321884032e-10,-4.55198084610347e-10,2.85771002346509e-17)
(1.01280390256337e-10,-6.11455653549106e-10,-2.61255566394828e-10)
(5.59698766444385e-11,-6.86041349138229e-10,-6.57267420534513e-11)
(4.23702252265025e-11,-7.40321305242326e-10,-1.41494885423288e-11)
(0,0,0)
(0,0,0)
(0,0,0)
(0,0,0)
(0,0,0)
(0,0,0)
(1.83910715575338e-12,-1.72746142196618e-11,2.11491673187258e-10)
(4.29983372468185e-12,-3.44392468693103e-11,2.06939781497839e-10)
(5.03450820525768e-12,-5.05111352971651e-11,1.9699476978639e-10)
(3.69855739536209e-12,-6.44458893954408e-11,1.77955875711248e-10)
(-1.71001728921254e-12,-7.25441309201445e-11,1.43742610831846e-10)
(-1.16209197454899e-11,-6.91636168628017e-11,8.60013741525916e-11)
(-1.96202424813481e-17,1.18124756210712e-16,-4.77044777186166e-18)
(8.34952128504829e-11,-8.10438335170438e-10,9.69349565697926e-18)
(5.53326676542751e-11,-7.3671399567662e-10,1.53206881475632e-11)
(4.3779192215735e-11,-7.5163323715476e-10,1.5222066388314e-11)
(0,0,0)
(0,0,0)
(0,0,0)
(0,0,0)
(0,0,0)
(0,0,0)
(1.31752918162978e-12,-1.25180746053927e-11,2.86493031081469e-10)
(2.4646501348922e-12,-2.42128422190542e-11,2.82719051199324e-10)
(1.22238528348131e-12,-3.22606341689844e-11,2.74517849060043e-10)
(-4.76031046497443e-12,-3.34364681533926e-11,2.5859975995376e-10)
(-2.46575235775258e-11,-2.31104461423962e-11,2.27252343637213e-10)
(-7.15863758883367e-11,-2.69451785486111e-13,1.58756057485103e-10)
(-6.17287931660331e-19,8.94067523907555e-17,-8.7371056356392e-18)
(9.93598636679711e-11,-8.02462577346291e-10,-4.35772188752833e-17)
(5.25627279277801e-11,-7.28735458215862e-10,8.7467212833234e-11)
(4.03972924687378e-11,-7.31418863270564e-10,5.45704131503492e-11)
(0,0,0)
(0,0,0)
(0,0,0)
(0,0,0)
(0,0,0)
(0,0,0)
(1.56681379319757e-12,-8.87055369845087e-12,3.7945546123498e-10)
(2.03031335890991e-12,-1.59764161709144e-11,3.76646808463672e-10)
(-8.84048602530532e-13,-1.74769674210303e-11,3.71130895993503e-10)
(-1.18498000884905e-11,-6.53496190078029e-12,3.62066261993427e-10)
(-5.38223315049154e-11,3.07383218151087e-11,3.46501316568431e-10)
(-2.48067443170422e-10,1.13351907898627e-10,2.9784860906816e-10)
(1.46708249153912e-17,1.22956514349777e-16,-1.51779604129569e-16)
(3.87913014859708e-11,-8.46469678850824e-10,5.24414539864518e-10)
(3.4817874280712e-11,-6.8158341033374e-10,2.52388149864862e-10)
(3.29313307493579e-11,-6.68706829011192e-10,1.12898071821281e-10)
(0,0,0)
(0,0,0)
(0,0,0)
(0,0,0)
(0,0,0)
(0,0,0)
(1.75234297257593e-12,-6.10049271948064e-12,4.86303483044722e-10)
(2.44295411327891e-12,-1.01902453328669e-11,4.84283768130492e-10)
(8.2181044143331e-13,-8.84195207761013e-12,4.81831658439953e-10)
(-5.49091200143106e-12,4.84442125101178e-12,4.8097676315164e-10)
(-2.10222305680123e-11,5.47403270862692e-11,4.90809345701355e-10)
(-4.38566411053076e-11,2.39989927336623e-10,5.49363016938644e-10)
(1.73453863783427e-11,-5.24414559326287e-10,8.36348832885667e-10)
(2.30637078643006e-11,-5.28920142539505e-10,5.24683842353695e-10)
(2.53178085487011e-11,-5.26748230783819e-10,3.14080936851229e-10)
(2.65006881957614e-11,-5.47342878491745e-10,1.51050558078287e-10)
(0,0,0)
(0,0,0)
(0,0,0)
(0,0,0)
(0,0,0)
(0,0,0)
(2.14347360966247e-12,-3.7502691747769e-12,5.93041355029357e-10)
(3.14317047720207e-12,-6.75764447346081e-12,5.91680168246483e-10)
(2.52846177631349e-12,-6.55520405133841e-12,5.89713277537117e-10)
(9.3315486171008e-14,-3.4746165414835e-12,5.88804681250586e-10)
(-4.30940159007706e-12,1.05767382745644e-12,5.92424865807327e-10)
(-7.24224004657084e-12,-1.55945635448097e-11,6.08093052387825e-10)
(1.00316777556089e-11,-2.2786013936598e-10,6.33856473287587e-10)
(1.70255155099244e-11,-3.089113096011e-10,5.06121803180211e-10)
(1.96827783072375e-11,-3.55737621247984e-10,3.48673874043546e-10)
(2.13205262941372e-11,-3.89858623861367e-10,1.79371151527528e-10)
(0,0,0)
(0,0,0)
(0,0,0)
(0,0,0)
(0,0,0)
(0,0,0)
(1.87260201459067e-12,-1.8454234411937e-12,6.68921324584623e-10)
(3.31098171923842e-12,-3.68888606471955e-12,6.67059019362653e-10)
(3.18709680391327e-12,-3.99673340596524e-12,6.63839326482178e-10)
(2.38475970520042e-12,-5.11591744430688e-12,6.60976953320033e-10)
(1.9594921271328e-12,-1.05556089283011e-11,6.57183568091193e-10)
(3.01713268458934e-12,-3.298227207773e-11,6.48834588731937e-10)
(1.02250787607609e-11,-9.96739068863816e-11,6.18788047461813e-10)
(1.55583495282545e-11,-1.46967062438058e-10,5.20963214418133e-10)
(1.87270259390631e-11,-1.81369200372594e-10,3.77914079443336e-10)
(1.99339812345409e-11,-2.05492136499001e-10,2.01039498328548e-10)
(0,0,0)
(0,0,0)
(0,0,0)
(0,0,0)
(0,0,0)
(0,0,0)
(0,0,0)
(0,0,0)
(0,0,0)
(0,0,0)
(0,0,0)
(0,0,0)
(0,0,0)
(0,0,0)
(0,0,0)
(0,0,0)
(0,0,0)
(0,0,0)
(0,0,0)
(0,0,0)
(0,0,0)
(0,0,0)
(0,0,0)
(0,0,0)
(0,0,0)
(0,0,0)
(0,0,0)
(0,0,0)
(0,0,0)
(0,0,0)
(0,0,0)
(0,0,0)
(0,0,0)
(0,0,0)
(0,0,0)
(0,0,0)
(0,0,0)
(0,0,0)
(0,0,0)
(0,0,0)
(0,0,0)
(0,0,0)
(0,0,0)
(0,0,0)
(0,0,0)
(0,0,0)
(0,0,0)
(0,0,0)
(0,0,0)
(0,0,0)
(0,0,0)
(0,0,0)
(0,0,0)
(0,0,0)
(0,0,0)
(0,0,0)
(0,0,0)
(0,0,0)
(0,0,0)
(0,0,0)
(0,0,0)
(0,0,0)
(0,0,0)
(0,0,0)
(0,0,0)
(0,0,0)
(0,0,0)
(0,0,0)
(0,0,0)
(0,0,0)
(0,0,0)
(0,0,0)
(0,0,0)
(0,0,0)
(0,0,0)
(0,0,0)
(0,0,0)
(0,0,0)
(0,0,0)
(0,0,0)
(0,0,0)
(0,0,0)
(0,0,0)
(0,0,0)
(0,0,0)
(0,0,0)
(0,0,0)
(0,0,0)
(0,0,0)
(0,0,0)
(0,0,0)
(0,0,0)
(0,0,0)
(0,0,0)
(0,0,0)
(0,0,0)
(0,0,0)
(0,0,0)
(0,0,0)
(0,0,0)
(0,0,0)
(0,0,0)
(7.92374189035327e-13,-3.20438613606922e-11,2.92678443979974e-11)
(2.10508410840155e-12,-6.71631477151031e-11,2.79331218817043e-11)
(3.11300343158012e-12,-1.0735954187458e-10,2.49815560229976e-11)
(4.3639001114284e-12,-1.53775213791364e-10,1.93758227336874e-11)
(6.47212269959748e-12,-2.10850973415953e-10,1.07491320384278e-11)
(9.93861318612641e-12,-2.810677265336e-10,-9.63729174301243e-13)
(1.29997532189635e-11,-3.65755807924043e-10,-1.30360631610227e-11)
(1.2900341007553e-11,-4.55213218470217e-10,-1.50533887241407e-11)
(1.14315375248302e-11,-5.30798144123768e-10,-1.03653351298498e-11)
(1.02895374380474e-11,-5.75335141847404e-10,-4.95494819181546e-12)
(0,0,0)
(0,0,0)
(0,0,0)
(0,0,0)
(0,0,0)
(0,0,0)
(1.20928866271968e-12,-3.0493386035627e-11,6.36150418666278e-11)
(2.83779965341766e-12,-6.35004834525709e-11,6.11073666672452e-11)
(4.74650218428767e-12,-1.01161109731106e-10,5.49136398985784e-11)
(7.98179670773674e-12,-1.44533691480919e-10,4.31326151113536e-11)
(1.24043902735089e-11,-1.9790449910318e-10,2.40542396713819e-11)
(1.93596705302725e-11,-2.67132342213496e-10,-5.23152434834661e-12)
(2.82720916027635e-11,-3.61381271729312e-10,-4.32576141693821e-11)
(2.79397161117636e-11,-4.57372025359344e-10,-4.43297316872058e-11)
(2.38880965106844e-11,-5.34009342076366e-10,-2.67982352815249e-11)
(2.09092351601714e-11,-5.78353073064998e-10,-1.155023435298e-11)
(0,0,0)
(0,0,0)
(0,0,0)
(0,0,0)
(0,0,0)
(0,0,0)
(1.4190447676101e-12,-2.78776427488345e-11,1.02176641931438e-10)
(4.09624306154395e-12,-5.66721540439785e-11,9.82954188534859e-11)
(7.03183828361333e-12,-8.876072333431e-11,8.9710676183263e-11)
(1.15490554529257e-11,-1.2457233400588e-10,7.3014703948283e-11)
(1.81595557752867e-11,-1.66949053540205e-10,4.39812855216443e-11)
(3.01920740117031e-11,-2.2583507460307e-10,-8.86619641213667e-12)
(5.91466068098256e-11,-3.55572067547626e-10,-1.27137263416515e-10)
(5.40769795037814e-11,-4.69603771865249e-10,-1.09320912534373e-10)
(3.93687557521467e-11,-5.45097833306304e-10,-5.08213565292445e-11)
(3.15795579125347e-11,-5.86640777566358e-10,-1.76441452829731e-11)
(0,0,0)
(0,0,0)
(0,0,0)
(0,0,0)
(0,0,0)
(0,0,0)
(1.80388910921004e-12,-2.37907227037533e-11,1.4820020242117e-10)
(4.88781159979529e-12,-4.74747453260701e-11,1.433369584647e-10)
(7.81213441899522e-12,-7.17104863469296e-11,1.3324104646359e-10)
(1.13521647108077e-11,-9.48090813985346e-11,1.14591565928299e-10)
(1.66127141934977e-11,-1.12292774078971e-10,8.38977170709914e-11)
(2.58210717411608e-11,-1.03210234153798e-10,4.00700933534756e-11)
(9.96817141208585e-11,-3.66681081939141e-10,1.63687887800596e-17)
(1.04734247536295e-10,-5.17186961959955e-10,-2.56796635242303e-10)
(5.5065269671738e-11,-5.70361023039798e-10,-7.10589998293992e-11)
(3.95326685966465e-11,-5.98696247832726e-10,-1.68082772971678e-11)
(0,0,0)
(0,0,0)
(0,0,0)
(0,0,0)
(0,0,0)
(0,0,0)
(1.634459230881e-12,-1.85783484072335e-11,2.03288075072991e-10)
(4.01844078589386e-12,-3.68867172574955e-11,1.98327813490978e-10)
(5.82290115219263e-12,-5.32654264014628e-11,1.8774285006231e-10)
(6.90240103274279e-12,-6.51479589098458e-11,1.68294571108924e-10)
(6.59753461226867e-12,-7.010648590458e-11,1.34433236104249e-10)
(5.48629410023e-12,-6.55237625192958e-11,7.90862485372317e-11)
(-5.36618209023222e-18,5.95065802316227e-17,-4.45859137539701e-18)
(6.01987765722698e-11,-6.82126148952831e-10,1.13597932412578e-17)
(4.7452751952793e-11,-6.11549978757152e-10,6.62253424241181e-12)
(3.87868847198634e-11,-6.06901417457843e-10,1.02188336753027e-11)
(0,0,0)
(0,0,0)
(0,0,0)
(0,0,0)
(0,0,0)
(0,0,0)
(1.44398815685524e-12,-1.33531437275097e-11,2.67639960939927e-10)
(2.42942622599627e-12,-2.60110543521978e-11,2.6320921023993e-10)
(2.35680764186291e-12,-3.50102188341952e-11,2.53756581168577e-10)
(-3.14400401116465e-13,-3.56777896458383e-11,2.35460724340688e-10)
(-1.00100053829081e-11,-2.5513498802867e-11,2.01106078941706e-10)
(-2.64516693502433e-11,-7.29219640440126e-12,1.32280607106869e-10)
(6.73063348962355e-19,3.52119724992123e-17,-7.4046979277488e-18)
(5.58997087620519e-11,-6.61496929363394e-10,-3.19987586575124e-17)
(3.83074797285313e-11,-6.00031266295876e-10,6.93994250286268e-11)
(3.22556713596883e-11,-5.86939535051359e-10,4.44921341614507e-11)
(0,0,0)
(0,0,0)
(0,0,0)
(0,0,0)
(0,0,0)
(0,0,0)
(1.60540558550433e-12,-9.05813086727963e-12,3.40243400558311e-10)
(1.76005499106321e-12,-1.69122705512647e-11,3.36838316957161e-10)
(-4.54429945857537e-13,-1.92079383821572e-11,3.29762994988309e-10)
(-7.66423781528924e-12,-9.10953776436217e-12,3.16898942134641e-10)
(-2.91716292758252e-11,2.26524286898297e-11,2.92506070454859e-10)
(-7.68567017606788e-11,8.14720823880599e-11,2.28645322864737e-10)
(5.30950568266913e-18,5.66371163479975e-17,-7.59825295818072e-17)
(-6.73184482571882e-12,-6.96635877218294e-10,4.39397258407001e-10)
(1.94727727743829e-11,-5.58434968021601e-10,2.12074294086754e-10)
(2.44654520511911e-11,-5.32043343290213e-10,9.45858444341169e-11)
(0,0,0)
(0,0,0)
(0,0,0)
(0,0,0)
(0,0,0)
(0,0,0)
(1.42183434210514e-12,-5.90578179699007e-12,4.17070184704789e-10)
(1.46246294439401e-12,-1.04275807602426e-11,4.14661057206227e-10)
(-6.10042296525569e-13,-9.07922853341189e-12,4.1055149844097e-10)
(-7.00445675863052e-12,6.03700287756197e-12,4.0645476586662e-10)
(-2.58932485464923e-11,5.94877519909739e-11,4.09850376548082e-10)
(-7.52579661708491e-11,2.41722028225978e-10,4.53163206202503e-10)
(3.24559569500002e-11,-4.39397275275171e-10,6.96797433759225e-10)
(1.3657780428343e-11,-4.42728720929783e-10,4.39753765128629e-10)
(1.73375777858592e-11,-4.27955723527419e-10,2.60549174450569e-10)
(2.00669916436399e-11,-4.28184536696235e-10,1.23747034775235e-10)
(0,0,0)
(0,0,0)
(0,0,0)
(0,0,0)
(0,0,0)
(0,0,0)
(1.59981465902245e-12,-3.70335254433944e-12,4.86152930576403e-10)
(2.04130277783552e-12,-6.62086361074696e-12,4.8469536827132e-10)
(8.78587417372176e-13,-6.00244424041272e-12,4.81806199551358e-10)
(-1.88556816773938e-12,-1.24427891214604e-12,4.78890155860779e-10)
(-8.36430541480573e-12,8.07878014519103e-12,4.79813630330664e-10)
(-1.56179524134386e-11,9.71216556918258e-13,4.92246685893683e-10)
(9.58011538340637e-12,-1.90576430247352e-10,5.1625604829514e-10)
(1.25291974835432e-11,-2.56413019907976e-10,4.08612194031066e-10)
(1.46170799478686e-11,-2.83699526173889e-10,2.76257609043336e-10)
(1.63251904593677e-11,-2.97612453061008e-10,1.39475092497765e-10)
(0,0,0)
(0,0,0)
(0,0,0)
(0,0,0)
(0,0,0)
(0,0,0)
(1.88948379536712e-12,-2.07293497303397e-12,5.29508456251436e-10)
(2.84178853499332e-12,-3.73405244006952e-12,5.27609054749543e-10)
(2.05273656009365e-12,-3.58017693828813e-12,5.24110678950903e-10)
(1.06222748973379e-12,-3.73476443213366e-12,5.20278051418563e-10)
(-2.47137441911763e-13,-6.77839498036165e-12,5.15750120438841e-10)
(8.14018769824324e-14,-2.42051475448717e-11,5.08509309965735e-10)
(8.37600491805924e-12,-8.30229431925111e-11,4.84532597986557e-10)
(1.16404220649928e-11,-1.20322060892244e-10,4.02788099423411e-10)
(1.42324066812598e-11,-1.41972552981756e-10,2.85755233342618e-10)
(1.54813430640577e-11,-1.52975001486347e-10,1.48316872231194e-10)
(0,0,0)
(0,0,0)
(0,0,0)
(0,0,0)
(0,0,0)
(0,0,0)
(0,0,0)
(0,0,0)
(0,0,0)
(0,0,0)
(0,0,0)
(0,0,0)
(0,0,0)
(0,0,0)
(0,0,0)
(0,0,0)
(0,0,0)
(0,0,0)
(0,0,0)
(0,0,0)
(0,0,0)
(0,0,0)
(0,0,0)
(0,0,0)
(0,0,0)
(0,0,0)
(0,0,0)
(0,0,0)
(0,0,0)
(0,0,0)
(0,0,0)
(0,0,0)
(0,0,0)
(0,0,0)
(0,0,0)
(0,0,0)
(0,0,0)
(0,0,0)
(0,0,0)
(0,0,0)
(0,0,0)
(0,0,0)
(0,0,0)
(0,0,0)
(0,0,0)
(0,0,0)
(0,0,0)
(0,0,0)
(0,0,0)
(0,0,0)
(0,0,0)
(0,0,0)
(0,0,0)
(0,0,0)
(0,0,0)
(0,0,0)
(0,0,0)
(0,0,0)
(0,0,0)
(0,0,0)
(0,0,0)
(0,0,0)
(0,0,0)
(0,0,0)
(0,0,0)
(0,0,0)
(0,0,0)
(0,0,0)
(0,0,0)
(0,0,0)
(0,0,0)
(0,0,0)
(0,0,0)
(0,0,0)
(0,0,0)
(0,0,0)
(0,0,0)
(0,0,0)
(0,0,0)
(0,0,0)
(0,0,0)
(0,0,0)
(0,0,0)
(0,0,0)
(0,0,0)
(0,0,0)
(0,0,0)
(0,0,0)
(0,0,0)
(0,0,0)
(0,0,0)
(0,0,0)
(0,0,0)
(0,0,0)
(0,0,0)
(0,0,0)
(0,0,0)
(0,0,0)
(0,0,0)
(0,0,0)
(0,0,0)
(0,0,0)
(5.76621380326716e-13,-3.27131247723212e-11,2.87129853824998e-11)
(1.39398570454597e-12,-6.84265353018967e-11,2.74345251192016e-11)
(2.52030457741678e-12,-1.07856425173965e-10,2.43418699300084e-11)
(3.74906849623337e-12,-1.51201718976956e-10,1.90359040248999e-11)
(5.23850959955479e-12,-2.01950798878181e-10,1.13746552256691e-11)
(8.07556285274315e-12,-2.61072836018928e-10,1.40269125560484e-12)
(1.06425425873293e-11,-3.28680798254071e-10,-8.38316143559854e-12)
(1.03710943024057e-11,-3.96910326560488e-10,-1.07151126591938e-11)
(9.23234853942853e-12,-4.51419950033989e-10,-7.77432189844829e-12)
(8.35252046385785e-12,-4.81235464885771e-10,-4.07310369739635e-12)
(0,0,0)
(0,0,0)
(0,0,0)
(0,0,0)
(0,0,0)
(0,0,0)
(1.10122057531064e-12,-3.14896009423172e-11,6.21982542885776e-11)
(2.20319701347448e-12,-6.50253372682054e-11,5.97043483963516e-11)
(4.12714057473944e-12,-1.02052238997321e-10,5.39149856807178e-11)
(7.09881467267134e-12,-1.4258673346348e-10,4.31417013280175e-11)
(1.07347087302491e-11,-1.90052209016696e-10,2.64653173017113e-11)
(1.60884927408554e-11,-2.47726357533884e-10,2.16965829441476e-12)
(2.35350049389016e-11,-3.21136383124146e-10,-2.73678539222559e-11)
(2.26399662119797e-11,-3.95394968228883e-10,-3.08694441766442e-11)
(1.97285868120809e-11,-4.51977900950185e-10,-1.96730962216108e-11)
(1.76467053084025e-11,-4.82552127759779e-10,-8.98765866821862e-12)
(0,0,0)
(0,0,0)
(0,0,0)
(0,0,0)
(0,0,0)
(0,0,0)
(1.21334780047362e-12,-2.87477814463984e-11,9.93209990136405e-11)
(3.48357701385539e-12,-5.85545892945478e-11,9.55845047614627e-11)
(6.67757353122171e-12,-9.05527893210742e-11,8.7478935240732e-11)
(1.08192212722143e-11,-1.24310185515115e-10,7.22234964665379e-11)
(1.63507582478652e-11,-1.62334880519298e-10,4.73757370226856e-11)
(2.58383005667736e-11,-2.1071887547659e-10,5.83497322424288e-12)
(5.2439270319217e-11,-3.03655649762109e-10,-7.68223276739533e-11)
(4.3160613593364e-11,-3.95864613286577e-10,-7.27931139399941e-11)
(3.14547342394587e-11,-4.5558296239387e-10,-3.55841931715815e-11)
(2.59908828959333e-11,-4.85932945738458e-10,-1.29227164030185e-11)
(0,0,0)
(0,0,0)
(0,0,0)
(0,0,0)
(0,0,0)
(0,0,0)
(1.45475876915484e-12,-2.4399254787904e-11,1.42094406400825e-10)
(4.39569553234751e-12,-4.93031007586605e-11,1.3760048927642e-10)
(8.01655500878405e-12,-7.42525798757488e-11,1.27599976959533e-10)
(1.23848910794611e-11,-9.73225109528329e-11,1.10339961291535e-10)
(1.82540497365999e-11,-1.15470065157928e-10,8.39665002958779e-11)
(2.82046770913268e-11,-1.12449554884123e-10,4.89328241817619e-11)
(-1.02027757137719e-11,-2.58184166188255e-10,3.43284204783861e-11)
(8.39357991162697e-11,-4.05074155121224e-10,-1.62975791802697e-10)
(4.20035028568476e-11,-4.64150881925987e-10,-4.48088827282208e-11)
(3.09295609245583e-11,-4.89457406948489e-10,-1.03086489711971e-11)
(0,0,0)
(0,0,0)
(0,0,0)
(0,0,0)
(0,0,0)
(0,0,0)
(1.36951613313478e-12,-1.93264134823644e-11,1.90944028741946e-10)
(3.72774130928659e-12,-3.85771961950044e-11,1.86245788258418e-10)
(7.01597253832327e-12,-5.66290993003722e-11,1.75740457012007e-10)
(1.12935667734076e-11,-6.99166419869683e-11,1.57797304032245e-10)
(1.73515350775731e-11,-7.66419646948672e-11,1.29014829073185e-10)
(2.6340980981176e-11,-7.73694759227326e-11,8.24093705177736e-11)
(3.11004102552334e-18,6.01405670791739e-17,-1.59595367771726e-17)
(3.29470341002185e-11,-4.4859473913436e-10,2.36150259524413e-11)
(3.23377400586859e-11,-4.75545029287846e-10,1.69131309338027e-11)
(2.90438359887711e-11,-4.87544276103683e-10,1.24374447656604e-11)
(0,0,0)
(0,0,0)
(0,0,0)
(0,0,0)
(0,0,0)
(0,0,0)
(1.57972599660563e-12,-1.45765818928757e-11,2.45378901434988e-10)
(2.78327149643159e-12,-2.81508796047849e-11,2.41174741232871e-10)
(4.85038401768723e-12,-3.94065078293267e-11,2.32102512392463e-10)
(7.47199311643066e-12,-4.35287378630582e-11,2.1510073496952e-10)
(1.06495389592174e-11,-3.8124596451851e-11,1.85253585613236e-10)
(1.70646663688598e-11,-2.5770600351837e-11,1.2766473877326e-10)
(3.84198022994034e-18,4.03872508661873e-17,-2.15855640988497e-17)
(2.16391995895668e-11,-4.15204613685198e-10,5.73327750838429e-11)
(2.16184723214927e-11,-4.55191929831417e-10,6.97499310660489e-11)
(2.18516137599625e-11,-4.64399144026315e-10,4.00161520994697e-11)
(0,0,0)
(0,0,0)
(0,0,0)
(0,0,0)
(0,0,0)
(0,0,0)
(1.85814011632569e-12,-1.03632734243841e-11,3.02641711367681e-10)
(2.35068716889853e-12,-1.94285883392945e-11,2.99302387582293e-10)
(2.28091305908332e-12,-2.40615046807556e-11,2.92091525260335e-10)
(1.58209322254646e-12,-1.94591503624876e-11,2.79071681754646e-10)
(-2.14620498682699e-12,5.29824321211925e-13,2.5582260053721e-10)
(-8.46124875134611e-12,3.88023197523644e-11,1.99997248170561e-10)
(2.83226024295272e-18,5.05099354454715e-17,-6.89903615526675e-17)
(-3.33160367939672e-11,-4.02127373005094e-10,2.79679409039e-10)
(6.48197793276382e-12,-4.13630973645084e-10,1.6091759848175e-10)
(1.51924898913121e-11,-4.15688855526437e-10,7.58719168619662e-11)
(0,0,0)
(0,0,0)
(0,0,0)
(0,0,0)
(0,0,0)
(0,0,0)
(1.62853258801181e-12,-6.80444070967477e-12,3.59465115178674e-10)
(1.76530456015307e-12,-1.2615972919057e-11,3.57082083155783e-10)
(4.09905984845333e-13,-1.3661037035424e-11,3.51924934131192e-10)
(-3.11878565041789e-12,-4.87392598435952e-12,3.44812226369796e-10)
(-1.77971063551177e-11,2.79794137652166e-11,3.39637331784939e-10)
(-7.81413820585184e-11,1.35181852355159e-10,3.46995009904499e-10)
(4.06787805527968e-11,-2.68810092062627e-10,4.09113320257178e-10)
(6.54667008457689e-12,-3.10764217629195e-10,3.13229896741003e-10)
(9.88352010762884e-12,-3.27642390846991e-10,2.00830817991268e-10)
(1.32419427835814e-11,-3.3442090408384e-10,9.80087323581063e-11)
(0,0,0)
(0,0,0)
(0,0,0)
(0,0,0)
(0,0,0)
(0,0,0)
(1.42695939279605e-12,-4.25639301562774e-12,4.06727786917374e-10)
(2.04366032713286e-12,-7.74305688864152e-12,4.04905452144204e-10)
(1.37236380581167e-12,-8.70238602002384e-12,4.01072653685765e-10)
(-3.1855711765004e-13,-6.55935990954375e-12,3.95719124268594e-10)
(-5.94018585225289e-12,-2.02419566325218e-12,3.91290127405069e-10)
(-1.44509507131091e-11,-1.1806549864003e-11,3.89661697204353e-10)
(9.6704825925915e-12,-1.4027928429446e-10,3.84658570897259e-10)
(8.79282345553705e-12,-1.9555099996419e-10,3.13510532087456e-10)
(9.6726233013026e-12,-2.21228808590102e-10,2.15436214290399e-10)
(1.11628313825014e-11,-2.31921136413613e-10,1.09144465899095e-10)
(0,0,0)
(0,0,0)
(0,0,0)
(0,0,0)
(0,0,0)
(0,0,0)
(1.71595032422683e-12,-2.39450908820567e-12,4.34250672021949e-10)
(2.60611189356402e-12,-4.04701777505833e-12,4.31722859249387e-10)
(2.30518715414552e-12,-4.50577330478122e-12,4.27454230157316e-10)
(1.85539403732219e-12,-5.25954336435253e-12,4.22084542212588e-10)
(2.15278050832034e-13,-8.3956120239107e-12,4.15385021787196e-10)
(-1.47033688710947e-13,-2.27634654487999e-11,4.04280441965745e-10)
(7.09756028869386e-12,-6.56744904893236e-11,3.78170710175941e-10)
(8.35122725354312e-12,-9.45023796088374e-11,3.13581795210281e-10)
(9.69821481090988e-12,-1.11256973252883e-10,2.21660185471037e-10)
(1.08232138088943e-11,-1.18599720336832e-10,1.14127761425477e-10)
(0,0,0)
(0,0,0)
(0,0,0)
(0,0,0)
(0,0,0)
(0,0,0)
(0,0,0)
(0,0,0)
(0,0,0)
(0,0,0)
(0,0,0)
(0,0,0)
(0,0,0)
(0,0,0)
(0,0,0)
(0,0,0)
(0,0,0)
(0,0,0)
(0,0,0)
(0,0,0)
(0,0,0)
(0,0,0)
(0,0,0)
(0,0,0)
(0,0,0)
(0,0,0)
(0,0,0)
(0,0,0)
(0,0,0)
(0,0,0)
(0,0,0)
(0,0,0)
(0,0,0)
(0,0,0)
(0,0,0)
(0,0,0)
(0,0,0)
(0,0,0)
(0,0,0)
(0,0,0)
(0,0,0)
(0,0,0)
(0,0,0)
(0,0,0)
(0,0,0)
(0,0,0)
(0,0,0)
(0,0,0)
(0,0,0)
(0,0,0)
(0,0,0)
(0,0,0)
(0,0,0)
(0,0,0)
(0,0,0)
(0,0,0)
(0,0,0)
(0,0,0)
(0,0,0)
(0,0,0)
(0,0,0)
(0,0,0)
(0,0,0)
(0,0,0)
(0,0,0)
(0,0,0)
(0,0,0)
(0,0,0)
(0,0,0)
(0,0,0)
(0,0,0)
(0,0,0)
(0,0,0)
(0,0,0)
(0,0,0)
(0,0,0)
(0,0,0)
(0,0,0)
(0,0,0)
(0,0,0)
(0,0,0)
(0,0,0)
(0,0,0)
(0,0,0)
(0,0,0)
(0,0,0)
(0,0,0)
(0,0,0)
(0,0,0)
(0,0,0)
(0,0,0)
(0,0,0)
(0,0,0)
(0,0,0)
(0,0,0)
(0,0,0)
(0,0,0)
(0,0,0)
(0,0,0)
(0,0,0)
(0,0,0)
(0,0,0)
(6.31557813672399e-13,-3.34976053005394e-11,2.79894633369993e-11)
(1.08544285999587e-12,-6.90732249325501e-11,2.67433323241375e-11)
(2.02208430592314e-12,-1.07116885188907e-10,2.40983789827228e-11)
(2.79533178197011e-12,-1.47778443237016e-10,2.00637400660039e-11)
(3.31188370812615e-12,-1.93960549478316e-10,1.37849030501314e-11)
(4.51493705890431e-12,-2.45277767165907e-10,5.660293567142e-12)
(5.43007868097229e-12,-3.00528858304881e-10,-1.74094907385326e-12)
(5.91494521009345e-12,-3.53071029555644e-10,-4.59438670236665e-12)
(6.08908125453882e-12,-3.94245777803466e-10,-3.74444674281863e-12)
(5.59607964045994e-12,-4.16470755902518e-10,-1.91037810302765e-12)
(0,0,0)
(0,0,0)
(0,0,0)
(0,0,0)
(0,0,0)
(0,0,0)
(8.53306971633472e-13,-3.21349635397206e-11,5.95590945605088e-11)
(1.52181175546286e-12,-6.60136225298661e-11,5.70555719467069e-11)
(3.40097525116044e-12,-1.02247674906745e-10,5.21403835424671e-11)
(5.49865075062106e-12,-1.40597700003845e-10,4.36599637668232e-11)
(7.3130392401608e-12,-1.84529118332672e-10,3.03380022408928e-11)
(8.61852290021658e-12,-2.35612450053592e-10,1.230144893809e-11)
(9.55586183126959e-12,-2.94627119888703e-10,-6.84636419780818e-12)
(1.19132633146362e-11,-3.50768629346297e-10,-1.20428236029035e-11)
(1.26482107024108e-11,-3.93225462897268e-10,-8.53525828488779e-12)
(1.20398646188917e-11,-4.16097410346085e-10,-3.84675490084409e-12)
(0,0,0)
(0,0,0)
(0,0,0)
(0,0,0)
(0,0,0)
(0,0,0)
(6.01315394168129e-13,-2.92614188467522e-11,9.52649895304757e-11)
(2.33765799869109e-12,-6.01788023321291e-11,9.14028199959337e-11)
(5.6328028601165e-12,-9.22695201940381e-11,8.37735428383667e-11)
(8.67930615381024e-12,-1.2539715074176e-10,7.11346955034429e-11)
(1.10267066849031e-11,-1.63562976837904e-10,5.15109840593344e-11)
(1.0226280872487e-11,-2.1205868015543e-10,2.21443662386514e-11)
(2.93857301141729e-12,-2.83913043346521e-10,-1.91108186851756e-11)
(1.51612346595847e-11,-3.47923884861943e-10,-2.33531306811699e-11)
(1.73611770030102e-11,-3.92311270337455e-10,-1.28134188923257e-11)
(1.65926277029189e-11,-4.15577749555075e-10,-4.58351768869946e-12)
(0,0,0)
(0,0,0)
(0,0,0)
(0,0,0)
(0,0,0)
(0,0,0)
(8.7583458800971e-13,-2.52261965955347e-11,1.34715732639815e-10)
(3.67030328556514e-12,-5.14333243703016e-11,1.30377166353518e-10)
(7.65309010142034e-12,-7.74469697006373e-11,1.20997439317798e-10)
(1.13524831092398e-11,-1.0269768980358e-10,1.06529783748113e-10)
(1.445962538767e-11,-1.29718739077221e-10,8.45429712507581e-11)
(7.7290018333108e-12,-1.65557433076644e-10,4.78305663387126e-11)
(-7.10827897614658e-11,-2.7826133216881e-10,-4.30281689936178e-11)
(9.28947405495141e-12,-3.49462780679182e-10,-2.70231285043588e-11)
(1.88974164616569e-11,-3.92214615050657e-10,-6.46625958582352e-12)
(1.8707781108516e-11,-4.13682973801823e-10,3.88386083152251e-13)
(0,0,0)
(0,0,0)
(0,0,0)
(0,0,0)
(0,0,0)
(0,0,0)
(1.31792502717928e-12,-2.07649120467323e-11,1.78863912306209e-10)
(3.80675596546063e-12,-4.09637620670133e-11,1.74384840371381e-10)
(7.73653404703777e-12,-6.06997711192088e-11,1.64938591052376e-10)
(1.36881376085576e-11,-7.7067505766409e-11,1.5048104079571e-10)
(2.54396253899756e-11,-8.77784408509574e-11,1.3116403713975e-10)
(5.71514918876089e-11,-7.27504425963996e-11,1.1088789363666e-10)
(-2.3615019048621e-11,-3.55089057005943e-10,1.22514182716287e-10)
(6.25880366965105e-12,-3.64060255583308e-10,5.55261574339451e-11)
(1.64603267702873e-11,-3.89440543306526e-10,3.38085388404471e-11)
(1.8336148677088e-11,-4.0498121225039e-10,1.79506145663965e-11)
(0,0,0)
(0,0,0)
(0,0,0)
(0,0,0)
(0,0,0)
(0,0,0)
(1.57057773018795e-12,-1.61869092428202e-11,2.26290032705572e-10)
(3.13320907138013e-12,-3.08351310394433e-11,2.22538998990056e-10)
(6.50715829206494e-12,-4.45655738849678e-11,2.14656123647629e-10)
(1.3249554972147e-11,-5.3969741650935e-11,2.0133220598824e-10)
(2.95839650261238e-11,-5.70532054691421e-11,1.83651509007714e-10)
(8.0156506623507e-11,-4.54920781035635e-11,1.67147187924278e-10)
(-5.73328029501112e-11,-3.09661671590412e-10,1.75247918111348e-10)
(-3.85519707274807e-12,-3.39729201771093e-10,1.14527361811385e-10)
(9.79129510180517e-12,-3.65965232661924e-10,7.67166635530484e-11)
(1.31574773595793e-11,-3.78995656278575e-10,3.93489557296165e-11)
(0,0,0)
(0,0,0)
(0,0,0)
(0,0,0)
(0,0,0)
(0,0,0)
(1.63863118700599e-12,-1.21711089491626e-11,2.73380593569009e-10)
(2.74893407055323e-12,-2.26305750084711e-11,2.69858428777459e-10)
(4.90028891947877e-12,-3.03941465156215e-11,2.63198985767911e-10)
(1.02459500618512e-11,-3.34382730702951e-11,2.53140390511268e-10)
(2.62295579358365e-11,-2.86171238220568e-11,2.42087319535236e-10)
(9.51565358067872e-11,2.00115037860634e-12,2.43572217699881e-10)
(-1.08693326245272e-11,-3.01487596317409e-10,3.45122884793854e-10)
(-5.917381612649e-12,-3.06595084988286e-10,2.11292553845183e-10)
(5.53907675445972e-12,-3.24310193354152e-10,1.29405786023214e-10)
(9.79645531064392e-12,-3.33510714757759e-10,6.28630253936882e-11)
(0,0,0)
(0,0,0)
(0,0,0)
(0,0,0)
(0,0,0)
(0,0,0)
(1.46351691687079e-12,-8.29965788195994e-12,3.16176609266847e-10)
(2.04953755427118e-12,-1.54850715031978e-11,3.13237108950167e-10)
(2.56396273089023e-12,-1.99683120747328e-11,3.0770044471138e-10)
(3.74154285959177e-12,-2.11984171524978e-11,3.0053222733341e-10)
(4.84882495380044e-12,-1.99949380591737e-11,2.94036578444757e-10)
(6.72870980795694e-12,-3.03310249641509e-11,2.93184530435053e-10)
(8.03139630084655e-12,-1.81230114140712e-10,3.03726331805734e-10)
(3.73253116930108e-12,-2.32255629664677e-10,2.37160379871774e-10)
(6.29202348391799e-12,-2.5683683272135e-10,1.57831928691825e-10)
(8.75090747147847e-12,-2.66744933643859e-10,7.85646598495875e-11)
(0,0,0)
(0,0,0)
(0,0,0)
(0,0,0)
(0,0,0)
(0,0,0)
(1.38741023857275e-12,-5.33738856517327e-12,3.50254429857572e-10)
(2.1804196719874e-12,-9.76673433290419e-12,3.47676121864999e-10)
(2.52928050774622e-12,-1.29686845588284e-11,3.43059381348956e-10)
(2.81062320067689e-12,-1.5752776784727e-11,3.36772729348621e-10)
(2.05966070911013e-12,-2.14306298165103e-11,3.29495130094724e-10)
(1.5090911787491e-12,-4.29289088171611e-11,3.20017040824599e-10)
(6.2137275973046e-12,-1.11494236231057e-10,3.01446287048574e-10)
(5.81852089724846e-12,-1.52743704140852e-10,2.46472547570114e-10)
(5.99253635538078e-12,-1.75575749789061e-10,1.71373023923641e-10)
(6.98588120482227e-12,-1.84947476955874e-10,8.73896875254746e-11)
(0,0,0)
(0,0,0)
(0,0,0)
(0,0,0)
(0,0,0)
(0,0,0)
(1.84925400858294e-12,-2.90022965578406e-12,3.69304270292482e-10)
(2.82772321057711e-12,-5.15362889660963e-12,3.66317315232498e-10)
(3.16910179409185e-12,-6.68540842269529e-12,3.61177074072216e-10)
(3.29537109836149e-12,-8.82037462022422e-12,3.54630290898276e-10)
(2.92424584837175e-12,-1.38184140855451e-11,3.46383562134468e-10)
(3.19923265228856e-12,-2.72248126451418e-11,3.32264458323658e-10)
(6.01198476502926e-12,-5.48831997436428e-11,3.04505860954415e-10)
(5.77045738394644e-12,-7.5809521047758e-11,2.51355892465293e-10)
(5.97366560357348e-12,-8.90737663687969e-11,1.77965388152308e-10)
(6.35125489753557e-12,-9.46507949591624e-11,9.17834805357803e-11)
(0,0,0)
(0,0,0)
(0,0,0)
(0,0,0)
(0,0,0)
(0,0,0)
(0,0,0)
(0,0,0)
(0,0,0)
(0,0,0)
(0,0,0)
(0,0,0)
(0,0,0)
(0,0,0)
(0,0,0)
(0,0,0)
(0,0,0)
(0,0,0)
(0,0,0)
(0,0,0)
(0,0,0)
(0,0,0)
(0,0,0)
(0,0,0)
(0,0,0)
(0,0,0)
(0,0,0)
(0,0,0)
(0,0,0)
(0,0,0)
(0,0,0)
(0,0,0)
(0,0,0)
(0,0,0)
(0,0,0)
(0,0,0)
(0,0,0)
(0,0,0)
(0,0,0)
(0,0,0)
(0,0,0)
(0,0,0)
(0,0,0)
(0,0,0)
(0,0,0)
(0,0,0)
(0,0,0)
(0,0,0)
(0,0,0)
(0,0,0)
(0,0,0)
(0,0,0)
(0,0,0)
(0,0,0)
(0,0,0)
(0,0,0)
(0,0,0)
(0,0,0)
(0,0,0)
(0,0,0)
(0,0,0)
(0,0,0)
(0,0,0)
(0,0,0)
(0,0,0)
(0,0,0)
(0,0,0)
(0,0,0)
(0,0,0)
(0,0,0)
(0,0,0)
(0,0,0)
(0,0,0)
(0,0,0)
(0,0,0)
(0,0,0)
(0,0,0)
(0,0,0)
(0,0,0)
(0,0,0)
(0,0,0)
(0,0,0)
(0,0,0)
(0,0,0)
(0,0,0)
(0,0,0)
(0,0,0)
(0,0,0)
(0,0,0)
(0,0,0)
(0,0,0)
(0,0,0)
(0,0,0)
(0,0,0)
(0,0,0)
(0,0,0)
(0,0,0)
(0,0,0)
(0,0,0)
(0,0,0)
(0,0,0)
(0,0,0)
(5.15047065737442e-13,-3.39168206079144e-11,2.91897280904338e-11)
(6.7079379873142e-13,-6.84835456591129e-11,2.75352101921163e-11)
(1.18751294046507e-12,-1.05321488003927e-10,2.47063458230971e-11)
(1.89342556468333e-12,-1.44666492926215e-10,2.10382303999622e-11)
(2.00506204545263e-12,-1.8832451298872e-10,1.60003023877904e-11)
(2.25086258762477e-12,-2.35000408065744e-10,9.52400225889956e-12)
(2.38177789330916e-12,-2.82716495855109e-10,3.56795674737625e-12)
(2.76260504114922e-12,-3.25156439734458e-10,7.20203691847815e-14)
(3.23469770856644e-12,-3.57468544111477e-10,-9.0512969538519e-13)
(3.31235598103003e-12,-3.75187528682705e-10,-7.31111153040202e-13)
(0,0,0)
(0,0,0)
(0,0,0)
(0,0,0)
(0,0,0)
(0,0,0)
(4.83284892461731e-13,-3.2121823360354e-11,6.04504654718805e-11)
(6.02179961944432e-13,-6.55263916467552e-11,5.74823956311135e-11)
(1.90324031410204e-12,-1.01238972210322e-10,5.23623797167708e-11)
(3.62006301449074e-12,-1.3892457567212e-10,4.48372965438307e-11)
(4.38345104818237e-12,-1.809099060481e-10,3.44404912078682e-11)
(4.21256613793172e-12,-2.27913268388258e-10,2.12097531520335e-11)
(4.03824469423003e-12,-2.77839637197009e-10,7.82282363912102e-12)
(5.56095351224858e-12,-3.22610237100535e-10,9.65502587805334e-13)
(7.04551475855062e-12,-3.55964047533205e-10,-7.20916691804677e-13)
(7.67344892706471e-12,-3.74419049535129e-10,-5.30463209428818e-13)
(0,0,0)
(0,0,0)
(0,0,0)
(0,0,0)
(0,0,0)
(0,0,0)
(4.28262677491899e-13,-2.92445874858561e-11,9.36142653345501e-11)
(1.22145719442895e-12,-6.05461743738182e-11,9.01310938112208e-11)
(3.44909970165305e-12,-9.30259689950505e-11,8.28053765992861e-11)
(5.60355665972684e-12,-1.2694755874731e-10,7.18521223269456e-11)
(6.54908674489252e-12,-1.65493906900512e-10,5.6937266709806e-11)
(4.980218717568e-12,-2.1237527471192e-10,3.72752691559487e-11)
(1.52917382958431e-12,-2.68683755270119e-10,1.50694761042105e-11)
(6.16041868804487e-12,-3.17701993622721e-10,5.02058115559245e-12)
(9.03462051257787e-12,-3.52484095998528e-10,2.54965785397425e-12)
(1.01143342609609e-11,-3.71337103930792e-10,1.40568885315442e-12)
(0,0,0)
(0,0,0)
(0,0,0)
(0,0,0)
(0,0,0)
(0,0,0)
(7.53116325485703e-13,-2.60426552606331e-11,1.29843539093036e-10)
(2.58046801800111e-12,-5.31030217427564e-11,1.26160252018906e-10)
(5.37354708970689e-12,-8.04817581348456e-11,1.17857095167527e-10)
(7.70911156943371e-12,-1.09157078522926e-10,1.05776008038289e-10)
(9.23173207341892e-12,-1.42367211843594e-10,8.88152561277573e-11)
(5.78074668537505e-12,-1.87754930178745e-10,6.53875361346145e-11)
(-1.02601054135856e-11,-2.58429158003435e-10,3.40056374716498e-11)
(3.33008004051827e-12,-3.11569369152889e-10,2.09583004721192e-11)
(9.26869904851256e-12,-3.46523399130924e-10,1.46748900534888e-11)
(1.03944056402596e-11,-3.64863272421833e-10,7.99288329223519e-12)
(0,0,0)
(0,0,0)
(0,0,0)
(0,0,0)
(0,0,0)
(0,0,0)
(1.21899415809289e-12,-2.23209420644204e-11,1.70781460416586e-10)
(3.12437425689158e-12,-4.37367785344547e-11,1.66808125237827e-10)
(6.05988706947615e-12,-6.57247635745652e-11,1.58737449724449e-10)
(9.90737714902839e-12,-8.83471646350857e-11,1.46935108766994e-10)
(1.49905335112532e-11,-1.14401152806661e-10,1.31515778411609e-10)
(1.82668383151871e-11,-1.54303740786235e-10,1.14136685616255e-10)
(-2.05437918184204e-12,-2.55597358876486e-10,9.71137114058808e-11)
(3.64536845097082e-12,-3.04013994888923e-10,6.64075856288662e-11)
(8.84294039983006e-12,-3.34866010525939e-10,4.2902097660444e-11)
(1.03012072716471e-11,-3.50993680553373e-10,2.17394861792388e-11)
(0,0,0)
(0,0,0)
(0,0,0)
(0,0,0)
(0,0,0)
(0,0,0)
(1.30581115207302e-12,-1.77752160865656e-11,2.14322474140049e-10)
(2.81152838283635e-12,-3.41227936054971e-11,2.10752941258656e-10)
(5.65964858210207e-12,-5.09201663661253e-11,2.03572909573299e-10)
(1.0398783372044e-11,-6.79125808822105e-11,1.92586738072495e-10)
(1.76522044624786e-11,-8.87644964070495e-11,1.78754791452127e-10)
(2.45625479542749e-11,-1.25755746747295e-10,1.64759103750976e-10)
(-4.78632192312462e-12,-2.28838138329867e-10,1.5102488029103e-10)
(8.2138440270651e-13,-2.79520612248282e-10,1.12944376793725e-10)
(5.50396361748731e-12,-3.09157818278108e-10,7.50981322508563e-11)
(7.02149156842885e-12,-3.23291739378112e-10,3.80177229596785e-11)
(0,0,0)
(0,0,0)
(0,0,0)
(0,0,0)
(0,0,0)
(0,0,0)
(1.28934491131215e-12,-1.37937720467385e-11,2.55762276339498e-10)
(2.26287357484329e-12,-2.59877618763989e-11,2.52144674665458e-10)
(4.53304973521935e-12,-3.7508965876179e-11,2.45384644581264e-10)
(9.05916512007487e-12,-4.89194702908799e-11,2.35861571504011e-10)
(1.61224740083403e-11,-6.46885333151316e-11,2.25321178100193e-10)
(2.59380440555594e-11,-9.57571726498522e-11,2.17217235500621e-10)
(2.70351614750834e-12,-1.97377408182297e-10,2.15920396732188e-10)
(1.62993088574102e-12,-2.4270475417753e-10,1.63590572527584e-10)
(4.60847675118446e-12,-2.69414404026722e-10,1.08279516491834e-10)
(5.89369959041129e-12,-2.81126366952877e-10,5.39673802924678e-11)
(0,0,0)
(0,0,0)
(0,0,0)
(0,0,0)
(0,0,0)
(0,0,0)
(1.44074791678676e-12,-9.76896802029419e-12,2.89542531624221e-10)
(1.86786462274913e-12,-1.84801594266105e-11,2.86330966128212e-10)
(2.7325525929729e-12,-2.59757371134685e-11,2.80409982746612e-10)
(4.79155138047016e-12,-3.40392309443331e-11,2.72399133758933e-10)
(7.13656472084117e-12,-4.74658162246859e-11,2.62996515605709e-10)
(8.78479229037236e-12,-7.65889287607065e-11,2.52596662786536e-10)
(4.86147032506995e-12,-1.44877701082246e-10,2.36676294676596e-10)
(3.54905682543892e-12,-1.87559878948301e-10,1.90094701262746e-10)
(4.29820939387213e-12,-2.13018292213428e-10,1.30507342131483e-10)
(5.51811063307358e-12,-2.23953724271764e-10,6.5971459497532e-11)
(0,0,0)
(0,0,0)
(0,0,0)
(0,0,0)
(0,0,0)
(0,0,0)
(1.52855932175213e-12,-5.99602132940355e-12,3.14052890752456e-10)
(2.18405475174987e-12,-1.18959395873989e-11,3.1154506500882e-10)
(2.53265637195168e-12,-1.67844033346667e-11,3.06575025346425e-10)
(3.15582029008094e-12,-2.26874910387803e-11,2.99312653957758e-10)
(3.92553424822734e-12,-3.3768468786391e-11,2.89221580201684e-10)
(4.37574878274201e-12,-5.61033012487292e-11,2.74472640090877e-10)
(4.57643058840126e-12,-9.60049902357697e-11,2.49525485344914e-10)
(3.98386145061489e-12,-1.2653858141069e-10,2.0394190009508e-10)
(3.47388933330514e-12,-1.46435867727246e-10,1.43193849436811e-10)
(4.07888673358848e-12,-1.55224823794045e-10,7.33950835741251e-11)
(0,0,0)
(0,0,0)
(0,0,0)
(0,0,0)
(0,0,0)
(0,0,0)
(1.93597941278264e-12,-2.86895323506265e-12,3.27421466978623e-10)
(2.81433547424974e-12,-6.1296273563982e-12,3.25297425238801e-10)
(3.03047654533667e-12,-8.57780786139188e-12,3.20263244383653e-10)
(2.72172524194677e-12,-1.15483009239567e-11,3.12890949804838e-10)
(3.22493557363818e-12,-1.75284372589976e-11,3.02353959462513e-10)
(3.73301737639219e-12,-2.94628320073609e-11,2.85954582251555e-10)
(4.27875351050216e-12,-4.81557442805929e-11,2.57931345224617e-10)
(3.35144064917753e-12,-6.3842074413121e-11,2.12209936078817e-10)
(3.08180685129465e-12,-7.4857646314698e-11,1.50558507355685e-10)
(3.48394047413881e-12,-7.97464192408136e-11,7.76675612985065e-11)
(0,0,0)
(0,0,0)
(0,0,0)
(0,0,0)
(0,0,0)
(0,0,0)
(0,0,0)
(0,0,0)
(0,0,0)
(0,0,0)
(0,0,0)
(0,0,0)
(0,0,0)
(0,0,0)
(0,0,0)
(0,0,0)
(0,0,0)
(0,0,0)
(0,0,0)
(0,0,0)
(0,0,0)
(0,0,0)
(0,0,0)
(0,0,0)
(0,0,0)
(0,0,0)
(0,0,0)
(0,0,0)
(0,0,0)
(0,0,0)
(0,0,0)
(0,0,0)
(0,0,0)
(0,0,0)
(0,0,0)
(0,0,0)
(0,0,0)
(0,0,0)
(0,0,0)
(0,0,0)
(0,0,0)
(0,0,0)
(0,0,0)
(0,0,0)
(0,0,0)
(0,0,0)
(0,0,0)
(0,0,0)
(0,0,0)
(0,0,0)
(0,0,0)
(0,0,0)
(0,0,0)
(0,0,0)
(0,0,0)
(0,0,0)
(0,0,0)
(0,0,0)
(0,0,0)
(0,0,0)
(0,0,0)
(0,0,0)
(0,0,0)
(0,0,0)
(0,0,0)
(0,0,0)
(0,0,0)
(0,0,0)
(0,0,0)
(0,0,0)
(0,0,0)
(0,0,0)
(0,0,0)
(0,0,0)
(0,0,0)
(0,0,0)
(0,0,0)
(0,0,0)
(0,0,0)
(0,0,0)
(0,0,0)
(0,0,0)
(0,0,0)
(0,0,0)
(0,0,0)
(0,0,0)
(0,0,0)
(0,0,0)
(0,0,0)
(0,0,0)
(0,0,0)
(0,0,0)
(0,0,0)
(0,0,0)
(0,0,0)
(0,0,0)
(0,0,0)
(0,0,0)
(0,0,0)
(0,0,0)
(0,0,0)
(0,0,0)
(3.74567716520453e-13,-3.43973125924776e-11,2.93797001916753e-11)
(5.42504155380272e-13,-6.86456037911654e-11,2.79956408997912e-11)
(7.73112569991175e-13,-1.05326605466155e-10,2.55788732655025e-11)
(1.18943632277954e-12,-1.44444158797514e-10,2.20956366625888e-11)
(1.06675523370012e-12,-1.87432075565124e-10,1.76200831832204e-11)
(1.11976842167451e-12,-2.31190057342004e-10,1.15870598310763e-11)
(1.00085561339045e-12,-2.7395834416164e-10,6.17110038751297e-12)
(1.19355247179918e-12,-3.12271863084498e-10,2.43551191208001e-12)
(1.55618258792845e-12,-3.41965389209589e-10,6.18061736731445e-13)
(1.812765680408e-12,-3.58639381385362e-10,-2.30302970077275e-13)
(0,0,0)
(0,0,0)
(0,0,0)
(0,0,0)
(0,0,0)
(0,0,0)
(5.74118858726953e-13,-3.26386855840577e-11,5.91302350126941e-11)
(7.41978603374367e-13,-6.56863320014935e-11,5.6510289992049e-11)
(1.21532027179472e-12,-1.01070256293296e-10,5.22603795735265e-11)
(2.03985142560261e-12,-1.38779168995337e-10,4.55509151546277e-11)
(2.19818995644011e-12,-1.80332296979272e-10,3.6557651993332e-11)
(2.06150197449981e-12,-2.24654329476739e-10,2.50535420791469e-11)
(1.73968381863999e-12,-2.69221900072845e-10,1.41381202649295e-11)
(2.33912931404772e-12,-3.09260860437346e-10,7.07044950282989e-12)
(3.3751097414923e-12,-3.39560841914849e-10,3.34358773047953e-12)
(4.06104011330949e-12,-3.5705691867503e-10,1.32175434511954e-12)
(0,0,0)
(0,0,0)
(0,0,0)
(0,0,0)
(0,0,0)
(0,0,0)
(7.09501975634487e-13,-2.94446217046867e-11,9.0408138379433e-11)
(1.10402177529424e-12,-6.06944429795922e-11,8.78862644788311e-11)
(1.858143113753e-12,-9.31454716025938e-11,8.18192225669514e-11)
(2.72793205248866e-12,-1.27746054408431e-10,7.22150107459643e-11)
(3.08438924183663e-12,-1.66629997108646e-10,5.9590054006071e-11)
(2.5656672361295e-12,-2.11677405688042e-10,4.37057025984157e-11)
(1.32347151154123e-12,-2.60414545492106e-10,2.78296790590639e-11)
(2.49871751980927e-12,-3.03194869350941e-10,1.67734771440938e-11)
(4.21789264579033e-12,-3.34163898787992e-10,9.57327992267927e-12)
(5.04619160515569e-12,-3.51674124216604e-10,4.48927666429872e-12)
(0,0,0)
(0,0,0)
(0,0,0)
(0,0,0)
(0,0,0)
(0,0,0)
(7.14690203416754e-13,-2.62132458284623e-11,1.25522043329846e-10)
(1.51738166106187e-12,-5.35233792923993e-11,1.22849832091022e-10)
(2.6976396586845e-12,-8.1683116667862e-11,1.1590258940507e-10)
(3.85994959213407e-12,-1.12393165616047e-10,1.05039656125451e-10)
(4.69339302963575e-12,-1.47661256459159e-10,9.03231517394085e-11)
(3.71145595585376e-12,-1.93235714912551e-10,7.21627316920126e-11)
(-4.45675409506626e-14,-2.480348720656e-10,5.21651415581857e-11)
(2.05811619512626e-12,-2.93495954609718e-10,3.62280133509778e-11)
(4.29331720479238e-12,-3.24862002883823e-10,2.35331662404202e-11)
(4.51769706403471e-12,-3.42138655947157e-10,1.21865534429789e-11)
(0,0,0)
(0,0,0)
(0,0,0)
(0,0,0)
(0,0,0)
(0,0,0)
(6.46603359035295e-13,-2.28263443862161e-11,1.66324090521669e-10)
(1.5810648413217e-12,-4.50587549453816e-11,1.62827644628263e-10)
(3.05763081844384e-12,-6.81225437295723e-11,1.55739139162333e-10)
(4.89212375155833e-12,-9.38167116378585e-11,1.44992236967349e-10)
(6.73296990699649e-12,-1.24807443382123e-10,1.3083705573247e-10)
(6.74181848662125e-12,-1.69526668822878e-10,1.14473037331736e-10)
(1.89252604856611e-12,-2.32142311399368e-10,9.4912727483391e-11)
(2.65747377868438e-12,-2.78742991303992e-10,7.08144978340002e-11)
(4.29735963320266e-12,-3.09222072881604e-10,4.7324886209061e-11)
(4.33875227562978e-12,-3.25434405440149e-10,2.45109078474216e-11)
(0,0,0)
(0,0,0)
(0,0,0)
(0,0,0)
(0,0,0)
(0,0,0)
(8.93899993645267e-13,-1.86832951337815e-11,2.0827664370085e-10)
(1.85652833909806e-12,-3.63891846381424e-11,2.04926482059323e-10)
(3.23461959297071e-12,-5.431801071614e-11,1.98001355622217e-10)
(5.23761940106877e-12,-7.47694066513995e-11,1.87821053165695e-10)
(7.57192907168681e-12,-1.01710455074413e-10,1.74858445553388e-10)
(8.29819731676925e-12,-1.43224540487883e-10,1.5965996184874e-10)
(1.83345142663173e-12,-2.06151555701417e-10,1.39936555952516e-10)
(1.85177087486555e-12,-2.52595905900385e-10,1.08591747622647e-10)
(2.84095865725138e-12,-2.82110734886746e-10,7.37102939590313e-11)
(2.87384210282267e-12,-2.96584745317096e-10,3.79151680732517e-11)
(0,0,0)
(0,0,0)
(0,0,0)
(0,0,0)
(0,0,0)
(0,0,0)
(8.82142558924983e-13,-1.44392334986139e-11,2.46580352151844e-10)
(1.51530120924444e-12,-2.76075298619262e-11,2.43230217347497e-10)
(2.52289404980042e-12,-4.09030886666575e-11,2.36701342203228e-10)
(4.71931917731052e-12,-5.65691796380352e-11,2.2721743376842e-10)
(7.00369951746671e-12,-7.89400422980388e-11,2.15922781176983e-10)
(8.06663893489822e-12,-1.15202937274924e-10,2.02232047517334e-10)
(2.53363325196699e-12,-1.7297329594489e-10,1.83208211670446e-10)
(1.79611169225079e-12,-2.15862681361926e-10,1.45014492245746e-10)
(2.52450113729554e-12,-2.43474650343704e-10,9.88266491827946e-11)
(2.68843720176403e-12,-2.55795735141021e-10,4.99470513320448e-11)
(0,0,0)
(0,0,0)
(0,0,0)
(0,0,0)
(0,0,0)
(0,0,0)
(8.79366721941296e-13,-1.02069561353354e-11,2.76291658869151e-10)
(1.20462816511158e-12,-1.95633535084097e-11,2.73277125882169e-10)
(1.55206780185947e-12,-2.88962861820416e-11,2.67618888762975e-10)
(2.84242962814322e-12,-4.05552078692802e-11,2.59106261502935e-10)
(3.8390701017071e-12,-5.82456091209012e-11,2.48094528036399e-10)
(4.21953288832278e-12,-8.81124624931962e-11,2.33006568474804e-10)
(2.57035289246965e-12,-1.32245943268205e-10,2.0961176951764e-10)
(2.11511841906298e-12,-1.67878726606717e-10,1.69472216715813e-10)
(2.25166754164232e-12,-1.92070551355645e-10,1.17905955504337e-10)
(2.76066965287553e-12,-2.0316024660721e-10,6.00608476174781e-11)
(0,0,0)
(0,0,0)
(0,0,0)
(0,0,0)
(0,0,0)
(0,0,0)
(9.09316971043402e-13,-6.31305642640515e-12,2.96782511479002e-10)
(1.38778218315151e-12,-1.2700488224126e-11,2.94338347022397e-10)
(1.58843228734292e-12,-1.88315911201279e-11,2.89469276635453e-10)
(2.10770393131953e-12,-2.67010447745993e-11,2.81840202096191e-10)
(2.43444283163916e-12,-3.93185794576012e-11,2.7064911262638e-10)
(2.68243428735083e-12,-6.04981306477162e-11,2.53438827587989e-10)
(2.31076988305296e-12,-8.95360375739242e-11,2.26238166955021e-10)
(2.03540511132243e-12,-1.14197346976164e-10,1.84221049479323e-10)
(1.69443378344623e-12,-1.31973775927146e-10,1.29794982518061e-10)
(1.99556575448448e-12,-1.40338729336851e-10,6.67033464903465e-11)
(0,0,0)
(0,0,0)
(0,0,0)
(0,0,0)
(0,0,0)
(0,0,0)
(1.19106791754237e-12,-2.95957499874507e-12,3.08119946765816e-10)
(1.71888897299804e-12,-6.44363565402993e-12,3.06351439684614e-10)
(1.82496326276156e-12,-9.61408429351947e-12,3.01626693003582e-10)
(1.7104146603147e-12,-1.34022513734721e-11,2.93837571972824e-10)
(2.09587552560167e-12,-1.96738515875882e-11,2.82145735259667e-10)
(2.29342239596196e-12,-3.06150357273774e-11,2.6456775919768e-10)
(1.84441837571624e-12,-4.52081502151814e-11,2.36246145866264e-10)
(1.16079495918922e-12,-5.77358749035802e-11,1.92882414026799e-10)
(1.11510659377241e-12,-6.71877061159845e-11,1.36307334082408e-10)
(1.40508253182742e-12,-7.16398170920235e-11,7.02347345601961e-11)
(0,0,0)
(0,0,0)
(0,0,0)
(0,0,0)
(0,0,0)
(0,0,0)
(0,0,0)
(0,0,0)
(0,0,0)
(0,0,0)
(0,0,0)
(0,0,0)
(0,0,0)
(0,0,0)
(0,0,0)
(0,0,0)
(0,0,0)
(0,0,0)
(0,0,0)
(0,0,0)
(0,0,0)
(0,0,0)
(0,0,0)
(0,0,0)
(0,0,0)
(0,0,0)
(0,0,0)
(0,0,0)
(0,0,0)
(0,0,0)
(0,0,0)
(0,0,0)
(0,0,0)
(0,0,0)
(0,0,0)
(0,0,0)
(0,0,0)
(0,0,0)
(0,0,0)
(0,0,0)
(0,0,0)
(0,0,0)
(0,0,0)
(0,0,0)
(0,0,0)
(0,0,0)
(0,0,0)
(0,0,0)
(0,0,0)
(0,0,0)
(0,0,0)
(0,0,0)
(0,0,0)
(0,0,0)
(0,0,0)
(0,0,0)
(0,0,0)
(0,0,0)
(0,0,0)
(0,0,0)
(0,0,0)
(0,0,0)
(0,0,0)
(0,0,0)
(0,0,0)
(0,0,0)
(0,0,0)
(0,0,0)
(0,0,0)
(0,0,0)
(0,0,0)
(0,0,0)
(0,0,0)
(0,0,0)
(0,0,0)
(0,0,0)
(0,0,0)
(0,0,0)
(0,0,0)
(0,0,0)
(0,0,0)
(0,0,0)
(0,0,0)
(0,0,0)
(0,0,0)
(0,0,0)
(0,0,0)
(0,0,0)
(0,0,0)
(0,0,0)
(0,0,0)
(0,0,0)
(0,0,0)
(0,0,0)
(0,0,0)
(0,0,0)
(0,0,0)
(0,0,0)
(0,0,0)
(0,0,0)
(0,0,0)
(0,0,0)
(0,0,0)
(0,0,0)
(0,0,0)
(0,0,0)
(0,0,0)
(0,0,0)
(0,0,0)
(0,0,0)
(0,0,0)
(0,0,0)
(0,0,0)
(0,0,0)
(0,0,0)
(0,0,0)
(0,0,0)
(0,0,0)
(0,0,0)
(0,0,0)
(0,0,0)
(0,0,0)
(0,0,0)
(0,0,0)
(0,0,0)
(0,0,0)
(0,0,0)
(0,0,0)
(0,0,0)
(0,0,0)
(0,0,0)
(0,0,0)
(0,0,0)
(0,0,0)
(0,0,0)
(0,0,0)
(0,0,0)
(0,0,0)
(0,0,0)
(0,0,0)
(0,0,0)
(0,0,0)
(0,0,0)
(0,0,0)
(0,0,0)
(0,0,0)
(0,0,0)
(0,0,0)
(0,0,0)
(0,0,0)
(0,0,0)
(0,0,0)
(0,0,0)
(0,0,0)
(0,0,0)
(0,0,0)
(0,0,0)
(0,0,0)
(0,0,0)
(0,0,0)
(0,0,0)
(0,0,0)
(0,0,0)
(0,0,0)
(0,0,0)
(0,0,0)
(0,0,0)
(0,0,0)
(0,0,0)
(0,0,0)
(0,0,0)
(0,0,0)
(0,0,0)
(0,0,0)
(0,0,0)
(0,0,0)
(0,0,0)
(0,0,0)
(0,0,0)
(0,0,0)
(0,0,0)
(0,0,0)
(0,0,0)
(0,0,0)
(0,0,0)
(0,0,0)
(0,0,0)
(0,0,0)
(0,0,0)
(0,0,0)
(0,0,0)
(0,0,0)
(0,0,0)
(0,0,0)
(0,0,0)
(0,0,0)
(0,0,0)
(0,0,0)
(0,0,0)
(0,0,0)
(0,0,0)
(0,0,0)
(0,0,0)
(0,0,0)
(0,0,0)
(0,0,0)
(0,0,0)
(0,0,0)
(0,0,0)
(0,0,0)
(0,0,0)
(0,0,0)
(0,0,0)
(0,0,0)
(0,0,0)
(0,0,0)
(0,0,0)
(0,0,0)
(0,0,0)
(0,0,0)
(0,0,0)
(0,0,0)
(0,0,0)
(0,0,0)
(0,0,0)
(0,0,0)
(0,0,0)
(0,0,0)
(0,0,0)
(0,0,0)
(0,0,0)
(0,0,0)
(0,0,0)
(0,0,0)
(0,0,0)
(0,0,0)
(0,0,0)
(0,0,0)
(0,0,0)
(0,0,0)
(0,0,0)
(0,0,0)
(0,0,0)
(0,0,0)
(0,0,0)
(0,0,0)
(0,0,0)
(0,0,0)
(0,0,0)
(0,0,0)
(0,0,0)
(0,0,0)
(0,0,0)
(0,0,0)
(0,0,0)
(0,0,0)
(0,0,0)
(0,0,0)
(0,0,0)
(0,0,0)
(0,0,0)
(0,0,0)
(0,0,0)
(0,0,0)
(0,0,0)
(0,0,0)
(0,0,0)
(0,0,0)
(0,0,0)
(0,0,0)
(0,0,0)
(0,0,0)
(0,0,0)
(0,0,0)
(0,0,0)
(0,0,0)
(0,0,0)
(0,0,0)
(0,0,0)
(0,0,0)
(0,0,0)
(0,0,0)
(0,0,0)
(0,0,0)
(0,0,0)
(0,0,0)
(0,0,0)
(0,0,0)
(0,0,0)
(0,0,0)
(0,0,0)
(0,0,0)
(0,0,0)
(0,0,0)
(0,0,0)
(0,0,0)
(0,0,0)
(0,0,0)
(0,0,0)
(0,0,0)
(0,0,0)
(0,0,0)
(0,0,0)
(0,0,0)
(0,0,0)
(0,0,0)
(0,0,0)
(0,0,0)
(0,0,0)
(0,0,0)
(0,0,0)
(0,0,0)
(0,0,0)
(0,0,0)
(0,0,0)
(0,0,0)
(0,0,0)
(0,0,0)
(0,0,0)
(0,0,0)
(0,0,0)
(0,0,0)
(0,0,0)
(0,0,0)
(0,0,0)
(0,0,0)
(0,0,0)
(0,0,0)
(0,0,0)
(0,0,0)
(0,0,0)
(0,0,0)
(0,0,0)
(0,0,0)
(0,0,0)
(0,0,0)
(0,0,0)
(0,0,0)
(0,0,0)
(0,0,0)
(0,0,0)
(0,0,0)
(0,0,0)
(0,0,0)
(0,0,0)
(0,0,0)
(0,0,0)
(0,0,0)
(0,0,0)
(0,0,0)
(0,0,0)
(0,0,0)
(0,0,0)
(0,0,0)
(0,0,0)
(0,0,0)
(0,0,0)
(0,0,0)
(0,0,0)
(0,0,0)
(0,0,0)
(0,0,0)
(0,0,0)
(0,0,0)
(0,0,0)
(0,0,0)
(0,0,0)
(0,0,0)
(0,0,0)
(0,0,0)
(0,0,0)
(0,0,0)
(0,0,0)
(0,0,0)
(0,0,0)
(0,0,0)
(0,0,0)
(0,0,0)
(0,0,0)
(0,0,0)
(0,0,0)
(0,0,0)
(0,0,0)
(0,0,0)
(0,0,0)
(0,0,0)
(0,0,0)
(0,0,0)
(0,0,0)
(0,0,0)
(0,0,0)
(0,0,0)
(0,0,0)
(0,0,0)
(0,0,0)
(0,0,0)
(0,0,0)
(0,0,0)
(0,0,0)
(0,0,0)
(0,0,0)
(0,0,0)
(0,0,0)
(0,0,0)
(0,0,0)
(0,0,0)
(0,0,0)
(0,0,0)
(0,0,0)
(0,0,0)
(0,0,0)
(0,0,0)
(0,0,0)
(0,0,0)
(0,0,0)
(0,0,0)
(0,0,0)
(0,0,0)
(0,0,0)
(0,0,0)
(0,0,0)
(0,0,0)
(0,0,0)
(0,0,0)
(0,0,0)
(0,0,0)
(0,0,0)
(0,0,0)
(0,0,0)
(0,0,0)
(0,0,0)
(0,0,0)
(0,0,0)
(0,0,0)
(0,0,0)
(0,0,0)
(0,0,0)
(0,0,0)
(0,0,0)
(0,0,0)
(0,0,0)
(0,0,0)
(0,0,0)
(0,0,0)
(0,0,0)
(0,0,0)
(0,0,0)
(0,0,0)
(0,0,0)
(0,0,0)
(0,0,0)
(0,0,0)
(0,0,0)
(0,0,0)
(0,0,0)
(0,0,0)
(0,0,0)
(0,0,0)
(0,0,0)
(0,0,0)
(0,0,0)
(0,0,0)
(0,0,0)
(0,0,0)
(0,0,0)
(0,0,0)
(0,0,0)
(0,0,0)
(0,0,0)
(0,0,0)
(0,0,0)
(0,0,0)
(0,0,0)
(0,0,0)
(0,0,0)
(0,0,0)
(0,0,0)
(0,0,0)
(0,0,0)
(0,0,0)
(0,0,0)
(0,0,0)
(0,0,0)
(0,0,0)
(0,0,0)
(0,0,0)
(0,0,0)
(0,0,0)
(0,0,0)
(0,0,0)
(0,0,0)
(0,0,0)
(0,0,0)
(0,0,0)
(0,0,0)
(0,0,0)
(0,0,0)
(0,0,0)
(0,0,0)
(0,0,0)
(0,0,0)
(0,0,0)
(0,0,0)
(0,0,0)
(0,0,0)
(0,0,0)
(0,0,0)
(0,0,0)
(0,0,0)
(0,0,0)
(0,0,0)
(0,0,0)
(0,0,0)
(0,0,0)
(0,0,0)
(0,0,0)
(0,0,0)
(0,0,0)
(0,0,0)
(0,0,0)
(0,0,0)
(0,0,0)
(0,0,0)
(0,0,0)
(0,0,0)
(0,0,0)
(0,0,0)
(0,0,0)
(0,0,0)
(0,0,0)
(0,0,0)
(0,0,0)
(0,0,0)
(0,0,0)
(0,0,0)
(0,0,0)
(0,0,0)
(0,0,0)
(0,0,0)
(0,0,0)
(0,0,0)
(0,0,0)
(0,0,0)
(0,0,0)
(0,0,0)
(0,0,0)
(0,0,0)
(0,0,0)
(0,0,0)
(0,0,0)
(0,0,0)
(0,0,0)
(0,0,0)
(0,0,0)
(0,0,0)
(0,0,0)
(0,0,0)
(0,0,0)
(0,0,0)
(0,0,0)
(0,0,0)
(0,0,0)
(0,0,0)
(0,0,0)
(0,0,0)
(0,0,0)
(0,0,0)
(0,0,0)
(0,0,0)
(0,0,0)
(0,0,0)
(0,0,0)
(0,0,0)
(0,0,0)
(0,0,0)
(0,0,0)
(0,0,0)
(0,0,0)
(0,0,0)
(0,0,0)
(0,0,0)
(0,0,0)
(0,0,0)
(0,0,0)
(0,0,0)
(0,0,0)
(0,0,0)
(0,0,0)
(0,0,0)
(0,0,0)
(0,0,0)
(0,0,0)
(0,0,0)
(0,0,0)
(0,0,0)
(0,0,0)
(0,0,0)
(0,0,0)
(0,0,0)
(0,0,0)
(0,0,0)
(0,0,0)
(0,0,0)
(0,0,0)
(0,0,0)
(0,0,0)
(0,0,0)
(0,0,0)
(0,0,0)
(0,0,0)
(0,0,0)
(0,0,0)
(0,0,0)
(0,0,0)
(0,0,0)
(0,0,0)
(0,0,0)
(0,0,0)
(0,0,0)
(0,0,0)
(0,0,0)
(0,0,0)
(0,0,0)
(0,0,0)
(0,0,0)
(0,0,0)
(0,0,0)
(0,0,0)
(0,0,0)
(0,0,0)
(0,0,0)
(0,0,0)
(0,0,0)
(0,0,0)
(0,0,0)
(0,0,0)
(0,0,0)
(0,0,0)
(0,0,0)
(0,0,0)
(0,0,0)
(0,0,0)
(0,0,0)
(0,0,0)
(0,0,0)
(0,0,0)
(0,0,0)
(0,0,0)
(0,0,0)
(0,0,0)
(0,0,0)
(0,0,0)
(0,0,0)
(0,0,0)
(0,0,0)
(0,0,0)
(0,0,0)
(0,0,0)
(0,0,0)
(0,0,0)
(0,0,0)
(0,0,0)
(0,0,0)
(0,0,0)
(0,0,0)
(0,0,0)
(0,0,0)
(0,0,0)
(0,0,0)
(0,0,0)
(0,0,0)
(0,0,0)
(0,0,0)
(0,0,0)
(0,0,0)
(0,0,0)
(0,0,0)
(0,0,0)
(0,0,0)
(0,0,0)
(0,0,0)
(0,0,0)
(0,0,0)
(0,0,0)
(0,0,0)
(0,0,0)
(0,0,0)
(0,0,0)
(0,0,0)
(0,0,0)
(0,0,0)
(0,0,0)
(0,0,0)
(0,0,0)
(0,0,0)
(0,0,0)
(0,0,0)
(0,0,0)
(0,0,0)
(0,0,0)
(0,0,0)
(0,0,0)
(0,0,0)
(0,0,0)
(0,0,0)
(0,0,0)
(0,0,0)
(0,0,0)
(0,0,0)
(0,0,0)
(0,0,0)
(0,0,0)
(0,0,0)
(0,0,0)
(0,0,0)
(0,0,0)
(0,0,0)
(0,0,0)
(0,0,0)
(0,0,0)
(0,0,0)
(0,0,0)
(0,0,0)
(0,0,0)
(0,0,0)
(0,0,0)
(0,0,0)
(0,0,0)
(0,0,0)
(0,0,0)
(0,0,0)
(0,0,0)
(0,0,0)
(0,0,0)
(0,0,0)
(0,0,0)
(0,0,0)
(0,0,0)
(0,0,0)
(0,0,0)
(0,0,0)
(0,0,0)
(0,0,0)
(0,0,0)
(0,0,0)
(0,0,0)
(0,0,0)
(0,0,0)
(0,0,0)
(0,0,0)
(0,0,0)
(0,0,0)
(0,0,0)
(0,0,0)
(0,0,0)
(0,0,0)
(0,0,0)
(0,0,0)
(0,0,0)
(0,0,0)
(0,0,0)
(0,0,0)
(0,0,0)
(0,0,0)
(0,0,0)
(0,0,0)
(0,0,0)
(0,0,0)
(0,0,0)
(0,0,0)
(0,0,0)
(0,0,0)
(0,0,0)
(0,0,0)
(0,0,0)
(0,0,0)
(0,0,0)
(0,0,0)
(0,0,0)
(0,0,0)
(0,0,0)
(0,0,0)
(0,0,0)
(0,0,0)
(0,0,0)
(0,0,0)
(0,0,0)
(0,0,0)
(0,0,0)
(0,0,0)
(0,0,0)
(0,0,0)
(0,0,0)
(0,0,0)
(0,0,0)
(0,0,0)
(0,0,0)
(0,0,0)
(0,0,0)
(0,0,0)
(0,0,0)
(0,0,0)
(0,0,0)
(0,0,0)
(0,0,0)
(0,0,0)
(0,0,0)
(0,0,0)
(0,0,0)
(0,0,0)
(0,0,0)
(0,0,0)
(0,0,0)
(0,0,0)
(0,0,0)
(0,0,0)
(0,0,0)
(0,0,0)
(0,0,0)
)
;

boundaryField
{
    fuel
    {
        type            fixedValue;
        value           uniform (0.1 0 0);
    }
    air
    {
        type            fixedValue;
        value           uniform (-0.1 0 0);
    }
    outlet
    {
        type            zeroGradient;
    }
    frontAndBack
    {
        type            empty;
    }
}


// ************************************************************************* //
 