/*--------------------------------*- C++ -*----------------------------------*\
| =========                 |                                                 |
| \\      /  F ield         | foam-extend: Open Source Cstd::filesystem::create_directory();FD                    |
|  \\    /   O peration     | Version:     4.0                                |
|   \\  /    A nd           | Web:         http://www.foam-extend.org         |
|    \\/     M anipulation  |                                                 |
\*---------------------------------------------------------------------------*/
FoamFile
{
    version 2.0;
    format ascii;
    class volVectorField;
    location "Data/181";
    object      H;
}
// * * * * * * * * * * * * * * * * * * * * * * * * * * * * * * * * * * * * * //

dimensions      [0 1 -1 0 0 0 0];

internalField   nonuniform List<vector>
4096
(
(0,0,0)
(0,0,0)
(0,0,0)
(0,0,0)
(0,0,0)
(0,0,0)
(0,0,0)
(0,0,0)
(0,0,0)
(0,0,0)
(0,0,0)
(0,0,0)
(0,0,0)
(0,0,0)
(0,0,0)
(0,0,0)
(0,0,0)
(0,0,0)
(0,0,0)
(0,0,0)
(0,0,0)
(0,0,0)
(0,0,0)
(0,0,0)
(0,0,0)
(0,0,0)
(0,0,0)
(0,0,0)
(0,0,0)
(0,0,0)
(0,0,0)
(0,0,0)
(0,0,0)
(0,0,0)
(0,0,0)
(0,0,0)
(0,0,0)
(0,0,0)
(0,0,0)
(0,0,0)
(0,0,0)
(0,0,0)
(0,0,0)
(0,0,0)
(0,0,0)
(0,0,0)
(0,0,0)
(0,0,0)
(0,0,0)
(0,0,0)
(0,0,0)
(0,0,0)
(0,0,0)
(0,0,0)
(0,0,0)
(0,0,0)
(0,0,0)
(0,0,0)
(0,0,0)
(0,0,0)
(0,0,0)
(0,0,0)
(0,0,0)
(0,0,0)
(0,0,0)
(0,0,0)
(0,0,0)
(0,0,0)
(0,0,0)
(0,0,0)
(0,0,0)
(0,0,0)
(0,0,0)
(0,0,0)
(0,0,0)
(0,0,0)
(0,0,0)
(0,0,0)
(0,0,0)
(0,0,0)
(0,0,0)
(0,0,0)
(0,0,0)
(0,0,0)
(0,0,0)
(0,0,0)
(0,0,0)
(0,0,0)
(0,0,0)
(0,0,0)
(0,0,0)
(0,0,0)
(0,0,0)
(0,0,0)
(0,0,0)
(0,0,0)
(0,0,0)
(0,0,0)
(0,0,0)
(0,0,0)
(0,0,0)
(0,0,0)
(0,0,0)
(0,0,0)
(0,0,0)
(0,0,0)
(0,0,0)
(0,0,0)
(0,0,0)
(0,0,0)
(0,0,0)
(0,0,0)
(0,0,0)
(0,0,0)
(0,0,0)
(0,0,0)
(0,0,0)
(0,0,0)
(0,0,0)
(0,0,0)
(0,0,0)
(0,0,0)
(0,0,0)
(0,0,0)
(0,0,0)
(0,0,0)
(0,0,0)
(0,0,0)
(0,0,0)
(0,0,0)
(0,0,0)
(0,0,0)
(0,0,0)
(0,0,0)
(0,0,0)
(0,0,0)
(0,0,0)
(0,0,0)
(0,0,0)
(0,0,0)
(0,0,0)
(0,0,0)
(0,0,0)
(0,0,0)
(0,0,0)
(0,0,0)
(0,0,0)
(0,0,0)
(0,0,0)
(0,0,0)
(0,0,0)
(0,0,0)
(0,0,0)
(0,0,0)
(0,0,0)
(0,0,0)
(0,0,0)
(0,0,0)
(0,0,0)
(0,0,0)
(0,0,0)
(0,0,0)
(0,0,0)
(0,0,0)
(0,0,0)
(0,0,0)
(0,0,0)
(0,0,0)
(0,0,0)
(0,0,0)
(0,0,0)
(0,0,0)
(0,0,0)
(0,0,0)
(0,0,0)
(0,0,0)
(0,0,0)
(0,0,0)
(0,0,0)
(0,0,0)
(0,0,0)
(0,0,0)
(0,0,0)
(0,0,0)
(0,0,0)
(0,0,0)
(0,0,0)
(0,0,0)
(0,0,0)
(0,0,0)
(0,0,0)
(0,0,0)
(0,0,0)
(0,0,0)
(0,0,0)
(0,0,0)
(0,0,0)
(0,0,0)
(0,0,0)
(0,0,0)
(0,0,0)
(0,0,0)
(0,0,0)
(0,0,0)
(0,0,0)
(0,0,0)
(0,0,0)
(0,0,0)
(0,0,0)
(0,0,0)
(0,0,0)
(0,0,0)
(0,0,0)
(0,0,0)
(0,0,0)
(0,0,0)
(0,0,0)
(0,0,0)
(0,0,0)
(0,0,0)
(0,0,0)
(0,0,0)
(0,0,0)
(0,0,0)
(0,0,0)
(0,0,0)
(0,0,0)
(0,0,0)
(0,0,0)
(0,0,0)
(0,0,0)
(0,0,0)
(0,0,0)
(0,0,0)
(0,0,0)
(0,0,0)
(0,0,0)
(0,0,0)
(0,0,0)
(0,0,0)
(0,0,0)
(0,0,0)
(0,0,0)
(0,0,0)
(0,0,0)
(0,0,0)
(0,0,0)
(0,0,0)
(0,0,0)
(0,0,0)
(0,0,0)
(0,0,0)
(0,0,0)
(0,0,0)
(0,0,0)
(0,0,0)
(0,0,0)
(0,0,0)
(0,0,0)
(0,0,0)
(0,0,0)
(0,0,0)
(0,0,0)
(0,0,0)
(0,0,0)
(0,0,0)
(0,0,0)
(0,0,0)
(0,0,0)
(0,0,0)
(0,0,0)
(0,0,0)
(0,0,0)
(0,0,0)
(0,0,0)
(0,0,0)
(0,0,0)
(0,0,0)
(0,0,0)
(0,0,0)
(0,0,0)
(0,0,0)
(0,0,0)
(0,0,0)
(0,0,0)
(0,0,0)
(0,0,0)
(0,0,0)
(0,0,0)
(0,0,0)
(0,0,0)
(0,0,0)
(0,0,0)
(0,0,0)
(0,0,0)
(0,0,0)
(0,0,0)
(0,0,0)
(0,0,0)
(0,0,0)
(0,0,0)
(0,0,0)
(0,0,0)
(0,0,0)
(0,0,0)
(0,0,0)
(0,0,0)
(0,0,0)
(0,0,0)
(0,0,0)
(0,0,0)
(0,0,0)
(0,0,0)
(0,0,0)
(0,0,0)
(0,0,0)
(0,0,0)
(0,0,0)
(0,0,0)
(0,0,0)
(0,0,0)
(0,0,0)
(0,0,0)
(0,0,0)
(0,0,0)
(0,0,0)
(0,0,0)
(0,0,0)
(0,0,0)
(0,0,0)
(0,0,0)
(0,0,0)
(0,0,0)
(0,0,0)
(0,0,0)
(0,0,0)
(0,0,0)
(0,0,0)
(0,0,0)
(0,0,0)
(0,0,0)
(0,0,0)
(0,0,0)
(0,0,0)
(0,0,0)
(0,0,0)
(0,0,0)
(0,0,0)
(0,0,0)
(0,0,0)
(0,0,0)
(0,0,0)
(0,0,0)
(0,0,0)
(0,0,0)
(0,0,0)
(0,0,0)
(0,0,0)
(0,0,0)
(0,0,0)
(0,0,0)
(0,0,0)
(0,0,0)
(0,0,0)
(0,0,0)
(0,0,0)
(0,0,0)
(0,0,0)
(0,0,0)
(0,0,0)
(0,0,0)
(0,0,0)
(0,0,0)
(0,0,0)
(0,0,0)
(0,0,0)
(0,0,0)
(0,0,0)
(0,0,0)
(0,0,0)
(0,0,0)
(0,0,0)
(0,0,0)
(0,0,0)
(0,0,0)
(0,0,0)
(0,0,0)
(0,0,0)
(0,0,0)
(0,0,0)
(0,0,0)
(0,0,0)
(0,0,0)
(0,0,0)
(0,0,0)
(0,0,0)
(0,0,0)
(0,0,0)
(0,0,0)
(0,0,0)
(0,0,0)
(0,0,0)
(0,0,0)
(0,0,0)
(0,0,0)
(0,0,0)
(0,0,0)
(0,0,0)
(0,0,0)
(0,0,0)
(0,0,0)
(0,0,0)
(0,0,0)
(0,0,0)
(0,0,0)
(0,0,0)
(0,0,0)
(0,0,0)
(0,0,0)
(0,0,0)
(0,0,0)
(0,0,0)
(0,0,0)
(0,0,0)
(0,0,0)
(0,0,0)
(0,0,0)
(0,0,0)
(0,0,0)
(0,0,0)
(0,0,0)
(0,0,0)
(0,0,0)
(0,0,0)
(0,0,0)
(0,0,0)
(0,0,0)
(0,0,0)
(0,0,0)
(0,0,0)
(0,0,0)
(0,0,0)
(0,0,0)
(0,0,0)
(0,0,0)
(0,0,0)
(0,0,0)
(0,0,0)
(0,0,0)
(0,0,0)
(0,0,0)
(0,0,0)
(0,0,0)
(0,0,0)
(0,0,0)
(0,0,0)
(0,0,0)
(0,0,0)
(0,0,0)
(0,0,0)
(0,0,0)
(0,0,0)
(0,0,0)
(0,0,0)
(0,0,0)
(0,0,0)
(0,0,0)
(0,0,0)
(0,0,0)
(0,0,0)
(0,0,0)
(0,0,0)
(0,0,0)
(0,0,0)
(0,0,0)
(0,0,0)
(0,0,0)
(0,0,0)
(0,0,0)
(0,0,0)
(0,0,0)
(0,0,0)
(0,0,0)
(0,0,0)
(0,0,0)
(0,0,0)
(0,0,0)
(0,0,0)
(0,0,0)
(0,0,0)
(0,0,0)
(0,0,0)
(0,0,0)
(0,0,0)
(0,0,0)
(0,0,0)
(0,0,0)
(0,0,0)
(0,0,0)
(0,0,0)
(0,0,0)
(0,0,0)
(0,0,0)
(0,0,0)
(0,0,0)
(0,0,0)
(0,0,0)
(0,0,0)
(0,0,0)
(0,0,0)
(0,0,0)
(0,0,0)
(0,0,0)
(0,0,0)
(0,0,0)
(0,0,0)
(0,0,0)
(0,0,0)
(0,0,0)
(0,0,0)
(0,0,0)
(0,0,0)
(0,0,0)
(0,0,0)
(0,0,0)
(0,0,0)
(0,0,0)
(0,0,0)
(0,0,0)
(0,0,0)
(0,0,0)
(0,0,0)
(0,0,0)
(0,0,0)
(0,0,0)
(0,0,0)
(0,0,0)
(0,0,0)
(0,0,0)
(0,0,0)
(0,0,0)
(0,0,0)
(0,0,0)
(0,0,0)
(0,0,0)
(0,0,0)
(0,0,0)
(0,0,0)
(0,0,0)
(0,0,0)
(0,0,0)
(0,0,0)
(0,0,0)
(0,0,0)
(0,0,0)
(0,0,0)
(0,0,0)
(0,0,0)
(0,0,0)
(0,0,0)
(0,0,0)
(0,0,0)
(0,0,0)
(0,0,0)
(0,0,0)
(0,0,0)
(0,0,0)
(0,0,0)
(0,0,0)
(0,0,0)
(0,0,0)
(0,0,0)
(0,0,0)
(0,0,0)
(0,0,0)
(0,0,0)
(0,0,0)
(0,0,0)
(0,0,0)
(0,0,0)
(0,0,0)
(0,0,0)
(0,0,0)
(0,0,0)
(0,0,0)
(0,0,0)
(0,0,0)
(0,0,0)
(0,0,0)
(0,0,0)
(0,0,0)
(0,0,0)
(0,0,0)
(0,0,0)
(0,0,0)
(0,0,0)
(0,0,0)
(0,0,0)
(0,0,0)
(0,0,0)
(0,0,0)
(0,0,0)
(0,0,0)
(0,0,0)
(0,0,0)
(0,0,0)
(0,0,0)
(0,0,0)
(0,0,0)
(0,0,0)
(0,0,0)
(0,0,0)
(0,0,0)
(0,0,0)
(0,0,0)
(0,0,0)
(0,0,0)
(0,0,0)
(0,0,0)
(0,0,0)
(0,0,0)
(0,0,0)
(0,0,0)
(0,0,0)
(0,0,0)
(0,0,0)
(0,0,0)
(0,0,0)
(0,0,0)
(0,0,0)
(0,0,0)
(0,0,0)
(0,0,0)
(0,0,0)
(0,0,0)
(0,0,0)
(0,0,0)
(0,0,0)
(0,0,0)
(0,0,0)
(0,0,0)
(0,0,0)
(0,0,0)
(0,0,0)
(0,0,0)
(0,0,0)
(0,0,0)
(0,0,0)
(0,0,0)
(0,0,0)
(0,0,0)
(0,0,0)
(0,0,0)
(0,0,0)
(0,0,0)
(0,0,0)
(0,0,0)
(0,0,0)
(0,0,0)
(0,0,0)
(0,0,0)
(0,0,0)
(0,0,0)
(0,0,0)
(0,0,0)
(0,0,0)
(0,0,0)
(0,0,0)
(0,0,0)
(0,0,0)
(0,0,0)
(0,0,0)
(0,0,0)
(0,0,0)
(0,0,0)
(0,0,0)
(0,0,0)
(0,0,0)
(0,0,0)
(0,0,0)
(0,0,0)
(0,0,0)
(0,0,0)
(0,0,0)
(0,0,0)
(0,0,0)
(0,0,0)
(0,0,0)
(0,0,0)
(0,0,0)
(0,0,0)
(0,0,0)
(0,0,0)
(0,0,0)
(0,0,0)
(0,0,0)
(0,0,0)
(0,0,0)
(0,0,0)
(0,0,0)
(0,0,0)
(0,0,0)
(0,0,0)
(0,0,0)
(0,0,0)
(0,0,0)
(0,0,0)
(0,0,0)
(0,0,0)
(0,0,0)
(0,0,0)
(0,0,0)
(0,0,0)
(0,0,0)
(0,0,0)
(0,0,0)
(0,0,0)
(0,0,0)
(0,0,0)
(0,0,0)
(0,0,0)
(0,0,0)
(0,0,0)
(0,0,0)
(0,0,0)
(0,0,0)
(0,0,0)
(0,0,0)
(0,0,0)
(0,0,0)
(0,0,0)
(0,0,0)
(0,0,0)
(0,0,0)
(0,0,0)
(0,0,0)
(0,0,0)
(0,0,0)
(0,0,0)
(0,0,0)
(0,0,0)
(0,0,0)
(0,0,0)
(0,0,0)
(0,0,0)
(0,0,0)
(0,0,0)
(0,0,0)
(0,0,0)
(0,0,0)
(0,0,0)
(0,0,0)
(0,0,0)
(0,0,0)
(0,0,0)
(0,0,0)
(0,0,0)
(0,0,0)
(0,0,0)
(0,0,0)
(0,0,0)
(0,0,0)
(0,0,0)
(0,0,0)
(0,0,0)
(0,0,0)
(0,0,0)
(0,0,0)
(0,0,0)
(0,0,0)
(0,0,0)
(0,0,0)
(0,0,0)
(0,0,0)
(0,0,0)
(0,0,0)
(0,0,0)
(0,0,0)
(0,0,0)
(0,0,0)
(0,0,0)
(0,0,0)
(0,0,0)
(0,0,0)
(0,0,0)
(0,0,0)
(0,0,0)
(0,0,0)
(0,0,0)
(0,0,0)
(0,0,0)
(0,0,0)
(0,0,0)
(0,0,0)
(0,0,0)
(0,0,0)
(0,0,0)
(0,0,0)
(0,0,0)
(0,0,0)
(0,0,0)
(0,0,0)
(0,0,0)
(0,0,0)
(0,0,0)
(0,0,0)
(0,0,0)
(0,0,0)
(0,0,0)
(0,0,0)
(0,0,0)
(0,0,0)
(0,0,0)
(0,0,0)
(0,0,0)
(0,0,0)
(0,0,0)
(0,0,0)
(0,0,0)
(3.20812479013861e-13,1.25222551467898e-11,-1.18764634806421e-11)
(4.545618354543e-13,2.47677372847754e-11,-1.09859247065434e-11)
(9.09484236746227e-13,4.09022154089559e-11,-1.00635699766518e-11)
(8.99217887479856e-13,6.47527765430938e-11,-8.8094644681281e-12)
(1.53176036152438e-12,1.02749392363326e-10,-7.28811999740948e-12)
(1.31273440132751e-12,1.63740810599842e-10,-5.13840692894266e-12)
(1.23464358622205e-12,2.62505286986464e-10,-3.40712572471416e-12)
(1.76598246608993e-12,4.27270127202039e-10,-2.39495715612443e-12)
(3.35077481353704e-12,7.00807055311638e-10,-1.55861211285215e-12)
(4.54893503788204e-12,1.08226647474789e-09,-9.01642168352958e-13)
(0,0,0)
(0,0,0)
(0,0,0)
(0,0,0)
(0,0,0)
(0,0,0)
(3.98304337419937e-13,1.1361307686593e-11,-2.49937737603142e-11)
(5.39015458610941e-13,2.32248772796832e-11,-2.37958301560015e-11)
(1.12038116942399e-12,3.92190112922148e-11,-2.22022179148092e-11)
(1.92388729196379e-12,6.30688744203741e-11,-1.97307172839382e-11)
(3.06227171193371e-12,1.01102381471677e-10,-1.62517994445981e-11)
(3.60676333078577e-12,1.62458100432303e-10,-1.17953533659509e-11)
(3.34923205158933e-12,2.61850456638989e-10,-7.91589277148333e-12)
(3.86620731464276e-12,4.27204664104066e-10,-5.82390271365338e-12)
(5.49339107741263e-12,7.0115556941665e-10,-4.31279693785805e-12)
(6.70244131890534e-12,1.08235257503645e-09,-2.30522250644232e-12)
(0,0,0)
(0,0,0)
(0,0,0)
(0,0,0)
(0,0,0)
(0,0,0)
(6.46087834739052e-13,9.86454968707801e-12,-4.18690268142078e-11)
(1.31257580353148e-12,2.09640558118474e-11,-4.08935591000955e-11)
(2.38622063145987e-12,3.61138402673841e-11,-3.87387378688546e-11)
(3.52925905629842e-12,5.8966078179372e-11,-3.48789371265366e-11)
(4.2726438057791e-12,9.6492106857411e-11,-2.97281274873799e-11)
(4.75836324319171e-12,1.58415351841184e-10,-2.33681236319583e-11)
(4.06999524623577e-12,2.5952538833929e-10,-1.71501829416142e-11)
(5.00242933992702e-12,4.26446154373793e-10,-1.31234666488004e-11)
(6.6276553210862e-12,7.00673417285372e-10,-9.66095176198862e-12)
(7.73601710623593e-12,1.08172105214003e-09,-4.95179913652379e-12)
(0,0,0)
(0,0,0)
(0,0,0)
(0,0,0)
(0,0,0)
(0,0,0)
(1.38703931496023e-12,8.19367654962783e-12,-6.59476997097427e-11)
(2.51607179872718e-12,1.79405828801406e-11,-6.50668883350743e-11)
(4.1819233507867e-12,3.15730342929738e-11,-6.30364623137413e-11)
(5.20381914960322e-12,5.29198770431519e-11,-5.90232059038631e-11)
(5.62788579030576e-12,8.9144703566164e-11,-5.33341486804956e-11)
(6.19699776573924e-12,1.50816224115627e-10,-4.56659810628175e-11)
(4.89616530309325e-12,2.5398163902314e-10,-3.68920421756831e-11)
(4.93942578142728e-12,4.23626158190728e-10,-2.91845760312655e-11)
(5.93324710443069e-12,6.98141886767094e-10,-2.10335458346553e-11)
(6.73945875534033e-12,1.07944796722225e-09,-1.11034005917974e-11)
(0,0,0)
(0,0,0)
(0,0,0)
(0,0,0)
(0,0,0)
(0,0,0)
(1.45219083018136e-12,6.41890899218113e-12,-1.03652241560641e-10)
(2.90606032983399e-12,1.47721713992724e-11,-1.03011604636147e-10)
(5.24734435600484e-12,2.67131300494245e-11,-1.01192390148724e-10)
(6.54959527173795e-12,4.59127668119723e-11,-9.73782582193527e-11)
(6.74673045451374e-12,7.92625945972898e-11,-9.18392588536666e-11)
(6.97186392259705e-12,1.39120642014575e-10,-8.43303009364388e-11)
(4.4880407877765e-12,2.43787680837347e-10,-7.46641903748762e-11)
(3.29486054426954e-12,4.16408925379601e-10,-6.0592038512259e-11)
(3.77809095038987e-12,6.90660284608417e-10,-4.34298387764236e-11)
(4.48924734992321e-12,1.07110008331807e-09,-2.29546887099673e-11)
(0,0,0)
(0,0,0)
(0,0,0)
(0,0,0)
(0,0,0)
(0,0,0)
(1.23983281289485e-12,4.68861522382911e-12,-1.62984896379081e-10)
(3.1612443256638e-12,1.16809888468469e-11,-1.6252404955115e-10)
(5.2117853021859e-12,2.18374606528384e-11,-1.60774409983011e-10)
(6.2730442039793e-12,3.84469179625115e-11,-1.57379385483868e-10)
(6.2442342631376e-12,6.83814391000503e-11,-1.52079537631844e-10)
(5.46462288457778e-12,1.26008408222168e-10,-1.4422613133335e-10)
(2.9023718655917e-12,2.31015365034958e-10,-1.31448967710777e-10)
(1.51964281106343e-12,4.01799225039668e-10,-1.10294368752578e-10)
(1.64450071864563e-12,6.72603765891254e-10,-8.04788818759803e-11)
(2.03147606496904e-12,1.0503143180991e-09,-4.2798468440685e-11)
(0,0,0)
(0,0,0)
(0,0,0)
(0,0,0)
(0,0,0)
(0,0,0)
(1.94278711144961e-12,3.2877409268657e-12,-2.59604139960145e-10)
(3.30325999098038e-12,8.89123787106081e-12,-2.58861549070577e-10)
(4.19109446698076e-12,1.74034511662391e-11,-2.57263182721954e-10)
(4.45575148489406e-12,3.13239798244998e-11,-2.54613339673311e-10)
(3.89584605187796e-12,5.75700343567629e-11,-2.4979463941206e-10)
(1.88374486890166e-12,1.10516349240125e-10,-2.40640260332215e-10)
(4.0272758593395e-14,2.11024895521622e-10,-2.22111056743905e-10)
(-9.6900967420037e-13,3.74121261341792e-10,-1.91557847663073e-10)
(-5.31772086361647e-13,6.3666796458964e-10,-1.43301664161066e-10)
(-1.07191662010697e-13,1.00885547927747e-09,-7.80334041650198e-11)
(0,0,0)
(0,0,0)
(0,0,0)
(0,0,0)
(0,0,0)
(0,0,0)
(2.27779699614602e-12,2.27657150740637e-12,-4.22140421457358e-10)
(3.10248252923416e-12,6.65689453878485e-12,-4.2159104143689e-10)
(3.52489089659327e-12,1.38000361535717e-11,-4.2004337438138e-10)
(3.15185388683839e-12,2.53987160836797e-11,-4.16649117719654e-10)
(2.63855641692527e-12,4.79778777651888e-11,-4.10482583356268e-10)
(5.2599537777151e-13,9.40583468841082e-11,-3.98581834957514e-10)
(-1.36391903443666e-12,1.81024444416967e-10,-3.74588238007061e-10)
(-2.32651832788116e-12,3.26372709492982e-10,-3.29654419752445e-10)
(-2.29464848871822e-12,5.71835703513006e-10,-2.55154334741963e-10)
(-2.03191738408117e-12,9.31204550188204e-10,-1.44765706768086e-10)
(0,0,0)
(0,0,0)
(0,0,0)
(0,0,0)
(0,0,0)
(0,0,0)
(2.27738610865853e-12,1.73568578458258e-12,-6.9438191272225e-10)
(2.97442457602533e-12,4.60707061824994e-12,-6.938155570979e-10)
(3.0506103983894e-12,9.61551753172528e-12,-6.91805619285525e-10)
(2.19584228588622e-12,1.85166771729989e-11,-6.87406769936299e-10)
(1.47188803332719e-12,3.58769061565706e-11,-6.79093435974164e-10)
(-7.45185582119643e-13,7.06584428171482e-11,-6.6287243216329e-10)
(-2.77905068005241e-12,1.35897588841814e-10,-6.31124289435922e-10)
(-3.97319057499009e-12,2.51779129278463e-10,-5.70525015371511e-10)
(-4.27075249292628e-12,4.61356818223089e-10,-4.61832733068453e-10)
(-4.1800509913259e-12,7.86404060823794e-10,-2.77779420991105e-10)
(0,0,0)
(0,0,0)
(0,0,0)
(0,0,0)
(0,0,0)
(0,0,0)
(2.1966699823106e-12,1.11602814551773e-12,-1.07600568193733e-09)
(2.76854110052426e-12,2.32171024893363e-12,-1.07509534145057e-09)
(2.96993320248172e-12,4.73064120362132e-12,-1.07273038901731e-09)
(1.97125550633199e-12,9.74095974398573e-12,-1.06783751771302e-09)
(5.9954889774837e-13,1.94289538101511e-11,-1.05785293540494e-09)
(-2.18282614719984e-12,3.86410409898362e-11,-1.03848215612534e-09)
(-4.25686130748034e-12,7.46770071651108e-11,-1.00054788295019e-09)
(-5.19455204536051e-12,1.42837118368638e-10,-9.26934316786095e-10)
(-5.26536138213623e-12,2.77136724982216e-10,-7.84617538168914e-10)
(-5.50900134595572e-12,5.08220192119939e-10,-5.07600010985871e-10)
(0,0,0)
(0,0,0)
(0,0,0)
(0,0,0)
(0,0,0)
(0,0,0)
(0,0,0)
(0,0,0)
(0,0,0)
(0,0,0)
(0,0,0)
(0,0,0)
(0,0,0)
(0,0,0)
(0,0,0)
(0,0,0)
(0,0,0)
(0,0,0)
(0,0,0)
(0,0,0)
(0,0,0)
(0,0,0)
(0,0,0)
(0,0,0)
(0,0,0)
(0,0,0)
(0,0,0)
(0,0,0)
(0,0,0)
(0,0,0)
(0,0,0)
(0,0,0)
(0,0,0)
(0,0,0)
(0,0,0)
(0,0,0)
(0,0,0)
(0,0,0)
(0,0,0)
(0,0,0)
(0,0,0)
(0,0,0)
(0,0,0)
(0,0,0)
(0,0,0)
(0,0,0)
(0,0,0)
(0,0,0)
(0,0,0)
(0,0,0)
(0,0,0)
(0,0,0)
(0,0,0)
(0,0,0)
(0,0,0)
(0,0,0)
(0,0,0)
(0,0,0)
(0,0,0)
(0,0,0)
(0,0,0)
(0,0,0)
(0,0,0)
(0,0,0)
(0,0,0)
(0,0,0)
(0,0,0)
(0,0,0)
(0,0,0)
(0,0,0)
(0,0,0)
(0,0,0)
(0,0,0)
(0,0,0)
(0,0,0)
(0,0,0)
(0,0,0)
(0,0,0)
(0,0,0)
(0,0,0)
(0,0,0)
(0,0,0)
(0,0,0)
(0,0,0)
(0,0,0)
(0,0,0)
(0,0,0)
(0,0,0)
(0,0,0)
(0,0,0)
(0,0,0)
(0,0,0)
(0,0,0)
(0,0,0)
(0,0,0)
(0,0,0)
(0,0,0)
(0,0,0)
(0,0,0)
(0,0,0)
(0,0,0)
(0,0,0)
(5.91221165112038e-13,2.40278918391618e-11,-2.36738420919453e-11)
(1.07506711065545e-12,4.82920956967308e-11,-2.1851363041162e-11)
(1.33858284496319e-12,7.76425695044784e-11,-1.93541966700026e-11)
(1.06177553948255e-12,1.202368609429e-10,-1.62637584736927e-11)
(1.02905818470904e-12,1.87687320952161e-10,-1.23240017998575e-11)
(8.64163364640154e-13,2.92954677786752e-10,-7.58065035908829e-12)
(8.7730536509982e-13,4.61588274814253e-10,-3.76220124618805e-12)
(9.95100520792453e-13,7.47897508562828e-10,-1.93722858086631e-12)
(2.34529076400907e-12,1.29435332501629e-09,-1.0890751011368e-12)
(3.56119258092422e-12,2.54527153074127e-09,-5.57616635706359e-13)
(0,0,0)
(0,0,0)
(0,0,0)
(0,0,0)
(0,0,0)
(0,0,0)
(6.97118732622303e-13,2.21589084694424e-11,-4.8732441274284e-11)
(1.20622468525483e-12,4.5367990859491e-11,-4.61706029624159e-11)
(1.75405156338269e-12,7.42108408638153e-11,-4.23620536915919e-11)
(2.54776569362469e-12,1.16261778177707e-10,-3.67403489840843e-11)
(3.21610024754869e-12,1.83290744662467e-10,-2.85418894783103e-11)
(3.77005132743041e-12,2.8918187525497e-10,-1.83024765987165e-11)
(3.58231029345824e-12,4.59790095411608e-10,-9.14492448648488e-12)
(3.11361126911558e-12,7.47949452869446e-10,-5.11993305739725e-12)
(3.96796877728362e-12,1.29563794594797e-09,-3.98292770280513e-12)
(5.02874170886936e-12,2.5468031183129e-09,-2.32589147136786e-12)
(0,0,0)
(0,0,0)
(0,0,0)
(0,0,0)
(0,0,0)
(0,0,0)
(1.34149325807671e-12,1.92489846127418e-11,-7.96474960426264e-11)
(2.18122750399729e-12,4.05709717201341e-11,-7.70303139867013e-11)
(3.06722586355211e-12,6.75479273918325e-11,-7.22749065884671e-11)
(4.42465055336157e-12,1.07452989413806e-10,-6.40983902215636e-11)
(5.26004324160635e-12,1.73008333316895e-10,-5.19689044983794e-11)
(6.13955027839876e-12,2.80059926157247e-10,-3.66413222151614e-11)
(5.58702826957947e-12,4.5592780611199e-10,-2.14516786406904e-11)
(4.35991063620391e-12,7.48904055819632e-10,-1.4566470924634e-11)
(4.45003321390163e-12,1.29728289683577e-09,-1.12319586589443e-11)
(5.05730288748455e-12,2.54791145864831e-09,-6.23583961771333e-12)
(0,0,0)
(0,0,0)
(0,0,0)
(0,0,0)
(0,0,0)
(0,0,0)
(2.28099549773859e-12,1.60506368550582e-11,-1.23143689639333e-10)
(3.65405725826236e-12,3.44338145395038e-11,-1.2045500557024e-10)
(5.02857118445811e-12,5.78120424955885e-11,-1.15366204391109e-10)
(6.52187215741573e-12,9.38593458811713e-11,-1.06411245558837e-10)
(7.8418271415037e-12,1.55898143486682e-10,-9.30005091574195e-11)
(9.11864097965907e-12,2.6254176024898e-10,-7.49144664250566e-11)
(7.38265734445974e-12,4.46291213871948e-10,-5.4443764605462e-11)
(4.00562839595336e-12,7.48235330853031e-10,-4.19105987224225e-11)
(3.48470402025761e-12,1.29684990376098e-09,-3.08467278190268e-11)
(3.98394206772978e-12,2.54609616630459e-09,-1.66815319189465e-11)
(0,0,0)
(0,0,0)
(0,0,0)
(0,0,0)
(0,0,0)
(0,0,0)
(2.54184767403959e-12,1.26670525266619e-11,-1.89739512407443e-10)
(4.17802839483572e-12,2.78646967293106e-11,-1.87582823418783e-10)
(6.30888182321988e-12,4.69156316072525e-11,-1.8288929616536e-10)
(8.47644475551226e-12,7.75849409697909e-11,-1.7468670094537e-10)
(1.01189280345274e-11,1.32785373231348e-10,-1.6293932586926e-10)
(1.04179871534399e-11,2.3406817645316e-10,-1.48274819016762e-10)
(3.18820472755701e-12,4.2303778756002e-10,-1.34042650161574e-10)
(7.42361148367808e-13,7.40127470136989e-10,-1.04895502723557e-10)
(1.3594596011108e-12,1.28803365098441e-09,-7.40648890286129e-11)
(2.32032385887224e-12,2.53410532847264e-09,-3.89031726668093e-11)
(0,0,0)
(0,0,0)
(0,0,0)
(0,0,0)
(0,0,0)
(0,0,0)
(2.17986028192656e-12,9.47040031181808e-12,-2.91750753965304e-10)
(4.20135573331176e-12,2.15585939112469e-11,-2.90160585675772e-10)
(6.25077028964109e-12,3.64319955273153e-11,-2.85884886136674e-10)
(8.0961344899672e-12,6.13851099555072e-11,-2.79213708634576e-10)
(9.20223270793169e-12,1.09167356802576e-10,-2.69756194082534e-10)
(8.17951824404929e-12,2.06136592383547e-10,-2.56501025396122e-10)
(1.738242420722e-12,4.03380270273872e-10,-2.3747233266048e-10)
(-6.17880367660416e-13,7.17747751929e-10,-1.97863388579559e-10)
(-1.00111415038849e-13,1.25871735523306e-09,-1.43067143996212e-10)
(6.91846445927212e-13,2.49924371533317e-09,-7.55777680825724e-11)
(0,0,0)
(0,0,0)
(0,0,0)
(0,0,0)
(0,0,0)
(0,0,0)
(2.21136564134126e-12,6.82590654398294e-12,-4.55225564800487e-10)
(3.93923697463307e-12,1.59439842063111e-11,-4.53528293383241e-10)
(5.14466643100537e-12,2.75032366712199e-11,-4.50064469512632e-10)
(5.56231496446218e-12,4.73272676587871e-11,-4.4563404860948e-10)
(4.33362356360575e-12,8.72143942941103e-11,-4.39364277693773e-10)
(-1.87456363389784e-13,1.74239111326174e-10,-4.27317228105637e-10)
(-5.12485217583882e-13,3.69150180441468e-10,-3.9338416235533e-10)
(-1.476641327393e-12,6.69142990779203e-10,-3.44444033843794e-10)
(-9.67771005771457e-13,1.19521750681384e-09,-2.55285649284797e-10)
(-4.89666737761139e-13,2.42614201492167e-09,-1.37899372048424e-10)
(0,0,0)
(0,0,0)
(0,0,0)
(0,0,0)
(0,0,0)
(0,0,0)
(2.26930269850145e-12,4.64879253483555e-12,-7.36973095221002e-10)
(3.60463939425982e-12,1.15483591469874e-11,-7.35595385098483e-10)
(4.31515285671309e-12,2.12936849085528e-11,-7.32664654614252e-10)
(3.86735843413399e-12,3.84496592771989e-11,-7.27918354071286e-10)
(2.83877962678902e-12,7.48402216651946e-11,-7.20433256608746e-10)
(-6.76975057223078e-14,1.55116956965871e-10,-7.05254933898109e-10)
(-1.1708817138958e-12,3.20178906098665e-10,-6.67832323959366e-10)
(-2.23302312384279e-12,5.80654203025684e-10,-5.87191809683623e-10)
(-2.20439117267445e-12,1.07876337869189e-09,-4.52690225039983e-10)
(-1.99713478776735e-12,2.28906910587646e-09,-2.57698511032919e-10)
(0,0,0)
(0,0,0)
(0,0,0)
(0,0,0)
(0,0,0)
(0,0,0)
(2.33068812337389e-12,3.17259735381813e-12,-1.2818457651083e-09)
(3.24984713296597e-12,8.06802098118352e-12,-1.28031890603747e-09)
(3.53663737726717e-12,1.55056866314397e-11,-1.27641304152453e-09)
(2.65822575276561e-12,2.91734720543527e-11,-1.26942267372541e-09)
(1.69883656887134e-12,5.8185827770033e-11,-1.25744397083019e-09)
(-4.7592648217469e-13,1.19674881874706e-10,-1.23330706928001e-09)
(-2.15774306776161e-12,2.38492171094939e-10,-1.18119576496477e-09)
(-3.72346196822396e-12,4.45445191807134e-10,-1.07443555933797e-09)
(-4.10397132940738e-12,8.83467225566093e-10,-8.83498459989944e-10)
(-3.77560327854311e-12,2.03125226834355e-09,-5.52710842864786e-10)
(0,0,0)
(0,0,0)
(0,0,0)
(0,0,0)
(0,0,0)
(0,0,0)
(2.40235764105984e-12,1.81685175230669e-12,-2.53374144353477e-09)
(2.72529891619655e-12,4.20081889031799e-12,-2.53137661968656e-09)
(2.80770310181672e-12,8.18377060812446e-12,-2.52645895713871e-09)
(1.72763294224094e-12,1.60299035347216e-11,-2.51789049818722e-09)
(6.577234282927e-13,3.23276450693207e-11,-2.50239028635566e-09)
(-1.47605833250871e-12,6.59153388289486e-11,-2.47142438897137e-09)
(-3.1934203064657e-12,1.29984457825632e-10,-2.40765523943364e-09)
(-4.67421229390419e-12,2.53380428628147e-10,-2.2794874151677e-09)
(-5.14616358296289e-12,5.51756237948369e-10,-2.02717239328716e-09)
(-4.88882021188079e-12,1.47749497162304e-09,-1.47624998132126e-09)
(0,0,0)
(0,0,0)
(0,0,0)
(0,0,0)
(0,0,0)
(0,0,0)
(0,0,0)
(0,0,0)
(0,0,0)
(0,0,0)
(0,0,0)
(0,0,0)
(0,0,0)
(0,0,0)
(0,0,0)
(0,0,0)
(0,0,0)
(0,0,0)
(0,0,0)
(0,0,0)
(0,0,0)
(0,0,0)
(0,0,0)
(0,0,0)
(0,0,0)
(0,0,0)
(0,0,0)
(0,0,0)
(0,0,0)
(0,0,0)
(0,0,0)
(0,0,0)
(0,0,0)
(0,0,0)
(0,0,0)
(0,0,0)
(0,0,0)
(0,0,0)
(0,0,0)
(0,0,0)
(0,0,0)
(0,0,0)
(0,0,0)
(0,0,0)
(0,0,0)
(0,0,0)
(0,0,0)
(0,0,0)
(0,0,0)
(0,0,0)
(0,0,0)
(0,0,0)
(0,0,0)
(0,0,0)
(0,0,0)
(0,0,0)
(0,0,0)
(0,0,0)
(0,0,0)
(0,0,0)
(0,0,0)
(0,0,0)
(0,0,0)
(0,0,0)
(0,0,0)
(0,0,0)
(0,0,0)
(0,0,0)
(0,0,0)
(0,0,0)
(0,0,0)
(0,0,0)
(0,0,0)
(0,0,0)
(0,0,0)
(0,0,0)
(0,0,0)
(0,0,0)
(0,0,0)
(0,0,0)
(0,0,0)
(0,0,0)
(0,0,0)
(0,0,0)
(0,0,0)
(0,0,0)
(0,0,0)
(0,0,0)
(0,0,0)
(0,0,0)
(0,0,0)
(0,0,0)
(0,0,0)
(0,0,0)
(0,0,0)
(0,0,0)
(0,0,0)
(0,0,0)
(0,0,0)
(0,0,0)
(0,0,0)
(0,0,0)
(6.37725484060325e-13,3.09780457867278e-11,-3.21413527358728e-11)
(1.50200557670278e-12,6.37460780942946e-11,-3.03703421853956e-11)
(1.67987328932002e-12,1.03413438321997e-10,-2.68969620911058e-11)
(1.09710163087781e-12,1.58678050592787e-10,-2.19417229870255e-11)
(6.82283033620947e-13,2.40931081813004e-10,-1.50781431760484e-11)
(8.18516783408043e-13,3.63165706797015e-10,-6.83719498961108e-12)
(8.5051210251208e-13,5.44123336230927e-10,-9.56732701158208e-15)
(9.50027344772585e-14,8.06346655421111e-10,2.24632234190958e-12)
(5.29211366913254e-13,1.18037670740661e-09,1.82603396831271e-12)
(1.47198837360089e-12,1.63492485117501e-09,9.76491041681401e-13)
(0,0,0)
(0,0,0)
(0,0,0)
(0,0,0)
(0,0,0)
(0,0,0)
(1.04520427738945e-12,2.95402798775435e-11,-6.70401437581773e-11)
(2.19469455380116e-12,6.08324470759039e-11,-6.41159959439819e-11)
(2.79526032782835e-12,9.91234055571748e-11,-5.81465172960724e-11)
(3.15809495174535e-12,1.52334855249641e-10,-4.85804822842578e-11)
(3.2590987135805e-12,2.33119674043887e-10,-3.44750383369718e-11)
(3.73444831288171e-12,3.56898399701062e-10,-1.61252753497815e-11)
(3.41960816400111e-12,5.43075727062421e-10,1.07366122470188e-12)
(1.02200296432323e-12,8.08758355150962e-10,5.28874023394647e-12)
(6.65981658055926e-13,1.18383450600378e-09,3.0039801914529e-12)
(1.59450990210209e-12,1.63854667586109e-09,1.09056808883213e-12)
(0,0,0)
(0,0,0)
(0,0,0)
(0,0,0)
(0,0,0)
(0,0,0)
(1.92265895982177e-12,2.65308455181121e-11,-1.09813034235305e-10)
(3.562977286429e-12,5.48413291296271e-11,-1.06032455770881e-10)
(4.62659439283419e-12,8.96317940525373e-11,-9.81743584069403e-11)
(5.88880836289118e-12,1.38525193043599e-10,-8.45144452239184e-11)
(7.04265078860307e-12,2.15563033601621e-10,-6.30233206404422e-11)
(8.46807261218108e-12,3.41327725072985e-10,-3.23759490506924e-11)
(8.33841279355883e-12,5.41484403737139e-10,1.54019904544613e-12)
(1.69412333710832e-12,8.16041611992003e-10,5.00931438096233e-12)
(-1.13092752579734e-13,1.19087015866882e-09,-4.94229748765999e-13)
(6.3675561350535e-13,1.64410072058547e-09,-2.09222082234338e-12)
(0,0,0)
(0,0,0)
(0,0,0)
(0,0,0)
(0,0,0)
(0,0,0)
(2.9758957570599e-12,2.2374523287363e-11,-1.67207655130645e-10)
(5.13437388929969e-12,4.64140616559841e-11,-1.62835669778006e-10)
(6.97002324048462e-12,7.53574406749499e-11,-1.53926669250788e-10)
(9.3855406674131e-12,1.16757737253727e-10,-1.38421414064478e-10)
(1.28685546645062e-11,1.85159020076086e-10,-1.13327232147203e-10)
(1.71215229559096e-11,3.079021220908e-10,-7.36858776783276e-11)
(1.81029177733032e-11,5.35305090710311e-10,-1.87949151585482e-11)
(1.04961820862478e-12,8.30246441795519e-10,-1.83621990482679e-11)
(-1.86423910326997e-12,1.20064095558586e-09,-2.16263225396018e-11)
(-7.06752019243687e-13,1.64827355580672e-09,-1.43834762596422e-11)
(0,0,0)
(0,0,0)
(0,0,0)
(0,0,0)
(0,0,0)
(0,0,0)
(3.58181090022548e-12,1.7729859379272e-11,-2.47402438035241e-10)
(5.79060395947139e-12,3.68185077689556e-11,-2.43380861777228e-10)
(8.58992268317207e-12,5.8690791859547e-11,-2.35262808015712e-10)
(1.29289006937266e-11,8.9725512934522e-11,-2.21666585788623e-10)
(1.90724376108153e-11,1.41788504002895e-10,-2.00957744946267e-10)
(2.4117402367803e-11,2.4125113313356e-10,-1.7555169654857e-10)
(-6.30142542432649e-12,4.73478435451273e-10,-1.83508072260236e-10)
(-7.70853433855285e-12,8.44924639643966e-10,-1.19535117345259e-10)
(-4.48596100931012e-12,1.20448690186698e-09,-8.27941810061597e-11)
(-1.72123566851872e-12,1.64164633389077e-09,-4.39568906347801e-11)
(0,0,0)
(0,0,0)
(0,0,0)
(0,0,0)
(0,0,0)
(0,0,0)
(3.23418576020911e-12,1.32543836163631e-11,-3.64078674143212e-10)
(5.54026589923659e-12,2.74808116288281e-11,-3.61187601868702e-10)
(8.50835164359757e-12,4.26944187161818e-11,-3.54847278030671e-10)
(1.26964622346935e-11,6.31724469276627e-11,-3.45308565304069e-10)
(1.79000265299306e-11,1.00357876095251e-10,-3.31899285945394e-10)
(2.10483065657787e-11,1.90915898643008e-10,-3.1449614162508e-10)
(-3.64061182781166e-12,4.7587047800144e-10,-3.14336180300758e-10)
(-6.80936380120519e-12,8.32461067734772e-10,-2.48187267972647e-10)
(-4.08963890938854e-12,1.1769108767612e-09,-1.74378758834366e-10)
(-1.78422122520609e-12,1.60458735375268e-09,-9.07867402042366e-11)
(0,0,0)
(0,0,0)
(0,0,0)
(0,0,0)
(0,0,0)
(0,0,0)
(2.69120823325697e-12,9.7654142710555e-12,-5.35919613370228e-10)
(4.87103816335565e-12,1.97074565381865e-11,-5.33899888765747e-10)
(6.92379729052959e-12,2.97336493080176e-11,-5.29974543153092e-10)
(8.17015243035519e-12,4.1221165651756e-11,-5.26037269092401e-10)
(4.66074660433114e-12,6.12476451924748e-11,-5.25960232123869e-10)
(-1.49983677533668e-11,1.18289037012159e-10,-5.31423919752349e-10)
(-4.81339386291316e-13,4.38450731760191e-10,-4.63467612884206e-10)
(-2.14623813291086e-12,7.77026560833426e-10,-4.43211019712278e-10)
(-1.89992012012671e-12,1.1010524025626e-09,-3.09653262293939e-10)
(-1.31612974099813e-12,1.51816740142588e-09,-1.60252971700229e-10)
(0,0,0)
(0,0,0)
(0,0,0)
(0,0,0)
(0,0,0)
(0,0,0)
(2.36778775699597e-12,7.25242486767505e-12,-7.89571631845304e-10)
(4.15424707590841e-12,1.4653555799417e-11,-7.88298578877581e-10)
(5.35685059081788e-12,2.27548708994947e-11,-7.85421180297802e-10)
(5.65844819446871e-12,3.42363956342939e-11,-7.82299789008176e-10)
(4.31485081128746e-12,6.27733781907984e-11,-7.82466731276953e-10)
(-2.0482323532789e-12,1.48754629176487e-10,-7.8541928793286e-10)
(-1.24660985938604e-13,3.98652346868028e-10,-7.65496968041343e-10)
(-1.5255965489252e-12,6.43714047018576e-10,-6.52866573246161e-10)
(-1.8999520539295e-12,9.53025629849766e-10,-4.77344460907912e-10)
(-1.87880828777564e-12,1.35920657857166e-09,-2.58062719991071e-10)
(0,0,0)
(0,0,0)
(0,0,0)
(0,0,0)
(0,0,0)
(0,0,0)
(2.15957465410378e-12,5.44126379299678e-12,-1.1596428639644e-09)
(3.21118471087192e-12,1.07799551337136e-11,-1.1579172533114e-09)
(3.86818560149537e-12,1.73288024037253e-11,-1.15385925949241e-09)
(3.82309137717431e-12,2.87958848752495e-11,-1.14778062657748e-09)
(3.42011771939539e-12,5.74310510551162e-11,-1.13991943613819e-09)
(1.17231224830259e-12,1.29332077488926e-10,-1.12312467886532e-09)
(-4.10235425246021e-13,2.80890638035704e-10,-1.07358142800072e-09)
(-2.59579813727435e-12,4.66391079902106e-10,-9.44126602705628e-10)
(-3.18060083681433e-12,7.33020276802752e-10,-7.32062264672862e-10)
(-2.72914942280619e-12,1.10065937160512e-09,-4.21072162418764e-10)
(0,0,0)
(0,0,0)
(0,0,0)
(0,0,0)
(0,0,0)
(0,0,0)
(1.85438554510555e-12,3.14013725080707e-12,-1.61530204516908e-09)
(2.00845525866598e-12,5.98173769030209e-12,-1.61245764189119e-09)
(2.42301475844137e-12,9.71463790142152e-12,-1.60689134846898e-09)
(2.25732464545481e-12,1.69725589003251e-11,-1.59827786219161e-09)
(2.01947111328504e-12,3.43189693298063e-11,-1.58427737912577e-09)
(6.70130958737278e-13,7.34758561148643e-11,-1.55435595493365e-09)
(-1.37678674680737e-12,1.46988381369721e-10,-1.48576062423576e-09)
(-3.60880554631162e-12,2.51668360874521e-10,-1.34257605251923e-09)
(-4.31233760048299e-12,4.20267629611994e-10,-1.09372934712169e-09)
(-3.64382991009573e-12,6.78014494709904e-10,-6.757161585723e-10)
(0,0,0)
(0,0,0)
(0,0,0)
(0,0,0)
(0,0,0)
(0,0,0)
(0,0,0)
(0,0,0)
(0,0,0)
(0,0,0)
(0,0,0)
(0,0,0)
(0,0,0)
(0,0,0)
(0,0,0)
(0,0,0)
(0,0,0)
(0,0,0)
(0,0,0)
(0,0,0)
(0,0,0)
(0,0,0)
(0,0,0)
(0,0,0)
(0,0,0)
(0,0,0)
(0,0,0)
(0,0,0)
(0,0,0)
(0,0,0)
(0,0,0)
(0,0,0)
(0,0,0)
(0,0,0)
(0,0,0)
(0,0,0)
(0,0,0)
(0,0,0)
(0,0,0)
(0,0,0)
(0,0,0)
(0,0,0)
(0,0,0)
(0,0,0)
(0,0,0)
(0,0,0)
(0,0,0)
(0,0,0)
(0,0,0)
(0,0,0)
(0,0,0)
(0,0,0)
(0,0,0)
(0,0,0)
(0,0,0)
(0,0,0)
(0,0,0)
(0,0,0)
(0,0,0)
(0,0,0)
(0,0,0)
(0,0,0)
(0,0,0)
(0,0,0)
(0,0,0)
(0,0,0)
(0,0,0)
(0,0,0)
(0,0,0)
(0,0,0)
(0,0,0)
(0,0,0)
(0,0,0)
(0,0,0)
(0,0,0)
(0,0,0)
(0,0,0)
(0,0,0)
(0,0,0)
(0,0,0)
(0,0,0)
(0,0,0)
(0,0,0)
(0,0,0)
(0,0,0)
(0,0,0)
(0,0,0)
(0,0,0)
(0,0,0)
(0,0,0)
(0,0,0)
(0,0,0)
(0,0,0)
(0,0,0)
(0,0,0)
(0,0,0)
(0,0,0)
(0,0,0)
(0,0,0)
(0,0,0)
(0,0,0)
(0,0,0)
(3.04480842765371e-13,3.61641423686662e-11,-3.72321481747002e-11)
(9.42256500804512e-13,7.44157729588358e-11,-3.50915375994581e-11)
(1.01466695006001e-12,1.19275541770052e-10,-3.08677997325097e-11)
(5.767171630468e-13,1.7853156107091e-10,-2.44902633592162e-11)
(2.52742616305074e-13,2.63966192492108e-10,-1.51691902176526e-11)
(2.58196216756197e-13,3.84323288024447e-10,-3.18777170528248e-12)
(-3.57768397897257e-13,5.47819974826532e-10,8.25082984088129e-12)
(-1.89640862177108e-12,7.51065005541289e-10,1.06839022439998e-11)
(-2.07904430363408e-12,9.80288585912698e-10,7.34667230546952e-12)
(-1.17334527081025e-12,1.17595250170163e-09,3.44121368181368e-12)
(0,0,0)
(0,0,0)
(0,0,0)
(0,0,0)
(0,0,0)
(0,0,0)
(1.13049082262559e-12,3.37744364326655e-11,-7.88742879785067e-11)
(2.21633385216812e-12,7.0344082321373e-11,-7.53471573079884e-11)
(2.72083682065271e-12,1.13223842123195e-10,-6.75727489907574e-11)
(2.86231321050282e-12,1.69761844737556e-10,-5.44663251004778e-11)
(2.4659761686573e-12,2.53010155108156e-10,-3.42103402297963e-11)
(2.10618636647337e-12,3.75074923317181e-10,-5.0173253498303e-12)
(7.95852480033065e-13,5.48719223209364e-10,2.7112747908099e-11)
(-3.97649383421965e-12,7.57274299727665e-10,2.84646574684697e-11)
(-4.45625890436201e-12,9.86754219672635e-10,1.69088635669726e-11)
(-2.8689667334444e-12,1.18165858265924e-09,6.96615616463506e-12)
(0,0,0)
(0,0,0)
(0,0,0)
(0,0,0)
(0,0,0)
(0,0,0)
(2.29840272614743e-12,2.98428653589692e-11,-1.28779711552309e-10)
(4.13214739612937e-12,6.2623643535949e-11,-1.24025679691828e-10)
(5.24103458740078e-12,1.00503992319769e-10,-1.13335369543789e-10)
(6.16513956928422e-12,1.50750908228477e-10,-9.43101890940058e-11)
(6.79929272438811e-12,2.27069191786314e-10,-6.19815188128555e-11)
(7.97752749822936e-12,3.49944250159055e-10,-6.21422556634915e-12)
(1.10486104848649e-11,5.58568876542551e-10,7.83869686497279e-11)
(-7.00716233667246e-12,7.78126057528528e-10,5.98119445056024e-11)
(-8.28589859603907e-12,1.00299758596524e-09,2.6267712908487e-11)
(-5.62830043009236e-12,1.19340310240819e-09,7.71558353112158e-12)
(0,0,0)
(0,0,0)
(0,0,0)
(0,0,0)
(0,0,0)
(0,0,0)
(3.24857431251347e-12,2.48702150736647e-11,-1.92622229721391e-10)
(5.82092724911247e-12,5.20809837307424e-11,-1.87013103859694e-10)
(8.13141686957257e-12,8.19662652235486e-11,-1.74597915456459e-10)
(1.13235830693451e-11,1.20474573280778e-10,-1.52645235996963e-10)
(1.65977162688222e-11,1.78271787442843e-10,-1.12491291374748e-10)
(2.88815493933667e-11,2.84759242529498e-10,-2.68040352361677e-11)
(7.94968569220646e-11,6.13291803574401e-10,2.17875727436502e-10)
(-1.03644561484812e-11,8.37748168748777e-10,8.81862213263959e-11)
(-1.29530316643658e-11,1.03368594153847e-09,1.76447714542447e-11)
(-8.46300636292394e-12,1.20812816864303e-09,-2.07805140978631e-12)
(0,0,0)
(0,0,0)
(0,0,0)
(0,0,0)
(0,0,0)
(0,0,0)
(4.0357104051227e-12,1.95408499797531e-11,-2.76869459929884e-10)
(7.01024633808343e-12,4.02258515020828e-11,-2.71667600540512e-10)
(1.09900735994468e-11,6.08137017047698e-11,-2.60554926902108e-10)
(1.87731258582302e-11,8.29571640235934e-11,-2.40515790978146e-10)
(3.50970171207631e-11,1.05007015804834e-10,-2.0394936077795e-10)
(8.24090125700212e-11,1.00604114263093e-10,-1.33862083124818e-10)
(-7.26664228894677e-11,1.15565407244173e-09,-1.51369455251926e-17)
(-3.19858987684572e-11,9.88994193897504e-10,-7.94006654826963e-11)
(-1.5747226274914e-11,1.07439395477047e-09,-6.30124288404638e-11)
(-8.61914616518756e-12,1.21486125659524e-09,-3.69051211803129e-11)
(0,0,0)
(0,0,0)
(0,0,0)
(0,0,0)
(0,0,0)
(0,0,0)
(3.83208283100236e-12,1.47072086686132e-11,-3.89387147864478e-10)
(6.97329715184806e-12,2.92530143802201e-11,-3.85228156926046e-10)
(1.19304083251593e-11,4.06579777952841e-11,-3.76664068391763e-10)
(2.12384641519249e-11,4.65538818170828e-11,-3.62663462850045e-10)
(3.96071131123948e-11,3.96803080401856e-11,-3.38250343929094e-10)
(9.35152068723e-11,3.74464712970806e-12,-2.78863282491045e-10)
(-3.23697779146631e-11,1.16238833890521e-09,-1.93155359626688e-16)
(-2.51833660381542e-11,1.00234136869366e-09,-2.41784029029586e-10)
(-1.18231833409167e-11,1.05946757501623e-09,-1.72104708142921e-10)
(-6.15100910263674e-12,1.1838457617018e-09,-8.96068302772163e-11)
(0,0,0)
(0,0,0)
(0,0,0)
(0,0,0)
(0,0,0)
(0,0,0)
(3.18447303216378e-12,1.05540224007579e-11,-5.38926924100249e-10)
(5.99959328947052e-12,1.99963288175604e-11,-5.35893435628614e-10)
(9.96530163836106e-12,2.43284668980676e-11,-5.30851338567979e-10)
(1.50778854792804e-11,1.51718074396336e-11,-5.28247187032744e-10)
(8.59870123448753e-12,-3.91746501021826e-11,-5.44855286552413e-10)
(-1.13420266785837e-10,-3.04682436264248e-10,-6.71838747600178e-10)
(1.90604523339386e-11,1.37180239754929e-09,-1.47291615222847e-09)
(-2.39148173638657e-12,9.77080057012588e-10,-6.41191428680566e-10)
(-3.27343800100263e-12,9.85994884450749e-10,-3.4655125666334e-10)
(-2.60827858699321e-12,1.09746444627653e-09,-1.63218435837364e-10)
(0,0,0)
(0,0,0)
(0,0,0)
(0,0,0)
(0,0,0)
(0,0,0)
(2.90589586394746e-12,7.34589367117486e-12,-7.30348849602796e-10)
(5.15044916184021e-12,1.39214022430568e-11,-7.28370624294495e-10)
(7.66152779695647e-12,1.7147029625854e-11,-7.25032072643529e-10)
(1.12659012222862e-11,1.32504180998411e-11,-7.25414880626178e-10)
(1.2609734602882e-11,2.59026559636036e-12,-7.41951151566558e-10)
(-2.54800055723838e-12,2.78471834113932e-11,-8.05423975294624e-10)
(5.00665305119724e-12,5.5913809591323e-10,-9.4936003622832e-10)
(2.75258229316156e-13,6.86179046391727e-10,-6.9844962804751e-10)
(-1.17633992375415e-12,8.02746476767385e-10,-4.5762454048046e-10)
(-1.39432131230136e-12,9.34156357106772e-10,-2.31566549469976e-10)
(0,0,0)
(0,0,0)
(0,0,0)
(0,0,0)
(0,0,0)
(0,0,0)
(2.7350905432928e-12,5.2578954611025e-12,-9.54793082502625e-10)
(3.95140833528556e-12,9.88405616790874e-12,-9.52578500716981e-10)
(5.40371718887136e-12,1.38709824767584e-11,-9.48530744348664e-10)
(7.78522691281402e-12,1.79774422945404e-11,-9.45452986012988e-10)
(9.73744217184132e-12,3.23915480306219e-11,-9.47138480323537e-10)
(7.48528275775621e-12,9.55560919555117e-11,-9.54254732609827e-10)
(4.03719594564943e-12,3.04618073219416e-10,-9.4295146646475e-10)
(6.25828575332509e-14,4.43572041312967e-10,-7.8958720065164e-10)
(-1.41805590013619e-12,5.74862435531125e-10,-5.73060628214662e-10)
(-1.15643494641083e-12,7.00999591074199e-10,-3.08287967753371e-10)
(0,0,0)
(0,0,0)
(0,0,0)
(0,0,0)
(0,0,0)
(0,0,0)
(2.15011951802066e-12,2.96726137474612e-12,-1.15085158246902e-09)
(2.4238995267538e-12,5.58586056991156e-12,-1.14803218282199e-09)
(3.52416638249328e-12,8.53829264679169e-12,-1.14271590073351e-09)
(5.22940047994811e-12,1.31431103159428e-11,-1.13596892079034e-09)
(6.41701625097013e-12,2.61563105913744e-11,-1.12726165531867e-09)
(5.55065637570265e-12,6.3965984310893e-11,-1.10819302264468e-09)
(2.42702290639989e-12,1.45510460238561e-10,-1.05267124791212e-09)
(-7.87150069335294e-13,2.23568386376491e-10,-9.12013470725762e-10)
(-2.05789653788459e-12,3.07378627740395e-10,-6.92257852110239e-10)
(-1.34549377249438e-12,3.90412310246784e-10,-3.87811738693861e-10)
(0,0,0)
(0,0,0)
(0,0,0)
(0,0,0)
(0,0,0)
(0,0,0)
(0,0,0)
(0,0,0)
(0,0,0)
(0,0,0)
(0,0,0)
(0,0,0)
(0,0,0)
(0,0,0)
(0,0,0)
(0,0,0)
(0,0,0)
(0,0,0)
(0,0,0)
(0,0,0)
(0,0,0)
(0,0,0)
(0,0,0)
(0,0,0)
(0,0,0)
(0,0,0)
(0,0,0)
(0,0,0)
(0,0,0)
(0,0,0)
(0,0,0)
(0,0,0)
(0,0,0)
(0,0,0)
(0,0,0)
(0,0,0)
(0,0,0)
(0,0,0)
(0,0,0)
(0,0,0)
(0,0,0)
(0,0,0)
(0,0,0)
(0,0,0)
(0,0,0)
(0,0,0)
(0,0,0)
(0,0,0)
(0,0,0)
(0,0,0)
(0,0,0)
(0,0,0)
(0,0,0)
(0,0,0)
(0,0,0)
(0,0,0)
(0,0,0)
(0,0,0)
(0,0,0)
(0,0,0)
(0,0,0)
(0,0,0)
(0,0,0)
(0,0,0)
(0,0,0)
(0,0,0)
(0,0,0)
(0,0,0)
(0,0,0)
(0,0,0)
(0,0,0)
(0,0,0)
(0,0,0)
(0,0,0)
(0,0,0)
(0,0,0)
(0,0,0)
(0,0,0)
(0,0,0)
(0,0,0)
(0,0,0)
(0,0,0)
(0,0,0)
(0,0,0)
(0,0,0)
(0,0,0)
(0,0,0)
(0,0,0)
(0,0,0)
(0,0,0)
(0,0,0)
(0,0,0)
(0,0,0)
(0,0,0)
(0,0,0)
(0,0,0)
(0,0,0)
(0,0,0)
(0,0,0)
(0,0,0)
(0,0,0)
(0,0,0)
(5.53576203524655e-13,4.02504376704267e-11,-4.01816055817685e-11)
(7.90209271319109e-13,8.14101986219428e-11,-3.77415647949652e-11)
(6.88830223623532e-13,1.27800089361202e-10,-3.32689267772928e-11)
(2.53603548356664e-14,1.86188780044997e-10,-2.60422925563165e-11)
(-7.7263851211296e-13,2.67325692093533e-10,-1.49427177558663e-11)
(-1.93204062213806e-12,3.75677940937389e-10,5.60250891073949e-13)
(-3.69008918385161e-12,5.11989530938882e-10,1.68659275678924e-11)
(-4.76847286961339e-12,6.62326598363027e-10,1.95114897606203e-11)
(-4.63921943991575e-12,8.05709299879422e-10,1.31445002361858e-11)
(-3.43821254660099e-12,9.05571006088318e-10,5.7102287236263e-12)
(0,0,0)
(0,0,0)
(0,0,0)
(0,0,0)
(0,0,0)
(0,0,0)
(1.53493122580342e-12,3.73454571615998e-11,-8.48485373675939e-11)
(2.16236432035934e-12,7.63553062087246e-11,-8.07423387215072e-11)
(2.33426273380098e-12,1.20000624278399e-10,-7.22001801280402e-11)
(1.61726484889892e-12,1.74929505640101e-10,-5.72534065253636e-11)
(-7.86075389464684e-13,2.52320999517363e-10,-3.30272304775599e-11)
(-4.89321373332923e-12,3.60911596070927e-10,4.92963555267113e-12)
(-1.04057104135285e-11,5.11713396403008e-10,5.49134554892438e-11)
(-1.32724577335853e-11,6.70228408889052e-10,5.4424890149557e-11)
(-1.07569177946341e-11,8.13957290238962e-10,3.18029666804238e-11)
(-7.64733031776811e-12,9.12048822185484e-10,1.28041642221205e-11)
(0,0,0)
(0,0,0)
(0,0,0)
(0,0,0)
(0,0,0)
(0,0,0)
(2.51702115097181e-12,3.27515416832899e-11,-1.38398536192548e-10)
(3.98449705329669e-12,6.73134542257889e-11,-1.32918896603514e-10)
(4.7535812338374e-12,1.05025209718835e-10,-1.2074266202713e-10)
(4.11280423583288e-12,1.51549365367353e-10,-9.89205981443402e-11)
(-1.70596178648007e-13,2.16330096624022e-10,-6.08719469007772e-11)
(-1.14386590882877e-11,3.1483004114953e-10,1.034065113881e-11)
(-2.50992924028617e-11,5.19938779035361e-10,1.72562561266757e-10)
(-3.30850419598025e-11,6.97385498101221e-10,1.356951577492e-10)
(-2.04221247919051e-11,8.35360769466795e-10,5.94160978863307e-11)
(-1.26377831338197e-11,9.2690236487972e-10,1.94114656401891e-11)
(0,0,0)
(0,0,0)
(0,0,0)
(0,0,0)
(0,0,0)
(0,0,0)
(2.96881354472662e-12,2.72997601913306e-11,-2.04575774504339e-10)
(5.26087107453702e-12,5.54244855133664e-11,-1.98265278380207e-10)
(7.33130092885613e-12,8.40554595044252e-11,-1.83844324479338e-10)
(8.6870477043153e-12,1.15260027680514e-10,-1.58690189173375e-10)
(4.17523176825128e-12,1.48150759037392e-10,-1.16754474102804e-10)
(-3.16430850128972e-11,1.57584731044505e-10,-5.23709513566463e-11)
(-3.3317590583516e-10,5.82862610581191e-10,5.78437318276168e-17)
(-9.10690314250618e-11,7.82904897938757e-10,3.33566121133298e-10)
(-3.39382220323293e-11,8.78930447493314e-10,8.13409006300592e-11)
(-1.72741457249312e-11,9.48813034439085e-10,1.55386644062835e-11)
(0,0,0)
(0,0,0)
(0,0,0)
(0,0,0)
(0,0,0)
(0,0,0)
(3.66749232689091e-12,2.14186019249483e-11,-2.86728795562143e-10)
(6.87040982154496e-12,4.18714887990414e-11,-2.8016067579636e-10)
(1.11066615849697e-11,6.04425712450272e-11,-2.6615482258476e-10)
(1.86099778645435e-11,7.61362920924335e-11,-2.41119202051733e-10)
(3.03364472322815e-11,8.61080401237673e-11,-1.9646281828019e-10)
(4.54064117155351e-11,8.32357804735278e-11,-1.18597499885165e-10)
(-3.90071980120072e-17,2.39190892491736e-16,-9.71483790691824e-18)
(-6.17213102068534e-11,1.0418437517228e-09,1.97575193871531e-17)
(-2.69281541808237e-11,9.4644657639191e-10,-2.2745517064829e-11)
(-1.45087724520623e-11,9.65580276498796e-10,-2.25267332372139e-11)
(0,0,0)
(0,0,0)
(0,0,0)
(0,0,0)
(0,0,0)
(0,0,0)
(3.82627816042493e-12,1.56176721068768e-11,-3.86454805303121e-10)
(7.66589418022671e-12,2.91423296577299e-11,-3.80543986727714e-10)
(1.42593136806552e-11,3.75729148384843e-11,-3.68767570690706e-10)
(2.82074196084233e-11,3.68795908942323e-11,-3.47890506233436e-10)
(5.90750098167152e-11,2.07744805888388e-11,-3.06694614812943e-10)
(1.23079200930566e-10,-1.08728077654042e-11,-2.14511563791031e-10)
(-6.84515280700018e-19,1.81064039948227e-16,-1.77579069840788e-17)
(-6.96013752437397e-11,1.02343961639202e-09,-8.82099220617364e-17)
(-2.08483706411415e-11,9.36345605266375e-10,-1.16882318484561e-10)
(-9.37652395458051e-12,9.40174138687508e-10,-7.36033199802459e-11)
(0,0,0)
(0,0,0)
(0,0,0)
(0,0,0)
(0,0,0)
(0,0,0)
(3.35911329011146e-12,1.06970191614397e-11,-5.0669742326719e-10)
(7.03242280333821e-12,1.88554204820011e-11,-5.01970327289322e-10)
(1.4542587375338e-11,1.90651412379407e-11,-4.93695722028467e-10)
(3.36073743387435e-11,2.33936615080763e-12,-4.82598634796773e-10)
(9.38172465837108e-11,-5.06652512295445e-11,-4.63410465344034e-10)
(3.55127518166817e-10,-1.63980828849549e-10,-3.98901854737955e-10)
(3.04220979399056e-17,2.49195111789255e-16,-3.07748206295951e-16)
(-6.13064313275741e-12,1.09558256319681e-09,-6.96941562537726e-10)
(-3.35785114362121e-12,8.80805890655565e-10,-3.35723856434734e-10)
(-2.51862525459348e-12,8.62385553924477e-10,-1.50255161489723e-10)
(0,0,0)
(0,0,0)
(0,0,0)
(0,0,0)
(0,0,0)
(0,0,0)
(3.01566876572015e-12,6.95639567455968e-12,-6.43672088128498e-10)
(5.84924358602805e-12,1.18572093254645e-11,-6.40514226301541e-10)
(1.13203829286958e-11,9.55993965494113e-12,-6.35692897126559e-10)
(2.30751479679701e-11,-1.09679967829041e-11,-6.34442051711773e-10)
(4.62812758966872e-11,-8.16809881723671e-11,-6.49775717228647e-10)
(7.36791518323331e-11,-3.33689891585994e-10,-7.32337456757901e-10)
(8.61626756419721e-12,6.96941523179301e-10,-1.12771158035968e-09)
(2.05717574102532e-12,6.91530180495355e-10,-7.00509735200125e-10)
(6.49710302026347e-13,6.83752375122328e-10,-4.17562483214926e-10)
(1.95895250284709e-13,7.0801235485236e-10,-2.00592451619455e-10)
(0,0,0)
(0,0,0)
(0,0,0)
(0,0,0)
(0,0,0)
(0,0,0)
(2.81114284400371e-12,4.81907957198488e-12,-7.81636820598001e-10)
(4.20184756496604e-12,8.07673533070069e-12,-7.78621978563837e-10)
(7.65864868316045e-12,8.23320445923956e-12,-7.74402817650613e-10)
(1.43050532019634e-11,2.83236787215611e-12,-7.72507431698983e-10)
(2.30889318973755e-11,-6.06959097543971e-12,-7.78678171461517e-10)
(2.77721242573043e-11,1.50099302890116e-11,-8.02597203103136e-10)
(9.78054311339349e-12,3.01100875217801e-10,-8.41707279467369e-10)
(3.53966535702623e-12,4.04887446321762e-10,-6.70451729647417e-10)
(1.29309142930257e-12,4.62467185801025e-10,-4.60070973139711e-10)
(1.14287812763361e-12,5.04592506853906e-10,-2.36335777935255e-10)
(0,0,0)
(0,0,0)
(0,0,0)
(0,0,0)
(0,0,0)
(0,0,0)
(2.29798124573543e-12,2.70890122313564e-12,-8.80527197920305e-10)
(2.69347800819163e-12,4.62184115077095e-12,-8.76862541336222e-10)
(5.31547908611131e-12,5.76643327763742e-12,-8.71579849614468e-10)
(9.66524532421904e-12,6.73839232019061e-12,-8.66549242729729e-10)
(1.3504694168359e-11,1.2461382551989e-11,-8.61872992832568e-10)
(1.39948659540361e-11,4.20898293070999e-11,-8.52740824892474e-10)
(7.27970595860025e-12,1.3200193544797e-10,-8.15564362753001e-10)
(3.02561769163243e-12,1.92501348765318e-10,-6.85569724316385e-10)
(8.74617786135266e-13,2.35654979383163e-10,-4.95684213902214e-10)
(1.25507778042669e-12,2.65484561585587e-10,-2.6296567537176e-10)
(0,0,0)
(0,0,0)
(0,0,0)
(0,0,0)
(0,0,0)
(0,0,0)
(0,0,0)
(0,0,0)
(0,0,0)
(0,0,0)
(0,0,0)
(0,0,0)
(0,0,0)
(0,0,0)
(0,0,0)
(0,0,0)
(0,0,0)
(0,0,0)
(0,0,0)
(0,0,0)
(0,0,0)
(0,0,0)
(0,0,0)
(0,0,0)
(0,0,0)
(0,0,0)
(0,0,0)
(0,0,0)
(0,0,0)
(0,0,0)
(0,0,0)
(0,0,0)
(0,0,0)
(0,0,0)
(0,0,0)
(0,0,0)
(0,0,0)
(0,0,0)
(0,0,0)
(0,0,0)
(0,0,0)
(0,0,0)
(0,0,0)
(0,0,0)
(0,0,0)
(0,0,0)
(0,0,0)
(0,0,0)
(0,0,0)
(0,0,0)
(0,0,0)
(0,0,0)
(0,0,0)
(0,0,0)
(0,0,0)
(0,0,0)
(0,0,0)
(0,0,0)
(0,0,0)
(0,0,0)
(0,0,0)
(0,0,0)
(0,0,0)
(0,0,0)
(0,0,0)
(0,0,0)
(0,0,0)
(0,0,0)
(0,0,0)
(0,0,0)
(0,0,0)
(0,0,0)
(0,0,0)
(0,0,0)
(0,0,0)
(0,0,0)
(0,0,0)
(0,0,0)
(0,0,0)
(0,0,0)
(0,0,0)
(0,0,0)
(0,0,0)
(0,0,0)
(0,0,0)
(0,0,0)
(0,0,0)
(0,0,0)
(0,0,0)
(0,0,0)
(0,0,0)
(0,0,0)
(0,0,0)
(0,0,0)
(0,0,0)
(0,0,0)
(0,0,0)
(0,0,0)
(0,0,0)
(0,0,0)
(0,0,0)
(0,0,0)
(1.01851592554784e-12,4.02904464101033e-11,-4.2184192336383e-11)
(1.37246366686524e-12,8.29188947651579e-11,-3.99848474689119e-11)
(1.26166108545025e-12,1.29729284970707e-10,-3.55993741196245e-11)
(1.85059959281242e-13,1.86673782686611e-10,-2.76649391053959e-11)
(-1.27091458288455e-12,2.59582947913698e-10,-1.55824997351471e-11)
(-3.4713724324936e-12,3.51263794542926e-10,9.1478183594817e-13)
(-6.05951684070636e-12,4.61981258383592e-10,1.76773715536836e-11)
(-6.3032938712029e-12,5.74417922669899e-10,2.07109145485752e-11)
(-5.45293828689767e-12,6.69626630826811e-10,1.42333479737833e-11)
(-4.20579992013713e-12,7.2818553554172e-10,6.30196062862147e-12)
(0,0,0)
(0,0,0)
(0,0,0)
(0,0,0)
(0,0,0)
(0,0,0)
(2.02264805802464e-12,3.81425197662813e-11,-8.8364565821935e-11)
(2.66205770982888e-12,7.84120164789325e-11,-8.40943457799041e-11)
(2.36290369068906e-12,1.21784305790245e-10,-7.54772781121521e-11)
(7.71229073841699e-13,1.74535831455795e-10,-6.01847386969904e-11)
(-2.75203852635463e-12,2.42964527521877e-10,-3.53635821528949e-11)
(-8.7954787485033e-12,3.34206966063474e-10,3.40286670729256e-12)
(-1.81425277061942e-11,4.58244340759902e-10,5.43917795830285e-11)
(-1.7807623476624e-11,5.79921004346394e-10,5.67909466989946e-11)
(-1.31615945641599e-11,6.76790261740266e-10,3.43058612262446e-11)
(-9.69670878987729e-12,7.34208104919543e-10,1.41698231244215e-11)
(0,0,0)
(0,0,0)
(0,0,0)
(0,0,0)
(0,0,0)
(0,0,0)
(2.48916305389721e-12,3.41433953181267e-11,-1.4208294735777e-10)
(3.6972311893347e-12,6.97054650628664e-11,-1.36335474031115e-10)
(3.90126756545785e-12,1.06501626222089e-10,-1.24029590389114e-10)
(2.3534906791084e-12,1.49700556929288e-10,-1.02433357933723e-10)
(-3.20385663160605e-12,2.03982180310087e-10,-6.49828468124733e-11)
(-1.64152591112078e-11,2.82431028410328e-10,4.3399386539932e-12)
(-5.11557204311352e-11,4.53663936693405e-10,1.61468599309499e-10)
(-4.23253819344697e-11,5.98965422072674e-10,1.38110001904803e-10)
(-2.39871705722851e-11,6.94303276558226e-10,6.42323175980113e-11)
(-1.51369870529914e-11,7.46916996486294e-10,2.24099667534199e-11)
(0,0,0)
(0,0,0)
(0,0,0)
(0,0,0)
(0,0,0)
(0,0,0)
(2.53947568697687e-12,2.86809253839625e-11,-2.06314057392168e-10)
(4.39291388799368e-12,5.75834283345313e-11,-1.99961869690537e-10)
(5.79005388229118e-12,8.53765585198311e-11,-1.85584651877806e-10)
(5.87506822182347e-12,1.12955996991023e-10,-1.60785104005654e-10)
(1.83442793572057e-12,1.35442823167134e-10,-1.20522841513491e-10)
(-9.66514364230207e-12,1.25502933766084e-10,-6.16494382208207e-11)
(-8.38795977344271e-11,4.74435254208741e-10,3.26144040580195e-17)
(-9.77826647058642e-11,6.63059193793178e-10,3.25513160517566e-10)
(-3.56521147071459e-11,7.29803364325851e-10,8.78981271136443e-11)
(-1.850272337836e-11,7.65911990113234e-10,1.99548092124486e-11)
(0,0,0)
(0,0,0)
(0,0,0)
(0,0,0)
(0,0,0)
(0,0,0)
(2.90030237917988e-12,2.25121279303387e-11,-2.82102002572706e-10)
(5.59371575125697e-12,4.37571533177729e-11,-2.75171010094642e-10)
(8.94069745848543e-12,6.19217905968122e-11,-2.60215872034874e-10)
(1.32102952912e-11,7.57923447022852e-11,-2.34253293284694e-10)
(1.78046883721846e-11,8.26998816919348e-11,-1.89348434182464e-10)
(2.09175097841426e-11,7.90731831681311e-11,-1.13417713638915e-10)
(-1.03527027625689e-17,1.20802199308013e-16,-9.11847540077227e-18)
(-2.05716380537278e-11,8.765427773419e-10,2.27202890711374e-17)
(-1.70459668828977e-11,7.85649764934092e-10,-1.41103529301982e-11)
(-1.16293678779903e-11,7.79851547537898e-10,-1.70472244404631e-11)
(0,0,0)
(0,0,0)
(0,0,0)
(0,0,0)
(0,0,0)
(0,0,0)
(2.83611253045645e-12,1.61702738835665e-11,-3.67592602050235e-10)
(6.17638731894818e-12,3.02644183977528e-11,-3.6148053075598e-10)
(1.18900228239273e-11,3.89542561830025e-11,-3.48283726794579e-10)
(2.15517529313541e-11,3.84483151514668e-11,-3.24354375464979e-10)
(3.83316906131858e-11,2.46044804923596e-11,-2.78164068185363e-10)
(6.16756759815894e-11,1.02897161041464e-13,-1.83490847038193e-10)
(1.63642795592912e-18,7.14839610183112e-17,-1.5100019945741e-17)
(-2.48620917738857e-11,8.49027992246966e-10,-6.53009417798481e-17)
(-8.58765453464489e-12,7.73156123923823e-10,-9.74720824620498e-11)
(-5.19125917179883e-12,7.55698143499227e-10,-6.26888755254537e-11)
(0,0,0)
(0,0,0)
(0,0,0)
(0,0,0)
(0,0,0)
(0,0,0)
(2.37264079912526e-12,1.10856668505596e-11,-4.62549081194922e-10)
(5.75602869902038e-12,1.94776508233739e-11,-4.57764204470841e-10)
(1.29507017266419e-11,1.99996151046709e-11,-4.48008242396208e-10)
(2.7726567819717e-11,4.50692511030394e-12,-4.31377257558339e-10)
(6.03243729204511e-11,-3.95257386849082e-11,-3.98624870287766e-10)
(1.25935033913514e-10,-1.19882667032914e-10,-3.11433491715786e-10)
(1.12274277985571e-17,1.15031805005844e-16,-1.54553883852695e-16)
(3.67040334657019e-11,9.10138176864851e-10,-5.86797882505138e-10)
(8.22696944460503e-12,7.24601939588528e-10,-2.86944790778023e-10)
(1.59941232779981e-12,6.87047377784752e-10,-1.28777263818253e-10)
(0,0,0)
(0,0,0)
(0,0,0)
(0,0,0)
(0,0,0)
(0,0,0)
(1.99512304133773e-12,7.34300387379689e-12,-5.60514275546897e-10)
(4.80838840581113e-12,1.19506151595872e-11,-5.57095941118093e-10)
(1.139627270961e-11,8.45403455293537e-12,-5.51310420265621e-10)
(2.46084488297854e-11,-1.47018107389662e-11,-5.46031982920032e-10)
(5.3231618229016e-11,-8.8909248343654e-11,-5.51543894083105e-10)
(1.203534535591e-10,-3.36509990590918e-10,-6.11470597851002e-10)
(-2.27449296338507e-11,5.86797847939139e-10,-9.44196944063593e-10)
(5.75265792941635e-12,5.82398206590362e-10,-5.91883134465317e-10)
(4.96486802786176e-12,5.57498486317529e-10,-3.50640394005336e-10)
(3.02329162927952e-12,5.54324738146466e-10,-1.66624084075567e-10)
(0,0,0)
(0,0,0)
(0,0,0)
(0,0,0)
(0,0,0)
(0,0,0)
(1.90647915868837e-12,5.09460690089456e-12,-6.49457461740494e-10)
(3.43758083167413e-12,8.04180163860158e-12,-6.46070047515854e-10)
(8.23003391313239e-12,6.4707030525891e-12,-6.41114523686874e-10)
(1.65697685164627e-11,-2.44784707297019e-12,-6.37134588178885e-10)
(2.84769900115652e-11,-1.69700630728052e-11,-6.39832283717568e-10)
(3.98023016034496e-11,-7.66282447933712e-12,-6.58327782437977e-10)
(7.62393306327273e-12,2.52415755140046e-10,-6.92428466457212e-10)
(5.54500640576332e-12,3.37936836997233e-10,-5.46519499788131e-10)
(4.37010264270607e-12,3.69910374485632e-10,-3.68030725173308e-10)
(3.9150454607029e-12,3.85094345415803e-10,-1.8533898930918e-10)
(0,0,0)
(0,0,0)
(0,0,0)
(0,0,0)
(0,0,0)
(0,0,0)
(1.34222588478856e-12,2.9487315296596e-12,-7.06257973935875e-10)
(2.03262743720851e-12,4.63830064240692e-12,-7.02028810205217e-10)
(6.05130547900982e-12,4.60190759751463e-12,-6.96056633066957e-10)
(1.17273877472482e-11,3.46153832837632e-12,-6.89966906426139e-10)
(1.68339087802546e-11,6.18907679407574e-12,-6.84831390705645e-10)
(1.89082331216624e-11,2.96188288964957e-11,-6.7671363543746e-10)
(9.28700296995517e-12,1.10046741763471e-10,-6.45447133032767e-10)
(5.64145604277955e-12,1.58536769607869e-10,-5.34684599462045e-10)
(3.8110586388444e-12,1.84767165572961e-10,-3.77172755586568e-10)
(3.77396399425223e-12,1.97344465596447e-10,-1.94876970110912e-10)
(0,0,0)
(0,0,0)
(0,0,0)
(0,0,0)
(0,0,0)
(0,0,0)
(0,0,0)
(0,0,0)
(0,0,0)
(0,0,0)
(0,0,0)
(0,0,0)
(0,0,0)
(0,0,0)
(0,0,0)
(0,0,0)
(0,0,0)
(0,0,0)
(0,0,0)
(0,0,0)
(0,0,0)
(0,0,0)
(0,0,0)
(0,0,0)
(0,0,0)
(0,0,0)
(0,0,0)
(0,0,0)
(0,0,0)
(0,0,0)
(0,0,0)
(0,0,0)
(0,0,0)
(0,0,0)
(0,0,0)
(0,0,0)
(0,0,0)
(0,0,0)
(0,0,0)
(0,0,0)
(0,0,0)
(0,0,0)
(0,0,0)
(0,0,0)
(0,0,0)
(0,0,0)
(0,0,0)
(0,0,0)
(0,0,0)
(0,0,0)
(0,0,0)
(0,0,0)
(0,0,0)
(0,0,0)
(0,0,0)
(0,0,0)
(0,0,0)
(0,0,0)
(0,0,0)
(0,0,0)
(0,0,0)
(0,0,0)
(0,0,0)
(0,0,0)
(0,0,0)
(0,0,0)
(0,0,0)
(0,0,0)
(0,0,0)
(0,0,0)
(0,0,0)
(0,0,0)
(0,0,0)
(0,0,0)
(0,0,0)
(0,0,0)
(0,0,0)
(0,0,0)
(0,0,0)
(0,0,0)
(0,0,0)
(0,0,0)
(0,0,0)
(0,0,0)
(0,0,0)
(0,0,0)
(0,0,0)
(0,0,0)
(0,0,0)
(0,0,0)
(0,0,0)
(0,0,0)
(0,0,0)
(0,0,0)
(0,0,0)
(0,0,0)
(0,0,0)
(0,0,0)
(0,0,0)
(0,0,0)
(0,0,0)
(0,0,0)
(9.67097701899289e-13,3.94848556168081e-11,-4.25501868735385e-11)
(1.49386860380142e-12,8.17253233887866e-11,-4.08714240438834e-11)
(1.27220525168505e-12,1.28862838370761e-10,-3.68944035054787e-11)
(2.40571819849675e-13,1.83327547871161e-10,-2.92439103276197e-11)
(-1.14977576215988e-12,2.49250594390746e-10,-1.83147171762627e-11)
(-3.17713367077489e-12,3.2683286606954e-10,-3.93011698852065e-12)
(-5.35614221190974e-12,4.16030242066047e-10,1.03516454382054e-11)
(-5.32880897290415e-12,5.01800557814617e-10,1.45027837412995e-11)
(-4.68518185519345e-12,5.68850024384352e-10,1.10003930567233e-11)
(-3.92640866934251e-12,6.06790791122369e-10,5.28045757957597e-12)
(0,0,0)
(0,0,0)
(0,0,0)
(0,0,0)
(0,0,0)
(0,0,0)
(1.75155246414824e-12,3.80042546102805e-11,-8.94292864843889e-11)
(2.75154145814294e-12,7.75903812690943e-11,-8.53265620267499e-11)
(2.35304384368232e-12,1.20784078314205e-10,-7.72055877535758e-11)
(7.85347056254336e-13,1.71662996485514e-10,-6.29806660761274e-11)
(-2.53614017475286e-12,2.33844550482683e-10,-4.09539229109381e-11)
(-8.00845397109284e-12,3.10413108852612e-10,-8.30989034312308e-12)
(-1.59612907556635e-11,4.07995178454812e-10,3.24066120656388e-11)
(-1.4366955730156e-11,5.01843875661978e-10,3.84817093256621e-11)
(-1.05385712802945e-11,5.7207907474251e-10,2.47182478378054e-11)
(-8.23577723220255e-12,6.10376903357833e-10,1.06709683002476e-11)
(0,0,0)
(0,0,0)
(0,0,0)
(0,0,0)
(0,0,0)
(0,0,0)
(2.20415966140525e-12,3.41867932286762e-11,-1.4269295427795e-10)
(3.51338427566982e-12,6.91109120392948e-11,-1.36684449081056e-10)
(3.43010281232285e-12,1.05798298591207e-10,-1.24973179813684e-10)
(1.64753949612519e-12,1.48534879505588e-10,-1.05415331137387e-10)
(-3.9872849551198e-12,1.98836069600571e-10,-7.3037561435663e-11)
(-1.66158251224702e-11,2.63081596999174e-10,-1.81453787898526e-11)
(-4.85684405417769e-11,3.87326372482911e-10,9.5293780709815e-11)
(-3.25414693481793e-11,5.05270711012135e-10,8.84794104738384e-11)
(-1.76649074953231e-11,5.8027336097337e-10,4.25671428443828e-11)
(-1.17220139265154e-11,6.17479898194735e-10,1.5131254698369e-11)
(0,0,0)
(0,0,0)
(0,0,0)
(0,0,0)
(0,0,0)
(0,0,0)
(2.35608543897032e-12,2.8513217061415e-11,-2.04243279750675e-10)
(3.84197109201922e-12,5.73794913495184e-11,-1.97503966094357e-10)
(4.44527393316001e-12,8.60235190444544e-11,-1.83780025660494e-10)
(2.77645801839842e-12,1.15483568428875e-10,-1.61374714306736e-10)
(-4.29603388175012e-12,1.39889316054684e-10,-1.26739633395961e-10)
(-2.48848638795732e-11,1.31990011861636e-10,-8.34086207480374e-11)
(6.50424077689526e-11,3.3273437820862e-10,-8.47602456847862e-11)
(-7.36512148506666e-11,5.20562079580594e-10,1.95510941885472e-10)
(-2.35551974141935e-11,5.95358259562495e-10,5.05174312260124e-11)
(-1.24874715905689e-11,6.26561849906746e-10,1.01828199389062e-11)
(0,0,0)
(0,0,0)
(0,0,0)
(0,0,0)
(0,0,0)
(0,0,0)
(2.31116394788967e-12,2.25841625847344e-11,-2.73922108759623e-10)
(4.1313126115078e-12,4.47323496198536e-11,-2.67113494747248e-10)
(5.94565312211424e-12,6.49299465194344e-11,-2.52949384857419e-10)
(5.64946573978948e-12,8.2019751109636e-11,-2.28940688238493e-10)
(-3.06309717883376e-14,9.39400330309331e-11,-1.89544856856267e-10)
(-1.35299087292097e-11,1.02491163343948e-10,-1.23704579104659e-10)
(7.1267710552236e-18,1.22574920844681e-16,-3.36451407938708e-17)
(2.10535226916928e-11,5.78948409366249e-10,-5.88321789204972e-11)
(-1.61545436237053e-12,6.13756529901405e-10,-3.42032089481168e-11)
(-4.52318827978052e-12,6.28240486786148e-10,-2.1533376529151e-11)
(0,0,0)
(0,0,0)
(0,0,0)
(0,0,0)
(0,0,0)
(0,0,0)
(1.80864826920736e-12,1.69651980375174e-11,-3.46786273707375e-10)
(3.76635093192624e-12,3.25570888368197e-11,-3.40895167551868e-10)
(6.91531257265665e-12,4.41372416894513e-11,-3.28091558736049e-10)
(9.30283569290205e-12,4.86524697481271e-11,-3.0518185993305e-10)
(7.78868864328431e-12,4.33018516809838e-11,-2.64196490336693e-10)
(-1.82959176262664e-12,2.79236790225089e-11,-1.82822460678111e-10)
(8.28950580250319e-18,8.22706577600941e-17,-4.46629945066303e-17)
(1.14997407693382e-11,5.5087703324372e-10,-1.01352467044443e-10)
(5.1833228640549e-12,5.92586016542248e-10,-1.04519128711335e-10)
(7.70631017218996e-13,6.0131640880134e-10,-5.86552149483548e-11)
(0,0,0)
(0,0,0)
(0,0,0)
(0,0,0)
(0,0,0)
(0,0,0)
(1.33042705180373e-12,1.24652026463176e-11,-4.21992161161916e-10)
(3.52710228817559e-12,2.23597502879988e-11,-4.17136255418956e-10)
(7.86529744050773e-12,2.62589236557629e-11,-4.06856062737507e-10)
(1.41829163984147e-11,1.87481315956389e-11,-3.89137197694256e-10)
(2.25165040072177e-11,-7.59755075979714e-12,-3.56708930998719e-10)
(3.11290203096139e-11,-5.92884960222061e-11,-2.78053864978502e-10)
(6.27134884450086e-18,1.0283759107078e-16,-1.41145290666914e-16)
(6.45909120130735e-11,5.33768579625641e-10,-3.84290749495731e-10)
(1.7162895755835e-11,5.40547862630886e-10,-2.22450963766221e-10)
(5.54478814783714e-12,5.39619078439856e-10,-1.05344773672805e-10)
(0,0,0)
(0,0,0)
(0,0,0)
(0,0,0)
(0,0,0)
(0,0,0)
(8.25185585435067e-13,8.74862456454854e-12,-4.94893938338108e-10)
(2.93168107432612e-12,1.44678017490599e-11,-4.90969276433217e-10)
(8.10116686436608e-12,1.3916123932237e-11,-4.83797343596771e-10)
(1.78663963268627e-11,1.47401539897771e-13,-4.74460296820505e-10)
(4.12191367260641e-11,-4.40820168721559e-11,-4.66866551324291e-10)
(1.24232633660112e-10,-1.8984252034822e-10,-4.74604864299112e-10)
(-4.06766464330337e-11,3.5694718730492e-10,-5.55260009814398e-10)
(8.97128706256419e-12,4.10641153087828e-10,-4.25475856590377e-10)
(8.53666992998938e-12,4.28037858718413e-10,-2.7307076334277e-10)
(5.62960028437691e-12,4.33790487542632e-10,-1.33368014635652e-10)
(0,0,0)
(0,0,0)
(0,0,0)
(0,0,0)
(0,0,0)
(0,0,0)
(6.64940305283128e-13,6.10203640951341e-12,-5.55983726445794e-10)
(1.88555799889118e-12,9.71858672091353e-12,-5.52066107919525e-10)
(6.11889386021728e-12,9.403456179184e-12,-5.45630757835815e-10)
(1.33580786537996e-11,4.33179231333502e-12,-5.3827284791796e-10)
(2.38133488650928e-11,-1.88478478201964e-12,-5.32144126722042e-10)
(3.66213322468529e-11,1.11013582899779e-11,-5.28907058873009e-10)
(4.08397977076588e-12,1.85236726039263e-10,-5.20740594008874e-10)
(6.45629918030405e-12,2.57933349126557e-10,-4.23502805672681e-10)
(6.82157569124892e-12,2.8830279987929e-10,-2.8981345942057e-10)
(6.32593597087797e-12,2.99190443966137e-10,-1.46226042956733e-10)
(0,0,0)
(0,0,0)
(0,0,0)
(0,0,0)
(0,0,0)
(0,0,0)
(6.17936837905558e-14,3.53888967061295e-12,-5.9207160002041e-10)
(6.987509413555e-13,5.4300583304638e-12,-5.87393781567137e-10)
(4.56348643570621e-12,5.73966803566393e-12,-5.80362894686914e-10)
(1.00534103551311e-11,5.38717407186113e-12,-5.71859360429909e-10)
(1.4905230306145e-11,9.07464983184303e-12,-5.61740757524825e-10)
(1.72605596134643e-11,2.83573369006892e-11,-5.45891522572399e-10)
(8.5712111627042e-12,8.68395525400247e-11,-5.09478253024131e-10)
(6.66638177517133e-12,1.24736315554328e-10,-4.20638948486419e-10)
(6.28243873615004e-12,1.44434515874345e-10,-2.94964527478541e-10)
(6.24145947978634e-12,1.52006616674505e-10,-1.50980806875388e-10)
(0,0,0)
(0,0,0)
(0,0,0)
(0,0,0)
(0,0,0)
(0,0,0)
(0,0,0)
(0,0,0)
(0,0,0)
(0,0,0)
(0,0,0)
(0,0,0)
(0,0,0)
(0,0,0)
(0,0,0)
(0,0,0)
(0,0,0)
(0,0,0)
(0,0,0)
(0,0,0)
(0,0,0)
(0,0,0)
(0,0,0)
(0,0,0)
(0,0,0)
(0,0,0)
(0,0,0)
(0,0,0)
(0,0,0)
(0,0,0)
(0,0,0)
(0,0,0)
(0,0,0)
(0,0,0)
(0,0,0)
(0,0,0)
(0,0,0)
(0,0,0)
(0,0,0)
(0,0,0)
(0,0,0)
(0,0,0)
(0,0,0)
(0,0,0)
(0,0,0)
(0,0,0)
(0,0,0)
(0,0,0)
(0,0,0)
(0,0,0)
(0,0,0)
(0,0,0)
(0,0,0)
(0,0,0)
(0,0,0)
(0,0,0)
(0,0,0)
(0,0,0)
(0,0,0)
(0,0,0)
(0,0,0)
(0,0,0)
(0,0,0)
(0,0,0)
(0,0,0)
(0,0,0)
(0,0,0)
(0,0,0)
(0,0,0)
(0,0,0)
(0,0,0)
(0,0,0)
(0,0,0)
(0,0,0)
(0,0,0)
(0,0,0)
(0,0,0)
(0,0,0)
(0,0,0)
(0,0,0)
(0,0,0)
(0,0,0)
(0,0,0)
(0,0,0)
(0,0,0)
(0,0,0)
(0,0,0)
(0,0,0)
(0,0,0)
(0,0,0)
(0,0,0)
(0,0,0)
(0,0,0)
(0,0,0)
(0,0,0)
(0,0,0)
(0,0,0)
(0,0,0)
(0,0,0)
(0,0,0)
(0,0,0)
(0,0,0)
(7.68935878770967e-13,3.96827087085132e-11,-4.39447480050718e-11)
(1.65179018508819e-12,8.09625293461181e-11,-4.25568103083422e-11)
(1.70047213038229e-12,1.26781291070474e-10,-3.88697528595085e-11)
(9.75930054140377e-13,1.7853562055697e-10,-3.22616978084333e-11)
(-1.28332041839721e-13,2.39935930803284e-10,-2.32371159972294e-11)
(-1.039138880571e-12,3.08137342752691e-10,-1.17464580352687e-11)
(-1.47221690376912e-12,3.81500024276163e-10,-8.47418766177643e-13)
(-1.86973613568958e-12,4.49680111158168e-10,3.96794773200018e-12)
(-2.19429673620512e-12,5.00601842102387e-10,4.13384975946095e-12)
(-2.23206332522767e-12,5.27433998646235e-10,2.34619082407518e-12)
(0,0,0)
(0,0,0)
(0,0,0)
(0,0,0)
(0,0,0)
(0,0,0)
(1.46628938811335e-12,3.83924864552578e-11,-9.12169714300795e-11)
(3.11003641476924e-12,7.75995349930344e-11,-8.74504732810687e-11)
(3.11390188923071e-12,1.20247407369377e-10,-7.97735855520023e-11)
(1.8867208709912e-12,1.69282342876762e-10,-6.75788887780443e-11)
(-1.71691860455071e-13,2.27834095201576e-10,-4.97502054746848e-11)
(-1.3934445264181e-12,2.95968535589089e-10,-2.51490195365839e-11)
(-1.36758204378528e-12,3.7484586387106e-10,1.75672675503629e-12)
(-4.03032959245752e-12,4.47480628774514e-10,1.11516360420757e-11)
(-4.68557797359618e-12,5.00610941676572e-10,8.87878575819109e-12)
(-4.66780376885797e-12,5.28249322413912e-10,4.23455951839618e-12)
(0,0,0)
(0,0,0)
(0,0,0)
(0,0,0)
(0,0,0)
(0,0,0)
(1.86923063177279e-12,3.50397665539515e-11,-1.43549380268414e-10)
(3.53353569807418e-12,7.04839298929081e-11,-1.38109441730177e-10)
(3.64703368277973e-12,1.08106213209526e-10,-1.27442658571561e-10)
(2.32108087111467e-12,1.51227970140865e-10,-1.10674761525983e-10)
(6.72859449533015e-14,2.02320564957854e-10,-8.43183817792347e-11)
(1.03660051539957e-12,2.66835023940217e-10,-4.4491461698554e-11)
(1.28379239684913e-11,3.62423221473821e-10,1.18010406451418e-11)
(-1.92057028718466e-12,4.45529942081905e-10,2.08210808950512e-11)
(-5.31391793843272e-12,5.01671678734765e-10,1.12550621691667e-11)
(-5.6727109401535e-12,5.29521073703665e-10,4.0007710110413e-12)
(0,0,0)
(0,0,0)
(0,0,0)
(0,0,0)
(0,0,0)
(0,0,0)
(1.54582625933235e-12,3.02537552733753e-11,-2.01615304333485e-10)
(2.76517238782101e-12,6.04850634954928e-11,-1.95532673001406e-10)
(3.13353510442252e-12,9.14790614939843e-11,-1.83186796607409e-10)
(1.60519442686215e-12,1.24597996388684e-10,-1.63641356547037e-10)
(-1.67776350592299e-12,1.61032206932877e-10,-1.32992470629425e-10)
(5.96560957486447e-12,2.08056980630045e-10,-8.38552155286311e-11)
(1.17505475832395e-10,3.57294334614374e-10,3.3112906410006e-11)
(1.29559660231389e-11,4.49785704052886e-10,1.9446012945048e-11)
(-1.61885646599132e-12,5.03917968896029e-10,-6.38866373060322e-13)
(-3.98328853107136e-12,5.29456196228903e-10,-4.40820382567972e-12)
(0,0,0)
(0,0,0)
(0,0,0)
(0,0,0)
(0,0,0)
(0,0,0)
(1.12151448273281e-12,2.48778497364837e-11,-2.64223670182949e-10)
(2.14246350471019e-12,4.9060940372742e-11,-2.58319413674105e-10)
(2.72966133317453e-12,7.27213458189932e-11,-2.45954485501724e-10)
(-3.79084280927664e-13,9.39706677347828e-11,-2.2582849925678e-10)
(-1.52327273734481e-11,1.09632418249487e-10,-1.97377551060233e-10)
(-6.26669698672868e-11,9.15009267199117e-11,-1.6714866264556e-10)
(5.88321927063906e-11,4.59801791862002e-10,-1.80808947644937e-10)
(2.44959288418407e-11,4.71535627950803e-10,-9.16166630204992e-11)
(6.88522657781742e-12,5.0313479945714e-10,-5.5451428190179e-11)
(8.67513175879554e-13,5.20914063155962e-10,-2.83188674024148e-11)
(0,0,0)
(0,0,0)
(0,0,0)
(0,0,0)
(0,0,0)
(0,0,0)
(4.17537504899849e-13,1.975430431306e-11,-3.28053964048431e-10)
(1.16008066492822e-12,3.79149739221404e-11,-3.22885258372803e-10)
(1.88393180334859e-12,5.41990923101469e-11,-3.11775033382203e-10)
(-1.77819575096916e-12,6.5552611413215e-11,-2.93250814732431e-10)
(-2.26859385745157e-11,7.00954703081789e-11,-2.67868708000993e-10)
(-9.7439832733029e-11,5.33040863481504e-11,-2.43809962774995e-10)
(1.01352410104021e-10,4.09554528233412e-10,-2.61743254671699e-10)
(3.17748560543134e-11,4.45726667731496e-10,-1.711486161514e-10)
(1.13575630124308e-11,4.7646065744254e-10,-1.12996654727523e-10)
(3.81274643034745e-12,4.91020850063163e-10,-5.70412520762768e-11)
(0,0,0)
(0,0,0)
(0,0,0)
(0,0,0)
(0,0,0)
(0,0,0)
(1.91099390612073e-13,1.52997551441072e-11,-3.90423729723601e-10)
(1.13885814566725e-12,2.80314402417747e-11,-3.85848416006471e-10)
(2.48923212078164e-12,3.76272426802092e-11,-3.76277333675217e-10)
(3.55379758618969e-13,4.07496052953364e-11,-3.61446788927989e-10)
(-1.965409590064e-11,3.42131204191627e-11,-3.44116594603224e-10)
(-1.16370679197583e-10,-4.75850882996097e-12,-3.42962392172087e-10)
(2.73435301544578e-11,3.99147077268264e-10,-4.76025103457542e-10)
(2.5878552821375e-11,4.03832994382484e-10,-2.95010155038087e-10)
(1.25667095748918e-11,4.23701775390136e-10,-1.8185989912148e-10)
(6.02860537226195e-12,4.34053089119249e-10,-8.84554263068071e-11)
(0,0,0)
(0,0,0)
(0,0,0)
(0,0,0)
(0,0,0)
(0,0,0)
(-4.5288816442046e-13,1.12273134344465e-11,-4.47011070214329e-10)
(5.08963266026467e-13,1.96730781696834e-11,-4.42748938192279e-10)
(3.27678784115373e-12,2.49376124622854e-11,-4.34703510571725e-10)
(6.08826005721138e-12,2.52287472078388e-11,-4.23395958258384e-10)
(6.7602176107485e-12,2.34048592029934e-11,-4.11824298150286e-10)
(3.94390053719968e-12,3.71710280528487e-11,-4.07226761971952e-10)
(1.24966160860176e-12,2.39229630838409e-10,-4.18064065352108e-10)
(9.27399777623248e-12,3.05812366217309e-10,-3.2648815038984e-10)
(8.56898006199312e-12,3.35153788955692e-10,-2.17926473071628e-10)
(6.86162922521854e-12,3.46580581075489e-10,-1.08771729323991e-10)
(0,0,0)
(0,0,0)
(0,0,0)
(0,0,0)
(0,0,0)
(0,0,0)
(-6.89531482084577e-13,7.36719602339707e-12,-4.91036025568381e-10)
(-2.61263694367884e-13,1.28687228290814e-11,-4.86827399081777e-10)
(2.42477208588007e-12,1.62940525104166e-11,-4.79266238628272e-10)
(6.17397569935609e-12,1.85111463549668e-11,-4.69008105673026e-10)
(9.61684640219666e-12,2.61065970182077e-11,-4.56838004273344e-10)
(1.1198888772007e-11,5.5112118300026e-11,-4.4144155844439e-10)
(5.24336493380982e-12,1.46818115387611e-10,-4.13752929608061e-10)
(5.96398650042068e-12,2.01039390599882e-10,-3.36941935527721e-10)
(7.1024432323584e-12,2.28337752141604e-10,-2.33499085888679e-10)
(7.2837203057772e-12,2.386706407159e-10,-1.18674053079891e-10)
(0,0,0)
(0,0,0)
(0,0,0)
(0,0,0)
(0,0,0)
(0,0,0)
(-1.0771350988692e-12,3.82978954099164e-12,-5.15687774306316e-10)
(-9.02077608404099e-13,6.56138566346081e-12,-5.10987506830793e-10)
(1.79962021436532e-12,8.52991536558038e-12,-5.03120917500745e-10)
(5.32198152190841e-12,1.08818088707303e-11,-4.92248167395086e-10)
(8.13064518556241e-12,1.75387941729319e-11,-4.77514906708426e-10)
(9.20462696588512e-12,3.5526831725275e-11,-4.5523660767396e-10)
(6.57145916501711e-12,7.23361398836065e-11,-4.14947675292467e-10)
(5.72827632162183e-12,9.98383665899481e-11,-3.40160638155173e-10)
(6.73323400734266e-12,1.15267661631702e-10,-2.38641640795667e-10)
(7.26726927890269e-12,1.21089976594353e-10,-1.22055113642879e-10)
(0,0,0)
(0,0,0)
(0,0,0)
(0,0,0)
(0,0,0)
(0,0,0)
(0,0,0)
(0,0,0)
(0,0,0)
(0,0,0)
(0,0,0)
(0,0,0)
(0,0,0)
(0,0,0)
(0,0,0)
(0,0,0)
(0,0,0)
(0,0,0)
(0,0,0)
(0,0,0)
(0,0,0)
(0,0,0)
(0,0,0)
(0,0,0)
(0,0,0)
(0,0,0)
(0,0,0)
(0,0,0)
(0,0,0)
(0,0,0)
(0,0,0)
(0,0,0)
(0,0,0)
(0,0,0)
(0,0,0)
(0,0,0)
(0,0,0)
(0,0,0)
(0,0,0)
(0,0,0)
(0,0,0)
(0,0,0)
(0,0,0)
(0,0,0)
(0,0,0)
(0,0,0)
(0,0,0)
(0,0,0)
(0,0,0)
(0,0,0)
(0,0,0)
(0,0,0)
(0,0,0)
(0,0,0)
(0,0,0)
(0,0,0)
(0,0,0)
(0,0,0)
(0,0,0)
(0,0,0)
(0,0,0)
(0,0,0)
(0,0,0)
(0,0,0)
(0,0,0)
(0,0,0)
(0,0,0)
(0,0,0)
(0,0,0)
(0,0,0)
(0,0,0)
(0,0,0)
(0,0,0)
(0,0,0)
(0,0,0)
(0,0,0)
(0,0,0)
(0,0,0)
(0,0,0)
(0,0,0)
(0,0,0)
(0,0,0)
(0,0,0)
(0,0,0)
(0,0,0)
(0,0,0)
(0,0,0)
(0,0,0)
(0,0,0)
(0,0,0)
(0,0,0)
(0,0,0)
(0,0,0)
(0,0,0)
(0,0,0)
(0,0,0)
(0,0,0)
(0,0,0)
(0,0,0)
(0,0,0)
(0,0,0)
(0,0,0)
(6.71220435296933e-13,3.90862808785326e-11,-4.49530091984395e-11)
(1.32772708933959e-12,7.93807263825326e-11,-4.36739245405967e-11)
(1.62630078040524e-12,1.24436391877814e-10,-4.04802286342426e-11)
(1.20462592314225e-12,1.75132163559812e-10,-3.50750977353165e-11)
(4.82845597906739e-13,2.32928466173294e-10,-2.79049755791697e-11)
(2.30629013941166e-13,2.94612502688126e-10,-1.87352777339008e-11)
(3.66577003154192e-13,3.58289242623089e-10,-1.02445280342184e-11)
(1.63844220503937e-13,4.16087344738069e-10,-4.92835245002891e-12)
(-4.15737375007287e-13,4.58833120741856e-10,-2.10712831649579e-12)
(-7.01196268825794e-13,4.80172334771205e-10,-8.14374004439793e-13)
(0,0,0)
(0,0,0)
(0,0,0)
(0,0,0)
(0,0,0)
(0,0,0)
(1.05251114040823e-12,3.8063168857969e-11,-9.27481312253393e-11)
(2.54875378582807e-12,7.67242279812902e-11,-8.95586418278801e-11)
(3.06039927512624e-12,1.1957591828678e-10,-8.29734887154273e-11)
(2.11241030352757e-12,1.68245337804278e-10,-7.2639676340845e-11)
(7.40652445165762e-13,2.23585479355661e-10,-5.81314103136598e-11)
(8.34320830834099e-13,2.85772361948727e-10,-3.96715305913951e-11)
(1.66015106641643e-12,3.5289319267336e-10,-2.10023901764521e-11)
(1.93207384034285e-13,4.13081856214062e-10,-9.57940958186938e-12)
(-1.10208879199295e-12,4.56944121046832e-10,-4.51744147941043e-12)
(-1.70499554021461e-12,4.78508247751052e-10,-2.08034724741666e-12)
(0,0,0)
(0,0,0)
(0,0,0)
(0,0,0)
(0,0,0)
(0,0,0)
(1.21530337411176e-12,3.53193098246952e-11,-1.44462508015185e-10)
(2.86561893687588e-12,7.12244586046574e-11,-1.40042367086847e-10)
(3.50628835274272e-12,1.1046335499675e-10,-1.30674725327683e-10)
(2.59467487654725e-12,1.54536853781558e-10,-1.16036021891589e-10)
(1.52872388924911e-12,2.05169405147519e-10,-9.48674276466551e-11)
(3.52214148187648e-12,2.67028270294681e-10,-6.72361360328601e-11)
(8.94677057802774e-12,3.42046843421022e-10,-3.59590939638063e-11)
(3.38968646771789e-12,4.07594132580807e-10,-1.88361095514422e-11)
(-3.05916941571188e-13,4.53401920763367e-10,-1.09211018218972e-11)
(-1.6070624543494e-12,4.75109868956728e-10,-5.3436956348245e-12)
(0,0,0)
(0,0,0)
(0,0,0)
(0,0,0)
(0,0,0)
(0,0,0)
(8.39100464145346e-13,3.14004582914531e-11,-1.99589537704877e-10)
(1.8434191165745e-12,6.31380069902343e-11,-1.94503977225477e-10)
(2.34581071904219e-12,9.73552122184973e-11,-1.83555052934436e-10)
(1.58363716315055e-12,1.34351211188051e-10,-1.66451425190277e-10)
(5.84770076672499e-13,1.77911944774805e-10,-1.41895691827427e-10)
(5.55354154635959e-12,2.37107439797548e-10,-1.08811706241898e-10)
(2.86649120497248e-11,3.30273501649138e-10,-6.53302717362469e-11)
(1.12909214433264e-11,4.00942371442113e-10,-4.30922437920159e-11)
(2.93365042551784e-12,4.47071256433987e-10,-2.88262474271923e-11)
(1.5064071619069e-13,4.68547240623833e-10,-1.46228205172507e-11)
(0,0,0)
(0,0,0)
(0,0,0)
(0,0,0)
(0,0,0)
(0,0,0)
(3.40803397312703e-13,2.65509954819707e-11,-2.5570259936288e-10)
(9.23501782929895e-13,5.30138619278059e-11,-2.50618299940563e-10)
(1.12592859707748e-12,8.14112013047012e-11,-2.39754101549328e-10)
(-4.11976155908183e-13,1.10356531457471e-10,-2.22433732258889e-10)
(-5.92466784681263e-12,1.44598486531351e-10,-1.99048159819066e-10)
(-1.0809844496148e-11,1.9631692963273e-10,-1.72451449295699e-10)
(1.98871717105439e-11,3.28852758795592e-10,-1.47544366366241e-10)
(1.41396542308309e-11,3.92981474203628e-10,-1.03450741293083e-10)
(6.42680780465095e-12,4.33781503314257e-10,-6.66034424813682e-11)
(2.44185886625862e-12,4.53302460463056e-10,-3.28735329938262e-11)
(0,0,0)
(0,0,0)
(0,0,0)
(0,0,0)
(0,0,0)
(0,0,0)
(-2.96619001775768e-13,2.17104019479758e-11,-3.12753668385407e-10)
(-6.66106453048278e-14,4.27624043509191e-11,-3.08261537830815e-10)
(-6.84372164858886e-14,6.47792397725144e-11,-2.98539590404242e-10)
(-2.35729636452897e-12,8.64090237336841e-11,-2.82568158126908e-10)
(-1.08623339114976e-11,1.13313419642231e-10,-2.61521127668869e-10)
(-2.14439456582175e-11,1.61578138189506e-10,-2.39514622188683e-10)
(2.11652225488688e-11,2.98126233070052e-10,-2.20117089848336e-10)
(1.55165679794461e-11,3.64123218633557e-10,-1.65781550719253e-10)
(8.16104241358949e-12,4.02976288280061e-10,-1.1015349487567e-10)
(3.73925529798107e-12,4.21129027893773e-10,-5.50336132860872e-11)
(0,0,0)
(0,0,0)
(0,0,0)
(0,0,0)
(0,0,0)
(0,0,0)
(-3.11772616857228e-13,1.72682631722167e-11,-3.67121255037768e-10)
(-7.38621134958348e-14,3.32267248530833e-11,-3.63125169920654e-10)
(3.48317591477558e-13,4.89159302244947e-11,-3.54563563988583e-10)
(-1.45395647864803e-12,6.40541396962329e-11,-3.40965761018738e-10)
(-1.00000371156087e-11,8.39207611394618e-11,-3.23815600303538e-10)
(-2.52375047949428e-11,1.25246804645054e-10,-3.09290189480878e-10)
(6.24602816486649e-12,2.59730547037608e-10,-3.04941883664648e-10)
(1.0748925069943e-11,3.1798912651721e-10,-2.32678278330707e-10)
(7.7102231946598e-12,3.5197592384154e-10,-1.55002101335491e-10)
(5.04568710921353e-12,3.67543472541213e-10,-7.74899651615557e-11)
(0,0,0)
(0,0,0)
(0,0,0)
(0,0,0)
(0,0,0)
(0,0,0)
(-8.54902775423692e-13,1.31441281274718e-11,-4.15129476705014e-10)
(-7.32109013923516e-13,2.47740214655889e-11,-4.11014035366948e-10)
(6.12795479680759e-13,3.55905274022577e-11,-4.03066611536384e-10)
(1.234200801986e-12,4.62396012024274e-11,-3.90784209989342e-10)
(-5.39056382800078e-13,6.28745336067914e-11,-3.74894528481841e-10)
(-3.15988632982143e-12,1.01359763141846e-10,-3.56944447994391e-10)
(2.08526209713137e-12,1.91912289113217e-10,-3.32261058677514e-10)
(5.48529607544784e-12,2.47043039940236e-10,-2.66857073196389e-10)
(6.23027312844467e-12,2.78657985971245e-10,-1.83767839998469e-10)
(5.99984026081798e-12,2.92337409115123e-10,-9.33417028295027e-11)
(0,0,0)
(0,0,0)
(0,0,0)
(0,0,0)
(0,0,0)
(0,0,0)
(-1.360751486283e-12,8.54123612099377e-12,-4.50689764945853e-10)
(-1.51508698225183e-12,1.65772495188199e-11,-4.46686737893288e-10)
(-6.92237245296393e-14,2.38482253216127e-11,-4.38760884103949e-10)
(1.63321178391062e-12,3.15335112431456e-11,-4.26579196290279e-10)
(2.78820341851784e-12,4.52317412252437e-11,-4.09978165162561e-10)
(3.09554651042807e-12,7.49014255649293e-11,-3.86779251685266e-10)
(2.91434635747641e-12,1.2762168297725e-10,-3.49560037271501e-10)
(3.72216087131287e-12,1.67164300051065e-10,-2.84296996402633e-10)
(5.34750093347394e-12,1.91585778725975e-10,-1.99190466614777e-10)
(6.19033134743264e-12,2.01893338524598e-10,-1.02123730285677e-10)
(0,0,0)
(0,0,0)
(0,0,0)
(0,0,0)
(0,0,0)
(0,0,0)
(-1.94761303340087e-12,4.14235792630927e-12,-4.69401917974263e-10)
(-2.20728127499059e-12,8.35670672231082e-12,-4.65582312569368e-10)
(-5.43214525713833e-13,1.21522279276016e-11,-4.57325796964242e-10)
(1.47052970597949e-12,1.64477261611812e-11,-4.4441781895688e-10)
(3.39114032402762e-12,2.42195914498221e-11,-4.26338418938806e-10)
(4.44252630966768e-12,3.98992286351292e-11,-3.99806257745109e-10)
(4.12056191132885e-12,6.40637181493828e-11,-3.57211940248152e-10)
(4.04764555206417e-12,8.40771487192945e-11,-2.90916799835314e-10)
(5.41436848625591e-12,9.72163509987984e-11,-2.04990818838188e-10)
(6.30213223037677e-12,1.02678599744928e-10,-1.05366547548632e-10)
(0,0,0)
(0,0,0)
(0,0,0)
(0,0,0)
(0,0,0)
(0,0,0)
(0,0,0)
(0,0,0)
(0,0,0)
(0,0,0)
(0,0,0)
(0,0,0)
(0,0,0)
(0,0,0)
(0,0,0)
(0,0,0)
(0,0,0)
(0,0,0)
(0,0,0)
(0,0,0)
(0,0,0)
(0,0,0)
(0,0,0)
(0,0,0)
(0,0,0)
(0,0,0)
(0,0,0)
(0,0,0)
(0,0,0)
(0,0,0)
(0,0,0)
(0,0,0)
(0,0,0)
(0,0,0)
(0,0,0)
(0,0,0)
(0,0,0)
(0,0,0)
(0,0,0)
(0,0,0)
(0,0,0)
(0,0,0)
(0,0,0)
(0,0,0)
(0,0,0)
(0,0,0)
(0,0,0)
(0,0,0)
(0,0,0)
(0,0,0)
(0,0,0)
(0,0,0)
(0,0,0)
(0,0,0)
(0,0,0)
(0,0,0)
(0,0,0)
(0,0,0)
(0,0,0)
(0,0,0)
(0,0,0)
(0,0,0)
(0,0,0)
(0,0,0)
(0,0,0)
(0,0,0)
(0,0,0)
(0,0,0)
(0,0,0)
(0,0,0)
(0,0,0)
(0,0,0)
(0,0,0)
(0,0,0)
(0,0,0)
(0,0,0)
(0,0,0)
(0,0,0)
(0,0,0)
(0,0,0)
(0,0,0)
(0,0,0)
(0,0,0)
(0,0,0)
(0,0,0)
(0,0,0)
(0,0,0)
(0,0,0)
(0,0,0)
(0,0,0)
(0,0,0)
(0,0,0)
(0,0,0)
(0,0,0)
(0,0,0)
(0,0,0)
(0,0,0)
(0,0,0)
(0,0,0)
(0,0,0)
(0,0,0)
(0,0,0)
(4.15247798015394e-13,3.76510952552858e-11,-4.52920484442147e-11)
(7.90529584229776e-13,7.79839390520823e-11,-4.43264278843541e-11)
(1.08164347251129e-12,1.23104034521034e-10,-4.16013579776976e-11)
(9.21329522529964e-13,1.7353556339551e-10,-3.6773207640811e-11)
(6.56134570272503e-13,2.29209216858788e-10,-3.0356775122875e-11)
(5.80020053657393e-13,2.87808292753117e-10,-2.23828723556622e-11)
(4.4645136869358e-13,3.48091665559869e-10,-1.50615823072211e-11)
(3.48108610977232e-13,3.99996968045568e-10,-9.38496349011241e-12)
(1.80508007960904e-13,4.39187871279987e-10,-5.40934808283726e-12)
(1.48516746886209e-13,4.59381588940746e-10,-2.65772266293859e-12)
(0,0,0)
(0,0,0)
(0,0,0)
(0,0,0)
(0,0,0)
(0,0,0)
(6.06880776223763e-13,3.71007224934411e-11,-9.37457744841726e-11)
(1.46337005000678e-12,7.60493987296562e-11,-9.11983446432867e-11)
(1.83915019057512e-12,1.19357527656659e-10,-8.56919135390426e-11)
(1.31262829906413e-12,1.68040460400103e-10,-7.62489344352664e-11)
(6.96846931041651e-13,2.21891448661849e-10,-6.29018656654071e-11)
(9.09272069939523e-13,2.81067022758332e-10,-4.69485118479051e-11)
(1.08351972417045e-12,3.42861498111455e-10,-3.15400549539245e-11)
(6.18962914830281e-13,3.96369461249269e-10,-1.92095166624769e-11)
(3.01725947754642e-15,4.3661675386805e-10,-1.09212090412244e-11)
(-3.86963993306714e-13,4.56872383024694e-10,-5.1514440230587e-12)
(0,0,0)
(0,0,0)
(0,0,0)
(0,0,0)
(0,0,0)
(0,0,0)
(7.14013979015552e-13,3.51601734287805e-11,-1.45464777956458e-10)
(1.58442879213502e-12,7.20063376754177e-11,-1.41140732430049e-10)
(1.97572769490269e-12,1.11753698743457e-10,-1.32577780334737e-10)
(1.61172322511933e-12,1.56006019929308e-10,-1.192803846667e-10)
(1.15489264816787e-12,2.06634941775388e-10,-1.00635949973951e-10)
(2.16592990995576e-12,2.6656783793429e-10,-7.82250156081251e-11)
(3.59712793754697e-12,3.31614479544179e-10,-5.42324109480448e-11)
(2.12643987686603e-12,3.88700116542846e-10,-3.49372989242805e-11)
(4.47341200734981e-13,4.30850006109362e-10,-2.09002913073834e-11)
(-3.88129756280056e-13,4.51333975008329e-10,-9.97492816063508e-12)
(0,0,0)
(0,0,0)
(0,0,0)
(0,0,0)
(0,0,0)
(0,0,0)
(6.03002794228721e-13,3.15501418813884e-11,-1.9869559792756e-10)
(1.01863988796018e-12,6.5027814372239e-11,-1.93477321437254e-10)
(1.18619388867935e-12,1.00432030770324e-10,-1.82995013784118e-10)
(1.02258353088214e-12,1.3897330846168e-10,-1.67374445055788e-10)
(8.14242734593536e-13,1.85378900057729e-10,-1.46334503151338e-10)
(2.86261720553023e-12,2.44741163184165e-10,-1.20019331771988e-10)
(7.84762695904155e-12,3.15916495457962e-10,-8.9252119108004e-11)
(4.98582231698512e-12,3.76789548802816e-10,-6.25181502490659e-11)
(2.01997663530987e-12,4.20371984163347e-10,-3.97417624331867e-11)
(7.72600359716745e-13,4.40970917091414e-10,-1.92191119397931e-11)
(0,0,0)
(0,0,0)
(0,0,0)
(0,0,0)
(0,0,0)
(0,0,0)
(9.70975089881456e-14,2.69348681853138e-11,-2.51465788987233e-10)
(3.10760968583833e-13,5.55641466070614e-11,-2.46801623687373e-10)
(4.37520838824804e-13,8.59976559306715e-11,-2.36609759596171e-10)
(1.49959128054374e-13,1.18955950088114e-10,-2.20579677222876e-10)
(-1.23631148105751e-12,1.59877971412973e-10,-1.99403194271824e-10)
(-9.78135982384422e-13,2.16836567725713e-10,-1.73864676435511e-10)
(6.52007236292798e-12,2.97030153558065e-10,-1.4406308760968e-10)
(6.15061098918541e-12,3.58998983303919e-10,-1.07539658187115e-10)
(3.50211335130996e-12,4.01869310305264e-10,-7.08479603018918e-11)
(1.74175844171635e-12,4.22524405511338e-10,-3.49587421225259e-11)
(0,0,0)
(0,0,0)
(0,0,0)
(0,0,0)
(0,0,0)
(0,0,0)
(-3.46610780609088e-13,2.23678003944412e-11,-3.05638379418197e-10)
(-2.52878574040684e-13,4.56830434844442e-11,-3.01680776018318e-10)
(-1.76559945802847e-13,7.04050943962007e-11,-2.925036427864e-10)
(-1.04944278511414e-12,9.79294262651163e-11,-2.77035863008111e-10)
(-3.47618088891419e-12,1.33103142095606e-10,-2.56447435206376e-10)
(-4.51014445411137e-12,1.86056842917495e-10,-2.32019477348075e-10)
(5.22536945222862e-12,2.67026796498429e-10,-2.02713177395449e-10)
(6.02260425220796e-12,3.28457896407881e-10,-1.57977018018124e-10)
(4.04152526252845e-12,3.69482205477209e-10,-1.06866474073235e-10)
(2.29119736445393e-12,3.89307421830528e-10,-5.37268444259197e-11)
(0,0,0)
(0,0,0)
(0,0,0)
(0,0,0)
(0,0,0)
(0,0,0)
(-1.83722689227426e-13,1.80635862139537e-11,-3.57116540369982e-10)
(-1.82764658071421e-13,3.62530316784826e-11,-3.5299042288399e-10)
(7.59174438707161e-14,5.47607546721108e-11,-3.44550990685641e-10)
(-7.89578700044549e-13,7.62915556782676e-11,-3.30671065990368e-10)
(-3.47922040559791e-12,1.0519900334839e-10,-3.1165910368689e-10)
(-5.69876910796505e-12,1.52240398510758e-10,-2.88831120853438e-10)
(1.80068075531978e-12,2.27516006573333e-10,-2.60018724310641e-10)
(4.01883465170315e-12,2.833699567152e-10,-2.06784939779144e-10)
(3.51602489101956e-12,3.20384101092421e-10,-1.41884324253752e-10)
(2.76178537374867e-12,3.37871774769062e-10,-7.20209039195051e-11)
(0,0,0)
(0,0,0)
(0,0,0)
(0,0,0)
(0,0,0)
(0,0,0)
(-3.67452107012271e-13,1.37537460387361e-11,-4.0005964840536e-10)
(-4.82760897719548e-13,2.76308348220623e-11,-3.9571180101656e-10)
(7.2696013285372e-14,4.09567474207085e-11,-3.87714986815742e-10)
(5.06092537662748e-14,5.64900146747456e-11,-3.75003130536036e-10)
(-8.46344488702863e-13,7.88918001093379e-11,-3.56730929549625e-10)
(-1.38493806978289e-12,1.17729232860001e-10,-3.32467353431476e-10)
(9.71882751973904e-13,1.76082902797153e-10,-2.97446134378222e-10)
(2.27480276669899e-12,2.22488175841511e-10,-2.40253464985372e-10)
(2.87634320474834e-12,2.54036705649194e-10,-1.67886922497497e-10)
(3.1022080218407e-12,2.68612656223306e-10,-8.62507595733764e-11)
(0,0,0)
(0,0,0)
(0,0,0)
(0,0,0)
(0,0,0)
(0,0,0)
(-9.64900344162604e-13,9.03844654292362e-12,-4.31171859524388e-10)
(-1.22039797508085e-12,1.9151259723525e-11,-4.27593157943262e-10)
(-5.5491414418965e-13,2.83175871542873e-11,-4.19689094354066e-10)
(1.17965738156929e-13,3.82684229421026e-11,-4.06824016641852e-10)
(6.01439716644921e-13,5.37818795024861e-11,-3.88208556605074e-10)
(8.78529026463264e-13,8.13230757369638e-11,-3.61534566409261e-10)
(1.20927031647609e-12,1.19862116156275e-10,-3.21111199240073e-10)
(1.70278241522768e-12,1.52396436120335e-10,-2.60606732981003e-10)
(2.65019233154931e-12,1.75276885929822e-10,-1.83500670377747e-10)
(3.28133984142609e-12,1.85464104671771e-10,-9.45670804547066e-11)
(0,0,0)
(0,0,0)
(0,0,0)
(0,0,0)
(0,0,0)
(0,0,0)
(-1.62486051198635e-12,4.49484461763568e-12,-4.47752196024704e-10)
(-2.10709015780655e-12,1.00267981592479e-11,-4.44882211919055e-10)
(-1.29896460547371e-12,1.48975952978829e-11,-4.36962503917614e-10)
(-1.61144150913336e-13,1.97709286434814e-11,-4.23363873225204e-10)
(1.07857058015207e-12,2.77093290233183e-11,-4.03754088732636e-10)
(1.74743744784046e-12,4.17782375942382e-11,-3.74966189129166e-10)
(1.88913964787345e-12,6.05669202136829e-11,-3.31440514087087e-10)
(2.1988132742329e-12,7.69931559323067e-11,-2.68984454225531e-10)
(3.00644819549795e-12,8.89934883383299e-11,-1.89792485018991e-10)
(3.61418442667303e-12,9.41783640584903e-11,-9.77925484851634e-11)
(0,0,0)
(0,0,0)
(0,0,0)
(0,0,0)
(0,0,0)
(0,0,0)
(0,0,0)
(0,0,0)
(0,0,0)
(0,0,0)
(0,0,0)
(0,0,0)
(0,0,0)
(0,0,0)
(0,0,0)
(0,0,0)
(0,0,0)
(0,0,0)
(0,0,0)
(0,0,0)
(0,0,0)
(0,0,0)
(0,0,0)
(0,0,0)
(0,0,0)
(0,0,0)
(0,0,0)
(0,0,0)
(0,0,0)
(0,0,0)
(0,0,0)
(0,0,0)
(0,0,0)
(0,0,0)
(0,0,0)
(0,0,0)
(0,0,0)
(0,0,0)
(0,0,0)
(0,0,0)
(0,0,0)
(0,0,0)
(0,0,0)
(0,0,0)
(0,0,0)
(0,0,0)
(0,0,0)
(0,0,0)
(0,0,0)
(0,0,0)
(0,0,0)
(0,0,0)
(0,0,0)
(0,0,0)
(0,0,0)
(0,0,0)
(0,0,0)
(0,0,0)
(0,0,0)
(0,0,0)
(0,0,0)
(0,0,0)
(0,0,0)
(0,0,0)
(0,0,0)
(0,0,0)
(0,0,0)
(0,0,0)
(0,0,0)
(0,0,0)
(0,0,0)
(0,0,0)
(0,0,0)
(0,0,0)
(0,0,0)
(0,0,0)
(0,0,0)
(0,0,0)
(0,0,0)
(0,0,0)
(0,0,0)
(0,0,0)
(0,0,0)
(0,0,0)
(0,0,0)
(0,0,0)
(0,0,0)
(0,0,0)
(0,0,0)
(0,0,0)
(0,0,0)
(0,0,0)
(0,0,0)
(0,0,0)
(0,0,0)
(0,0,0)
(0,0,0)
(0,0,0)
(0,0,0)
(0,0,0)
(0,0,0)
(0,0,0)
(0,0,0)
(0,0,0)
(0,0,0)
(0,0,0)
(0,0,0)
(0,0,0)
(0,0,0)
(0,0,0)
(0,0,0)
(0,0,0)
(0,0,0)
(0,0,0)
(0,0,0)
(0,0,0)
(0,0,0)
(0,0,0)
(0,0,0)
(0,0,0)
(0,0,0)
(0,0,0)
(0,0,0)
(0,0,0)
(0,0,0)
(0,0,0)
(0,0,0)
(0,0,0)
(0,0,0)
(0,0,0)
(0,0,0)
(0,0,0)
(0,0,0)
(0,0,0)
(0,0,0)
(0,0,0)
(0,0,0)
(0,0,0)
(0,0,0)
(0,0,0)
(0,0,0)
(0,0,0)
(0,0,0)
(0,0,0)
(0,0,0)
(0,0,0)
(0,0,0)
(0,0,0)
(0,0,0)
(0,0,0)
(0,0,0)
(0,0,0)
(0,0,0)
(0,0,0)
(0,0,0)
(0,0,0)
(0,0,0)
(0,0,0)
(0,0,0)
(0,0,0)
(0,0,0)
(0,0,0)
(0,0,0)
(0,0,0)
(0,0,0)
(0,0,0)
(0,0,0)
(0,0,0)
(0,0,0)
(0,0,0)
(0,0,0)
(0,0,0)
(0,0,0)
(0,0,0)
(0,0,0)
(0,0,0)
(0,0,0)
(0,0,0)
(0,0,0)
(0,0,0)
(0,0,0)
(0,0,0)
(0,0,0)
(0,0,0)
(0,0,0)
(0,0,0)
(0,0,0)
(0,0,0)
(0,0,0)
(0,0,0)
(0,0,0)
(0,0,0)
(0,0,0)
(0,0,0)
(0,0,0)
(0,0,0)
(0,0,0)
(0,0,0)
(0,0,0)
(0,0,0)
(0,0,0)
(0,0,0)
(0,0,0)
(0,0,0)
(0,0,0)
(0,0,0)
(0,0,0)
(0,0,0)
(0,0,0)
(0,0,0)
(0,0,0)
(0,0,0)
(0,0,0)
(0,0,0)
(0,0,0)
(0,0,0)
(0,0,0)
(0,0,0)
(0,0,0)
(0,0,0)
(0,0,0)
(0,0,0)
(0,0,0)
(0,0,0)
(0,0,0)
(0,0,0)
(0,0,0)
(0,0,0)
(0,0,0)
(0,0,0)
(0,0,0)
(0,0,0)
(0,0,0)
(0,0,0)
(0,0,0)
(0,0,0)
(0,0,0)
(0,0,0)
(0,0,0)
(0,0,0)
(0,0,0)
(0,0,0)
(0,0,0)
(0,0,0)
(0,0,0)
(0,0,0)
(0,0,0)
(0,0,0)
(0,0,0)
(0,0,0)
(0,0,0)
(0,0,0)
(0,0,0)
(0,0,0)
(0,0,0)
(0,0,0)
(0,0,0)
(0,0,0)
(0,0,0)
(0,0,0)
(0,0,0)
(0,0,0)
(0,0,0)
(0,0,0)
(0,0,0)
(0,0,0)
(0,0,0)
(0,0,0)
(0,0,0)
(0,0,0)
(0,0,0)
(0,0,0)
(0,0,0)
(0,0,0)
(0,0,0)
(0,0,0)
(0,0,0)
(0,0,0)
(0,0,0)
(0,0,0)
(0,0,0)
(0,0,0)
(0,0,0)
(0,0,0)
(0,0,0)
(0,0,0)
(0,0,0)
(0,0,0)
(0,0,0)
(0,0,0)
(0,0,0)
(0,0,0)
(0,0,0)
(0,0,0)
(0,0,0)
(0,0,0)
(0,0,0)
(0,0,0)
(0,0,0)
(0,0,0)
(0,0,0)
(0,0,0)
(0,0,0)
(0,0,0)
(0,0,0)
(0,0,0)
(0,0,0)
(0,0,0)
(0,0,0)
(0,0,0)
(0,0,0)
(0,0,0)
(0,0,0)
(0,0,0)
(0,0,0)
(0,0,0)
(0,0,0)
(0,0,0)
(0,0,0)
(0,0,0)
(0,0,0)
(0,0,0)
(0,0,0)
(0,0,0)
(0,0,0)
(0,0,0)
(0,0,0)
(0,0,0)
(0,0,0)
(0,0,0)
(0,0,0)
(0,0,0)
(0,0,0)
(0,0,0)
(0,0,0)
(0,0,0)
(0,0,0)
(0,0,0)
(0,0,0)
(0,0,0)
(0,0,0)
(0,0,0)
(0,0,0)
(0,0,0)
(0,0,0)
(0,0,0)
(0,0,0)
(0,0,0)
(0,0,0)
(0,0,0)
(0,0,0)
(0,0,0)
(0,0,0)
(0,0,0)
(0,0,0)
(0,0,0)
(0,0,0)
(0,0,0)
(0,0,0)
(0,0,0)
(0,0,0)
(0,0,0)
(0,0,0)
(0,0,0)
(0,0,0)
(0,0,0)
(0,0,0)
(0,0,0)
(0,0,0)
(0,0,0)
(0,0,0)
(0,0,0)
(0,0,0)
(0,0,0)
(0,0,0)
(0,0,0)
(0,0,0)
(0,0,0)
(0,0,0)
(0,0,0)
(0,0,0)
(0,0,0)
(0,0,0)
(0,0,0)
(0,0,0)
(0,0,0)
(0,0,0)
(0,0,0)
(0,0,0)
(0,0,0)
(0,0,0)
(0,0,0)
(0,0,0)
(0,0,0)
(0,0,0)
(0,0,0)
(0,0,0)
(0,0,0)
(0,0,0)
(0,0,0)
(0,0,0)
(0,0,0)
(0,0,0)
(0,0,0)
(0,0,0)
(0,0,0)
(0,0,0)
(0,0,0)
(0,0,0)
(0,0,0)
(0,0,0)
(0,0,0)
(0,0,0)
(0,0,0)
(0,0,0)
(0,0,0)
(0,0,0)
(0,0,0)
(0,0,0)
(0,0,0)
(0,0,0)
(0,0,0)
(0,0,0)
(0,0,0)
(0,0,0)
(0,0,0)
(0,0,0)
(0,0,0)
(0,0,0)
(0,0,0)
(0,0,0)
(0,0,0)
(0,0,0)
(0,0,0)
(0,0,0)
(0,0,0)
(0,0,0)
(0,0,0)
(0,0,0)
(0,0,0)
(0,0,0)
(0,0,0)
(0,0,0)
(0,0,0)
(0,0,0)
(0,0,0)
(0,0,0)
(0,0,0)
(0,0,0)
(0,0,0)
(0,0,0)
(0,0,0)
(0,0,0)
(0,0,0)
(0,0,0)
(0,0,0)
(0,0,0)
(0,0,0)
(0,0,0)
(0,0,0)
(0,0,0)
(0,0,0)
(0,0,0)
(0,0,0)
(0,0,0)
(0,0,0)
(0,0,0)
(0,0,0)
(0,0,0)
(0,0,0)
(0,0,0)
(0,0,0)
(0,0,0)
(0,0,0)
(0,0,0)
(0,0,0)
(0,0,0)
(0,0,0)
(0,0,0)
(0,0,0)
(0,0,0)
(0,0,0)
(0,0,0)
(0,0,0)
(0,0,0)
(0,0,0)
(0,0,0)
(0,0,0)
(0,0,0)
(0,0,0)
(0,0,0)
(0,0,0)
(0,0,0)
(0,0,0)
(0,0,0)
(0,0,0)
(0,0,0)
(0,0,0)
(0,0,0)
(0,0,0)
(0,0,0)
(0,0,0)
(0,0,0)
(0,0,0)
(0,0,0)
(0,0,0)
(0,0,0)
(0,0,0)
(0,0,0)
(0,0,0)
(0,0,0)
(0,0,0)
(0,0,0)
(0,0,0)
(0,0,0)
(0,0,0)
(0,0,0)
(0,0,0)
(0,0,0)
(0,0,0)
(0,0,0)
(0,0,0)
(0,0,0)
(0,0,0)
(0,0,0)
(0,0,0)
(0,0,0)
(0,0,0)
(0,0,0)
(0,0,0)
(0,0,0)
(0,0,0)
(0,0,0)
(0,0,0)
(0,0,0)
(0,0,0)
(0,0,0)
(0,0,0)
(0,0,0)
(0,0,0)
(0,0,0)
(0,0,0)
(0,0,0)
(0,0,0)
(0,0,0)
(0,0,0)
(0,0,0)
(0,0,0)
(0,0,0)
(0,0,0)
(0,0,0)
(0,0,0)
(0,0,0)
(0,0,0)
(0,0,0)
(0,0,0)
(0,0,0)
(0,0,0)
(0,0,0)
(0,0,0)
(0,0,0)
(0,0,0)
(0,0,0)
(0,0,0)
(0,0,0)
(0,0,0)
(0,0,0)
(0,0,0)
(0,0,0)
(0,0,0)
(0,0,0)
(0,0,0)
(0,0,0)
(0,0,0)
(0,0,0)
(0,0,0)
(0,0,0)
(0,0,0)
(0,0,0)
(0,0,0)
(0,0,0)
(0,0,0)
(0,0,0)
(0,0,0)
(0,0,0)
(0,0,0)
(0,0,0)
(0,0,0)
(0,0,0)
(0,0,0)
(0,0,0)
(0,0,0)
(0,0,0)
(0,0,0)
(0,0,0)
(0,0,0)
(0,0,0)
(0,0,0)
(0,0,0)
(0,0,0)
(0,0,0)
(0,0,0)
(0,0,0)
(0,0,0)
(0,0,0)
(0,0,0)
(0,0,0)
(0,0,0)
(0,0,0)
(0,0,0)
(0,0,0)
(0,0,0)
(0,0,0)
(0,0,0)
(0,0,0)
(0,0,0)
(0,0,0)
(0,0,0)
(0,0,0)
(0,0,0)
(0,0,0)
(0,0,0)
(0,0,0)
(0,0,0)
(0,0,0)
(0,0,0)
(0,0,0)
(0,0,0)
(0,0,0)
(0,0,0)
(0,0,0)
(0,0,0)
(0,0,0)
(0,0,0)
(0,0,0)
(0,0,0)
(0,0,0)
(0,0,0)
(0,0,0)
(0,0,0)
(0,0,0)
(0,0,0)
(0,0,0)
(0,0,0)
(0,0,0)
(0,0,0)
(0,0,0)
(0,0,0)
(0,0,0)
(0,0,0)
(0,0,0)
(0,0,0)
(0,0,0)
(0,0,0)
(0,0,0)
(0,0,0)
(0,0,0)
(0,0,0)
(0,0,0)
(0,0,0)
(0,0,0)
(0,0,0)
(0,0,0)
(0,0,0)
(0,0,0)
(0,0,0)
(0,0,0)
(0,0,0)
(0,0,0)
(0,0,0)
(0,0,0)
(0,0,0)
(0,0,0)
(0,0,0)
(0,0,0)
(0,0,0)
(0,0,0)
(0,0,0)
(0,0,0)
(0,0,0)
(0,0,0)
(0,0,0)
(0,0,0)
(0,0,0)
(0,0,0)
(0,0,0)
(0,0,0)
(0,0,0)
(0,0,0)
(0,0,0)
(0,0,0)
(0,0,0)
(0,0,0)
(0,0,0)
(0,0,0)
(0,0,0)
(0,0,0)
(0,0,0)
(0,0,0)
(0,0,0)
(0,0,0)
(0,0,0)
(0,0,0)
(0,0,0)
(0,0,0)
(0,0,0)
(0,0,0)
(0,0,0)
(0,0,0)
(0,0,0)
(0,0,0)
(0,0,0)
(0,0,0)
(0,0,0)
(0,0,0)
(0,0,0)
(0,0,0)
(0,0,0)
(0,0,0)
(0,0,0)
(0,0,0)
(0,0,0)
(0,0,0)
(0,0,0)
(0,0,0)
(0,0,0)
(0,0,0)
(0,0,0)
(0,0,0)
(0,0,0)
(0,0,0)
(0,0,0)
(0,0,0)
(0,0,0)
(0,0,0)
(0,0,0)
(0,0,0)
(0,0,0)
(0,0,0)
(0,0,0)
(0,0,0)
(0,0,0)
(0,0,0)
(0,0,0)
(0,0,0)
(0,0,0)
(0,0,0)
(0,0,0)
(0,0,0)
(0,0,0)
(0,0,0)
(0,0,0)
(0,0,0)
(0,0,0)
(0,0,0)
(0,0,0)
(0,0,0)
(0,0,0)
(0,0,0)
(0,0,0)
(0,0,0)
(0,0,0)
(0,0,0)
(0,0,0)
(0,0,0)
(0,0,0)
(0,0,0)
(0,0,0)
(0,0,0)
(0,0,0)
(0,0,0)
(0,0,0)
(0,0,0)
(0,0,0)
(0,0,0)
(0,0,0)
(0,0,0)
(0,0,0)
(0,0,0)
(0,0,0)
(0,0,0)
(0,0,0)
(0,0,0)
(0,0,0)
(0,0,0)
(0,0,0)
(0,0,0)
(0,0,0)
(0,0,0)
(0,0,0)
(0,0,0)
(0,0,0)
(0,0,0)
(0,0,0)
(0,0,0)
(0,0,0)
(0,0,0)
(0,0,0)
(0,0,0)
(0,0,0)
(0,0,0)
(0,0,0)
(0,0,0)
(0,0,0)
(0,0,0)
(0,0,0)
(0,0,0)
(0,0,0)
(0,0,0)
(0,0,0)
(0,0,0)
(0,0,0)
(0,0,0)
(0,0,0)
(0,0,0)
(0,0,0)
(0,0,0)
(0,0,0)
(0,0,0)
)
;

boundaryField
{
    fuel
    {
        type            fixedValue;
        value           uniform (0.1 0 0);
    }
    air
    {
        type            fixedValue;
        value           uniform (-0.1 0 0);
    }
    outlet
    {
        type            zeroGradient;
    }
    frontAndBack
    {
        type            empty;
    }
}


// ************************************************************************* //
 