/*--------------------------------*- C++ -*----------------------------------*\
| =========                 |                                                 |
| \\      /  F ield         | foam-extend: Open Source CFD                    |
|  \\    /   O peration     | Version:     4.0                                |
|   \\  /    A nd           | Web:         http://www.foam-extend.org         |
|    \\/     M anipulation  |                                                 |
\*---------------------------------------------------------------------------*/
FoamFile
{
    version 2.0;
    format ascii;
    class volVectorField;
    location "977";
    object      E;
}
// * * * * * * * * * * * * * * * * * * * * * * * * * * * * * * * * * * * * * //

dimensions      [0 1 -1 0 0 0 0];

internalField   nonuniform List<vector>
4096
(
(0,0,0)
(0,0,0)
(0,0,0)
(0,0,0)
(0,0,0)
(0,0,0)
(0,0,0)
(0,0,0)
(0,0,0)
(0,0,0)
(0,0,0)
(0,0,0)
(0,0,0)
(0,0,0)
(0,0,0)
(0,0,0)
(0,0,0)
(0,0,0)
(0,0,0)
(0,0,0)
(0,0,0)
(0,0,0)
(0,0,0)
(0,0,0)
(0,0,0)
(0,0,0)
(0,0,0)
(0,0,0)
(0,0,0)
(0,0,0)
(0,0,0)
(0,0,0)
(0,0,0)
(0,0,0)
(0,0,0)
(0,0,0)
(0,0,0)
(0,0,0)
(0,0,0)
(0,0,0)
(0,0,0)
(0,0,0)
(0,0,0)
(0,0,0)
(0,0,0)
(0,0,0)
(0,0,0)
(0,0,0)
(0,0,0)
(0,0,0)
(0,0,0)
(0,0,0)
(0,0,0)
(0,0,0)
(0,0,0)
(0,0,0)
(0,0,0)
(0,0,0)
(0,0,0)
(0,0,0)
(0,0,0)
(0,0,0)
(0,0,0)
(0,0,0)
(0,0,0)
(0,0,0)
(0,0,0)
(0,0,0)
(0,0,0)
(0,0,0)
(0,0,0)
(0,0,0)
(0,0,0)
(0,0,0)
(0,0,0)
(0,0,0)
(0,0,0)
(0,0,0)
(0,0,0)
(0,0,0)
(0,0,0)
(0,0,0)
(0,0,0)
(0,0,0)
(0,0,0)
(0,0,0)
(0,0,0)
(0,0,0)
(0,0,0)
(0,0,0)
(0,0,0)
(0,0,0)
(0,0,0)
(0,0,0)
(0,0,0)
(0,0,0)
(0,0,0)
(0,0,0)
(0,0,0)
(0,0,0)
(0,0,0)
(0,0,0)
(0,0,0)
(0,0,0)
(0,0,0)
(0,0,0)
(0,0,0)
(0,0,0)
(0,0,0)
(0,0,0)
(0,0,0)
(0,0,0)
(0,0,0)
(0,0,0)
(0,0,0)
(0,0,0)
(0,0,0)
(0,0,0)
(0,0,0)
(0,0,0)
(0,0,0)
(0,0,0)
(0,0,0)
(0,0,0)
(0,0,0)
(0,0,0)
(0,0,0)
(0,0,0)
(0,0,0)
(0,0,0)
(0,0,0)
(0,0,0)
(0,0,0)
(0,0,0)
(0,0,0)
(0,0,0)
(0,0,0)
(0,0,0)
(0,0,0)
(0,0,0)
(0,0,0)
(0,0,0)
(0,0,0)
(0,0,0)
(0,0,0)
(0,0,0)
(0,0,0)
(0,0,0)
(0,0,0)
(0,0,0)
(0,0,0)
(0,0,0)
(0,0,0)
(0,0,0)
(0,0,0)
(0,0,0)
(0,0,0)
(0,0,0)
(0,0,0)
(0,0,0)
(0,0,0)
(0,0,0)
(0,0,0)
(0,0,0)
(0,0,0)
(0,0,0)
(0,0,0)
(0,0,0)
(0,0,0)
(0,0,0)
(0,0,0)
(0,0,0)
(0,0,0)
(0,0,0)
(0,0,0)
(0,0,0)
(0,0,0)
(0,0,0)
(0,0,0)
(0,0,0)
(0,0,0)
(0,0,0)
(0,0,0)
(0,0,0)
(0,0,0)
(0,0,0)
(0,0,0)
(0,0,0)
(0,0,0)
(0,0,0)
(0,0,0)
(0,0,0)
(0,0,0)
(0,0,0)
(0,0,0)
(0,0,0)
(0,0,0)
(0,0,0)
(0,0,0)
(0,0,0)
(0,0,0)
(0,0,0)
(0,0,0)
(0,0,0)
(0,0,0)
(0,0,0)
(0,0,0)
(0,0,0)
(0,0,0)
(0,0,0)
(0,0,0)
(0,0,0)
(0,0,0)
(0,0,0)
(0,0,0)
(0,0,0)
(0,0,0)
(0,0,0)
(0,0,0)
(0,0,0)
(0,0,0)
(0,0,0)
(0,0,0)
(0,0,0)
(0,0,0)
(0,0,0)
(0,0,0)
(0,0,0)
(0,0,0)
(0,0,0)
(0,0,0)
(0,0,0)
(0,0,0)
(0,0,0)
(0,0,0)
(0,0,0)
(0,0,0)
(0,0,0)
(0,0,0)
(0,0,0)
(0,0,0)
(0,0,0)
(0,0,0)
(0,0,0)
(0,0,0)
(0,0,0)
(0,0,0)
(0,0,0)
(0,0,0)
(0,0,0)
(0,0,0)
(0,0,0)
(0,0,0)
(0,0,0)
(0,0,0)
(0,0,0)
(0,0,0)
(0,0,0)
(0,0,0)
(0,0,0)
(0,0,0)
(0,0,0)
(0,0,0)
(0,0,0)
(0,0,0)
(0,0,0)
(0,0,0)
(0,0,0)
(0,0,0)
(0,0,0)
(0,0,0)
(0,0,0)
(0,0,0)
(0,0,0)
(0,0,0)
(0,0,0)
(0,0,0)
(0,0,0)
(0,0,0)
(0,0,0)
(0,0,0)
(0,0,0)
(0,0,0)
(0,0,0)
(0,0,0)
(0,0,0)
(0,0,0)
(0,0,0)
(0,0,0)
(0,0,0)
(0,0,0)
(0,0,0)
(0,0,0)
(0,0,0)
(0,0,0)
(0,0,0)
(0,0,0)
(0,0,0)
(0,0,0)
(0,0,0)
(0,0,0)
(0,0,0)
(0,0,0)
(0,0,0)
(0,0,0)
(0,0,0)
(0,0,0)
(0,0,0)
(0,0,0)
(0,0,0)
(0,0,0)
(0,0,0)
(0,0,0)
(0,0,0)
(0,0,0)
(0,0,0)
(0,0,0)
(0,0,0)
(0,0,0)
(0,0,0)
(0,0,0)
(0,0,0)
(0,0,0)
(0,0,0)
(0,0,0)
(0,0,0)
(0,0,0)
(0,0,0)
(0,0,0)
(0,0,0)
(0,0,0)
(0,0,0)
(0,0,0)
(0,0,0)
(0,0,0)
(0,0,0)
(0,0,0)
(0,0,0)
(0,0,0)
(0,0,0)
(0,0,0)
(0,0,0)
(0,0,0)
(0,0,0)
(0,0,0)
(0,0,0)
(0,0,0)
(0,0,0)
(0,0,0)
(0,0,0)
(0,0,0)
(0,0,0)
(0,0,0)
(0,0,0)
(0,0,0)
(0,0,0)
(0,0,0)
(0,0,0)
(0,0,0)
(0,0,0)
(0,0,0)
(0,0,0)
(0,0,0)
(0,0,0)
(0,0,0)
(0,0,0)
(0,0,0)
(0,0,0)
(0,0,0)
(0,0,0)
(0,0,0)
(0,0,0)
(0,0,0)
(0,0,0)
(0,0,0)
(0,0,0)
(0,0,0)
(0,0,0)
(0,0,0)
(0,0,0)
(0,0,0)
(0,0,0)
(0,0,0)
(0,0,0)
(0,0,0)
(0,0,0)
(0,0,0)
(0,0,0)
(0,0,0)
(0,0,0)
(0,0,0)
(0,0,0)
(0,0,0)
(0,0,0)
(0,0,0)
(0,0,0)
(0,0,0)
(0,0,0)
(0,0,0)
(0,0,0)
(0,0,0)
(0,0,0)
(0,0,0)
(0,0,0)
(0,0,0)
(0,0,0)
(0,0,0)
(0,0,0)
(0,0,0)
(0,0,0)
(0,0,0)
(0,0,0)
(0,0,0)
(0,0,0)
(0,0,0)
(0,0,0)
(0,0,0)
(0,0,0)
(0,0,0)
(0,0,0)
(0,0,0)
(0,0,0)
(0,0,0)
(0,0,0)
(0,0,0)
(0,0,0)
(0,0,0)
(0,0,0)
(0,0,0)
(0,0,0)
(0,0,0)
(0,0,0)
(0,0,0)
(0,0,0)
(0,0,0)
(0,0,0)
(0,0,0)
(0,0,0)
(0,0,0)
(0,0,0)
(0,0,0)
(0,0,0)
(0,0,0)
(0,0,0)
(0,0,0)
(0,0,0)
(0,0,0)
(0,0,0)
(0,0,0)
(0,0,0)
(0,0,0)
(0,0,0)
(0,0,0)
(0,0,0)
(0,0,0)
(0,0,0)
(0,0,0)
(0,0,0)
(0,0,0)
(0,0,0)
(0,0,0)
(0,0,0)
(0,0,0)
(0,0,0)
(0,0,0)
(0,0,0)
(0,0,0)
(0,0,0)
(0,0,0)
(0,0,0)
(0,0,0)
(0,0,0)
(0,0,0)
(0,0,0)
(0,0,0)
(0,0,0)
(0,0,0)
(0,0,0)
(0,0,0)
(0,0,0)
(0,0,0)
(0,0,0)
(0,0,0)
(0,0,0)
(0,0,0)
(0,0,0)
(0,0,0)
(0,0,0)
(0,0,0)
(0,0,0)
(0,0,0)
(0,0,0)
(0,0,0)
(0,0,0)
(0,0,0)
(0,0,0)
(0,0,0)
(0,0,0)
(0,0,0)
(0,0,0)
(0,0,0)
(0,0,0)
(0,0,0)
(0,0,0)
(0,0,0)
(0,0,0)
(0,0,0)
(0,0,0)
(0,0,0)
(0,0,0)
(0,0,0)
(0,0,0)
(0,0,0)
(0,0,0)
(0,0,0)
(0,0,0)
(0,0,0)
(0,0,0)
(0,0,0)
(0,0,0)
(0,0,0)
(0,0,0)
(0,0,0)
(0,0,0)
(0,0,0)
(0,0,0)
(0,0,0)
(0,0,0)
(0,0,0)
(0,0,0)
(0,0,0)
(0,0,0)
(0,0,0)
(0,0,0)
(0,0,0)
(0,0,0)
(0,0,0)
(0,0,0)
(0,0,0)
(0,0,0)
(0,0,0)
(0,0,0)
(0,0,0)
(0,0,0)
(0,0,0)
(0,0,0)
(0,0,0)
(0,0,0)
(0,0,0)
(0,0,0)
(0,0,0)
(0,0,0)
(0,0,0)
(0,0,0)
(0,0,0)
(0,0,0)
(0,0,0)
(0,0,0)
(0,0,0)
(0,0,0)
(0,0,0)
(0,0,0)
(0,0,0)
(0,0,0)
(0,0,0)
(0,0,0)
(0,0,0)
(0,0,0)
(0,0,0)
(0,0,0)
(0,0,0)
(0,0,0)
(0,0,0)
(0,0,0)
(0,0,0)
(0,0,0)
(0,0,0)
(0,0,0)
(0,0,0)
(0,0,0)
(0,0,0)
(0,0,0)
(0,0,0)
(0,0,0)
(0,0,0)
(0,0,0)
(0,0,0)
(0,0,0)
(0,0,0)
(0,0,0)
(0,0,0)
(0,0,0)
(0,0,0)
(0,0,0)
(0,0,0)
(0,0,0)
(0,0,0)
(0,0,0)
(0,0,0)
(0,0,0)
(0,0,0)
(0,0,0)
(0,0,0)
(0,0,0)
(0,0,0)
(0,0,0)
(0,0,0)
(0,0,0)
(0,0,0)
(0,0,0)
(0,0,0)
(0,0,0)
(0,0,0)
(0,0,0)
(0,0,0)
(0,0,0)
(0,0,0)
(0,0,0)
(0,0,0)
(0,0,0)
(0,0,0)
(0,0,0)
(0,0,0)
(0,0,0)
(0,0,0)
(0,0,0)
(0,0,0)
(0,0,0)
(0,0,0)
(0,0,0)
(0,0,0)
(0,0,0)
(0,0,0)
(0,0,0)
(0,0,0)
(0,0,0)
(0,0,0)
(0,0,0)
(0,0,0)
(0,0,0)
(0,0,0)
(0,0,0)
(0,0,0)
(0,0,0)
(0,0,0)
(0,0,0)
(0,0,0)
(0,0,0)
(0,0,0)
(0,0,0)
(0,0,0)
(0,0,0)
(0,0,0)
(0,0,0)
(0,0,0)
(0,0,0)
(0,0,0)
(0,0,0)
(0,0,0)
(0,0,0)
(0,0,0)
(0,0,0)
(0,0,0)
(0,0,0)
(0,0,0)
(0,0,0)
(0,0,0)
(0,0,0)
(0,0,0)
(0,0,0)
(0,0,0)
(0,0,0)
(0,0,0)
(0,0,0)
(0,0,0)
(0,0,0)
(0,0,0)
(0,0,0)
(0,0,0)
(0,0,0)
(0,0,0)
(0,0,0)
(0,0,0)
(0,0,0)
(0,0,0)
(0,0,0)
(0,0,0)
(0,0,0)
(0,0,0)
(0,0,0)
(0,0,0)
(0,0,0)
(0,0,0)
(0,0,0)
(0,0,0)
(0,0,0)
(0,0,0)
(0,0,0)
(0,0,0)
(0,0,0)
(0,0,0)
(0,0,0)
(0,0,0)
(0,0,0)
(0,0,0)
(0,0,0)
(0,0,0)
(0,0,0)
(0,0,0)
(0,0,0)
(0,0,0)
(0,0,0)
(0,0,0)
(0,0,0)
(0,0,0)
(0,0,0)
(0,0,0)
(0,0,0)
(0,0,0)
(0,0,0)
(0,0,0)
(0,0,0)
(0,0,0)
(0,0,0)
(0,0,0)
(0,0,0)
(0,0,0)
(0,0,0)
(0,0,0)
(0,0,0)
(0,0,0)
(0,0,0)
(0,0,0)
(0,0,0)
(0,0,0)
(0,0,0)
(0,0,0)
(0,0,0)
(0,0,0)
(0,0,0)
(0,0,0)
(0,0,0)
(0,0,0)
(0,0,0)
(0,0,0)
(0,0,0)
(0,0,0)
(0,0,0)
(0,0,0)
(0,0,0)
(0,0,0)
(0,0,0)
(0,0,0)
(0,0,0)
(0,0,0)
(0,0,0)
(0,0,0)
(0,0,0)
(0,0,0)
(0,0,0)
(0,0,0)
(0,0,0)
(0,0,0)
(0,0,0)
(0,0,0)
(0,0,0)
(0,0,0)
(0,0,0)
(0,0,0)
(0,0,0)
(0,0,0)
(0,0,0)
(0,0,0)
(0,0,0)
(0,0,0)
(0,0,0)
(0,0,0)
(0,0,0)
(0,0,0)
(0,0,0)
(0,0,0)
(0,0,0)
(0,0,0)
(0,0,0)
(0,0,0)
(0,0,0)
(0,0,0)
(0,0,0)
(0,0,0)
(0,0,0)
(0,0,0)
(0,0,0)
(0,0,0)
(0,0,0)
(0,0,0)
(0,0,0)
(0,0,0)
(0,0,0)
(0,0,0)
(0,0,0)
(0,0,0)
(0,0,0)
(0,0,0)
(0,0,0)
(0,0,0)
(0,0,0)
(0,0,0)
(0,0,0)
(0,0,0)
(0,0,0)
(0,0,0)
(0,0,0)
(0,0,0)
(0,0,0)
(0,0,0)
(0,0,0)
(0,0,0)
(0,0,0)
(0,0,0)
(-7471.08559090036,3840.73703823114,3630.34855266912)
(-7899.07832261867,3738.63604476213,7790.79083052576)
(-8838.39247084266,3462.01001944141,13167.1732819272)
(-10667.6305668588,2983.92048889512,20850.8833598933)
(-13990.6068077382,2305.61540392362,32535.8747637133)
(-20009.905485135,1512.67586142733,51033.1043874077)
(-30957.3429518046,744.246513977317,81246.2008252681)
(-50754.2425099926,249.730085648944,131750.713249606)
(-83835.4714075112,73.4467092738288,215512.737947897)
(-116986.973995173,26.2646950048047,332473.447248072)
(0,0,0)
(0,0,0)
(0,0,0)
(0,0,0)
(0,0,0)
(0,0,0)
(-7881.88641305698,8263.77649679154,3458.84695449604)
(-8293.41280201345,8049.44426231575,7441.45153895892)
(-9249.45432689928,7526.64959576627,12626.26628953)
(-11125.5359109343,6617.94997403329,20117.7727153298)
(-14554.8470997969,5270.38140570665,31707.8538133416)
(-20724.6771912528,3626.69727036987,50318.5095956581)
(-31808.1863081952,2002.58497393532,80868.3574438631)
(-51534.435581321,905.817405791138,131746.705705014)
(-84346.3335402064,460.309778374935,215706.17617618)
(-117209.547715526,242.836836690323,332699.151749931)
(0,0,0)
(0,0,0)
(0,0,0)
(0,0,0)
(0,0,0)
(0,0,0)
(-8803.80619039218,13949.3399876481,3118.24269953515)
(-9211.1631312987,13652.8702675167,6725.97982563339)
(-10220.6358137638,12932.1918445289,11541.0733906391)
(-12192.6083003422,11659.4820221202,18692.1496428963)
(-15847.3133397265,9745.69240394792,30064.1519843812)
(-22406.2287034286,7276.16638859035,48820.9115695897)
(-33877.2918212148,4713.7866444446,79987.0017202978)
(-53437.9265512159,2824.57338915268,131506.172288125)
(-85565.1039251993,1823.8084209656,215707.777570804)
(-117753.998186671,1008.99133945731,332695.621254691)
(0,0,0)
(0,0,0)
(0,0,0)
(0,0,0)
(0,0,0)
(0,0,0)
(-10596.3083707598,21870.9858164176,2674.66254199073)
(-11028.119154536,21533.3806097082,5822.27135433692)
(-12089.5202816768,20714.1593489931,10129.8241315433)
(-14160.8130372538,19219.4301259159,16730.6890649969)
(-18136.7681162179,16979.1917970149,27633.9577881508)
(-25405.4429134669,13933.648366878,46381.9187233244)
(-37775.9821688826,10493.9104516369,78377.7770850261)
(-57100.6410555005,7576.53415802495,130726.457371622)
(-87828.4880393106,5336.52100410947,215042.232827748)
(-118759.636306061,2897.01725502589,331913.84321834)
(0,0,0)
(0,0,0)
(0,0,0)
(0,0,0)
(0,0,0)
(0,0,0)
(-13877.6900828587,33510.5767950813,2238.099104194)
(-14305.3959727347,33162.2827532403,4914.59293339556)
(-15352.5157473904,32354.9891638979,8626.27886587997)
(-17502.8929740602,30858.4696037448,14490.1323621159)
(-21839.3731730739,28637.4592541527,24671.2380780576)
(-30016.6746556701,25534.3923513711,43087.1687492199)
(-43794.4082581632,21671.9998664715,75703.4875925516)
(-62720.3677486636,17351.4521297034,128648.937369563)
(-91117.6293140378,12432.7563491932,212670.331338563)
(-120199.605877765,6599.29216517843,329167.662306194)
(0,0,0)
(0,0,0)
(0,0,0)
(0,0,0)
(0,0,0)
(0,0,0)
(-19789.8338113573,51454.5181658204,1845.89244061883)
(-20198.8401934732,51164.2548255692,4042.7605617621)
(-21207.6184303177,50454.4765695372,7150.8915864405)
(-23355.7122448812,49101.6831978213,12263.3902372424)
(-27734.8743047696,47019.8483630866,21615.875433078)
(-36049.9104154586,43887.067511316,39313.1106885993)
(-49850.3018750462,39363.2063995506,71472.206030592)
(-67930.6669224483,32987.0954455447,123767.22963718)
(-94726.7388126965,24118.1650080609,206808.559791045)
(-122033.012938507,12865.982193897,322574.882700749)
(0,0,0)
(0,0,0)
(0,0,0)
(0,0,0)
(0,0,0)
(0,0,0)
(-30625.4388530143,80636.6141260155,1443.34289282201)
(-30994.5766138284,80412.5549964304,3189.61933578705)
(-31899.4442788927,79819.3085525392,5724.23163168152)
(-33870.0128215695,78613.5103063466,10082.4173447289)
(-37946.030015502,76626.6012751973,18421.6944481215)
(-45744.432181352,73292.3625978268,34760.8315429552)
(-58664.4614512885,67697.6232862705,65090.8761075268)
(-75108.6572046302,58321.7152499268,114864.91350777)
(-100082.46726731,43599.8648471803,195465.680935897)
(-124986.737894926,23732.1201179976,309586.280906771)
(0,0,0)
(0,0,0)
(0,0,0)
(0,0,0)
(0,0,0)
(0,0,0)
(-50431.6760972826,130009.943925342,1058.3462979462)
(-50733.3265626479,129808.350212065,2395.8776449624)
(-51454.6130503637,129263.827259068,4405.97198880725)
(-53051.8977196281,128106.635088217,7964.74492655061)
(-56422.655930321,126020.430830932,14993.5713011315)
(-62912.7734081817,122112.127598535,29086.5797086026)
(-73703.8295711992,114780.533592972,55707.4989730853)
(-87027.2906114526,100885.732968612,100170.771865869)
(-109822.936670905,78023.840904528,175569.732479425)
(-130639.045334449,44219.5163633201,285721.381568487)
(0,0,0)
(0,0,0)
(0,0,0)
(0,0,0)
(0,0,0)
(0,0,0)
(-83575.6553274631,212899.571226043,686.028026751807)
(-83805.2454436533,212672.018408887,1627.60527359437)
(-84313.3084659116,212107.946417191,3096.79458134881)
(-85405.9147203618,210851.162350812,5758.18203912327)
(-87640.6606399781,208350.755366888,11068.5181431572)
(-91847.1401314835,203355.624572129,21672.1613010359)
(-98913.9660529062,193623.951559644,41742.7093872677)
(-109533.755278406,174858.962421648,77303.2352126328)
(-127808.295678218,141460.324715592,141675.04707976)
(-140503.561542426,85097.9214789594,241300.203506548)
(0,0,0)
(0,0,0)
(0,0,0)
(0,0,0)
(0,0,0)
(0,0,0)
(-116835.928954795,329410.375269377,325.124911447358)
(-116961.180035867,329145.680888585,812.642467617105)
(-117215.648587137,328537.16586414,1599.07160783235)
(-117757.552714481,327155.147413669,3052.63925946688)
(-118847.735192907,324302.773419774,5948.35639950561)
(-120875.01741053,318464.072231876,11714.9261502857)
(-124422.79699238,306959.183886873,22802.4908154293)
(-130449.883037143,284291.358499904,43819.9777742774)
(-140465.072587074,240627.849313056,85117.5257638804)
(-141527.727949442,155783.688761126,155959.486431163)
(0,0,0)
(0,0,0)
(0,0,0)
(0,0,0)
(0,0,0)
(0,0,0)
(0,0,0)
(0,0,0)
(0,0,0)
(0,0,0)
(0,0,0)
(0,0,0)
(0,0,0)
(0,0,0)
(0,0,0)
(0,0,0)
(0,0,0)
(0,0,0)
(0,0,0)
(0,0,0)
(0,0,0)
(0,0,0)
(0,0,0)
(0,0,0)
(0,0,0)
(0,0,0)
(0,0,0)
(0,0,0)
(0,0,0)
(0,0,0)
(0,0,0)
(0,0,0)
(0,0,0)
(0,0,0)
(0,0,0)
(0,0,0)
(0,0,0)
(0,0,0)
(0,0,0)
(0,0,0)
(0,0,0)
(0,0,0)
(0,0,0)
(0,0,0)
(0,0,0)
(0,0,0)
(0,0,0)
(0,0,0)
(0,0,0)
(0,0,0)
(0,0,0)
(0,0,0)
(0,0,0)
(0,0,0)
(0,0,0)
(0,0,0)
(0,0,0)
(0,0,0)
(0,0,0)
(0,0,0)
(0,0,0)
(0,0,0)
(0,0,0)
(0,0,0)
(0,0,0)
(0,0,0)
(0,0,0)
(0,0,0)
(0,0,0)
(0,0,0)
(0,0,0)
(0,0,0)
(0,0,0)
(0,0,0)
(0,0,0)
(0,0,0)
(0,0,0)
(0,0,0)
(0,0,0)
(0,0,0)
(0,0,0)
(0,0,0)
(0,0,0)
(0,0,0)
(0,0,0)
(0,0,0)
(0,0,0)
(0,0,0)
(0,0,0)
(0,0,0)
(0,0,0)
(0,0,0)
(0,0,0)
(0,0,0)
(0,0,0)
(0,0,0)
(0,0,0)
(0,0,0)
(0,0,0)
(0,0,0)
(0,0,0)
(0,0,0)
(1099194.64130037,3417.99436126164,3176.54972890908)
(1098465.4557986,3304.59739181783,6767.6891972721)
(1096869.75829287,3026.68634685915,11293.1230680728)
(1093865.10444908,2508.77802158604,17511.8810119163)
(1088491.17559541,1739.35406617447,26551.0155240052)
(1078833.61312286,781.928246449412,40185.8396508806)
(1061026.56831428,-92.9268664134146,61555.1262325827)
(1025742.71832689,-509.170391936761,98827.6067689646)
(946037.739419618,-449.161376456453,182663.828299668)
(729252.022479563,-228.466148612278,449913.568954945)
(0,0,0)
(0,0,0)
(0,0,0)
(0,0,0)
(0,0,0)
(0,0,0)
(1098495.33419412,7305.49833573635,2995.54639979078)
(1097797.29182642,7078.05492552042,6391.65521909358)
(1096208.41520336,6531.20689104908,10689.5361260487)
(1093131.54727608,5522.69528298297,16678.8066590075)
(1087588.24078841,3956.22150581444,25579.1223125805)
(1077645.18144652,1918.29102191811,39333.1718807162)
(1059549.72482904,-73.3433578506222,61215.9482164224)
(1024405.01168515,-994.360667022917,99021.9622064596)
(945200.364583892,-784.821024733682,183071.194711977)
(728887.14075425,-335.463486350708,450341.774561262)
(0,0,0)
(0,0,0)
(0,0,0)
(0,0,0)
(0,0,0)
(0,0,0)
(1096920.68176017,12183.0648272159,2658.21653934366)
(1096237.18004066,11875.2357548373,5672.96351950891)
(1094607.94595718,11104.0950060479,9531.76461501465)
(1091401.09121223,9667.36673679242,15053.6646300801)
(1085475.97825064,7371.00337039181,23575.862156478)
(1074713.34831152,4164.91366035254,37469.9334845015)
(1055571.72468626,709.49697339483,60498.3476272009)
(1020747.92360716,-873.464781581962,99451.8725649069)
(943054.050839853,-437.50022377335,183745.667980252)
(727978.092224346,13.1127241308052,450925.272340218)
(0,0,0)
(0,0,0)
(0,0,0)
(0,0,0)
(0,0,0)
(0,0,0)
(1093920.35931612,18706.6523476765,2220.01577405099)
(1093241.36217853,18345.7002426359,4740.34093465715)
(1091552.09651453,17468.4747638281,7994.6153620888)
(1088177.16614597,15836.1398283791,12748.1340687389)
(1081600.51629225,13200.1716029021,20441.9524091339)
(1069051.38815807,9244.35601755526,34165.9499618155)
(1046776.89335556,4392.44000118321,59190.4023910229)
(1012409.58908653,1923.8514822021,100143.126966625)
(938689.952442495,2054.96818410996,184392.489058287)
(726265.731253811,1467.34654119325,451173.158662838)
(0,0,0)
(0,0,0)
(0,0,0)
(0,0,0)
(0,0,0)
(0,0,0)
(1088574.93719412,27730.0039374453,1784.29211465857)
(1087908.89817694,27380.607506015,3795.36168299203)
(1086239.82203195,26567.2951076947,6364.4745412438)
(1082729.89532934,25092.7314263866,10135.3656212393)
(1075361.29923362,22819.6849716363,16575.4508272327)
(1060067.21781815,19545.1370825833,29451.0482698349)
(1030755.56537564,15618.755033621,56935.0305850052)
(996802.841952218,12151.7391487635,100444.204199011)
(931848.082186603,8879.48042670159,183914.251437073)
(723762.121945614,4810.85852088415,449869.282615477)
(0,0,0)
(0,0,0)
(0,0,0)
(0,0,0)
(0,0,0)
(0,0,0)
(1079048.08623421,40727.8307978912,1424.52407536817)
(1078424.74104731,40476.02353172,2965.79779026564)
(1076841.03710904,39827.0139362461,4917.69440378996)
(1073377.60235549,38679.6339918122,7857.74821948384)
(1065926.81122818,36922.3137250293,13353.7049145358)
(1050192.97656873,34285.6213816298,25630.6046127366)
(1020505.14877972,30586.2130626033,53567.9669104149)
(988015.507511214,25829.145573949,97204.6570329363)
(925941.090104347,18808.2245911107,179868.354932893)
(720859.685192581,9934.09949499714,445112.686809181)
(0,0,0)
(0,0,0)
(0,0,0)
(0,0,0)
(0,0,0)
(0,0,0)
(1061355.18043013,60914.8992743955,1092.58322178048)
(1060808.60277225,60772.3086156939,2253.38973312537)
(1059418.88090158,60318.7554534848,3703.59401686031)
(1056264.86851977,59511.349451391,5997.26819734712)
(1049295.2801923,58269.0453462347,10669.497349743)
(1034269.75979473,56266.7189811117,21934.4787555879)
(1005532.83456515,52753.9988389678,48829.6679441733)
(976179.800470778,46474.6541874027,90155.9726367692)
(917212.863075505,33946.233525782,170982.904340684)
(715929.598517506,18128.0350582634,435132.903346473)
(0,0,0)
(0,0,0)
(0,0,0)
(0,0,0)
(0,0,0)
(0,0,0)
(1026041.0840849,96918.3819092857,784.028164396322)
(1025602.49204801,96821.8286466318,1658.96050422282)
(1024507.63002945,96501.8434903228,2773.90036893711)
(1021971.55294844,95908.7201130535,4613.35002070655)
(1016195.70163104,94971.0150278381,8553.29375909003)
(1003440.75595743,93381.0676447892,18345.6867112622)
(978351.287616217,89775.7523142938,42529.0870298622)
(959088.441844957,78550.4942404766,77597.7855017391)
(899652.869754683,60184.3941168329,155144.089466423)
(704559.125322351,34425.2230883217,416909.001760964)
(0,0,0)
(0,0,0)
(0,0,0)
(0,0,0)
(0,0,0)
(0,0,0)
(946189.064615829,179922.330238943,491.602708443917)
(945873.555532749,179783.243059616,1111.65830050949)
(945117.461025133,179452.407917222,1990.59536397184)
(943434.226102228,178773.545593392,3545.90004239514)
(939813.240720105,177432.506866127,6890.77782541196)
(932418.226429835,174650.44025758,14616.3096327115)
(919075.56827226,168463.866199381,31198.9324038953)
(900033.346275521,154275.932777162,59166.6632947327)
(846421.940289562,129095.655110429,129285.437314776)
(669926.056169347,84238.555578482,382302.758094184)
(0,0,0)
(0,0,0)
(0,0,0)
(0,0,0)
(0,0,0)
(0,0,0)
(729327.685029659,446782.246349071,236.740886773746)
(729160.552836434,446601.769669594,556.752385902748)
(728776.589564419,446217.282157155,1059.9109757791)
(727952.102098158,445386.074366426,1997.99837158188)
(726259.18445798,443633.568376422,3950.28819186198)
(722936.485236789,439858.784150074,8190.71263354404)
(716758.19034916,431908.703293641,16825.1591791471)
(704785.395846144,415254.677863853,33871.4061905777)
(669958.658799735,381574.703281579,84228.8976140263)
(544744.481736722,297626.965179928,297828.54930779)
(0,0,0)
(0,0,0)
(0,0,0)
(0,0,0)
(0,0,0)
(0,0,0)
(0,0,0)
(0,0,0)
(0,0,0)
(0,0,0)
(0,0,0)
(0,0,0)
(0,0,0)
(0,0,0)
(0,0,0)
(0,0,0)
(0,0,0)
(0,0,0)
(0,0,0)
(0,0,0)
(0,0,0)
(0,0,0)
(0,0,0)
(0,0,0)
(0,0,0)
(0,0,0)
(0,0,0)
(0,0,0)
(0,0,0)
(0,0,0)
(0,0,0)
(0,0,0)
(0,0,0)
(0,0,0)
(0,0,0)
(0,0,0)
(0,0,0)
(0,0,0)
(0,0,0)
(0,0,0)
(0,0,0)
(0,0,0)
(0,0,0)
(0,0,0)
(0,0,0)
(0,0,0)
(0,0,0)
(0,0,0)
(0,0,0)
(0,0,0)
(0,0,0)
(0,0,0)
(0,0,0)
(0,0,0)
(0,0,0)
(0,0,0)
(0,0,0)
(0,0,0)
(0,0,0)
(0,0,0)
(0,0,0)
(0,0,0)
(0,0,0)
(0,0,0)
(0,0,0)
(0,0,0)
(0,0,0)
(0,0,0)
(0,0,0)
(0,0,0)
(0,0,0)
(0,0,0)
(0,0,0)
(0,0,0)
(0,0,0)
(0,0,0)
(0,0,0)
(0,0,0)
(0,0,0)
(0,0,0)
(0,0,0)
(0,0,0)
(0,0,0)
(0,0,0)
(0,0,0)
(0,0,0)
(0,0,0)
(0,0,0)
(0,0,0)
(0,0,0)
(0,0,0)
(0,0,0)
(0,0,0)
(0,0,0)
(0,0,0)
(0,0,0)
(0,0,0)
(0,0,0)
(0,0,0)
(0,0,0)
(0,0,0)
(0,0,0)
(-19227.4989160657,2752.68814849214,2409.18108650364)
(-20026.2095568601,2610.54473047444,5030.03073008738)
(-21771.0922255418,2279.75657454871,8130.85369257592)
(-24947.5323908109,1690.91710037816,11992.3024507234)
(-30378.2941755609,785.182928276051,16816.3183120095)
(-39533.595548816,-432.714949175161,22355.9709515271)
(-54646.9853998622,-1560.46458468962,26329.7182689744)
(-78639.7602158796,-1827.0937762096,19279.0196066207)
(-113072.410883355,-1260.77990740502,-33610.3211644331)
(-138865.851937259,-577.103827811771,-278175.613901168)
(0,0,0)
(0,0,0)
(0,0,0)
(0,0,0)
(0,0,0)
(0,0,0)
(-20000.4780278864,5763.81496408026,2224.41442497591)
(-20763.5174581533,5485.5115148493,4649.98594373619)
(-22464.6333709055,4843.3849791176,7499.13513202738)
(-25663.6270653059,3675.42403662668,11049.5315557936)
(-31194.4381670765,1744.37627695907,15612.7461811852)
(-40617.1281829579,-1075.541393976,21257.6112740789)
(-56088.3766422523,-4056.19420278381,26131.1713819764)
(-79866.1459924544,-4632.22358007469,19947.1878820211)
(-113706.405601675,-2883.70709164977,-32783.3857294871)
(-139101.744335519,-1204.41197058466,-277427.46347839)
(0,0,0)
(0,0,0)
(0,0,0)
(0,0,0)
(0,0,0)
(0,0,0)
(-21754.2924234141,9283.28479568011,1895.23337059778)
(-22485.2647564933,8912.49827514443,3930.42042601402)
(-24155.2522158317,8033.51667715063,6243.2159195404)
(-27374.9879760443,6359.90433011404,9074.54383287912)
(-33186.3613998195,3381.75736510108,12839.2314138474)
(-43573.8892462768,-1614.52946495801,18405.1860612145)
(-60901.6835531773,-8179.85715203143,25741.9862684855)
(-84090.0141378444,-9213.05409902664,21900.4835509265)
(-115602.757154777,-4710.4027978387,-30876.2837295971)
(-139749.392099823,-1626.73536762382,-275986.746989824)
(0,0,0)
(0,0,0)
(0,0,0)
(0,0,0)
(0,0,0)
(0,0,0)
(-25046.2401710545,13504.3325619361,1485.28073952729)
(-25724.8968400823,13113.6920070182,2990.07504479721)
(-27366.5672002672,12160.4058513773,4521.57860395006)
(-30599.9878115765,10312.1289151316,6086.23699501712)
(-37007.6713602062,6889.51907354868,7926.39195765001)
(-50173.7619637223,236.641447835405,12040.1001852384)
(-75995.7489436844,-11640.8620972446,25013.4764482722)
(-98074.7637447586,-13665.0214555689,26689.5256546912)
(-120350.079390367,-4718.71198217129,-27522.4043094802)
(-141095.463426083,-999.178469527451,-274049.037509141)
(0,0,0)
(0,0,0)
(0,0,0)
(0,0,0)
(0,0,0)
(0,0,0)
(-30628.5464068728,18374.5800837865,1072.96509773319)
(-31251.7489683722,18049.8825605526,2037.15070811881)
(-32794.3340122674,17260.7384829806,2710.70313927288)
(-35987.7634199484,15807.6057765415,2672.61404574779)
(-43147.7504219452,13460.0747216478,1350.83707179299)
(-61724.7343750469,9774.80682111629,344.352910264978)
(-122549.269526944,5468.05976321364,23279.9949709677)
(-146156.910132761,3441.85623771073,35872.5983812258)
(-129732.647860518,3065.19690356625,-23590.8514387188)
(-143245.634433753,1963.79683805483,-272806.34134827)
(0,0,0)
(0,0,0)
(0,0,0)
(0,0,0)
(0,0,0)
(0,0,0)
(-39855.2834094701,23264.1541530715,753.524593015887)
(-40394.3292957921,23070.516930402,1291.68958488569)
(-41769.0171477899,22559.8291988935,1342.3821443709)
(-44759.4133869841,21706.0165349679,320.716146930497)
(-51719.2974424705,20469.5028514517,-2302.87429361506)
(-70277.1417848243,18531.0688641457,-3849.28896451969)
(-128280.360556958,15723.7592423067,21420.2499116136)
(-150054.843649386,14096.3918511682,35575.7944773849)
(-134274.987666376,10178.950348974,-24582.1521787522)
(-145457.518410813,5058.36809205123,-274619.790810728)
(0,0,0)
(0,0,0)
(0,0,0)
(0,0,0)
(0,0,0)
(0,0,0)
(-54979.7423358687,25825.4209501759,513.384987454614)
(-55421.4070745816,25767.8476152444,785.793168045546)
(-56548.8791302453,25561.9528551496,491.1585621638)
(-59162.8916459213,25355.4521462819,-990.787864866335)
(-65567.318688348,25355.3856589546,-4274.3427731179)
(-83730.0754858866,25647.7502851083,-6651.45989486089)
(-144222.614809571,25749.9109620418,19817.5667787469)
(-164400.511978747,29562.7539932923,31671.2461046996)
(-141101.406729255,16539.575739292,-29635.3804622537)
(-149096.602861837,6833.35013364038,-279644.432105961)
(0,0,0)
(0,0,0)
(0,0,0)
(0,0,0)
(0,0,0)
(0,0,0)
(-79021.1656760221,17293.8311062574,333.568623377786)
(-79386.215089474,17325.0239883621,504.828406326217)
(-80242.1082959222,17367.3985560557,188.850049428524)
(-82275.7575268206,17664.7758590643,-1133.43416959786)
(-87600.5335346294,18888.0974633995,-4130.181789732)
(-104280.597712006,22683.6248889609,-6704.97370558055)
(-170220.432334218,30855.0774782842,23501.3087472708)
(-139487.591836208,19837.4182181678,18542.4072221736)
(-146404.630349695,7229.88213749788,-39350.6700529732)
(-154622.860287234,-68.3608593644903,-286527.244431711)
(0,0,0)
(0,0,0)
(0,0,0)
(0,0,0)
(0,0,0)
(0,0,0)
(-113518.631191279,-36455.0458944032,196.301826375471)
(-113785.360039206,-36431.2708847777,351.241290008968)
(-114356.174041809,-36373.5572854374,305.561217028528)
(-115621.462273749,-36185.888578279,-48.3569510155199)
(-118548.691980289,-35583.5885852769,-475.009183337671)
(-125633.178176658,-34261.1738996996,1260.92323038122)
(-141135.343490004,-33237.8720380972,12304.5135275883)
(-146515.372923643,-40371.5893368953,5801.96930037087)
(-160216.298210947,-46853.7575833597,-46736.4234597035)
(-162912.772646271,-40641.7648774812,-286584.461607306)
(0,0,0)
(0,0,0)
(0,0,0)
(0,0,0)
(0,0,0)
(0,0,0)
(-139137.351901869,-281353.415982734,103.13603848604)
(-139282.797463844,-281344.493780785,199.43825331822)
(-139574.389474127,-281350.554338981,267.143364067327)
(-140170.560355124,-281399.726632726,343.372890344758)
(-141426.507100176,-281458.10694178,643.311823594779)
(-144089.092208819,-281869.633716907,2017.07810497708)
(-149050.478840088,-283621.149911312,4948.75418607976)
(-154697.392082119,-288362.765084229,-837.553119764242)
(-162943.322584396,-287334.679777446,-40714.9205229427)
(-157333.693078519,-246374.084005414,-246164.697561123)
(0,0,0)
(0,0,0)
(0,0,0)
(0,0,0)
(0,0,0)
(0,0,0)
(0,0,0)
(0,0,0)
(0,0,0)
(0,0,0)
(0,0,0)
(0,0,0)
(0,0,0)
(0,0,0)
(0,0,0)
(0,0,0)
(0,0,0)
(0,0,0)
(0,0,0)
(0,0,0)
(0,0,0)
(0,0,0)
(0,0,0)
(0,0,0)
(0,0,0)
(0,0,0)
(0,0,0)
(0,0,0)
(0,0,0)
(0,0,0)
(0,0,0)
(0,0,0)
(0,0,0)
(0,0,0)
(0,0,0)
(0,0,0)
(0,0,0)
(0,0,0)
(0,0,0)
(0,0,0)
(0,0,0)
(0,0,0)
(0,0,0)
(0,0,0)
(0,0,0)
(0,0,0)
(0,0,0)
(0,0,0)
(0,0,0)
(0,0,0)
(0,0,0)
(0,0,0)
(0,0,0)
(0,0,0)
(0,0,0)
(0,0,0)
(0,0,0)
(0,0,0)
(0,0,0)
(0,0,0)
(0,0,0)
(0,0,0)
(0,0,0)
(0,0,0)
(0,0,0)
(0,0,0)
(0,0,0)
(0,0,0)
(0,0,0)
(0,0,0)
(0,0,0)
(0,0,0)
(0,0,0)
(0,0,0)
(0,0,0)
(0,0,0)
(0,0,0)
(0,0,0)
(0,0,0)
(0,0,0)
(0,0,0)
(0,0,0)
(0,0,0)
(0,0,0)
(0,0,0)
(0,0,0)
(0,0,0)
(0,0,0)
(0,0,0)
(0,0,0)
(0,0,0)
(0,0,0)
(0,0,0)
(0,0,0)
(0,0,0)
(0,0,0)
(0,0,0)
(0,0,0)
(0,0,0)
(0,0,0)
(0,0,0)
(0,0,0)
(-22720.4476374164,1884.3770287168,1608.57169263475)
(-23389.1332799865,1744.17146678769,3227.32394897329)
(-24822.0190148607,1404.18317053865,4874.06756775583)
(-27314.548509974,809.512134862681,6431.57155205384)
(-31340.9295952821,-162.040474772784,7556.24744655066)
(-37639.8277624359,-1584.32663442191,7246.80629459471)
(-46787.8803767268,-3016.87261475451,2404.57388621638)
(-58141.2859250347,-3050.45089807759,-15043.4495065507)
(-67213.2827446134,-1867.69228691643,-59034.8853583682)
(-58488.6775941899,-783.470598449018,-138628.589103001)
(0,0,0)
(0,0,0)
(0,0,0)
(0,0,0)
(0,0,0)
(0,0,0)
(-23430.4066333355,3885.49298677293,1428.81264739355)
(-24058.2593532482,3605.39827006621,2862.3277392059)
(-25416.814639416,2956.32573355974,4262.36644469553)
(-27782.264082919,1752.81966929209,5437.69592787714)
(-31614.9963791178,-445.928355133383,6142.14202027942)
(-37726.9856604939,-4165.67141014318,5833.34427354368)
(-46806.070502677,-8913.94797478666,2448.11349400792)
(-57835.3834928283,-8859.43036750567,-13773.6695361834)
(-66788.8713696289,-4721.706845573,-57837.1892095757)
(-58240.9405022327,-1781.57471460431,-137699.888926734)
(0,0,0)
(0,0,0)
(0,0,0)
(0,0,0)
(0,0,0)
(0,0,0)
(-24990.3501159545,5988.82540195942,1132.72527735673)
(-25553.536556343,5614.07926576361,2192.31608150538)
(-26765.5619253756,4756.75702903046,3002.19449557611)
(-28848.8963148235,3018.6833595284,3210.23914412116)
(-32274.7419768338,-598.922457485404,2451.61382348506)
(-38093.7312810364,-8357.72976105303,1163.51420914502)
(-47997.5272745617,-23341.5480334535,2686.95798920299)
(-57643.0887784274,-23200.2139197024,-9419.18381802247)
(-65676.4284114194,-9392.86644553604,-54674.3529614228)
(-57596.6950714517,-2906.78831395687,-135701.836390464)
(0,0,0)
(0,0,0)
(0,0,0)
(0,0,0)
(0,0,0)
(0,0,0)
(-27815.9568604787,7982.05992933143,776.482162056122)
(-28263.609083515,7610.47310873287,1318.80056252261)
(-29249.1189779739,6740.5611825306,1217.54818673158)
(-30845.5566915713,4901.47680534326,-419.676379089682)
(-33472.5531601033,695.250932771683,-5248.96796944473)
(-38770.2426130365,-11331.3391793505,-13678.8779018396)
(-58023.5565556607,-58127.77255829,3135.15423496674)
(-61120.8765236774,-61718.4352766999,4699.4883708881)
(-63063.5440478811,-14091.6901168111,-47888.2233003227)
(-56258.9994252509,-3163.99275985682,-132467.482855244)
(0,0,0)
(0,0,0)
(0,0,0)
(0,0,0)
(0,0,0)
(0,0,0)
(-32352.1058122133,9281.89817373306,423.721160939748)
(-32670.435414916,9005.0070104822,447.873705733855)
(-33348.7360591801,8359.04162433224,-616.204689153876)
(-34223.3901751874,7132.70488692506,-4611.80601549534)
(-34784.8591123944,4957.14192945374,-17236.5883217304)
(-31267.4919166219,1332.74804400669,-60357.9180035141)
(3.04890251862653e-05,8.47671303688801e-06,-1.97701352822966e-05)
(-231.571884938722,-299.127065248144,52644.159542731)
(-53113.5174254505,-1397.60562123777,-36669.0553879195)
(-53848.9138581705,-237.638861314286,-128992.129862062)
(0,0,0)
(0,0,0)
(0,0,0)
(0,0,0)
(0,0,0)
(0,0,0)
(-39126.2809352655,8387.01477457573,165.880924954497)
(-39327.5431207701,8265.23392133386,-161.132160919006)
(-39729.2604008147,7940.49689564141,-1782.34417920335)
(-40075.558247585,7461.73685589487,-6795.23128757251)
(-39431.1086781318,6782.49536095182,-20908.7734834081)
(-33323.9600745951,5236.35600309531,-61765.5631527229)
(2.69353287477215e-05,9.81582015988896e-06,-1.35837289554837e-05)
(-143.137377155664,-36.4414679532019,51737.3217102922)
(-52121.0745865531,3485.09850170897,-35299.295492482)
(-53916.7563399632,1470.68800509992,-128548.384429703)
(0,0,0)
(0,0,0)
(0,0,0)
(0,0,0)
(0,0,0)
(0,0,0)
(-48623.7611064004,2013.04852418558,17.9850209233762)
(-48729.7873706617,2039.52392796894,-447.92468963854)
(-48893.3180269319,2066.34027875096,-2229.32917605551)
(-48830.9798436748,2419.02783814054,-7518.53196054395)
(-47335.8492742206,3528.47910112037,-22495.9851148412)
(-39213.142270389,5328.77317812245,-67105.3355053601)
(7.54394235115586e-05,-2.78928484318719e-05,-2.11895097773881e-05)
(-451.360114963551,54702.9185479558,55422.1960365915)
(-56433.0621075049,11385.0175653909,-37146.0676488492)
(-56235.3280809207,1384.81334112258,-129921.467765762)
(0,0,0)
(0,0,0)
(0,0,0)
(0,0,0)
(0,0,0)
(0,0,0)
(-60046.6024657883,-16924.3139893796,-37.200696667756)
(-60126.3727696888,-16810.1454245899,-447.373663893112)
(-60159.059996625,-16498.7351577857,-1965.34652665535)
(-59869.918384053,-15415.1609914327,-6536.9968398533)
(-57997.7942736714,-11784.9018690397,-20826.3551306545)
(-48768.8666723491,1619.04298878919,-72628.3559809828)
(-731.800412627945,60279.8258918909,54462.1440179745)
(-55401.6524469233,13105.8881098542,11973.2350667921)
(-69564.789158324,-6346.13482160539,-47135.4537375835)
(-60840.0845036157,-8225.2289315272,-131308.187248529)
(0,0,0)
(0,0,0)
(0,0,0)
(0,0,0)
(0,0,0)
(0,0,0)
(-68812.1705502991,-61600.5025342116,-30.2720961367037)
(-68882.0255288854,-61497.7373267192,-246.014704321732)
(-68878.1137774276,-61192.4746579606,-1030.33546851558)
(-68689.6332391326,-60334.9765465187,-3042.34894804323)
(-67765.8874222698,-58042.7898596672,-7567.26551542515)
(-65045.6437534958,-52303.5577531948,-14232.1991966046)
(-61482.2010413935,-40688.5403764627,7083.02462313425)
(-70582.0305690924,-48092.7684198955,-7651.66120165926)
(-75924.2695584843,-49198.2600704566,-49091.5646052637)
(-62229.5091398329,-34850.4823587809,-123149.574684444)
(0,0,0)
(0,0,0)
(0,0,0)
(0,0,0)
(0,0,0)
(0,0,0)
(-59354.6762240864,-141376.797042705,-6.3811692941567)
(-59411.529217355,-141305.094699258,-70.2920432463211)
(-59417.7547961282,-141086.682481993,-332.718897207554)
(-59350.8755438865,-140552.505602089,-934.874652868148)
(-59050.1953276949,-139331.780961454,-2022.195323563)
(-58439.3914345241,-137057.706786475,-2917.7470645837)
(-58262.9142125968,-133812.886322226,-580.965746288174)
(-61474.9737653916,-132950.984320593,-8945.16816230569)
(-62358.8684099797,-123818.830931456,-34909.0514757143)
(-49883.8169860465,-88714.3256107169,-88495.0843162364)
(0,0,0)
(0,0,0)
(0,0,0)
(0,0,0)
(0,0,0)
(0,0,0)
(0,0,0)
(0,0,0)
(0,0,0)
(0,0,0)
(0,0,0)
(0,0,0)
(0,0,0)
(0,0,0)
(0,0,0)
(0,0,0)
(0,0,0)
(0,0,0)
(0,0,0)
(0,0,0)
(0,0,0)
(0,0,0)
(0,0,0)
(0,0,0)
(0,0,0)
(0,0,0)
(0,0,0)
(0,0,0)
(0,0,0)
(0,0,0)
(0,0,0)
(0,0,0)
(0,0,0)
(0,0,0)
(0,0,0)
(0,0,0)
(0,0,0)
(0,0,0)
(0,0,0)
(0,0,0)
(0,0,0)
(0,0,0)
(0,0,0)
(0,0,0)
(0,0,0)
(0,0,0)
(0,0,0)
(0,0,0)
(0,0,0)
(0,0,0)
(0,0,0)
(0,0,0)
(0,0,0)
(0,0,0)
(0,0,0)
(0,0,0)
(0,0,0)
(0,0,0)
(0,0,0)
(0,0,0)
(0,0,0)
(0,0,0)
(0,0,0)
(0,0,0)
(0,0,0)
(0,0,0)
(0,0,0)
(0,0,0)
(0,0,0)
(0,0,0)
(0,0,0)
(0,0,0)
(0,0,0)
(0,0,0)
(0,0,0)
(0,0,0)
(0,0,0)
(0,0,0)
(0,0,0)
(0,0,0)
(0,0,0)
(0,0,0)
(0,0,0)
(0,0,0)
(0,0,0)
(0,0,0)
(0,0,0)
(0,0,0)
(0,0,0)
(0,0,0)
(0,0,0)
(0,0,0)
(0,0,0)
(0,0,0)
(0,0,0)
(0,0,0)
(0,0,0)
(0,0,0)
(0,0,0)
(0,0,0)
(0,0,0)
(0,0,0)
(-24774.5600772663,1136.12738338518,917.985056462861)
(-25226.5654304259,1036.43872261672,1718.97848428764)
(-26153.4270532796,772.966130771244,2277.42039193493)
(-27615.514846929,299.71033397014,2278.67639492141)
(-29791.2736534125,-478.148711424895,1207.16916446968)
(-32886.5699450002,-1675.38023045689,-1870.70842251055)
(-36720.1612143927,-2997.55191356088,-8940.87567128267)
(-40280.4530900195,-2686.5729706812,-24115.1355356178)
(-39874.4256176232,-1365.24571368003,-50088.7469489223)
(-28367.0735823989,-496.318464373037,-79714.0324963135)
(0,0,0)
(0,0,0)
(0,0,0)
(0,0,0)
(0,0,0)
(0,0,0)
(-25320.2973151288,2252.65349607398,773.364569101045)
(-25709.9303984098,2031.86171767979,1429.61261920127)
(-26531.5350849003,1524.37828921562,1792.92090624309)
(-27738.6115958974,586.302988517229,1462.67576467697)
(-29408.2508474566,-1196.25170316439,-25.9667752472534)
(-31645.1101387829,-4579.98055660891,-3203.24197080525)
(-34367.7312913239,-10106.6374262885,-8532.49566943673)
(-37743.8644034723,-8630.32582591205,-22680.2619035661)
(-38236.591624647,-3531.53193149855,-49066.255430735)
(-27646.8755017267,-1093.28372667199,-79063.3551689232)
(0,0,0)
(0,0,0)
(0,0,0)
(0,0,0)
(0,0,0)
(0,0,0)
(-26486.3869234293,3189.67509161294,559.015211935607)
(-26783.8544936704,2887.95936818338,933.235498762759)
(-27367.047412535,2236.47306888736,822.626206248945)
(-28015.2619582933,941.60708813998,-366.312249904104)
(-28502.4075376195,-1892.33060636538,-3442.56778591616)
(-28289.7894793171,-9109.7642020313,-8716.72594220361)
(-26500.3950732889,-33410.6067494689,-6909.88882030013)
(-29168.9025117298,-26666.3137751538,-17348.0871377588)
(-33478.112750392,-6731.67634820257,-46346.2583820863)
(-25749.2103376343,-1550.75975967867,-77736.2670829033)
(0,0,0)
(0,0,0)
(0,0,0)
(0,0,0)
(0,0,0)
(0,0,0)
(-28492.3706959142,3562.23088076373,303.858046282576)
(-28644.051078365,3271.44167483235,300.817734483251)
(-28866.438383814,2658.10021843889,-503.490009227258)
(-28689.1324905612,1499.07452679625,-3217.38164889212)
(-27252.9951815685,-675.579361710817,-10653.6908720861)
(-21704.8104765256,-3855.48758516275,-32973.399625467)
(1.49134958611781e-05,1.56580550385255e-06,-6.27879795927072e-06)
(-263.523968105898,-800.575991264724,2910.86956327906)
(-21939.374277977,-4134.80173331598,-40810.1748215039)
(-21980.2001534485,-782.139649909197,-75857.5942030898)
(0,0,0)
(0,0,0)
(0,0,0)
(0,0,0)
(0,0,0)
(0,0,0)
(-31520.8730069251,2666.37151970802,64.626555768694)
(-31519.0255364373,2464.22849805099,-279.570145929406)
(-31367.3645761588,2052.13902407507,-1654.98043458815)
(-30399.8191836447,1389.57920555303,-5369.05610488708)
(-27358.8036555679,388.504430014748,-13859.1953534361)
(-19142.6963649267,-656.1777827857,-29183.3007075032)
(-1.76195065679447e-06,7.77094353192742e-07,3.5367498075524e-05)
(3.47254838372853e-05,5.29599296938048e-06,-3.64760946600387e-06)
(-424.275523394581,-280.408763681786,-37092.0031291541)
(-16724.5878848278,-257.611413971923,-74740.8573384036)
(0,0,0)
(0,0,0)
(0,0,0)
(0,0,0)
(0,0,0)
(0,0,0)
(-35513.9913878064,-863.664443227752,-82.2535845224329)
(-35390.4744828153,-917.94359192012,-637.150132506556)
(-34968.3533757504,-1050.68063859797,-2295.23749489831)
(-33486.9739531219,-1116.36431670972,-6377.87826709653)
(-29454.1656554904,-970.686654911942,-14995.6302048064)
(-19788.5073354908,-530.726301197555,-28656.5344254976)
(3.94650822285557e-07,2.56866008441724e-06,2.68683400648401e-05)
(2.55251603555419e-05,8.96017109968621e-06,-1.50861023073122e-06)
(-380.58891876751,-636.916435802177,-36767.7249670447)
(-15957.9469677823,-756.190372892952,-74227.955380313)
(0,0,0)
(0,0,0)
(0,0,0)
(0,0,0)
(0,0,0)
(0,0,0)
(-40106.0316268895,-9239.17071173295,-142.223211003426)
(-39908.8745831139,-9166.73681943836,-714.342771025508)
(-39326.2385546626,-9015.93841173735,-2316.16447016441)
(-37583.052221295,-8439.04579892377,-6241.41061033361)
(-32998.4540433553,-6940.55201705586,-14608.9404790591)
(-22137.2518745674,-3944.06035451663,-28271.4968215642)
(3.98062556598659e-06,4.37804223687989e-05,3.22088597217108e-05)
(4.40658537751827e-05,1.87674048120468e-06,-4.1871928240332e-06)
(-50.2021367196865,-1621.28990373432,-36590.8060027737)
(-17130.8064365833,-3154.12959394377,-73297.3884260555)
(0,0,0)
(0,0,0)
(0,0,0)
(0,0,0)
(0,0,0)
(0,0,0)
(-43655.9093071019,-25503.4032430688,-126.460627347764)
(-43490.7103619502,-25370.511072349,-558.34878218213)
(-42910.8772604411,-25039.8109956406,-1782.65893446435)
(-41229.4606456671,-24038.8029854262,-4823.35948634557)
(-36717.4936526362,-21305.6270956954,-11738.5850287355)
(-25404.3724122526,-14337.458337647,-24709.6813057052)
(5.20656314940585e-05,-3.77353053413367e-07,-6.42296797569748e-06)
(-302.040960404599,-1810.67029310182,-1876.11111840104)
(-22401.4375579013,-12553.0622129286,-38107.6904096303)
(-22453.4043747173,-9524.13226367414,-70124.3678687958)
(0,0,0)
(0,0,0)
(0,0,0)
(0,0,0)
(0,0,0)
(0,0,0)
(-42446.7459902977,-51803.1581082022,-65.6696948667519)
(-42341.2393061886,-51700.633550355,-276.333439554485)
(-41888.6835200279,-51423.5497143434,-882.024978251714)
(-40676.9696630709,-50706.0072411061,-2227.4842986358)
(-37348.1769426782,-49011.9013188749,-4938.92055504421)
(-28255.416293873,-45365.5028431562,-10701.1035091575)
(-328.355102888879,-37119.2244262008,-1894.44279014906)
(-22791.153137817,-38705.0994678735,-12790.8910466532)
(-30664.234258368,-35424.7838080292,-35179.2047516683)
(-23913.2779188978,-22373.601002551,-60645.9672337287)
(0,0,0)
(0,0,0)
(0,0,0)
(0,0,0)
(0,0,0)
(0,0,0)
(-29697.5437583554,-81438.0728090717,-22.2177648656116)
(-29664.5309047681,-81392.9056368464,-76.9439909732941)
(-29441.3410366508,-81203.8439778449,-273.063486967346)
(-28875.0070644144,-80763.2001726351,-691.73903491024)
(-27455.5069458178,-79834.0393579051,-1464.28937774944)
(-24385.6842056642,-78151.891678939,-2731.60777082669)
(-19281.8661341573,-75119.1546231428,-3712.72565233334)
(-23081.4961881244,-71092.5173584487,-9718.78533902773)
(-24044.5871264676,-61149.583448988,-22308.2669815967)
(-17495.7394532255,-38629.4255522355,-38440.5199647412)
(0,0,0)
(0,0,0)
(0,0,0)
(0,0,0)
(0,0,0)
(0,0,0)
(0,0,0)
(0,0,0)
(0,0,0)
(0,0,0)
(0,0,0)
(0,0,0)
(0,0,0)
(0,0,0)
(0,0,0)
(0,0,0)
(0,0,0)
(0,0,0)
(0,0,0)
(0,0,0)
(0,0,0)
(0,0,0)
(0,0,0)
(0,0,0)
(0,0,0)
(0,0,0)
(0,0,0)
(0,0,0)
(0,0,0)
(0,0,0)
(0,0,0)
(0,0,0)
(0,0,0)
(0,0,0)
(0,0,0)
(0,0,0)
(0,0,0)
(0,0,0)
(0,0,0)
(0,0,0)
(0,0,0)
(0,0,0)
(0,0,0)
(0,0,0)
(0,0,0)
(0,0,0)
(0,0,0)
(0,0,0)
(0,0,0)
(0,0,0)
(0,0,0)
(0,0,0)
(0,0,0)
(0,0,0)
(0,0,0)
(0,0,0)
(0,0,0)
(0,0,0)
(0,0,0)
(0,0,0)
(0,0,0)
(0,0,0)
(0,0,0)
(0,0,0)
(0,0,0)
(0,0,0)
(0,0,0)
(0,0,0)
(0,0,0)
(0,0,0)
(0,0,0)
(0,0,0)
(0,0,0)
(0,0,0)
(0,0,0)
(0,0,0)
(0,0,0)
(0,0,0)
(0,0,0)
(0,0,0)
(0,0,0)
(0,0,0)
(0,0,0)
(0,0,0)
(0,0,0)
(0,0,0)
(0,0,0)
(0,0,0)
(0,0,0)
(0,0,0)
(0,0,0)
(0,0,0)
(0,0,0)
(0,0,0)
(0,0,0)
(0,0,0)
(0,0,0)
(0,0,0)
(0,0,0)
(0,0,0)
(0,0,0)
(0,0,0)
(-25807.4559153218,564.75680128903,468.139036770373)
(-26040.2573328945,522.067549191586,759.763390047382)
(-26487.5385195295,399.562081891218,694.312774404787)
(-27078.156188186,184.612976851554,-27.6588611905946)
(-27809.832628318,-90.106232479424,-1918.9936538056)
(-28649.6210045715,-414.991815865036,-5740.95077836731)
(-29288.5339351213,-629.890495115627,-12542.6875625241)
(-28964.5142568958,-141.795669127122,-23716.8307265201)
(-25494.1340223068,289.995315393242,-38387.1176372188)
(-16008.294167095,243.899644006933,-50989.7966965485)
(0,0,0)
(0,0,0)
(0,0,0)
(0,0,0)
(0,0,0)
(0,0,0)
(-26168.5817907199,1028.4773313312,384.563945553354)
(-26331.6295521826,914.918043689087,613.412604827723)
(-26662.2131610797,662.615089367618,481.037673531192)
(-26985.88118948,264.905204837865,-351.984960874986)
(-27179.5895756568,-341.672452309853,-2329.08001284287)
(-27117.1599387588,-1287.05992999579,-5984.96209873892)
(-26717.2052314526,-2332.18044882321,-11933.1982048976)
(-26536.8247543746,-134.644256377276,-23147.389266743)
(-24010.8945382641,1201.29361635882,-38284.3846540832)
(-15361.6637897643,799.513298836598,-51125.2100208808)
(0,0,0)
(0,0,0)
(0,0,0)
(0,0,0)
(0,0,0)
(0,0,0)
(-26909.0088607704,1169.24035880856,281.858909864818)
(-26981.6786551454,1011.8714710909,382.729643938258)
(-27079.4668295556,686.823360532198,70.9407897987404)
(-26829.9034744436,180.360866163671,-1029.87335537995)
(-25792.6720591445,-725.304674173883,-3355.97661198895)
(-23308.2822156186,-2622.31564777096,-7002.2281579182)
(-19157.9167192297,-7133.18688984098,-9543.70007095806)
(-19398.9241331653,2128.63262049242,-21576.955326392)
(-20208.3129778839,4773.31717496094,-38418.7786575067)
(-13858.8059064622,2197.4879179057,-51707.1577077391)
(0,0,0)
(0,0,0)
(0,0,0)
(0,0,0)
(0,0,0)
(0,0,0)
(-28083.8818609409,601.751359849023,159.00016398551)
(-28023.6753235914,451.716446171402,98.7794341328039)
(-27777.8848026695,162.678744119315,-465.629530598903)
(-26727.7795773576,-231.667017696622,-2014.95455994391)
(-23871.5613665857,-802.658167395384,-5319.03488170364)
(-16844.1853136638,-1316.66805303697,-11485.3076393009)
(1.37764828084808e-05,2.57336689523087e-06,7.24341281066676e-07)
(-60.7685851735259,-687.040940512397,-18570.7405633301)
(-12419.1361772573,17317.6442259252,-40635.3057150174)
(-11276.2143218939,4434.07720436905,-53575.8808330415)
(0,0,0)
(0,0,0)
(0,0,0)
(0,0,0)
(0,0,0)
(0,0,0)
(-29698.6283698621,-1276.31128376067,55.8180065482594)
(-29498.4825555569,-1378.13846206297,-134.870066096398)
(-28925.6578258222,-1544.38705227387,-869.511020039574)
(-27215.6127684036,-1662.82080956669,-2622.56364340963)
(-23194.1844870405,-1664.30650955094,-5925.53446978157)
(-14768.3749160103,-1280.66305211688,-10335.8609196181)
(-1.60481480437928e-06,3.58839767004347e-07,2.97135824793496e-06)
(2.92851580180542e-05,2.02784348577661e-06,6.32763025447193e-06)
(-147.312408740706,-217.414424020385,-53120.9477784011)
(-8269.71191920607,529.669244319374,-57671.415783977)
(0,0,0)
(0,0,0)
(0,0,0)
(0,0,0)
(0,0,0)
(0,0,0)
(-31449.4914231469,-5350.28626436218,9.47501593998262)
(-31153.0155378428,-5365.38439019837,-240.738000898692)
(-30381.5762953848,-5371.7335498591,-1000.16858368308)
(-28305.4856158836,-5170.41698956411,-2674.06074092366)
(-23674.9018706501,-4462.35271264764,-5655.27832266671)
(-14615.9273054185,-2846.57098105106,-9261.95042380573)
(2.71084827757592e-08,1.26718619518428e-06,-8.78547712973385e-13)
(2.0600791825088e-05,1.62315644639596e-06,5.32905469128705e-06)
(-210.047705910015,-213.711362277467,-52079.2774148586)
(-7725.57843112608,-1861.28497795519,-57920.6917292394)
(0,0,0)
(0,0,0)
(0,0,0)
(0,0,0)
(0,0,0)
(0,0,0)
(-32726.1138073212,-12735.7487278654,5.54464392885534)
(-32409.5985634225,-12684.8521368749,-174.26362909063)
(-31586.848805185,-12545.0719539548,-740.314974470866)
(-29477.7174823094,-12040.3227863438,-1975.74391667792)
(-24747.8094280063,-10585.3720072702,-4103.3692374019)
(-15400.3994465197,-7102.70436568062,-6584.08828081936)
(2.64399468013934e-06,2.7313562090603e-06,-1.04116179776197e-12)
(3.63263413722694e-05,3.93621760846039e-06,5.42645019968679e-06)
(-87.5535415081908,-23834.2740046589,-53489.146541487)
(-8182.79446488585,-8409.62423095158,-55888.819260203)
(0,0,0)
(0,0,0)
(0,0,0)
(0,0,0)
(0,0,0)
(0,0,0)
(-32241.9121154515,-24196.3230329375,46.5771134201222)
(-32007.2795225566,-24127.5862947646,5.88043192118388)
(-31282.3061546365,-23973.1190379274,-194.643589912131)
(-29473.7047559588,-23446.5216320392,-544.200633922664)
(-25315.1758116326,-21822.5001938648,-709.390288332342)
(-16566.8592561525,-16964.3900611734,314.782251058936)
(4.32750560349538e-05,1.08439179801105e-05,1.28657042492013e-07)
(-174.352904541924,-24037.0023283841,-23786.9199171276)
(-11373.0178335434,-20668.7210300225,-37980.8926161213)
(-10484.2138555467,-10907.2345602498,-47452.4728059941)
(0,0,0)
(0,0,0)
(0,0,0)
(0,0,0)
(0,0,0)
(0,0,0)
(-27877.2929825365,-38834.3348330044,68.5587923040298)
(-27737.8455916768,-38802.3771481816,139.955931201379)
(-27222.8683443956,-38788.8917411086,289.913458749489)
(-26030.5504942159,-38767.3675440268,964.340201882781)
(-23269.0303988817,-38942.3648168452,4005.05828106375)
(-17098.9037780419,-41234.2093645634,17118.3650686183)
(-513.436162456373,-55779.0379065677,-24269.5180226126)
(-11773.4608916061,-38773.5976341247,-20550.6149630815)
(-14907.5240320182,-28662.2255460321,-28313.8206734282)
(-10696.9355101912,-15861.2259585533,-36576.1716838296)
(0,0,0)
(0,0,0)
(0,0,0)
(0,0,0)
(0,0,0)
(0,0,0)
(-17189.5347565219,-51382.9166204432,40.5727856118547)
(-17134.3987391063,-51411.3118202191,119.375291985828)
(-16885.8220894228,-51487.9068941229,262.871497772774)
(-16345.9585977122,-51678.0891009274,644.544587972078)
(-15161.0428949014,-52136.5238048547,1544.2395250779)
(-12985.8002865901,-53447.42424152,2357.57048295714)
(-9702.17495067634,-55508.8338801666,-7492.32472692827)
(-10987.1189251852,-47715.2982155268,-10645.0014084679)
(-10802.0426842746,-36849.9039340867,-15699.8674625969)
(-7222.58607983774,-20972.0923881407,-20862.1544064049)
(0,0,0)
(0,0,0)
(0,0,0)
(0,0,0)
(0,0,0)
(0,0,0)
(0,0,0)
(0,0,0)
(0,0,0)
(0,0,0)
(0,0,0)
(0,0,0)
(0,0,0)
(0,0,0)
(0,0,0)
(0,0,0)
(0,0,0)
(0,0,0)
(0,0,0)
(0,0,0)
(0,0,0)
(0,0,0)
(0,0,0)
(0,0,0)
(0,0,0)
(0,0,0)
(0,0,0)
(0,0,0)
(0,0,0)
(0,0,0)
(0,0,0)
(0,0,0)
(0,0,0)
(0,0,0)
(0,0,0)
(0,0,0)
(0,0,0)
(0,0,0)
(0,0,0)
(0,0,0)
(0,0,0)
(0,0,0)
(0,0,0)
(0,0,0)
(0,0,0)
(0,0,0)
(0,0,0)
(0,0,0)
(0,0,0)
(0,0,0)
(0,0,0)
(0,0,0)
(0,0,0)
(0,0,0)
(0,0,0)
(0,0,0)
(0,0,0)
(0,0,0)
(0,0,0)
(0,0,0)
(0,0,0)
(0,0,0)
(0,0,0)
(0,0,0)
(0,0,0)
(0,0,0)
(0,0,0)
(0,0,0)
(0,0,0)
(0,0,0)
(0,0,0)
(0,0,0)
(0,0,0)
(0,0,0)
(0,0,0)
(0,0,0)
(0,0,0)
(0,0,0)
(0,0,0)
(0,0,0)
(0,0,0)
(0,0,0)
(0,0,0)
(0,0,0)
(0,0,0)
(0,0,0)
(0,0,0)
(0,0,0)
(0,0,0)
(0,0,0)
(0,0,0)
(0,0,0)
(0,0,0)
(0,0,0)
(0,0,0)
(0,0,0)
(0,0,0)
(0,0,0)
(0,0,0)
(0,0,0)
(0,0,0)
(0,0,0)
(-26234.8101611287,210.597259611512,216.75698619101)
(-26320.7548168436,205.648138454782,291.606331683514)
(-26433.0935209413,214.557712406934,22.6036206877136)
(-26493.9855287622,286.394069233174,-847.961107966009)
(-26443.4116339159,550.733379612559,-2765.1154819798)
(-26146.5974018529,1104.53022271221,-6372.66930740851)
(-25260.7957515121,1871.5170879998,-12271.9245790151)
(-23219.3616137105,2228.01880881483,-20245.0960310175)
(-18718.9100623205,1747.86067305959,-28768.180664064)
(-10821.9438550784,898.828670659176,-34853.3596467492)
(0,0,0)
(0,0,0)
(0,0,0)
(0,0,0)
(0,0,0)
(0,0,0)
(-26445.1004092279,264.288054345678,222.827823771643)
(-26477.3221331841,253.505545897959,320.662997330713)
(-26506.3770237936,268.027360060787,111.357212390265)
(-26380.7561014341,436.350071779761,-643.723878201135)
(-25985.8387157486,1031.15113248616,-2317.89249098538)
(-25156.9679611146,2453.09065897964,-5626.64490489696)
(-23768.0172387883,5105.92610810283,-11810.2419176676)
(-22382.154075093,6895.1482065986,-20632.0419947428)
(-18332.5127372287,4960.39034807154,-29522.9534707968)
(-10647.3101315085,2303.03118176574,-35641.5096401603)
(0,0,0)
(0,0,0)
(0,0,0)
(0,0,0)
(0,0,0)
(0,0,0)
(-26826.2800571272,-47.9268402009668,229.486090902099)
(-26795.6349835862,-60.9234787963746,357.871444035008)
(-26682.2750180294,-54.2068791021781,282.913871669702)
(-26184.4012126409,203.611501101449,-129.84981945151)
(-24985.3060991373,1097.30941565713,-1003.37406262985)
(-22616.5742143098,3692.06261999146,-2934.05402494901)
(-18944.9724102305,11775.5200223563,-9816.59224820321)
(-21213.1000842013,21272.1479602459,-22379.4160508165)
(-18111.6722049885,12463.6950815513,-31979.3615571859)
(-10529.4299190606,4719.2397448758,-37724.9461077083)
(0,0,0)
(0,0,0)
(0,0,0)
(0,0,0)
(0,0,0)
(0,0,0)
(-27336.1391424803,-1009.18200897362,213.512450312438)
(-27214.0523945902,-1038.03438729223,381.000429803539)
(-26890.9354029482,-1047.12635039685,486.970501375366)
(-25859.3067613485,-815.872854942887,637.982041411844)
(-23377.2487092013,-232.360491961906,1473.33929165276)
(-17426.3224593489,622.460737406133,5125.07831992541)
(9.17593833962366e-06,-1.51734024943242e-06,5.10900361981429e-06)
(-24974.0660526006,-868.584964140778,-30866.4111134512)
(-20859.8947065815,29450.0056583284,-39411.9631609117)
(-11192.4085875598,7369.41314579067,-42145.9422961404)
(0,0,0)
(0,0,0)
(0,0,0)
(0,0,0)
(0,0,0)
(0,0,0)
(-27865.7739678482,-3074.09235614699,232.055945157045)
(-27654.9828701051,-3097.34045196226,447.862324377114)
(-27127.396405123,-3084.82628170403,687.300834984588)
(-25636.1332403005,-2826.94141756271,1118.88986949808)
(-22231.1505337836,-2233.35197762132,2156.84740190057)
(-14808.7938148932,-1224.33600328681,4044.06304147757)
(-2.72834573335808e-06,-3.03670603715935e-07,-3.43763353799576e-07)
(2.05643916869542e-05,1.14329176944227e-06,7.26457527250653e-06)
(-37475.4086534065,-362.145901499384,-61114.608477578)
(-13877.6190993172,1045.26821891141,-49182.5563705948)
(0,0,0)
(0,0,0)
(0,0,0)
(0,0,0)
(0,0,0)
(0,0,0)
(-28079.6164331441,-6695.5506661502,251.583319998883)
(-27812.554243694,-6697.43924369784,511.220817587888)
(-27183.5251599867,-6656.38512568544,884.728526174584)
(-25493.7515796257,-6360.23254109646,1606.28561345075)
(-21786.2952095854,-5542.02903905978,3026.35601382616)
(-14106.7781714381,-3666.19445766425,4959.06533422169)
(-6.2884133199957e-07,-9.93347472419066e-08,8.54973990196632e-14)
(1.49371216001425e-05,-4.79489947267496e-07,7.28645202715279e-06)
(-35109.2413753383,-94.4564004741855,-59416.0790756014)
(-13869.0516751824,-2293.46357881422,-49933.8740338279)
(0,0,0)
(0,0,0)
(0,0,0)
(0,0,0)
(0,0,0)
(0,0,0)
(-27400.4257029432,-12301.0797102564,279.840939732643)
(-27148.830176325,-12307.3215576903,628.954866627038)
(-26547.1012252273,-12277.8918870687,1210.71404805062)
(-25008.7312967105,-12026.5205029769,2408.0158243333)
(-21621.9686497435,-11113.2762674029,4853.42227441211)
(-14429.3319724357,-8210.54358878398,8426.70393144445)
(1.03508445006435e-06,5.72872047318982e-07,-6.15311301648071e-14)
(1.98229638188369e-05,5.67053163028371e-06,1.03533559143506e-05)
(-38375.5586975772,-35007.8686067287,-61452.3552369689)
(-13795.4669555097,-10626.8780409282,-47506.2682842338)
(0,0,0)
(0,0,0)
(0,0,0)
(0,0,0)
(0,0,0)
(0,0,0)
(-25037.0011348534,-19805.5101725933,299.519481741426)
(-24882.2315902038,-19853.2798094822,720.429801178503)
(-24425.7593166716,-19939.8714017234,1525.86247786888)
(-23346.8409120402,-19974.106318441,3346.58444941362)
(-21100.7328150907,-19690.8738499213,7709.73903538904)
(-16271.3254529748,-17281.2362346605,16484.8978780874)
(2.43433354684629e-05,1.57534291895163e-05,1.99879333524143e-06)
(-28215.3372123846,-35363.9851112902,-34859.0541738782)
(-20271.0712548511,-24009.4798189323,-36959.3895403773)
(-10267.2190419213,-10999.8841197891,-36803.3782751367)
(0,0,0)
(0,0,0)
(0,0,0)
(0,0,0)
(0,0,0)
(0,0,0)
(-19924.8187461599,-28006.2475810145,248.263172040857)
(-19875.0663373921,-28101.5686258497,633.772734124222)
(-19615.0789670488,-28375.4795480724,1461.59150312353)
(-19134.568329812,-28980.1863058687,3571.68932614307)
(-18715.264476245,-30679.6315951862,10006.6811487721)
(-21101.2267905757,-36861.025878144,33588.7938047899)
(-43374.6019029794,-64646.7532088074,-35447.8179412536)
(-21243.7382375464,-37758.3071221061,-23583.2185844925)
(-14118.4635453356,-24378.4088475075,-24003.35004261)
(-7659.83991324333,-12272.8712407664,-25767.4585185751)
(0,0,0)
(0,0,0)
(0,0,0)
(0,0,0)
(0,0,0)
(0,0,0)
(-11371.1538106166,-33953.9979397932,129.369412873694)
(-11361.7990016942,-34100.9530026755,356.154052289894)
(-11250.7896603223,-34458.2759859226,803.918061038652)
(-11072.0585051875,-35203.643411753,1753.47507440166)
(-10947.6646652288,-36789.7765271015,3650.24177663983)
(-11620.9738037923,-40176.8902152179,5601.27963091551)
(-14490.8074933844,-45493.9803237616,-8762.86071142773)
(-10627.9120652024,-36467.2685877458,-10413.1061057731)
(-7730.85771238732,-25816.218169782,-12046.4817553814)
(-4341.73555737455,-13626.5184420008,-13573.6850766108)
(0,0,0)
(0,0,0)
(0,0,0)
(0,0,0)
(0,0,0)
(0,0,0)
(0,0,0)
(0,0,0)
(0,0,0)
(0,0,0)
(0,0,0)
(0,0,0)
(0,0,0)
(0,0,0)
(0,0,0)
(0,0,0)
(0,0,0)
(0,0,0)
(0,0,0)
(0,0,0)
(0,0,0)
(0,0,0)
(0,0,0)
(0,0,0)
(0,0,0)
(0,0,0)
(0,0,0)
(0,0,0)
(0,0,0)
(0,0,0)
(0,0,0)
(0,0,0)
(0,0,0)
(0,0,0)
(0,0,0)
(0,0,0)
(0,0,0)
(0,0,0)
(0,0,0)
(0,0,0)
(0,0,0)
(0,0,0)
(0,0,0)
(0,0,0)
(0,0,0)
(0,0,0)
(0,0,0)
(0,0,0)
(0,0,0)
(0,0,0)
(0,0,0)
(0,0,0)
(0,0,0)
(0,0,0)
(0,0,0)
(0,0,0)
(0,0,0)
(0,0,0)
(0,0,0)
(0,0,0)
(0,0,0)
(0,0,0)
(0,0,0)
(0,0,0)
(0,0,0)
(0,0,0)
(0,0,0)
(0,0,0)
(0,0,0)
(0,0,0)
(0,0,0)
(0,0,0)
(0,0,0)
(0,0,0)
(0,0,0)
(0,0,0)
(0,0,0)
(0,0,0)
(0,0,0)
(0,0,0)
(0,0,0)
(0,0,0)
(0,0,0)
(0,0,0)
(0,0,0)
(0,0,0)
(0,0,0)
(0,0,0)
(0,0,0)
(0,0,0)
(0,0,0)
(0,0,0)
(0,0,0)
(0,0,0)
(0,0,0)
(0,0,0)
(0,0,0)
(0,0,0)
(0,0,0)
(0,0,0)
(0,0,0)
(0,0,0)
(-26445.0423703172,72.0019679303895,138.230241261811)
(-26441.9440054974,86.2964446561412,173.122985260163)
(-26361.9573632651,191.969308248183,-89.9824806687036)
(-26181.8891402992,463.405769280086,-865.484638413677)
(-25869.0472635289,1024.89800534144,-2464.74701414033)
(-25199.8589942645,2033.77317882625,-5445.25860055893)
(-23740.0816967513,3248.32458812423,-10214.2972434432)
(-20756.1076541591,2997.56223398292,-15675.1134369788)
(-15767.9878741808,2108.61758598657,-20734.6532111066)
(-8669.09647161937,1068.15128292309,-23955.6518774855)
(0,0,0)
(0,0,0)
(0,0,0)
(0,0,0)
(0,0,0)
(0,0,0)
(-26493.1184218401,-67.2592775783854,187.279258121142)
(-26485.7723657433,-0.806011451982866,282.831946790931)
(-26409.0948614513,216.462449971712,161.056642725753)
(-26191.2350759065,774.058157778805,-339.11677130086)
(-25865.6857588775,2086.31576477458,-1520.68748760289)
(-25331.5396450782,4937.4708089815,-4249.81343379462)
(-24222.7779569759,9878.20035865652,-10424.9284861402)
(-21283.7462834181,8003.54637330719,-16529.320417137)
(-16156.4864072723,5125.68510220338,-21722.4142633082)
(-8826.02368624665,2389.58655153736,-24865.1359771841)
(0,0,0)
(0,0,0)
(0,0,0)
(0,0,0)
(0,0,0)
(0,0,0)
(-26585.6690702377,-551.583686352714,243.713421885186)
(-26573.2353875888,-452.457296876095,472.96511131224)
(-26505.2571641345,-187.686059673852,700.095767065724)
(-26263.3345578962,591.612492832695,961.474777264951)
(-25946.6011802323,2691.1527831436,1317.93283999002)
(-25892.6948466147,8769.77650452114,761.747776753377)
(-26868.1470255034,30688.9475132225,-12125.8247625366)
(-23391.7294718276,17309.5195012779,-19253.1685028768)
(-17494.4564629345,9564.94783390334,-24309.6469766279)
(-9383.95559841346,3966.05084592434,-27031.5855916586)
(0,0,0)
(0,0,0)
(0,0,0)
(0,0,0)
(0,0,0)
(0,0,0)
(-26636.1469887835,-1556.5317788748,304.955938826637)
(-26601.016864405,-1479.28564516298,718.748756931964)
(-26510.4185057316,-1273.34816908634,1423.89396913006)
(-26199.8212476044,-628.540652267365,2984.56160048072)
(-25845.2261672384,802.109197168933,7341.58264448865)
(-26928.7509017468,2892.1923963411,22721.5951950658)
(-40512.9383726523,-1337.14120499824,-25252.4067185436)
(-29723.4783924518,23591.6607168279,-26785.1355942485)
(-20952.6478702328,12577.8471082906,-29705.281704977)
(-10699.208584829,4565.85477106894,-30798.2856328573)
(0,0,0)
(0,0,0)
(0,0,0)
(0,0,0)
(0,0,0)
(0,0,0)
(-26463.9681458797,-3376.22430895488,417.886708113077)
(-26401.720571532,-3333.56667153348,1018.90543590908)
(-26250.2552064726,-3212.82345823927,2081.2395264092)
(-25740.925517385,-2785.54798472908,4343.03913595473)
(-24476.1609306593,-1919.0745659247,9309.2332959239)
(-20320.4679236499,-665.766697886182,18378.866498906)
(1.38423639268297e-05,-3.99478304927351e-06,-1.36321639047371e-05)
(-38523.7877841568,-409.971596992833,-37555.8841594294)
(-26723.6267943894,1762.17469797739,-37491.9936081264)
(-12605.6400379316,947.376589150979,-35145.4944875925)
(0,0,0)
(0,0,0)
(0,0,0)
(0,0,0)
(0,0,0)
(0,0,0)
(-25751.9060444852,-6192.68818209349,488.753484481786)
(-25678.0649430943,-6172.47731919674,1193.1748315452)
(-25523.1684694774,-6146.01363018839,2466.00831298428)
(-24972.4819474025,-5947.13467959276,5106.32537562225)
(-23590.6227664516,-5429.21085901019,10420.7892255741)
(-19020.9571912025,-4055.05406935132,18724.2556167997)
(1.22338907908569e-05,-9.11074492884568e-06,-9.34329862538848e-06)
(-35786.9384645115,-221.946617724819,-35152.0127699347)
(-26897.8345497344,-3492.64589270831,-38108.5990048605)
(-12886.3299044046,-2264.75820369927,-35879.185982788)
(0,0,0)
(0,0,0)
(0,0,0)
(0,0,0)
(0,0,0)
(0,0,0)
(-24002.482317098,-10106.3122266337,515.680658695053)
(-23955.2420859223,-10117.2778173001,1266.89306639515)
(-23858.0730875509,-10218.9748287067,2650.82612723968)
(-23508.6190249529,-10369.9089651683,5573.4881410541)
(-22640.9262542187,-10578.0816509847,11741.316537503)
(-19268.8265102064,-10032.126889716,22557.8838956445)
(1.4910678624278e-05,-1.23427770656277e-05,-1.26111805072688e-05)
(-39179.6619268954,-28230.5788621297,-38288.9704317565)
(-26486.9040204869,-16893.6789703591,-36776.592031197)
(-12247.9582942605,-7064.40049784731,-33524.4583982973)
(0,0,0)
(0,0,0)
(0,0,0)
(0,0,0)
(0,0,0)
(0,0,0)
(-20795.4668158364,-14817.5801811772,469.733635521894)
(-20814.2076403882,-14889.271635376,1173.70350378418)
(-20825.1231891921,-15145.9256457296,2500.01819332425)
(-20848.4089993735,-15720.2286870894,5351.90600257906)
(-21339.0777449206,-17233.0532542108,12245.2225356388)
(-24546.6673169634,-21981.5630112994,32470.0005212167)
(-44060.1378127603,-43230.2491853347,-28252.3876110057)
(-29526.1408856896,-28276.598731352,-26895.5640684693)
(-19393.2230074113,-17764.208838148,-26902.8824481145)
(-9513.14135520584,-8316.2678104538,-26405.0928222341)
(0,0,0)
(0,0,0)
(0,0,0)
(0,0,0)
(0,0,0)
(0,0,0)
(-15670.1032575146,-19419.4509342808,347.155264459175)
(-15754.7747016622,-19541.4097303814,879.001723736874)
(-15819.9707150525,-19931.9746888762,1869.94251489057)
(-15998.5151089266,-20795.4782425746,3809.1388494929)
(-16803.212121469,-22762.9992459898,7427.03248649515)
(-19594.6649228754,-27189.7110866648,11128.6186941589)
(-26528.3029705689,-35566.9763703919,-13380.9530531942)
(-19463.7571876878,-26981.2745864512,-16456.258247961)
(-12974.1930885735,-17859.8352157992,-17504.9023270704)
(-6582.9584862404,-8858.35897226523,-18039.6925922589)
(0,0,0)
(0,0,0)
(0,0,0)
(0,0,0)
(0,0,0)
(0,0,0)
(-8517.42677875242,-22435.5058699375,162.327903795507)
(-8588.61384945277,-22596.6649187029,444.397939873613)
(-8644.87646571102,-23037.5764919771,944.086548361699)
(-8761.99924131804,-23946.3858499112,1784.93489183227)
(-9182.06261709807,-25632.0878884652,2888.42148617873)
(-10221.5283630745,-28322.2467390338,2621.51169782903)
(-11730.4912359382,-30755.4066047832,-4950.37432523405)
(-9437.84740911003,-25625.4581514082,-7496.25541637004)
(-6570.03888737332,-17923.8574256625,-8593.05203151937)
(-3424.61270334732,-9198.45197889172,-9170.08187892178)
(0,0,0)
(0,0,0)
(0,0,0)
(0,0,0)
(0,0,0)
(0,0,0)
(0,0,0)
(0,0,0)
(0,0,0)
(0,0,0)
(0,0,0)
(0,0,0)
(0,0,0)
(0,0,0)
(0,0,0)
(0,0,0)
(0,0,0)
(0,0,0)
(0,0,0)
(0,0,0)
(0,0,0)
(0,0,0)
(0,0,0)
(0,0,0)
(0,0,0)
(0,0,0)
(0,0,0)
(0,0,0)
(0,0,0)
(0,0,0)
(0,0,0)
(0,0,0)
(0,0,0)
(0,0,0)
(0,0,0)
(0,0,0)
(0,0,0)
(0,0,0)
(0,0,0)
(0,0,0)
(0,0,0)
(0,0,0)
(0,0,0)
(0,0,0)
(0,0,0)
(0,0,0)
(0,0,0)
(0,0,0)
(0,0,0)
(0,0,0)
(0,0,0)
(0,0,0)
(0,0,0)
(0,0,0)
(0,0,0)
(0,0,0)
(0,0,0)
(0,0,0)
(0,0,0)
(0,0,0)
(0,0,0)
(0,0,0)
(0,0,0)
(0,0,0)
(0,0,0)
(0,0,0)
(0,0,0)
(0,0,0)
(0,0,0)
(0,0,0)
(0,0,0)
(0,0,0)
(0,0,0)
(0,0,0)
(0,0,0)
(0,0,0)
(0,0,0)
(0,0,0)
(0,0,0)
(0,0,0)
(0,0,0)
(0,0,0)
(0,0,0)
(0,0,0)
(0,0,0)
(0,0,0)
(0,0,0)
(0,0,0)
(0,0,0)
(0,0,0)
(0,0,0)
(0,0,0)
(0,0,0)
(0,0,0)
(0,0,0)
(0,0,0)
(0,0,0)
(0,0,0)
(0,0,0)
(0,0,0)
(0,0,0)
(0,0,0)
(-26543.0464093084,-2.04666710007966,100.050706087022)
(-26471.6131872668,28.9056616068125,100.814226250685)
(-26329.5275599027,152.640407831135,-84.2559849372044)
(-26090.1272787608,444.485517130601,-620.503363608939)
(-25695.1861327114,973.82946704188,-1768.19396147089)
(-24839.4610430198,1809.62281926903,-3938.21473198197)
(-23080.577481182,2630.69219314903,-7228.41114069951)
(-19681.8854910314,2371.5482069547,-10674.1815107782)
(-14529.8853926819,1631.79053024793,-13544.0745225288)
(-7779.53020629498,820.587804437871,-15254.2285922889)
(0,0,0)
(0,0,0)
(0,0,0)
(0,0,0)
(0,0,0)
(0,0,0)
(-26487.4044607623,-170.941037482679,163.180409305208)
(-26447.5173655984,-87.8065256049924,241.637596368764)
(-26369.8720634288,168.303705012435,186.751501164258)
(-26227.4632260216,777.657330029584,-110.192161617287)
(-26045.2336718461,2010.55546113158,-967.370242738726)
(-25626.1269167483,4271.70096848887,-3134.86112028935)
(-24333.259297384,7103.86828752209,-7497.55587425165)
(-20793.8971612515,5782.8483521807,-11398.7051416449)
(-15239.2672852836,3658.08201877655,-14342.2157521662)
(-8081.70178047178,1712.5995886683,-15978.5494421744)
(0,0,0)
(0,0,0)
(0,0,0)
(0,0,0)
(0,0,0)
(0,0,0)
(-26417.7791669084,-587.988640803451,249.157699988981)
(-26424.8003109726,-466.613249007824,479.529346774876)
(-26468.9005756541,-144.575860938596,756.052324244998)
(-26578.3919972099,712.839122453365,1135.92797113457)
(-26925.5256412945,2772.99651519254,1352.41137813497)
(-27646.9525189944,7583.95176130483,-205.581742300289)
(-28101.3810030743,16851.072620542,-8719.5520977478)
(-23725.6407826092,10806.404981236,-13409.1974160297)
(-17010.6659571176,5954.35571478719,-16189.2616178516)
(-8862.11870899432,2544.483304577,-17542.9822231791)
(0,0,0)
(0,0,0)
(0,0,0)
(0,0,0)
(0,0,0)
(0,0,0)
(-26174.724459182,-1390.26269564552,340.851525241625)
(-26237.9952588268,-1280.9936604535,792.210331109005)
(-26444.2945684762,-992.874777842629,1574.38531075643)
(-26911.6256267361,-173.876283345606,3172.90509569252)
(-28182.9763221391,2092.84195345586,6190.80981233094)
(-31573.803359426,9247.39334623203,9172.42068508169)
(-38598.3698040272,38687.2302676787,-14578.3055306718)
(-29830.8398747482,14441.2639110115,-18105.8029781457)
(-20204.5858334316,6571.35018379917,-19470.8594839591)
(-10176.2776682914,2539.7225637093,-19989.0296596312)
(0,0,0)
(0,0,0)
(0,0,0)
(0,0,0)
(0,0,0)
(0,0,0)
(-25578.0782812117,-2710.12544890009,433.972888586)
(-25687.543501119,-2664.79948686596,1103.60164458592)
(-26024.3263505725,-2520.67136755939,2405.46937840538)
(-26830.7340012151,-2096.97784320209,5418.37942209162)
(-29128.4240433341,-1147.56461181693,13311.0491000411)
(-36807.0503171391,410.288771351119,38634.7360684165)
(-67890.8317017881,-616.836863625115,-38662.9227234616)
(-38822.6407944452,1942.76712283257,-25865.5729249905)
(-23964.805111155,1334.82786135875,-23387.8722857854)
(-11558.9023341349,543.601925859523,-22438.4893517362)
(0,0,0)
(0,0,0)
(0,0,0)
(0,0,0)
(0,0,0)
(0,0,0)
(-24365.5973614218,-4618.38451335865,521.950381398119)
(-24497.978017135,-4624.21088773319,1301.27485630739)
(-24921.5081425923,-4657.37132702341,2836.31448888619)
(-25895.2109183828,-4646.90256596672,6308.96818262932)
(-28579.7064932352,-4639.55037896733,14790.0376765606)
(-36842.1074453084,-4515.249355205,37536.7260572294)
(-65914.2961332798,-456.398220504056,-35970.6133993145)
(-39552.1448135773,-3888.51932017404,-26374.1206072365)
(-24601.1564025956,-3242.83057304334,-24093.1403199689)
(-11826.5709233065,-1699.45601864845,-22909.8413565533)
(0,0,0)
(0,0,0)
(0,0,0)
(0,0,0)
(0,0,0)
(0,0,0)
(-22091.3517740486,-7090.41860804236,560.903551634013)
(-22256.3159335046,-7119.6359387094,1357.40245019441)
(-22709.1444537672,-7323.62528611813,2874.72777550676)
(-23742.4175743374,-7813.93474154992,6275.55850047718)
(-26518.2434461218,-9366.48076531669,14879.8060787279)
(-35070.4726065293,-15388.5682145468,41554.7710343978)
(-68078.6108867968,-44117.0009926759,-39300.444883631)
(-38051.2946479861,-18657.5284858489,-25659.8029968751)
(-23049.0702477312,-9821.6148340456,-22518.852508625)
(-10965.727974414,-4320.08648193877,-21180.4523651822)
(0,0,0)
(0,0,0)
(0,0,0)
(0,0,0)
(0,0,0)
(0,0,0)
(-18517.7590337754,-9863.85640104619,495.730010943449)
(-18705.4394789964,-9920.83218492939,1188.15809577089)
(-19132.7585570198,-10219.6402478621,2391.80842534424)
(-20025.7690019447,-10927.8353399262,4683.0690262908)
(-22117.5260561496,-12703.4750399504,8798.51161215154)
(-26909.7790575191,-16986.3654816865,12759.4206198493)
(-35960.704130462,-25646.2802115704,-13810.7338435552)
(-26999.0060870373,-18187.8723770762,-16807.5247509845)
(-17670.7165993403,-11314.1645964016,-17037.4813967028)
(-8683.35452095553,-5348.71605589704,-16838.638656986)
(0,0,0)
(0,0,0)
(0,0,0)
(0,0,0)
(0,0,0)
(0,0,0)
(-13524.0570934696,-12360.299787288,350.397222199008)
(-13706.0714535592,-12451.0519229016,831.913712068332)
(-14033.0310640877,-12795.1711130838,1620.50492632415)
(-14635.8305364179,-13565.355936781,2895.34095066895)
(-15964.5649248283,-15120.3945222374,4473.61323631388)
(-18344.846786362,-17786.1616447677,4023.59126288013)
(-21024.1261147106,-20724.1729894226,-6402.69281512855)
(-17170.0185690855,-16894.4054067345,-9989.89840406992)
(-11745.3863040881,-11405.8368755032,-11127.032909449)
(-5924.35920364387,-5664.89426834417,-11469.4539795994)
(0,0,0)
(0,0,0)
(0,0,0)
(0,0,0)
(0,0,0)
(0,0,0)
(-7159.50386001083,-13887.040308044,168.817602014623)
(-7280.96687198573,-14004.4682713324,414.586972977327)
(-7473.67458699286,-14350.513107153,798.727088329602)
(-7767.76205661302,-15092.4227239572,1331.55669079893)
(-8381.57027472329,-16354.1361119939,1764.80593817854)
(-9255.72702838416,-17994.9665028849,1007.80946160419)
(-9862.56845074654,-18895.8016507993,-2688.48466221075)
(-8325.47118516616,-16076.1121556715,-4619.15413721663)
(-5850.8254710101,-11305.4600582981,-5438.7443707856)
(-2999.88591825146,-5768.17871748358,-5760.18670674142)
(0,0,0)
(0,0,0)
(0,0,0)
(0,0,0)
(0,0,0)
(0,0,0)
(0,0,0)
(0,0,0)
(0,0,0)
(0,0,0)
(0,0,0)
(0,0,0)
(0,0,0)
(0,0,0)
(0,0,0)
(0,0,0)
(0,0,0)
(0,0,0)
(0,0,0)
(0,0,0)
(0,0,0)
(0,0,0)
(0,0,0)
(0,0,0)
(0,0,0)
(0,0,0)
(0,0,0)
(0,0,0)
(0,0,0)
(0,0,0)
(0,0,0)
(0,0,0)
(0,0,0)
(0,0,0)
(0,0,0)
(0,0,0)
(0,0,0)
(0,0,0)
(0,0,0)
(0,0,0)
(0,0,0)
(0,0,0)
(0,0,0)
(0,0,0)
(0,0,0)
(0,0,0)
(0,0,0)
(0,0,0)
(0,0,0)
(0,0,0)
(0,0,0)
(0,0,0)
(0,0,0)
(0,0,0)
(0,0,0)
(0,0,0)
(0,0,0)
(0,0,0)
(0,0,0)
(0,0,0)
(0,0,0)
(0,0,0)
(0,0,0)
(0,0,0)
(0,0,0)
(0,0,0)
(0,0,0)
(0,0,0)
(0,0,0)
(0,0,0)
(0,0,0)
(0,0,0)
(0,0,0)
(0,0,0)
(0,0,0)
(0,0,0)
(0,0,0)
(0,0,0)
(0,0,0)
(0,0,0)
(0,0,0)
(0,0,0)
(0,0,0)
(0,0,0)
(0,0,0)
(0,0,0)
(0,0,0)
(0,0,0)
(0,0,0)
(0,0,0)
(0,0,0)
(0,0,0)
(0,0,0)
(0,0,0)
(0,0,0)
(0,0,0)
(0,0,0)
(0,0,0)
(0,0,0)
(0,0,0)
(0,0,0)
(0,0,0)
(-26595.5377768834,-6.71374059935044,59.2051081741417)
(-26518.8286889231,24.9531761349656,81.46743369676)
(-26362.7259278349,106.206891943316,8.45890968636954)
(-26090.8130207995,283.201107036518,-274.056455311613)
(-25647.367509405,576.592474717531,-898.467553332856)
(-24671.1111952401,991.394239899706,-2058.21164101169)
(-22743.4534566395,1339.21019295928,-3734.54585851641)
(-19210.0983754364,1204.41837557756,-5410.7513496878)
(-14036.2962072985,822.376004113946,-6726.71653918462)
(-7425.45293964005,411.863354893485,-7492.65716073516)
(0,0,0)
(0,0,0)
(0,0,0)
(0,0,0)
(0,0,0)
(0,0,0)
(-26499.140196147,-94.1167995950612,99.1387943793578)
(-26453.6888985112,-36.651651473082,166.915154898943)
(-26378.1693967396,123.685029432141,157.734350722523)
(-26281.7836660021,493.624526151585,1.63137158578679)
(-26135.3940897178,1154.69450016754,-486.310235991443)
(-25636.1962093961,2207.57224709712,-1692.41895054054)
(-24096.426460502,3259.79537041777,-3849.83696488186)
(-20431.7448105939,2764.01827094901,-5771.58921090835)
(-14824.1564199902,1778.3621327306,-7142.68620481394)
(-7781.99309911731,844.064163858008,-7874.59569512948)
(0,0,0)
(0,0,0)
(0,0,0)
(0,0,0)
(0,0,0)
(0,0,0)
(-26344.8355537082,-327.548185920309,160.487773126413)
(-26347.8632872398,-260.916680863435,307.815778785651)
(-26441.8442433836,-65.2339292312775,469.678405179074)
(-26723.3804100353,445.303537413566,662.987806744367)
(-27258.7105225359,1523.01253636555,627.854651791022)
(-27833.3774523988,3574.62551547991,-552.773683186726)
(-27343.7211442096,6238.1014173343,-4288.73958896735)
(-23169.0253375866,4612.65898499356,-6693.99574803285)
(-16561.5152097551,2674.04156746577,-8038.82593013522)
(-8586.68998011656,1177.50309291401,-8647.69358806712)
(0,0,0)
(0,0,0)
(0,0,0)
(0,0,0)
(0,0,0)
(0,0,0)
(-25968.6189393172,-760.141209398677,226.487503613571)
(-26060.6313690789,-711.578748478293,499.785681478314)
(-26411.572264807,-531.097663053367,932.927111633075)
(-27200.9773265367,-45.1886062457681,1712.7709550916)
(-28790.098610837,1145.03995709415,2697.86582306352)
(-31398.7789987021,3906.77763948551,2190.68933833283)
(-33563.7659522311,9202.64946901187,-5808.46256514378)
(-27783.6169954093,5303.79109459865,-8546.81755408778)
(-19250.4847994304,2672.33629138569,-9499.21331201122)
(-9773.5876870811,1079.72347883936,-9804.12367914516)
(0,0,0)
(0,0,0)
(0,0,0)
(0,0,0)
(0,0,0)
(0,0,0)
(-25179.7720378403,-1436.70621711328,278.258764343158)
(-25365.088574527,-1432.79933664716,677.024425919094)
(-25950.4032159604,-1347.07839850338,1419.08202675633)
(-27235.5716679144,-1111.45318891864,2890.18427612744)
(-29971.3062447942,-572.317689507381,5450.42412418809)
(-35304.458976755,339.423594075117,7515.18682921208)
(-42735.5955261817,1182.8418880121,-9620.24176540056)
(-33077.4870159648,1051.04417735695,-11112.6486266334)
(-21912.0956255835,556.671879501625,-11049.6937003256)
(-10854.967472914,196.982243315045,-10870.88732602)
(0,0,0)
(0,0,0)
(0,0,0)
(0,0,0)
(0,0,0)
(0,0,0)
(-23733.0808652864,-2405.50522247205,336.28250922025)
(-23963.9278355421,-2432.20508885741,801.63807983667)
(-24682.2399433497,-2471.80514333719,1687.09662542687)
(-26220.0323670361,-2510.21541219146,3410.68029735227)
(-29477.7773057692,-2599.4231340594,6335.85655444067)
(-35695.9221729006,-2813.51246651658,8342.60734262035)
(-43907.1093425421,-2786.39295337917,-9695.34460671304)
(-34105.2687878626,-2534.53073819495,-11556.6457168736)
(-22444.9572709058,-1778.90466269034,-11377.2683063758)
(-11045.2818532776,-893.827016857335,-11067.7481162355)
(0,0,0)
(0,0,0)
(0,0,0)
(0,0,0)
(0,0,0)
(0,0,0)
(-21255.7741797758,-3593.09624581632,352.013429071574)
(-21524.0960818115,-3637.37118886379,824.959677385401)
(-22248.2198148892,-3793.31973314799,1685.54962831568)
(-23771.8540625005,-4116.00083855493,3320.77154284383)
(-26938.7227418728,-4987.56920282796,6129.39690736315)
(-32869.1732144471,-7270.34276985897,8384.92781861978)
(-41040.1821799979,-12070.3799461438,-9369.51389539523)
(-31514.3789827653,-7680.41665372792,-10760.5436450878)
(-20657.6676858552,-4451.31501537105,-10479.5358542802)
(-10137.6381725353,-2034.48688483286,-10166.9657881838)
(0,0,0)
(0,0,0)
(0,0,0)
(0,0,0)
(0,0,0)
(0,0,0)
(-17524.5500175491,-4906.76066124831,320.45539920598)
(-17798.6421741387,-4959.3203711507,735.607276635125)
(-18429.4830154792,-5149.94961772665,1388.96161967349)
(-19629.4410167831,-5561.85297606493,2438.48577202289)
(-21938.084010468,-6525.61234117291,3797.08686468766)
(-25548.5967494387,-8360.68153405769,3526.24332080374)
(-28887.0706403459,-10656.7788779729,-4960.99123747941)
(-23776.9579464639,-8328.14409309599,-7535.31193867788)
(-16206.5273340685,-5366.64591398742,-8084.17030533701)
(-8100.73566378444,-2578.49973154013,-8122.77631580031)
(0,0,0)
(0,0,0)
(0,0,0)
(0,0,0)
(0,0,0)
(0,0,0)
(-12635.6502124595,-6028.85582787462,233.688285614865)
(-12851.4403607677,-6096.47467988414,516.21150155696)
(-13295.9524041721,-6289.31798432291,918.501208237431)
(-14045.9821414821,-6710.59510720817,1477.39494444476)
(-15441.656383985,-7514.35785923399,1943.23192166203)
(-17279.7931685792,-8665.06562956948,1182.5623993895)
(-18343.2174639474,-9510.5746330773,-2644.55049627099)
(-15560.351936592,-7981.82428841589,-4600.53693344691)
(-10895.4607619813,-5474.67780336195,-5342.43058618155)
(-5534.50438505662,-2737.0994060598,-5573.68573024964)
(0,0,0)
(0,0,0)
(0,0,0)
(0,0,0)
(0,0,0)
(0,0,0)
(-6643.85753557369,-6671.37044744604,126.868295133658)
(-6763.90382835975,-6752.87954079966,266.210112423609)
(-7005.73385657132,-6940.58204971999,449.533447398933)
(-7362.81950270458,-7347.1210585985,681.116844881181)
(-8012.74275709327,-7991.37754763883,789.309015656096)
(-8727.57561868497,-8713.48808382615,309.580060215247)
(-8947.27716056107,-8947.30390938091,-1168.98195366671)
(-7667.38831689708,-7663.69663972055,-2145.19247063193)
(-5431.79781392482,-5423.61407482661,-2615.28385625187)
(-2769.80418428272,-2779.66455709481,-2802.80043918582)
(0,0,0)
(0,0,0)
(0,0,0)
(0,0,0)
(0,0,0)
(0,0,0)
(0,0,0)
(0,0,0)
(0,0,0)
(0,0,0)
(0,0,0)
(0,0,0)
(0,0,0)
(0,0,0)
(0,0,0)
(0,0,0)
(0,0,0)
(0,0,0)
(0,0,0)
(0,0,0)
(0,0,0)
(0,0,0)
(0,0,0)
(0,0,0)
(0,0,0)
(0,0,0)
(0,0,0)
(0,0,0)
(0,0,0)
(0,0,0)
(0,0,0)
(0,0,0)
(0,0,0)
(0,0,0)
(0,0,0)
(0,0,0)
(0,0,0)
(0,0,0)
(0,0,0)
(0,0,0)
(0,0,0)
(0,0,0)
(0,0,0)
(0,0,0)
(0,0,0)
(0,0,0)
(0,0,0)
(0,0,0)
(0,0,0)
(0,0,0)
(0,0,0)
(0,0,0)
(0,0,0)
(0,0,0)
(0,0,0)
(0,0,0)
(0,0,0)
(0,0,0)
(0,0,0)
(0,0,0)
(0,0,0)
(0,0,0)
(0,0,0)
(0,0,0)
(0,0,0)
(0,0,0)
(0,0,0)
(0,0,0)
(0,0,0)
(0,0,0)
(0,0,0)
(0,0,0)
(0,0,0)
(0,0,0)
(0,0,0)
(0,0,0)
(0,0,0)
(0,0,0)
(0,0,0)
(0,0,0)
(0,0,0)
(0,0,0)
(0,0,0)
(0,0,0)
(0,0,0)
(0,0,0)
(0,0,0)
(0,0,0)
(0,0,0)
(0,0,0)
(0,0,0)
(0,0,0)
(0,0,0)
(0,0,0)
(0,0,0)
(0,0,0)
(0,0,0)
(0,0,0)
(0,0,0)
(0,0,0)
(0,0,0)
(0,0,0)
(0,0,0)
(0,0,0)
(0,0,0)
(0,0,0)
(0,0,0)
(0,0,0)
(0,0,0)
(0,0,0)
(0,0,0)
(0,0,0)
(0,0,0)
(0,0,0)
(0,0,0)
(0,0,0)
(0,0,0)
(0,0,0)
(0,0,0)
(0,0,0)
(0,0,0)
(0,0,0)
(0,0,0)
(0,0,0)
(0,0,0)
(0,0,0)
(0,0,0)
(0,0,0)
(0,0,0)
(0,0,0)
(0,0,0)
(0,0,0)
(0,0,0)
(0,0,0)
(0,0,0)
(0,0,0)
(0,0,0)
(0,0,0)
(0,0,0)
(0,0,0)
(0,0,0)
(0,0,0)
(0,0,0)
(0,0,0)
(0,0,0)
(0,0,0)
(0,0,0)
(0,0,0)
(0,0,0)
(0,0,0)
(0,0,0)
(0,0,0)
(0,0,0)
(0,0,0)
(0,0,0)
(0,0,0)
(0,0,0)
(0,0,0)
(0,0,0)
(0,0,0)
(0,0,0)
(0,0,0)
(0,0,0)
(0,0,0)
(0,0,0)
(0,0,0)
(0,0,0)
(0,0,0)
(0,0,0)
(0,0,0)
(0,0,0)
(0,0,0)
(0,0,0)
(0,0,0)
(0,0,0)
(0,0,0)
(0,0,0)
(0,0,0)
(0,0,0)
(0,0,0)
(0,0,0)
(0,0,0)
(0,0,0)
(0,0,0)
(0,0,0)
(0,0,0)
(0,0,0)
(0,0,0)
(0,0,0)
(0,0,0)
(0,0,0)
(0,0,0)
(0,0,0)
(0,0,0)
(0,0,0)
(0,0,0)
(0,0,0)
(0,0,0)
(0,0,0)
(0,0,0)
(0,0,0)
(0,0,0)
(0,0,0)
(0,0,0)
(0,0,0)
(0,0,0)
(0,0,0)
(0,0,0)
(0,0,0)
(0,0,0)
(0,0,0)
(0,0,0)
(0,0,0)
(0,0,0)
(0,0,0)
(0,0,0)
(0,0,0)
(0,0,0)
(0,0,0)
(0,0,0)
(0,0,0)
(0,0,0)
(0,0,0)
(0,0,0)
(0,0,0)
(0,0,0)
(0,0,0)
(0,0,0)
(0,0,0)
(0,0,0)
(0,0,0)
(0,0,0)
(0,0,0)
(0,0,0)
(0,0,0)
(0,0,0)
(0,0,0)
(0,0,0)
(0,0,0)
(0,0,0)
(0,0,0)
(0,0,0)
(0,0,0)
(0,0,0)
(0,0,0)
(0,0,0)
(0,0,0)
(0,0,0)
(0,0,0)
(0,0,0)
(0,0,0)
(0,0,0)
(0,0,0)
(0,0,0)
(0,0,0)
(0,0,0)
(0,0,0)
(0,0,0)
(0,0,0)
(0,0,0)
(0,0,0)
(0,0,0)
(0,0,0)
(0,0,0)
(0,0,0)
(0,0,0)
(0,0,0)
(0,0,0)
(0,0,0)
(0,0,0)
(0,0,0)
(0,0,0)
(0,0,0)
(0,0,0)
(0,0,0)
(0,0,0)
(0,0,0)
(0,0,0)
(0,0,0)
(0,0,0)
(0,0,0)
(0,0,0)
(0,0,0)
(0,0,0)
(0,0,0)
(0,0,0)
(0,0,0)
(0,0,0)
(0,0,0)
(0,0,0)
(0,0,0)
(0,0,0)
(0,0,0)
(0,0,0)
(0,0,0)
(0,0,0)
(0,0,0)
(0,0,0)
(0,0,0)
(0,0,0)
(0,0,0)
(0,0,0)
(0,0,0)
(0,0,0)
(0,0,0)
(0,0,0)
(0,0,0)
(0,0,0)
(0,0,0)
(0,0,0)
(0,0,0)
(0,0,0)
(0,0,0)
(0,0,0)
(0,0,0)
(0,0,0)
(0,0,0)
(0,0,0)
(0,0,0)
(0,0,0)
(0,0,0)
(0,0,0)
(0,0,0)
(0,0,0)
(0,0,0)
(0,0,0)
(0,0,0)
(0,0,0)
(0,0,0)
(0,0,0)
(0,0,0)
(0,0,0)
(0,0,0)
(0,0,0)
(0,0,0)
(0,0,0)
(0,0,0)
(0,0,0)
(0,0,0)
(0,0,0)
(0,0,0)
(0,0,0)
(0,0,0)
(0,0,0)
(0,0,0)
(0,0,0)
(0,0,0)
(0,0,0)
(0,0,0)
(0,0,0)
(0,0,0)
(0,0,0)
(0,0,0)
(0,0,0)
(0,0,0)
(0,0,0)
(0,0,0)
(0,0,0)
(0,0,0)
(0,0,0)
(0,0,0)
(0,0,0)
(0,0,0)
(0,0,0)
(0,0,0)
(0,0,0)
(0,0,0)
(0,0,0)
(0,0,0)
(0,0,0)
(0,0,0)
(0,0,0)
(0,0,0)
(0,0,0)
(0,0,0)
(0,0,0)
(0,0,0)
(0,0,0)
(0,0,0)
(0,0,0)
(0,0,0)
(0,0,0)
(0,0,0)
(0,0,0)
(0,0,0)
(0,0,0)
(0,0,0)
(0,0,0)
(0,0,0)
(0,0,0)
(0,0,0)
(0,0,0)
(0,0,0)
(0,0,0)
(0,0,0)
(0,0,0)
(0,0,0)
(0,0,0)
(0,0,0)
(0,0,0)
(0,0,0)
(0,0,0)
(0,0,0)
(0,0,0)
(0,0,0)
(0,0,0)
(0,0,0)
(0,0,0)
(0,0,0)
(0,0,0)
(0,0,0)
(0,0,0)
(0,0,0)
(0,0,0)
(0,0,0)
(0,0,0)
(0,0,0)
(0,0,0)
(0,0,0)
(0,0,0)
(0,0,0)
(0,0,0)
(0,0,0)
(0,0,0)
(0,0,0)
(0,0,0)
(0,0,0)
(0,0,0)
(0,0,0)
(0,0,0)
(0,0,0)
(0,0,0)
(0,0,0)
(0,0,0)
(0,0,0)
(0,0,0)
(0,0,0)
(0,0,0)
(0,0,0)
(0,0,0)
(0,0,0)
(0,0,0)
(0,0,0)
(0,0,0)
(0,0,0)
(0,0,0)
(0,0,0)
(0,0,0)
(0,0,0)
(0,0,0)
(0,0,0)
(0,0,0)
(0,0,0)
(0,0,0)
(0,0,0)
(0,0,0)
(0,0,0)
(0,0,0)
(0,0,0)
(0,0,0)
(0,0,0)
(0,0,0)
(0,0,0)
(0,0,0)
(0,0,0)
(0,0,0)
(0,0,0)
(0,0,0)
(0,0,0)
(0,0,0)
(0,0,0)
(0,0,0)
(0,0,0)
(0,0,0)
(0,0,0)
(0,0,0)
(0,0,0)
(0,0,0)
(0,0,0)
(0,0,0)
(0,0,0)
(0,0,0)
(0,0,0)
(0,0,0)
(0,0,0)
(0,0,0)
(0,0,0)
(0,0,0)
(0,0,0)
(0,0,0)
(0,0,0)
(0,0,0)
(0,0,0)
(0,0,0)
(0,0,0)
(0,0,0)
(0,0,0)
(0,0,0)
(0,0,0)
(0,0,0)
(0,0,0)
(0,0,0)
(0,0,0)
(0,0,0)
(0,0,0)
(0,0,0)
(0,0,0)
(0,0,0)
(0,0,0)
(0,0,0)
(0,0,0)
(0,0,0)
(0,0,0)
(0,0,0)
(0,0,0)
(0,0,0)
(0,0,0)
(0,0,0)
(0,0,0)
(0,0,0)
(0,0,0)
(0,0,0)
(0,0,0)
(0,0,0)
(0,0,0)
(0,0,0)
(0,0,0)
(0,0,0)
(0,0,0)
(0,0,0)
(0,0,0)
(0,0,0)
(0,0,0)
(0,0,0)
(0,0,0)
(0,0,0)
(0,0,0)
(0,0,0)
(0,0,0)
(0,0,0)
(0,0,0)
(0,0,0)
(0,0,0)
(0,0,0)
(0,0,0)
(0,0,0)
(0,0,0)
(0,0,0)
(0,0,0)
(0,0,0)
(0,0,0)
(0,0,0)
(0,0,0)
(0,0,0)
(0,0,0)
(0,0,0)
(0,0,0)
(0,0,0)
(0,0,0)
(0,0,0)
(0,0,0)
(0,0,0)
(0,0,0)
(0,0,0)
(0,0,0)
(0,0,0)
(0,0,0)
(0,0,0)
(0,0,0)
(0,0,0)
(0,0,0)
(0,0,0)
(0,0,0)
(0,0,0)
(0,0,0)
(0,0,0)
(0,0,0)
(0,0,0)
(0,0,0)
(0,0,0)
(0,0,0)
(0,0,0)
(0,0,0)
(0,0,0)
(0,0,0)
(0,0,0)
(0,0,0)
(0,0,0)
(0,0,0)
(0,0,0)
(0,0,0)
(0,0,0)
(0,0,0)
(0,0,0)
(0,0,0)
(0,0,0)
(0,0,0)
(0,0,0)
(0,0,0)
(0,0,0)
(0,0,0)
(0,0,0)
(0,0,0)
(0,0,0)
(0,0,0)
(0,0,0)
(0,0,0)
(0,0,0)
(0,0,0)
(0,0,0)
(0,0,0)
(0,0,0)
(0,0,0)
(0,0,0)
(0,0,0)
(0,0,0)
(0,0,0)
(0,0,0)
(0,0,0)
(0,0,0)
(0,0,0)
(0,0,0)
(0,0,0)
(0,0,0)
(0,0,0)
(0,0,0)
(0,0,0)
(0,0,0)
(0,0,0)
(0,0,0)
(0,0,0)
(0,0,0)
(0,0,0)
(0,0,0)
(0,0,0)
(0,0,0)
(0,0,0)
(0,0,0)
(0,0,0)
(0,0,0)
(0,0,0)
(0,0,0)
(0,0,0)
(0,0,0)
(0,0,0)
(0,0,0)
(0,0,0)
(0,0,0)
(0,0,0)
(0,0,0)
(0,0,0)
(0,0,0)
(0,0,0)
(0,0,0)
(0,0,0)
(0,0,0)
(0,0,0)
(0,0,0)
(0,0,0)
(0,0,0)
(0,0,0)
(0,0,0)
(0,0,0)
(0,0,0)
(0,0,0)
(0,0,0)
(0,0,0)
(0,0,0)
(0,0,0)
(0,0,0)
(0,0,0)
(0,0,0)
(0,0,0)
(0,0,0)
(0,0,0)
(0,0,0)
(0,0,0)
(0,0,0)
(0,0,0)
(0,0,0)
(0,0,0)
(0,0,0)
(0,0,0)
(0,0,0)
(0,0,0)
(0,0,0)
(0,0,0)
(0,0,0)
(0,0,0)
(0,0,0)
(0,0,0)
(0,0,0)
(0,0,0)
(0,0,0)
(0,0,0)
(0,0,0)
(0,0,0)
(0,0,0)
(0,0,0)
(0,0,0)
(0,0,0)
(0,0,0)
(0,0,0)
(0,0,0)
(0,0,0)
(0,0,0)
(0,0,0)
(0,0,0)
(0,0,0)
(0,0,0)
(0,0,0)
(0,0,0)
(0,0,0)
(0,0,0)
(0,0,0)
(0,0,0)
(0,0,0)
(0,0,0)
(0,0,0)
(0,0,0)
(0,0,0)
(0,0,0)
(0,0,0)
(0,0,0)
(0,0,0)
(0,0,0)
(0,0,0)
(0,0,0)
(0,0,0)
(0,0,0)
(0,0,0)
(0,0,0)
(0,0,0)
(0,0,0)
(0,0,0)
(0,0,0)
(0,0,0)
(0,0,0)
(0,0,0)
(0,0,0)
(0,0,0)
(0,0,0)
(0,0,0)
(0,0,0)
(0,0,0)
(0,0,0)
(0,0,0)
(0,0,0)
(0,0,0)
(0,0,0)
(0,0,0)
(0,0,0)
(0,0,0)
(0,0,0)
(0,0,0)
(0,0,0)
(0,0,0)
(0,0,0)
(0,0,0)
(0,0,0)
(0,0,0)
(0,0,0)
(0,0,0)
(0,0,0)
(0,0,0)
(0,0,0)
(0,0,0)
(0,0,0)
(0,0,0)
(0,0,0)
(0,0,0)
(0,0,0)
(0,0,0)
(0,0,0)
(0,0,0)
(0,0,0)
(0,0,0)
(0,0,0)
(0,0,0)
(0,0,0)
(0,0,0)
(0,0,0)
(0,0,0)
(0,0,0)
(0,0,0)
(0,0,0)
(0,0,0)
(0,0,0)
(0,0,0)
(0,0,0)
(0,0,0)
(0,0,0)
(0,0,0)
(0,0,0)
(0,0,0)
(0,0,0)
(0,0,0)
(0,0,0)
(0,0,0)
(0,0,0)
(0,0,0)
(0,0,0)
(0,0,0)
(0,0,0)
(0,0,0)
(0,0,0)
(0,0,0)
(0,0,0)
(0,0,0)
(0,0,0)
(0,0,0)
(0,0,0)
(0,0,0)
(0,0,0)
(0,0,0)
(0,0,0)
(0,0,0)
(0,0,0)
(0,0,0)
)
;

boundaryField
{
    fuel
    {
        type            fixedValue;
        value           uniform (0.1 0 0);
    }
    air
    {
        type            fixedValue;
        value           uniform (-0.1 0 0);
    }
    outlet
    {
        type            zeroGradient;
    }
    frontAndBack
    {
        type            empty;
    }
}


// ************************************************************************* //
 