/*--------------------------------*- C++ -*----------------------------------*\
| =========                 |                                                 |
| \\      /  F ield         | foam-extend: Open Source Cstd::filesystem::create_directory();FD                    |
|  \\    /   O peration     | Version:     4.0                                |
|   \\  /    A nd           | Web:         http://www.foam-extend.org         |
|    \\/     M anipulation  |                                                 |
\*---------------------------------------------------------------------------*/
FoamFile
{
    version 2.0;
    format ascii;
    class volVectorField;
    location "Data/2481";
    object      H;
}
// * * * * * * * * * * * * * * * * * * * * * * * * * * * * * * * * * * * * * //

dimensions      [0 1 -1 0 0 0 0];

internalField   nonuniform List<vector>
4096
(
(0,0,0)
(0,0,0)
(0,0,0)
(0,0,0)
(0,0,0)
(0,0,0)
(0,0,0)
(0,0,0)
(0,0,0)
(0,0,0)
(0,0,0)
(0,0,0)
(0,0,0)
(0,0,0)
(0,0,0)
(0,0,0)
(0,0,0)
(0,0,0)
(0,0,0)
(0,0,0)
(0,0,0)
(0,0,0)
(0,0,0)
(0,0,0)
(0,0,0)
(0,0,0)
(0,0,0)
(0,0,0)
(0,0,0)
(0,0,0)
(0,0,0)
(0,0,0)
(0,0,0)
(0,0,0)
(0,0,0)
(0,0,0)
(0,0,0)
(0,0,0)
(0,0,0)
(0,0,0)
(0,0,0)
(0,0,0)
(0,0,0)
(0,0,0)
(0,0,0)
(0,0,0)
(0,0,0)
(0,0,0)
(0,0,0)
(0,0,0)
(0,0,0)
(0,0,0)
(0,0,0)
(0,0,0)
(0,0,0)
(0,0,0)
(0,0,0)
(0,0,0)
(0,0,0)
(0,0,0)
(0,0,0)
(0,0,0)
(0,0,0)
(0,0,0)
(0,0,0)
(0,0,0)
(0,0,0)
(0,0,0)
(0,0,0)
(0,0,0)
(0,0,0)
(0,0,0)
(0,0,0)
(0,0,0)
(0,0,0)
(0,0,0)
(0,0,0)
(0,0,0)
(0,0,0)
(0,0,0)
(0,0,0)
(0,0,0)
(0,0,0)
(0,0,0)
(0,0,0)
(0,0,0)
(0,0,0)
(0,0,0)
(0,0,0)
(0,0,0)
(0,0,0)
(0,0,0)
(0,0,0)
(0,0,0)
(0,0,0)
(0,0,0)
(0,0,0)
(0,0,0)
(0,0,0)
(0,0,0)
(0,0,0)
(0,0,0)
(0,0,0)
(0,0,0)
(0,0,0)
(0,0,0)
(0,0,0)
(0,0,0)
(0,0,0)
(0,0,0)
(0,0,0)
(0,0,0)
(0,0,0)
(0,0,0)
(0,0,0)
(0,0,0)
(0,0,0)
(0,0,0)
(0,0,0)
(0,0,0)
(0,0,0)
(0,0,0)
(0,0,0)
(0,0,0)
(0,0,0)
(0,0,0)
(0,0,0)
(0,0,0)
(0,0,0)
(0,0,0)
(0,0,0)
(0,0,0)
(0,0,0)
(0,0,0)
(0,0,0)
(0,0,0)
(0,0,0)
(0,0,0)
(0,0,0)
(0,0,0)
(0,0,0)
(0,0,0)
(0,0,0)
(0,0,0)
(0,0,0)
(0,0,0)
(0,0,0)
(0,0,0)
(0,0,0)
(0,0,0)
(0,0,0)
(0,0,0)
(0,0,0)
(0,0,0)
(0,0,0)
(0,0,0)
(0,0,0)
(0,0,0)
(0,0,0)
(0,0,0)
(0,0,0)
(0,0,0)
(0,0,0)
(0,0,0)
(0,0,0)
(0,0,0)
(0,0,0)
(0,0,0)
(0,0,0)
(0,0,0)
(0,0,0)
(0,0,0)
(0,0,0)
(0,0,0)
(0,0,0)
(0,0,0)
(0,0,0)
(0,0,0)
(0,0,0)
(0,0,0)
(0,0,0)
(0,0,0)
(0,0,0)
(0,0,0)
(0,0,0)
(0,0,0)
(0,0,0)
(0,0,0)
(0,0,0)
(0,0,0)
(0,0,0)
(0,0,0)
(0,0,0)
(0,0,0)
(0,0,0)
(0,0,0)
(0,0,0)
(0,0,0)
(0,0,0)
(0,0,0)
(0,0,0)
(0,0,0)
(0,0,0)
(0,0,0)
(0,0,0)
(0,0,0)
(0,0,0)
(0,0,0)
(0,0,0)
(0,0,0)
(0,0,0)
(0,0,0)
(0,0,0)
(0,0,0)
(0,0,0)
(0,0,0)
(0,0,0)
(0,0,0)
(0,0,0)
(0,0,0)
(0,0,0)
(0,0,0)
(0,0,0)
(0,0,0)
(0,0,0)
(0,0,0)
(0,0,0)
(0,0,0)
(0,0,0)
(0,0,0)
(0,0,0)
(0,0,0)
(0,0,0)
(0,0,0)
(0,0,0)
(0,0,0)
(0,0,0)
(0,0,0)
(0,0,0)
(0,0,0)
(0,0,0)
(0,0,0)
(0,0,0)
(0,0,0)
(0,0,0)
(0,0,0)
(0,0,0)
(0,0,0)
(0,0,0)
(0,0,0)
(0,0,0)
(0,0,0)
(0,0,0)
(0,0,0)
(0,0,0)
(0,0,0)
(0,0,0)
(0,0,0)
(0,0,0)
(0,0,0)
(0,0,0)
(0,0,0)
(0,0,0)
(0,0,0)
(0,0,0)
(0,0,0)
(0,0,0)
(0,0,0)
(0,0,0)
(0,0,0)
(0,0,0)
(0,0,0)
(0,0,0)
(0,0,0)
(0,0,0)
(0,0,0)
(0,0,0)
(0,0,0)
(0,0,0)
(0,0,0)
(0,0,0)
(0,0,0)
(0,0,0)
(0,0,0)
(0,0,0)
(0,0,0)
(0,0,0)
(0,0,0)
(0,0,0)
(0,0,0)
(0,0,0)
(0,0,0)
(0,0,0)
(0,0,0)
(0,0,0)
(0,0,0)
(0,0,0)
(0,0,0)
(0,0,0)
(0,0,0)
(0,0,0)
(0,0,0)
(0,0,0)
(0,0,0)
(0,0,0)
(0,0,0)
(0,0,0)
(0,0,0)
(0,0,0)
(0,0,0)
(0,0,0)
(0,0,0)
(0,0,0)
(0,0,0)
(0,0,0)
(0,0,0)
(0,0,0)
(0,0,0)
(0,0,0)
(0,0,0)
(0,0,0)
(0,0,0)
(0,0,0)
(0,0,0)
(0,0,0)
(0,0,0)
(0,0,0)
(0,0,0)
(0,0,0)
(0,0,0)
(0,0,0)
(0,0,0)
(0,0,0)
(0,0,0)
(0,0,0)
(0,0,0)
(0,0,0)
(0,0,0)
(0,0,0)
(0,0,0)
(0,0,0)
(0,0,0)
(0,0,0)
(0,0,0)
(0,0,0)
(0,0,0)
(0,0,0)
(0,0,0)
(0,0,0)
(0,0,0)
(0,0,0)
(0,0,0)
(0,0,0)
(0,0,0)
(0,0,0)
(0,0,0)
(0,0,0)
(0,0,0)
(0,0,0)
(0,0,0)
(0,0,0)
(0,0,0)
(0,0,0)
(0,0,0)
(0,0,0)
(0,0,0)
(0,0,0)
(0,0,0)
(0,0,0)
(0,0,0)
(0,0,0)
(0,0,0)
(0,0,0)
(0,0,0)
(0,0,0)
(0,0,0)
(0,0,0)
(0,0,0)
(0,0,0)
(0,0,0)
(0,0,0)
(0,0,0)
(0,0,0)
(0,0,0)
(0,0,0)
(0,0,0)
(0,0,0)
(0,0,0)
(0,0,0)
(0,0,0)
(0,0,0)
(0,0,0)
(0,0,0)
(0,0,0)
(0,0,0)
(0,0,0)
(0,0,0)
(0,0,0)
(0,0,0)
(0,0,0)
(0,0,0)
(0,0,0)
(0,0,0)
(0,0,0)
(0,0,0)
(0,0,0)
(0,0,0)
(0,0,0)
(0,0,0)
(0,0,0)
(0,0,0)
(0,0,0)
(0,0,0)
(0,0,0)
(0,0,0)
(0,0,0)
(0,0,0)
(0,0,0)
(0,0,0)
(0,0,0)
(0,0,0)
(0,0,0)
(0,0,0)
(0,0,0)
(0,0,0)
(0,0,0)
(0,0,0)
(0,0,0)
(0,0,0)
(0,0,0)
(0,0,0)
(0,0,0)
(0,0,0)
(0,0,0)
(0,0,0)
(0,0,0)
(0,0,0)
(0,0,0)
(0,0,0)
(0,0,0)
(0,0,0)
(0,0,0)
(0,0,0)
(0,0,0)
(0,0,0)
(0,0,0)
(0,0,0)
(0,0,0)
(0,0,0)
(0,0,0)
(0,0,0)
(0,0,0)
(0,0,0)
(0,0,0)
(0,0,0)
(0,0,0)
(0,0,0)
(0,0,0)
(0,0,0)
(0,0,0)
(0,0,0)
(0,0,0)
(0,0,0)
(0,0,0)
(0,0,0)
(0,0,0)
(0,0,0)
(0,0,0)
(0,0,0)
(0,0,0)
(0,0,0)
(0,0,0)
(0,0,0)
(0,0,0)
(0,0,0)
(0,0,0)
(0,0,0)
(0,0,0)
(0,0,0)
(0,0,0)
(0,0,0)
(0,0,0)
(0,0,0)
(0,0,0)
(0,0,0)
(0,0,0)
(0,0,0)
(0,0,0)
(0,0,0)
(0,0,0)
(0,0,0)
(0,0,0)
(0,0,0)
(0,0,0)
(0,0,0)
(0,0,0)
(0,0,0)
(0,0,0)
(0,0,0)
(0,0,0)
(0,0,0)
(0,0,0)
(0,0,0)
(0,0,0)
(0,0,0)
(0,0,0)
(0,0,0)
(0,0,0)
(0,0,0)
(0,0,0)
(0,0,0)
(0,0,0)
(0,0,0)
(0,0,0)
(0,0,0)
(0,0,0)
(0,0,0)
(0,0,0)
(0,0,0)
(0,0,0)
(0,0,0)
(0,0,0)
(0,0,0)
(0,0,0)
(0,0,0)
(0,0,0)
(0,0,0)
(0,0,0)
(0,0,0)
(0,0,0)
(0,0,0)
(0,0,0)
(0,0,0)
(0,0,0)
(0,0,0)
(0,0,0)
(0,0,0)
(0,0,0)
(0,0,0)
(0,0,0)
(0,0,0)
(0,0,0)
(0,0,0)
(0,0,0)
(0,0,0)
(0,0,0)
(0,0,0)
(0,0,0)
(0,0,0)
(0,0,0)
(0,0,0)
(0,0,0)
(0,0,0)
(0,0,0)
(0,0,0)
(0,0,0)
(0,0,0)
(0,0,0)
(0,0,0)
(0,0,0)
(0,0,0)
(0,0,0)
(0,0,0)
(0,0,0)
(0,0,0)
(0,0,0)
(0,0,0)
(0,0,0)
(0,0,0)
(0,0,0)
(0,0,0)
(0,0,0)
(0,0,0)
(0,0,0)
(0,0,0)
(0,0,0)
(0,0,0)
(0,0,0)
(0,0,0)
(0,0,0)
(0,0,0)
(0,0,0)
(0,0,0)
(0,0,0)
(0,0,0)
(0,0,0)
(0,0,0)
(0,0,0)
(0,0,0)
(0,0,0)
(0,0,0)
(0,0,0)
(0,0,0)
(0,0,0)
(0,0,0)
(0,0,0)
(0,0,0)
(0,0,0)
(0,0,0)
(0,0,0)
(0,0,0)
(0,0,0)
(0,0,0)
(0,0,0)
(0,0,0)
(0,0,0)
(0,0,0)
(0,0,0)
(0,0,0)
(0,0,0)
(0,0,0)
(0,0,0)
(0,0,0)
(0,0,0)
(0,0,0)
(0,0,0)
(0,0,0)
(0,0,0)
(0,0,0)
(0,0,0)
(0,0,0)
(0,0,0)
(0,0,0)
(0,0,0)
(0,0,0)
(0,0,0)
(0,0,0)
(0,0,0)
(0,0,0)
(0,0,0)
(0,0,0)
(0,0,0)
(0,0,0)
(0,0,0)
(0,0,0)
(0,0,0)
(0,0,0)
(0,0,0)
(0,0,0)
(0,0,0)
(0,0,0)
(0,0,0)
(0,0,0)
(0,0,0)
(0,0,0)
(0,0,0)
(0,0,0)
(0,0,0)
(0,0,0)
(0,0,0)
(0,0,0)
(0,0,0)
(0,0,0)
(0,0,0)
(0,0,0)
(0,0,0)
(0,0,0)
(0,0,0)
(0,0,0)
(0,0,0)
(0,0,0)
(0,0,0)
(0,0,0)
(0,0,0)
(0,0,0)
(0,0,0)
(0,0,0)
(0,0,0)
(0,0,0)
(0,0,0)
(0,0,0)
(0,0,0)
(0,0,0)
(0,0,0)
(0,0,0)
(0,0,0)
(0,0,0)
(0,0,0)
(0,0,0)
(0,0,0)
(0,0,0)
(0,0,0)
(0,0,0)
(0,0,0)
(0,0,0)
(0,0,0)
(0,0,0)
(0,0,0)
(0,0,0)
(0,0,0)
(0,0,0)
(0,0,0)
(0,0,0)
(0,0,0)
(0,0,0)
(0,0,0)
(0,0,0)
(0,0,0)
(0,0,0)
(0,0,0)
(0,0,0)
(0,0,0)
(0,0,0)
(0,0,0)
(0,0,0)
(0,0,0)
(0,0,0)
(0,0,0)
(0,0,0)
(0,0,0)
(0,0,0)
(0,0,0)
(0,0,0)
(0,0,0)
(0,0,0)
(0,0,0)
(0,0,0)
(0,0,0)
(0,0,0)
(0,0,0)
(0,0,0)
(0,0,0)
(0,0,0)
(0,0,0)
(0,0,0)
(0,0,0)
(0,0,0)
(0,0,0)
(0,0,0)
(0,0,0)
(0,0,0)
(0,0,0)
(0,0,0)
(0,0,0)
(0,0,0)
(0,0,0)
(0,0,0)
(0,0,0)
(0,0,0)
(0,0,0)
(0,0,0)
(0,0,0)
(0,0,0)
(0,0,0)
(0,0,0)
(0,0,0)
(0,0,0)
(0,0,0)
(0,0,0)
(0,0,0)
(0,0,0)
(0,0,0)
(0,0,0)
(0,0,0)
(0,0,0)
(0,0,0)
(0,0,0)
(0,0,0)
(0,0,0)
(0,0,0)
(0,0,0)
(0,0,0)
(0,0,0)
(0,0,0)
(0,0,0)
(0,0,0)
(0,0,0)
(0,0,0)
(0,0,0)
(0,0,0)
(0,0,0)
(0,0,0)
(0,0,0)
(0,0,0)
(0,0,0)
(0,0,0)
(0,0,0)
(0,0,0)
(0,0,0)
(0,0,0)
(0,0,0)
(0,0,0)
(0,0,0)
(0,0,0)
(0,0,0)
(0,0,0)
(0,0,0)
(0,0,0)
(0,0,0)
(0,0,0)
(0,0,0)
(0,0,0)
(0,0,0)
(0,0,0)
(0,0,0)
(0,0,0)
(0,0,0)
(0,0,0)
(0,0,0)
(0,0,0)
(0,0,0)
(0,0,0)
(0,0,0)
(0,0,0)
(0,0,0)
(0,0,0)
(0,0,0)
(0,0,0)
(0,0,0)
(0,0,0)
(0,0,0)
(0,0,0)
(0,0,0)
(0,0,0)
(0,0,0)
(0,0,0)
(0,0,0)
(0,0,0)
(0,0,0)
(6.39180810016918e-13,8.39207787224849e-12,-9.97679634004167e-12)
(9.1227801748727e-13,1.86263037443715e-11,-9.98680051822353e-12)
(9.69817751942911e-13,3.21760759211244e-11,-9.3319228197298e-12)
(9.63228356692142e-13,5.06683108561574e-11,-7.75776764856486e-12)
(-1.99582229315322e-13,7.84682916802656e-11,-5.63683035197308e-12)
(-2.79002989099701e-12,1.22213235635468e-10,-3.57375593300376e-12)
(-6.3256383336244e-12,1.92693403091544e-10,-1.58078391732071e-12)
(-7.89066449850888e-12,3.11167061913951e-10,-6.56106119797987e-13)
(-8.42709280722654e-12,5.08492551619043e-10,1.72542495549788e-13)
(-8.7258426855842e-12,7.83215557748882e-10,4.31090007497072e-13)
(0,0,0)
(0,0,0)
(0,0,0)
(0,0,0)
(0,0,0)
(0,0,0)
(2.70439210057133e-13,8.12714886657581e-12,-2.08386509151865e-11)
(1.06741441120199e-12,1.78669597776113e-11,-2.10862406939687e-11)
(2.21978640807826e-12,3.12266685136848e-11,-2.01589827917922e-11)
(1.75072109900197e-12,4.9233037946629e-11,-1.74674239671955e-11)
(-2.2397372494894e-13,7.66997781819705e-11,-1.36779665040181e-11)
(-4.6188196752635e-12,1.20232480529093e-10,-9.50795109939029e-12)
(-1.02289382021073e-11,1.91413695999551e-10,-5.7088395072174e-12)
(-1.38658517871834e-11,3.10306405420088e-10,-3.31672035025152e-12)
(-1.56845848869976e-11,5.08007951041289e-10,-1.33921880523186e-12)
(-1.54157352853759e-11,7.83257865254434e-10,-4.58173941667799e-13)
(0,0,0)
(0,0,0)
(0,0,0)
(0,0,0)
(0,0,0)
(0,0,0)
(9.4688953546602e-13,7.51148958225071e-12,-3.44672134496007e-11)
(2.45328199093988e-12,1.63556813806995e-11,-3.40057674816985e-11)
(3.67762371282752e-12,2.8996054063408e-11,-3.24213953819362e-11)
(3.21796714261811e-12,4.61177801999214e-11,-2.88753517670282e-11)
(6.9177422778225e-13,7.2954689664229e-11,-2.35432546433608e-11)
(-4.51317814599606e-12,1.16396027404468e-10,-1.75473912975566e-11)
(-1.02482213254722e-11,1.88828780600879e-10,-1.22459610774159e-11)
(-1.47125336850036e-11,3.08897375825628e-10,-8.16050251249232e-12)
(-1.87023995048533e-11,5.07182918469248e-10,-4.74869457458015e-12)
(-1.91789859479975e-11,7.82831441399525e-10,-2.36030774286224e-12)
(0,0,0)
(0,0,0)
(0,0,0)
(0,0,0)
(0,0,0)
(0,0,0)
(2.56799147632935e-12,6.3005042334528e-12,-5.29805090706958e-11)
(4.79399247344977e-12,1.40879603900945e-11,-5.21719447158469e-11)
(6.44831599615658e-12,2.52762215146564e-11,-4.99249745183815e-11)
(5.73697418421603e-12,4.0857618284421e-11,-4.57133978756288e-11)
(2.5939778281171e-12,6.67897133567639e-11,-3.95764311566179e-11)
(-2.26008749042384e-12,1.10425759644119e-10,-3.24195420758965e-11)
(-8.84940466194193e-12,1.84517109433373e-10,-2.54220576479352e-11)
(-1.4847453083821e-11,3.06878920318063e-10,-1.93156904945317e-11)
(-1.90102799752788e-11,5.05423505812593e-10,-1.33643866783794e-11)
(-1.97641542259535e-11,7.80654577175866e-10,-6.95058481818022e-12)
(0,0,0)
(0,0,0)
(0,0,0)
(0,0,0)
(0,0,0)
(0,0,0)
(2.80525956892455e-12,5.18923632174788e-12,-8.04773874538099e-11)
(5.28341171766686e-12,1.1699106625916e-11,-7.99016764906925e-11)
(8.04427806474282e-12,2.09765888543495e-11,-7.75355319008138e-11)
(8.36902945078574e-12,3.47026672003973e-11,-7.32811524322653e-11)
(6.6256446048005e-12,5.89457602841001e-11,-6.70727241771393e-11)
(2.29273009596297e-12,1.01710541390433e-10,-5.96846494710234e-11)
(-4.7137353704286e-12,1.77115507375306e-10,-5.18942406474951e-11)
(-1.11471342159444e-11,3.01876208298633e-10,-4.17793972776116e-11)
(-1.4942978446743e-11,4.99802927582905e-10,-2.98167832945114e-11)
(-1.50570896338953e-11,7.74145928359171e-10,-1.56310052197072e-11)
(0,0,0)
(0,0,0)
(0,0,0)
(0,0,0)
(0,0,0)
(0,0,0)
(3.41207338004591e-12,4.35732071068962e-12,-1.2275774588831e-10)
(5.32270532228001e-12,9.22886789198639e-12,-1.21835224615151e-10)
(7.91151507451008e-12,1.6475188044715e-11,-1.19600161845991e-10)
(8.70945934444664e-12,2.84622864449344e-11,-1.16171054486454e-10)
(7.54465024036242e-12,5.06272318786307e-11,-1.10666832944114e-10)
(4.52390027528061e-12,9.17722044376284e-11,-1.03122564882523e-10)
(-3.43067141992559e-13,1.67637446798701e-10,-9.31495798711489e-11)
(-4.39454167359078e-12,2.91413133624581e-10,-7.81882871559858e-11)
(-7.43515162048143e-12,4.8687076850484e-10,-5.70060361577692e-11)
(-8.04672712610286e-12,7.59385837843777e-10,-3.03358317725807e-11)
(0,0,0)
(0,0,0)
(0,0,0)
(0,0,0)
(0,0,0)
(0,0,0)
(4.45833934132077e-12,3.68995033754958e-12,-1.92119233489065e-10)
(6.36448372499416e-12,7.18601705672012e-12,-1.90757378611777e-10)
(7.74026185189497e-12,1.25213332254389e-11,-1.88579042878023e-10)
(8.42083973436285e-12,2.23058942172426e-11,-1.8598928455782e-10)
(7.73231325823709e-12,4.16582851213647e-11,-1.81498861873888e-10)
(6.10706084007871e-12,7.97332980100578e-11,-1.73763073386181e-10)
(4.51726910818431e-12,1.52888081023978e-10,-1.60035426743615e-10)
(3.32475195426314e-12,2.71355053727371e-10,-1.38407762843894e-10)
(6.69495748783842e-13,4.61282566351867e-10,-1.03155355751976e-10)
(-9.83852719889936e-13,7.296772590405e-10,-5.60601905473107e-11)
(0,0,0)
(0,0,0)
(0,0,0)
(0,0,0)
(0,0,0)
(0,0,0)
(5.07247963447827e-12,3.00289827444365e-12,-3.08707964767744e-10)
(7.43065180012541e-12,5.36253418394547e-12,-3.07381689376632e-10)
(8.26050475619384e-12,9.2242982217076e-12,-3.05670530799621e-10)
(9.82359366395784e-12,1.68186981994733e-11,-3.03293363408894e-10)
(1.01674394870139e-11,3.34570998390109e-11,-2.98872388701191e-10)
(9.3924384658123e-12,6.70789974136998e-11,-2.90150040806001e-10)
(1.01364313952347e-11,1.31056742523576e-10,-2.72888676858799e-10)
(1.01299547965825e-11,2.36373028122344e-10,-2.39962561651419e-10)
(7.87458711693118e-12,4.14189367845879e-10,-1.85113942682223e-10)
(6.40111493874093e-12,6.73163276151542e-10,-1.04699594631112e-10)
(0,0,0)
(0,0,0)
(0,0,0)
(0,0,0)
(0,0,0)
(0,0,0)
(4.89217563380491e-12,2.17318514338354e-12,-5.03448119013545e-10)
(8.88324702584959e-12,3.88372014910451e-12,-5.02826839608074e-10)
(1.01323819528996e-11,6.24251276373678e-12,-5.01370941924404e-10)
(1.17279314414667e-11,1.16104329175492e-11,-4.98528231824886e-10)
(1.3034363306685e-11,2.44154823270808e-11,-4.93156392899413e-10)
(1.33166814768948e-11,4.99600611073154e-11,-4.82144397549413e-10)
(1.43257786847942e-11,9.82045577166035e-11,-4.59495504924295e-10)
(1.4475241786972e-11,1.82070105546283e-10,-4.14822501187003e-10)
(1.36327490294168e-11,3.33873396623817e-10,-3.35254573741411e-10)
(1.24327956924671e-11,5.68276837638564e-10,-2.01376987712362e-10)
(0,0,0)
(0,0,0)
(0,0,0)
(0,0,0)
(0,0,0)
(0,0,0)
(6.34192346338783e-12,1.11396283339482e-12,-7.77847541115683e-10)
(1.20536606642779e-11,2.16269178244552e-12,-7.77396860287833e-10)
(1.30335839587419e-11,3.19580499319626e-12,-7.75552467171213e-10)
(1.32851517229949e-11,5.98963938510746e-12,-7.72264698941025e-10)
(1.3936704041962e-11,1.32554446584849e-11,-7.6632437618161e-10)
(1.57161162180856e-11,2.70612528946512e-11,-7.53301765943286e-10)
(1.7274286462329e-11,5.353040227406e-11,-7.26223811259159e-10)
(1.7107689505319e-11,1.02951425053904e-10,-6.72275388737403e-10)
(1.67130708247546e-11,2.00144784863563e-10,-5.68570629211893e-10)
(1.59324400385784e-11,3.66884668664492e-10,-3.6772463887486e-10)
(0,0,0)
(0,0,0)
(0,0,0)
(0,0,0)
(0,0,0)
(0,0,0)
(0,0,0)
(0,0,0)
(0,0,0)
(0,0,0)
(0,0,0)
(0,0,0)
(0,0,0)
(0,0,0)
(0,0,0)
(0,0,0)
(0,0,0)
(0,0,0)
(0,0,0)
(0,0,0)
(0,0,0)
(0,0,0)
(0,0,0)
(0,0,0)
(0,0,0)
(0,0,0)
(0,0,0)
(0,0,0)
(0,0,0)
(0,0,0)
(0,0,0)
(0,0,0)
(0,0,0)
(0,0,0)
(0,0,0)
(0,0,0)
(0,0,0)
(0,0,0)
(0,0,0)
(0,0,0)
(0,0,0)
(0,0,0)
(0,0,0)
(0,0,0)
(0,0,0)
(0,0,0)
(0,0,0)
(0,0,0)
(0,0,0)
(0,0,0)
(0,0,0)
(0,0,0)
(0,0,0)
(0,0,0)
(0,0,0)
(0,0,0)
(0,0,0)
(0,0,0)
(0,0,0)
(0,0,0)
(0,0,0)
(0,0,0)
(0,0,0)
(0,0,0)
(0,0,0)
(0,0,0)
(0,0,0)
(0,0,0)
(0,0,0)
(0,0,0)
(0,0,0)
(0,0,0)
(0,0,0)
(0,0,0)
(0,0,0)
(0,0,0)
(0,0,0)
(0,0,0)
(0,0,0)
(0,0,0)
(0,0,0)
(0,0,0)
(0,0,0)
(0,0,0)
(0,0,0)
(0,0,0)
(0,0,0)
(0,0,0)
(0,0,0)
(0,0,0)
(0,0,0)
(0,0,0)
(0,0,0)
(0,0,0)
(0,0,0)
(0,0,0)
(0,0,0)
(0,0,0)
(0,0,0)
(0,0,0)
(0,0,0)
(0,0,0)
(9.14113993869829e-13,1.55627283607226e-11,-1.88023583896732e-11)
(1.01674428575296e-12,3.46537725521642e-11,-1.78963895914231e-11)
(3.45069988196234e-13,5.93795390952119e-11,-1.62275888825129e-11)
(2.77563969625255e-13,9.22528497438625e-11,-1.38810710461087e-11)
(-4.94143150043998e-13,1.40385439951296e-10,-1.00787352936092e-11)
(-2.80224680028995e-12,2.15907198583478e-10,-5.77500090417555e-12)
(-5.97060903906936e-12,3.35654191336158e-10,-1.78569938731508e-12)
(-7.85865662013782e-12,5.4165570404434e-10,-1.60060970179017e-13)
(-8.20103974186394e-12,9.37256463405555e-10,4.72171382720287e-13)
(-8.3370601840834e-12,1.8401716088303e-09,4.73332656392352e-13)
(0,0,0)
(0,0,0)
(0,0,0)
(0,0,0)
(0,0,0)
(0,0,0)
(1.13368827316445e-12,1.48979677630971e-11,-3.94425521937873e-11)
(1.65143490594109e-12,3.32548384444186e-11,-3.82353002743309e-11)
(1.75884203376355e-12,5.74301720086838e-11,-3.52952553067808e-11)
(1.07652138251688e-12,8.95276074954193e-11,-3.0418655204316e-11)
(-6.48900611832661e-13,1.37125891795313e-10,-2.31373709514969e-11)
(-4.581478142854e-12,2.1263074455972e-10,-1.42649721687111e-11)
(-1.00361419605089e-11,3.34242846461065e-10,-6.18191448874581e-12)
(-1.44343237374733e-11,5.4132046032793e-10,-2.51227526476956e-12)
(-1.57405971781785e-11,9.37385413576894e-10,-1.26226825541959e-12)
(-1.544748537206e-11,1.84088429491892e-09,-8.30971168393612e-13)
(0,0,0)
(0,0,0)
(0,0,0)
(0,0,0)
(0,0,0)
(0,0,0)
(1.6964289163628e-12,1.37351395433072e-11,-6.46569850278353e-11)
(3.13663088178784e-12,3.04797884032488e-11,-6.27741828975859e-11)
(3.85141264668813e-12,5.29440802761918e-11,-5.83457058841295e-11)
(3.14603193445649e-12,8.32815434836028e-11,-5.11351504603005e-11)
(8.60887189403425e-13,1.294949635883e-10,-4.05711209483736e-11)
(-3.84434060576124e-12,2.05278971565357e-10,-2.72774355371391e-11)
(-1.00220087229035e-11,3.30886816232026e-10,-1.47789706407219e-11)
(-1.6105886115504e-11,5.41186587204579e-10,-8.93827796449825e-12)
(-1.93313736801373e-11,9.37892858826924e-10,-6.228742418594e-12)
(-1.9362429467491e-11,1.84126037021551e-09,-3.54927069387347e-12)
(0,0,0)
(0,0,0)
(0,0,0)
(0,0,0)
(0,0,0)
(0,0,0)
(2.87069503318474e-12,1.19490925470543e-11,-9.86110165958855e-11)
(4.93587604015949e-12,2.63205176783901e-11,-9.63708547389247e-11)
(6.53637201370272e-12,4.58412526284069e-11,-9.11570767822341e-11)
(5.75495854923298e-12,7.29804353333244e-11,-8.2542714560535e-11)
(3.28104182004069e-12,1.16417141516893e-10,-7.0162023263488e-11)
(-5.42353664693764e-13,1.92134282441258e-10,-5.39609510686252e-11)
(-7.55416975728947e-12,3.23958594431015e-10,-3.69295932489681e-11)
(-1.57960448804701e-11,5.40542778781338e-10,-2.74587680825539e-11)
(-1.98035036052421e-11,9.37199509338742e-10,-2.0325425053528e-11)
(-2.02060902265697e-11,1.83956298626511e-09,-1.107924606592e-11)
(0,0,0)
(0,0,0)
(0,0,0)
(0,0,0)
(0,0,0)
(0,0,0)
(3.06146421686563e-12,1.00158808376039e-11,-1.46794121243149e-10)
(5.38750586171603e-12,2.149842678147e-11,-1.44745109702339e-10)
(8.29129940582845e-12,3.7240979132061e-11,-1.3987331177634e-10)
(8.40098195111151e-12,6.02267265437608e-11,-1.31483925219637e-10)
(7.55609830417894e-12,9.88986739968816e-11,-1.19858237116531e-10)
(4.44065822523776e-12,1.71116826430046e-10,-1.05975404271821e-10)
(-5.35051816371308e-12,3.07817142212165e-10,-9.36192235538847e-11)
(-1.26466735248003e-11,5.35239063659469e-10,-7.27172731825938e-11)
(-1.61965974435399e-11,9.30387496609217e-10,-5.1651096701111e-11)
(-1.59280043388799e-11,1.83058902167583e-09,-2.73378474995397e-11)
(0,0,0)
(0,0,0)
(0,0,0)
(0,0,0)
(0,0,0)
(0,0,0)
(3.15692248002757e-12,7.90650544168101e-12,-2.19958049063321e-10)
(5.13049338838289e-12,1.63964312945414e-11,-2.17701307854372e-10)
(8.43626253424303e-12,2.83004163806339e-11,-2.13513389485025e-10)
(9.3616300298154e-12,4.71738209802369e-11,-2.06889966497993e-10)
(8.96932893605198e-12,8.09828178910353e-11,-1.9726969654101e-10)
(6.58982169144243e-12,1.50191351575782e-10,-1.8481488864429e-10)
(-5.54994082396858e-13,2.93257371968183e-10,-1.69484833238801e-10)
(-5.51871277454132e-12,5.19702293049319e-10,-1.41264702814218e-10)
(-8.51715385279728e-12,9.09512562156054e-10,-1.02090935687846e-10)
(-8.67398009498991e-12,1.80574843260443e-09,-5.41346099787297e-11)
(0,0,0)
(0,0,0)
(0,0,0)
(0,0,0)
(0,0,0)
(0,0,0)
(3.78353652713781e-12,6.10309475067885e-12,-3.36847456114288e-10)
(6.00963086401554e-12,1.21001979208558e-11,-3.34746849539517e-10)
(8.44753853542667e-12,2.04975324737881e-11,-3.31452396792501e-10)
(9.41761306818962e-12,3.49089003662734e-11,-3.27052066239659e-10)
(8.19771005290658e-12,6.32828680566287e-11,-3.20619131393206e-10)
(5.03371479389832e-12,1.26004909497764e-10,-3.09894918002946e-10)
(4.72094370886206e-12,2.6816471210808e-10,-2.83999376327393e-10)
(3.05437046729154e-12,4.85124568571069e-10,-2.49248943048806e-10)
(6.67529049896657e-13,8.64369873772653e-10,-1.84180060560595e-10)
(-5.30060377896848e-13,1.75319475007357e-09,-9.93407217713407e-11)
(0,0,0)
(0,0,0)
(0,0,0)
(0,0,0)
(0,0,0)
(0,0,0)
(4.57591737442606e-12,4.4912300258396e-12,-5.38013025735856e-10)
(7.19830725795636e-12,8.65000431455328e-12,-5.36441693190421e-10)
(8.86512282344072e-12,1.48967354735487e-11,-5.34111759531365e-10)
(1.06108842381804e-11,2.66793537019788e-11,-5.30713453830269e-10)
(1.04867091037257e-11,5.29248652139933e-11,-5.24878261173058e-10)
(9.25001082502194e-12,1.11523324317603e-10,-5.12844776004392e-10)
(1.00625009948496e-11,2.32600851806252e-10,-4.8490749465166e-10)
(9.58425840329264e-12,4.21057833708148e-10,-4.26070207458847e-10)
(7.77621028809856e-12,7.80239542378994e-10,-3.28068392882228e-10)
(6.58795882005925e-12,1.65388049092496e-09,-1.8661895661783e-10)
(0,0,0)
(0,0,0)
(0,0,0)
(0,0,0)
(0,0,0)
(0,0,0)
(5.330118538323e-12,3.09282783362783e-12,-9.27554515995993e-10)
(9.1483777088391e-12,5.90449184771548e-12,-9.26560059325223e-10)
(1.03363796239238e-11,1.01766551924284e-11,-9.24308547267228e-10)
(1.19768860484398e-11,1.90578119015357e-11,-9.20005607630508e-10)
(1.31824056252953e-11,4.01974685407672e-11,-9.12181940731316e-10)
(1.35665970644203e-11,8.53439525045067e-11,-8.94963095337381e-10)
(1.43269303900489e-11,1.72639353383679e-10,-8.57097838483862e-10)
(1.4025994833749e-11,3.22643378207304e-10,-7.79285717564791e-10)
(1.34837747606134e-11,6.38484843632041e-10,-6.40569257862486e-10)
(1.24479769542007e-11,1.46714722548731e-09,-4.00625072140161e-10)
(0,0,0)
(0,0,0)
(0,0,0)
(0,0,0)
(0,0,0)
(0,0,0)
(7.00520546893218e-12,1.49113273608598e-12,-1.82893673116067e-09)
(1.23719593301034e-11,3.0738760707714e-12,-1.82815238001065e-09)
(1.29416207217487e-11,5.25287355977378e-12,-1.82511140659474e-09)
(1.33344683486879e-11,1.00405894133931e-11,-1.81943546569652e-09)
(1.4169538462116e-11,2.20977937714083e-11,-1.80994433813811e-09)
(1.56994144285977e-11,4.6605220513042e-11,-1.78872326956495e-09)
(1.68562662146212e-11,9.35454961642868e-11,-1.74303584655944e-09)
(1.63543550337558e-11,1.83336215411647e-10,-1.65026768805672e-09)
(1.6011865351281e-11,3.9853498020612e-10,-1.46716477981143e-09)
(1.50924698282993e-11,1.06689092594667e-09,-1.06815563523765e-09)
(0,0,0)
(0,0,0)
(0,0,0)
(0,0,0)
(0,0,0)
(0,0,0)
(0,0,0)
(0,0,0)
(0,0,0)
(0,0,0)
(0,0,0)
(0,0,0)
(0,0,0)
(0,0,0)
(0,0,0)
(0,0,0)
(0,0,0)
(0,0,0)
(0,0,0)
(0,0,0)
(0,0,0)
(0,0,0)
(0,0,0)
(0,0,0)
(0,0,0)
(0,0,0)
(0,0,0)
(0,0,0)
(0,0,0)
(0,0,0)
(0,0,0)
(0,0,0)
(0,0,0)
(0,0,0)
(0,0,0)
(0,0,0)
(0,0,0)
(0,0,0)
(0,0,0)
(0,0,0)
(0,0,0)
(0,0,0)
(0,0,0)
(0,0,0)
(0,0,0)
(0,0,0)
(0,0,0)
(0,0,0)
(0,0,0)
(0,0,0)
(0,0,0)
(0,0,0)
(0,0,0)
(0,0,0)
(0,0,0)
(0,0,0)
(0,0,0)
(0,0,0)
(0,0,0)
(0,0,0)
(0,0,0)
(0,0,0)
(0,0,0)
(0,0,0)
(0,0,0)
(0,0,0)
(0,0,0)
(0,0,0)
(0,0,0)
(0,0,0)
(0,0,0)
(0,0,0)
(0,0,0)
(0,0,0)
(0,0,0)
(0,0,0)
(0,0,0)
(0,0,0)
(0,0,0)
(0,0,0)
(0,0,0)
(0,0,0)
(0,0,0)
(0,0,0)
(0,0,0)
(0,0,0)
(0,0,0)
(0,0,0)
(0,0,0)
(0,0,0)
(0,0,0)
(0,0,0)
(0,0,0)
(0,0,0)
(0,0,0)
(0,0,0)
(0,0,0)
(0,0,0)
(0,0,0)
(0,0,0)
(0,0,0)
(0,0,0)
(6.72905793086659e-13,2.09512451306251e-11,-2.41901660745054e-11)
(7.46877683938697e-13,4.68300600950337e-11,-2.31820920995688e-11)
(-5.20807607648355e-14,7.91795422652544e-11,-2.0782503034707e-11)
(-7.99529534347634e-13,1.20647237264593e-10,-1.71752905513468e-11)
(-1.53832938386476e-12,1.79387641502053e-10,-1.15282537551805e-11)
(-3.5150942932328e-12,2.66667354605181e-10,-4.48548204667299e-12)
(-6.18490258144604e-12,3.94420975231263e-10,1.687333737834e-12)
(-8.15564525685927e-12,5.83239545940685e-10,3.40790084810388e-12)
(-8.33115118645211e-12,8.5502782684696e-10,2.62795249588055e-12)
(-8.57641361644311e-12,1.18438858666778e-09,1.36027001507114e-12)
(0,0,0)
(0,0,0)
(0,0,0)
(0,0,0)
(0,0,0)
(0,0,0)
(1.08926457328897e-12,2.00211295789059e-11,-5.12255799233579e-11)
(1.48643997895775e-12,4.47258475233535e-11,-4.95816214917673e-11)
(1.36833366214647e-12,7.572392037185e-11,-4.5224182788333e-11)
(4.1301142252824e-14,1.15537684204473e-10,-3.78012796984066e-11)
(-1.89037118690719e-12,1.73478494313846e-10,-2.63851974893894e-11)
(-5.31276282865348e-12,2.61784920659863e-10,-1.10056299988447e-11)
(-1.03497509562956e-11,3.93908385872391e-10,3.56782298066276e-12)
(-1.55504576221152e-11,5.85369606060264e-10,6.71753963552193e-12)
(-1.66793395155651e-11,8.57322962613759e-10,3.9905834702547e-12)
(-1.66545318366393e-11,1.18640041733075e-09,1.35970070024206e-12)
(0,0,0)
(0,0,0)
(0,0,0)
(0,0,0)
(0,0,0)
(0,0,0)
(1.59967378054291e-12,1.8409644409692e-11,-8.36007715397e-11)
(2.8674245943361e-12,4.05840800284184e-11,-8.11937079213512e-11)
(3.7436848712342e-12,6.85650513217304e-11,-7.52037229793177e-11)
(2.88311057230904e-12,1.05103468442666e-10,-6.4487466266091e-11)
(6.45023849607148e-13,1.59944640313281e-10,-4.72319310400529e-11)
(-3.19811637800155e-12,2.49489690348284e-10,-2.21347887587189e-11)
(-8.93447959725092e-12,3.92742197318222e-10,5.14390313295243e-12)
(-1.8171613239454e-11,5.9098880935285e-10,7.69279800410911e-12)
(-2.13174959155101e-11,8.62603284279236e-10,2.29109305915279e-12)
(-2.12143162113846e-11,1.18996344007261e-09,-2.61264521077578e-13)
(0,0,0)
(0,0,0)
(0,0,0)
(0,0,0)
(0,0,0)
(0,0,0)
(2.56374488499238e-12,1.60425339653172e-11,-1.2714790129825e-10)
(4.54418898168004e-12,3.47900588084896e-11,-1.24226615673933e-10)
(6.52228328743206e-12,5.82302072433775e-11,-1.17108588787675e-10)
(6.1279760410088e-12,8.89489106245191e-11,-1.04226242628796e-10)
(4.59843714546361e-12,1.36797206541648e-10,-8.38198081365574e-11)
(3.44374452671384e-12,2.24341749998443e-10,-5.17715596544494e-11)
(-8.83542704511076e-13,3.88895953426812e-10,-8.27245702142778e-12)
(-1.76256727874712e-11,6.01683306740147e-10,-8.23888660021854e-12)
(-2.22376698630659e-11,8.69837702185447e-10,-1.22830794704806e-11)
(-2.23113717038954e-11,1.19337704377252e-09,-8.7228435155038e-12)
(0,0,0)
(0,0,0)
(0,0,0)
(0,0,0)
(0,0,0)
(0,0,0)
(3.12182807146433e-12,1.33849284557835e-11,-1.8723314917979e-10)
(5.61770342387221e-12,2.79844411683128e-11,-1.84138910146117e-10)
(8.84247559919147e-12,4.56225180649319e-11,-1.77236163751552e-10)
(9.82819941155589e-12,6.86830620161627e-11,-1.64971195735527e-10)
(1.15891215667118e-11,1.04304629326867e-10,-1.47414402067407e-10)
(1.30099523605368e-11,1.7522774463508e-10,-1.26137106909052e-10)
(-1.16926982918188e-11,3.47688554954909e-10,-1.282920338203e-10)
(-1.81760793963289e-11,6.13480838712512e-10,-8.35420099425523e-11)
(-1.96349121901977e-11,8.72979149177184e-10,-5.78777469853775e-11)
(-1.84252627673933e-11,1.18893048376693e-09,-3.09317172267724e-11)
(0,0,0)
(0,0,0)
(0,0,0)
(0,0,0)
(0,0,0)
(0,0,0)
(2.70359196229475e-12,1.02153648019562e-11,-2.71628891551386e-10)
(5.23880839248118e-12,2.08489866385704e-11,-2.69059066796452e-10)
(9.61572345394069e-12,3.27822370187161e-11,-2.63653404970307e-10)
(1.20062806881076e-11,4.83713733234064e-11,-2.547974679689e-10)
(1.4214470872688e-11,7.37076611660506e-11,-2.4261729448176e-10)
(1.54462083641815e-11,1.38062608796311e-10,-2.27424941819381e-10)
(-3.68246464664563e-12,3.47443046499608e-10,-2.24249568170099e-10)
(-1.01147554231714e-11,6.04665753759785e-10,-1.78880476495067e-10)
(-1.1330791177832e-11,8.53318187056057e-10,-1.25869523129549e-10)
(-1.0254907544019e-11,1.16198066524337e-09,-6.55046118355687e-11)
(0,0,0)
(0,0,0)
(0,0,0)
(0,0,0)
(0,0,0)
(0,0,0)
(3.29479467782727e-12,7.36542699274585e-12,-3.95437493899463e-10)
(6.16537172227727e-12,1.47772855129033e-11,-3.93738058556524e-10)
(9.6480049833506e-12,2.22304569992644e-11,-3.90231979757542e-10)
(1.12142248858966e-11,3.08764344678951e-11,-3.86197557533741e-10)
(7.83149950540417e-12,4.41761923177958e-11,-3.84596384126855e-10)
(-6.38024170148172e-12,8.45194853957767e-11,-3.87024200694254e-10)
(5.5343707322457e-12,3.1991196656437e-10,-3.33910995476184e-10)
(2.05222284124949e-12,5.65397405674546e-10,-3.22722708022687e-10)
(-4.14783451144154e-14,7.98851561501125e-10,-2.25311284512575e-10)
(-5.56523000222633e-13,1.09936641375139e-09,-1.16148735621801e-10)
(0,0,0)
(0,0,0)
(0,0,0)
(0,0,0)
(0,0,0)
(0,0,0)
(4.40298702155679e-12,5.06756324230663e-12,-5.77790140428655e-10)
(7.61388606594298e-12,1.00921972952381e-11,-5.76586655799554e-10)
(1.01868974024898e-11,1.55675845893854e-11,-5.74358473328885e-10)
(1.23972333825191e-11,2.40189680737362e-11,-5.72349294014484e-10)
(1.11806206075819e-11,4.44680831826924e-11,-5.72279070269606e-10)
(7.49210128592929e-12,1.06724632645119e-10,-5.73549540100016e-10)
(1.11867122245786e-11,2.9018101559466e-10,-5.57607468678761e-10)
(9.99689932628133e-12,4.6841698352148e-10,-4.75971667516686e-10)
(8.08147277112383e-12,6.91213151400003e-10,-3.47716479016825e-10)
(6.70226764051362e-12,9.8412536270253e-10,-1.87720223710437e-10)
(0,0,0)
(0,0,0)
(0,0,0)
(0,0,0)
(0,0,0)
(0,0,0)
(5.93735696509503e-12,3.35563089335259e-12,-8.41071049496264e-10)
(9.72748142760405e-12,6.51897998456724e-12,-8.39988596237008e-10)
(1.09572216206461e-11,1.06449046659407e-11,-8.37934271304911e-10)
(1.31704416371675e-11,1.874488701384e-11,-8.3508544925885e-10)
(1.40632350011663e-11,3.96543992050245e-11,-8.30582884313525e-10)
(1.44400722019008e-11,9.19976611240488e-11,-8.18562112781306e-10)
(1.56086666907662e-11,2.02921529931349e-10,-7.82272281042876e-10)
(1.46166979258455e-11,3.38298198112449e-10,-6.8772888139169e-10)
(1.34894524649309e-11,5.30628479196739e-10,-5.3289851112148e-10)
(1.2079204354338e-11,7.96250524684261e-10,-3.06325664736651e-10)
(0,0,0)
(0,0,0)
(0,0,0)
(0,0,0)
(0,0,0)
(0,0,0)
(7.7119870541908e-12,1.64496984845815e-12,-1.16666033274899e-09)
(1.24048619847711e-11,3.20637131009351e-12,-1.16560098009552e-09)
(1.25185533835104e-11,5.51487191378367e-12,-1.16302265284888e-09)
(1.38839302035838e-11,1.0455692903682e-11,-1.15844283596654e-09)
(1.50462636605527e-11,2.33014829428376e-11,-1.15022450818847e-09)
(1.6617211935574e-11,5.17677441897797e-11,-1.12968247442018e-09)
(1.76336038764276e-11,1.05397134975594e-10,-1.0804895334614e-09)
(1.65876621990243e-11,1.82199103862338e-10,-9.76395711397126e-10)
(1.55377009841738e-11,3.03936955287982e-10,-7.9457934253987e-10)
(1.382776053805e-11,4.90129318673722e-10,-4.90405080707496e-10)
(0,0,0)
(0,0,0)
(0,0,0)
(0,0,0)
(0,0,0)
(0,0,0)
(0,0,0)
(0,0,0)
(0,0,0)
(0,0,0)
(0,0,0)
(0,0,0)
(0,0,0)
(0,0,0)
(0,0,0)
(0,0,0)
(0,0,0)
(0,0,0)
(0,0,0)
(0,0,0)
(0,0,0)
(0,0,0)
(0,0,0)
(0,0,0)
(0,0,0)
(0,0,0)
(0,0,0)
(0,0,0)
(0,0,0)
(0,0,0)
(0,0,0)
(0,0,0)
(0,0,0)
(0,0,0)
(0,0,0)
(0,0,0)
(0,0,0)
(0,0,0)
(0,0,0)
(0,0,0)
(0,0,0)
(0,0,0)
(0,0,0)
(0,0,0)
(0,0,0)
(0,0,0)
(0,0,0)
(0,0,0)
(0,0,0)
(0,0,0)
(0,0,0)
(0,0,0)
(0,0,0)
(0,0,0)
(0,0,0)
(0,0,0)
(0,0,0)
(0,0,0)
(0,0,0)
(0,0,0)
(0,0,0)
(0,0,0)
(0,0,0)
(0,0,0)
(0,0,0)
(0,0,0)
(0,0,0)
(0,0,0)
(0,0,0)
(0,0,0)
(0,0,0)
(0,0,0)
(0,0,0)
(0,0,0)
(0,0,0)
(0,0,0)
(0,0,0)
(0,0,0)
(0,0,0)
(0,0,0)
(0,0,0)
(0,0,0)
(0,0,0)
(0,0,0)
(0,0,0)
(0,0,0)
(0,0,0)
(0,0,0)
(0,0,0)
(0,0,0)
(0,0,0)
(0,0,0)
(0,0,0)
(0,0,0)
(0,0,0)
(0,0,0)
(0,0,0)
(0,0,0)
(0,0,0)
(0,0,0)
(0,0,0)
(0,0,0)
(5.94947369883783e-13,2.5248119509155e-11,-2.67397409283642e-11)
(4.51501190737557e-13,5.44380186150255e-11,-2.57831952083915e-11)
(-2.03671350708002e-13,9.03429121095142e-11,-2.28802086379156e-11)
(-1.33701327038404e-12,1.3554271569424e-10,-1.79334128686913e-11)
(-2.67195390415958e-12,1.96420921856081e-10,-1.06231651692729e-11)
(-4.80547613238201e-12,2.81055529469923e-10,-7.51097805794177e-13)
(-7.39288033290007e-12,3.96029297832781e-10,8.49682949592419e-12)
(-9.50575702422738e-12,5.42644583743412e-10,1.01998121740324e-11)
(-9.35860447246366e-12,7.11165342972986e-10,6.90303421161001e-12)
(-9.22797426434818e-12,8.54260260493124e-10,3.12115139164544e-12)
(0,0,0)
(0,0,0)
(0,0,0)
(0,0,0)
(0,0,0)
(0,0,0)
(1.05679131091537e-12,2.42200496790479e-11,-5.67407889034037e-11)
(1.27076877047263e-12,5.15847153304396e-11,-5.48386082400214e-11)
(1.10429962231785e-12,8.52873424371627e-11,-4.94585868515156e-11)
(-9.40565304913182e-13,1.2814178842046e-10,-3.93241690879761e-11)
(-3.73608467690872e-12,1.87229371564972e-10,-2.33878546087508e-11)
(-7.590985496569e-12,2.73224488672548e-10,3.72733083816178e-14)
(-1.23332790570094e-11,3.96397570764954e-10,2.51386899620458e-11)
(-1.84427047493734e-11,5.47748622070547e-10,2.553991163475e-11)
(-1.93287784109736e-11,7.1597641548886e-10,1.53740462243527e-11)
(-1.88578538784606e-11,8.57887157986939e-10,6.24895564909734e-12)
(0,0,0)
(0,0,0)
(0,0,0)
(0,0,0)
(0,0,0)
(0,0,0)
(1.55972060656311e-12,2.20917996159224e-11,-9.30777344342145e-11)
(2.67146087222731e-12,4.6108512921317e-11,-8.98120942737101e-11)
(3.36227223635995e-12,7.52919772210127e-11,-8.23729377729275e-11)
(1.78213316442722e-12,1.12934842667262e-10,-6.7967934519165e-11)
(-1.30468466008972e-12,1.66272356446259e-10,-4.26619963850577e-11)
(-5.3288679199293e-12,2.53093799985812e-10,3.63682345614093e-13)
(-7.63713057688331e-12,4.03142216709028e-10,6.45709800487915e-11)
(-2.34644056819527e-11,5.6353417964908e-10,4.9840961735514e-11)
(-2.59995562416382e-11,7.2808983203448e-10,2.35485136520466e-11)
(-2.48891844318206e-11,8.65780496295955e-10,7.99279599886557e-12)
(0,0,0)
(0,0,0)
(0,0,0)
(0,0,0)
(0,0,0)
(0,0,0)
(2.30006477025471e-12,1.86852173761901e-11,-1.40935855427492e-10)
(4.23177973559787e-12,3.86558588207098e-11,-1.37101926464354e-10)
(6.24762630699364e-12,6.16896183552109e-11,-1.28138500643888e-10)
(5.98739015711239e-12,8.98867637918135e-11,-1.10831690609547e-10)
(5.04276587815203e-12,1.2895093409396e-10,-7.95407616990506e-11)
(9.05864725704205e-12,2.03423228224163e-10,-1.50276542314892e-11)
(4.02902853461892e-11,4.42766439971285e-10,1.67402133142023e-10)
(-2.53790118896693e-11,6.07682124171927e-10,7.0392246859552e-11)
(-2.89393528096859e-11,7.51043872109061e-10,1.74625911641023e-11)
(-2.65876552141571e-11,8.77549440111793e-10,1.04148281725794e-12)
(0,0,0)
(0,0,0)
(0,0,0)
(0,0,0)
(0,0,0)
(0,0,0)
(3.19715269161898e-12,1.51743212082231e-11,-2.04421348618457e-10)
(5.85041155905113e-12,3.02100752086194e-11,-2.00299858779823e-10)
(9.41778862936881e-12,4.53851340321393e-11,-1.91446932841341e-10)
(1.25830944361801e-11,6.12717353931116e-11,-1.75248492278701e-10)
(2.09087945691935e-11,7.39479948124323e-11,-1.47212356758373e-10)
(5.23300151105252e-11,6.61926613450016e-11,-9.58937593568288e-11)
(-5.61972137142575e-11,8.41427840582946e-10,-4.96060583144118e-17)
(-3.50252574008602e-11,7.19128380524675e-10,-5.88600722873212e-11)
(-2.69199798276397e-11,7.82039689491576e-10,-4.42389293409611e-11)
(-2.24071614703156e-11,8.83580603407043e-10,-2.58667770777738e-11)
(0,0,0)
(0,0,0)
(0,0,0)
(0,0,0)
(0,0,0)
(0,0,0)
(2.98370501658078e-12,1.11791882434985e-11,-2.86843278336769e-10)
(5.90484769200988e-12,2.14485834799692e-11,-2.8357819243269e-10)
(1.13115664719996e-11,2.9230896563723e-11,-2.76856913332105e-10)
(1.73210460564567e-11,3.34272000121648e-11,-2.65753359229453e-10)
(2.85535870585374e-11,2.61933528251656e-11,-2.46822601140915e-10)
(6.58139581154118e-11,-2.57189126242277e-12,-2.03266663772547e-10)
(-2.15204763865009e-11,8.44090777714092e-10,-6.29673543000877e-16)
(-2.38573607032905e-11,7.29755879832631e-10,-1.78760289936116e-10)
(-1.72290769168848e-11,7.72309249005708e-10,-1.25753395447241e-10)
(-1.31452678878044e-11,8.60934228420572e-10,-6.51681245867216e-11)
(0,0,0)
(0,0,0)
(0,0,0)
(0,0,0)
(0,0,0)
(0,0,0)
(3.89322308541377e-12,7.1633138752503e-12,-3.96960352470469e-10)
(7.3443811409063e-12,1.36356642416043e-11,-3.95038156179234e-10)
(1.22764551694558e-11,1.62552594822725e-11,-3.91294413983623e-10)
(1.64705178731843e-11,9.28450921051255e-12,-3.8884053438152e-10)
(9.96742520780859e-12,-3.15211640638111e-11,-4.00260276755372e-10)
(-8.16985941688548e-11,-2.27883909038046e-10,-4.93819697663083e-10)
(2.40770342486282e-11,1.00132996451573e-09,-1.08520026314805e-09)
(1.62122148410306e-12,7.14522867563541e-10,-4.71193490495255e-10)
(-1.5656171348283e-12,7.19119043406325e-10,-2.5394432981927e-10)
(-1.464207573062e-12,7.97791505319597e-10,-1.19177103739122e-10)
(0,0,0)
(0,0,0)
(0,0,0)
(0,0,0)
(0,0,0)
(0,0,0)
(4.91143474145837e-12,4.62997076088988e-12,-5.36452335960265e-10)
(8.95892090592809e-12,8.70770695785597e-12,-5.35146912946572e-10)
(1.31003980115404e-11,1.00657874099257e-11,-5.33170288647786e-10)
(1.76010906973843e-11,6.79486498673918e-12,-5.33835240650104e-10)
(1.72647744158064e-11,-7.71911462161075e-13,-5.45780276937116e-10)
(6.27700138554159e-12,1.77210325379147e-11,-5.91772864903745e-10)
(1.68103967260314e-11,4.11400127548063e-10,-6.94198069280595e-10)
(1.18604962353543e-11,5.01992357564068e-10,-5.12418362298705e-10)
(8.66988966820334e-12,5.84743845371491e-10,-3.35394636262957e-10)
(6.85688194801578e-12,6.78653753739617e-10,-1.69263013958396e-10)
(0,0,0)
(0,0,0)
(0,0,0)
(0,0,0)
(0,0,0)
(0,0,0)
(6.56556475056174e-12,2.88613319122121e-12,-6.94950293701989e-10)
(1.09857651699886e-11,5.44368101127813e-12,-6.9375453143479e-10)
(1.32384323269321e-11,7.43389134121565e-12,-6.92050722321975e-10)
(1.69570708018348e-11,9.98603755675705e-12,-6.91558595429647e-10)
(1.83953797311478e-11,2.08636937030019e-11,-6.93941777546943e-10)
(1.83801573976828e-11,6.71480370851266e-11,-6.99428254081017e-10)
(1.8589661995217e-11,2.2113157972636e-10,-6.90931954249945e-10)
(1.58854219059414e-11,3.23001564343099e-10,-5.7883745787094e-10)
(1.36081299887682e-11,4.17617544750218e-10,-4.19721014294865e-10)
(1.18747456283272e-11,5.08550920700931e-10,-2.25397723741441e-10)
(0,0,0)
(0,0,0)
(0,0,0)
(0,0,0)
(0,0,0)
(0,0,0)
(8.29760424917758e-12,1.29854565232646e-12,-8.33032658119374e-10)
(1.30329060482245e-11,2.5753156456382e-12,-8.31903802107826e-10)
(1.34536084149595e-11,4.36004655453752e-12,-8.29803590457834e-10)
(1.61212953291952e-11,7.65347951463668e-12,-8.27232470353401e-10)
(1.78057128350942e-11,1.72979147166057e-11,-8.22552238838127e-10)
(1.91920151666342e-11,4.46578840658238e-11,-8.09465672942515e-10)
(1.89369167876075e-11,1.04400028060512e-10,-7.69781648971101e-10)
(1.69703972042917e-11,1.62247452657997e-10,-6.67649349513988e-10)
(1.53003944395669e-11,2.23042085586397e-10,-5.06077586661097e-10)
(1.35519985043056e-11,2.82838684439609e-10,-2.8279752477156e-10)
(0,0,0)
(0,0,0)
(0,0,0)
(0,0,0)
(0,0,0)
(0,0,0)
(0,0,0)
(0,0,0)
(0,0,0)
(0,0,0)
(0,0,0)
(0,0,0)
(0,0,0)
(0,0,0)
(0,0,0)
(0,0,0)
(0,0,0)
(0,0,0)
(0,0,0)
(0,0,0)
(0,0,0)
(0,0,0)
(0,0,0)
(0,0,0)
(0,0,0)
(0,0,0)
(0,0,0)
(0,0,0)
(0,0,0)
(0,0,0)
(0,0,0)
(0,0,0)
(0,0,0)
(0,0,0)
(0,0,0)
(0,0,0)
(0,0,0)
(0,0,0)
(0,0,0)
(0,0,0)
(0,0,0)
(0,0,0)
(0,0,0)
(0,0,0)
(0,0,0)
(0,0,0)
(0,0,0)
(0,0,0)
(0,0,0)
(0,0,0)
(0,0,0)
(0,0,0)
(0,0,0)
(0,0,0)
(0,0,0)
(0,0,0)
(0,0,0)
(0,0,0)
(0,0,0)
(0,0,0)
(0,0,0)
(0,0,0)
(0,0,0)
(0,0,0)
(0,0,0)
(0,0,0)
(0,0,0)
(0,0,0)
(0,0,0)
(0,0,0)
(0,0,0)
(0,0,0)
(0,0,0)
(0,0,0)
(0,0,0)
(0,0,0)
(0,0,0)
(0,0,0)
(0,0,0)
(0,0,0)
(0,0,0)
(0,0,0)
(0,0,0)
(0,0,0)
(0,0,0)
(0,0,0)
(0,0,0)
(0,0,0)
(0,0,0)
(0,0,0)
(0,0,0)
(0,0,0)
(0,0,0)
(0,0,0)
(0,0,0)
(0,0,0)
(0,0,0)
(0,0,0)
(0,0,0)
(0,0,0)
(0,0,0)
(0,0,0)
(6.66471480037203e-13,2.7070331795979e-11,-2.80090216036182e-11)
(4.01817904853361e-13,5.76759865684479e-11,-2.68742005992587e-11)
(-9.4897447574278e-14,9.42538663248209e-11,-2.34239953920983e-11)
(-1.24633369601873e-12,1.3857660831912e-10,-1.740721194701e-11)
(-3.35247097654097e-12,1.95812771272465e-10,-8.53040667727798e-12)
(-6.222362636692e-12,2.72110636561672e-10,3.61436554392219e-12)
(-9.46413594321259e-12,3.70191577131482e-10,1.55604519127888e-11)
(-1.1313017388968e-11,4.79809197594683e-10,1.70468033639668e-11)
(-1.03877941683395e-11,5.8624960069497e-10,1.12427329860562e-11)
(-9.73372036641329e-12,6.59212851180712e-10,5.1689250930696e-12)
(0,0,0)
(0,0,0)
(0,0,0)
(0,0,0)
(0,0,0)
(0,0,0)
(1.28286071069705e-12,2.60552603430464e-11,-5.90982180962267e-11)
(1.36694979107415e-12,5.43290757211718e-11,-5.67557170141113e-11)
(9.65247074940158e-13,8.83162023812236e-11,-5.04775896711809e-11)
(-1.66993403098653e-12,1.29942612775664e-10,-3.84794086088324e-11)
(-6.20419747527599e-12,1.83897664575192e-10,-1.92136370373831e-11)
(-1.25617134634969e-11,2.60258618366009e-10,1.00820387386425e-11)
(-1.94791466737458e-11,3.69460076924774e-10,4.70819416462954e-11)
(-2.40623969176213e-11,4.86026063494657e-10,4.53975952855507e-11)
(-2.23171043812565e-11,5.92542312024387e-10,2.67844155080996e-11)
(-2.05022365383938e-11,6.64470696834305e-10,1.11332685060049e-11)
(0,0,0)
(0,0,0)
(0,0,0)
(0,0,0)
(0,0,0)
(0,0,0)
(1.70066268575632e-12,2.36325594126807e-11,-9.6970225205748e-11)
(2.68495847208357e-12,4.8012489263028e-11,-9.32605903669819e-11)
(2.55962784841026e-12,7.66665827216749e-11,-8.46415558546239e-11)
(-4.75726094285962e-13,1.11470646343364e-10,-6.7806527414492e-11)
(-7.00894103848681e-12,1.55576411383466e-10,-3.81042955424912e-11)
(-1.98655938613788e-11,2.24698284994188e-10,1.55664336639538e-11)
(-3.2531335525799e-11,3.75187373058301e-10,1.36658304940408e-10)
(-4.13199021213536e-11,5.06648361361562e-10,1.06752600140482e-10)
(-3.33978786630964e-11,6.08528316529399e-10,4.84309402647209e-11)
(-2.86653322487139e-11,6.75179218299473e-10,1.67844091052654e-11)
(0,0,0)
(0,0,0)
(0,0,0)
(0,0,0)
(0,0,0)
(0,0,0)
(1.97703197506973e-12,1.93460974138668e-11,-1.45210330656886e-10)
(3.71413752723209e-12,3.91511611425521e-11,-1.41257606354679e-10)
(5.24530059574374e-12,6.04047893532167e-11,-1.31116670443374e-10)
(3.31148964533545e-12,8.31426852209227e-11,-1.11846598899863e-10)
(-4.46740230790239e-12,1.03396244103615e-10,-7.98905779331004e-11)
(-3.61405732373732e-11,1.0512194959353e-10,-3.33169881189458e-11)
(-2.61361228982992e-10,4.20680139072717e-10,1.88470676447946e-16)
(-8.38956125469586e-11,5.71416466665841e-10,2.51276266378772e-10)
(-4.35140618454309e-11,6.41726802023695e-10,6.43820336849076e-11)
(-3.15773356923438e-11,6.91986399097983e-10,1.39751938683196e-11)
(0,0,0)
(0,0,0)
(0,0,0)
(0,0,0)
(0,0,0)
(0,0,0)
(3.07079581770385e-12,1.50684673231434e-11,-2.06346287499742e-10)
(5.75897734921428e-12,2.9287463745279e-11,-2.01884839496809e-10)
(9.37358553515278e-12,4.21510813665083e-11,-1.91697124439505e-10)
(1.23914942967715e-11,5.32061904484001e-11,-1.72861139329098e-10)
(1.73448391549454e-11,5.71440434026192e-11,-1.39611832506721e-10)
(2.52008579672596e-11,5.13080600873514e-11,-8.38230534709181e-11)
(-1.28164141842897e-16,7.79422485419937e-16,-3.16003469648228e-17)
(-6.02738996551446e-11,7.67407879174792e-10,6.41934051451854e-17)
(-3.55616916049885e-11,6.93879961530934e-10,-1.49775279333529e-11)
(-2.56275635615006e-11,7.05577278317555e-10,-1.55765157427684e-11)
(0,0,0)
(0,0,0)
(0,0,0)
(0,0,0)
(0,0,0)
(0,0,0)
(3.73449348074008e-12,1.08098482496011e-11,-2.81837817010664e-10)
(6.99648782979838e-12,1.98303252883288e-11,-2.7746574412868e-10)
(1.31836494507785e-11,2.47786894938481e-11,-2.68806482238177e-10)
(2.25329787696072e-11,2.37675114445285e-11,-2.53524952644274e-10)
(4.2712166579112e-11,1.00569940168779e-11,-2.22979630377982e-10)
(8.78599417921076e-11,-1.55565907939009e-11,-1.56092033295671e-10)
(-2.92556295688611e-18,5.89971345271856e-16,-5.78007520839563e-17)
(-6.16312429231911e-11,7.66533223463346e-10,-2.87488824219237e-16)
(-2.46241421779546e-11,6.89304869927092e-10,-8.55469640711422e-11)
(-1.51706693736677e-11,6.87344504427763e-10,-5.38326135274118e-11)
(0,0,0)
(0,0,0)
(0,0,0)
(0,0,0)
(0,0,0)
(0,0,0)
(4.50436990854539e-12,6.63835204012854e-12,-3.73034914592906e-10)
(8.52859622906586e-12,1.17577411494125e-11,-3.69642170416578e-10)
(1.60120476396935e-11,1.10874488426375e-11,-3.63651398320388e-10)
(3.03799044707765e-11,-2.1142020445161e-12,-3.55351312687505e-10)
(7.27775935138785e-11,-4.1649096432334e-11,-3.41011955302184e-10)
(2.64077029740041e-10,-1.26305029407421e-10,-2.9405184031203e-10)
(9.85635931674975e-17,8.11698543912192e-16,-1.00240768648294e-15)
(-3.09742919243724e-12,8.16876100844355e-10,-5.12811871065924e-10)
(-1.95764518006787e-12,6.4690540472987e-10,-2.46583503151463e-10)
(-1.50355973231246e-12,6.29278183805862e-10,-1.10156066039391e-10)
(0,0,0)
(0,0,0)
(0,0,0)
(0,0,0)
(0,0,0)
(0,0,0)
(5.34984929735261e-12,3.98457124808529e-12,-4.75360665497569e-10)
(1.02463225537718e-11,6.6108847053931e-12,-4.72765025940687e-10)
(1.63972460825399e-11,3.95971936373917e-12,-4.69276137749622e-10)
(2.63549544144201e-11,-1.21504952453646e-11,-4.68554056686938e-10)
(4.16217572172424e-11,-6.38999836652179e-11,-4.80288263979684e-10)
(5.92752012151952e-11,-2.5143473944418e-10,-5.42066064810968e-10)
(2.5299237565932e-11,5.12811742727467e-10,-8.36450125172901e-10)
(1.38275634204579e-11,5.08724507603745e-10,-5.17109676766916e-10)
(9.66456798490071e-12,4.99209188840465e-10,-3.07041970370614e-10)
(7.69670102843846e-12,5.14945612797412e-10,-1.46940896042302e-10)
(0,0,0)
(0,0,0)
(0,0,0)
(0,0,0)
(0,0,0)
(0,0,0)
(6.95739002230037e-12,2.22364388765763e-12,-5.72575393319854e-10)
(1.21503214227331e-11,3.87110668193985e-12,-5.70456210544745e-10)
(1.58201502213546e-11,3.43074917192218e-12,-5.67792826068682e-10)
(2.16728109612145e-11,-1.15477936691444e-12,-5.67658300983786e-10)
(2.74476352516331e-11,-7.26801282556958e-12,-5.73602707253916e-10)
(3.23740105858978e-11,7.64261465325989e-12,-5.92383355268926e-10)
(2.32267172820532e-11,2.18960107026016e-10,-6.21865723768317e-10)
(1.75230900149768e-11,2.95564373888747e-10,-4.94302350401596e-10)
(1.3860298599188e-11,3.362341114017e-10,-3.38034578766552e-10)
(1.21892581482106e-11,3.66042289119524e-10,-1.73011717829385e-10)
(0,0,0)
(0,0,0)
(0,0,0)
(0,0,0)
(0,0,0)
(0,0,0)
(8.46729388995589e-12,8.57246622190781e-13,-6.40480533482596e-10)
(1.35080100438708e-11,1.78060082039687e-12,-6.38478635012885e-10)
(1.5242534865064e-11,2.59177481466736e-12,-6.35829874801613e-10)
(1.9094543328558e-11,3.18543792700925e-12,-6.34188282183739e-10)
(2.20170616560859e-11,7.6171572443707e-12,-6.32331084706031e-10)
(2.41658752610438e-11,2.87916631522634e-11,-6.26655015086354e-10)
(2.12046453910079e-11,9.48246006560476e-11,-6.00405906372232e-10)
(1.76460870093992e-11,1.39828972804842e-10,-5.04779943400042e-10)
(1.50624181364441e-11,1.71033817200613e-10,-3.63869388499055e-10)
(1.35931581723155e-11,1.92497449692128e-10,-1.92346588310745e-10)
(0,0,0)
(0,0,0)
(0,0,0)
(0,0,0)
(0,0,0)
(0,0,0)
(0,0,0)
(0,0,0)
(0,0,0)
(0,0,0)
(0,0,0)
(0,0,0)
(0,0,0)
(0,0,0)
(0,0,0)
(0,0,0)
(0,0,0)
(0,0,0)
(0,0,0)
(0,0,0)
(0,0,0)
(0,0,0)
(0,0,0)
(0,0,0)
(0,0,0)
(0,0,0)
(0,0,0)
(0,0,0)
(0,0,0)
(0,0,0)
(0,0,0)
(0,0,0)
(0,0,0)
(0,0,0)
(0,0,0)
(0,0,0)
(0,0,0)
(0,0,0)
(0,0,0)
(0,0,0)
(0,0,0)
(0,0,0)
(0,0,0)
(0,0,0)
(0,0,0)
(0,0,0)
(0,0,0)
(0,0,0)
(0,0,0)
(0,0,0)
(0,0,0)
(0,0,0)
(0,0,0)
(0,0,0)
(0,0,0)
(0,0,0)
(0,0,0)
(0,0,0)
(0,0,0)
(0,0,0)
(0,0,0)
(0,0,0)
(0,0,0)
(0,0,0)
(0,0,0)
(0,0,0)
(0,0,0)
(0,0,0)
(0,0,0)
(0,0,0)
(0,0,0)
(0,0,0)
(0,0,0)
(0,0,0)
(0,0,0)
(0,0,0)
(0,0,0)
(0,0,0)
(0,0,0)
(0,0,0)
(0,0,0)
(0,0,0)
(0,0,0)
(0,0,0)
(0,0,0)
(0,0,0)
(0,0,0)
(0,0,0)
(0,0,0)
(0,0,0)
(0,0,0)
(0,0,0)
(0,0,0)
(0,0,0)
(0,0,0)
(0,0,0)
(0,0,0)
(0,0,0)
(0,0,0)
(0,0,0)
(0,0,0)
(0,0,0)
(5.46721928610523e-13,2.74319280070701e-11,-2.78188164533549e-11)
(2.98523544969123e-13,5.77420808744284e-11,-2.65568822254484e-11)
(-1.74016949067798e-13,9.3877973180318e-11,-2.30024615235824e-11)
(-1.48914342229407e-12,1.35819158507758e-10,-1.6325948315284e-11)
(-3.5821365004658e-12,1.86836138742892e-10,-7.13891848054255e-12)
(-6.31643080991987e-12,2.52881206032398e-10,4.77197272527992e-12)
(-1.02189871876175e-11,3.34497563220954e-10,1.67608237248908e-11)
(-1.17258129111199e-11,4.18061773032118e-10,1.8323418484517e-11)
(-1.06066976047097e-11,4.90088164947765e-10,1.21797480654187e-11)
(-9.82264092689024e-12,5.3345393024819e-10,5.67238517936656e-12)
(0,0,0)
(0,0,0)
(0,0,0)
(0,0,0)
(0,0,0)
(0,0,0)
(1.36306055896022e-12,2.64443334585088e-11,-5.85566324357949e-11)
(1.40540890627573e-12,5.43091888942713e-11,-5.58119790610369e-11)
(6.16685672146656e-13,8.71871771727431e-11,-4.90476878163025e-11)
(-2.46373917014842e-12,1.26312939503362e-10,-3.64646378546004e-11)
(-7.17862005956293e-12,1.73898606819618e-10,-1.71871732701233e-11)
(-1.40012829993494e-11,2.3941156284394e-10,1.15729181058235e-11)
(-2.3522096446562e-11,3.31396881721286e-10,4.87628566432896e-11)
(-2.6071515007044e-11,4.22305673286527e-10,4.79938074530322e-11)
(-2.26519618842732e-11,4.95022505279563e-10,2.88283555822917e-11)
(-2.0077489497566e-11,5.37688031465807e-10,1.22753691814857e-11)
(0,0,0)
(0,0,0)
(0,0,0)
(0,0,0)
(0,0,0)
(0,0,0)
(2.27748984579853e-12,2.40549293971276e-11,-9.75545503898526e-11)
(2.92725208021336e-12,4.79498182741154e-11,-9.30768614970348e-11)
(1.98639277672623e-12,7.49062787056255e-11,-8.35691916361938e-11)
(-1.84999684385397e-12,1.06838118972679e-10,-6.62202488146212e-11)
(-8.49950296511345e-12,1.43996548716271e-10,-3.69008833655405e-11)
(-2.13811297371848e-11,2.00051443729119e-10,1.55807718348317e-11)
(-4.81183967402865e-11,3.29462010234843e-10,1.34828975855858e-10)
(-4.77663475499388e-11,4.37130560160986e-10,1.10826094420863e-10)
(-3.49498329979403e-11,5.07775326067336e-10,5.20390174229323e-11)
(-2.86881039421492e-11,5.46531147198099e-10,1.86117963154399e-11)
(0,0,0)
(0,0,0)
(0,0,0)
(0,0,0)
(0,0,0)
(0,0,0)
(2.30193776362217e-12,1.96887268781299e-11,-1.45439383523704e-10)
(3.43689901318879e-12,3.90250572801699e-11,-1.40650974216357e-10)
(4.22893703898097e-12,5.84759797394924e-11,-1.29730310685512e-10)
(1.29196345109043e-12,7.8348466604816e-11,-1.1029971925071e-10)
(-4.78879142105049e-12,9.15831387481667e-11,-7.96504603070891e-11)
(-1.56438603208393e-11,7.9148084643512e-11,-3.7079734125129e-11)
(-9.19579472408546e-11,3.53457094002529e-10,1.06915914974759e-16)
(-9.29927923620439e-11,4.88509856324308e-10,2.48158074900093e-10)
(-4.52603815360559e-11,5.35277124974658e-10,6.89929819874464e-11)
(-3.11930210435501e-11,5.60343363524023e-10,1.66621735481162e-11)
(0,0,0)
(0,0,0)
(0,0,0)
(0,0,0)
(0,0,0)
(0,0,0)
(2.86796688827841e-12,1.49158517734849e-11,-2.01789074969775e-10)
(5.02840074889137e-12,2.86907379225969e-11,-1.96857728425649e-10)
(7.909992297388e-12,4.0594419027134e-11,-1.85894218188168e-10)
(8.5808664782907e-12,5.02410814034229e-11,-1.66173403666226e-10)
(8.64310950484129e-12,5.22524243485333e-11,-1.32376690142987e-10)
(8.24248697794961e-12,4.61189136425289e-11,-7.8079834537438e-11)
(-3.45067538048231e-17,3.93290677357334e-16,-2.96253428103145e-17)
(-4.44216518169415e-11,6.53601984513323e-10,7.4374208087429e-17)
(-3.03876121916907e-11,5.78083261255067e-10,-8.49063701847335e-12)
(-2.297130541446e-11,5.70861633671802e-10,-1.14134379129875e-11)
(0,0,0)
(0,0,0)
(0,0,0)
(0,0,0)
(0,0,0)
(0,0,0)
(3.53391680824526e-12,1.01909684326208e-11,-2.67566139514213e-10)
(6.40981007818966e-12,1.87131807903552e-11,-2.62836461570282e-10)
(1.15933605081404e-11,2.35624013527324e-11,-2.53223366654399e-10)
(1.78693699922642e-11,2.2604586537502e-11,-2.35702850032429e-10)
(2.75306599460327e-11,1.07184749040888e-11,-2.01463586078247e-10)
(4.25164049107177e-11,-9.00035610323715e-12,-1.32911241340113e-10)
(5.0353105380576e-18,2.32731699530069e-16,-4.91075218626517e-17)
(-2.64274437218789e-11,6.29865880885978e-10,-2.12279994179459e-16)
(-1.39390275244773e-11,5.67507806292301e-10,-7.15068752392419e-11)
(-1.09369622792083e-11,5.52235206131404e-10,-4.57137609079552e-11)
(0,0,0)
(0,0,0)
(0,0,0)
(0,0,0)
(0,0,0)
(0,0,0)
(3.76540652422989e-12,6.11445309379764e-12,-3.39667530742643e-10)
(7.68468057693427e-12,1.06255403352836e-11,-3.36121741947262e-10)
(1.48396914857211e-11,9.90852616589288e-12,-3.28999908100465e-10)
(2.60768402862991e-11,-2.28527816239219e-12,-3.16915195123269e-10)
(4.80683657565912e-11,-3.53456501670903e-11,-2.93514723271114e-10)
(9.5155901872421e-11,-9.53711471433611e-11,-2.30393057966803e-10)
(3.61929087120161e-17,3.74452997782052e-16,-5.02975314036567e-16)
(3.88257961336871e-11,6.58415570802469e-10,-4.29388136473687e-10)
(9.31113359727598e-12,5.27155967505831e-10,-2.11210311985791e-10)
(2.67294523675928e-12,4.99670706966862e-10,-9.47411016311202e-11)
(0,0,0)
(0,0,0)
(0,0,0)
(0,0,0)
(0,0,0)
(0,0,0)
(4.5151371009069e-12,3.62719907128176e-12,-4.14086923233282e-10)
(9.49721238614397e-12,5.29890021943552e-12,-4.1127318341923e-10)
(1.6204135211658e-11,1.9080133191318e-12,-4.06982301369898e-10)
(2.70934458287439e-11,-1.53270909904105e-11,-4.03538625020861e-10)
(4.67675872088814e-11,-7.03663415807575e-11,-4.08786387515408e-10)
(9.45819074797417e-11,-2.55577829957574e-10,-4.54929168921107e-10)
(-1.89575138599328e-13,4.29388024151755e-10,-7.04783187960418e-10)
(1.69199907391373e-11,4.23565921995738e-10,-4.38776894737302e-10)
(1.25385710953919e-11,4.03931672449107e-10,-2.58933785178688e-10)
(9.65912866398555e-12,4.01384842527158e-10,-1.22634959262395e-10)
(0,0,0)
(0,0,0)
(0,0,0)
(0,0,0)
(0,0,0)
(0,0,0)
(6.20460451272203e-12,1.87737156575748e-12,-4.78306611491423e-10)
(1.1577442808222e-11,2.56999381769209e-12,-4.75884263798214e-10)
(1.65245994936218e-11,1.111250074797e-12,-4.72673752811165e-10)
(2.32769999374345e-11,-4.68566813567024e-12,-4.70979921851664e-10)
(3.13431131967079e-11,-1.51363692396902e-11,-4.7421198717928e-10)
(4.0707330586258e-11,-9.14128426603584e-12,-4.89027338650054e-10)
(1.97988502853197e-11,1.82887349102227e-10,-5.14730744162338e-10)
(1.69907194638435e-11,2.45237145617656e-10,-4.04780468656268e-10)
(1.40377318630898e-11,2.66950960344348e-10,-2.71112928471294e-10)
(1.27223797462977e-11,2.77757657527684e-10,-1.36025246669344e-10)
(0,0,0)
(0,0,0)
(0,0,0)
(0,0,0)
(0,0,0)
(0,0,0)
(7.32264204243592e-12,7.57937883693205e-13,-5.17450301075869e-10)
(1.26398506529951e-11,9.98558228405947e-13,-5.14721757367481e-10)
(1.61927170618586e-11,8.87015294304347e-13,-5.11596565022477e-10)
(2.0422783777859e-11,9.18467961806941e-13,-5.09279519255773e-10)
(2.39581492807805e-11,3.37328091660153e-12,-5.06693255122445e-10)
(2.67084296991833e-11,2.03634722997769e-11,-5.01303844863034e-10)
(2.04032830748663e-11,7.92219527084937e-11,-4.78030436667188e-10)
(1.65645049132538e-11,1.1460845101238e-10,-3.95410791624121e-10)
(1.45734351487575e-11,1.32986571747196e-10,-2.78338585875282e-10)
(1.37440195536758e-11,1.42316565512044e-10,-1.43891317604368e-10)
(0,0,0)
(0,0,0)
(0,0,0)
(0,0,0)
(0,0,0)
(0,0,0)
(0,0,0)
(0,0,0)
(0,0,0)
(0,0,0)
(0,0,0)
(0,0,0)
(0,0,0)
(0,0,0)
(0,0,0)
(0,0,0)
(0,0,0)
(0,0,0)
(0,0,0)
(0,0,0)
(0,0,0)
(0,0,0)
(0,0,0)
(0,0,0)
(0,0,0)
(0,0,0)
(0,0,0)
(0,0,0)
(0,0,0)
(0,0,0)
(0,0,0)
(0,0,0)
(0,0,0)
(0,0,0)
(0,0,0)
(0,0,0)
(0,0,0)
(0,0,0)
(0,0,0)
(0,0,0)
(0,0,0)
(0,0,0)
(0,0,0)
(0,0,0)
(0,0,0)
(0,0,0)
(0,0,0)
(0,0,0)
(0,0,0)
(0,0,0)
(0,0,0)
(0,0,0)
(0,0,0)
(0,0,0)
(0,0,0)
(0,0,0)
(0,0,0)
(0,0,0)
(0,0,0)
(0,0,0)
(0,0,0)
(0,0,0)
(0,0,0)
(0,0,0)
(0,0,0)
(0,0,0)
(0,0,0)
(0,0,0)
(0,0,0)
(0,0,0)
(0,0,0)
(0,0,0)
(0,0,0)
(0,0,0)
(0,0,0)
(0,0,0)
(0,0,0)
(0,0,0)
(0,0,0)
(0,0,0)
(0,0,0)
(0,0,0)
(0,0,0)
(0,0,0)
(0,0,0)
(0,0,0)
(0,0,0)
(0,0,0)
(0,0,0)
(0,0,0)
(0,0,0)
(0,0,0)
(0,0,0)
(0,0,0)
(0,0,0)
(0,0,0)
(0,0,0)
(0,0,0)
(0,0,0)
(0,0,0)
(0,0,0)
(0,0,0)
(2.72382249332288e-13,2.8241914181837e-11,-2.69276394723734e-11)
(1.76994823221229e-13,5.83250589176642e-11,-2.56296642338091e-11)
(-1.59734149787836e-13,9.26079900516455e-11,-2.23363722223828e-11)
(-1.16995425263725e-12,1.30604101361792e-10,-1.61015039420663e-11)
(-2.55549578302907e-12,1.75941180481981e-10,-7.86594351584087e-12)
(-4.83563862106836e-12,2.33100727865538e-10,2.24552761069171e-12)
(-8.68090044759795e-12,3.00236729398411e-10,1.23280119073051e-11)
(-9.82604274643287e-12,3.65885088820986e-10,1.41485621093188e-11)
(-9.03367505039483e-12,4.18583712702434e-10,9.74681313170283e-12)
(-8.38435696511517e-12,4.48392356053823e-10,4.58976719674637e-12)
(0,0,0)
(0,0,0)
(0,0,0)
(0,0,0)
(0,0,0)
(0,0,0)
(1.00781124558576e-12,2.71061205851063e-11,-5.79909386518513e-11)
(1.00048828167594e-12,5.49322043399916e-11,-5.48444493722849e-11)
(3.14534177588899e-13,8.60280743461948e-11,-4.81482600315923e-11)
(-2.2663832239385e-12,1.21471707531716e-10,-3.6577785415282e-11)
(-6.0366533321911e-12,1.64105285342248e-10,-1.96438965378974e-11)
(-1.18311024220227e-11,2.20651843766836e-10,4.34908141478769e-12)
(-2.081817576985e-11,2.94637212610152e-10,3.37774312723327e-11)
(-2.17309500107773e-11,3.66482824542559e-10,3.51594619061652e-11)
(-1.88517962712417e-11,4.20858293073677e-10,2.18345713838142e-11)
(-1.66452360485326e-11,4.5073650694519e-10,9.49038473135211e-12)
(0,0,0)
(0,0,0)
(0,0,0)
(0,0,0)
(0,0,0)
(0,0,0)
(2.1660034719762e-12,2.4452768617106e-11,-9.71124796296383e-11)
(2.34434321332265e-12,4.86901694371181e-11,-9.18979360355752e-11)
(1.06774892128716e-12,7.45848448624068e-11,-8.20263811563432e-11)
(-2.67970992508697e-12,1.03740208642563e-10,-6.57178054395098e-11)
(-8.5677481973358e-12,1.37634168623328e-10,-4.03129621456669e-11)
(-1.97259746726415e-11,1.85364817061445e-10,1.48570696258018e-12)
(-4.81105990729642e-11,2.80864407621345e-10,8.66473574963251e-11)
(-4.03585667153208e-11,3.69495814896988e-10,7.55056522237634e-11)
(-2.90244107976654e-11,4.26362911130181e-10,3.66173013871218e-11)
(-2.38885239526427e-11,4.55166998731441e-10,1.3309258383022e-11)
(0,0,0)
(0,0,0)
(0,0,0)
(0,0,0)
(0,0,0)
(0,0,0)
(2.28640356091392e-12,2.00805483415037e-11,-1.43145534875059e-10)
(2.85055483994767e-12,3.99004877721002e-11,-1.37075819618682e-10)
(2.67990631649451e-12,5.92964451638987e-11,-1.25637539832437e-10)
(-1.24991029110306e-12,7.81505163483398e-11,-1.07196365225226e-10)
(-8.02880320340512e-12,9.2682155932953e-11,-8.04278119813904e-11)
(-1.96945303609165e-11,8.71210987728018e-11,-4.61165714502302e-11)
(1.33407854868178e-11,2.45461674372364e-10,-3.25107476072578e-11)
(-7.89198276384206e-11,3.82022895581715e-10,1.56325944555825e-10)
(-3.57357093771423e-11,4.37204850994907e-10,4.23971840451766e-11)
(-2.50491176432526e-11,4.60497814110313e-10,9.53472272352739e-12)
(0,0,0)
(0,0,0)
(0,0,0)
(0,0,0)
(0,0,0)
(0,0,0)
(2.66150368497967e-12,1.51021454622059e-11,-1.94560936231815e-10)
(4.04244764368245e-12,2.97528764711147e-11,-1.88758224189698e-10)
(5.22119544986106e-12,4.25297275763595e-11,-1.77423633833999e-10)
(2.42064782096731e-12,5.24461491282098e-11,-1.58658062502963e-10)
(-4.11979665625516e-12,5.70137463543274e-11,-1.29508070218756e-10)
(-1.47180481883613e-11,5.66998902065503e-11,-8.31419507995338e-11)
(2.20526731246984e-17,3.98794699281584e-16,-1.08107361857675e-16)
(-1.21948367969098e-11,4.23072882093391e-10,-3.15991325932194e-11)
(-1.68893563343623e-11,4.49270752491416e-10,-2.1118077342871e-11)
(-1.57583157869535e-11,4.60021624098764e-10,-1.4411756325196e-11)
(0,0,0)
(0,0,0)
(0,0,0)
(0,0,0)
(0,0,0)
(0,0,0)
(2.88075420312658e-12,1.04894734996031e-11,-2.51981189028517e-10)
(4.88435561738e-12,2.01454368581296e-11,-2.46972516288984e-10)
(7.72671907299222e-12,2.68045001990092e-11,-2.36999452205538e-10)
(8.51997073801724e-12,2.8249066424605e-11,-2.19966553676055e-10)
(5.04244027906335e-12,2.1697132688174e-11,-1.90098739606957e-10)
(-4.0239962817544e-12,7.91309494771299e-12,-1.32031370357317e-10)
(2.64864846028809e-17,2.67654643503051e-16,-1.44666493033782e-16)
(1.65295293208778e-11,3.94491745233202e-10,-7.84039311236158e-11)
(6.1969693075967e-13,4.30691156003745e-10,-7.7716888044299e-11)
(-4.08622402267243e-12,4.38139048913344e-10,-4.33383586439522e-11)
(0,0,0)
(0,0,0)
(0,0,0)
(0,0,0)
(0,0,0)
(0,0,0)
(2.70687175133048e-12,6.59801136765954e-12,-3.09517458205484e-10)
(5.8894868459924e-12,1.2071400817273e-11,-3.0603811400084e-10)
(1.07554913552941e-11,1.37054368385646e-11,-2.98241240550266e-10)
(1.57181812621401e-11,7.03743954733997e-12,-2.85236982967465e-10)
(1.99673918659635e-11,-1.34533441771258e-11,-2.62470885644429e-10)
(2.49700296951409e-11,-5.17984382023133e-11,-2.05812620915128e-10)
(1.99925207420241e-17,3.34593329689043e-16,-4.58767638746879e-16)
(5.5497620452526e-11,3.86679031995271e-10,-2.87440018770461e-10)
(1.60662182992551e-11,3.91427075544243e-10,-1.66176157556705e-10)
(6.2177080452965e-12,3.91027734511349e-10,-7.85941723346741e-11)
(0,0,0)
(0,0,0)
(0,0,0)
(0,0,0)
(0,0,0)
(0,0,0)
(3.45122479235784e-12,4.24658140146478e-12,-3.64996800363932e-10)
(7.93523673854804e-12,6.55353757274829e-12,-3.61971033461153e-10)
(1.35572221069803e-11,5.53208536400378e-12,-3.56538853768341e-10)
(2.16997854685309e-11,-4.38449425089142e-12,-3.49952722300625e-10)
(3.76803962735213e-11,-3.80204103042071e-11,-3.45589574114695e-10)
(9.79993808275188e-11,-1.47098933516991e-10,-3.53132018686456e-10)
(-1.9695193312172e-11,2.59121242871079e-10,-4.1563650014814e-10)
(1.54056575585951e-11,2.9747305569733e-10,-3.1759950622944e-10)
(1.32204572838528e-11,3.09046481607114e-10,-2.0334424711542e-10)
(1.06513544009884e-11,3.13488672374019e-10,-9.91680169006421e-11)
(0,0,0)
(0,0,0)
(0,0,0)
(0,0,0)
(0,0,0)
(0,0,0)
(4.90169050156972e-12,2.3389117512669e-12,-4.11216940115787e-10)
(9.93836741047056e-12,3.54592930978174e-12,-4.08672774703754e-10)
(1.50550033146115e-11,3.32994706044388e-12,-4.04428564026134e-10)
(2.09049291675459e-11,1.00933022627142e-12,-3.9938076077162e-10)
(2.76488145112108e-11,-4.06653053489409e-12,-3.95176453880914e-10)
(3.69059795327257e-11,4.95390182388531e-12,-3.93503531532683e-10)
(1.35139711729218e-11,1.33345921517059e-10,-3.8756657681069e-10)
(1.39518738841381e-11,1.86336071700694e-10,-3.1426651739623e-10)
(1.29144386582886e-11,2.07701645360675e-10,-2.14179475323988e-10)
(1.21382250926322e-11,2.16207268694429e-10,-1.07898142227209e-10)
(0,0,0)
(0,0,0)
(0,0,0)
(0,0,0)
(0,0,0)
(0,0,0)
(5.3520362177405e-12,1.17514377169658e-12,-4.37480496641849e-10)
(1.05132165363984e-11,1.77024312820254e-12,-4.34751280340437e-10)
(1.47626865894587e-11,1.84679616713665e-12,-4.30794872083891e-10)
(1.87549876063373e-11,2.90855435568305e-12,-4.257413534008e-10)
(2.19420199379711e-11,5.80153170016821e-12,-4.18279862220458e-10)
(2.37984938031144e-11,1.97845532183233e-11,-4.06400146358844e-10)
(1.70055907402932e-11,6.2256280537967e-11,-3.78273934185914e-10)
(1.41007501767972e-11,8.96147963031752e-11,-3.1154129215246e-10)
(1.31127386250184e-11,1.0384573517984e-10,-2.18752915877339e-10)
(1.21692674613466e-11,1.10247284771958e-10,-1.12575864355041e-10)
(0,0,0)
(0,0,0)
(0,0,0)
(0,0,0)
(0,0,0)
(0,0,0)
(0,0,0)
(0,0,0)
(0,0,0)
(0,0,0)
(0,0,0)
(0,0,0)
(0,0,0)
(0,0,0)
(0,0,0)
(0,0,0)
(0,0,0)
(0,0,0)
(0,0,0)
(0,0,0)
(0,0,0)
(0,0,0)
(0,0,0)
(0,0,0)
(0,0,0)
(0,0,0)
(0,0,0)
(0,0,0)
(0,0,0)
(0,0,0)
(0,0,0)
(0,0,0)
(0,0,0)
(0,0,0)
(0,0,0)
(0,0,0)
(0,0,0)
(0,0,0)
(0,0,0)
(0,0,0)
(0,0,0)
(0,0,0)
(0,0,0)
(0,0,0)
(0,0,0)
(0,0,0)
(0,0,0)
(0,0,0)
(0,0,0)
(0,0,0)
(0,0,0)
(0,0,0)
(0,0,0)
(0,0,0)
(0,0,0)
(0,0,0)
(0,0,0)
(0,0,0)
(0,0,0)
(0,0,0)
(0,0,0)
(0,0,0)
(0,0,0)
(0,0,0)
(0,0,0)
(0,0,0)
(0,0,0)
(0,0,0)
(0,0,0)
(0,0,0)
(0,0,0)
(0,0,0)
(0,0,0)
(0,0,0)
(0,0,0)
(0,0,0)
(0,0,0)
(0,0,0)
(0,0,0)
(0,0,0)
(0,0,0)
(0,0,0)
(0,0,0)
(0,0,0)
(0,0,0)
(0,0,0)
(0,0,0)
(0,0,0)
(0,0,0)
(0,0,0)
(0,0,0)
(0,0,0)
(0,0,0)
(0,0,0)
(0,0,0)
(0,0,0)
(0,0,0)
(0,0,0)
(0,0,0)
(0,0,0)
(0,0,0)
(0,0,0)
(1.10200607552539e-13,2.96243334334579e-11,-2.6273488479799e-11)
(2.76557389421767e-13,5.90175153889692e-11,-2.50247966505397e-11)
(1.85313275385768e-13,9.08280831011393e-11,-2.19685666841617e-11)
(-2.73120848802009e-13,1.25599939129649e-10,-1.65775702161448e-11)
(-8.31071769842965e-13,1.66932293916971e-10,-9.85918038675306e-12)
(-2.46923881897753e-12,2.17206714942281e-10,-2.01885345171044e-12)
(-4.90193386137809e-12,2.72934325605839e-10,5.28637285720038e-12)
(-6.02202949034726e-12,3.26368672024509e-10,7.11079590926006e-12)
(-6.1512094867179e-12,3.67988267890677e-10,5.22459661264712e-12)
(-6.13874065972112e-12,3.90528494862739e-10,2.58295134079577e-12)
(0,0,0)
(0,0,0)
(0,0,0)
(0,0,0)
(0,0,0)
(0,0,0)
(5.14673934031936e-13,2.85510709443832e-11,-5.65905757261667e-11)
(5.46333843858408e-13,5.59782816263329e-11,-5.35877827880889e-11)
(1.8728904504441e-13,8.54876995613076e-11,-4.75214335174683e-11)
(-1.46877321215765e-12,1.18514204752203e-10,-3.76135561834672e-11)
(-3.55851456594152e-12,1.58417433817299e-10,-2.40196319118609e-11)
(-5.97242557419379e-12,2.08696932921262e-10,-6.37005428921407e-12)
(-8.42740141486504e-12,2.68519809922956e-10,1.22234400956566e-11)
(-1.14190498428518e-11,3.25078632906504e-10,1.55524423965375e-11)
(-1.20122276752453e-11,3.68076494366571e-10,1.04111593510665e-11)
(-1.15853431034182e-11,3.91329221871293e-10,4.63221708542119e-12)
(0,0,0)
(0,0,0)
(0,0,0)
(0,0,0)
(0,0,0)
(0,0,0)
(1.32368015352283e-12,2.57289042922647e-11,-9.41265586471159e-11)
(1.26246999910038e-12,4.99534997883168e-11,-8.89268650057126e-11)
(4.75729029857347e-14,7.55332744837877e-11,-7.9800276460438e-11)
(-2.49486092468685e-12,1.04062422303627e-10,-6.55834461035965e-11)
(-5.41440461523625e-12,1.39027232611314e-10,-4.53765157519339e-11)
(-6.64390691775731e-12,1.87154951971206e-10,-1.61335927703291e-11)
(-1.56616055140565e-12,2.60631762455239e-10,2.45568834649133e-11)
(-1.39972965633935e-11,3.24268729174684e-10,2.55716463832154e-11)
(-1.65583076582979e-11,3.68514763938877e-10,1.35432910786464e-11)
(-1.5910080948523e-11,3.91445329922656e-10,4.82738165118354e-12)
(0,0,0)
(0,0,0)
(0,0,0)
(0,0,0)
(0,0,0)
(0,0,0)
(1.19509118382108e-12,2.10727078008462e-11,-1.37680477766839e-10)
(1.5598863546697e-12,4.12929528220709e-11,-1.31578321182547e-10)
(1.00544929684796e-12,6.15256506530374e-11,-1.20774668486965e-10)
(-2.31409631483786e-12,8.26811672015276e-11,-1.04152453190277e-10)
(-6.67163415591708e-12,1.06942397613952e-10,-8.12122172156428e-11)
(-2.879145637633e-12,1.42558931886715e-10,-4.48489987457634e-11)
(6.99653689014572e-11,2.58818926641266e-10,4.55895203630772e-11)
(-6.04105363942833e-12,3.28231130189275e-10,2.56025939433332e-11)
(-1.4939149552025e-11,3.693768350455e-10,4.93860463810212e-12)
(-1.50382049082134e-11,3.88987451627205e-10,-1.23680881911748e-12)
(0,0,0)
(0,0,0)
(0,0,0)
(0,0,0)
(0,0,0)
(0,0,0)
(1.47146360548456e-12,1.59847777622256e-11,-1.8473268924358e-10)
(2.31529690094082e-12,3.17214625048882e-11,-1.79207730716595e-10)
(2.18085149616959e-12,4.61216970682814e-11,-1.6877612350786e-10)
(-2.5322617596379e-12,5.9158275912203e-11,-1.52984677985219e-10)
(-1.51693024093085e-11,6.76794300894067e-11,-1.33016087186521e-10)
(-4.9073095621682e-11,5.13580769841155e-11,-1.12424109827135e-10)
(3.15991776785862e-11,3.36432994036019e-10,-1.20018117106798e-10)
(5.90524481288598e-12,3.43838901252554e-10,-6.01703173095209e-11)
(-5.01608086448639e-12,3.67142192493935e-10,-3.75642997377712e-11)
(-8.28749692671049e-12,3.80328213315786e-10,-1.98270797142617e-11)
(0,0,0)
(0,0,0)
(0,0,0)
(0,0,0)
(0,0,0)
(0,0,0)
(1.7635435954878e-12,1.15449966319718e-11,-2.35405904631709e-10)
(2.98532757483506e-12,2.27335791972277e-11,-2.30927195842111e-10)
(3.79288390395008e-12,3.1909517844402e-11,-2.22052184546217e-10)
(-1.36216453806734e-13,3.85568862128179e-11,-2.0858864395438e-10)
(-1.78744521052743e-11,3.93030266058331e-11,-1.91438309775047e-10)
(-7.6343688822528e-11,2.15708835445428e-11,-1.78010685378908e-10)
(7.84037460049212e-11,2.98814137870613e-10,-2.04155884580655e-10)
(2.36551994794803e-11,3.22766696194302e-10,-1.28567325921291e-10)
(5.50524798998797e-12,3.45602106887563e-10,-8.39554071290983e-11)
(-3.13268264597561e-13,3.56366802688981e-10,-4.24306820110863e-11)
(0,0,0)
(0,0,0)
(0,0,0)
(0,0,0)
(0,0,0)
(0,0,0)
(1.57895751288663e-12,7.6919989834771e-12,-2.85045933886609e-10)
(3.61047663987247e-12,1.48121372561302e-11,-2.81882057902322e-10)
(5.92458524710177e-12,1.99986849204571e-11,-2.74683736649899e-10)
(4.37401773731812e-12,2.16082792735503e-11,-2.63749117461719e-10)
(-1.21238067362364e-11,1.61560539375193e-11,-2.522045074406e-10)
(-8.55416371376749e-11,-1.19073647925605e-11,-2.53985263464762e-10)
(2.83186717176107e-11,2.85850268522585e-10,-3.56293782854939e-10)
(2.34397355366705e-11,2.91811980428885e-10,-2.20710980767552e-10)
(1.08648270143421e-11,3.0610671358565e-10,-1.35391669159083e-10)
(5.1625978479268e-12,3.13466523327579e-10,-6.56120321029053e-11)
(0,0,0)
(0,0,0)
(0,0,0)
(0,0,0)
(0,0,0)
(0,0,0)
(2.33312753978981e-12,4.97361185622418e-12,-3.29552305867358e-10)
(5.51066530864332e-12,8.8486792185947e-12,-3.26489667005643e-10)
(9.17322894286938e-12,1.17835682091697e-11,-3.20618747025775e-10)
(1.19428128054199e-11,1.26355974717786e-11,-3.12353903018322e-10)
(1.12689610759723e-11,1.10817258705042e-11,-3.0466464514723e-10)
(8.4510269482976e-12,2.17088874396874e-11,-3.02626397698972e-10)
(8.04313412318225e-12,1.71253887591707e-10,-3.11729954839793e-10)
(1.2287382441205e-11,2.20655831058551e-10,-2.42886395928558e-10)
(1.03890633155242e-11,2.4145167625683e-10,-1.61468948266159e-10)
(8.76474117996859e-12,2.49959838371559e-10,-8.04643822474767e-11)
(0,0,0)
(0,0,0)
(0,0,0)
(0,0,0)
(0,0,0)
(0,0,0)
(3.52129306914396e-12,2.54378107593943e-12,-3.65360475988157e-10)
(7.46984291442466e-12,4.95017864880711e-12,-3.62848575096976e-10)
(1.1490350953409e-11,7.41300869615076e-12,-3.57629057556924e-10)
(1.48013981474235e-11,1.04846135930083e-11,-3.49553059219087e-10)
(1.6107829927911e-11,1.58053479329799e-11,-3.39750725608827e-10)
(1.61383734162822e-11,3.73723723370377e-11,-3.28392826031119e-10)
(1.13035527375959e-11,1.04905143444539e-10,-3.07460426033183e-10)
(1.05861072094304e-11,1.4470036882465e-10,-2.49611339776942e-10)
(1.04890157423397e-11,1.64461845995168e-10,-1.7235613337793e-10)
(1.02000667878929e-11,1.72761913696082e-10,-8.75879500333587e-11)
(0,0,0)
(0,0,0)
(0,0,0)
(0,0,0)
(0,0,0)
(0,0,0)
(3.797963688025e-12,1.07147365295698e-12,-3.85584019140393e-10)
(8.32705140805543e-12,2.47965504619002e-12,-3.83253411428344e-10)
(1.15559640735037e-11,3.87392075621489e-12,-3.78040792020481e-10)
(1.42020507816789e-11,6.47742858921028e-12,-3.69756910082805e-10)
(1.58638357765252e-11,1.1389068398288e-11,-3.57657676688429e-10)
(1.54568348485038e-11,2.4772758209813e-11,-3.40433382740203e-10)
(1.25292292448052e-11,5.15606835119181e-11,-3.09268252659409e-10)
(1.09271702048461e-11,7.15755511974137e-11,-2.52990081885246e-10)
(1.07814222825447e-11,8.32743850609999e-11,-1.77850594037467e-10)
(9.84068787825656e-12,8.85836309544379e-11,-9.13864034739397e-11)
(0,0,0)
(0,0,0)
(0,0,0)
(0,0,0)
(0,0,0)
(0,0,0)
(0,0,0)
(0,0,0)
(0,0,0)
(0,0,0)
(0,0,0)
(0,0,0)
(0,0,0)
(0,0,0)
(0,0,0)
(0,0,0)
(0,0,0)
(0,0,0)
(0,0,0)
(0,0,0)
(0,0,0)
(0,0,0)
(0,0,0)
(0,0,0)
(0,0,0)
(0,0,0)
(0,0,0)
(0,0,0)
(0,0,0)
(0,0,0)
(0,0,0)
(0,0,0)
(0,0,0)
(0,0,0)
(0,0,0)
(0,0,0)
(0,0,0)
(0,0,0)
(0,0,0)
(0,0,0)
(0,0,0)
(0,0,0)
(0,0,0)
(0,0,0)
(0,0,0)
(0,0,0)
(0,0,0)
(0,0,0)
(0,0,0)
(0,0,0)
(0,0,0)
(0,0,0)
(0,0,0)
(0,0,0)
(0,0,0)
(0,0,0)
(0,0,0)
(0,0,0)
(0,0,0)
(0,0,0)
(0,0,0)
(0,0,0)
(0,0,0)
(0,0,0)
(0,0,0)
(0,0,0)
(0,0,0)
(0,0,0)
(0,0,0)
(0,0,0)
(0,0,0)
(0,0,0)
(0,0,0)
(0,0,0)
(0,0,0)
(0,0,0)
(0,0,0)
(0,0,0)
(0,0,0)
(0,0,0)
(0,0,0)
(0,0,0)
(0,0,0)
(0,0,0)
(0,0,0)
(0,0,0)
(0,0,0)
(0,0,0)
(0,0,0)
(0,0,0)
(0,0,0)
(0,0,0)
(0,0,0)
(0,0,0)
(0,0,0)
(0,0,0)
(0,0,0)
(0,0,0)
(0,0,0)
(0,0,0)
(0,0,0)
(0,0,0)
(-6.52287326163986e-14,3.04286468037229e-11,-2.67968140621348e-11)
(2.59561185686334e-13,5.90926148874235e-11,-2.52224598421756e-11)
(1.34700347182013e-13,8.98982722055254e-11,-2.22200543910304e-11)
(9.42236992712019e-14,1.23728123918042e-10,-1.77551423071471e-11)
(-1.56538605245183e-13,1.62887541665508e-10,-1.23984837623379e-11)
(-1.26468310681496e-12,2.07904062578799e-10,-6.48756927831731e-12)
(-2.31184123055712e-12,2.55711965315078e-10,-1.35628872734181e-12)
(-2.84579107577931e-12,3.01226073463737e-10,6.55506179233811e-13)
(-3.59779069074752e-12,3.36485562852509e-10,1.09092301933588e-12)
(-4.35651632745064e-12,3.54931390297674e-10,7.56869443763646e-13)
(0,0,0)
(0,0,0)
(0,0,0)
(0,0,0)
(0,0,0)
(0,0,0)
(3.34047648069482e-13,2.90877756842316e-11,-5.65728312585379e-11)
(5.04766411234572e-13,5.62699357297385e-11,-5.34810551869509e-11)
(2.33836788574215e-13,8.54213997746699e-11,-4.78915545986208e-11)
(-6.10915035156875e-13,1.18258497485323e-10,-3.95561664140388e-11)
(-1.81789098262759e-12,1.56851640523242e-10,-2.85119734987513e-11)
(-3.02393900903557e-12,2.020561626265e-10,-1.56492388759773e-11)
(-3.8683562479858e-12,2.52065112714212e-10,-3.78415716570744e-12)
(-5.4678630655739e-12,2.98702192626139e-10,7.30842121413401e-13)
(-6.67155498192449e-12,3.34973753122332e-10,9.59084300870185e-13)
(-7.06923406931849e-12,3.54253799195139e-10,4.34718175657555e-13)
(0,0,0)
(0,0,0)
(0,0,0)
(0,0,0)
(0,0,0)
(0,0,0)
(7.801830035274e-13,2.63949076156327e-11,-9.28251609471292e-11)
(7.96428420077955e-13,5.09839844124385e-11,-8.78286650633392e-11)
(-1.61633623097623e-13,7.70229872798525e-11,-7.96282283456373e-11)
(-1.32053617425792e-12,1.0658546898359e-10,-6.7605137294002e-11)
(-2.57249259948416e-12,1.42836422622346e-10,-5.15823063221277e-11)
(-2.73836306846857e-12,1.88300086266575e-10,-3.19772426810989e-11)
(-7.68087655839508e-13,2.44929077935264e-10,-1.13353751922623e-11)
(-5.93134227337528e-12,2.94839750376709e-10,-3.87547858694424e-12)
(-8.70446933746952e-12,3.31878200418361e-10,-3.14931251760448e-12)
(-8.62482100190287e-12,3.51758198830498e-10,-2.48033671013702e-12)
(0,0,0)
(0,0,0)
(0,0,0)
(0,0,0)
(0,0,0)
(0,0,0)
(1.80864638123331e-13,2.20437131012454e-11,-1.33835435942995e-10)
(3.27723976279751e-13,4.33382511786592e-11,-1.28757634539673e-10)
(-2.12812415052473e-13,6.48751585856706e-11,-1.19279025942813e-10)
(-1.7314410001342e-12,8.9521416011856e-11,-1.0474969626284e-10)
(-3.7718851012953e-12,1.21436926338735e-10,-8.61347744607155e-11)
(-2.1168098438742e-12,1.65996470381894e-10,-6.27254791768784e-11)
(1.2338227926453e-11,2.37612129793836e-10,-3.27726525936411e-11)
(-9.84835397502033e-13,2.90744138429934e-10,-2.14861389897865e-11)
(-6.52909354327005e-12,3.26361497383484e-10,-1.59592506347149e-11)
(-7.61577541587622e-12,3.44720020467056e-10,-9.07431149093363e-12)
(0,0,0)
(0,0,0)
(0,0,0)
(0,0,0)
(0,0,0)
(0,0,0)
(3.86286208748631e-13,1.74717592416652e-11,-1.78617076115526e-10)
(8.71572999859666e-13,3.45571207639975e-11,-1.73836765509369e-10)
(6.01585197420727e-13,5.07149990910222e-11,-1.64335563665124e-10)
(-1.89946285896827e-12,7.00937303171591e-11,-1.5042813131867e-10)
(-7.38487628511516e-12,9.58313165152321e-11,-1.3384282882626e-10)
(-1.1691894902423e-11,1.35240160936872e-10,-1.16194160921627e-10)
(9.3702340466786e-12,2.37145605945813e-10,-9.98794869485949e-11)
(4.3714322994055e-12,2.85158640434191e-10,-7.01644790253776e-11)
(-1.21321528152427e-12,3.15621185397434e-10,-4.58236336567432e-11)
(-4.15316601419785e-12,3.31137785421202e-10,-2.30382247645655e-11)
(0,0,0)
(0,0,0)
(0,0,0)
(0,0,0)
(0,0,0)
(0,0,0)
(1.13783245441374e-12,1.32069424152103e-11,-2.2497938142378e-10)
(2.03175822003469e-12,2.59428937501803e-11,-2.20285676657179e-10)
(2.24017623605508e-12,3.74895410848548e-11,-2.11838161465544e-10)
(-3.3794369386045e-13,5.23833251025346e-11,-2.00272963096556e-10)
(-8.15510383310742e-12,7.31848086646246e-11,-1.86154834056073e-10)
(-1.67202412836575e-11,1.09914134825762e-10,-1.7270558383971e-10)
(1.57790566936188e-11,2.14286740954814e-10,-1.62021480829098e-10)
(9.99799645264584e-12,2.63651925289675e-10,-1.21137245721617e-10)
(3.47591617390034e-12,2.91923084052374e-10,-8.03410066506551e-11)
(1.56329085776716e-13,3.05470572960359e-10,-4.01552754131168e-11)
(0,0,0)
(0,0,0)
(0,0,0)
(0,0,0)
(0,0,0)
(0,0,0)
(1.13346865580858e-12,9.15994197868626e-12,-2.68614175837335e-10)
(2.37561342499741e-12,1.83452658818122e-11,-2.64939204535932e-10)
(3.2050827701841e-12,2.68404828949588e-11,-2.57820018949228e-10)
(1.80208951796929e-12,3.77218066155907e-11,-2.47759457572066e-10)
(-5.26872264502222e-12,5.39572806601974e-11,-2.3613077982112e-10)
(-1.68493699797636e-11,8.59553110561175e-11,-2.27069358229881e-10)
(7.33225056116607e-12,1.85524397340659e-10,-2.2517323608127e-10)
(9.27657329856488e-12,2.29643700490753e-10,-1.71172508138573e-10)
(5.74022728697275e-12,2.53685984611421e-10,-1.13285672369694e-10)
(3.05725070101356e-12,2.65100717190178e-10,-5.63655573108507e-11)
(0,0,0)
(0,0,0)
(0,0,0)
(0,0,0)
(0,0,0)
(0,0,0)
(1.70031945837998e-12,6.22519317348369e-12,-3.06939401498821e-10)
(3.53824589854578e-12,1.23252224138309e-11,-3.03681496653867e-10)
(5.2789444484555e-12,1.83600859859932e-11,-2.97099920352e-10)
(6.40453881309603e-12,2.69753567921622e-11,-2.87850923133332e-10)
(4.50709156523032e-12,4.1019300140904e-11,-2.76481269658913e-10)
(1.89109919186441e-12,7.04316810768594e-11,-2.63187442295012e-10)
(5.54831935903598e-12,1.36714622609799e-10,-2.44498574900072e-10)
(6.82539701271377e-12,1.77872718380642e-10,-1.95705993030593e-10)
(6.37432755851642e-12,1.99932356912929e-10,-1.3408409526285e-10)
(5.49828360796647e-12,2.10102520833323e-10,-6.79143658107254e-11)
(0,0,0)
(0,0,0)
(0,0,0)
(0,0,0)
(0,0,0)
(0,0,0)
(2.48169960094077e-12,3.88924795773604e-12,-3.37290250214495e-10)
(4.72084897700548e-12,7.75069194571779e-12,-3.34406921175569e-10)
(6.95344055551139e-12,1.22685267030865e-11,-3.28115012549106e-10)
(9.006249540967e-12,1.92946562149196e-11,-3.18331056190391e-10)
(9.16620988486104e-12,3.03335934686055e-11,-3.0464038262755e-10)
(7.80558754554923e-12,5.25679478260169e-11,-2.8606804689511e-10)
(6.798926414033e-12,9.09790059927209e-11,-2.57560719690834e-10)
(6.45571843764222e-12,1.20380824319886e-10,-2.08909335204185e-10)
(6.90829333195855e-12,1.37330389805486e-10,-1.45599294473968e-10)
(6.7903994961778e-12,1.45171202241818e-10,-7.43992360062962e-11)
(0,0,0)
(0,0,0)
(0,0,0)
(0,0,0)
(0,0,0)
(0,0,0)
(2.53882962893324e-12,1.95707620035396e-12,-3.54318760237591e-10)
(5.594087046382e-12,3.99211926014081e-12,-3.51542611080909e-10)
(7.14600289204284e-12,6.46146348879959e-12,-3.44896993929309e-10)
(8.5802459765146e-12,1.03631007313044e-11,-3.34704768385793e-10)
(1.00286102265875e-11,1.65091071984237e-11,-3.19944230457054e-10)
(9.06446297752498e-12,2.82245717607948e-11,-2.98304790970388e-10)
(7.81174198255381e-12,4.57010113464432e-11,-2.6531528556654e-10)
(7.3632335544855e-12,6.06494369232732e-11,-2.15916412815302e-10)
(7.59161678000696e-12,6.98902973080069e-11,-1.51457872053749e-10)
(7.03791535874253e-12,7.42940199881913e-11,-7.75987846892995e-11)
(0,0,0)
(0,0,0)
(0,0,0)
(0,0,0)
(0,0,0)
(0,0,0)
(0,0,0)
(0,0,0)
(0,0,0)
(0,0,0)
(0,0,0)
(0,0,0)
(0,0,0)
(0,0,0)
(0,0,0)
(0,0,0)
(0,0,0)
(0,0,0)
(0,0,0)
(0,0,0)
(0,0,0)
(0,0,0)
(0,0,0)
(0,0,0)
(0,0,0)
(0,0,0)
(0,0,0)
(0,0,0)
(0,0,0)
(0,0,0)
(0,0,0)
(0,0,0)
(0,0,0)
(0,0,0)
(0,0,0)
(0,0,0)
(0,0,0)
(0,0,0)
(0,0,0)
(0,0,0)
(0,0,0)
(0,0,0)
(0,0,0)
(0,0,0)
(0,0,0)
(0,0,0)
(0,0,0)
(0,0,0)
(0,0,0)
(0,0,0)
(0,0,0)
(0,0,0)
(0,0,0)
(0,0,0)
(0,0,0)
(0,0,0)
(0,0,0)
(0,0,0)
(0,0,0)
(0,0,0)
(0,0,0)
(0,0,0)
(0,0,0)
(0,0,0)
(0,0,0)
(0,0,0)
(0,0,0)
(0,0,0)
(0,0,0)
(0,0,0)
(0,0,0)
(0,0,0)
(0,0,0)
(0,0,0)
(0,0,0)
(0,0,0)
(0,0,0)
(0,0,0)
(0,0,0)
(0,0,0)
(0,0,0)
(0,0,0)
(0,0,0)
(0,0,0)
(0,0,0)
(0,0,0)
(0,0,0)
(0,0,0)
(0,0,0)
(0,0,0)
(0,0,0)
(0,0,0)
(0,0,0)
(0,0,0)
(0,0,0)
(0,0,0)
(0,0,0)
(0,0,0)
(0,0,0)
(0,0,0)
(0,0,0)
(0,0,0)
(-2.98711833053896e-13,3.13937213218632e-11,-2.68286155795861e-11)
(7.98348922047924e-14,5.98975567459859e-11,-2.5668070929202e-11)
(1.46660694160935e-13,8.97863943505318e-11,-2.29693065797579e-11)
(2.07191587189407e-13,1.22239865313945e-10,-1.87463495266163e-11)
(-3.1551947019075e-14,1.5988351825698e-10,-1.39056300403979e-11)
(-5.48063705472835e-13,2.02431525351967e-10,-9.26016649824787e-12)
(-6.76783536275959e-13,2.46839403897734e-10,-5.30261051306086e-12)
(-7.5732707827089e-13,2.89030357820238e-10,-2.60455203237771e-12)
(-1.75192738501908e-12,3.21951657673291e-10,-3.77275378459789e-13)
(-2.92205578116944e-12,3.38890380358458e-10,3.48586840346928e-13)
(0,0,0)
(0,0,0)
(0,0,0)
(0,0,0)
(0,0,0)
(0,0,0)
(-6.48603549242003e-14,2.99344648384385e-11,-5.74837000278072e-11)
(2.01217140224945e-13,5.72786272887419e-11,-5.47891442753294e-11)
(2.96861098835821e-13,8.57100979915066e-11,-4.94390177622177e-11)
(1.79205512445323e-14,1.17606337414937e-10,-4.14016057341699e-11)
(-6.65407704496448e-13,1.55206502767821e-10,-3.12879036745511e-11)
(-1.1329443593905e-12,1.97925905661345e-10,-2.0723392979666e-11)
(-1.24732075617808e-12,2.43464561880754e-10,-1.13324968230086e-11)
(-1.83366299559898e-12,2.86045754088045e-10,-5.67805023092859e-12)
(-3.05163615274662e-12,3.19473868069472e-10,-2.30769592239273e-12)
(-4.1389155290026e-12,3.36316911417636e-10,-3.45704903096578e-13)
(0,0,0)
(0,0,0)
(0,0,0)
(0,0,0)
(0,0,0)
(0,0,0)
(1.34881634160059e-13,2.71750487310473e-11,-9.21964329596477e-11)
(2.4172493614586e-13,5.21297179158581e-11,-8.78638486207153e-11)
(-3.68959805818564e-14,7.79695470623067e-11,-8.03613146784098e-11)
(-2.79314174402632e-13,1.07510555906567e-10,-6.95884792474467e-11)
(-7.78059956900269e-13,1.43976584368438e-10,-5.55318743926331e-11)
(-1.07661467261909e-12,1.87402065145284e-10,-3.97634619870414e-11)
(-9.11036119696726e-13,2.36562794532484e-10,-2.48301372095913e-11)
(-2.56189639596318e-12,2.80841736783922e-10,-1.562381672756e-11)
(-3.85674211007684e-12,3.1446024089743e-10,-1.02103490561595e-11)
(-4.06697934859485e-12,3.31832290985534e-10,-5.34673259946715e-12)
(0,0,0)
(0,0,0)
(0,0,0)
(0,0,0)
(0,0,0)
(0,0,0)
(-3.24982905596246e-13,2.29773460262608e-11,-1.30838750221362e-10)
(-3.69754205941232e-13,4.48689089097168e-11,-1.26895638422573e-10)
(-5.81982600353659e-13,6.71598156507496e-11,-1.18714611884668e-10)
(-9.18677107558914e-13,9.3174636877351e-11,-1.05614499766747e-10)
(-1.57557056162564e-12,1.27430112005938e-10,-8.91011511442951e-11)
(-1.31332698205627e-12,1.71392125695232e-10,-7.0327299303975e-11)
(1.51823817068427e-12,2.26445437930743e-10,-5.1012790360784e-11)
(-9.2622575689127e-13,2.72866372716559e-10,-3.60899031837552e-11)
(-2.67372070096861e-12,3.05739882330664e-10,-2.42037090902516e-11)
(-3.10785186094599e-12,3.22418579037467e-10,-1.25323662188297e-11)
(0,0,0)
(0,0,0)
(0,0,0)
(0,0,0)
(0,0,0)
(0,0,0)
(-1.29207570924531e-13,1.87092513218923e-11,-1.74639146068444e-10)
(-1.54018305469455e-14,3.63181281658609e-11,-1.70413436785313e-10)
(-8.03891429068533e-14,5.34777209324532e-11,-1.61566568002289e-10)
(-7.74360136745125e-13,7.57426111473599e-11,-1.48463997737136e-10)
(-2.38703633911754e-12,1.07080689603998e-10,-1.33026375960016e-10)
(-2.68054276435002e-12,1.50764289769973e-10,-1.16067345992754e-10)
(2.51409111446271e-12,2.13040788924371e-10,-9.72990365545364e-11)
(1.53730207524434e-12,2.60053952866211e-10,-7.30781874467395e-11)
(-3.00522828648224e-13,2.91394818758261e-10,-4.8869458266079e-11)
(-1.52417831792787e-12,3.06778360957683e-10,-2.44517500310012e-11)
(0,0,0)
(0,0,0)
(0,0,0)
(0,0,0)
(0,0,0)
(0,0,0)
(4.91128124327452e-13,1.4354334467827e-11,-2.19954534730902e-10)
(1.18187089678075e-12,2.74558575522871e-11,-2.15046789813263e-10)
(1.3240360569823e-12,4.02947615243963e-11,-2.06390079477849e-10)
(2.05445752579953e-13,5.95306292335123e-11,-1.9497321366689e-10)
(-2.37682604506654e-12,8.77346232975995e-11,-1.8111277592368e-10)
(-3.44552052466419e-12,1.2931543756744e-10,-1.65518538229136e-10)
(3.65716520031197e-12,1.91334030931017e-10,-1.46106163882616e-10)
(3.20998218064531e-12,2.37382525760789e-10,-1.13408886754811e-10)
(1.52728437729111e-12,2.66676587694549e-10,-7.6846768395184e-11)
(3.70909442783996e-13,2.80802432608755e-10,-3.86097173438461e-11)
(0,0,0)
(0,0,0)
(0,0,0)
(0,0,0)
(0,0,0)
(0,0,0)
(3.93246159616326e-13,9.93771767451048e-12,-2.5957653124593e-10)
(1.27647130627546e-12,1.99810181136618e-11,-2.55708756944e-10)
(1.62491830202751e-12,3.02019317704111e-11,-2.48583842003137e-10)
(9.19861590418787e-13,4.58756372428711e-11,-2.38728293839932e-10)
(-1.39216371697398e-12,6.97635595580311e-11,-2.26030634619269e-10)
(-3.22186214906205e-12,1.06457542696235e-10,-2.10614767050154e-10)
(2.14129734924488e-12,1.6229391900353e-10,-1.89891233640187e-10)
(3.16071963979251e-12,2.04030389581791e-10,-1.5030948887054e-10)
(2.57373992666038e-12,2.29966821020501e-10,-1.02907412147584e-10)
(1.68988974701998e-12,2.42563624707698e-10,-5.21802899356266e-11)
(0,0,0)
(0,0,0)
(0,0,0)
(0,0,0)
(0,0,0)
(0,0,0)
(7.78359829210004e-13,6.46318953220505e-12,-2.95316528239933e-10)
(1.53120006476629e-12,1.41325744790788e-11,-2.92096808151148e-10)
(2.12150651269737e-12,2.19713019092396e-11,-2.85401443221293e-10)
(2.71558591592703e-12,3.40978396126349e-11,-2.75936749185579e-10)
(1.89897087361142e-12,5.29555282719531e-11,-2.62470038212941e-10)
(1.06596504774486e-12,8.25121471371454e-11,-2.43877274685253e-10)
(2.49135410667746e-12,1.24853471583156e-10,-2.17159264643224e-10)
(2.69539330570118e-12,1.59789032498632e-10,-1.74700126502354e-10)
(2.80656521383461e-12,1.81813438735225e-10,-1.21580595559541e-10)
(2.51523638873679e-12,1.92073224519095e-10,-6.2229306269614e-11)
(0,0,0)
(0,0,0)
(0,0,0)
(0,0,0)
(0,0,0)
(0,0,0)
(1.53054231939406e-12,4.02182927263682e-12,-3.24412188277275e-10)
(2.18751303612276e-12,8.96840961396446e-12,-3.209474865736e-10)
(2.97654741108607e-12,1.46281143862386e-11,-3.1425005654062e-10)
(4.24713146173148e-12,2.33467145559219e-11,-3.04032879800994e-10)
(4.41836042260064e-12,3.62617356178819e-11,-2.88281306183425e-10)
(3.64163640650678e-12,5.6860102142854e-11,-2.66286114681741e-10)
(3.42553657365679e-12,8.48856875489499e-11,-2.35161145800855e-10)
(2.87706510404642e-12,1.09364894861526e-10,-1.89846914339975e-10)
(3.14832736176644e-12,1.25268714659133e-10,-1.32977316888927e-10)
(3.26834574350614e-12,1.32359154638223e-10,-6.82447652800888e-11)
(0,0,0)
(0,0,0)
(0,0,0)
(0,0,0)
(0,0,0)
(0,0,0)
(1.71975667260408e-12,2.08766988836964e-12,-3.39754365252391e-10)
(2.94058915492085e-12,4.45849261710949e-12,-3.35946938691417e-10)
(3.41524083732762e-12,7.38748505769738e-12,-3.28547856919387e-10)
(4.18280877908033e-12,1.18422724000816e-11,-3.17745131024361e-10)
(4.89827793834955e-12,1.86849045387783e-11,-3.017200498452e-10)
(4.29952933446306e-12,2.93767696685069e-11,-2.78136867368072e-10)
(4.11388057776699e-12,4.29969926617111e-11,-2.44460568365102e-10)
(3.55412971620427e-12,5.5372362514527e-11,-1.97349695125624e-10)
(3.62282672356421e-12,6.36844904120581e-11,-1.38423202894893e-10)
(3.73315065763203e-12,6.73827351016382e-11,-7.11158857592702e-11)
(0,0,0)
(0,0,0)
(0,0,0)
(0,0,0)
(0,0,0)
(0,0,0)
(0,0,0)
(0,0,0)
(0,0,0)
(0,0,0)
(0,0,0)
(0,0,0)
(0,0,0)
(0,0,0)
(0,0,0)
(0,0,0)
(0,0,0)
(0,0,0)
(0,0,0)
(0,0,0)
(0,0,0)
(0,0,0)
(0,0,0)
(0,0,0)
(0,0,0)
(0,0,0)
(0,0,0)
(0,0,0)
(0,0,0)
(0,0,0)
(0,0,0)
(0,0,0)
(0,0,0)
(0,0,0)
(0,0,0)
(0,0,0)
(0,0,0)
(0,0,0)
(0,0,0)
(0,0,0)
(0,0,0)
(0,0,0)
(0,0,0)
(0,0,0)
(0,0,0)
(0,0,0)
(0,0,0)
(0,0,0)
(0,0,0)
(0,0,0)
(0,0,0)
(0,0,0)
(0,0,0)
(0,0,0)
(0,0,0)
(0,0,0)
(0,0,0)
(0,0,0)
(0,0,0)
(0,0,0)
(0,0,0)
(0,0,0)
(0,0,0)
(0,0,0)
(0,0,0)
(0,0,0)
(0,0,0)
(0,0,0)
(0,0,0)
(0,0,0)
(0,0,0)
(0,0,0)
(0,0,0)
(0,0,0)
(0,0,0)
(0,0,0)
(0,0,0)
(0,0,0)
(0,0,0)
(0,0,0)
(0,0,0)
(0,0,0)
(0,0,0)
(0,0,0)
(0,0,0)
(0,0,0)
(0,0,0)
(0,0,0)
(0,0,0)
(0,0,0)
(0,0,0)
(0,0,0)
(0,0,0)
(0,0,0)
(0,0,0)
(0,0,0)
(0,0,0)
(0,0,0)
(0,0,0)
(0,0,0)
(0,0,0)
(0,0,0)
(0,0,0)
(0,0,0)
(0,0,0)
(0,0,0)
(0,0,0)
(0,0,0)
(0,0,0)
(0,0,0)
(0,0,0)
(0,0,0)
(0,0,0)
(0,0,0)
(0,0,0)
(0,0,0)
(0,0,0)
(0,0,0)
(0,0,0)
(0,0,0)
(0,0,0)
(0,0,0)
(0,0,0)
(0,0,0)
(0,0,0)
(0,0,0)
(0,0,0)
(0,0,0)
(0,0,0)
(0,0,0)
(0,0,0)
(0,0,0)
(0,0,0)
(0,0,0)
(0,0,0)
(0,0,0)
(0,0,0)
(0,0,0)
(0,0,0)
(0,0,0)
(0,0,0)
(0,0,0)
(0,0,0)
(0,0,0)
(0,0,0)
(0,0,0)
(0,0,0)
(0,0,0)
(0,0,0)
(0,0,0)
(0,0,0)
(0,0,0)
(0,0,0)
(0,0,0)
(0,0,0)
(0,0,0)
(0,0,0)
(0,0,0)
(0,0,0)
(0,0,0)
(0,0,0)
(0,0,0)
(0,0,0)
(0,0,0)
(0,0,0)
(0,0,0)
(0,0,0)
(0,0,0)
(0,0,0)
(0,0,0)
(0,0,0)
(0,0,0)
(0,0,0)
(0,0,0)
(0,0,0)
(0,0,0)
(0,0,0)
(0,0,0)
(0,0,0)
(0,0,0)
(0,0,0)
(0,0,0)
(0,0,0)
(0,0,0)
(0,0,0)
(0,0,0)
(0,0,0)
(0,0,0)
(0,0,0)
(0,0,0)
(0,0,0)
(0,0,0)
(0,0,0)
(0,0,0)
(0,0,0)
(0,0,0)
(0,0,0)
(0,0,0)
(0,0,0)
(0,0,0)
(0,0,0)
(0,0,0)
(0,0,0)
(0,0,0)
(0,0,0)
(0,0,0)
(0,0,0)
(0,0,0)
(0,0,0)
(0,0,0)
(0,0,0)
(0,0,0)
(0,0,0)
(0,0,0)
(0,0,0)
(0,0,0)
(0,0,0)
(0,0,0)
(0,0,0)
(0,0,0)
(0,0,0)
(0,0,0)
(0,0,0)
(0,0,0)
(0,0,0)
(0,0,0)
(0,0,0)
(0,0,0)
(0,0,0)
(0,0,0)
(0,0,0)
(0,0,0)
(0,0,0)
(0,0,0)
(0,0,0)
(0,0,0)
(0,0,0)
(0,0,0)
(0,0,0)
(0,0,0)
(0,0,0)
(0,0,0)
(0,0,0)
(0,0,0)
(0,0,0)
(0,0,0)
(0,0,0)
(0,0,0)
(0,0,0)
(0,0,0)
(0,0,0)
(0,0,0)
(0,0,0)
(0,0,0)
(0,0,0)
(0,0,0)
(0,0,0)
(0,0,0)
(0,0,0)
(0,0,0)
(0,0,0)
(0,0,0)
(0,0,0)
(0,0,0)
(0,0,0)
(0,0,0)
(0,0,0)
(0,0,0)
(0,0,0)
(0,0,0)
(0,0,0)
(0,0,0)
(0,0,0)
(0,0,0)
(0,0,0)
(0,0,0)
(0,0,0)
(0,0,0)
(0,0,0)
(0,0,0)
(0,0,0)
(0,0,0)
(0,0,0)
(0,0,0)
(0,0,0)
(0,0,0)
(0,0,0)
(0,0,0)
(0,0,0)
(0,0,0)
(0,0,0)
(0,0,0)
(0,0,0)
(0,0,0)
(0,0,0)
(0,0,0)
(0,0,0)
(0,0,0)
(0,0,0)
(0,0,0)
(0,0,0)
(0,0,0)
(0,0,0)
(0,0,0)
(0,0,0)
(0,0,0)
(0,0,0)
(0,0,0)
(0,0,0)
(0,0,0)
(0,0,0)
(0,0,0)
(0,0,0)
(0,0,0)
(0,0,0)
(0,0,0)
(0,0,0)
(0,0,0)
(0,0,0)
(0,0,0)
(0,0,0)
(0,0,0)
(0,0,0)
(0,0,0)
(0,0,0)
(0,0,0)
(0,0,0)
(0,0,0)
(0,0,0)
(0,0,0)
(0,0,0)
(0,0,0)
(0,0,0)
(0,0,0)
(0,0,0)
(0,0,0)
(0,0,0)
(0,0,0)
(0,0,0)
(0,0,0)
(0,0,0)
(0,0,0)
(0,0,0)
(0,0,0)
(0,0,0)
(0,0,0)
(0,0,0)
(0,0,0)
(0,0,0)
(0,0,0)
(0,0,0)
(0,0,0)
(0,0,0)
(0,0,0)
(0,0,0)
(0,0,0)
(0,0,0)
(0,0,0)
(0,0,0)
(0,0,0)
(0,0,0)
(0,0,0)
(0,0,0)
(0,0,0)
(0,0,0)
(0,0,0)
(0,0,0)
(0,0,0)
(0,0,0)
(0,0,0)
(0,0,0)
(0,0,0)
(0,0,0)
(0,0,0)
(0,0,0)
(0,0,0)
(0,0,0)
(0,0,0)
(0,0,0)
(0,0,0)
(0,0,0)
(0,0,0)
(0,0,0)
(0,0,0)
(0,0,0)
(0,0,0)
(0,0,0)
(0,0,0)
(0,0,0)
(0,0,0)
(0,0,0)
(0,0,0)
(0,0,0)
(0,0,0)
(0,0,0)
(0,0,0)
(0,0,0)
(0,0,0)
(0,0,0)
(0,0,0)
(0,0,0)
(0,0,0)
(0,0,0)
(0,0,0)
(0,0,0)
(0,0,0)
(0,0,0)
(0,0,0)
(0,0,0)
(0,0,0)
(0,0,0)
(0,0,0)
(0,0,0)
(0,0,0)
(0,0,0)
(0,0,0)
(0,0,0)
(0,0,0)
(0,0,0)
(0,0,0)
(0,0,0)
(0,0,0)
(0,0,0)
(0,0,0)
(0,0,0)
(0,0,0)
(0,0,0)
(0,0,0)
(0,0,0)
(0,0,0)
(0,0,0)
(0,0,0)
(0,0,0)
(0,0,0)
(0,0,0)
(0,0,0)
(0,0,0)
(0,0,0)
(0,0,0)
(0,0,0)
(0,0,0)
(0,0,0)
(0,0,0)
(0,0,0)
(0,0,0)
(0,0,0)
(0,0,0)
(0,0,0)
(0,0,0)
(0,0,0)
(0,0,0)
(0,0,0)
(0,0,0)
(0,0,0)
(0,0,0)
(0,0,0)
(0,0,0)
(0,0,0)
(0,0,0)
(0,0,0)
(0,0,0)
(0,0,0)
(0,0,0)
(0,0,0)
(0,0,0)
(0,0,0)
(0,0,0)
(0,0,0)
(0,0,0)
(0,0,0)
(0,0,0)
(0,0,0)
(0,0,0)
(0,0,0)
(0,0,0)
(0,0,0)
(0,0,0)
(0,0,0)
(0,0,0)
(0,0,0)
(0,0,0)
(0,0,0)
(0,0,0)
(0,0,0)
(0,0,0)
(0,0,0)
(0,0,0)
(0,0,0)
(0,0,0)
(0,0,0)
(0,0,0)
(0,0,0)
(0,0,0)
(0,0,0)
(0,0,0)
(0,0,0)
(0,0,0)
(0,0,0)
(0,0,0)
(0,0,0)
(0,0,0)
(0,0,0)
(0,0,0)
(0,0,0)
(0,0,0)
(0,0,0)
(0,0,0)
(0,0,0)
(0,0,0)
(0,0,0)
(0,0,0)
(0,0,0)
(0,0,0)
(0,0,0)
(0,0,0)
(0,0,0)
(0,0,0)
(0,0,0)
(0,0,0)
(0,0,0)
(0,0,0)
(0,0,0)
(0,0,0)
(0,0,0)
(0,0,0)
(0,0,0)
(0,0,0)
(0,0,0)
(0,0,0)
(0,0,0)
(0,0,0)
(0,0,0)
(0,0,0)
(0,0,0)
(0,0,0)
(0,0,0)
(0,0,0)
(0,0,0)
(0,0,0)
(0,0,0)
(0,0,0)
(0,0,0)
(0,0,0)
(0,0,0)
(0,0,0)
(0,0,0)
(0,0,0)
(0,0,0)
(0,0,0)
(0,0,0)
(0,0,0)
(0,0,0)
(0,0,0)
(0,0,0)
(0,0,0)
(0,0,0)
(0,0,0)
(0,0,0)
(0,0,0)
(0,0,0)
(0,0,0)
(0,0,0)
(0,0,0)
(0,0,0)
(0,0,0)
(0,0,0)
(0,0,0)
(0,0,0)
(0,0,0)
(0,0,0)
(0,0,0)
(0,0,0)
(0,0,0)
(0,0,0)
(0,0,0)
(0,0,0)
(0,0,0)
(0,0,0)
(0,0,0)
(0,0,0)
(0,0,0)
(0,0,0)
(0,0,0)
(0,0,0)
(0,0,0)
(0,0,0)
(0,0,0)
(0,0,0)
(0,0,0)
(0,0,0)
(0,0,0)
(0,0,0)
(0,0,0)
(0,0,0)
(0,0,0)
(0,0,0)
(0,0,0)
(0,0,0)
(0,0,0)
(0,0,0)
(0,0,0)
(0,0,0)
(0,0,0)
(0,0,0)
(0,0,0)
(0,0,0)
(0,0,0)
(0,0,0)
(0,0,0)
(0,0,0)
(0,0,0)
(0,0,0)
(0,0,0)
(0,0,0)
(0,0,0)
(0,0,0)
(0,0,0)
(0,0,0)
(0,0,0)
(0,0,0)
(0,0,0)
(0,0,0)
(0,0,0)
(0,0,0)
(0,0,0)
(0,0,0)
(0,0,0)
(0,0,0)
(0,0,0)
(0,0,0)
(0,0,0)
(0,0,0)
(0,0,0)
(0,0,0)
(0,0,0)
(0,0,0)
(0,0,0)
(0,0,0)
(0,0,0)
(0,0,0)
(0,0,0)
(0,0,0)
(0,0,0)
(0,0,0)
(0,0,0)
(0,0,0)
(0,0,0)
(0,0,0)
(0,0,0)
(0,0,0)
(0,0,0)
(0,0,0)
(0,0,0)
(0,0,0)
(0,0,0)
(0,0,0)
(0,0,0)
(0,0,0)
(0,0,0)
(0,0,0)
(0,0,0)
(0,0,0)
(0,0,0)
(0,0,0)
(0,0,0)
(0,0,0)
(0,0,0)
(0,0,0)
(0,0,0)
(0,0,0)
(0,0,0)
(0,0,0)
(0,0,0)
(0,0,0)
(0,0,0)
(0,0,0)
(0,0,0)
(0,0,0)
(0,0,0)
(0,0,0)
(0,0,0)
(0,0,0)
(0,0,0)
(0,0,0)
(0,0,0)
(0,0,0)
(0,0,0)
(0,0,0)
(0,0,0)
(0,0,0)
(0,0,0)
(0,0,0)
(0,0,0)
(0,0,0)
(0,0,0)
(0,0,0)
(0,0,0)
(0,0,0)
(0,0,0)
(0,0,0)
(0,0,0)
(0,0,0)
(0,0,0)
(0,0,0)
(0,0,0)
(0,0,0)
(0,0,0)
(0,0,0)
(0,0,0)
(0,0,0)
(0,0,0)
(0,0,0)
(0,0,0)
(0,0,0)
(0,0,0)
(0,0,0)
(0,0,0)
(0,0,0)
(0,0,0)
(0,0,0)
(0,0,0)
(0,0,0)
(0,0,0)
(0,0,0)
(0,0,0)
(0,0,0)
(0,0,0)
(0,0,0)
(0,0,0)
(0,0,0)
(0,0,0)
(0,0,0)
(0,0,0)
(0,0,0)
(0,0,0)
(0,0,0)
(0,0,0)
(0,0,0)
(0,0,0)
(0,0,0)
(0,0,0)
(0,0,0)
(0,0,0)
(0,0,0)
(0,0,0)
(0,0,0)
(0,0,0)
(0,0,0)
(0,0,0)
(0,0,0)
(0,0,0)
(0,0,0)
(0,0,0)
(0,0,0)
(0,0,0)
(0,0,0)
(0,0,0)
(0,0,0)
(0,0,0)
(0,0,0)
(0,0,0)
(0,0,0)
(0,0,0)
(0,0,0)
(0,0,0)
(0,0,0)
(0,0,0)
(0,0,0)
(0,0,0)
(0,0,0)
(0,0,0)
(0,0,0)
(0,0,0)
(0,0,0)
(0,0,0)
(0,0,0)
(0,0,0)
(0,0,0)
(0,0,0)
(0,0,0)
(0,0,0)
(0,0,0)
(0,0,0)
(0,0,0)
(0,0,0)
(0,0,0)
(0,0,0)
(0,0,0)
(0,0,0)
(0,0,0)
(0,0,0)
(0,0,0)
(0,0,0)
(0,0,0)
(0,0,0)
(0,0,0)
(0,0,0)
(0,0,0)
(0,0,0)
(0,0,0)
(0,0,0)
(0,0,0)
(0,0,0)
(0,0,0)
(0,0,0)
(0,0,0)
(0,0,0)
(0,0,0)
(0,0,0)
(0,0,0)
(0,0,0)
(0,0,0)
(0,0,0)
(0,0,0)
(0,0,0)
(0,0,0)
(0,0,0)
(0,0,0)
(0,0,0)
)
;

boundaryField
{
    fuel
    {
        type            fixedValue;
        value           uniform (0.1 0 0);
    }
    air
    {
        type            fixedValue;
        value           uniform (-0.1 0 0);
    }
    outlet
    {
        type            zeroGradient;
    }
    frontAndBack
    {
        type            empty;
    }
}


// ************************************************************************* //
 