/*--------------------------------*- C++ -*----------------------------------*\
| =========                 |                                                 |
| \\      /  F ield         | foam-extend: Open Source CFD                    |
|  \\    /   O peration     | Version:     4.0                                |
|   \\  /    A nd           | Web:         http://www.foam-extend.org         |
|    \\/     M anipulation  |                                                 |
\*---------------------------------------------------------------------------*/
FoamFile
{
    version 2.0;
    format ascii;
    class volVectorField;
    location "Data/3464";
    object      E;
}
// * * * * * * * * * * * * * * * * * * * * * * * * * * * * * * * * * * * * * //

dimensions      [0 1 -1 0 0 0 0];

internalField   nonuniform List<vector>
4096
(
(0,0,0)
(0,0,0)
(0,0,0)
(0,0,0)
(0,0,0)
(0,0,0)
(0,0,0)
(0,0,0)
(0,0,0)
(0,0,0)
(0,0,0)
(0,0,0)
(0,0,0)
(0,0,0)
(0,0,0)
(0,0,0)
(0,0,0)
(0,0,0)
(0,0,0)
(0,0,0)
(0,0,0)
(0,0,0)
(0,0,0)
(0,0,0)
(0,0,0)
(0,0,0)
(0,0,0)
(0,0,0)
(0,0,0)
(0,0,0)
(0,0,0)
(0,0,0)
(0,0,0)
(0,0,0)
(0,0,0)
(0,0,0)
(0,0,0)
(0,0,0)
(0,0,0)
(0,0,0)
(0,0,0)
(0,0,0)
(0,0,0)
(0,0,0)
(0,0,0)
(0,0,0)
(0,0,0)
(0,0,0)
(0,0,0)
(0,0,0)
(0,0,0)
(0,0,0)
(0,0,0)
(0,0,0)
(0,0,0)
(0,0,0)
(0,0,0)
(0,0,0)
(0,0,0)
(0,0,0)
(0,0,0)
(0,0,0)
(0,0,0)
(0,0,0)
(0,0,0)
(0,0,0)
(0,0,0)
(0,0,0)
(0,0,0)
(0,0,0)
(0,0,0)
(0,0,0)
(0,0,0)
(0,0,0)
(0,0,0)
(0,0,0)
(0,0,0)
(0,0,0)
(0,0,0)
(0,0,0)
(0,0,0)
(0,0,0)
(0,0,0)
(0,0,0)
(0,0,0)
(0,0,0)
(0,0,0)
(0,0,0)
(0,0,0)
(0,0,0)
(0,0,0)
(0,0,0)
(0,0,0)
(0,0,0)
(0,0,0)
(0,0,0)
(0,0,0)
(0,0,0)
(0,0,0)
(0,0,0)
(0,0,0)
(0,0,0)
(0,0,0)
(0,0,0)
(0,0,0)
(0,0,0)
(0,0,0)
(0,0,0)
(0,0,0)
(0,0,0)
(0,0,0)
(0,0,0)
(0,0,0)
(0,0,0)
(0,0,0)
(0,0,0)
(0,0,0)
(0,0,0)
(0,0,0)
(0,0,0)
(0,0,0)
(0,0,0)
(0,0,0)
(0,0,0)
(0,0,0)
(0,0,0)
(0,0,0)
(0,0,0)
(0,0,0)
(0,0,0)
(0,0,0)
(0,0,0)
(0,0,0)
(0,0,0)
(0,0,0)
(0,0,0)
(0,0,0)
(0,0,0)
(0,0,0)
(0,0,0)
(0,0,0)
(0,0,0)
(0,0,0)
(0,0,0)
(0,0,0)
(0,0,0)
(0,0,0)
(0,0,0)
(0,0,0)
(0,0,0)
(0,0,0)
(0,0,0)
(0,0,0)
(0,0,0)
(0,0,0)
(0,0,0)
(0,0,0)
(0,0,0)
(0,0,0)
(0,0,0)
(0,0,0)
(0,0,0)
(0,0,0)
(0,0,0)
(0,0,0)
(0,0,0)
(0,0,0)
(0,0,0)
(0,0,0)
(0,0,0)
(0,0,0)
(0,0,0)
(0,0,0)
(0,0,0)
(0,0,0)
(0,0,0)
(0,0,0)
(0,0,0)
(0,0,0)
(0,0,0)
(0,0,0)
(0,0,0)
(0,0,0)
(0,0,0)
(0,0,0)
(0,0,0)
(0,0,0)
(0,0,0)
(0,0,0)
(0,0,0)
(0,0,0)
(0,0,0)
(0,0,0)
(0,0,0)
(0,0,0)
(0,0,0)
(0,0,0)
(0,0,0)
(0,0,0)
(0,0,0)
(0,0,0)
(0,0,0)
(0,0,0)
(0,0,0)
(0,0,0)
(0,0,0)
(0,0,0)
(0,0,0)
(0,0,0)
(0,0,0)
(0,0,0)
(0,0,0)
(0,0,0)
(0,0,0)
(0,0,0)
(0,0,0)
(0,0,0)
(0,0,0)
(0,0,0)
(0,0,0)
(0,0,0)
(0,0,0)
(0,0,0)
(0,0,0)
(0,0,0)
(0,0,0)
(0,0,0)
(0,0,0)
(0,0,0)
(0,0,0)
(0,0,0)
(0,0,0)
(0,0,0)
(0,0,0)
(0,0,0)
(0,0,0)
(0,0,0)
(0,0,0)
(0,0,0)
(0,0,0)
(0,0,0)
(0,0,0)
(0,0,0)
(0,0,0)
(0,0,0)
(0,0,0)
(0,0,0)
(0,0,0)
(0,0,0)
(0,0,0)
(0,0,0)
(0,0,0)
(0,0,0)
(0,0,0)
(0,0,0)
(0,0,0)
(0,0,0)
(0,0,0)
(0,0,0)
(0,0,0)
(0,0,0)
(0,0,0)
(0,0,0)
(0,0,0)
(0,0,0)
(0,0,0)
(0,0,0)
(0,0,0)
(0,0,0)
(0,0,0)
(0,0,0)
(0,0,0)
(0,0,0)
(0,0,0)
(0,0,0)
(0,0,0)
(0,0,0)
(0,0,0)
(0,0,0)
(0,0,0)
(0,0,0)
(0,0,0)
(0,0,0)
(0,0,0)
(0,0,0)
(0,0,0)
(0,0,0)
(0,0,0)
(0,0,0)
(0,0,0)
(0,0,0)
(0,0,0)
(0,0,0)
(0,0,0)
(0,0,0)
(0,0,0)
(0,0,0)
(0,0,0)
(0,0,0)
(0,0,0)
(0,0,0)
(0,0,0)
(0,0,0)
(0,0,0)
(0,0,0)
(0,0,0)
(0,0,0)
(0,0,0)
(0,0,0)
(0,0,0)
(0,0,0)
(0,0,0)
(0,0,0)
(0,0,0)
(0,0,0)
(0,0,0)
(0,0,0)
(0,0,0)
(0,0,0)
(0,0,0)
(0,0,0)
(0,0,0)
(0,0,0)
(0,0,0)
(0,0,0)
(0,0,0)
(0,0,0)
(0,0,0)
(0,0,0)
(0,0,0)
(0,0,0)
(0,0,0)
(0,0,0)
(0,0,0)
(0,0,0)
(0,0,0)
(0,0,0)
(0,0,0)
(0,0,0)
(0,0,0)
(0,0,0)
(0,0,0)
(0,0,0)
(0,0,0)
(0,0,0)
(0,0,0)
(0,0,0)
(0,0,0)
(0,0,0)
(0,0,0)
(0,0,0)
(0,0,0)
(0,0,0)
(0,0,0)
(0,0,0)
(0,0,0)
(0,0,0)
(0,0,0)
(0,0,0)
(0,0,0)
(0,0,0)
(0,0,0)
(0,0,0)
(0,0,0)
(0,0,0)
(0,0,0)
(0,0,0)
(0,0,0)
(0,0,0)
(0,0,0)
(0,0,0)
(0,0,0)
(0,0,0)
(0,0,0)
(0,0,0)
(0,0,0)
(0,0,0)
(0,0,0)
(0,0,0)
(0,0,0)
(0,0,0)
(0,0,0)
(0,0,0)
(0,0,0)
(0,0,0)
(0,0,0)
(0,0,0)
(0,0,0)
(0,0,0)
(0,0,0)
(0,0,0)
(0,0,0)
(0,0,0)
(0,0,0)
(0,0,0)
(0,0,0)
(0,0,0)
(0,0,0)
(0,0,0)
(0,0,0)
(0,0,0)
(0,0,0)
(0,0,0)
(0,0,0)
(0,0,0)
(0,0,0)
(0,0,0)
(0,0,0)
(0,0,0)
(0,0,0)
(0,0,0)
(0,0,0)
(0,0,0)
(0,0,0)
(0,0,0)
(0,0,0)
(0,0,0)
(0,0,0)
(0,0,0)
(0,0,0)
(0,0,0)
(0,0,0)
(0,0,0)
(0,0,0)
(0,0,0)
(0,0,0)
(0,0,0)
(0,0,0)
(0,0,0)
(0,0,0)
(0,0,0)
(0,0,0)
(0,0,0)
(0,0,0)
(0,0,0)
(0,0,0)
(0,0,0)
(0,0,0)
(0,0,0)
(0,0,0)
(0,0,0)
(0,0,0)
(0,0,0)
(0,0,0)
(0,0,0)
(0,0,0)
(0,0,0)
(0,0,0)
(0,0,0)
(0,0,0)
(0,0,0)
(0,0,0)
(0,0,0)
(0,0,0)
(0,0,0)
(0,0,0)
(0,0,0)
(0,0,0)
(0,0,0)
(0,0,0)
(0,0,0)
(0,0,0)
(0,0,0)
(0,0,0)
(0,0,0)
(0,0,0)
(0,0,0)
(0,0,0)
(0,0,0)
(0,0,0)
(0,0,0)
(0,0,0)
(0,0,0)
(0,0,0)
(0,0,0)
(0,0,0)
(0,0,0)
(0,0,0)
(0,0,0)
(0,0,0)
(0,0,0)
(0,0,0)
(0,0,0)
(0,0,0)
(0,0,0)
(0,0,0)
(0,0,0)
(0,0,0)
(0,0,0)
(0,0,0)
(0,0,0)
(0,0,0)
(0,0,0)
(0,0,0)
(0,0,0)
(0,0,0)
(0,0,0)
(0,0,0)
(0,0,0)
(0,0,0)
(0,0,0)
(0,0,0)
(0,0,0)
(0,0,0)
(0,0,0)
(0,0,0)
(0,0,0)
(0,0,0)
(0,0,0)
(0,0,0)
(0,0,0)
(0,0,0)
(0,0,0)
(0,0,0)
(0,0,0)
(0,0,0)
(0,0,0)
(0,0,0)
(0,0,0)
(0,0,0)
(0,0,0)
(0,0,0)
(0,0,0)
(0,0,0)
(0,0,0)
(0,0,0)
(0,0,0)
(0,0,0)
(0,0,0)
(0,0,0)
(0,0,0)
(0,0,0)
(0,0,0)
(0,0,0)
(0,0,0)
(0,0,0)
(0,0,0)
(0,0,0)
(0,0,0)
(0,0,0)
(0,0,0)
(0,0,0)
(0,0,0)
(0,0,0)
(0,0,0)
(0,0,0)
(0,0,0)
(0,0,0)
(0,0,0)
(0,0,0)
(0,0,0)
(0,0,0)
(0,0,0)
(0,0,0)
(0,0,0)
(0,0,0)
(0,0,0)
(0,0,0)
(0,0,0)
(0,0,0)
(0,0,0)
(0,0,0)
(0,0,0)
(0,0,0)
(0,0,0)
(0,0,0)
(0,0,0)
(0,0,0)
(0,0,0)
(0,0,0)
(0,0,0)
(0,0,0)
(0,0,0)
(0,0,0)
(0,0,0)
(0,0,0)
(0,0,0)
(0,0,0)
(0,0,0)
(0,0,0)
(0,0,0)
(0,0,0)
(0,0,0)
(0,0,0)
(0,0,0)
(0,0,0)
(0,0,0)
(0,0,0)
(0,0,0)
(0,0,0)
(0,0,0)
(0,0,0)
(0,0,0)
(0,0,0)
(0,0,0)
(0,0,0)
(0,0,0)
(0,0,0)
(0,0,0)
(0,0,0)
(0,0,0)
(0,0,0)
(0,0,0)
(0,0,0)
(0,0,0)
(0,0,0)
(0,0,0)
(0,0,0)
(0,0,0)
(0,0,0)
(0,0,0)
(0,0,0)
(0,0,0)
(0,0,0)
(0,0,0)
(0,0,0)
(0,0,0)
(0,0,0)
(0,0,0)
(0,0,0)
(0,0,0)
(0,0,0)
(0,0,0)
(0,0,0)
(0,0,0)
(0,0,0)
(0,0,0)
(0,0,0)
(0,0,0)
(0,0,0)
(0,0,0)
(0,0,0)
(0,0,0)
(0,0,0)
(0,0,0)
(0,0,0)
(0,0,0)
(0,0,0)
(0,0,0)
(0,0,0)
(0,0,0)
(0,0,0)
(0,0,0)
(0,0,0)
(0,0,0)
(0,0,0)
(0,0,0)
(0,0,0)
(0,0,0)
(0,0,0)
(0,0,0)
(0,0,0)
(0,0,0)
(0,0,0)
(0,0,0)
(0,0,0)
(0,0,0)
(0,0,0)
(0,0,0)
(0,0,0)
(0,0,0)
(0,0,0)
(0,0,0)
(0,0,0)
(0,0,0)
(0,0,0)
(0,0,0)
(0,0,0)
(0,0,0)
(0,0,0)
(0,0,0)
(0,0,0)
(0,0,0)
(0,0,0)
(0,0,0)
(0,0,0)
(0,0,0)
(0,0,0)
(0,0,0)
(0,0,0)
(0,0,0)
(0,0,0)
(0,0,0)
(0,0,0)
(0,0,0)
(0,0,0)
(0,0,0)
(0,0,0)
(0,0,0)
(0,0,0)
(0,0,0)
(0,0,0)
(0,0,0)
(0,0,0)
(0,0,0)
(0,0,0)
(0,0,0)
(0,0,0)
(0,0,0)
(0,0,0)
(0,0,0)
(0,0,0)
(0,0,0)
(0,0,0)
(0,0,0)
(0,0,0)
(0,0,0)
(0,0,0)
(0,0,0)
(0,0,0)
(0,0,0)
(0,0,0)
(0,0,0)
(0,0,0)
(0,0,0)
(0,0,0)
(0,0,0)
(0,0,0)
(0,0,0)
(0,0,0)
(0,0,0)
(0,0,0)
(0,0,0)
(0,0,0)
(0,0,0)
(0,0,0)
(0,0,0)
(0,0,0)
(0,0,0)
(0,0,0)
(0,0,0)
(0,0,0)
(0,0,0)
(0,0,0)
(0,0,0)
(0,0,0)
(0,0,0)
(0,0,0)
(0,0,0)
(0,0,0)
(0,0,0)
(0,0,0)
(0,0,0)
(0,0,0)
(0,0,0)
(0,0,0)
(0,0,0)
(0,0,0)
(0,0,0)
(0,0,0)
(0,0,0)
(0,0,0)
(0,0,0)
(0,0,0)
(0,0,0)
(0,0,0)
(0,0,0)
(0,0,0)
(0,0,0)
(0,0,0)
(0,0,0)
(0,0,0)
(0,0,0)
(0,0,0)
(0,0,0)
(0,0,0)
(0,0,0)
(0,0,0)
(0,0,0)
(0,0,0)
(0,0,0)
(0,0,0)
(0,0,0)
(0,0,0)
(0,0,0)
(0,0,0)
(0,0,0)
(0,0,0)
(0,0,0)
(0,0,0)
(0,0,0)
(0,0,0)
(0,0,0)
(0,0,0)
(0,0,0)
(0,0,0)
(0,0,0)
(0,0,0)
(0,0,0)
(0,0,0)
(0,0,0)
(0,0,0)
(0,0,0)
(0,0,0)
(0,0,0)
(0,0,0)
(0,0,0)
(0,0,0)
(0,0,0)
(0,0,0)
(0,0,0)
(0,0,0)
(0,0,0)
(0,0,0)
(0,0,0)
(0,0,0)
(0,0,0)
(0,0,0)
(0,0,0)
(0,0,0)
(0,0,0)
(0,0,0)
(0,0,0)
(0,0,0)
(0,0,0)
(0,0,0)
(0,0,0)
(0,0,0)
(0,0,0)
(-167017.964225476,88753.3837746037,78264.5804508718)
(-176627.124483356,85085.2238152998,169806.481118927)
(-198905.420297069,77454.2137421539,291257.687673838)
(-241051.226399962,65503.727994771,466805.186079039)
(-317053.764089945,49380.286853,734478.663315984)
(-453464.455116898,30782.440983533,1157160.67744936)
(-700476.911006138,13888.9341549773,1843748.65430053)
(-1146860.45092203,3535.78883932154,2987073.31638326)
(-1891636.64421116,101.799204038387,4878608.16139034)
(-2635651.13000605,-208.5795701894,7514467.87096666)
(0,0,0)
(0,0,0)
(0,0,0)
(0,0,0)
(0,0,0)
(0,0,0)
(-176624.058730978,190760.3872178,74617.0552877801)
(-186350.718800579,183864.188676744,162188.809226916)
(-208987.88372605,169340.637171513,279290.269523605)
(-252109.22218918,146251.541852222,450651.677855333)
(-330216.086035797,114370.580997811,715877.469746317)
(-469906.199464187,76360.1424498781,1140205.96774415)
(-719636.894120835,40409.9401651099,1833321.85585485)
(-1164317.96552209,17628.8368535907,2983546.77336263)
(-1903278.3531733,8678.13644565858,4878248.78929436)
(-2641097.77008673,4435.86420654383,7514702.11560424)
(0,0,0)
(0,0,0)
(0,0,0)
(0,0,0)
(0,0,0)
(0,0,0)
(-198626.655770328,321652.101736176,67734.9412519523)
(-208525.163077135,312410.101709467,147714.191296369)
(-231892.06812774,292760.936547359,256185.960048268)
(-277165.478227591,260912.079943672,418690.90018441)
(-360244.308560481,215473.549559657,677832.240183031)
(-508579.823261876,158568.926986473,1104203.27890831)
(-766884.927409854,100965.368859722,1810532.77762357)
(-1207810.06732159,61407.995029531,2974563.68676916)
(-1931297.35045348,40537.9536833263,4874001.21998505)
(-2653797.53829452,22005.046548663,7510229.57593747)
(0,0,0)
(0,0,0)
(0,0,0)
(0,0,0)
(0,0,0)
(0,0,0)
(-239741.913215196,502942.934534528,58451.0804168443)
(-249809.467620997,492638.48174527,128032.16800204)
(-274072.669197034,470634.900235469,224230.873510955)
(-322444.181518219,434440.38083144,373146.754141397)
(-413738.581452377,381416.005251118,620942.879902326)
(-578685.287444371,311587.02035626,1046610.0739769)
(-857479.840794123,234056.685110498,1770998.59852024)
(-1292056.03046114,170742.92475489,2953719.699256)
(-1982681.90674393,121403.478226101,4855536.08145708)
(-2676200.26403165,65390.7906168382,7488350.60142075)
(0,0,0)
(0,0,0)
(0,0,0)
(0,0,0)
(0,0,0)
(0,0,0)
(-313470.823559107,768291.646957709,48122.1111359196)
(-323494.562645447,758271.239496641,105983.916029993)
(-348220.567492124,736877.760122873,187961.623634713)
(-399198.656813639,701590.354619571,320010.306660222)
(-498983.315007233,649330.396662736,551079.230255836)
(-684504.417997614,578153.912788283,969016.755821408)
(-995523.431252894,490930.696717016,1707666.17546779)
(-1420378.65921257,394423.883472676,2904363.8759626)
(-2057370.08114181,283621.362469169,4799516.07286145)
(-2708591.63162443,150398.757721203,7423099.73738152)
(0,0,0)
(0,0,0)
(0,0,0)
(0,0,0)
(0,0,0)
(0,0,0)
(-446539.222287816,1176745.63645061,38085.2327949204)
(-456046.039286137,1167826.21081413,84576.3007635663)
(-479963.197459876,1148770.51797777,152646.740368552)
(-530435.318454031,1117033.7004162,267638.713025942)
(-631255.539121057,1068375.49110241,479849.157707331)
(-820279.693159825,996577.041005415,881705.722650034)
(-1132214.69500616,893737.554920176,1611113.55945303)
(-1537793.0431874,749806.638562193,2793523.84755093)
(-2138306.50435571,549139.381816003,4666312.33255985)
(-2749390.41126177,293214.312069608,7272887.18947318)
(0,0,0)
(0,0,0)
(0,0,0)
(0,0,0)
(0,0,0)
(0,0,0)
(-690775.859019831,1838399.51528244,29121.9801879994)
(-699185.073021619,1830695.68598103,65437.5780427221)
(-720649.958007701,1814093.50850903,120764.545519163)
(-766753.324006141,1785744.70703368,218806.862907825)
(-860403.456099995,1739641.29996609,407944.51014414)
(-1037997.34505954,1663774.70061348,778744.195595629)
(-1330697.31992076,1536111.93095774,1467067.13947884)
(-1699500.27432244,1323592.7736496,2592781.27871386)
(-2258981.10615236,990456.726719749,4410445.03996243)
(-2815959.85521301,539709.309186239,6979909.8980589)
(0,0,0)
(0,0,0)
(0,0,0)
(0,0,0)
(0,0,0)
(0,0,0)
(-1137359.33662078,2954415.54443342,21343.3074697942)
(-1144092.32792363,2947407.5145356,48723.80683886)
(-1161382.41488844,2931954.80007911,92244.9301572317)
(-1198866.42154918,2904342.81142263,172513.247317448)
(-1275825.20329398,2856057.43860125,331922.311976268)
(-1423453.16741163,2768214.24440079,650935.935600574)
(-1668558.13092318,2601184.72123171,1254421.27624973)
(-1967170.22851238,2285628.10136422,2259556.17704753)
(-2478109.83070004,1768381.02253056,3959741.71193674)
(-2943273.95524415,1002389.57164338,6440335.40472371)
(0,0,0)
(0,0,0)
(0,0,0)
(0,0,0)
(0,0,0)
(0,0,0)
(-1885125.25076941,4825270.30809546,14270.4871073679)
(-1889725.75282803,4818235.92043464,33167.8340363617)
(-1901489.39637499,4802137.33378949,64474.6967009185)
(-1926698.52986618,4771497.44227577,124018.59571394)
(-1977531.24389164,4713711.2943844,243895.983822434)
(-2073058.53377586,4601405.62410943,483763.137889669)
(-2233520.24337959,4379718.32644845,938749.776052531)
(-2472038.93696005,3954183.31708342,1742233.49729341)
(-2882250.64178246,3199104.83793157,3193760.32367475)
(-3165331.76062328,1923515.03842641,5437966.61751501)
(0,0,0)
(0,0,0)
(0,0,0)
(0,0,0)
(0,0,0)
(0,0,0)
(-2632696.44409388,7450731.90450243,7234.84768689583)
(-2634985.26942885,7443400.11272601,17055.9248243547)
(-2640823.28377861,7426222.35324596,33794.1891464962)
(-2653194.73164588,7392339.09447701,66147.268591187)
(-2677806.900224,7326163.72128984,131501.741909751)
(-2723808.43942649,7194697.44927805,262018.35616757)
(-2804111.4298935,6932713.34504753,513134.767461958)
(-2939488.91887558,6419666.34597901,987140.657441932)
(-3164582.01000913,5432596.85275761,1918230.65262495)
(-3187105.10193141,3514394.1448279,3514456.64815493)
(0,0,0)
(0,0,0)
(0,0,0)
(0,0,0)
(0,0,0)
(0,0,0)
(0,0,0)
(0,0,0)
(0,0,0)
(0,0,0)
(0,0,0)
(0,0,0)
(0,0,0)
(0,0,0)
(0,0,0)
(0,0,0)
(0,0,0)
(0,0,0)
(0,0,0)
(0,0,0)
(0,0,0)
(0,0,0)
(0,0,0)
(0,0,0)
(0,0,0)
(0,0,0)
(0,0,0)
(0,0,0)
(0,0,0)
(0,0,0)
(0,0,0)
(0,0,0)
(0,0,0)
(0,0,0)
(0,0,0)
(0,0,0)
(0,0,0)
(0,0,0)
(0,0,0)
(0,0,0)
(0,0,0)
(0,0,0)
(0,0,0)
(0,0,0)
(0,0,0)
(0,0,0)
(0,0,0)
(0,0,0)
(0,0,0)
(0,0,0)
(0,0,0)
(0,0,0)
(0,0,0)
(0,0,0)
(0,0,0)
(0,0,0)
(0,0,0)
(0,0,0)
(0,0,0)
(0,0,0)
(0,0,0)
(0,0,0)
(0,0,0)
(0,0,0)
(0,0,0)
(0,0,0)
(0,0,0)
(0,0,0)
(0,0,0)
(0,0,0)
(0,0,0)
(0,0,0)
(0,0,0)
(0,0,0)
(0,0,0)
(0,0,0)
(0,0,0)
(0,0,0)
(0,0,0)
(0,0,0)
(0,0,0)
(0,0,0)
(0,0,0)
(0,0,0)
(0,0,0)
(0,0,0)
(0,0,0)
(0,0,0)
(0,0,0)
(0,0,0)
(0,0,0)
(0,0,0)
(0,0,0)
(0,0,0)
(0,0,0)
(0,0,0)
(0,0,0)
(0,0,0)
(0,0,0)
(0,0,0)
(0,0,0)
(0,0,0)
(24718731.9106832,79062.3663732955,68637.1583632755)
(24702589.4217149,75333.902689243,147536.109121135)
(24665544.3461387,67358.7729318073,249176.969398759)
(24596281.6909564,54426.6755633093,390866.776124299)
(24472937.6067735,36184.2034177444,598140.601488256)
(24253542.928203,14314.2760343748,910268.341779207)
(23851041.6787774,-5300.40953658108,1397499.56117738)
(23055691.8797422,-13965.2186932324,2242361.84885157)
(21261215.9667052,-11596.2290679569,4134554.86664844)
(16387971.6662098,-5669.98696215218,10150051.45704)
(0,0,0)
(0,0,0)
(0,0,0)
(0,0,0)
(0,0,0)
(0,0,0)
(24702344.3930367,168640.009002826,64903.3052481087)
(24686165.7295842,161607.136202047,139563.022995874)
(24648781.4207882,146393.518664886,236208.372393824)
(24578207.2821079,121169.89475883,372598.048546479)
(24451470.0161829,84283.122444768,576262.426946053)
(24225913.2309198,37606.1837125832,890600.488529069)
(23817271.6865228,-6934.66432299384,1388775.56231726)
(23025238.5533726,-25980.5749763827,2244683.79935092)
(21242281.3471755,-19447.7394718709,4140425.00905123)
(16379663.7832372,-8303.18870204562,10155746.0571123)
(0,0,0)
(0,0,0)
(0,0,0)
(0,0,0)
(0,0,0)
(0,0,0)
(24665128.228875,280503.591558228,57830.9324443683)
(24648922.9270431,271101.887191814,124337.490979553)
(24610790.3718237,250568.41482144,210929.554516847)
(24537120.0240907,215614.431474146,335648.915128651)
(24401614.5676033,161941.500757762,529581.06029718)
(24157589.3780193,88414.6181022338,846052.824271699)
(23725577.5866269,10334.5200378549,1369770.52551942)
(22941084.4739807,-22897.2080881581,2251242.01697429)
(21193341.1115503,-10928.1334803032,4151533.34862402)
(16359355.6573094,-456.974197486011,10163983.3381609)
(0,0,0)
(0,0,0)
(0,0,0)
(0,0,0)
(0,0,0)
(0,0,0)
(24596601.3519708,429218.457837157,48391.2681802434)
(24580425.0164818,418944.789832954,103763.281081578)
(24541368.1827377,396480.938188618,175859.305424894)
(24462901.1851799,357705.802934167,281871.966912076)
(24311253.4019867,296203.655856834,456067.228019265)
(24025464.3164198,205805.641778067,767976.000124483)
(23521637.198793,96061.4413201315,1336581.43890039)
(22749381.9828638,42433.2097556687,2263262.40737704)
(21094381.73842,46674.3418851968,4162045.68649275)
(16321364.9157573,32948.6281724343,10164524.3039793)
(0,0,0)
(0,0,0)
(0,0,0)
(0,0,0)
(0,0,0)
(0,0,0)
(24475847.0799055,635242.246948608,38107.7070691451)
(24460049.852418,625714.762541035,81242.7189428241)
(24420818.733191,605150.553967324,136983.202126439)
(24338267.7278424,570411.630527626,220260.389522136)
(24168163.3977548,517123.503720467,365643.228541817)
(23819786.1442497,442449.745418152,658157.96229983)
(23154952.3230449,354271.715671345,1282921.33329612)
(22393925.7519344,277017.054353489,2267482.47719663)
(20939282.534012,202651.577981905,4148302.02559127)
(16264862.1790339,109580.499504779,10131665.7432457)
(0,0,0)
(0,0,0)
(0,0,0)
(0,0,0)
(0,0,0)
(0,0,0)
(24261034.3057603,932553.662669826,28564.4558758379)
(24246317.0067141,924727.80087928,60637.7711825871)
(24208956.9488573,908144.446383604,102173.132094403)
(24127938.5344524,880808.746665746,166851.562695289)
(23955926.4995032,839343.364983684,290899.062453125)
(23597645.1287884,778993.414604999,569879.970963266)
(22924472.8309134,695318.845633674,1205594.71472672)
(22197054.7189782,588127.876743689,2193085.52981616)
(20807176.7206647,428455.175893405,4055248.10652954)
(16200035.1090712,226631.879217014,10022220.6061294)
(0,0,0)
(0,0,0)
(0,0,0)
(0,0,0)
(0,0,0)
(0,0,0)
(23862706.2137413,1391836.50543567,20684.4841182312)
(23849889.3935455,1385821.35537911,43965.8626965093)
(23816799.6644968,1373411.05917543,74699.0270455579)
(23743282.8578734,1353685.69677653,125235.294700429)
(23582914.2411718,1324260.8563607,230449.505696872)
(23240381.7300583,1278382.6546421,486130.590187089)
(22587599.4913017,1198291.6041442,1098310.42009927)
(21931093.4197961,1055946.66634042,2033347.33602927)
(20611455.6238288,771344.176581467,3853471.00500515)
(16089383.0678837,412411.132961722,9795798.22780904)
(0,0,0)
(0,0,0)
(0,0,0)
(0,0,0)
(0,0,0)
(0,0,0)
(23066684.2263901,2206648.36066517,14593.9814049026)
(23056568.1764022,2201776.42667793,31427.8054254908)
(23030224.4986836,2191885.20853932,54796.1421348986)
(22970869.9662988,2176562.53639757,95632.3143111577)
(22838757.7389116,2154374.34698377,184385.28112766)
(22548239.7663825,2118638.32750153,405886.074119487)
(21976964.5384947,2036255.47635341,955848.932137673)
(21548662.2602732,1780770.09717554,1748642.41216205)
(20216525.0554299,1364252.60735934,3494548.49489945)
(15833255.3011208,780371.125915548,9383508.64522593)
(0,0,0)
(0,0,0)
(0,0,0)
(0,0,0)
(0,0,0)
(0,0,0)
(21267618.2311284,4077699.10176048,9655.17665223723)
(21260798.5421479,4072949.13762266,21407.5703769091)
(21243178.5770139,4062778.28193386,39295.9232387334)
(21204356.0344154,4044993.70934869,73259.585651243)
(21121686.9000199,4013421.15190655,148444.036462122)
(20953472.3103147,3950652.19202805,323348.727490451)
(20650159.5198756,3809105.44012097,700268.400113011)
(20223754.0951224,3486665.08052198,1332029.78432943)
(19020108.3980389,2916708.93687498,2910663.81463775)
(15054178.8700026,1901754.99802445,8603218.71154822)
(0,0,0)
(0,0,0)
(0,0,0)
(0,0,0)
(0,0,0)
(0,0,0)
(16390275.6470467,10083243.1058967,4933.30436844964)
(16386900.6012512,10078222.3915747,11223.5793815307)
(16378258.5804021,10066932.1512012,21437.2455787124)
(16359623.965663,10045476.32022,41585.3370439441)
(16321202.1797812,10003910.7879295,85536.0206611742)
(16245614.7568664,9918481.89656375,181732.51947798)
(16105598.8307452,9736803.29738304,377773.801222515)
(15837288.7746445,9359082.24762845,762028.340241434)
(15054805.9761775,8597100.51021845,1895698.18035668)
(12240861.664827,6701456.82291142,6701478.98835653)
(0,0,0)
(0,0,0)
(0,0,0)
(0,0,0)
(0,0,0)
(0,0,0)
(0,0,0)
(0,0,0)
(0,0,0)
(0,0,0)
(0,0,0)
(0,0,0)
(0,0,0)
(0,0,0)
(0,0,0)
(0,0,0)
(0,0,0)
(0,0,0)
(0,0,0)
(0,0,0)
(0,0,0)
(0,0,0)
(0,0,0)
(0,0,0)
(0,0,0)
(0,0,0)
(0,0,0)
(0,0,0)
(0,0,0)
(0,0,0)
(0,0,0)
(0,0,0)
(0,0,0)
(0,0,0)
(0,0,0)
(0,0,0)
(0,0,0)
(0,0,0)
(0,0,0)
(0,0,0)
(0,0,0)
(0,0,0)
(0,0,0)
(0,0,0)
(0,0,0)
(0,0,0)
(0,0,0)
(0,0,0)
(0,0,0)
(0,0,0)
(0,0,0)
(0,0,0)
(0,0,0)
(0,0,0)
(0,0,0)
(0,0,0)
(0,0,0)
(0,0,0)
(0,0,0)
(0,0,0)
(0,0,0)
(0,0,0)
(0,0,0)
(0,0,0)
(0,0,0)
(0,0,0)
(0,0,0)
(0,0,0)
(0,0,0)
(0,0,0)
(0,0,0)
(0,0,0)
(0,0,0)
(0,0,0)
(0,0,0)
(0,0,0)
(0,0,0)
(0,0,0)
(0,0,0)
(0,0,0)
(0,0,0)
(0,0,0)
(0,0,0)
(0,0,0)
(0,0,0)
(0,0,0)
(0,0,0)
(0,0,0)
(0,0,0)
(0,0,0)
(0,0,0)
(0,0,0)
(0,0,0)
(0,0,0)
(0,0,0)
(0,0,0)
(0,0,0)
(0,0,0)
(0,0,0)
(0,0,0)
(0,0,0)
(0,0,0)
(-429887.624330414,62617.7571008753,52552.3782674914)
(-447699.191719606,58865.8749376404,110525.717118995)
(-487918.647577623,50556.9889573188,179982.322232802)
(-561118.524930211,36313.1488896593,267619.989584539)
(-686440.733506284,14673.5686121301,378875.361607055)
(-895604.726122045,-13348.5747712988,507922.191058165)
(-1237634.12486373,-39127.6753733962,602276.270427524)
(-1778901.67678675,-44500.1572586173,447920.58456989)
(-2554924.69163003,-30605.362253828,-738782.794486295)
(-3132046.04118473,-14003.6022213304,-6238210.88451558)
(0,0,0)
(0,0,0)
(0,0,0)
(0,0,0)
(0,0,0)
(0,0,0)
(-448603.608263278,131325.393443118,48790.965312417)
(-466105.207161447,124245.288217098,102233.089133256)
(-505921.243702827,108319.884513514,165723.458422807)
(-579221.654771207,80014.5980919072,246001.546454413)
(-706471.066014814,34311.514273677,350855.283345301)
(-921308.913255659,-30843.2717678023,482122.724872049)
(-1271338.31075624,-98754.3387295526,596909.985861847)
(-1807391.32052618,-110272.061192893,461862.36404967)
(-2569224.27096376,-68511.1450126581,-722175.6346974)
(-3137118.90594928,-28666.1626998287,-6224179.78467754)
(0,0,0)
(0,0,0)
(0,0,0)
(0,0,0)
(0,0,0)
(0,0,0)
(-490564.65986887,211910.10041294,41658.7821289487)
(-507447.542570101,202544.936438414,86280.2038756435)
(-546565.072400912,181127.587911737,137378.545056743)
(-620594.178265177,141353.668864729,200304.276994399)
(-754422.701782989,71471.9759798521,285731.685029202)
(-991366.772891928,-43823.2249562491,414218.38948353)
(-1384191.8362174,-193686.722167476,585470.796120433)
(-1906176.38859238,-214697.271724126,503707.469579374)
(-2612563.0329757,-109997.641172467,-682351.289379899)
(-3151013.06168909,-38531.062229441,-6195567.07049711)
(0,0,0)
(0,0,0)
(0,0,0)
(0,0,0)
(0,0,0)
(0,0,0)
(-565684.086584367,308503.038212299,32243.1011106336)
(-581661.078267007,298628.083773088,64796.6488794956)
(-619666.537385378,276003.581848415,97505.9754206622)
(-695194.80190948,233132.568696105,130373.663033344)
(-843914.48327939,153110.300473024,170453.824160931)
(-1145774.77640451,95.2700311522973,264325.022352643)
(-1735026.64956535,-270654.290867333,564507.039765535)
(-2229643.9603674,-313089.415835935,608475.72746315)
(-2721181.27473196,-108539.058113627,-610869.242088885)
(-3180815.70885753,-23661.303837201,-6157007.77551162)
(0,0,0)
(0,0,0)
(0,0,0)
(0,0,0)
(0,0,0)
(0,0,0)
(-691943.491586325,420506.43247575,22337.7775831704)
(-706604.549739231,412080.228488444,42090.6353798344)
(-742470.218058552,393406.270126123,54527.4987062273)
(-817988.628464648,360200.985955109,50266.0381090779)
(-984266.366373159,304950.706349538,17405.996715182)
(-1409991.02283454,220335.537338783,-6506.50315361251)
(-2801448.83048473,123772.101283253,522018.858580099)
(-3323677.84733174,80119.3190538806,812964.323311166)
(-2934170.12327717,70498.1397366493,-526069.616895099)
(-3229661.19676369,44715.2343586428,-6133372.17893851)
(0,0,0)
(0,0,0)
(0,0,0)
(0,0,0)
(0,0,0)
(0,0,0)
(-900063.184769469,534292.703907191,13861.8194531589)
(-912907.460202802,528380.9126255,23336.2025877836)
(-945027.748936915,516064.945604461,21212.8252583845)
(-1015225.19630695,496241.840703609,-5113.69837619923)
(-1176822.65818605,466446.055833563,-67309.2898162816)
(-1601420.50488783,421817.306033192,-103174.82447967)
(-2925079.83115963,358457.968038345,478242.571192893)
(-3403470.75261469,322162.094489146,803275.867705216)
(-3033334.09109721,232709.413646362,-551873.994087949)
(-3278489.77020533,115955.694410773,-6178038.97450865)
(0,0,0)
(0,0,0)
(0,0,0)
(0,0,0)
(0,0,0)
(0,0,0)
(-1240195.53033579,595865.327424955,7879.72091411034)
(-1250776.50410586,592554.810256467,10922.3212892821)
(-1277777.9390461,586884.515641551,1230.95514969488)
(-1338923.35734738,581318.107829147,-35088.4964002556)
(-1487289.21679531,580168.987660798,-112057.369905621)
(-1903022.28011379,586299.298406779,-166584.751752264)
(-3283540.62902801,587682.326715488,441881.610255152)
(-3725612.4602351,673528.654197821,713771.530932452)
(-3183318.17016736,376408.205664084,-668602.866734176)
(-3359089.63237297,156258.706502477,-6293882.57821451)
(0,0,0)
(0,0,0)
(0,0,0)
(0,0,0)
(0,0,0)
(0,0,0)
(-1782952.16162692,407574.083329663,4478.23246702143)
(-1790945.7941515,406006.522701487,5091.09093046945)
(-1811565.71899904,404879.322912388,-4562.89830306168)
(-1859480.05292979,410122.44969007,-36466.6205806801)
(-1982243.26457268,437383.180062079,-106129.209142834)
(-2363623.58948212,523941.525930631,-165357.480447438)
(-3871302.90154546,709522.7777056,527620.108957346)
(-3156107.79990178,455922.310475607,416547.113209385)
(-3303045.65457491,167860.369034209,-888783.73980105)
(-3483893.06175988,1288.70644692219,-6450114.77650999)
(0,0,0)
(0,0,0)
(0,0,0)
(0,0,0)
(0,0,0)
(0,0,0)
(-2561406.7516078,-799688.289262374,2837.95568287242)
(-2566608.1753798,-801009.639663026,3811.43592977088)
(-2579843.20899379,-802203.625324117,466.770528717206)
(-2609316.53998817,-799781.680551533,-9405.92447133086)
(-2676930.79901753,-787093.635706732,-19760.8093102911)
(-2838632.48664769,-757243.380663487,20079.4946007874)
(-3192157.49652861,-735472.135183698,273942.024249025)
(-3308425.13180858,-899813.080162284,128407.242172562)
(-3613082.71942842,-1048650.08216848,-1055340.58880271)
(-3670395.90001418,-911615.695761465,-6451310.81622282)
(0,0,0)
(0,0,0)
(0,0,0)
(0,0,0)
(0,0,0)
(0,0,0)
(-3137062.87900308,-6307365.76584616,1566.60298829059)
(-3139591.80086106,-6309006.24871543,2606.21450765152)
(-3145928.09100144,-6311657.2253323,2797.08627418801)
(-3159547.36499787,-6314434.37365282,3171.71039098545)
(-3188586.24373288,-6317540.04367584,9957.14222885871)
(-3249490.20033126,-6327376.63024794,41745.9493655677)
(-3362079.83071161,-6369011.76469641,109514.840689799)
(-3487546.69085278,-6478444.82154049,-20467.3520801844)
(-3671473.48257952,-6457976.75415569,-918310.620981291)
(-3543184.49459181,-5539662.6069296,-5539666.9500397)
(0,0,0)
(0,0,0)
(0,0,0)
(0,0,0)
(0,0,0)
(0,0,0)
(0,0,0)
(0,0,0)
(0,0,0)
(0,0,0)
(0,0,0)
(0,0,0)
(0,0,0)
(0,0,0)
(0,0,0)
(0,0,0)
(0,0,0)
(0,0,0)
(0,0,0)
(0,0,0)
(0,0,0)
(0,0,0)
(0,0,0)
(0,0,0)
(0,0,0)
(0,0,0)
(0,0,0)
(0,0,0)
(0,0,0)
(0,0,0)
(0,0,0)
(0,0,0)
(0,0,0)
(0,0,0)
(0,0,0)
(0,0,0)
(0,0,0)
(0,0,0)
(0,0,0)
(0,0,0)
(0,0,0)
(0,0,0)
(0,0,0)
(0,0,0)
(0,0,0)
(0,0,0)
(0,0,0)
(0,0,0)
(0,0,0)
(0,0,0)
(0,0,0)
(0,0,0)
(0,0,0)
(0,0,0)
(0,0,0)
(0,0,0)
(0,0,0)
(0,0,0)
(0,0,0)
(0,0,0)
(0,0,0)
(0,0,0)
(0,0,0)
(0,0,0)
(0,0,0)
(0,0,0)
(0,0,0)
(0,0,0)
(0,0,0)
(0,0,0)
(0,0,0)
(0,0,0)
(0,0,0)
(0,0,0)
(0,0,0)
(0,0,0)
(0,0,0)
(0,0,0)
(0,0,0)
(0,0,0)
(0,0,0)
(0,0,0)
(0,0,0)
(0,0,0)
(0,0,0)
(0,0,0)
(0,0,0)
(0,0,0)
(0,0,0)
(0,0,0)
(0,0,0)
(0,0,0)
(0,0,0)
(0,0,0)
(0,0,0)
(0,0,0)
(0,0,0)
(0,0,0)
(0,0,0)
(0,0,0)
(0,0,0)
(0,0,0)
(-508463.877591596,43777.5888666128,34798.6643945691)
(-523573.758083411,40323.5276117535,70349.7031466249)
(-556825.501689938,32424.2364513564,106832.320807586)
(-614819.660569626,18121.3065711538,142412.149875845)
(-708504.31439415,-5425.83626347092,169901.567027182)
(-852656.425756919,-39142.8787922473,166096.145454302)
(-1059819.03438056,-72940.9134032203,61221.9683743546)
(-1316659.87642542,-73070.9110718463,-327948.92091513)
(-1522115.64474254,-44926.1704175216,-1315831.79738507)
(-1322743.44453361,-19061.2327800876,-3106073.16125608)
(0,0,0)
(0,0,0)
(0,0,0)
(0,0,0)
(0,0,0)
(0,0,0)
(-525446.096843558,89288.7642730886,31331.313173802)
(-539711.744279269,82784.0058719998,62477.3720313799)
(-571138.539203351,67599.2158656625,92519.6881176021)
(-626096.857519405,38605.7074437351,118910.489993214)
(-715528.140657386,-13700.6350051366,136242.363377446)
(-855533.510830136,-101011.318583905,132335.400743583)
(-1061349.68510092,-211730.362043741,61136.2237287892)
(-1310417.65476291,-209167.705777379,-299740.647328955)
(-1512029.00316874,-111924.978885437,-1289937.10665604)
(-1316544.41278557,-42600.6146141931,-3086972.21798573)
(0,0,0)
(0,0,0)
(0,0,0)
(0,0,0)
(0,0,0)
(0,0,0)
(-562818.458708159,136772.140180496,24770.4229318862)
(-575441.270864368,128308.276429634,47239.8806685165)
(-603247.024028811,108042.198220902,63478.8499411731)
(-651920.207989091,66764.3022894981,66646.2848193235)
(-732438.549332644,-18050.0377177666,49011.5350816062)
(-866718.914682931,-198288.573417537,21640.9317062239)
(-1093499.67129915,-544571.750463096,63790.155207324)
(-1310892.42731378,-538244.571214839,-202416.940633831)
(-1487576.93599098,-218712.628905978,-1220615.38759801)
(-1301412.3719838,-68413.399975705,-3044403.29194181)
(0,0,0)
(0,0,0)
(0,0,0)
(0,0,0)
(0,0,0)
(0,0,0)
(-627476.71716251,182327.718074241,16237.0526844068)
(-637761.065715969,173787.024152207,26858.2924108028)
(-660162.678386938,153300.020847031,22096.6107862372)
(-698562.089992171,110417.927909281,-18189.726750854)
(-761710.848952244,12756.8068011423,-131200.205596905)
(-886378.576572191,-264182.895460675,-324702.083386093)
(-1337268.41068188,-1337176.57135336,70144.498620694)
(-1407681.50448604,-1407229.69166802,117167.163192504)
(-1430761.11819845,-321634.250803688,-1070331.37144331)
(-1270917.48123677,-72597.669268995,-2976045.32977086)
(0,0,0)
(0,0,0)
(0,0,0)
(0,0,0)
(0,0,0)
(0,0,0)
(-729791.896713889,212522.497343592,7653.62585821228)
(-737375.425061726,205938.351298691,6273.17403422441)
(-753025.699417369,191026.773977364,-20898.0977372815)
(-775652.187785246,163114.719138409,-115931.329645812)
(-791696.865541207,112446.982437006,-408191.006113633)
(-713462.37306568,28881.9577790413,-1397784.50912221)
(-7.73524373414393e-05,-2.11833824326064e-05,5.15525873077769e-05)
(-183.377106633279,244.579767345653,1202645.5987436)
(-1203035.89055938,-28701.1359442349,-821421.74883368)
(-1215941.69316718,-4140.34923488768,-2903598.5724643)
(0,0,0)
(0,0,0)
(0,0,0)
(0,0,0)
(0,0,0)
(0,0,0)
(-882819.5910774,194268.363683999,1010.53996753057)
(-887832.149457911,190631.994343378,-8758.41382205199)
(-897282.327437576,183468.00131923,-48945.0626632518)
(-907029.134065943,172685.5819565,-166711.987722347)
(-895346.961267309,156114.106001025,-491854.808205115)
(-757985.914771423,120295.355050052,-1426702.79559253)
(-6.93992078241828e-05,-2.50280741746802e-05,3.67185711534897e-05)
(-376.699657164587,9.12792996749373,1173570.54844081)
(-1174247.94979921,82728.7424079992,-796945.471209412)
(-1215407.89432004,35357.9308259981,-2899525.62715549)
(0,0,0)
(0,0,0)
(0,0,0)
(0,0,0)
(0,0,0)
(0,0,0)
(-1096324.45136015,53099.4844299062,-2702.19972153978)
(-1099186.06725703,52416.1669262828,-16076.8091532832)
(-1103639.2415039,53181.4475944322,-59928.9529706695)
(-1103555.71924989,60850.7780673482,-183461.787179014)
(-1072151.74236705,85314.4746044029,-527799.630210662)
(-889288.922495025,125803.418411279,-1547041.05119065)
(-0.000190693662327647,7.12743482759634e-05,5.37068845607007e-05)
(-350.682863577998,1243069.52098791,1256203.49769293)
(-1256778.50974182,256713.666058032,-844321.086382642)
(-1264667.49593775,31477.3949904196,-2934862.68698229)
(0,0,0)
(0,0,0)
(0,0,0)
(0,0,0)
(0,0,0)
(0,0,0)
(-1355357.16629659,-371008.423792534,-3487.08710790037)
(-1356743.56264057,-369762.734188651,-15510.4175039088)
(-1357933.73164487,-363437.793033489,-52523.1642301636)
(-1352235.81077002,-339674.600368807,-159242.027953782)
(-1311445.3864211,-257213.508933168,-487511.922567786)
(-1101405.79581402,49052.8956012862,-1672979.19342589)
(-321.714136012449,1388765.13243372,1242947.44919363)
(-1243440.03688632,303641.686812276,269707.520353786)
(-1564850.78198097,-142169.862129999,-1069603.82405213)
(-1370469.4894106,-185228.273177065,-2966321.72823394)
(0,0,0)
(0,0,0)
(0,0,0)
(0,0,0)
(0,0,0)
(0,0,0)
(-1554673.0568315,-1375421.53161329,-2320.5869555331)
(-1555255.41189359,-1374067.47944084,-9368.60518953854)
(-1555305.34809365,-1368341.77083732,-29002.488285826)
(-1550983.55923527,-1350014.83384218,-76995.2355653364)
(-1531010.96509467,-1298709.71753641,-181418.860884937)
(-1469568.86553433,-1168057.68628147,-333371.900115542)
(-1389142.90515567,-905373.754872205,157752.395817433)
(-1591875.84837475,-1078943.71505768,-176211.485746435)
(-1711721.18478578,-1107085.19131856,-1112657.6912005)
(-1402835.64431724,-784458.080469214,-2780988.13960531)
(0,0,0)
(0,0,0)
(0,0,0)
(0,0,0)
(0,0,0)
(0,0,0)
(-1341105.88697015,-3170440.41839888,-938.10524731696)
(-1341323.83665273,-3169570.32083487,-3703.22806160649)
(-1341268.00975373,-3165880.6348304,-10824.445316237)
(-1339552.00341426,-3154980.52839522,-25854.1123467885)
(-1333253.6234851,-3128975.62812501,-50920.8220059834)
(-1319774.91388758,-3077897.99507468,-70795.799656467)
(-1315372.01849374,-3006966.86054697,-15910.5061995314)
(-1386995.14594455,-2990993.41105575,-204412.355109668)
(-1406320.68502611,-2786600.08535105,-790050.258630575)
(-1124590.66075405,-1996575.13617886,-1996527.03675866)
(0,0,0)
(0,0,0)
(0,0,0)
(0,0,0)
(0,0,0)
(0,0,0)
(0,0,0)
(0,0,0)
(0,0,0)
(0,0,0)
(0,0,0)
(0,0,0)
(0,0,0)
(0,0,0)
(0,0,0)
(0,0,0)
(0,0,0)
(0,0,0)
(0,0,0)
(0,0,0)
(0,0,0)
(0,0,0)
(0,0,0)
(0,0,0)
(0,0,0)
(0,0,0)
(0,0,0)
(0,0,0)
(0,0,0)
(0,0,0)
(0,0,0)
(0,0,0)
(0,0,0)
(0,0,0)
(0,0,0)
(0,0,0)
(0,0,0)
(0,0,0)
(0,0,0)
(0,0,0)
(0,0,0)
(0,0,0)
(0,0,0)
(0,0,0)
(0,0,0)
(0,0,0)
(0,0,0)
(0,0,0)
(0,0,0)
(0,0,0)
(0,0,0)
(0,0,0)
(0,0,0)
(0,0,0)
(0,0,0)
(0,0,0)
(0,0,0)
(0,0,0)
(0,0,0)
(0,0,0)
(0,0,0)
(0,0,0)
(0,0,0)
(0,0,0)
(0,0,0)
(0,0,0)
(0,0,0)
(0,0,0)
(0,0,0)
(0,0,0)
(0,0,0)
(0,0,0)
(0,0,0)
(0,0,0)
(0,0,0)
(0,0,0)
(0,0,0)
(0,0,0)
(0,0,0)
(0,0,0)
(0,0,0)
(0,0,0)
(0,0,0)
(0,0,0)
(0,0,0)
(0,0,0)
(0,0,0)
(0,0,0)
(0,0,0)
(0,0,0)
(0,0,0)
(0,0,0)
(0,0,0)
(0,0,0)
(0,0,0)
(0,0,0)
(0,0,0)
(0,0,0)
(0,0,0)
(0,0,0)
(0,0,0)
(0,0,0)
(-554808.478573851,26611.8883338335,19732.7126484252)
(-564997.761054523,24027.6696353696,37129.0459841688)
(-586510.322900561,17990.7636533429,48823.1035414431)
(-621570.292613815,6780.53979939266,48793.1957862394)
(-673169.372856772,-12494.4218946541,25952.6761435149)
(-743766.031366115,-42077.4522197473,-40860.2660275466)
(-830721.955279287,-74556.1474614941,-195401.197667328)
(-912009.986251893,-66909.4962910618,-533141.591549793)
(-904131.683312206,-34884.047913353,-1116241.50506678)
(-643008.728115697,-12883.7044453694,-1783092.51703931)
(0,0,0)
(0,0,0)
(0,0,0)
(0,0,0)
(0,0,0)
(0,0,0)
(-567666.519153635,51742.1236309735,17090.1870129366)
(-576589.598006687,46902.7807827888,31092.9295929308)
(-595052.597064119,35400.8463266906,37596.9047803485)
(-624020.793497241,12751.1895090399,29550.191048542)
(-664282.683036547,-30615.65702777,-3574.03143918339)
(-715675.859281961,-112223.102237627,-73286.0329694774)
(-777547.347461435,-243940.363549757,-187704.154520696)
(-854237.84053753,-209717.254769076,-501076.210268045)
(-866250.024371494,-87522.9683811923,-1094216.26859747)
(-625952.386590202,-27500.0905671569,-1770191.90867103)
(0,0,0)
(0,0,0)
(0,0,0)
(0,0,0)
(0,0,0)
(0,0,0)
(-595345.922174648,72109.7474919914,12159.8396054684)
(-601860.566091422,65971.0224784358,19510.8931368797)
(-614323.080005223,51098.9572192882,14888.8382206974)
(-630569.299918959,20093.2856425913,-13804.1659829838)
(-644426.659583714,-47318.0241363809,-85113.6886233033)
(-641129.3843453,-217958.397114861,-204967.924083687)
(-600683.998743975,-788346.393132163,-153377.56705645)
(-660096.286533298,-635059.210236169,-378831.752369846)
(-757826.867303838,-161908.383629372,-1034196.40580882)
(-582482.59498527,-37906.0570349881,-1742720.21633953)
(0,0,0)
(0,0,0)
(0,0,0)
(0,0,0)
(0,0,0)
(0,0,0)
(-641365.125020443,80086.2767258745,5911.87862405225)
(-644630.974518467,74260.2475091699,4492.56239580964)
(-648868.298555608,60516.7066746717,-16219.5668909027)
(-646790.129170738,33374.4288902531,-81272.6709600003)
(-617317.168472528,-17233.8997588991,-255750.475817208)
(-493353.902872315,-91318.5532055539,-775414.993426393)
(-3.66781317225718e-05,-4.90212159670462e-06,1.70262094683341e-05)
(-9.09223368199432,206.929446171643,94324.0263934738)
(-494141.211922415,-93941.5916783316,-910262.671833602)
(-496551.650467752,-17621.1712922837,-1704913.38834533)
(0,0,0)
(0,0,0)
(0,0,0)
(0,0,0)
(0,0,0)
(0,0,0)
(-709328.616875625,59611.2618970262,11.734990585043)
(-709315.041023968,55602.0470822952,-9390.44862030439)
(-705323.13771197,46907.8695069947,-43484.1731580313)
(-685627.128453782,31844.3762127016,-131979.179811946)
(-619813.78098064,8822.27514919634,-329918.439280597)
(-434832.245552921,-15649.3855249819,-684217.734473905)
(3.78706626386395e-06,-3.17114170715239e-06,-8.88302866595128e-05)
(-8.22345935766106e-05,-9.99002918545029e-06,4.14954701703671e-06)
(-264.893461748471,83.4648838510881,-834090.769671432)
(-376583.182025807,-3604.77379247925,-1687465.67831259)
(0,0,0)
(0,0,0)
(0,0,0)
(0,0,0)
(0,0,0)
(0,0,0)
(-800009.229153859,-19141.1267623814,-4057.97326413665)
(-797387.163634346,-20647.8493790878,-18253.0626263177)
(-787147.709387215,-22777.1322731573,-58702.6788965268)
(-755030.433592691,-23747.2883388947,-155109.714818182)
(-666543.456565136,-20580.7814997199,-354510.162871428)
(-448571.837651499,-10917.3959640097,-668656.229552318)
(-1.81193306816548e-06,-7.96128497400409e-06,-6.84354842885166e-05)
(-6.05415349489897e-05,-1.90758353970965e-05,1.38417909175517e-06)
(-226.113472912596,202.017189676049,-837884.001088714)
(-359040.963385039,-13898.1949696624,-1683957.51084654)
(0,0,0)
(0,0,0)
(0,0,0)
(0,0,0)
(0,0,0)
(0,0,0)
(-903870.131908131,-205967.976065929,-5627.47014846986)
(-899725.487751208,-205137.865786996,-20598.0332463824)
(-886056.53815151,-201042.958358825,-59914.9105131162)
(-847349.492491166,-187751.440830218,-152116.984780508)
(-745991.01602527,-153879.979217276,-344978.513404728)
(-501201.067427368,-86181.0724582666,-657802.691978148)
(-1.08789669969924e-05,-0.000111320788845042,-8.19251492269293e-05)
(-0.000105289855581192,2.62179374354373e-06,2.28074841537895e-06)
(-62.7917917049919,-51350.4923133151,-852046.819266826)
(-386186.570810753,-74325.0999823684,-1670100.83938112)
(0,0,0)
(0,0,0)
(0,0,0)
(0,0,0)
(0,0,0)
(0,0,0)
(-985974.734481069,-570466.283372989,-4884.12450846707)
(-981630.720771343,-568402.562521242,-16732.2696434548)
(-967912.182575856,-560889.663526947,-46907.1135443421)
(-929976.687580368,-538437.152450242,-118480.525113965)
(-829608.394053725,-476735.907429291,-277461.589269323)
(-574189.194804103,-319043.592076392,-571815.67066112)
(-0.000128436615291777,7.02353936643465e-06,6.2363667277889e-06)
(-139.681744714611,-44819.4400416966,-51576.6542633603)
(-503564.428647097,-289103.109419423,-875110.390491124)
(-506454.075494667,-217656.133882958,-1595794.77050649)
(0,0,0)
(0,0,0)
(0,0,0)
(0,0,0)
(0,0,0)
(0,0,0)
(-960343.60168165,-1161906.95574083,-2888.78278200373)
(-956961.622353688,-1160177.56692531,-9407.56791784327)
(-946601.380501974,-1154313.80437129,-24687.3946651773)
(-918575.868758544,-1138550.05675888,-56982.180833265)
(-843927.026775229,-1100888.44526055,-119913.581321445)
(-637454.725336195,-1018214.48993181,-252856.823664154)
(-53.995777542486,-831587.661967707,-44885.1690433258)
(-511524.226381444,-874082.620442005,-295973.610636337)
(-691326.703449464,-801753.250471091,-803717.950920986)
(-539782.930563611,-506283.803309823,-1378142.99524775)
(0,0,0)
(0,0,0)
(0,0,0)
(0,0,0)
(0,0,0)
(0,0,0)
(-672448.153810013,-1829415.41206145,-1149.27683953223)
(-670681.130180325,-1828323.42309273,-3646.12714453161)
(-665484.94909894,-1824648.74023905,-9094.25193157235)
(-652255.622344094,-1815420.65151965,-19520.0382409758)
(-620593.654547821,-1795663.09052153,-37405.3619172428)
(-550997.068425226,-1758063.33259403,-66334.3647173834)
(-434251.954860487,-1691574.30922996,-87467.7810884069)
(-520823.075061505,-1604021.93873829,-223700.533675176)
(-543172.1377788,-1380307.15683434,-508295.174559252)
(-395229.074533901,-872022.346008493,-871918.218080741)
(0,0,0)
(0,0,0)
(0,0,0)
(0,0,0)
(0,0,0)
(0,0,0)
(0,0,0)
(0,0,0)
(0,0,0)
(0,0,0)
(0,0,0)
(0,0,0)
(0,0,0)
(0,0,0)
(0,0,0)
(0,0,0)
(0,0,0)
(0,0,0)
(0,0,0)
(0,0,0)
(0,0,0)
(0,0,0)
(0,0,0)
(0,0,0)
(0,0,0)
(0,0,0)
(0,0,0)
(0,0,0)
(0,0,0)
(0,0,0)
(0,0,0)
(0,0,0)
(0,0,0)
(0,0,0)
(0,0,0)
(0,0,0)
(0,0,0)
(0,0,0)
(0,0,0)
(0,0,0)
(0,0,0)
(0,0,0)
(0,0,0)
(0,0,0)
(0,0,0)
(0,0,0)
(0,0,0)
(0,0,0)
(0,0,0)
(0,0,0)
(0,0,0)
(0,0,0)
(0,0,0)
(0,0,0)
(0,0,0)
(0,0,0)
(0,0,0)
(0,0,0)
(0,0,0)
(0,0,0)
(0,0,0)
(0,0,0)
(0,0,0)
(0,0,0)
(0,0,0)
(0,0,0)
(0,0,0)
(0,0,0)
(0,0,0)
(0,0,0)
(0,0,0)
(0,0,0)
(0,0,0)
(0,0,0)
(0,0,0)
(0,0,0)
(0,0,0)
(0,0,0)
(0,0,0)
(0,0,0)
(0,0,0)
(0,0,0)
(0,0,0)
(0,0,0)
(0,0,0)
(0,0,0)
(0,0,0)
(0,0,0)
(0,0,0)
(0,0,0)
(0,0,0)
(0,0,0)
(0,0,0)
(0,0,0)
(0,0,0)
(0,0,0)
(0,0,0)
(0,0,0)
(0,0,0)
(0,0,0)
(0,0,0)
(0,0,0)
(-577922.249563403,13589.7483876622,9524.0226018942)
(-583367.31678483,12304.8287254878,15588.7496067142)
(-594046.976408295,9375.92700983291,13749.4761046154)
(-609327.080487673,4278.74541218882,-2772.48143371659)
(-627747.746332877,-3646.56194959438,-44547.5460080186)
(-646607.949200858,-14001.0821603806,-127704.54601289)
(-660493.777957354,-21395.2600097002,-276537.463325132)
(-654375.678023236,-9148.23494525416,-525023.536608534)
(-577268.322412663,3000.11056263011,-854887.008070682)
(-362280.676603643,4177.05059014088,-1139792.11017293)
(0,0,0)
(0,0,0)
(0,0,0)
(0,0,0)
(0,0,0)
(0,0,0)
(-586105.060383232,23888.1950744544,8140.09454280863)
(-590260.639499082,21514.2232722044,12601.7414884883)
(-597776.441978892,16078.2371868669,8623.27622623329)
(-606594.913639007,6158.58752748073,-10682.4457472942)
(-612922.52193365,-10797.1954705859,-54891.9733291963)
(-611815.450466977,-37677.1233367512,-135076.340967811)
(-602680.685435613,-67079.2620552207,-264259.00094811)
(-599259.286192057,-15548.4823621489,-512837.307876692)
(-543374.560786845,20951.2360125666,-853663.896911256)
(-347515.664979082,16000.7049752112,-1143924.27290745)
(0,0,0)
(0,0,0)
(0,0,0)
(0,0,0)
(0,0,0)
(0,0,0)
(-603230.2188235,26100.6488297033,5671.84289360742)
(-604973.207094007,23211.527396934,7087.17977146503)
(-606362.38668048,16531.4984051511,-1326.77477155984)
(-601955.432212633,3841.60417652714,-27623.6591269362)
(-580906.246903679,-20213.7501744732,-81727.5171030852)
(-525910.387610467,-70188.8718752397,-164434.765299439)
(-431898.535678717,-187624.024901407,-212675.465518511)
(-437071.490455622,25070.969739743,-476319.713698081)
(-456480.705251103,101868.844368064,-858583.484106318)
(-313286.256159822,48105.3383994731,-1159884.45635601)
(0,0,0)
(0,0,0)
(0,0,0)
(0,0,0)
(0,0,0)
(0,0,0)
(-630143.798555395,12225.4432147249,2653.87914992583)
(-628755.874857241,9698.15164821121,292.155237425858)
(-622137.549479368,4156.01467643291,-14063.1101100954)
(-599875.723726851,-5409.70758868062,-51726.2037887727)
(-537853.025562769,-19707.0024919334,-131697.09438107)
(-380521.865310228,-32806.8236599768,-281911.18015842)
(-3.18005245224439e-05,-6.32438996709164e-06,-3.20273944630399e-06)
(8.77586683235932,194.05801082802,-399596.358632671)
(-279409.929759431,399960.981952987,-912419.778380586)
(-255212.081560392,102392.97515723,-1208046.98404569)
(0,0,0)
(0,0,0)
(0,0,0)
(0,0,0)
(0,0,0)
(0,0,0)
(-666207.693691764,-30887.2303698412,-8.2495992870128)
(-661904.154132364,-32292.0649788285,-5428.91986384945)
(-648092.036200859,-34745.3434895035,-23758.6632090257)
(-611232.029978584,-37428.1724421043,-66135.2968308014)
(-522915.542168559,-37833.6599875583,-144906.878147258)
(-333912.097050629,-29348.3780707823,-249285.472238746)
(3.41493623799288e-06,-1.9169754779822e-06,-6.50925652364224e-06)
(-7.18859278352306e-05,-2.34225942528158e-06,-1.43467489025103e-05)
(18.3078330226674,124.919632863581,-1210158.58460747)
(-187685.355450649,13947.9361165013,-1310611.37214189)
(0,0,0)
(0,0,0)
(0,0,0)
(0,0,0)
(0,0,0)
(0,0,0)
(-706510.706173378,-122870.082222397,-1515.67112793007)
(-700228.271176562,-122867.778028907,-8098.85053563769)
(-681825.324564794,-121552.569060106,-26614.009787461)
(-636443.977694067,-115967.632475262,-66661.0056529281)
(-534575.507535685,-99921.0094295006,-136541.605240435)
(-330969.965826105,-63462.2259930822,-220029.629143532)
(-1.16359805286596e-06,-4.42758668179475e-06,-2.02082916916374e-11)
(-5.03292120899608e-05,-1.49719272410239e-06,-1.10574097685005e-05)
(-394.244922200968,372.844679243198,-1196464.99760889)
(-175860.239014574,-41032.1903519118,-1324665.59551094)
(0,0,0)
(0,0,0)
(0,0,0)
(0,0,0)
(0,0,0)
(0,0,0)
(-737063.082907698,-288104.995958353,-1572.13526449057)
(-730144.093647788,-287015.611840049,-7005.69555676973)
(-710526.525103161,-282822.927878751,-21265.349786471)
(-663446.602029217,-270339.929365437,-50795.9433582429)
(-559071.459832087,-237444.602313459,-100191.906667469)
(-349178.982266088,-159110.183042154,-156566.034779673)
(-8.22942050786548e-06,-8.29769474137047e-06,-2.38722090449926e-11)
(-8.88920624586059e-05,-3.19605628342043e-06,-1.46989534354779e-05)
(-540.007474030014,-554809.042132978,-1238000.63419792)
(-186966.344459556,-194565.764540027,-1283687.28636103)
(0,0,0)
(0,0,0)
(0,0,0)
(0,0,0)
(0,0,0)
(0,0,0)
(-728489.956584699,-545011.559016586,-578.214838134464)
(-722327.494152577,-543841.257537159,-3055.7957597841)
(-705119.839406249,-539619.087687931,-9051.97912021255)
(-664194.901957761,-527036.304232536,-18137.3898757228)
(-572200.401156613,-491004.497253825,-21985.487832471)
(-375530.153682515,-382252.440808717,2497.7288125056)
(-0.000113854163669589,-1.71484304610622e-05,-5.58595809633348e-06)
(-140.962097070719,-556181.038247035,-554893.878664399)
(-258545.656684935,-476863.234205017,-877858.458554516)
(-238772.843773291,-250971.294557951,-1089134.16025795)
(0,0,0)
(0,0,0)
(0,0,0)
(0,0,0)
(0,0,0)
(0,0,0)
(-631658.969649466,-874172.246046983,476.054998216457)
(-627283.853475223,-873984.801011263,941.829593846877)
(-615384.971747604,-873202.101204637,3308.43435617335)
(-587801.522856806,-872174.748223771,17672.5324456856)
(-526429.25649505,-877456.526608762,86626.7915204412)
(-386034.46647507,-931695.101788805,384649.1936394)
(190.850930913035,-1265794.29353496,-556232.875416013)
(-264835.624248576,-883440.838293834,-475661.677502074)
(-338107.793215154,-653677.548117396,-652066.273824003)
(-242821.933422647,-361757.851884955,-838240.713637982)
(0,0,0)
(0,0,0)
(0,0,0)
(0,0,0)
(0,0,0)
(0,0,0)
(-390174.251121885,-1157049.75679126,603.608056157624)
(-387965.558243486,-1157646.30333852,1549.53844658069)
(-382184.540726636,-1159090.46588196,4137.49475159808)
(-369397.72498651,-1163044.79623133,12149.6454015616)
(-343239.757758277,-1174888.59819556,32227.8201988252)
(-294032.296270052,-1206898.56653935,50466.5127941892)
(-218378.326482415,-1257242.0210648,-173959.388054037)
(-249034.814276953,-1083216.2675667,-245972.219565726)
(-245351.046515838,-837185.502305682,-360285.356640399)
(-163827.474679548,-476808.177520453,-476636.630859255)
(0,0,0)
(0,0,0)
(0,0,0)
(0,0,0)
(0,0,0)
(0,0,0)
(0,0,0)
(0,0,0)
(0,0,0)
(0,0,0)
(0,0,0)
(0,0,0)
(0,0,0)
(0,0,0)
(0,0,0)
(0,0,0)
(0,0,0)
(0,0,0)
(0,0,0)
(0,0,0)
(0,0,0)
(0,0,0)
(0,0,0)
(0,0,0)
(0,0,0)
(0,0,0)
(0,0,0)
(0,0,0)
(0,0,0)
(0,0,0)
(0,0,0)
(0,0,0)
(0,0,0)
(0,0,0)
(0,0,0)
(0,0,0)
(0,0,0)
(0,0,0)
(0,0,0)
(0,0,0)
(0,0,0)
(0,0,0)
(0,0,0)
(0,0,0)
(0,0,0)
(0,0,0)
(0,0,0)
(0,0,0)
(0,0,0)
(0,0,0)
(0,0,0)
(0,0,0)
(0,0,0)
(0,0,0)
(0,0,0)
(0,0,0)
(0,0,0)
(0,0,0)
(0,0,0)
(0,0,0)
(0,0,0)
(0,0,0)
(0,0,0)
(0,0,0)
(0,0,0)
(0,0,0)
(0,0,0)
(0,0,0)
(0,0,0)
(0,0,0)
(0,0,0)
(0,0,0)
(0,0,0)
(0,0,0)
(0,0,0)
(0,0,0)
(0,0,0)
(0,0,0)
(0,0,0)
(0,0,0)
(0,0,0)
(0,0,0)
(0,0,0)
(0,0,0)
(0,0,0)
(0,0,0)
(0,0,0)
(0,0,0)
(0,0,0)
(0,0,0)
(0,0,0)
(0,0,0)
(0,0,0)
(0,0,0)
(0,0,0)
(0,0,0)
(0,0,0)
(0,0,0)
(0,0,0)
(0,0,0)
(0,0,0)
(0,0,0)
(-587125.266988738,5213.45203219102,3989.56539313448)
(-589414.541834007,5223.22167867965,4813.56876362882)
(-593165.69459321,5508.85874484199,-1576.57179629567)
(-596599.273463429,6922.29611325527,-21226.6749337908)
(-596703.737170711,11155.866182944,-63426.5502789009)
(-589221.110279133,20806.7691752539,-141620.15837588)
(-568164.120888453,36426.1998027152,-270376.01524749)
(-522947.755971115,45970.4664632398,-447774.403762849)
(-422283.435516038,36917.7642970965,-639677.054956574)
(-243727.190378381,18975.9245272684,-777206.465709093)
(0,0,0)
(0,0,0)
(0,0,0)
(0,0,0)
(0,0,0)
(0,0,0)
(-591405.639041036,6589.10054357671,3924.93014641681)
(-592799.039502335,6656.38342721211,5030.16840113734)
(-594414.445351452,7397.70363047411,-220.673111941837)
(-593614.764008633,10721.2731406162,-16999.7997696777)
(-586150.770982793,21177.7717205216,-53793.4562581153)
(-567030.95881034,48228.9278583071,-126000.106597812)
(-535142.265556968,103706.420675966,-260818.747349718)
(-503958.336260644,146661.419168279,-456810.649986182)
(-413543.531637447,107871.933693645,-657595.84853213)
(-240247.486106548,50251.58758064,-796139.690458029)
(0,0,0)
(0,0,0)
(0,0,0)
(0,0,0)
(0,0,0)
(0,0,0)
(-599768.436081042,-803.509201866434,3930.82700298237)
(-599518.137099869,-583.709339330985,5715.84977538194)
(-597010.327783337,691.994931002125,3069.49957770914)
(-587464.495723977,5863.25020515485,-6563.41397548551)
(-562348.870670671,22798.5183121203,-26741.5368000958)
(-509091.108486701,75160.3301781621,-70492.2182437154)
(-425071.725873025,244237.764949643,-217850.372323091)
(-474791.919453829,462146.329753374,-495614.853909983)
(-408005.816650746,278968.914752153,-715186.72356883)
(-238096.3863431,106206.073020018,-846331.078824934)
(0,0,0)
(0,0,0)
(0,0,0)
(0,0,0)
(0,0,0)
(0,0,0)
(-611290.99336798,-23680.9995300517,4024.68514076879)
(-608919.187160821,-23303.2785036572,6907.56660867058)
(-601020.314802518,-21722.5158402743,8204.84270309645)
(-579381.457210287,-16730.9810300874,10304.8074217786)
(-525590.31245336,-4763.94402633194,25604.5566508313)
(-392108.300758984,13791.8679566463,98559.4543211038)
(-2.03943789181591e-05,4.40939818059465e-06,-1.35661892613962e-05)
(-550307.447379328,216.221886987909,-678934.3968636)
(-470748.641719121,679416.748838009,-888043.518989755)
(-254406.790428552,169941.895293664,-952584.632395235)
(0,0,0)
(0,0,0)
(0,0,0)
(0,0,0)
(0,0,0)
(0,0,0)
(-623163.689040515,-70972.301450613,4247.29726930579)
(-618889.292221975,-70391.3087875934,8320.46564285992)
(-606260.205132759,-68305.9492583117,13072.0679927991)
(-574533.754015159,-62528.5577145301,22171.3687138205)
(-500152.925783197,-49433.7854656093,44078.5937677291)
(-334293.831470464,-26390.3407399107,84642.5368841212)
(6.89824474931893e-06,-8.22237443445813e-08,1.4030866693572e-06)
(-4.75639126042432e-05,2.63719464029944e-06,-2.53232887044454e-05)
(-858354.139954748,-267.81414963661,-1397717.35639663)
(-318566.106414988,25800.0901725458,-1122694.80031115)
(0,0,0)
(0,0,0)
(0,0,0)
(0,0,0)
(0,0,0)
(0,0,0)
(-628881.27212353,-153284.45409815,4682.71859769232)
(-623542.104942732,-152593.680437499,10198.9240137744)
(-608544.697053413,-150075.483370932,18687.8306150149)
(-572567.291001609,-142855.70495528,35138.2911633065)
(-491553.989221483,-124344.208628852,67027.1960123478)
(-319650.89711055,-81646.214142707,110964.00069959)
(4.57002759947157e-07,-8.02796396020552e-07,1.55241786343546e-12)
(-3.4256476121339e-05,6.09434907947032e-06,-1.95298888553747e-05)
(-812845.690852142,249.915120601622,-1371726.65637855)
(-321086.050437545,-52117.5447715016,-1148583.21001152)
(0,0,0)
(0,0,0)
(0,0,0)
(0,0,0)
(0,0,0)
(0,0,0)
(-616096.340814001,-279534.315576855,5283.1193850184)
(-610855.309569311,-279128.52805169,12529.182920728)
(-596483.028312735,-277317.293854628,25727.4966139946)
(-563055.340711647,-271022.458112164,53502.9884533062)
(-489046.584041628,-250531.163579863,109665.067613861)
(-328390.112971009,-185431.344301141,192661.32847721)
(-4.49550215040377e-06,-2.81245522135206e-06,-1.71081083663052e-12)
(-4.76459921848615e-05,-7.90666016252626e-06,-2.72450627425583e-05)
(-891303.478173429,-812784.421718317,-1424221.97207824)
(-320421.063455214,-246364.25268881,-1096520.54516527)
(0,0,0)
(0,0,0)
(0,0,0)
(0,0,0)
(0,0,0)
(0,0,0)
(-565312.843867421,-448262.913819878,5551.4855257512)
(-561179.566914661,-448829.742354304,14104.7725904551)
(-550285.630245298,-449852.080388355,31805.3499632321)
(-526659.580566985,-450561.493967727,73809.0644280154)
(-478469.207449968,-445155.097810591,174701.804952095)
(-371667.489795428,-392728.206984756,378136.003748625)
(-6.51193457139723e-05,-3.6247402874038e-05,-1.18790420231232e-05)
(-656097.55307733,-820886.325424358,-813100.645083318)
(-470043.505776801,-556433.314799155,-857953.902910615)
(-237852.912907521,-255029.38710704,-850208.699358156)
(0,0,0)
(0,0,0)
(0,0,0)
(0,0,0)
(0,0,0)
(0,0,0)
(-452046.551746609,-632710.031094361,4834.69937162052)
(-449476.887056139,-634654.698443731,12852.6890419638)
(-443322.057824273,-639947.517782983,30885.212513259)
(-432798.701226758,-653676.327625603,78997.2245410855)
(-425458.023739858,-694166.030049049,227036.924024353)
(-483031.86017078,-839648.835498628,770954.946233925)
(-999300.753314626,-1484419.42363582,-821139.284305481)
(-490352.509213051,-867716.146179707,-548792.578585647)
(-325632.980208955,-561005.636856446,-556695.06953457)
(-176409.499585159,-282799.016681694,-595337.873797396)
(0,0,0)
(0,0,0)
(0,0,0)
(0,0,0)
(0,0,0)
(0,0,0)
(-258795.009083977,-766878.560951614,2789.28781934834)
(-257598.107469334,-769585.846359632,7352.98496110233)
(-254942.07124511,-776768.877762956,16931.8754595485)
(-250902.841678155,-793492.837342835,38253.5018684255)
(-249110.358898321,-831462.81277558,81420.8857349933)
(-265704.352206079,-912708.730077606,126152.836250007)
(-333288.626380437,-1038801.9058102,-204554.381677595)
(-244901.050133659,-834197.820051842,-242206.471948759)
(-177929.439805143,-591908.296190821,-278725.419325077)
(-99533.3750118982,-313014.388058896,-312804.147615524)
(0,0,0)
(0,0,0)
(0,0,0)
(0,0,0)
(0,0,0)
(0,0,0)
(0,0,0)
(0,0,0)
(0,0,0)
(0,0,0)
(0,0,0)
(0,0,0)
(0,0,0)
(0,0,0)
(0,0,0)
(0,0,0)
(0,0,0)
(0,0,0)
(0,0,0)
(0,0,0)
(0,0,0)
(0,0,0)
(0,0,0)
(0,0,0)
(0,0,0)
(0,0,0)
(0,0,0)
(0,0,0)
(0,0,0)
(0,0,0)
(0,0,0)
(0,0,0)
(0,0,0)
(0,0,0)
(0,0,0)
(0,0,0)
(0,0,0)
(0,0,0)
(0,0,0)
(0,0,0)
(0,0,0)
(0,0,0)
(0,0,0)
(0,0,0)
(0,0,0)
(0,0,0)
(0,0,0)
(0,0,0)
(0,0,0)
(0,0,0)
(0,0,0)
(0,0,0)
(0,0,0)
(0,0,0)
(0,0,0)
(0,0,0)
(0,0,0)
(0,0,0)
(0,0,0)
(0,0,0)
(0,0,0)
(0,0,0)
(0,0,0)
(0,0,0)
(0,0,0)
(0,0,0)
(0,0,0)
(0,0,0)
(0,0,0)
(0,0,0)
(0,0,0)
(0,0,0)
(0,0,0)
(0,0,0)
(0,0,0)
(0,0,0)
(0,0,0)
(0,0,0)
(0,0,0)
(0,0,0)
(0,0,0)
(0,0,0)
(0,0,0)
(0,0,0)
(0,0,0)
(0,0,0)
(0,0,0)
(0,0,0)
(0,0,0)
(0,0,0)
(0,0,0)
(0,0,0)
(0,0,0)
(0,0,0)
(0,0,0)
(0,0,0)
(0,0,0)
(0,0,0)
(0,0,0)
(0,0,0)
(0,0,0)
(0,0,0)
(-589607.807240669,829.44041522482,1653.09983671123)
(-590458.457433998,1718.22800659391,978.787430106884)
(-591250.002888601,4173.60773398388,-5110.51200849124)
(-590086.665521945,9845.7478706018,-21468.8678205777)
(-583829.88459124,21689.0655371189,-56031.7859371667)
(-567565.039082086,43005.3071195733,-120693.16425379)
(-533052.272797926,69452.5716517739,-225257.583996093)
(-466078.411721602,64964.336702687,-347091.264948289)
(-354172.803034173,45677.070470317,-460878.967900477)
(-193959.918935419,22487.2449759612,-533133.484319395)
(0,0,0)
(0,0,0)
(0,0,0)
(0,0,0)
(0,0,0)
(0,0,0)
(-591214.987785678,-1866.25886897159,2505.04802883467)
(-591810.383824978,-152.29193724506,3386.91229531934)
(-592144.189565497,4756.31169647509,533.952546875704)
(-590454.255001186,16817.4389261403,-9598.24751611202)
(-584255.310801219,44929.0565024956,-34733.698663059)
(-570660.459651827,106163.358172467,-94262.2488744615)
(-544037.297647338,213821.940481764,-229736.585614086)
(-478240.958491683,175886.759475069,-366376.386155414)
(-363592.740929624,113457.906498692,-484108.012891616)
(-198684.733346157,52438.865314444,-555622.385990494)
(0,0,0)
(0,0,0)
(0,0,0)
(0,0,0)
(0,0,0)
(0,0,0)
(-593523.460583279,-12294.0405380712,4182.80617133839)
(-593709.465253375,-10020.2938092641,8242.13619686218)
(-593202.77372305,-3377.5866280558,12568.4804611122)
(-590467.772586141,13888.2357413466,18500.9605080743)
(-584894.767760799,59501.6836499936,26474.2304507071)
(-581967.335705757,192116.884088674,13396.9317535572)
(-599533.102650976,669339.790757452,-267659.54174417)
(-524445.972357483,386695.16405579,-428813.893421233)
(-394509.716390073,216280.487550677,-545132.574733892)
(-212658.831221369,89927.4393563371,-608058.703897517)
(0,0,0)
(0,0,0)
(0,0,0)
(0,0,0)
(0,0,0)
(0,0,0)
(-594564.679310519,-35377.0426258517,6356.68803032351)
(-594197.272846409,-33163.0410082756,14777.5209149323)
(-592498.630299261,-26899.6596863376,29777.9094699573)
(-587879.435650603,-11865.2788737946,64029.4025254066)
(-581749.72826096,20667.7907862199,159022.711196777)
(-603188.065177554,71650.0990243415,490569.260679675)
(-889485.970711345,187.323130517015,-550385.169791359)
(-665336.539642678,550679.789861765,-599340.703333983)
(-474155.35220094,291918.768179675,-671572.273481176)
(-243825.182138179,105832.344777327,-698058.787192525)
(0,0,0)
(0,0,0)
(0,0,0)
(0,0,0)
(0,0,0)
(0,0,0)
(-590521.969177621,-76461.5699793303,8442.80749058685)
(-589630.022287469,-74851.7555866756,20872.2521344756)
(-586558.106559557,-70449.7222517266,44720.2161266573)
(-577689.46265133,-60492.5157562876,96503.1616453148)
(-552114.258258112,-40814.5889179374,209946.873824397)
(-459982.374751814,-11736.6297300157,419022.1458601)
(-3.2951004360182e-05,1.39320115966313e-05,2.89361535824647e-05)
(-879866.242326005,66.8032443967459,-858241.712311615)
(-612195.15926294,45305.4484239662,-857787.373247711)
(-289823.772355874,23313.1134851455,-804010.476014637)
(0,0,0)
(0,0,0)
(0,0,0)
(0,0,0)
(0,0,0)
(0,0,0)
(-574937.326292556,-140344.941390205,9939.42557989949)
(-573890.377975299,-139700.940401008,25136.8834267992)
(-570600.955837805,-137862.491790642,54605.911750109)
(-561269.487977748,-133284.535047286,116100.128017245)
(-533349.734198998,-121838.282177528,238919.566254349)
(-432696.645934608,-90407.6172745528,430636.302622942)
(-2.6662636644707e-05,2.43380072111288e-05,2.02016573624303e-05)
(-827403.249202059,99.0676544684343,-813042.214950451)
(-622522.231123898,-78185.3714046924,-879874.854850024)
(-298781.0437309,-51475.5514257129,-827391.196645812)
(0,0,0)
(0,0,0)
(0,0,0)
(0,0,0)
(0,0,0)
(0,0,0)
(-538311.985595311,-228634.778011981,10505.4814030798)
(-537627.129683123,-229290.539219389,26866.9003352701)
(-535572.18169499,-230983.596591978,59077.1585188613)
(-530172.487833385,-234523.628138982,127433.398732288)
(-513818.092751525,-239909.59875476,270276.224019411)
(-440885.160891302,-228697.569521664,521061.224186822)
(-3.74041351574818e-05,3.52866816899071e-05,2.64497848813827e-05)
(-911691.826257436,-656065.271312124,-891437.198077034)
(-616121.621340848,-391517.46441299,-853286.961901313)
(-285365.085828393,-163806.850269203,-776011.640684646)
(0,0,0)
(0,0,0)
(0,0,0)
(0,0,0)
(0,0,0)
(0,0,0)
(-468782.820168315,-334897.214009558,9732.41229846803)
(-468730.719011939,-337027.108603788,25020.133780144)
(-468875.369754887,-342760.705677007,55386.9823747576)
(-471209.878767228,-356521.446618024,121935.099054043)
(-485909.252261099,-391995.338271479,281460.883381899)
(-564689.652094078,-503969.354870062,749754.831028955)
(-1020275.42964498,-999025.747153444,-656074.045150234)
(-686178.519592978,-655039.530601796,-627018.819344913)
(-450894.662270203,-411954.069579278,-625731.057685213)
(-221500.536974296,-193563.946101979,-612326.337785668)
(0,0,0)
(0,0,0)
(0,0,0)
(0,0,0)
(0,0,0)
(0,0,0)
(-355159.478036587,-439258.453738294,7474.16601871593)
(-355522.722611537,-442613.273165949,19106.1661362719)
(-356965.009633646,-451438.183615172,41426.5958838152)
(-362506.523277644,-471661.263673211,86274.2349898928)
(-382915.627333892,-517708.393763269,169444.894075716)
(-450028.0755904,-622241.653458221,254713.408083498)
(-613106.840410137,-818331.483964242,-312174.768010188)
(-451309.934265028,-622216.31871517,-384040.554844846)
(-300881.911793072,-413268.10806855,-407477.584771452)
(-152587.381212536,-205914.262471472,-418949.38677457)
(0,0,0)
(0,0,0)
(0,0,0)
(0,0,0)
(0,0,0)
(0,0,0)
(-194227.788975919,-507839.765484485,4014.09163813325)
(-194535.296775554,-511741.435850876,10079.4436292797)
(-195638.765388744,-521638.888525751,20976.8426834867)
(-199125.849106204,-542442.6390099,39981.2254482256)
(-209449.341306335,-582199.281175963,64811.0952689415)
(-234835.770312996,-646900.049269493,58600.9091871346)
(-271383.347825963,-705476.902695614,-116158.950635977)
(-218799.204874811,-589275.792201429,-175201.322408565)
(-152059.117838172,-414009.022637257,-200330.729806831)
(-78971.112446883,-213502.963380388,-213304.291462936)
(0,0,0)
(0,0,0)
(0,0,0)
(0,0,0)
(0,0,0)
(0,0,0)
(0,0,0)
(0,0,0)
(0,0,0)
(0,0,0)
(0,0,0)
(0,0,0)
(0,0,0)
(0,0,0)
(0,0,0)
(0,0,0)
(0,0,0)
(0,0,0)
(0,0,0)
(0,0,0)
(0,0,0)
(0,0,0)
(0,0,0)
(0,0,0)
(0,0,0)
(0,0,0)
(0,0,0)
(0,0,0)
(0,0,0)
(0,0,0)
(0,0,0)
(0,0,0)
(0,0,0)
(0,0,0)
(0,0,0)
(0,0,0)
(0,0,0)
(0,0,0)
(0,0,0)
(0,0,0)
(0,0,0)
(0,0,0)
(0,0,0)
(0,0,0)
(0,0,0)
(0,0,0)
(0,0,0)
(0,0,0)
(0,0,0)
(0,0,0)
(0,0,0)
(0,0,0)
(0,0,0)
(0,0,0)
(0,0,0)
(0,0,0)
(0,0,0)
(0,0,0)
(0,0,0)
(0,0,0)
(0,0,0)
(0,0,0)
(0,0,0)
(0,0,0)
(0,0,0)
(0,0,0)
(0,0,0)
(0,0,0)
(0,0,0)
(0,0,0)
(0,0,0)
(0,0,0)
(0,0,0)
(0,0,0)
(0,0,0)
(0,0,0)
(0,0,0)
(0,0,0)
(0,0,0)
(0,0,0)
(0,0,0)
(0,0,0)
(0,0,0)
(0,0,0)
(0,0,0)
(0,0,0)
(0,0,0)
(0,0,0)
(0,0,0)
(0,0,0)
(0,0,0)
(0,0,0)
(0,0,0)
(0,0,0)
(0,0,0)
(0,0,0)
(0,0,0)
(0,0,0)
(0,0,0)
(0,0,0)
(0,0,0)
(0,0,0)
(-589704.854613826,-751.312929875553,848.360303027302)
(-590194.380472452,371.963584462247,212.319757019087)
(-590326.386365328,3284.85079681054,-3996.14756305616)
(-588217.798225039,9489.29611072032,-15354.3109706903)
(-580546.290749201,21289.6702537202,-39927.5750664515)
(-561115.209432441,39942.0404916555,-86319.4452077445)
(-519493.220248232,58492.6325356391,-158371.130293076)
(-442115.583820243,52853.9010886515,-235187.859283083)
(-325212.843027994,36336.055564835,-300483.874854097)
(-173303.146536185,17796.3091101787,-338936.956363511)
(0,0,0)
(0,0,0)
(0,0,0)
(0,0,0)
(0,0,0)
(0,0,0)
(-589731.463540938,-4177.44511842119,1942.60794380613)
(-590552.436061325,-2024.97080611603,3081.59457072689)
(-591706.52475273,3742.64362021794,2186.13693455367)
(-592056.722619863,16804.222486002,-3526.32182204772)
(-589487.293350807,44267.0245058444,-21271.6935245863)
(-579070.195145843,94855.2484864154,-67775.1660253347)
(-547714.714782996,158394.150649558,-163999.267003592)
(-467489.855047698,129806.528252514,-251702.997611447)
(-342567.202830875,82678.3507431454,-319070.8308885)
(-181737.333819608,38541.249789926,-356763.171094803)
(0,0,0)
(0,0,0)
(0,0,0)
(0,0,0)
(0,0,0)
(0,0,0)
(-588534.473573969,-13207.7657968436,4041.33366911088)
(-590072.901356974,-10405.232291973,8785.03125856751)
(-593327.113097377,-2590.38790292001,15242.4021560311)
(-598923.297717808,16529.6261682806,23972.5236054152)
(-608676.505313613,62673.8039460307,29347.4817180419)
(-624432.069370665,170900.918124993,-4233.45425562615)
(-632252.734333455,379469.40361699,-192589.07554058)
(-534279.985162742,245909.308153825,-298857.842636643)
(-384186.121419451,136732.564167602,-363235.651031721)
(-200842.497654109,58829.7362283111,-395340.471037361)
(0,0,0)
(0,0,0)
(0,0,0)
(0,0,0)
(0,0,0)
(0,0,0)
(-583519.673163885,-31013.8455991296,6761.07365565168)
(-586002.702165883,-28344.2910205467,16505.5617036937)
(-592142.841164363,-20774.1336186926,34333.5182845667)
(-605561.391078487,-1534.95696663739,70080.0568473779)
(-636972.916871798,50424.2170378506,137552.832366394)
(-713978.878551237,214969.522906234,204275.04095885)
(-869395.670455502,889884.780304987,-326230.635984995)
(-673833.730278774,336306.879903168,-408131.017098233)
(-458335.278941747,153984.931853097,-441203.45804293)
(-231870.187625903,59900.3125943373,-454229.028921233)
(0,0,0)
(0,0,0)
(0,0,0)
(0,0,0)
(0,0,0)
(0,0,0)
(-570381.684628308,-60497.8240955743,9343.69394712923)
(-573770.183015723,-58811.1876194586,23950.7512742966)
(-582661.621359393,-54245.7516719176,53525.8841273613)
(-603843.582102646,-43866.8312721697,122011.877884208)
(-659870.530036998,-21894.8832557533,302087.249956699)
(-837690.17830494,15629.7818025391,879134.794613512)
(-1546030.43672901,-114.112987254707,-879918.089670179)
(-885512.743928931,52596.3212665753,-590561.02943065)
(-548467.647856804,35061.2576637332,-535364.866647423)
(-265508.30057268,14408.5457765467,-514188.571612836)
(0,0,0)
(0,0,0)
(0,0,0)
(0,0,0)
(0,0,0)
(0,0,0)
(-543028.407097547,-103395.392197603,10988.6489070227)
(-547048.213559025,-103119.951576563,28455.2484478504)
(-557718.58654193,-102571.669552912,63898.7970329694)
(-583183.106880979,-101997.078587576,143942.663251607)
(-648669.724064415,-102168.059104837,339535.828966106)
(-842344.215516337,-98479.1432395023,863292.323589887)
(-1513971.21783868,239.412793654651,-827317.936771877)
(-909867.406118979,-84085.0699831902,-608172.388605169)
(-567812.031339639,-71739.9775226062,-556081.353203112)
(-273783.467637474,-38066.1302979754,-528604.25322201)
(0,0,0)
(0,0,0)
(0,0,0)
(0,0,0)
(0,0,0)
(0,0,0)
(-494094.850265395,-158829.450937941,11216.9234104246)
(-498346.657388762,-160128.25758135,28944.7571208517)
(-509570.958169403,-164053.93490243,64425.7989447808)
(-536102.177560719,-175353.381796628,143711.791881174)
(-603596.949725822,-211848.561329148,343171.151079778)
(-805770.419713081,-352405.366280879,961982.632942946)
(-1574787.22673124,-1020222.50162355,-911686.119886415)
(-881084.783537851,-430494.985527131,-595883.24706207)
(-534947.962848785,-226275.007546308,-522521.875530439)
(-255348.011197762,-99952.9068349765,-490652.173624061)
(0,0,0)
(0,0,0)
(0,0,0)
(0,0,0)
(0,0,0)
(0,0,0)
(-416429.760252119,-221038.47005625,9855.95920211214)
(-420337.425532219,-223600.491677858,24934.8998188985)
(-430430.274813922,-230605.903840628,53041.7738161319)
(-453158.553536492,-247544.323285524,107181.390074291)
(-504429.992451964,-288768.684284476,202622.253220487)
(-619470.483435052,-389132.38857763,294130.106858207)
(-832686.303607417,-591678.268987338,-322003.25181556)
(-626899.024834429,-420036.578945806,-391741.153155441)
(-410735.731872321,-261837.864812666,-396337.226286974)
(-202339.682185457,-124599.784386389,-390851.203524391)
(0,0,0)
(0,0,0)
(0,0,0)
(0,0,0)
(0,0,0)
(0,0,0)
(-305393.145029824,-278001.826003503,7197.02294049263)
(-308346.637831229,-281352.618732232,17773.0652145583)
(-315837.769673687,-289889.644585448,35929.5659994191)
(-331827.720631921,-308112.22278221,65818.6628503799)
(-364003.062644855,-344111.74273001,102249.156606873)
(-421545.518196787,-406931.090581874,91565.3012175013)
(-486302.838768561,-476472.823481088,-150444.145930338)
(-398571.87474013,-389588.59145072,-233630.192950316)
(-272785.644938311,-264354.077131594,-259210.247486139)
(-137711.895497512,-132257.833659596,-266427.683927959)
(0,0,0)
(0,0,0)
(0,0,0)
(0,0,0)
(0,0,0)
(0,0,0)
(-162732.513384252,-313248.765804037,3751.66420886813)
(-164297.444947463,-316900.54946902,9061.74311756252)
(-168208.498656547,-325792.239476863,17534.0712767816)
(-176157.479926005,-343178.005303644,29631.4846180132)
(-190682.45893982,-372624.931741708,39377.7912631942)
(-212454.364227861,-411963.113600389,22028.4081965677)
(-228188.492786331,-434032.416961778,-63606.8533623709)
(-193095.134065899,-370440.68194052,-108458.833681484)
(-135630.51784494,-261972.662468736,-127268.848337574)
(-69550.2618495738,-134563.679060946,-134383.853533532)
(0,0,0)
(0,0,0)
(0,0,0)
(0,0,0)
(0,0,0)
(0,0,0)
(0,0,0)
(0,0,0)
(0,0,0)
(0,0,0)
(0,0,0)
(0,0,0)
(0,0,0)
(0,0,0)
(0,0,0)
(0,0,0)
(0,0,0)
(0,0,0)
(0,0,0)
(0,0,0)
(0,0,0)
(0,0,0)
(0,0,0)
(0,0,0)
(0,0,0)
(0,0,0)
(0,0,0)
(0,0,0)
(0,0,0)
(0,0,0)
(0,0,0)
(0,0,0)
(0,0,0)
(0,0,0)
(0,0,0)
(0,0,0)
(0,0,0)
(0,0,0)
(0,0,0)
(0,0,0)
(0,0,0)
(0,0,0)
(0,0,0)
(0,0,0)
(0,0,0)
(0,0,0)
(0,0,0)
(0,0,0)
(0,0,0)
(0,0,0)
(0,0,0)
(0,0,0)
(0,0,0)
(0,0,0)
(0,0,0)
(0,0,0)
(0,0,0)
(0,0,0)
(0,0,0)
(0,0,0)
(0,0,0)
(0,0,0)
(0,0,0)
(0,0,0)
(0,0,0)
(0,0,0)
(0,0,0)
(0,0,0)
(0,0,0)
(0,0,0)
(0,0,0)
(0,0,0)
(0,0,0)
(0,0,0)
(0,0,0)
(0,0,0)
(0,0,0)
(0,0,0)
(0,0,0)
(0,0,0)
(0,0,0)
(0,0,0)
(0,0,0)
(0,0,0)
(0,0,0)
(0,0,0)
(0,0,0)
(0,0,0)
(0,0,0)
(0,0,0)
(0,0,0)
(0,0,0)
(0,0,0)
(0,0,0)
(0,0,0)
(0,0,0)
(0,0,0)
(0,0,0)
(0,0,0)
(0,0,0)
(0,0,0)
(0,0,0)
(-589390.471875801,-748.948977649587,434.566239624406)
(-589882.139262775,-16.0097771987239,138.334807153186)
(-590041.859231227,1838.26552431105,-1984.45785126128)
(-587959.738140989,5616.24485728184,-7858.76279259248)
(-579990.03299839,12347.6302704468,-20762.6508138461)
(-558961.277371115,22034.0481257212,-44950.6310008961)
(-513678.887859915,30333.187227005,-81098.1506162247)
(-432440.751732512,27556.8789732305,-118329.86167719)
(-314089.903681203,19071.9819903515,-148524.783014328)
(-165623.336713872,9396.15731188345,-165600.750148529)
(0,0,0)
(0,0,0)
(0,0,0)
(0,0,0)
(0,0,0)
(0,0,0)
(-588703.142428781,-2913.49189721275,1136.22180740855)
(-589863.456543849,-1510.4041018291,1941.63661456416)
(-591817.245106539,2133.56002115324,1757.0624715322)
(-593519.672765055,9957.45726174867,-1121.19978774721)
(-592292.85479555,25096.5587693282,-11064.5668418877)
(-581019.93788356,49548.1279863995,-36628.9039648453)
(-544124.483256849,73965.0308337791,-83850.9790977616)
(-460133.491717236,63149.3170743285,-126799.780529325)
(-333260.443689397,41180.2253223756,-158214.783002824)
(-175041.698002502,19503.3605634808,-175017.622071522)
(0,0,0)
(0,0,0)
(0,0,0)
(0,0,0)
(0,0,0)
(0,0,0)
(-585956.096569381,-7983.44893909057,2491.58003728864)
(-588443.081643987,-6172.86369978035,5524.21992225698)
(-593951.850130269,-1279.64394790123,9562.16092420229)
(-603471.323577692,10006.9830964959,14060.6609493432)
(-617424.304409647,34471.3821184034,13433.6366963061)
(-630685.987283463,81438.7738627918,-12203.0912672914)
(-618268.612013451,142451.463013379,-94673.6457668959)
(-523476.317512271,106477.117113664,-148805.113456696)
(-374577.266263238,62689.9507245169,-179923.694015059)
(-194590.17724568,27888.2517409836,-194560.905600988)
(0,0,0)
(0,0,0)
(0,0,0)
(0,0,0)
(0,0,0)
(0,0,0)
(-578234.420693481,-17524.3569770735,4255.65556757979)
(-582465.952391837,-15814.2779730555,10360.32006681)
(-592815.8588401,-11084.4603480239,20838.1541426733)
(-613607.944180149,354.06536831912,38537.6249725072)
(-652051.459057012,27682.1871530164,60405.3621231073)
(-712307.281577726,91411.8954452791,48760.6435671048)
(-760894.390851324,213406.824921687,-130695.997945371)
(-630117.081839831,124726.414398858,-192661.943669505)
(-437429.354756408,63905.229478607,-214783.146608944)
(-222583.557249904,26310.287554179,-222491.812798138)
(0,0,0)
(0,0,0)
(0,0,0)
(0,0,0)
(0,0,0)
(0,0,0)
(-561030.930233797,-32802.2251310853,5927.11375950391)
(-566930.61197478,-31771.5094701095,15044.774215616)
(-581948.733295775,-29036.0361115893,32283.4619155689)
(-614137.969114987,-22966.88658919,65898.8008854183)
(-679922.505649238,-10524.5983552158,124157.562005887)
(-803929.507003016,11092.055490423,170716.730658823)
(-974479.464902991,32009.6604429619,-219437.076688491)
(-754971.0495162,28301.3867052492,-253553.743407587)
(-501432.457575929,15765.6263794691,-252449.330589322)
(-248953.163808886,6157.31008672671,-248851.489885656)
(0,0,0)
(0,0,0)
(0,0,0)
(0,0,0)
(0,0,0)
(0,0,0)
(-528516.262538929,-54261.0644959474,6946.69480624341)
(-535440.344145828,-54198.596815171,17765.9127381079)
(-553164.037895831,-54192.1117946897,38367.4397751043)
(-591413.818408412,-54721.0965770971,78352.3612904435)
(-669623.474582405,-56969.1655396142,145750.678992832)
(-815245.507893762,-61815.1573970415,191559.184257717)
(-1006688.91685604,-60478.8140719842,-223234.642209987)
(-783421.58113439,-55225.862544504,-266153.217944819)
(-517277.763452998,-38811.6488513004,-262110.210600697)
(-255123.60578604,-19605.3397375751,-255007.422627836)
(0,0,0)
(0,0,0)
(0,0,0)
(0,0,0)
(0,0,0)
(0,0,0)
(-474391.907498373,-80944.7347276114,6980.72746463915)
(-481404.226230169,-81893.8570004757,17733.5564913533)
(-499158.784777352,-84691.7405116551,37821.0118162679)
(-536876.151267959,-92216.3005367121,76090.1894831232)
(-612824.350654592,-112531.404751817,140879.829624094)
(-753598.705168913,-165976.539155675,192869.496838551)
(-946377.252919737,-278005.891317352,-218013.399727551)
(-728334.309329694,-176208.314849168,-249781.421631048)
(-478565.547913802,-101993.01874039,-242982.466676939)
(-235557.57606824,-46911.3429253079,-235466.898618731)
(0,0,0)
(0,0,0)
(0,0,0)
(0,0,0)
(0,0,0)
(0,0,0)
(-393692.158573004,-109689.169103845,6006.83269711953)
(-399768.305320487,-111350.755435778,14894.6109206939)
(-414707.853690763,-115785.021324158,30265.470610042)
(-444886.30244093,-125995.221880755,55772.1408585237)
(-500488.654968321,-148152.881604281,87452.2802273511)
(-587801.462216747,-191015.846311241,80822.5661646106)
(-668531.275905392,-245079.115736231,-116259.23711853)
(-552251.265192094,-191495.623412437,-175619.688197581)
(-376656.027022787,-123709.800286533,-187982.611500985)
(-188696.270154066,-59886.0300046643,-188651.336453015)
(0,0,0)
(0,0,0)
(0,0,0)
(0,0,0)
(0,0,0)
(0,0,0)
(-284389.572602353,-134984.912954417,4292.17142309716)
(-288746.240276916,-137019.211344699,10360.2297777078)
(-299154.533328113,-142068.777792268,19960.749900243)
(-319094.722031695,-152313.549498987,33546.0789182486)
(-352506.112121363,-170696.338202624,44592.5849931009)
(-396986.808071958,-197721.052965018,26739.0815220493)
(-423698.733306704,-218195.430177329,-62748.7094987077)
(-360976.031426876,-183952.73269403,-107887.443530371)
(-253112.164245639,-127070.611043396,-124200.113466181)
(-128900.745619683,-64047.0306581919,-128850.262690483)
(0,0,0)
(0,0,0)
(0,0,0)
(0,0,0)
(0,0,0)
(0,0,0)
(-149785.123024575,-150142.456965812,2210.15365171766)
(-152026.540592158,-152303.531753639,5223.56970535401)
(-157277.663374625,-157425.365302803,9649.3219339654)
(-166934.972381519,-166970.732589741,15083.9974802329)
(-181934.929341297,-181924.179158094,17564.308837181)
(-199434.326781622,-199472.269992435,6295.48841836307)
(-205741.180490202,-205828.033136144,-28519.2209189498)
(-177221.762944114,-177319.488270996,-51025.8364637707)
(-126183.935943701,-126306.09364071,-61236.9357676955)
(-64924.4046699797,-65012.2096606095,-64897.613944873)
(0,0,0)
(0,0,0)
(0,0,0)
(0,0,0)
(0,0,0)
(0,0,0)
(0,0,0)
(0,0,0)
(0,0,0)
(0,0,0)
(0,0,0)
(0,0,0)
(0,0,0)
(0,0,0)
(0,0,0)
(0,0,0)
(0,0,0)
(0,0,0)
(0,0,0)
(0,0,0)
(0,0,0)
(0,0,0)
(0,0,0)
(0,0,0)
(0,0,0)
(0,0,0)
(0,0,0)
(0,0,0)
(0,0,0)
(0,0,0)
(0,0,0)
(0,0,0)
(0,0,0)
(0,0,0)
(0,0,0)
(0,0,0)
(0,0,0)
(0,0,0)
(0,0,0)
(0,0,0)
(0,0,0)
(0,0,0)
(0,0,0)
(0,0,0)
(0,0,0)
(0,0,0)
(0,0,0)
(0,0,0)
(0,0,0)
(0,0,0)
(0,0,0)
(0,0,0)
(0,0,0)
(0,0,0)
(0,0,0)
(0,0,0)
(0,0,0)
(0,0,0)
(0,0,0)
(0,0,0)
(0,0,0)
(0,0,0)
(0,0,0)
(0,0,0)
(0,0,0)
(0,0,0)
(0,0,0)
(0,0,0)
(0,0,0)
(0,0,0)
(0,0,0)
(0,0,0)
(0,0,0)
(0,0,0)
(0,0,0)
(0,0,0)
(0,0,0)
(0,0,0)
(0,0,0)
(0,0,0)
(0,0,0)
(0,0,0)
(0,0,0)
(0,0,0)
(0,0,0)
(0,0,0)
(0,0,0)
(0,0,0)
(0,0,0)
(0,0,0)
(0,0,0)
(0,0,0)
(0,0,0)
(0,0,0)
(0,0,0)
(0,0,0)
(0,0,0)
(0,0,0)
(0,0,0)
(0,0,0)
(0,0,0)
(0,0,0)
(0,0,0)
(0,0,0)
(0,0,0)
(0,0,0)
(0,0,0)
(0,0,0)
(0,0,0)
(0,0,0)
(0,0,0)
(0,0,0)
(0,0,0)
(0,0,0)
(0,0,0)
(0,0,0)
(0,0,0)
(0,0,0)
(0,0,0)
(0,0,0)
(0,0,0)
(0,0,0)
(0,0,0)
(0,0,0)
(0,0,0)
(0,0,0)
(0,0,0)
(0,0,0)
(0,0,0)
(0,0,0)
(0,0,0)
(0,0,0)
(0,0,0)
(0,0,0)
(0,0,0)
(0,0,0)
(0,0,0)
(0,0,0)
(0,0,0)
(0,0,0)
(0,0,0)
(0,0,0)
(0,0,0)
(0,0,0)
(0,0,0)
(0,0,0)
(0,0,0)
(0,0,0)
(0,0,0)
(0,0,0)
(0,0,0)
(0,0,0)
(0,0,0)
(0,0,0)
(0,0,0)
(0,0,0)
(0,0,0)
(0,0,0)
(0,0,0)
(0,0,0)
(0,0,0)
(0,0,0)
(0,0,0)
(0,0,0)
(0,0,0)
(0,0,0)
(0,0,0)
(0,0,0)
(0,0,0)
(0,0,0)
(0,0,0)
(0,0,0)
(0,0,0)
(0,0,0)
(0,0,0)
(0,0,0)
(0,0,0)
(0,0,0)
(0,0,0)
(0,0,0)
(0,0,0)
(0,0,0)
(0,0,0)
(0,0,0)
(0,0,0)
(0,0,0)
(0,0,0)
(0,0,0)
(0,0,0)
(0,0,0)
(0,0,0)
(0,0,0)
(0,0,0)
(0,0,0)
(0,0,0)
(0,0,0)
(0,0,0)
(0,0,0)
(0,0,0)
(0,0,0)
(0,0,0)
(0,0,0)
(0,0,0)
(0,0,0)
(0,0,0)
(0,0,0)
(0,0,0)
(0,0,0)
(0,0,0)
(0,0,0)
(0,0,0)
(0,0,0)
(0,0,0)
(0,0,0)
(0,0,0)
(0,0,0)
(0,0,0)
(0,0,0)
(0,0,0)
(0,0,0)
(0,0,0)
(0,0,0)
(0,0,0)
(0,0,0)
(0,0,0)
(0,0,0)
(0,0,0)
(0,0,0)
(0,0,0)
(0,0,0)
(0,0,0)
(0,0,0)
(0,0,0)
(0,0,0)
(0,0,0)
(0,0,0)
(0,0,0)
(0,0,0)
(0,0,0)
(0,0,0)
(0,0,0)
(0,0,0)
(0,0,0)
(0,0,0)
(0,0,0)
(0,0,0)
(0,0,0)
(0,0,0)
(0,0,0)
(0,0,0)
(0,0,0)
(0,0,0)
(0,0,0)
(0,0,0)
(0,0,0)
(0,0,0)
(0,0,0)
(0,0,0)
(0,0,0)
(0,0,0)
(0,0,0)
(0,0,0)
(0,0,0)
(0,0,0)
(0,0,0)
(0,0,0)
(0,0,0)
(0,0,0)
(0,0,0)
(0,0,0)
(0,0,0)
(0,0,0)
(0,0,0)
(0,0,0)
(0,0,0)
(0,0,0)
(0,0,0)
(0,0,0)
(0,0,0)
(0,0,0)
(0,0,0)
(0,0,0)
(0,0,0)
(0,0,0)
(0,0,0)
(0,0,0)
(0,0,0)
(0,0,0)
(0,0,0)
(0,0,0)
(0,0,0)
(0,0,0)
(0,0,0)
(0,0,0)
(0,0,0)
(0,0,0)
(0,0,0)
(0,0,0)
(0,0,0)
(0,0,0)
(0,0,0)
(0,0,0)
(0,0,0)
(0,0,0)
(0,0,0)
(0,0,0)
(0,0,0)
(0,0,0)
(0,0,0)
(0,0,0)
(0,0,0)
(0,0,0)
(0,0,0)
(0,0,0)
(0,0,0)
(0,0,0)
(0,0,0)
(0,0,0)
(0,0,0)
(0,0,0)
(0,0,0)
(0,0,0)
(0,0,0)
(0,0,0)
(0,0,0)
(0,0,0)
(0,0,0)
(0,0,0)
(0,0,0)
(0,0,0)
(0,0,0)
(0,0,0)
(0,0,0)
(0,0,0)
(0,0,0)
(0,0,0)
(0,0,0)
(0,0,0)
(0,0,0)
(0,0,0)
(0,0,0)
(0,0,0)
(0,0,0)
(0,0,0)
(0,0,0)
(0,0,0)
(0,0,0)
(0,0,0)
(0,0,0)
(0,0,0)
(0,0,0)
(0,0,0)
(0,0,0)
(0,0,0)
(0,0,0)
(0,0,0)
(0,0,0)
(0,0,0)
(0,0,0)
(0,0,0)
(0,0,0)
(0,0,0)
(0,0,0)
(0,0,0)
(0,0,0)
(0,0,0)
(0,0,0)
(0,0,0)
(0,0,0)
(0,0,0)
(0,0,0)
(0,0,0)
(0,0,0)
(0,0,0)
(0,0,0)
(0,0,0)
(0,0,0)
(0,0,0)
(0,0,0)
(0,0,0)
(0,0,0)
(0,0,0)
(0,0,0)
(0,0,0)
(0,0,0)
(0,0,0)
(0,0,0)
(0,0,0)
(0,0,0)
(0,0,0)
(0,0,0)
(0,0,0)
(0,0,0)
(0,0,0)
(0,0,0)
(0,0,0)
(0,0,0)
(0,0,0)
(0,0,0)
(0,0,0)
(0,0,0)
(0,0,0)
(0,0,0)
(0,0,0)
(0,0,0)
(0,0,0)
(0,0,0)
(0,0,0)
(0,0,0)
(0,0,0)
(0,0,0)
(0,0,0)
(0,0,0)
(0,0,0)
(0,0,0)
(0,0,0)
(0,0,0)
(0,0,0)
(0,0,0)
(0,0,0)
(0,0,0)
(0,0,0)
(0,0,0)
(0,0,0)
(0,0,0)
(0,0,0)
(0,0,0)
(0,0,0)
(0,0,0)
(0,0,0)
(0,0,0)
(0,0,0)
(0,0,0)
(0,0,0)
(0,0,0)
(0,0,0)
(0,0,0)
(0,0,0)
(0,0,0)
(0,0,0)
(0,0,0)
(0,0,0)
(0,0,0)
(0,0,0)
(0,0,0)
(0,0,0)
(0,0,0)
(0,0,0)
(0,0,0)
(0,0,0)
(0,0,0)
(0,0,0)
(0,0,0)
(0,0,0)
(0,0,0)
(0,0,0)
(0,0,0)
(0,0,0)
(0,0,0)
(0,0,0)
(0,0,0)
(0,0,0)
(0,0,0)
(0,0,0)
(0,0,0)
(0,0,0)
(0,0,0)
(0,0,0)
(0,0,0)
(0,0,0)
(0,0,0)
(0,0,0)
(0,0,0)
(0,0,0)
(0,0,0)
(0,0,0)
(0,0,0)
(0,0,0)
(0,0,0)
(0,0,0)
(0,0,0)
(0,0,0)
(0,0,0)
(0,0,0)
(0,0,0)
(0,0,0)
(0,0,0)
(0,0,0)
(0,0,0)
(0,0,0)
(0,0,0)
(0,0,0)
(0,0,0)
(0,0,0)
(0,0,0)
(0,0,0)
(0,0,0)
(0,0,0)
(0,0,0)
(0,0,0)
(0,0,0)
(0,0,0)
(0,0,0)
(0,0,0)
(0,0,0)
(0,0,0)
(0,0,0)
(0,0,0)
(0,0,0)
(0,0,0)
(0,0,0)
(0,0,0)
(0,0,0)
(0,0,0)
(0,0,0)
(0,0,0)
(0,0,0)
(0,0,0)
(0,0,0)
(0,0,0)
(0,0,0)
(0,0,0)
(0,0,0)
(0,0,0)
(0,0,0)
(0,0,0)
(0,0,0)
(0,0,0)
(0,0,0)
(0,0,0)
(0,0,0)
(0,0,0)
(0,0,0)
(0,0,0)
(0,0,0)
(0,0,0)
(0,0,0)
(0,0,0)
(0,0,0)
(0,0,0)
(0,0,0)
(0,0,0)
(0,0,0)
(0,0,0)
(0,0,0)
(0,0,0)
(0,0,0)
(0,0,0)
(0,0,0)
(0,0,0)
(0,0,0)
(0,0,0)
(0,0,0)
(0,0,0)
(0,0,0)
(0,0,0)
(0,0,0)
(0,0,0)
(0,0,0)
(0,0,0)
(0,0,0)
(0,0,0)
(0,0,0)
(0,0,0)
(0,0,0)
(0,0,0)
(0,0,0)
(0,0,0)
(0,0,0)
(0,0,0)
(0,0,0)
(0,0,0)
(0,0,0)
(0,0,0)
(0,0,0)
(0,0,0)
(0,0,0)
(0,0,0)
(0,0,0)
(0,0,0)
(0,0,0)
(0,0,0)
(0,0,0)
(0,0,0)
(0,0,0)
(0,0,0)
(0,0,0)
(0,0,0)
(0,0,0)
(0,0,0)
(0,0,0)
(0,0,0)
(0,0,0)
(0,0,0)
(0,0,0)
(0,0,0)
(0,0,0)
(0,0,0)
(0,0,0)
(0,0,0)
(0,0,0)
(0,0,0)
(0,0,0)
(0,0,0)
(0,0,0)
(0,0,0)
(0,0,0)
(0,0,0)
(0,0,0)
(0,0,0)
(0,0,0)
(0,0,0)
(0,0,0)
(0,0,0)
(0,0,0)
(0,0,0)
(0,0,0)
(0,0,0)
(0,0,0)
(0,0,0)
(0,0,0)
(0,0,0)
(0,0,0)
(0,0,0)
(0,0,0)
(0,0,0)
(0,0,0)
(0,0,0)
(0,0,0)
(0,0,0)
(0,0,0)
(0,0,0)
(0,0,0)
(0,0,0)
(0,0,0)
(0,0,0)
(0,0,0)
(0,0,0)
(0,0,0)
(0,0,0)
(0,0,0)
(0,0,0)
(0,0,0)
(0,0,0)
(0,0,0)
(0,0,0)
(0,0,0)
(0,0,0)
(0,0,0)
(0,0,0)
(0,0,0)
(0,0,0)
(0,0,0)
(0,0,0)
(0,0,0)
(0,0,0)
(0,0,0)
(0,0,0)
(0,0,0)
(0,0,0)
(0,0,0)
(0,0,0)
(0,0,0)
(0,0,0)
(0,0,0)
(0,0,0)
(0,0,0)
(0,0,0)
(0,0,0)
(0,0,0)
(0,0,0)
(0,0,0)
(0,0,0)
(0,0,0)
(0,0,0)
(0,0,0)
(0,0,0)
(0,0,0)
(0,0,0)
(0,0,0)
(0,0,0)
(0,0,0)
(0,0,0)
(0,0,0)
(0,0,0)
(0,0,0)
(0,0,0)
(0,0,0)
(0,0,0)
(0,0,0)
(0,0,0)
(0,0,0)
(0,0,0)
(0,0,0)
(0,0,0)
(0,0,0)
(0,0,0)
(0,0,0)
(0,0,0)
(0,0,0)
(0,0,0)
(0,0,0)
(0,0,0)
(0,0,0)
(0,0,0)
(0,0,0)
(0,0,0)
(0,0,0)
(0,0,0)
(0,0,0)
(0,0,0)
(0,0,0)
(0,0,0)
(0,0,0)
(0,0,0)
(0,0,0)
(0,0,0)
(0,0,0)
(0,0,0)
(0,0,0)
(0,0,0)
(0,0,0)
(0,0,0)
(0,0,0)
(0,0,0)
(0,0,0)
(0,0,0)
(0,0,0)
(0,0,0)
(0,0,0)
(0,0,0)
(0,0,0)
(0,0,0)
(0,0,0)
(0,0,0)
(0,0,0)
(0,0,0)
(0,0,0)
(0,0,0)
(0,0,0)
(0,0,0)
(0,0,0)
(0,0,0)
(0,0,0)
(0,0,0)
(0,0,0)
(0,0,0)
(0,0,0)
(0,0,0)
(0,0,0)
(0,0,0)
(0,0,0)
(0,0,0)
(0,0,0)
(0,0,0)
(0,0,0)
(0,0,0)
(0,0,0)
(0,0,0)
(0,0,0)
(0,0,0)
(0,0,0)
(0,0,0)
(0,0,0)
(0,0,0)
(0,0,0)
(0,0,0)
(0,0,0)
(0,0,0)
(0,0,0)
(0,0,0)
(0,0,0)
(0,0,0)
(0,0,0)
(0,0,0)
(0,0,0)
(0,0,0)
(0,0,0)
(0,0,0)
(0,0,0)
(0,0,0)
(0,0,0)
(0,0,0)
(0,0,0)
(0,0,0)
(0,0,0)
(0,0,0)
(0,0,0)
(0,0,0)
(0,0,0)
(0,0,0)
(0,0,0)
(0,0,0)
(0,0,0)
(0,0,0)
(0,0,0)
(0,0,0)
(0,0,0)
(0,0,0)
(0,0,0)
(0,0,0)
(0,0,0)
(0,0,0)
(0,0,0)
(0,0,0)
(0,0,0)
(0,0,0)
(0,0,0)
(0,0,0)
(0,0,0)
(0,0,0)
(0,0,0)
(0,0,0)
(0,0,0)
(0,0,0)
(0,0,0)
(0,0,0)
(0,0,0)
(0,0,0)
)
;

boundaryField
{
    fuel
    {
        type            fixedValue;
        value           uniform (0.1 0 0);
    }
    air
    {
        type            fixedValue;
        value           uniform (-0.1 0 0);
    }
    outlet
    {
        type            zeroGradient;
    }
    frontAndBack
    {
        type            empty;
    }
}


// ************************************************************************* //
 