/*--------------------------------*- C++ -*----------------------------------*\
| =========                 |                                                 |
| \\      /  F ield         | foam-extend: Open Source CFD                    |
|  \\    /   O peration     | Version:     4.0                                |
|   \\  /    A nd           | Web:         http://www.foam-extend.org         |
|    \\/     M anipulation  |                                                 |
\*---------------------------------------------------------------------------*/
FoamFile
{
    version 2.0;
    format ascii;
    class volVectorField;
    location "Data/1331";
    object      E;
}
// * * * * * * * * * * * * * * * * * * * * * * * * * * * * * * * * * * * * * //

dimensions      [0 1 -1 0 0 0 0];

internalField   nonuniform List<vector>
4096
(
(0,0,0)
(0,0,0)
(0,0,0)
(0,0,0)
(0,0,0)
(0,0,0)
(0,0,0)
(0,0,0)
(0,0,0)
(0,0,0)
(0,0,0)
(0,0,0)
(0,0,0)
(0,0,0)
(0,0,0)
(0,0,0)
(0,0,0)
(0,0,0)
(0,0,0)
(0,0,0)
(0,0,0)
(0,0,0)
(0,0,0)
(0,0,0)
(0,0,0)
(0,0,0)
(0,0,0)
(0,0,0)
(0,0,0)
(0,0,0)
(0,0,0)
(0,0,0)
(0,0,0)
(0,0,0)
(0,0,0)
(0,0,0)
(0,0,0)
(0,0,0)
(0,0,0)
(0,0,0)
(0,0,0)
(0,0,0)
(0,0,0)
(0,0,0)
(0,0,0)
(0,0,0)
(0,0,0)
(0,0,0)
(0,0,0)
(0,0,0)
(0,0,0)
(0,0,0)
(0,0,0)
(0,0,0)
(0,0,0)
(0,0,0)
(0,0,0)
(0,0,0)
(0,0,0)
(0,0,0)
(0,0,0)
(0,0,0)
(0,0,0)
(0,0,0)
(0,0,0)
(0,0,0)
(0,0,0)
(0,0,0)
(0,0,0)
(0,0,0)
(0,0,0)
(0,0,0)
(0,0,0)
(0,0,0)
(0,0,0)
(0,0,0)
(0,0,0)
(0,0,0)
(0,0,0)
(0,0,0)
(0,0,0)
(0,0,0)
(0,0,0)
(0,0,0)
(0,0,0)
(0,0,0)
(0,0,0)
(0,0,0)
(0,0,0)
(0,0,0)
(0,0,0)
(0,0,0)
(0,0,0)
(0,0,0)
(0,0,0)
(0,0,0)
(0,0,0)
(0,0,0)
(0,0,0)
(0,0,0)
(0,0,0)
(0,0,0)
(0,0,0)
(0,0,0)
(0,0,0)
(0,0,0)
(0,0,0)
(0,0,0)
(0,0,0)
(0,0,0)
(0,0,0)
(0,0,0)
(0,0,0)
(0,0,0)
(0,0,0)
(0,0,0)
(0,0,0)
(0,0,0)
(0,0,0)
(0,0,0)
(0,0,0)
(0,0,0)
(0,0,0)
(0,0,0)
(0,0,0)
(0,0,0)
(0,0,0)
(0,0,0)
(0,0,0)
(0,0,0)
(0,0,0)
(0,0,0)
(0,0,0)
(0,0,0)
(0,0,0)
(0,0,0)
(0,0,0)
(0,0,0)
(0,0,0)
(0,0,0)
(0,0,0)
(0,0,0)
(0,0,0)
(0,0,0)
(0,0,0)
(0,0,0)
(0,0,0)
(0,0,0)
(0,0,0)
(0,0,0)
(0,0,0)
(0,0,0)
(0,0,0)
(0,0,0)
(0,0,0)
(0,0,0)
(0,0,0)
(0,0,0)
(0,0,0)
(0,0,0)
(0,0,0)
(0,0,0)
(0,0,0)
(0,0,0)
(0,0,0)
(0,0,0)
(0,0,0)
(0,0,0)
(0,0,0)
(0,0,0)
(0,0,0)
(0,0,0)
(0,0,0)
(0,0,0)
(0,0,0)
(0,0,0)
(0,0,0)
(0,0,0)
(0,0,0)
(0,0,0)
(0,0,0)
(0,0,0)
(0,0,0)
(0,0,0)
(0,0,0)
(0,0,0)
(0,0,0)
(0,0,0)
(0,0,0)
(0,0,0)
(0,0,0)
(0,0,0)
(0,0,0)
(0,0,0)
(0,0,0)
(0,0,0)
(0,0,0)
(0,0,0)
(0,0,0)
(0,0,0)
(0,0,0)
(0,0,0)
(0,0,0)
(0,0,0)
(0,0,0)
(0,0,0)
(0,0,0)
(0,0,0)
(0,0,0)
(0,0,0)
(0,0,0)
(0,0,0)
(0,0,0)
(0,0,0)
(0,0,0)
(0,0,0)
(0,0,0)
(0,0,0)
(0,0,0)
(0,0,0)
(0,0,0)
(0,0,0)
(0,0,0)
(0,0,0)
(0,0,0)
(0,0,0)
(0,0,0)
(0,0,0)
(0,0,0)
(0,0,0)
(0,0,0)
(0,0,0)
(0,0,0)
(0,0,0)
(0,0,0)
(0,0,0)
(0,0,0)
(0,0,0)
(0,0,0)
(0,0,0)
(0,0,0)
(0,0,0)
(0,0,0)
(0,0,0)
(0,0,0)
(0,0,0)
(0,0,0)
(0,0,0)
(0,0,0)
(0,0,0)
(0,0,0)
(0,0,0)
(0,0,0)
(0,0,0)
(0,0,0)
(0,0,0)
(0,0,0)
(0,0,0)
(0,0,0)
(0,0,0)
(0,0,0)
(0,0,0)
(0,0,0)
(0,0,0)
(0,0,0)
(0,0,0)
(0,0,0)
(0,0,0)
(0,0,0)
(0,0,0)
(0,0,0)
(0,0,0)
(0,0,0)
(0,0,0)
(0,0,0)
(0,0,0)
(0,0,0)
(0,0,0)
(0,0,0)
(0,0,0)
(0,0,0)
(0,0,0)
(0,0,0)
(0,0,0)
(0,0,0)
(0,0,0)
(0,0,0)
(0,0,0)
(0,0,0)
(0,0,0)
(0,0,0)
(0,0,0)
(0,0,0)
(0,0,0)
(0,0,0)
(0,0,0)
(0,0,0)
(0,0,0)
(0,0,0)
(0,0,0)
(0,0,0)
(0,0,0)
(0,0,0)
(0,0,0)
(0,0,0)
(0,0,0)
(0,0,0)
(0,0,0)
(0,0,0)
(0,0,0)
(0,0,0)
(0,0,0)
(0,0,0)
(0,0,0)
(0,0,0)
(0,0,0)
(0,0,0)
(0,0,0)
(0,0,0)
(0,0,0)
(0,0,0)
(0,0,0)
(0,0,0)
(0,0,0)
(0,0,0)
(0,0,0)
(0,0,0)
(0,0,0)
(0,0,0)
(0,0,0)
(0,0,0)
(0,0,0)
(0,0,0)
(0,0,0)
(0,0,0)
(0,0,0)
(0,0,0)
(0,0,0)
(0,0,0)
(0,0,0)
(0,0,0)
(0,0,0)
(0,0,0)
(0,0,0)
(0,0,0)
(0,0,0)
(0,0,0)
(0,0,0)
(0,0,0)
(0,0,0)
(0,0,0)
(0,0,0)
(0,0,0)
(0,0,0)
(0,0,0)
(0,0,0)
(0,0,0)
(0,0,0)
(0,0,0)
(0,0,0)
(0,0,0)
(0,0,0)
(0,0,0)
(0,0,0)
(0,0,0)
(0,0,0)
(0,0,0)
(0,0,0)
(0,0,0)
(0,0,0)
(0,0,0)
(0,0,0)
(0,0,0)
(0,0,0)
(0,0,0)
(0,0,0)
(0,0,0)
(0,0,0)
(0,0,0)
(0,0,0)
(0,0,0)
(0,0,0)
(0,0,0)
(0,0,0)
(0,0,0)
(0,0,0)
(0,0,0)
(0,0,0)
(0,0,0)
(0,0,0)
(0,0,0)
(0,0,0)
(0,0,0)
(0,0,0)
(0,0,0)
(0,0,0)
(0,0,0)
(0,0,0)
(0,0,0)
(0,0,0)
(0,0,0)
(0,0,0)
(0,0,0)
(0,0,0)
(0,0,0)
(0,0,0)
(0,0,0)
(0,0,0)
(0,0,0)
(0,0,0)
(0,0,0)
(0,0,0)
(0,0,0)
(0,0,0)
(0,0,0)
(0,0,0)
(0,0,0)
(0,0,0)
(0,0,0)
(0,0,0)
(0,0,0)
(0,0,0)
(0,0,0)
(0,0,0)
(0,0,0)
(0,0,0)
(0,0,0)
(0,0,0)
(0,0,0)
(0,0,0)
(0,0,0)
(0,0,0)
(0,0,0)
(0,0,0)
(0,0,0)
(0,0,0)
(0,0,0)
(0,0,0)
(0,0,0)
(0,0,0)
(0,0,0)
(0,0,0)
(0,0,0)
(0,0,0)
(0,0,0)
(0,0,0)
(0,0,0)
(0,0,0)
(0,0,0)
(0,0,0)
(0,0,0)
(0,0,0)
(0,0,0)
(0,0,0)
(0,0,0)
(0,0,0)
(0,0,0)
(0,0,0)
(0,0,0)
(0,0,0)
(0,0,0)
(0,0,0)
(0,0,0)
(0,0,0)
(0,0,0)
(0,0,0)
(0,0,0)
(0,0,0)
(0,0,0)
(0,0,0)
(0,0,0)
(0,0,0)
(0,0,0)
(0,0,0)
(0,0,0)
(0,0,0)
(0,0,0)
(0,0,0)
(0,0,0)
(0,0,0)
(0,0,0)
(0,0,0)
(0,0,0)
(0,0,0)
(0,0,0)
(0,0,0)
(0,0,0)
(0,0,0)
(0,0,0)
(0,0,0)
(0,0,0)
(0,0,0)
(0,0,0)
(0,0,0)
(0,0,0)
(0,0,0)
(0,0,0)
(0,0,0)
(0,0,0)
(0,0,0)
(0,0,0)
(0,0,0)
(0,0,0)
(0,0,0)
(0,0,0)
(0,0,0)
(0,0,0)
(0,0,0)
(0,0,0)
(0,0,0)
(0,0,0)
(0,0,0)
(0,0,0)
(0,0,0)
(0,0,0)
(0,0,0)
(0,0,0)
(0,0,0)
(0,0,0)
(0,0,0)
(0,0,0)
(0,0,0)
(0,0,0)
(0,0,0)
(0,0,0)
(0,0,0)
(0,0,0)
(0,0,0)
(0,0,0)
(0,0,0)
(0,0,0)
(0,0,0)
(0,0,0)
(0,0,0)
(0,0,0)
(0,0,0)
(0,0,0)
(0,0,0)
(0,0,0)
(0,0,0)
(0,0,0)
(0,0,0)
(0,0,0)
(0,0,0)
(0,0,0)
(0,0,0)
(0,0,0)
(0,0,0)
(0,0,0)
(0,0,0)
(0,0,0)
(0,0,0)
(0,0,0)
(0,0,0)
(0,0,0)
(0,0,0)
(0,0,0)
(0,0,0)
(0,0,0)
(0,0,0)
(0,0,0)
(0,0,0)
(0,0,0)
(0,0,0)
(0,0,0)
(0,0,0)
(0,0,0)
(0,0,0)
(0,0,0)
(0,0,0)
(0,0,0)
(0,0,0)
(0,0,0)
(0,0,0)
(0,0,0)
(0,0,0)
(0,0,0)
(0,0,0)
(0,0,0)
(0,0,0)
(0,0,0)
(0,0,0)
(0,0,0)
(0,0,0)
(0,0,0)
(0,0,0)
(0,0,0)
(0,0,0)
(0,0,0)
(0,0,0)
(0,0,0)
(0,0,0)
(0,0,0)
(0,0,0)
(0,0,0)
(0,0,0)
(0,0,0)
(0,0,0)
(0,0,0)
(0,0,0)
(0,0,0)
(0,0,0)
(0,0,0)
(0,0,0)
(0,0,0)
(0,0,0)
(0,0,0)
(0,0,0)
(0,0,0)
(0,0,0)
(0,0,0)
(0,0,0)
(0,0,0)
(0,0,0)
(0,0,0)
(0,0,0)
(0,0,0)
(0,0,0)
(0,0,0)
(0,0,0)
(0,0,0)
(0,0,0)
(0,0,0)
(0,0,0)
(0,0,0)
(0,0,0)
(0,0,0)
(0,0,0)
(0,0,0)
(0,0,0)
(0,0,0)
(0,0,0)
(0,0,0)
(0,0,0)
(0,0,0)
(0,0,0)
(0,0,0)
(0,0,0)
(0,0,0)
(0,0,0)
(0,0,0)
(0,0,0)
(0,0,0)
(0,0,0)
(0,0,0)
(0,0,0)
(0,0,0)
(0,0,0)
(0,0,0)
(0,0,0)
(0,0,0)
(0,0,0)
(0,0,0)
(0,0,0)
(0,0,0)
(0,0,0)
(0,0,0)
(0,0,0)
(0,0,0)
(0,0,0)
(0,0,0)
(0,0,0)
(0,0,0)
(0,0,0)
(0,0,0)
(0,0,0)
(0,0,0)
(0,0,0)
(0,0,0)
(0,0,0)
(0,0,0)
(0,0,0)
(0,0,0)
(0,0,0)
(0,0,0)
(0,0,0)
(0,0,0)
(0,0,0)
(0,0,0)
(0,0,0)
(0,0,0)
(0,0,0)
(0,0,0)
(0,0,0)
(0,0,0)
(0,0,0)
(0,0,0)
(0,0,0)
(0,0,0)
(0,0,0)
(0,0,0)
(0,0,0)
(0,0,0)
(0,0,0)
(0,0,0)
(0,0,0)
(0,0,0)
(0,0,0)
(0,0,0)
(0,0,0)
(0,0,0)
(0,0,0)
(0,0,0)
(0,0,0)
(0,0,0)
(0,0,0)
(0,0,0)
(0,0,0)
(0,0,0)
(0,0,0)
(0,0,0)
(0,0,0)
(0,0,0)
(0,0,0)
(0,0,0)
(0,0,0)
(0,0,0)
(0,0,0)
(0,0,0)
(0,0,0)
(0,0,0)
(0,0,0)
(0,0,0)
(0,0,0)
(0,0,0)
(0,0,0)
(0,0,0)
(0,0,0)
(0,0,0)
(0,0,0)
(0,0,0)
(0,0,0)
(0,0,0)
(0,0,0)
(0,0,0)
(0,0,0)
(0,0,0)
(0,0,0)
(0,0,0)
(0,0,0)
(0,0,0)
(0,0,0)
(0,0,0)
(0,0,0)
(0,0,0)
(0,0,0)
(0,0,0)
(0,0,0)
(0,0,0)
(0,0,0)
(0,0,0)
(0,0,0)
(0,0,0)
(0,0,0)
(0,0,0)
(0,0,0)
(0,0,0)
(0,0,0)
(0,0,0)
(0,0,0)
(0,0,0)
(0,0,0)
(0,0,0)
(0,0,0)
(0,0,0)
(0,0,0)
(0,0,0)
(0,0,0)
(0,0,0)
(0,0,0)
(0,0,0)
(0,0,0)
(0,0,0)
(0,0,0)
(0,0,0)
(0,0,0)
(0,0,0)
(0,0,0)
(0,0,0)
(0,0,0)
(0,0,0)
(0,0,0)
(0,0,0)
(0,0,0)
(0,0,0)
(0,0,0)
(0,0,0)
(0,0,0)
(0,0,0)
(0,0,0)
(0,0,0)
(0,0,0)
(0,0,0)
(0,0,0)
(0,0,0)
(0,0,0)
(0,0,0)
(0,0,0)
(0,0,0)
(0,0,0)
(0,0,0)
(0,0,0)
(0,0,0)
(0,0,0)
(0,0,0)
(0,0,0)
(0,0,0)
(0,0,0)
(0,0,0)
(0,0,0)
(0,0,0)
(0,0,0)
(0,0,0)
(0,0,0)
(0,0,0)
(0,0,0)
(0,0,0)
(0,0,0)
(0,0,0)
(-132794.987232709,70390.8167384976,62404.1704942113)
(-140388.477774129,67472.6776785604,135319.97058978)
(-157979.575404605,61429.1416391347,231870.40435525)
(-191319.704142958,51968.5661650179,371221.542333193)
(-251480.429612727,39147.2382435029,583554.733702424)
(-359515.991737698,24390.1569529883,918680.56848712)
(-555240.537426588,10973.0268502379,1462948.07906351)
(-908983.557441363,2761.03521046753,2369170.60129439)
(-1499227.37720495,26.4216752658761,3868371.55682413)
(-2088970.20395643,-213.55175278196,5957555.31253334)
(0,0,0)
(0,0,0)
(0,0,0)
(0,0,0)
(0,0,0)
(0,0,0)
(-140350.016923816,151217.220788403,59523.61287391)
(-148016.618329608,145747.10217232,129265.806709762)
(-165886.285236655,134268.835044037,222312.398541512)
(-200023.205373647,115985.429247094,358318.740833087)
(-261876.245814191,90638.9367645048,568703.288126274)
(-372551.515488748,60486.3027187752,905158.657849241)
(-570432.025117752,31949.5014019956,1454614.2084152)
(-922823.162125187,13875.3187643698,2366323.08698646)
(-1508459.42986656,6759.1356552674,3868049.80287308)
(-2093277.59918461,3429.0595898255,5957684.790715)
(0,0,0)
(0,0,0)
(0,0,0)
(0,0,0)
(0,0,0)
(0,0,0)
(-157742.241053061,254945.748481946,54013.7133595182)
(-165549.344503802,247636.531328891,117673.62870675)
(-184011.981875384,232109.448424327,203844.997201848)
(-219864.008837183,206877.528133253,332816.907152874)
(-285688.576926024,170784.146934466,538360.273908937)
(-403245.329708989,125644.243534266,876447.662802435)
(-607926.003546554,79921.2120340101,1436401.95571698)
(-957335.570979704,48511.6070897077,2359101.23837131)
(-1530691.25504338,31951.2191069004,3864600.40996314)
(-2103353.1001332,17304.9046838543,5954077.66500227)
(0,0,0)
(0,0,0)
(0,0,0)
(0,0,0)
(0,0,0)
(0,0,0)
(-190271.084084092,398636.980872126,46579.8516939125)
(-198235.295619617,390514.235892791,101937.442749632)
(-217428.432853047,373117.780793277,178357.543233722)
(-255751.170548953,344457.214695946,296529.027219978)
(-328103.627837686,302373.414669578,493043.387322555)
(-458840.227205164,246970.669344337,830557.188717642)
(-679769.188650895,185427.23951885,1404820.34988371)
(-1024161.1695372,135179.343022172,2342313.78348842)
(-1571463.98530393,96036.8533191627,3849692.13458004)
(-2121139.28444299,51674.9163146008,5936461.40739237)
(0,0,0)
(0,0,0)
(0,0,0)
(0,0,0)
(0,0,0)
(0,0,0)
(-248690.643247652,609048.361000775,38279.2631190019)
(-256650.42068324,601136.117212419,84307.8024826124)
(-276214.704592212,584227.009439705,149413.278428397)
(-316602.436220205,556298.157613695,254174.771730859)
(-395684.84761413,514811.845845778,437421.188168793)
(-542713.436055253,458317.12027889,768788.173289479)
(-789187.597278548,389073.228456881,1354329.78163)
(-1125905.97996792,312506.61235043,2302908.49226968)
(-1630701.66604481,224628.929209662,3805018.08242405)
(-2146838.70297951,119079.577788073,5884452.12393008)
(0,0,0)
(0,0,0)
(0,0,0)
(0,0,0)
(0,0,0)
(0,0,0)
(-354108.414124131,932894.421712973,30262.3534119345)
(-361682.665591404,925881.253693964,67199.8825217908)
(-380614.266518871,910817.664658469,121223.493821897)
(-420595.01393687,885672.323814578,212444.341557881)
(-500498.544551014,847048.46362482,380706.268329854)
(-650301.990579337,790038.689122497,699286.69006559)
(-897518.079020297,708400.974327455,1277477.02321534)
(-1218970.79273178,594238.650174633,2214715.7781229)
(-1694861.20748648,435130.131608784,3699075.7832103)
(-2179173.5111508,232320.239901997,5765008.63224709)
(0,0,0)
(0,0,0)
(0,0,0)
(0,0,0)
(0,0,0)
(0,0,0)
(-547683.260606937,1457455.24460652,23122.4377133955)
(-554365.950597151,1451393.58863262,51976.0533718853)
(-571352.157537075,1438270.60745543,95875.2681120048)
(-607867.046631721,1415811.21746104,173603.421097264)
(-682074.525213378,1379200.97032933,323525.439606137)
(-822828.303029015,1318954.2307313,617438.201026337)
(-1054832.12772718,1217635.23515641,1163036.06792457)
(-1347137.00541565,1049106.40046346,2055305.32305139)
(-1790495.71907979,784990.377928545,3495940.79581136)
(-2231932.29549642,427724.06873236,5532469.26247745)
(0,0,0)
(0,0,0)
(0,0,0)
(0,0,0)
(0,0,0)
(0,0,0)
(-901605.227075606,2342090.29581481,16970.1758673069)
(-906944.778746177,2336607.66475935,38700.8784867609)
(-920647.48684732,2324406.1159764,73212.8568131123)
(-950356.082850175,2302535.9945746,136844.162549715)
(-1011321.01812293,2264172.81718014,263193.333821822)
(-1128321.15504121,2194426.16638324,516042.553211097)
(-1322611.09010909,2061932.21342326,994356.665053311)
(-1559251.70808169,1811705.19045984,1791009.58313863)
(-1964144.0946178,1401633.8636856,3138510.19199937)
(-2332833.62884015,794489.825927966,5104578.06364385)
(0,0,0)
(0,0,0)
(0,0,0)
(0,0,0)
(0,0,0)
(0,0,0)
(-1494219.45026749,3824915.61898576,11394.1270965202)
(-1497876.11493359,3819472.75313054,26405.1536589358)
(-1507213.83319226,3806786.7627326,51238.3400949759)
(-1527212.79132294,3782541.24335752,98445.8826350073)
(-1567475.52947408,3736661.92152774,193432.307761508)
(-1643186.79760507,3647525.96238461,383519.309365193)
(-1770372.69553015,3471715.85120699,744108.367111619)
(-1959379.39612848,3134291.60503559,1380901.34866435)
(-2284484.17074187,2535693.20164066,2531326.18145113)
(-2508861.46192882,1524632.37315106,4310045.09615688)
(0,0,0)
(0,0,0)
(0,0,0)
(0,0,0)
(0,0,0)
(0,0,0)
(-2086691.61086374,5905819.36591885,5787.86393063417)
(-2088527.13285285,5900172.34752783,13615.4023861957)
(-2093185.86226465,5886685.88075562,26902.1466278395)
(-2103011.1149978,5859916.90058238,52537.6044007898)
(-2122486.72287708,5807395.61689626,104290.631909365)
(-2158956.16883439,5703060.60910174,207712.154026623)
(-2222622.35814744,5495304.54131244,406745.822068588)
(-2329887.31683412,5088528.60468477,782396.139253485)
(-2508281.45878118,4306029.3699264,1520341.42974891)
(-2526114.43752533,2785581.41382322,2785506.82660208)
(0,0,0)
(0,0,0)
(0,0,0)
(0,0,0)
(0,0,0)
(0,0,0)
(0,0,0)
(0,0,0)
(0,0,0)
(0,0,0)
(0,0,0)
(0,0,0)
(0,0,0)
(0,0,0)
(0,0,0)
(0,0,0)
(0,0,0)
(0,0,0)
(0,0,0)
(0,0,0)
(0,0,0)
(0,0,0)
(0,0,0)
(0,0,0)
(0,0,0)
(0,0,0)
(0,0,0)
(0,0,0)
(0,0,0)
(0,0,0)
(0,0,0)
(0,0,0)
(0,0,0)
(0,0,0)
(0,0,0)
(0,0,0)
(0,0,0)
(0,0,0)
(0,0,0)
(0,0,0)
(0,0,0)
(0,0,0)
(0,0,0)
(0,0,0)
(0,0,0)
(0,0,0)
(0,0,0)
(0,0,0)
(0,0,0)
(0,0,0)
(0,0,0)
(0,0,0)
(0,0,0)
(0,0,0)
(0,0,0)
(0,0,0)
(0,0,0)
(0,0,0)
(0,0,0)
(0,0,0)
(0,0,0)
(0,0,0)
(0,0,0)
(0,0,0)
(0,0,0)
(0,0,0)
(0,0,0)
(0,0,0)
(0,0,0)
(0,0,0)
(0,0,0)
(0,0,0)
(0,0,0)
(0,0,0)
(0,0,0)
(0,0,0)
(0,0,0)
(0,0,0)
(0,0,0)
(0,0,0)
(0,0,0)
(0,0,0)
(0,0,0)
(0,0,0)
(0,0,0)
(0,0,0)
(0,0,0)
(0,0,0)
(0,0,0)
(0,0,0)
(0,0,0)
(0,0,0)
(0,0,0)
(0,0,0)
(0,0,0)
(0,0,0)
(0,0,0)
(0,0,0)
(0,0,0)
(0,0,0)
(0,0,0)
(0,0,0)
(19591610.3306276,62686.0677185659,54740.6154080765)
(19578909.2189618,59707.4071039903,117567.512555101)
(19549665.7835938,53399.2365105355,198354.918033105)
(19494824.316733,43172.9237133623,310869.974430699)
(19397182.5962281,28687.6818229086,475351.267753969)
(19223426.4707523,11351.4534077158,722889.352843159)
(18904552.0659637,-4224.67583951157,1109153.42627933)
(18274262.4612031,-11111.2196261799,1778850.62824797)
(16852047.3591583,-9228.1460755825,3278636.03894719)
(12989432.0936015,-4533.50152666487,8046599.24390287)
(0,0,0)
(0,0,0)
(0,0,0)
(0,0,0)
(0,0,0)
(0,0,0)
(19578725.7714653,133668.101219361,51774.1790970871)
(19565980.0582608,128075.519445641,111241.391152031)
(19536477.6958557,116061.811936304,188046.835620867)
(19480598.867677,96098.7490665777,296330.938203949)
(19380246.9153897,66804.9559925402,457922.50381735)
(19201559.9137444,29779.4134809737,707215.115497956)
(18877781.9974327,-5571.02708346699,1102179.44517854)
(18250110.8205531,-20675.2044688957,1780641.44833)
(16837025.724341,-15481.2061642162,3283241.35519793)
(12982859.0403514,-6632.48699011857,8051035.70211226)
(0,0,0)
(0,0,0)
(0,0,0)
(0,0,0)
(0,0,0)
(0,0,0)
(19549344.952979,222305.970308446,46106.9378657954)
(19536527.3433929,214865.676028343,99072.0943733522)
(19506413.102723,198657.930638278,167882.892059972)
(19448093.875446,170965.40800771,266890.349822641)
(19340749.7954821,128355.508813469,420733.425580491)
(19147377.9744192,70026.1861872015,671695.349733035)
(18805041.5785434,8062.22081113448,1086926.52073551)
(18183343.206081,-18295.9413696282,1785700.48156266)
(16798196.2138596,-8780.42201820675,3291944.22950062)
(12966756.4458868,-444.710502540748,8057478.90798003)
(0,0,0)
(0,0,0)
(0,0,0)
(0,0,0)
(0,0,0)
(0,0,0)
(19495088.4887582,340221.040370029,38557.358083077)
(19482261.2195272,332112.318752073,82646.2011995592)
(19451400.1021551,314346.528865041,139961.068951593)
(19389284.6375866,283612.126461472,224110.543349282)
(19269128.2236027,234798.909350247,362267.292359044)
(19042632.7009778,163081.148543165,609571.402807094)
(18643339.357669,75998.9474749928,1060358.13081029)
(18031302.7775967,33469.7437482517,1794960.49954545)
(16719692.7432164,36838.7541607575,3300016.59583302)
(12936611.6921992,26000.973709926,8057651.93596539)
(0,0,0)
(0,0,0)
(0,0,0)
(0,0,0)
(0,0,0)
(0,0,0)
(19399416.4177732,503621.997145083,30323.9831910925)
(19386870.2491448,496087.459711217,64660.1733908797)
(19355847.1917645,479809.406536601,108967.400349668)
(19290486.7663473,452273.722022707,175048.60320784)
(19155694.0598692,409954.246867767,290346.359194022)
(18879591.0741105,350689.778839245,522265.219719203)
(18352649.0384871,280711.422794512,1017548.10962104)
(17749438.6489313,219458.63969151,1798046.58576557)
(16596673.7492554,160489.832367451,3288852.09324551)
(12891773.2498546,86752.6881864314,8031320.4269219)
(0,0,0)
(0,0,0)
(0,0,0)
(0,0,0)
(0,0,0)
(0,0,0)
(19229240.5264127,739380.229497017,22724.8280981975)
(19217541.5084324,733191.744884554,48228.369888034)
(19187975.1039151,720061.257315485,81219.1496621566)
(19123825.556955,698380.500344035,132523.801435977)
(18987518.1623164,665437.892356129,230855.4500672)
(18703548.9841364,617508.705273706,452017.549903969)
(18169995.7031474,551087.590570368,955959.600947387)
(17593470.7670984,466065.400369433,1738743.28142623)
(16491983.9125907,339485.66295244,3214734.33175102)
(12840386.823305,179548.552327988,7944210.13414077)
(0,0,0)
(0,0,0)
(0,0,0)
(0,0,0)
(0,0,0)
(0,0,0)
(18913557.1657073,1103509.52396437,16462.2802053717)
(18903391.1098415,1098758.70881587,34970.2568223498)
(18877197.7118199,1088960.92374388,59352.7220240123)
(18818981.8743128,1073322.97368281,99393.3287277178)
(18691916.3859925,1049924.28644364,182748.024421284)
(18420392.7386223,1013455.70053357,385411.988497045)
(17902930.6963555,949859.838449479,870708.917522175)
(17382610.9245058,836965.443606358,1611892.94535083)
(16336854.1672564,611325.755493777,3054534.96746023)
(12752695.7884953,326818.704758825,7764468.73202479)
(0,0,0)
(0,0,0)
(0,0,0)
(0,0,0)
(0,0,0)
(0,0,0)
(18282710.2271054,1749394.66864042,11631.4021300383)
(18274687.78825,1745589.87129683,24999.673639855)
(18253809.3291783,1737813.04564044,43522.7367046004)
(18206779.0685063,1725666.14758826,75876.4124297623)
(18102116.1615572,1707999.41938821,146196.100791985)
(17871821.6373318,1679569.70566265,321771.304276949)
(17418917.7779299,1614201.09027023,757733.185404091)
(17079561.8097669,1411612.25978193,1386104.85236682)
(16023858.9657872,1081366.3901299,2769893.15831259)
(12549688.1715541,618511.404140872,7437510.6595232)
(0,0,0)
(0,0,0)
(0,0,0)
(0,0,0)
(0,0,0)
(0,0,0)
(16856870.4016163,3232413.3051575,7723.5125861004)
(16851442.4385228,3228753.25617387,17073.5752396735)
(16837477.5262178,3220761.57555901,31265.68689801)
(16806703.987462,3206675.1008349,58171.9558533518)
(16741203.8216077,3181601.31917948,117722.705967227)
(16607856.9697423,3131732.6044797,256348.040789807)
(16367416.079186,3019482.04171922,555110.315611639)
(16029532.1610335,2763818.31139888,1055824.70781976)
(15075582.6179256,2311939.35528766,2307016.95498156)
(11932168.7666135,1507380.31381315,6818949.81775382)
(0,0,0)
(0,0,0)
(0,0,0)
(0,0,0)
(0,0,0)
(0,0,0)
(12991131.9964073,7992465.0216955,3956.67717788415)
(12988428.551138,7988599.39575425,8986.85459362858)
(12981564.8036594,7979727.28933326,17102.4758822301)
(12966784.8503043,7962768.36659517,33045.245806937)
(12936345.902037,7929816.09925639,67829.8418029301)
(12876414.6433902,7861950.37493755,144073.260107544)
(12765421.7727214,7717873.2721772,299469.899767731)
(12552819.9781334,7418404.74427452,604008.172911604)
(11932647.9749924,6814314.58134402,1502535.51406864)
(9702311.3055799,5311681.60125991,5311640.48450357)
(0,0,0)
(0,0,0)
(0,0,0)
(0,0,0)
(0,0,0)
(0,0,0)
(0,0,0)
(0,0,0)
(0,0,0)
(0,0,0)
(0,0,0)
(0,0,0)
(0,0,0)
(0,0,0)
(0,0,0)
(0,0,0)
(0,0,0)
(0,0,0)
(0,0,0)
(0,0,0)
(0,0,0)
(0,0,0)
(0,0,0)
(0,0,0)
(0,0,0)
(0,0,0)
(0,0,0)
(0,0,0)
(0,0,0)
(0,0,0)
(0,0,0)
(0,0,0)
(0,0,0)
(0,0,0)
(0,0,0)
(0,0,0)
(0,0,0)
(0,0,0)
(0,0,0)
(0,0,0)
(0,0,0)
(0,0,0)
(0,0,0)
(0,0,0)
(0,0,0)
(0,0,0)
(0,0,0)
(0,0,0)
(0,0,0)
(0,0,0)
(0,0,0)
(0,0,0)
(0,0,0)
(0,0,0)
(0,0,0)
(0,0,0)
(0,0,0)
(0,0,0)
(0,0,0)
(0,0,0)
(0,0,0)
(0,0,0)
(0,0,0)
(0,0,0)
(0,0,0)
(0,0,0)
(0,0,0)
(0,0,0)
(0,0,0)
(0,0,0)
(0,0,0)
(0,0,0)
(0,0,0)
(0,0,0)
(0,0,0)
(0,0,0)
(0,0,0)
(0,0,0)
(0,0,0)
(0,0,0)
(0,0,0)
(0,0,0)
(0,0,0)
(0,0,0)
(0,0,0)
(0,0,0)
(0,0,0)
(0,0,0)
(0,0,0)
(0,0,0)
(0,0,0)
(0,0,0)
(0,0,0)
(0,0,0)
(0,0,0)
(0,0,0)
(0,0,0)
(0,0,0)
(0,0,0)
(0,0,0)
(0,0,0)
(0,0,0)
(-341720.60512189,49600.0986353928,41898.8361271477)
(-355743.690443409,46621.2550134725,88098.489531939)
(-387483.642288843,40053.434695507,143362.479732129)
(-445435.912446305,28764.2285327556,213026.479391767)
(-544625.442651522,11585.1121416613,301417.405142723)
(-710237.355919639,-10624.5522098766,403873.783037623)
(-981133.694322793,-31053.2048995274,478780.747236679)
(-1410015.95425536,-35314.3056429216,356541.467351141)
(-2024984.09589667,-24278.0883663696,-583980.990214471)
(-2482421.59260718,-11118.9554192572,-4942840.34957345)
(0,0,0)
(0,0,0)
(0,0,0)
(0,0,0)
(0,0,0)
(0,0,0)
(-356473.645881686,104051.506866216,38916.0081291654)
(-370280.376694268,98452.2189121419,81513.4781985599)
(-401681.062297108,85863.3201551513,132030.349904763)
(-459690.969651813,63420.9311637381,195831.483615647)
(-560436.458782618,27154.0813168967,279113.887625816)
(-730590.9154548,-24502.6257633538,383310.789391472)
(-1007860.85809993,-78365.035921622,474433.474959134)
(-1432604.99104007,-87487.8099149103,367490.789837261)
(-2036314.95335716,-54340.3895753802,-570938.232242409)
(-2486431.54146138,-22748.8966884112,-4931849.71014749)
(0,0,0)
(0,0,0)
(0,0,0)
(0,0,0)
(0,0,0)
(0,0,0)
(-389578.80431576,167937.367464223,33205.8957098103)
(-402943.36736713,160533.857268124,68762.967126896)
(-433802.189069672,143589.48299482,109420.095092918)
(-492379.930263639,112041.639144645,159441.191834664)
(-598395.030380301,56617.9091057393,227290.188921312)
(-786122.062580326,-34797.8940602721,329253.493230789)
(-1097371.1308493,-153674.405010899,465143.570725752)
(-1510986.97644769,-170326.358711253,400480.301063662)
(-2070711.62738562,-87247.5036281782,-539536.744625253)
(-2497456.51082712,-30572.5084520441,-4909332.17713466)
(0,0,0)
(0,0,0)
(0,0,0)
(0,0,0)
(0,0,0)
(0,0,0)
(-449069.619640393,244579.002993403,25684.4718824606)
(-461735.105277173,236762.407802764,51620.2451651665)
(-491726.338066661,218824.440202807,77679.7271919975)
(-551475.551087838,184816.92957913,103832.624444944)
(-669287.96473384,121344.660421255,135690.06047904)
(-908484.154236075,1.99558834883669,210175.025057326)
(-1375489.44529781,-214730.146738302,448227.568764602)
(-1767528.94943592,-248366.892556799,483267.828655842)
(-2156873.26012931,-86111.922174372,-483133.750439139)
(-2521098.77610108,-18789.9548894453,-4879037.83668847)
(0,0,0)
(0,0,0)
(0,0,0)
(0,0,0)
(0,0,0)
(0,0,0)
(-549084.641444981,333473.455857233,17774.6053673485)
(-560714.633635652,326782.293732081,33507.6012315075)
(-589060.311395525,311958.06542281,43449.478184468)
(-648817.987685446,285614.761467478,40124.3993419563)
(-780545.656518857,241747.853646229,14128.9215180074)
(-1117945.40731876,174623.285351876,-4787.88780326889)
(-2220986.78476656,98030.4693875334,414255.318337543)
(-2635242.03556076,63543.4282248019,645193.681060993)
(-2325821.13711659,55867.9704749378,-416123.326203194)
(-2559861.04356064,35419.2071498505,-4860530.19581413)
(0,0,0)
(0,0,0)
(0,0,0)
(0,0,0)
(0,0,0)
(0,0,0)
(-713944.912269099,423793.069565463,11033.823986608)
(-724135.363953469,419084.487983129,18576.5011344539)
(-749552.311748273,409302.434962438,16927.5462712229)
(-805094.215247949,393542.099348811,-3912.02039417809)
(-933118.270465901,369836.801274467,-53196.5362271117)
(-1269655.49334947,334410.791068028,-81611.5654443525)
(-2318885.89025815,284125.650932665,379342.845429068)
(-2697960.96473728,255316.16510511,637169.839397493)
(-2404347.34880948,184429.142842474,-436892.072556863)
(-2598557.4127407,91884.5564665995,-4896245.1868149)
(0,0,0)
(0,0,0)
(0,0,0)
(0,0,0)
(0,0,0)
(0,0,0)
(-983441.838059967,472678.911358762,6281.16098699088)
(-991840.596827818,470051.624914424,8713.72973807106)
(-1013217.57551603,465571.283687078,1028.16736232031)
(-1061611.19599403,461104.508862985,-27773.1728320206)
(-1179132.03237691,460105.993215724,-88825.9473908194)
(-1508703.26872115,464927.107636495,-132078.257602762)
(-2603194.86490557,465948.426597514,350392.527006548)
(-2953610.81832449,534011.997017433,566086.43693749)
(-2523269.97976555,298417.326651545,-529609.60083657)
(-2662431.81395886,123860.023202072,-4988289.46610495)
(0,0,0)
(0,0,0)
(0,0,0)
(0,0,0)
(0,0,0)
(0,0,0)
(-1413526.42703971,323464.568806099,3618.99571068744)
(-1419875.14378759,322267.02583529,4134.52584045804)
(-1436209.37164848,321424.36308324,-3531.85371584493)
(-1474167.43502688,325547.092500104,-28859.9348068835)
(-1571408.38953431,347097.707064784,-84159.0985513594)
(-1873769.1443976,415688.535179284,-131161.745351772)
(-3069314.64401806,562798.761941281,418388.340265545)
(-2501932.3945333,361681.466422163,330381.074174107)
(-2618128.91936948,133214.009019848,-704259.7240244)
(-2761358.47035776,1064.85162809497,-5112249.91152541)
(0,0,0)
(0,0,0)
(0,0,0)
(0,0,0)
(0,0,0)
(0,0,0)
(-2030407.61508978,-633412.112704509,2322.69722973388)
(-2034552.02489374,-634385.648231408,3137.83372595117)
(-2045027.11723303,-635264.241598734,499.080871777923)
(-2068378.02116217,-633333.780914094,-7370.03807679756)
(-2121948.43460314,-623289.250997838,-15662.8247902656)
(-2250153.51990715,-599673.204733083,15877.4037845196)
(-2530512.0791118,-582441.771861248,217214.094897885)
(-2622472.6594169,-712812.878582157,101881.25936554)
(-2863827.50528251,-830920.474659907,-836406.134733641)
(-2909191.92487382,-722472.446520057,-5113340.14608504)
(0,0,0)
(0,0,0)
(0,0,0)
(0,0,0)
(0,0,0)
(0,0,0)
(-2486536.16748588,-4998851.91443574,1275.96463746632)
(-2488564.86050927,-5000085.59291939,2137.31998569652)
(-2493586.48332661,-5002116.46122018,2308.82560628806)
(-2504385.90511678,-5004254.17852716,2567.97765336602)
(-2527408.59621849,-5006688.5973152,7889.82123928525)
(-2575698.54372955,-5014583.42961576,33081.2322547045)
(-2664974.27721092,-5047636.02064937,86839.5299881915)
(-2764338.55801058,-5134460.90889809,-16185.9045389413)
(-2910077.39335779,-5118369.13127655,-727843.880559062)
(-2808356.09061629,-4390700.91187366,-4390780.01999619)
(0,0,0)
(0,0,0)
(0,0,0)
(0,0,0)
(0,0,0)
(0,0,0)
(0,0,0)
(0,0,0)
(0,0,0)
(0,0,0)
(0,0,0)
(0,0,0)
(0,0,0)
(0,0,0)
(0,0,0)
(0,0,0)
(0,0,0)
(0,0,0)
(0,0,0)
(0,0,0)
(0,0,0)
(0,0,0)
(0,0,0)
(0,0,0)
(0,0,0)
(0,0,0)
(0,0,0)
(0,0,0)
(0,0,0)
(0,0,0)
(0,0,0)
(0,0,0)
(0,0,0)
(0,0,0)
(0,0,0)
(0,0,0)
(0,0,0)
(0,0,0)
(0,0,0)
(0,0,0)
(0,0,0)
(0,0,0)
(0,0,0)
(0,0,0)
(0,0,0)
(0,0,0)
(0,0,0)
(0,0,0)
(0,0,0)
(0,0,0)
(0,0,0)
(0,0,0)
(0,0,0)
(0,0,0)
(0,0,0)
(0,0,0)
(0,0,0)
(0,0,0)
(0,0,0)
(0,0,0)
(0,0,0)
(0,0,0)
(0,0,0)
(0,0,0)
(0,0,0)
(0,0,0)
(0,0,0)
(0,0,0)
(0,0,0)
(0,0,0)
(0,0,0)
(0,0,0)
(0,0,0)
(0,0,0)
(0,0,0)
(0,0,0)
(0,0,0)
(0,0,0)
(0,0,0)
(0,0,0)
(0,0,0)
(0,0,0)
(0,0,0)
(0,0,0)
(0,0,0)
(0,0,0)
(0,0,0)
(0,0,0)
(0,0,0)
(0,0,0)
(0,0,0)
(0,0,0)
(0,0,0)
(0,0,0)
(0,0,0)
(0,0,0)
(0,0,0)
(0,0,0)
(0,0,0)
(0,0,0)
(0,0,0)
(0,0,0)
(-404054.93029793,34618.9972273124,27715.3279487285)
(-415971.665303023,31873.6288058591,56069.6740024829)
(-442214.244438348,25639.8418535613,85160.4342984287)
(-488124.324667419,14318.707553985,113530.138965555)
(-562257.770402594,-4357.06322834647,135519.529944977)
(-676330.867772842,-31061.4815995298,132674.52339771)
(-840321.904452166,-57829.0688783111,49691.8024053964)
(-1043760.72879297,-57938.9376321998,-258624.485424793)
(-1206488.15413682,-35612.865493085,-1041507.56169155)
(-1048417.11434856,-15114.4333099527,-2460397.60664022)
(0,0,0)
(0,0,0)
(0,0,0)
(0,0,0)
(0,0,0)
(0,0,0)
(-417492.397863163,70648.7939731028,24988.9552356861)
(-428735.101801339,65504.0731096153,49813.2360389976)
(-453498.092454222,53494.5160852431,73775.59196443)
(-496975.377374712,30520.997514058,94857.7097272557)
(-567765.323231225,-10938.3865264765,108767.897473991)
(-678596.287896636,-80090.1375522092,105801.925868513)
(-841542.602668131,-167863.896141715,49518.4977001255)
(-1038811.90045634,-165844.367432011,-236369.16308379)
(-1198482.05260803,-88706.0348145858,-1021108.89451142)
(-1043504.9671838,-33758.9100133986,-2445390.99208558)
(0,0,0)
(0,0,0)
(0,0,0)
(0,0,0)
(0,0,0)
(0,0,0)
(-447030.254426862,108332.96332022,19767.280763988)
(-456967.643613877,101628.91096563,37666.7191547176)
(-478845.966327321,85553.2169620998,50651.7955355077)
(-517320.657876437,52811.9189758169,53301.6016865498)
(-581073.393258142,-14400.261685338,39441.83972325)
(-687395.16948199,-157210.812747256,17835.6218199517)
(-867005.6733699,-431779.077426412,51385.3456252488)
(-1039222.73930506,-426840.003418406,-159383.255530992)
(-1179114.23385731,-173364.311728271,-966322.372145613)
(-1031526.91334135,-54199.1225246486,-2411811.75712014)
(0,0,0)
(0,0,0)
(0,0,0)
(0,0,0)
(0,0,0)
(0,0,0)
(-498231.027155305,144525.807938821,12968.5628963157)
(-506338.611806712,137757.480377214,21443.5000142729)
(-523958.330355584,121478.954229341,17749.755035957)
(-554269.733513662,87468.5856834036,-14112.7292458068)
(-604218.969010756,10054.9146571055,-103636.901311329)
(-702900.753150093,-209470.096288108,-256961.018856465)
(-1060085.87820226,-1060224.17954632,56080.5161678909)
(-1116050.92274602,-1116038.96450485,93801.4505644348)
(-1134054.0384518,-254978.296740672,-847403.786100675)
(-1007329.98728275,-57501.6992197536,-2357869.9982239)
(0,0,0)
(0,0,0)
(0,0,0)
(0,0,0)
(0,0,0)
(0,0,0)
(-579264.502420432,168600.895265778,6104.77364849517)
(-585232.899371492,163364.268992035,5016.25076951418)
(-597554.439013441,151479.757083461,-16490.4244666891)
(-615381.176591642,129329.552521871,-91788.2023989601)
(-627968.835387269,89138.6955505805,-323448.804424025)
(-565802.138990869,22896.7849690895,-1107958.95400911)
(-8.71472222990963e-05,-2.27375513473124e-05,5.68922310102631e-05)
(706.915292076541,856.287143952958,954503.706993804)
(-953499.515257714,-22583.8138888109,-650212.397716944)
(-963746.552785452,-3214.91970094485,-2300613.66801096)
(0,0,0)
(0,0,0)
(0,0,0)
(0,0,0)
(0,0,0)
(0,0,0)
(-700445.015359539,154293.537102659,807.461253561845)
(-704385.236909433,151384.75998018,-6963.15677861945)
(-711835.666310331,145632.029019998,-38832.0741530979)
(-719454.150043096,137022.059713794,-132164.646549874)
(-710079.449907825,123830.379960123,-389895.151517492)
(-601066.978899577,95404.6343092417,-1130991.51530753)
(-7.89836053417735e-05,-2.74611164312664e-05,4.19304732968863e-05)
(-136.017741168603,-216.061813702731,930668.317289688)
(-930739.936224394,65602.5178554228,-631125.427039637)
(-963322.196654232,28064.0916358492,-2297639.65446285)
(0,0,0)
(0,0,0)
(0,0,0)
(0,0,0)
(0,0,0)
(0,0,0)
(-869524.772632503,42517.2292329042,-2140.75755770785)
(-871795.710184799,41968.5220834574,-12769.4063040081)
(-875317.816106755,42527.8159030794,-47564.9525963537)
(-875177.295120683,48530.4639895031,-145507.257745409)
(-850146.369727096,67856.0290109733,-418518.569446074)
(-705081.833059163,99895.832692508,-1226631.20349133)
(-0.000219521277722509,8.30930695727686e-05,6.19864023663202e-05)
(94.721257336477,985810.370237639,996362.497297953)
(-996178.981169006,203674.094464544,-668800.077907717)
(-1002357.4245835,25019.0750378294,-2325829.45068503)
(0,0,0)
(0,0,0)
(0,0,0)
(0,0,0)
(0,0,0)
(0,0,0)
(-1074701.18655007,-293589.850070364,-2718.16118637858)
(-1075815.22178698,-292557.16857452,-12252.3925290133)
(-1076761.27152524,-287557.646163937,-41615.0305852361)
(-1072214.52746766,-268769.491213811,-126267.982941143)
(-1039759.0171544,-203426.844516815,-386634.481793277)
(-873141.484498622,39378.0165751934,-1326744.32557494)
(35.5719937910497,1101723.91387254,985788.300113445)
(-985751.347536842,241229.87578399,214187.747570633)
(-1240390.17761201,-112399.777981775,-847477.12174052)
(-1086247.81610777,-146707.420062994,-2350861.28088967)
(0,0,0)
(0,0,0)
(0,0,0)
(0,0,0)
(0,0,0)
(0,0,0)
(-1232543.98783691,-1089650.82500102,-1802.6523222079)
(-1233027.68488586,-1088508.63519643,-7375.52570816704)
(-1233078.67777051,-1083947.95941309,-22933.6519215264)
(-1229636.00155606,-1069410.72797265,-61034.4347687951)
(-1213747.60646848,-1028733.76979723,-143928.337623025)
(-1165075.3633364,-925145.678770711,-264482.798847867)
(-1101735.45150508,-716796.531305878,125261.018723834)
(-1261941.77075754,-854588.259695912,-139451.73445561)
(-1356803.25858972,-877108.159252172,-881767.599877995)
(-1111917.69043522,-621608.907920419,-2204140.34645917)
(0,0,0)
(0,0,0)
(0,0,0)
(0,0,0)
(0,0,0)
(0,0,0)
(-1063093.37607751,-2512372.38348983,-721.232919557415)
(-1063283.26492341,-2511611.17273249,-2900.29096935939)
(-1063254.06646027,-2508647.54488359,-8533.12236518878)
(-1061892.93702726,-2499950.30010057,-20486.5183267677)
(-1056896.65404691,-2479315.06447877,-40417.1658168149)
(-1046231.65263823,-2438851.1220857,-56178.613593158)
(-1042798.41720245,-2382618.18703619,-12532.8178713007)
(-1099444.07141516,-2370083.20703377,-161932.357128852)
(-1114716.85227722,-2208262.02299639,-626139.034465197)
(-891373.435311991,-1582314.1330607,-1582416.46462921)
(0,0,0)
(0,0,0)
(0,0,0)
(0,0,0)
(0,0,0)
(0,0,0)
(0,0,0)
(0,0,0)
(0,0,0)
(0,0,0)
(0,0,0)
(0,0,0)
(0,0,0)
(0,0,0)
(0,0,0)
(0,0,0)
(0,0,0)
(0,0,0)
(0,0,0)
(0,0,0)
(0,0,0)
(0,0,0)
(0,0,0)
(0,0,0)
(0,0,0)
(0,0,0)
(0,0,0)
(0,0,0)
(0,0,0)
(0,0,0)
(0,0,0)
(0,0,0)
(0,0,0)
(0,0,0)
(0,0,0)
(0,0,0)
(0,0,0)
(0,0,0)
(0,0,0)
(0,0,0)
(0,0,0)
(0,0,0)
(0,0,0)
(0,0,0)
(0,0,0)
(0,0,0)
(0,0,0)
(0,0,0)
(0,0,0)
(0,0,0)
(0,0,0)
(0,0,0)
(0,0,0)
(0,0,0)
(0,0,0)
(0,0,0)
(0,0,0)
(0,0,0)
(0,0,0)
(0,0,0)
(0,0,0)
(0,0,0)
(0,0,0)
(0,0,0)
(0,0,0)
(0,0,0)
(0,0,0)
(0,0,0)
(0,0,0)
(0,0,0)
(0,0,0)
(0,0,0)
(0,0,0)
(0,0,0)
(0,0,0)
(0,0,0)
(0,0,0)
(0,0,0)
(0,0,0)
(0,0,0)
(0,0,0)
(0,0,0)
(0,0,0)
(0,0,0)
(0,0,0)
(0,0,0)
(0,0,0)
(0,0,0)
(0,0,0)
(0,0,0)
(0,0,0)
(0,0,0)
(0,0,0)
(0,0,0)
(0,0,0)
(0,0,0)
(0,0,0)
(0,0,0)
(0,0,0)
(0,0,0)
(0,0,0)
(0,0,0)
(-440822.735339123,21053.2909744571,15714.5140667334)
(-448833.46329582,18975.4889283628,29600.8231311693)
(-465818.984825141,14197.7639357087,39007.7995822529)
(-493568.155545895,5326.87125835549,39124.7592023756)
(-534390.388682038,-9936.68297024573,21194.0604520582)
(-590201.518502436,-33333.2668286601,-31602.0219896879)
(-658920.885340617,-59027.2090088366,-153975.832092398)
(-723203.90179103,-52969.6429065223,-421563.016187818)
(-716823.536366583,-27573.1998900052,-883654.434068041)
(-509748.64013361,-10162.240901954,-1412160.66738101)
(0,0,0)
(0,0,0)
(0,0,0)
(0,0,0)
(0,0,0)
(0,0,0)
(-450999.984796924,40925.3559496985,13635.5219585168)
(-457992.638624656,37066.3205880023,24802.2271221955)
(-472533.424595184,27948.3713336451,30086.9518652235)
(-495436.989508695,10005.4695225476,23869.9657350157)
(-527271.877666139,-24327.7338906935,-2232.42890962464)
(-567888.125604467,-88885.8970973388,-57387.9609331134)
(-616732.414510238,-193241.473960301,-147983.884139549)
(-677361.889918833,-166161.652065912,-396241.885517667)
(-686749.46553965,-69260.0402806509,-866287.63219541)
(-496212.749008296,-21727.0254870108,-1402015.06578583)
(0,0,0)
(0,0,0)
(0,0,0)
(0,0,0)
(0,0,0)
(0,0,0)
(-472915.055286631,57102.6592297046,9707.49757976164)
(-477977.177858736,52216.9877154026,15566.3646972232)
(-487721.042070566,40396.0301709616,11993.7816031509)
(-500524.808032725,15803.1029267341,-10599.7016447488)
(-511422.493016355,-37578.1100673079,-67000.2257099209)
(-508661.759807623,-172687.107108111,-161932.425373506)
(-476398.578416707,-624756.010057497,-121024.984229506)
(-523304.978483673,-503614.00991714,-299490.387199664)
(-600737.561729475,-128254.383217032,-818872.716391125)
(-461752.440679851,-29972.3250504829,-1380401.88948916)
(0,0,0)
(0,0,0)
(0,0,0)
(0,0,0)
(0,0,0)
(0,0,0)
(-509385.295837182,63519.471249211,4737.45666236753)
(-511891.508448057,58889.0942638331,3618.24675528106)
(-515116.52215096,47920.2284266088,-12747.7597049895)
(-513356.731344391,26370.2051891431,-64227.8641366678)
(-489869.023069069,-13718.2179507873,-202437.70219488)
(-391417.835377794,-72368.9133039692,-614238.813771322)
(-4.26934126561248e-05,-4.71363909911116e-06,1.98923582692852e-05)
(559.139977515572,782.90721218072,75594.6534819206)
(-391553.745047416,-74346.1630885091,-720813.86005098)
(-393589.446502555,-13871.4540520934,-1350655.27182958)
(0,0,0)
(0,0,0)
(0,0,0)
(0,0,0)
(0,0,0)
(0,0,0)
(-563210.270345892,47452.287017904,12.9521567677978)
(-563122.852224399,44254.7800566542,-7462.78078314707)
(-559863.400166454,37243.2820850781,-34476.8732886049)
(-544135.900432776,25240.9310670319,-104592.875325359)
(-491811.295708754,6977.59288059225,-261446.225835251)
(-344984.777693574,-12406.6832558235,-542225.817180687)
(4.92868278723754e-06,-3.1551172789812e-06,-0.000100201792107155)
(-9.58771482744284e-05,-9.45091145918859e-06,4.92036647202124e-06)
(35.2096334742312,211.301668443364,-660585.809817348)
(-298456.178520554,-2781.6771961226,-1336965.96093819)
(0,0,0)
(0,0,0)
(0,0,0)
(0,0,0)
(0,0,0)
(0,0,0)
(-634957.571847588,-14801.0494437658,-3234.107050282)
(-632812.159927457,-16022.8237467696,-14529.5802288336)
(-624649.994640779,-17846.3458621806,-46625.6239511268)
(-599089.437065943,-18715.6609633525,-123033.744897894)
(-528808.880684957,-16259.9255935897,-281066.795646575)
(-355837.366324212,-8636.01814108872,-530067.073336674)
(-1.52034740843434e-06,-8.6792956027282e-06,-7.84945581825202e-05)
(-7.11294386053977e-05,-2.07554672410674e-05,3.51640389618788e-06)
(4.85275770191249,187.893134098708,-663757.466358425)
(-284528.835793394,-10989.4181639879,-1334343.08625141)
(0,0,0)
(0,0,0)
(0,0,0)
(0,0,0)
(0,0,0)
(0,0,0)
(-717110.719238053,-162750.540149142,-4464.56268907121)
(-713791.933555498,-162123.741731247,-16367.4213338892)
(-702941.30926853,-158991.397720621,-47598.8763136835)
(-672193.848369699,-148568.702623312,-120729.28140471)
(-591709.282906191,-121798.03593769,-273628.257881518)
(-397495.376685474,-68197.6078577859,-521653.124538512)
(-1.21513270062465e-05,-0.000128106021678931,-9.45277836968963e-05)
(-0.000123651654409493,4.6451897567479e-06,4.0423851353952e-06)
(-107.415423349052,-40473.6858554833,-675038.592114743)
(-306072.603354186,-58832.7581486678,-1323480.07335938)
(0,0,0)
(0,0,0)
(0,0,0)
(0,0,0)
(0,0,0)
(0,0,0)
(-782003.097162736,-451610.115880665,-3838.51365580486)
(-778561.195266413,-449966.708812635,-13249.5730949883)
(-767698.35210067,-444085.749872935,-37218.1403672477)
(-737608.363687304,-426360.728410619,-94032.2783602928)
(-657938.522304329,-377498.424049721,-220152.385098326)
(-455320.40984001,-252560.46265369,-453610.604961037)
(-0.000151162891059002,1.05785097964088e-05,7.30676921713543e-06)
(-15.7585379639944,-34951.3197076736,-40424.0308870893)
(-399133.960882518,-228797.738769561,-693356.1947025)
(-401426.261787889,-172360.642877697,-1264649.86429335)
(0,0,0)
(0,0,0)
(0,0,0)
(0,0,0)
(0,0,0)
(0,0,0)
(-761535.074407719,-920361.943537085,-2257.08577277038)
(-758875.886178576,-918958.070073351,-7417.52321933815)
(-750696.644230802,-914334.685916752,-19550.6207152258)
(-728464.095672016,-901838.328966264,-45244.9260436233)
(-669218.208666463,-871973.30067901,-95299.4472163525)
(-505487.97198802,-806315.202758228,-201132.098460192)
(-234.837434908108,-657830.477877581,-34941.1760321416)
(-405481.926191861,-692077.036074616,-234275.304230883)
(-547966.588815671,-635021.064794029,-636888.647980468)
(-427847.983494818,-401067.684771004,-1092251.31302756)
(0,0,0)
(0,0,0)
(0,0,0)
(0,0,0)
(0,0,0)
(0,0,0)
(-533168.411688426,-1449399.27857757,-887.629348610546)
(-531779.160153667,-1448499.95384609,-2849.85034562787)
(-527672.89486547,-1445595.8959472,-7169.81191000644)
(-517173.268222588,-1438243.70340553,-15484.1062754148)
(-492058.122753833,-1422565.61709898,-29730.321148515)
(-436880.275675825,-1392677.96945685,-52718.9314123029)
(-344317.106945434,-1339849.86013436,-69180.8594125471)
(-412852.46448122,-1270658.43718231,-177191.065238794)
(-430534.082355899,-1093580.6075137,-402814.292440455)
(-313260.999402955,-690947.248741812,-691047.16437869)
(0,0,0)
(0,0,0)
(0,0,0)
(0,0,0)
(0,0,0)
(0,0,0)
(0,0,0)
(0,0,0)
(0,0,0)
(0,0,0)
(0,0,0)
(0,0,0)
(0,0,0)
(0,0,0)
(0,0,0)
(0,0,0)
(0,0,0)
(0,0,0)
(0,0,0)
(0,0,0)
(0,0,0)
(0,0,0)
(0,0,0)
(0,0,0)
(0,0,0)
(0,0,0)
(0,0,0)
(0,0,0)
(0,0,0)
(0,0,0)
(0,0,0)
(0,0,0)
(0,0,0)
(0,0,0)
(0,0,0)
(0,0,0)
(0,0,0)
(0,0,0)
(0,0,0)
(0,0,0)
(0,0,0)
(0,0,0)
(0,0,0)
(0,0,0)
(0,0,0)
(0,0,0)
(0,0,0)
(0,0,0)
(0,0,0)
(0,0,0)
(0,0,0)
(0,0,0)
(0,0,0)
(0,0,0)
(0,0,0)
(0,0,0)
(0,0,0)
(0,0,0)
(0,0,0)
(0,0,0)
(0,0,0)
(0,0,0)
(0,0,0)
(0,0,0)
(0,0,0)
(0,0,0)
(0,0,0)
(0,0,0)
(0,0,0)
(0,0,0)
(0,0,0)
(0,0,0)
(0,0,0)
(0,0,0)
(0,0,0)
(0,0,0)
(0,0,0)
(0,0,0)
(0,0,0)
(0,0,0)
(0,0,0)
(0,0,0)
(0,0,0)
(0,0,0)
(0,0,0)
(0,0,0)
(0,0,0)
(0,0,0)
(0,0,0)
(0,0,0)
(0,0,0)
(0,0,0)
(0,0,0)
(0,0,0)
(0,0,0)
(0,0,0)
(0,0,0)
(0,0,0)
(0,0,0)
(0,0,0)
(0,0,0)
(0,0,0)
(-459130.993093975,10724.221929798,7584.03582505705)
(-463401.470904312,9676.89781313412,12475.145620416)
(-471866.241293613,7353.76680018065,11168.6352887065)
(-483948.204952164,3344.67201345608,-1795.98731848125)
(-498508.244629102,-2885.89213017695,-34792.2392412408)
(-513356.865539458,-11014.9543331771,-100621.93787104)
(-524230.180844845,-16791.5215035274,-218521.120863287)
(-519229.299047786,-7078.81945659538,-415416.904149935)
(-457935.575314219,2521.36065795051,-676826.225860238)
(-287344.353673739,3388.273749916,-902618.786070044)
(0,0,0)
(0,0,0)
(0,0,0)
(0,0,0)
(0,0,0)
(0,0,0)
(-465647.924419627,18876.3908262074,6495.7707262982)
(-468876.544194839,16950.0349281128,10106.5391815016)
(-474792.230802095,12621.8277924678,7097.28439612528)
(-481731.288439052,4796.94572348823,-8060.69038355284)
(-486672.961029065,-8545.26530127137,-43000.2338495302)
(-485699.818644793,-29669.4091516221,-106534.085990762)
(-478325.262481155,-52809.8505739555,-208922.908949412)
(-475471.841121428,-11986.1551698468,-405905.622033563)
(-431004.105553396,16844.0376036774,-675973.658965536)
(-275607.124266106,12799.923452704,-905990.933410519)
(0,0,0)
(0,0,0)
(0,0,0)
(0,0,0)
(0,0,0)
(0,0,0)
(-479234.679209693,20706.9673804448,4489.04736882577)
(-480523.328573405,18341.3085383311,5643.92447327761)
(-481522.182266121,12992.8781004224,-925.985639117497)
(-477968.016838498,2938.61747769247,-21624.4485875512)
(-461176.703374658,-16022.5781297612,-64392.9254007566)
(-417440.120114701,-55382.5597923425,-129901.414452965)
(-342748.399477125,-148106.651027226,-168254.792939277)
(-346723.06082442,20388.3786583698,-377211.244426747)
(-362032.910846305,81042.3222199063,-680114.179926149)
(-248451.316134747,38266.1034320691,-918881.484450611)
(0,0,0)
(0,0,0)
(0,0,0)
(0,0,0)
(0,0,0)
(0,0,0)
(-500588.408920866,9855.88263434403,2054.19782978435)
(-499401.027837982,7743.62784943901,161.397908604054)
(-494043.326933514,3232.86616965907,-11151.7853780789)
(-476303.674348368,-4385.15139879763,-40881.0734976134)
(-426990.68393398,-15662.0207747881,-104119.969987675)
(-302055.566858521,-25942.7526273376,-222922.045671954)
(-3.66303912223219e-05,-4.74777761728949e-06,-5.55809280368786e-06)
(205.642052345929,282.814057081327,-316776.709472857)
(-221517.805344751,317299.339642195,-723069.666597813)
(-202371.958292102,81299.4344803252,-957320.485856528)
(0,0,0)
(0,0,0)
(0,0,0)
(0,0,0)
(0,0,0)
(0,0,0)
(-529126.758795464,-24165.8374801556,-61.791435925198)
(-525648.439816341,-25394.1030762532,-4398.4729182888)
(-514609.717303784,-27501.4573879031,-18917.8322233961)
(-485286.768439845,-29690.1940436672,-52461.9215714572)
(-415104.842742282,-30020.2383433725,-114810.156969345)
(-265043.4269537,-23284.7228092647,-197409.537527291)
(4.7187658051763e-06,-1.35040889602324e-06,-5.49736146231416e-06)
(-8.44294318779585e-05,-1.52894429286539e-06,-1.58801911287563e-05)
(214.192386316827,150.29260592285,-959233.513163859)
(-148773.451208811,11107.0239965953,-1038723.82999187)
(0,0,0)
(0,0,0)
(0,0,0)
(0,0,0)
(0,0,0)
(0,0,0)
(-560941.263387913,-96928.9529425397,-1253.1929972929)
(-555905.798041352,-97024.9641430813,-6528.69381657239)
(-541275.306048883,-96156.4177552678,-21248.4220411086)
(-505215.178971285,-91833.6447038822,-52979.2294755511)
(-424298.729193176,-79171.6934492545,-108337.92586145)
(-262661.166365806,-50323.4694066171,-174475.379222504)
(-6.36607549333544e-07,-4.37985149711006e-06,-1.60255494679663e-11)
(-5.94602296733919e-05,-6.79701609195328e-07,-1.2518467641225e-05)
(122.363818385545,48.7512926877771,-948392.453818889)
(-139299.341144426,-32578.0543071189,-1049936.87016414)
(0,0,0)
(0,0,0)
(0,0,0)
(0,0,0)
(0,0,0)
(0,0,0)
(-584995.917349361,-227764.69755411,-1279.05727712693)
(-579464.191759675,-226994.021104842,-5637.74211119306)
(-563886.889861096,-223833.260997831,-17015.3182760627)
(-526512.828765513,-214062.28743603,-40467.6951481026)
(-443627.854177628,-188080.317466785,-79640.499859133)
(-277037.208232113,-126051.68073666,-124370.456982451)
(-8.9514181810343e-06,-9.18669482233496e-06,-1.8928724264927e-11)
(-0.000103857685593964,-3.66528470439461e-06,-1.6808404649054e-05)
(65.1665499696827,-439511.213572249,-981074.935977531)
(-148080.188883113,-154179.849485823,-1017465.55526991)
(0,0,0)
(0,0,0)
(0,0,0)
(0,0,0)
(0,0,0)
(0,0,0)
(-577998.379617296,-431320.352432667,-449.062666883402)
(-573105.235927566,-430451.08119935,-2447.96191121835)
(-559470.41965888,-427244.725871821,-7264.42947901815)
(-527002.66832763,-417372.374495726,-14560.037778994)
(-453967.741597919,-388890.172124406,-17720.9638277831)
(-297879.018251888,-302737.915698838,1523.87954627187)
(-0.000131824296675518,-2.16478139302213e-05,-6.90717429754196e-06)
(16.7745538380852,-440393.133367809,-439516.969302493)
(-204805.914622018,-377658.681087345,-695697.548047897)
(-189222.541675626,-198783.104491014,-863298.013154969)
(0,0,0)
(0,0,0)
(0,0,0)
(0,0,0)
(0,0,0)
(0,0,0)
(-501072.655766847,-692191.40823601,408.637162469021)
(-497615.17181677,-692076.171821238,773.013422543361)
(-488199.239118551,-691572.224411439,2603.10684990865)
(-466290.481065606,-690808.738444119,13865.8561918906)
(-417567.206169035,-695003.026259247,68327.7078293022)
(-306132.041566295,-737817.988831944,304051.85054068)
(222.751553697801,-1001949.21136406,-440204.192210312)
(-209834.943148153,-699497.061389816,-376747.247232011)
(-267921.306653289,-517653.609611655,-516797.600870088)
(-192440.796274612,-286514.970817878,-664472.921763428)
(0,0,0)
(0,0,0)
(0,0,0)
(0,0,0)
(0,0,0)
(0,0,0)
(-309464.666451655,-916386.525786734,491.372313960638)
(-307721.229794562,-916895.709563295,1252.97969691031)
(-303131.922566483,-918150.693613235,3290.47659972194)
(-292965.448404914,-921301.126198865,9575.04453679585)
(-272212.064466172,-930689.319699683,25415.2796895817)
(-233154.581161137,-955942.294386149,39813.8907290962)
(-173089.473102739,-995633.620730342,-137729.333747316)
(-197346.927132043,-857862.962353955,-194868.970132357)
(-194407.954728545,-663080.794071379,-285567.913299978)
(-129816.651631916,-377691.042852009,-377836.189036894)
(0,0,0)
(0,0,0)
(0,0,0)
(0,0,0)
(0,0,0)
(0,0,0)
(0,0,0)
(0,0,0)
(0,0,0)
(0,0,0)
(0,0,0)
(0,0,0)
(0,0,0)
(0,0,0)
(0,0,0)
(0,0,0)
(0,0,0)
(0,0,0)
(0,0,0)
(0,0,0)
(0,0,0)
(0,0,0)
(0,0,0)
(0,0,0)
(0,0,0)
(0,0,0)
(0,0,0)
(0,0,0)
(0,0,0)
(0,0,0)
(0,0,0)
(0,0,0)
(0,0,0)
(0,0,0)
(0,0,0)
(0,0,0)
(0,0,0)
(0,0,0)
(0,0,0)
(0,0,0)
(0,0,0)
(0,0,0)
(0,0,0)
(0,0,0)
(0,0,0)
(0,0,0)
(0,0,0)
(0,0,0)
(0,0,0)
(0,0,0)
(0,0,0)
(0,0,0)
(0,0,0)
(0,0,0)
(0,0,0)
(0,0,0)
(0,0,0)
(0,0,0)
(0,0,0)
(0,0,0)
(0,0,0)
(0,0,0)
(0,0,0)
(0,0,0)
(0,0,0)
(0,0,0)
(0,0,0)
(0,0,0)
(0,0,0)
(0,0,0)
(0,0,0)
(0,0,0)
(0,0,0)
(0,0,0)
(0,0,0)
(0,0,0)
(0,0,0)
(0,0,0)
(0,0,0)
(0,0,0)
(0,0,0)
(0,0,0)
(0,0,0)
(0,0,0)
(0,0,0)
(0,0,0)
(0,0,0)
(0,0,0)
(0,0,0)
(0,0,0)
(0,0,0)
(0,0,0)
(0,0,0)
(0,0,0)
(0,0,0)
(0,0,0)
(0,0,0)
(0,0,0)
(0,0,0)
(0,0,0)
(0,0,0)
(0,0,0)
(-466474.324607751,4155.83151667806,3187.49999709449)
(-468247.59402279,4128.83391329076,3904.78920227909)
(-471222.992190811,4329.99801276174,-1068.45791328564)
(-473912.764581072,5438.35555683447,-16542.2538412091)
(-473994.798101882,8850.43396935852,-49906.1343377862)
(-468023.124843508,16603.8195906241,-111843.694624359)
(-451271.606613359,29088.1305373201,-213890.399393163)
(-415270.583574669,36660.2488860646,-354509.363752347)
(-335290.597311239,29420.6321981303,-506574.973953457)
(-193494.483725249,15111.4186600468,-615536.262562003)
(0,0,0)
(0,0,0)
(0,0,0)
(0,0,0)
(0,0,0)
(0,0,0)
(-469862.706015934,5232.51383783883,3138.09927514376)
(-470918.061336117,5241.21270559189,4067.23762412168)
(-472176.374401925,5790.89399341839,-9.51475670452765)
(-471520.799557776,8430.98931641495,-13212.6373975587)
(-465577.689220052,16835.6833757115,-42293.1586129276)
(-450377.913786062,38504.4826538836,-99515.7265349178)
(-425039.748930804,82740.4899150734,-206453.599463025)
(-400191.840814133,116760.234148812,-361833.585033078)
(-328318.592129437,85811.5853341028,-520910.051593017)
(-190705.112715326,39966.1641934836,-630666.808677235)
(0,0,0)
(0,0,0)
(0,0,0)
(0,0,0)
(0,0,0)
(0,0,0)
(-476503.76983655,-576.540251059305,3078.1447157537)
(-476232.799292718,-481.642645460387,4510.47078611517)
(-474186.154160202,489.854643301416,2475.48203031099)
(-466595.513372609,4586.65403530883,-5052.68615446901)
(-446626.322562315,18140.6212803817,-20908.0048714818)
(-404321.931239855,59971.1604234977,-55492.8715159389)
(-337616.235127325,194675.948342119,-172560.494292787)
(-377018.993129234,367359.785462407,-392864.113301569)
(-323868.157145744,221590.428022749,-566807.709690773)
(-188960.044322235,84363.458213022,-670696.275522831)
(0,0,0)
(0,0,0)
(0,0,0)
(0,0,0)
(0,0,0)
(0,0,0)
(-485657.998848345,-18596.7760588605,3089.82573528014)
(-483714.395411258,-18419.2487822743,5340.79944536568)
(-477389.825977582,-17247.6049218415,6424.75805457526)
(-460182.668237755,-13328.2393179359,8218.64529720745)
(-417441.905953615,-3778.91533497597,20589.4039322059)
(-311436.421349893,11019.0792154243,78922.3396316532)
(-2.69645352048375e-05,1.17270895396015e-05,-1.76082974256226e-05)
(-437005.600675719,123.501404659861,-538760.947163259)
(-373591.594893179,539035.693920573,-704132.423512662)
(-201864.852119775,134879.224615051,-755155.296086998)
(0,0,0)
(0,0,0)
(0,0,0)
(0,0,0)
(0,0,0)
(0,0,0)
(-495044.158475973,-55942.9132044674,3263.53682611323)
(-491627.150900943,-55627.0738167091,6450.0729451526)
(-481533.933140214,-54101.6683233428,10228.3521830834)
(-456282.124050824,-49594.412928035,17489.8814041583)
(-397179.509495743,-39231.156472401,35016.7892950444)
(-265450.333728143,-20957.8995893405,67400.6748742535)
(1.1946602945279e-05,1.17669293015606e-06,4.23846676506151e-06)
(-5.79891115172537e-05,5.93323249770196e-06,-2.83896441217318e-05)
(-680850.8966384,17.6187443765154,-1108378.13345594)
(-252674.248778623,20521.3736260673,-890119.484897152)
(0,0,0)
(0,0,0)
(0,0,0)
(0,0,0)
(0,0,0)
(0,0,0)
(-499466.996342056,-121043.781671871,3626.60142154609)
(-495233.477328593,-120622.800547516,7950.00743959589)
(-483284.262135208,-118792.353633648,14649.6488362281)
(-454659.525322617,-113192.602529374,27692.1847889004)
(-390281.785570152,-98575.8872482731,53019.9719417509)
(-253744.417093085,-64761.806573378,87907.1296530659)
(1.35423929544544e-06,1.27516582674779e-07,1.23678115393784e-12)
(-4.09629134776781e-05,1.06226630673989e-05,-2.31867455286293e-05)
(-644772.830770841,-4.2986228807473,-1087937.40523387)
(-254600.158796388,-41366.6937578764,-910748.520197971)
(0,0,0)
(0,0,0)
(0,0,0)
(0,0,0)
(0,0,0)
(0,0,0)
(-489210.239666693,-220946.669898507,4117.21054397103)
(-485040.476525855,-220755.227007058,9825.92176969261)
(-473596.061899284,-219504.989634888,20247.72980912)
(-447019.855889174,-214647.822695971,42209.9770993802)
(-388197.42095682,-198481.77955447,86685.4361847679)
(-260607.281553178,-146921.706009553,152415.408942005)
(-4.52536446004732e-06,-2.57002638556861e-06,-1.35372453267325e-12)
(-5.5770681366363e-05,-7.74199512591664e-06,-2.972234738801e-05)
(-706720.697018007,-644402.499334087,-1129331.20512546)
(-254009.843347266,-195302.59657692,-869465.647842266)
(0,0,0)
(0,0,0)
(0,0,0)
(0,0,0)
(0,0,0)
(0,0,0)
(-448774.775817446,-354562.40236604,4392.12866768504)
(-445478.771926748,-355137.789159229,11148.2268190374)
(-436818.241046855,-356138.144820282,25129.203392407)
(-418024.845739071,-356810.89461043,58314.4527183059)
(-379692.044856259,-352593.013301472,138149.989723645)
(-294823.818072102,-311057.326523341,299230.410057646)
(-7.69810540878391e-05,-3.97553259305305e-05,-1.40037863064063e-05)
(-519889.140949252,-650309.643653264,-644362.32954731)
(-372549.551323205,-440834.653234426,-680186.538945794)
(-188515.616703908,-202026.038626971,-674170.021867456)
(0,0,0)
(0,0,0)
(0,0,0)
(0,0,0)
(0,0,0)
(0,0,0)
(-358808.393445912,-500693.170638671,3866.50595169317)
(-356746.457936446,-502345.630144616,10205.6330567568)
(-351844.410354555,-506734.033416084,24446.6928885589)
(-343417.854670046,-517713.417235831,62476.5891183955)
(-337491.771095387,-549828.387979961,179636.528723238)
(-382900.112541056,-664961.430788484,610308.703963142)
(-791454.845492867,-1175393.3441777,-650297.086532242)
(-388464.161911804,-687134.810617009,-434842.700804839)
(-258007.952675181,-444258.352453168,-441332.355564216)
(-139780.589548646,-223952.003023642,-472066.597893507)
(0,0,0)
(0,0,0)
(0,0,0)
(0,0,0)
(0,0,0)
(0,0,0)
(-205378.164222666,-607005.533459168,2225.86059150815)
(-204414.660789467,-609266.669669087,5840.33111088664)
(-202292.780722632,-615145.24201901,13412.3978699613)
(-199053.495370865,-628476.14398187,30263.1715819564)
(-197590.078875697,-658602.243999623,64415.0420111381)
(-210645.233537337,-722889.191539619,99833.4551384741)
(-264029.585411621,-822622.026292536,-161997.750437809)
(-194001.163795293,-660570.606212314,-191907.718179258)
(-140931.830895316,-468698.053137173,-220944.141328479)
(-78840.1596228766,-247871.754021786,-248000.882339375)
(0,0,0)
(0,0,0)
(0,0,0)
(0,0,0)
(0,0,0)
(0,0,0)
(0,0,0)
(0,0,0)
(0,0,0)
(0,0,0)
(0,0,0)
(0,0,0)
(0,0,0)
(0,0,0)
(0,0,0)
(0,0,0)
(0,0,0)
(0,0,0)
(0,0,0)
(0,0,0)
(0,0,0)
(0,0,0)
(0,0,0)
(0,0,0)
(0,0,0)
(0,0,0)
(0,0,0)
(0,0,0)
(0,0,0)
(0,0,0)
(0,0,0)
(0,0,0)
(0,0,0)
(0,0,0)
(0,0,0)
(0,0,0)
(0,0,0)
(0,0,0)
(0,0,0)
(0,0,0)
(0,0,0)
(0,0,0)
(0,0,0)
(0,0,0)
(0,0,0)
(0,0,0)
(0,0,0)
(0,0,0)
(0,0,0)
(0,0,0)
(0,0,0)
(0,0,0)
(0,0,0)
(0,0,0)
(0,0,0)
(0,0,0)
(0,0,0)
(0,0,0)
(0,0,0)
(0,0,0)
(0,0,0)
(0,0,0)
(0,0,0)
(0,0,0)
(0,0,0)
(0,0,0)
(0,0,0)
(0,0,0)
(0,0,0)
(0,0,0)
(0,0,0)
(0,0,0)
(0,0,0)
(0,0,0)
(0,0,0)
(0,0,0)
(0,0,0)
(0,0,0)
(0,0,0)
(0,0,0)
(0,0,0)
(0,0,0)
(0,0,0)
(0,0,0)
(0,0,0)
(0,0,0)
(0,0,0)
(0,0,0)
(0,0,0)
(0,0,0)
(0,0,0)
(0,0,0)
(0,0,0)
(0,0,0)
(0,0,0)
(0,0,0)
(0,0,0)
(0,0,0)
(0,0,0)
(0,0,0)
(0,0,0)
(0,0,0)
(-468491.703597757,688.49434461064,1328.88464539844)
(-469133.901875174,1351.64516481973,863.547332963375)
(-469732.967850077,3268.31467724635,-3894.79168502088)
(-468800.484709756,7767.28130902196,-16774.3528653606)
(-463869.055930536,17232.5482089855,-44132.6432456909)
(-450997.564979587,34240.9113614415,-95399.1144710573)
(-423624.441318152,55279.7143266938,-178325.994092957)
(-370391.107330983,51698.2732684027,-274903.743605046)
(-281476.724973048,36352.2988722054,-365069.914815444)
(-154149.253462145,17882.7447755759,-422297.889854119)
(0,0,0)
(0,0,0)
(0,0,0)
(0,0,0)
(0,0,0)
(0,0,0)
(-469722.771974714,-1458.6924303984,2007.25273378886)
(-470179.610833134,-124.738459955816,2745.1858555846)
(-470421.338168551,3728.58605828235,529.878241174786)
(-469094.819668053,13307.2740741342,-7436.09441366169)
(-464192.487625809,35713.7074489397,-27302.4552478568)
(-453444.714405853,84487.6642047404,-74482.4074713647)
(-432361.371855677,170123.486568075,-182004.556787873)
(-380065.080054092,139901.822674967,-290334.866954477)
(-288931.632445876,90236.7346644042,-383606.262430236)
(-157875.331542162,41696.8731501349,-440250.171977958)
(0,0,0)
(0,0,0)
(0,0,0)
(0,0,0)
(0,0,0)
(0,0,0)
(-471595.781795097,-9643.45700887973,3276.77653702981)
(-471701.549265153,-7881.93021924277,6502.71826875237)
(-471263.660700128,-2662.89802011647,9971.7088870798)
(-469102.728728129,11032.6533769886,14753.5449397439)
(-464694.144345247,47320.7161506842,21214.3580209305)
(-462421.851010905,152809.801644228,10992.1403524907)
(-476480.697793774,532297.751006167,-212317.661419149)
(-416697.015003903,307338.123450423,-340075.940319931)
(-313363.845854861,171849.817302782,-432193.33424919)
(-168883.221616236,71451.5246399525,-482024.808445003)
(0,0,0)
(0,0,0)
(0,0,0)
(0,0,0)
(0,0,0)
(0,0,0)
(-472424.660617102,-27845.7024659901,4968.9072258689)
(-472081.187052757,-26173.437240826,11627.2058889546)
(-470696.985774831,-21291.4941482545,23562.9618143438)
(-467028.301201699,-9396.98092214618,50838.2290774186)
(-462185.949307458,16446.3554162942,126456.633165648)
(-479300.317303246,56873.6552989696,390256.675464259)
(-707089.147412981,-387.240140578542,-437386.646140638)
(-528468.383774379,437071.474241504,-475657.213833066)
(-376454.680979978,231714.398253433,-532658.708696911)
(-193535.845345059,84011.6034632579,-553547.794294937)
(0,0,0)
(0,0,0)
(0,0,0)
(0,0,0)
(0,0,0)
(0,0,0)
(-469201.248882632,-60326.1175583684,6637.50549903779)
(-468462.273528638,-59159.2972705897,16458.4881564948)
(-465952.765063225,-55773.7053252459,35359.5312564944)
(-458847.983300836,-47934.0585995088,76462.4681838691)
(-438518.072775303,-32354.9208398582,166602.307719581)
(-365319.781170323,-9319.39683791611,332664.807298644)
(-4.17951742869838e-05,2.27056041451283e-05,3.47113475576061e-05)
(-698342.474548393,-203.119243919473,-681049.290915418)
(-485773.808807546,35975.8739604277,-680387.854453259)
(-229930.103849001,18517.0356922938,-637637.431611916)
(0,0,0)
(0,0,0)
(0,0,0)
(0,0,0)
(0,0,0)
(0,0,0)
(-456783.881035957,-110847.461277345,7838.22841287957)
(-455951.686089644,-110436.576738755,19833.7166420957)
(-453272.113469797,-109111.531356396,43159.3940078346)
(-445757.631857738,-105583.509816688,91906.9517601333)
(-423516.303338474,-96560.4568593659,189347.005547963)
(-343497.088026358,-71662.3529183928,341442.632561709)
(-3.07782292342291e-05,3.44331296014277e-05,2.42666563172006e-05)
(-656236.628433997,-100.769811492597,-644825.178879013)
(-493749.572380054,-62009.2924005727,-697863.270908806)
(-236929.046407399,-40796.8995746957,-656220.448030806)
(0,0,0)
(0,0,0)
(0,0,0)
(0,0,0)
(0,0,0)
(0,0,0)
(-427670.410971234,-180661.033817272,8273.74384446902)
(-427115.886312504,-181297.145444978,21209.7223373389)
(-425416.489055318,-182810.183656912,46728.8017938915)
(-421014.754208544,-185734.078421475,100874.268718044)
(-407908.256415912,-190053.018273143,214077.665590911)
(-349866.620889943,-181165.492213215,412840.144222504)
(-4.2047724671525e-05,4.42892790375723e-05,3.25027266732998e-05)
(-722730.561265283,-519947.477939485,-706718.026387772)
(-488492.386778381,-310290.537114506,-676665.091913468)
(-226226.767292641,-129804.737222732,-615440.330320055)
(0,0,0)
(0,0,0)
(0,0,0)
(0,0,0)
(0,0,0)
(0,0,0)
(-372377.271586203,-264752.139548822,7693.60150030265)
(-372305.251162085,-266561.455936139,19784.3912268027)
(-372369.962549235,-271308.904189515,43834.8332617808)
(-374104.625658243,-282331.730837244,96512.2655967212)
(-385605.253343797,-310485.385745872,222857.841556992)
(-447834.309047375,-399163.75579025,593866.596109305)
(-808517.837910489,-791384.375420967,-519887.587492278)
(-543822.323045222,-518897.519600555,-497004.363735228)
(-357386.464717043,-326325.079771156,-496132.907684734)
(-175548.950155845,-153306.601667543,-485597.709787996)
(0,0,0)
(0,0,0)
(0,0,0)
(0,0,0)
(0,0,0)
(0,0,0)
(-282086.96682464,-347410.46556213,5936.89939203594)
(-282332.093088065,-350177.616604968,15138.6952124857)
(-283439.250836326,-357388.381127239,32813.0126319852)
(-287706.234381906,-373542.906736572,68312.5682431758)
(-303745.567722355,-410059.515517646,134140.494641917)
(-356786.876594445,-492786.244851905,201649.74775696)
(-485790.59626509,-648039.817290511,-247359.059601273)
(-357588.329553969,-492758.391866965,-304374.019692706)
(-238403.010636545,-327246.984048785,-323057.057453711)
(-120886.98058019,-163040.758789435,-332216.509300271)
(0,0,0)
(0,0,0)
(0,0,0)
(0,0,0)
(0,0,0)
(0,0,0)
(-154231.050348404,-401740.743328567,3183.16389217702)
(-154450.928537296,-404950.532203657,7992.34723869439)
(-155309.221421867,-413013.541101205,16633.9479118932)
(-158012.902171875,-429622.643450356,31673.0914266897)
(-166127.976267692,-461160.367096994,51311.8403980346)
(-186167.537879746,-512348.549476588,46396.4493651259)
(-215009.27421284,-558663.311741639,-92000.367382535)
(-173305.334219047,-466633.259135063,-138821.329690683)
(-120411.114197002,-327787.824941406,-158801.205496375)
(-62530.7012642036,-169035.128976324,-169116.293668162)
(0,0,0)
(0,0,0)
(0,0,0)
(0,0,0)
(0,0,0)
(0,0,0)
(0,0,0)
(0,0,0)
(0,0,0)
(0,0,0)
(0,0,0)
(0,0,0)
(0,0,0)
(0,0,0)
(0,0,0)
(0,0,0)
(0,0,0)
(0,0,0)
(0,0,0)
(0,0,0)
(0,0,0)
(0,0,0)
(0,0,0)
(0,0,0)
(0,0,0)
(0,0,0)
(0,0,0)
(0,0,0)
(0,0,0)
(0,0,0)
(0,0,0)
(0,0,0)
(0,0,0)
(0,0,0)
(0,0,0)
(0,0,0)
(0,0,0)
(0,0,0)
(0,0,0)
(0,0,0)
(0,0,0)
(0,0,0)
(0,0,0)
(0,0,0)
(0,0,0)
(0,0,0)
(0,0,0)
(0,0,0)
(0,0,0)
(0,0,0)
(0,0,0)
(0,0,0)
(0,0,0)
(0,0,0)
(0,0,0)
(0,0,0)
(0,0,0)
(0,0,0)
(0,0,0)
(0,0,0)
(0,0,0)
(0,0,0)
(0,0,0)
(0,0,0)
(0,0,0)
(0,0,0)
(0,0,0)
(0,0,0)
(0,0,0)
(0,0,0)
(0,0,0)
(0,0,0)
(0,0,0)
(0,0,0)
(0,0,0)
(0,0,0)
(0,0,0)
(0,0,0)
(0,0,0)
(0,0,0)
(0,0,0)
(0,0,0)
(0,0,0)
(0,0,0)
(0,0,0)
(0,0,0)
(0,0,0)
(0,0,0)
(0,0,0)
(0,0,0)
(0,0,0)
(0,0,0)
(0,0,0)
(0,0,0)
(0,0,0)
(0,0,0)
(0,0,0)
(0,0,0)
(0,0,0)
(0,0,0)
(0,0,0)
(0,0,0)
(-468545.683506453,-585.134008371076,639.113917063626)
(-468914.352683939,248.320721852222,171.244003977523)
(-468965.347672068,2503.0785229238,-3099.45469694955)
(-467314.522996943,7431.476642908,-12016.8930526732)
(-461274.051650806,16871.2751269452,-31483.1724593518)
(-445949.279642368,31779.2127902883,-68310.6705868565)
(-413008.163052993,46535.1685210194,-125462.117373034)
(-351559.254006875,42042.9916037954,-186336.962300933)
(-258649.449202602,28910.8224436386,-238075.060515023)
(-137839.206521634,14153.8068158893,-268538.91427142)
(0,0,0)
(0,0,0)
(0,0,0)
(0,0,0)
(0,0,0)
(0,0,0)
(-468537.095025027,-3287.55682194589,1516.74586388939)
(-469229.185517419,-1631.27083249646,2445.91210251877)
(-470129.585143188,2875.91139370509,1781.32620637312)
(-470435.121821946,13261.9499754079,-2708.84497223169)
(-468420.860720955,35160.7851336868,-16769.9818838271)
(-460231.010842153,75451.2845378279,-53655.7571950676)
(-435428.383560226,125954.918256537,-130008.495226035)
(-371703.500129715,103205.73400564,-199532.817552257)
(-272395.427054062,65743.7560347851,-252901.95653522)
(-144500.48836599,30638.4933275222,-282761.486223029)
(0,0,0)
(0,0,0)
(0,0,0)
(0,0,0)
(0,0,0)
(0,0,0)
(-467631.68343341,-10386.8331762657,3135.17799263007)
(-468887.136731651,-8213.8441982938,6903.3388249252)
(-471461.139965134,-2073.77329497911,12050.5027786151)
(-475904.112298489,13115.6422194275,18998.1941049548)
(-483667.408359965,49829.3474177764,23302.8958355827)
(-496236.714843048,135848.959614044,-3279.91540848962)
(-502523.056033802,301543.312745155,-152825.951657077)
(-424622.266023923,195386.164613672,-237081.131245096)
(-305293.814996955,108646.053185284,-288053.459253495)
(-159563.285962903,46746.7197738858,-313481.621353191)
(0,0,0)
(0,0,0)
(0,0,0)
(0,0,0)
(0,0,0)
(0,0,0)
(-463648.707658076,-24422.2330665892,5259.44693129887)
(-465628.017816671,-22377.8700092872,12970.3035062062)
(-470482.625842706,-16461.5219693592,27143.6922484595)
(-481124.226425336,-1208.39354091668,55563.6532324447)
(-506065.166875358,40082.0363644201,109190.181853703)
(-567247.127363332,170701.667201546,162284.284326287)
(-690701.260375608,706498.875764573,-259059.165730497)
(-535206.452264826,266980.496063719,-323915.428690092)
(-363958.025501115,122242.265065248,-350008.296048919)
(-184057.377905511,47544.7273081513,-360284.771022735)
(0,0,0)
(0,0,0)
(0,0,0)
(0,0,0)
(0,0,0)
(0,0,0)
(-453220.577355999,-47741.7241285686,7338.81953534706)
(-455892.024161231,-46487.2144643019,18877.9146229547)
(-462892.509995705,-42972.9763843531,42329.1139704317)
(-479646.831051379,-34774.5719685042,96694.1401485603)
(-524063.233003308,-17350.8291448709,239672.16588586)
(-665176.415041045,12312.7248854711,697917.742072663)
(-1227509.12753562,-797.993624336375,-698651.116890588)
(-702903.444290324,41565.8833333322,-468675.534418267)
(-435280.775381913,27798.1615951866,-424724.464373838)
(-210641.794712677,11423.0518865361,-407891.098088552)
(0,0,0)
(0,0,0)
(0,0,0)
(0,0,0)
(0,0,0)
(0,0,0)
(-431519.240807718,-81677.4650464186,8671.10068961455)
(-434690.630066626,-81536.0407122317,22458.8709145279)
(-443103.431765872,-81212.1206922956,50529.3335185449)
(-463186.276785779,-80827.3021364989,114010.708614579)
(-515024.299075042,-80990.7867423931,269158.661948665)
(-668515.170297313,-78111.3093290953,684600.778434191)
(-1201060.96260776,-156.062343297818,-656294.382216524)
(-721773.097305233,-66759.9066167402,-482432.123395213)
(-450397.678771017,-56862.7698259088,-441123.085583149)
(-217118.018529028,-30155.5293482051,-419355.532226775)
(0,0,0)
(0,0,0)
(0,0,0)
(0,0,0)
(0,0,0)
(0,0,0)
(-392707.191018991,-125512.011979571,8871.32698090848)
(-396045.424947702,-126615.019848932,22879.8447528081)
(-404873.865233291,-129852.028142112,50977.1283805994)
(-425780.428367093,-138899.68140983,113815.181812483)
(-479165.481768707,-167854.101805434,271935.722228318)
(-639272.136957991,-279240.901944652,762470.830911928)
(-1248695.6858063,-808671.806450824,-722839.060431364)
(-698640.687651944,-341169.055208572,-472519.78545288)
(-424171.348358743,-179279.801587028,-414423.792111395)
(-202438.243885782,-79176.2610432025,-389191.583823257)
(0,0,0)
(0,0,0)
(0,0,0)
(0,0,0)
(0,0,0)
(0,0,0)
(-330998.911884795,-174695.07355002,7804.70186904148)
(-334041.971322143,-176790.916595564,19717.3187757301)
(-341960.831412588,-182503.982767566,41960.1422645397)
(-359836.462494615,-196046.266945182,84838.5646362628)
(-400336.85833917,-228757.299480471,160473.367306671)
(-491373.676432921,-308226.210204775,232998.042952342)
(-660185.810610362,-468725.140839056,-255280.649959556)
(-496969.537374368,-332714.193742347,-310588.297096637)
(-325595.540275197,-207370.09848324,-314288.924642275)
(-160373.665580638,-98666.2770118047,-309974.193248871)
(0,0,0)
(0,0,0)
(0,0,0)
(0,0,0)
(0,0,0)
(0,0,0)
(-242709.238384599,-219775.302623182,5702.50063312267)
(-245008.265347839,-222485.981457186,14073.7377545187)
(-250899.716983464,-229417.510182275,28447.7313163643)
(-263432.55029139,-243982.112788538,52109.8930692035)
(-288801.984656527,-272548.476649408,80957.4871723116)
(-334295.345751872,-322259.332977819,72499.0791027824)
(-385464.175009955,-377317.138258179,-119235.34473323)
(-315836.461783836,-308506.006959651,-185195.399286057)
(-216153.338836411,-209284.206320767,-205530.963248659)
(-109116.259829043,-104691.553095981,-211276.407915631)
(0,0,0)
(0,0,0)
(0,0,0)
(0,0,0)
(0,0,0)
(0,0,0)
(-129318.520686312,-247643.426782101,2955.59449682762)
(-130548.650077896,-250597.088983037,7164.42356327808)
(-133620.806115725,-257819.438515462,13877.9365903246)
(-139826.899661398,-271735.94784339,23445.7691346973)
(-151277.421911118,-295120.486308008,31167.2244367211)
(-168471.103280963,-326245.273648915,17456.7305090318)
(-180833.700891819,-343664.890265288,-50371.090804881)
(-152949.48927108,-293286.457474425,-85946.4852380738)
(-107415.12547366,-207334.125789815,-100892.554492368)
(-55092.6791098166,-106473.323066758,-106548.806675977)
(0,0,0)
(0,0,0)
(0,0,0)
(0,0,0)
(0,0,0)
(0,0,0)
(0,0,0)
(0,0,0)
(0,0,0)
(0,0,0)
(0,0,0)
(0,0,0)
(0,0,0)
(0,0,0)
(0,0,0)
(0,0,0)
(0,0,0)
(0,0,0)
(0,0,0)
(0,0,0)
(0,0,0)
(0,0,0)
(0,0,0)
(0,0,0)
(0,0,0)
(0,0,0)
(0,0,0)
(0,0,0)
(0,0,0)
(0,0,0)
(0,0,0)
(0,0,0)
(0,0,0)
(0,0,0)
(0,0,0)
(0,0,0)
(0,0,0)
(0,0,0)
(0,0,0)
(0,0,0)
(0,0,0)
(0,0,0)
(0,0,0)
(0,0,0)
(0,0,0)
(0,0,0)
(0,0,0)
(0,0,0)
(0,0,0)
(0,0,0)
(0,0,0)
(0,0,0)
(0,0,0)
(0,0,0)
(0,0,0)
(0,0,0)
(0,0,0)
(0,0,0)
(0,0,0)
(0,0,0)
(0,0,0)
(0,0,0)
(0,0,0)
(0,0,0)
(0,0,0)
(0,0,0)
(0,0,0)
(0,0,0)
(0,0,0)
(0,0,0)
(0,0,0)
(0,0,0)
(0,0,0)
(0,0,0)
(0,0,0)
(0,0,0)
(0,0,0)
(0,0,0)
(0,0,0)
(0,0,0)
(0,0,0)
(0,0,0)
(0,0,0)
(0,0,0)
(0,0,0)
(0,0,0)
(0,0,0)
(0,0,0)
(0,0,0)
(0,0,0)
(0,0,0)
(0,0,0)
(0,0,0)
(0,0,0)
(0,0,0)
(0,0,0)
(0,0,0)
(0,0,0)
(0,0,0)
(0,0,0)
(0,0,0)
(0,0,0)
(-468316.035380011,-580.045825936651,350.397699494523)
(-468672.800377896,-25.5987269217253,134.444120374843)
(-468711.568666852,1407.62597495665,-1526.96085979781)
(-467081.516321541,4396.73928467815,-6156.70681987801)
(-460789.131354793,9767.95307608317,-16409.580191971)
(-444213.550353088,17498.1504325703,-35643.4599138206)
(-408421.299240488,24096.1921303602,-64326.515856688)
(-343980.675665068,21889.6224464277,-93794.7166449216)
(-249910.277420243,15154.4040990216,-117688.292526302)
(-131776.235152374,7461.6938790273,-131212.957774591)
(0,0,0)
(0,0,0)
(0,0,0)
(0,0,0)
(0,0,0)
(0,0,0)
(-467721.379286819,-2291.64044333211,895.878879185275)
(-468699.043851834,-1207.45059214519,1547.58907882393)
(-470226.311850131,1634.84090279442,1417.10085793214)
(-471592.641468,7836.88991301169,-865.530124349276)
(-470648.973367949,19909.1770930947,-8778.64149436551)
(-461809.498370688,39378.3731154798,-29080.3766487384)
(-432639.478291853,58774.1110551909,-66547.2008419425)
(-365960.42615965,50169.1905733529,-100569.84293893)
(-265111.690515547,32725.2035989245,-125424.378977344)
(-139232.51821643,15487.1274471531,-138717.782695027)
(0,0,0)
(0,0,0)
(0,0,0)
(0,0,0)
(0,0,0)
(0,0,0)
(-465582.333530507,-6277.35287698487,1936.36253075123)
(-467617.720443603,-4876.81012159516,4336.30577215528)
(-472002.168129918,-1030.12924849529,7542.30408822953)
(-479547.082753796,7919.56702841628,11102.5974281337)
(-490646.547275529,27401.1863360656,10589.7271007307)
(-501251.436460675,64727.8568270858,-9745.03499324726)
(-491476.600602533,113172.893060835,-75190.2724301597)
(-416124.794321168,84571.2652267229,-118089.818786284)
(-297756.604434943,49806.9045236171,-142708.730272993)
(-154667.695752793,22155.0812183642,-154272.274254313)
(0,0,0)
(0,0,0)
(0,0,0)
(0,0,0)
(0,0,0)
(0,0,0)
(-459430.911870385,-13798.3685106322,3303.21984595592)
(-462821.672589825,-12502.0161341622,8122.08063167512)
(-471035.330505213,-8800.09669012975,16444.7527358186)
(-487539.390620273,258.126268080966,30521.3576910901)
(-518040.11549409,22010.6472292427,47886.8454166474)
(-565906.209833363,72611.4051004193,38662.3796133442)
(-604503.312683126,169438.570795911,-103801.245814216)
(-500538.665047382,99017.7852615878,-152915.553066524)
(-347400.212028216,50739.4607212588,-170405.922737068)
(-176723.862482464,20884.6608717233,-176469.017813472)
(0,0,0)
(0,0,0)
(0,0,0)
(0,0,0)
(0,0,0)
(0,0,0)
(-445783.670865259,-25884.4925844036,4649.2175830308)
(-450444.450844966,-25137.4942285127,11837.1223611151)
(-462316.075269083,-23034.7004972708,25495.2914416349)
(-487843.558959008,-18235.8619860139,52186.0076033583)
(-539984.698892915,-8322.50118826209,98440.621910469)
(-638371.748607746,8813.23673920369,135434.123838384)
(-773697.614705264,25304.4440186679,-174243.262214739)
(-599333.421178951,22415.177858696,-201210.677923212)
(-397983.299204358,12508.4816244054,-200277.175003919)
(-197525.726422303,4882.48720254818,-197391.069625114)
(0,0,0)
(0,0,0)
(0,0,0)
(0,0,0)
(0,0,0)
(0,0,0)
(-420027.685258457,-42853.357041037,5477.30890736844)
(-425498.266291853,-42863.5595918508,14011.0104959331)
(-439525.455466828,-42929.6442738864,30327.9779735038)
(-469754.351121003,-43387.7176532117,62047.9079759241)
(-531651.612864919,-45161.7488218054,115514.469399346)
(-647048.91279358,-48999.7507140373,151861.199348851)
(-798771.039506054,-47990.5110018092,-177133.768732366)
(-621560.037497165,-43806.8552582366,-211124.795423498)
(-410347.030534656,-30748.2975038489,-207918.664531609)
(-202328.917712747,-15523.8369288585,-202301.441216487)
(0,0,0)
(0,0,0)
(0,0,0)
(0,0,0)
(0,0,0)
(0,0,0)
(-377136.745567642,-63958.6590292559,5534.85653686962)
(-382658.192949716,-64743.2455493543,14027.3104963888)
(-396685.959740265,-67023.4833034956,29933.2440329692)
(-426459.040367161,-73049.3385469002,60273.4769267271)
(-486517.253255417,-89178.2716480201,111641.771239651)
(-597954.727420742,-131515.557151232,152840.168139593)
(-750617.914475241,-220321.938207953,-172906.1759853)
(-577630.044768005,-139649.696370372,-198073.977757109)
(-379477.456025317,-80809.8289070833,-192706.338687297)
(-186742.047560234,-37158.2479153796,-186768.124026324)
(0,0,0)
(0,0,0)
(0,0,0)
(0,0,0)
(0,0,0)
(0,0,0)
(-313042.228109986,-86688.872966709,4773.53016264419)
(-317786.195658323,-88018.345815989,11792.8547654594)
(-329551.157251626,-91599.7705026721,23959.4678036741)
(-353320.249876369,-99773.2978839806,44167.2145225095)
(-397240.085679167,-117386.202828214,69278.3730427032)
(-466312.262631424,-151315.146505491,64016.5485954621)
(-530165.461630238,-194138.829345459,-92186.9092471518)
(-437869.790655386,-151704.028805463,-139232.323531037)
(-298591.232093353,-97990.7535542821,-149055.707065685)
(-149578.273218505,-47425.6513430343,-149583.696000163)
(0,0,0)
(0,0,0)
(0,0,0)
(0,0,0)
(0,0,0)
(0,0,0)
(-226106.129104906,-106708.495857668,3416.51361126542)
(-229490.184186246,-108339.275622561,8219.3622562454)
(-237701.504206989,-112398.48616244,15819.8651395384)
(-253376.60744587,-120576.98506612,26567.6094761576)
(-279740.813928154,-135195.805728519,35316.0416480884)
(-314876.175168534,-156596.538499236,21178.2630584947)
(-335901.56204423,-172791.445674538,-49731.733578153)
(-286071.880569588,-145672.605622367,-85527.737975499)
(-200575.956357176,-100592.943947351,-98502.9300616692)
(-102171.750434235,-50683.1556358221,-102189.93516369)
(0,0,0)
(0,0,0)
(0,0,0)
(0,0,0)
(0,0,0)
(0,0,0)
(-119088.87959528,-118689.527220045,1751.39027134499)
(-120845.390237751,-120425.221209195,4134.07601783468)
(-124966.006185045,-124544.413105018,7625.2030297311)
(-132515.103807546,-132172.833174294,11909.2552840535)
(-144363.911079813,-144083.652373273,13883.5910975016)
(-158171.36423675,-157996.763509515,4984.07706356872)
(-163061.084968764,-162981.642588027,-22598.3419459965)
(-140393.458864185,-140375.903462137,-40451.0745131225)
(-99958.4847031573,-99928.0294404793,-48572.6297904955)
(-51459.2687646664,-51399.0084748014,-51490.1872966669)
(0,0,0)
(0,0,0)
(0,0,0)
(0,0,0)
(0,0,0)
(0,0,0)
(0,0,0)
(0,0,0)
(0,0,0)
(0,0,0)
(0,0,0)
(0,0,0)
(0,0,0)
(0,0,0)
(0,0,0)
(0,0,0)
(0,0,0)
(0,0,0)
(0,0,0)
(0,0,0)
(0,0,0)
(0,0,0)
(0,0,0)
(0,0,0)
(0,0,0)
(0,0,0)
(0,0,0)
(0,0,0)
(0,0,0)
(0,0,0)
(0,0,0)
(0,0,0)
(0,0,0)
(0,0,0)
(0,0,0)
(0,0,0)
(0,0,0)
(0,0,0)
(0,0,0)
(0,0,0)
(0,0,0)
(0,0,0)
(0,0,0)
(0,0,0)
(0,0,0)
(0,0,0)
(0,0,0)
(0,0,0)
(0,0,0)
(0,0,0)
(0,0,0)
(0,0,0)
(0,0,0)
(0,0,0)
(0,0,0)
(0,0,0)
(0,0,0)
(0,0,0)
(0,0,0)
(0,0,0)
(0,0,0)
(0,0,0)
(0,0,0)
(0,0,0)
(0,0,0)
(0,0,0)
(0,0,0)
(0,0,0)
(0,0,0)
(0,0,0)
(0,0,0)
(0,0,0)
(0,0,0)
(0,0,0)
(0,0,0)
(0,0,0)
(0,0,0)
(0,0,0)
(0,0,0)
(0,0,0)
(0,0,0)
(0,0,0)
(0,0,0)
(0,0,0)
(0,0,0)
(0,0,0)
(0,0,0)
(0,0,0)
(0,0,0)
(0,0,0)
(0,0,0)
(0,0,0)
(0,0,0)
(0,0,0)
(0,0,0)
(0,0,0)
(0,0,0)
(0,0,0)
(0,0,0)
(0,0,0)
(0,0,0)
(0,0,0)
(0,0,0)
(0,0,0)
(0,0,0)
(0,0,0)
(0,0,0)
(0,0,0)
(0,0,0)
(0,0,0)
(0,0,0)
(0,0,0)
(0,0,0)
(0,0,0)
(0,0,0)
(0,0,0)
(0,0,0)
(0,0,0)
(0,0,0)
(0,0,0)
(0,0,0)
(0,0,0)
(0,0,0)
(0,0,0)
(0,0,0)
(0,0,0)
(0,0,0)
(0,0,0)
(0,0,0)
(0,0,0)
(0,0,0)
(0,0,0)
(0,0,0)
(0,0,0)
(0,0,0)
(0,0,0)
(0,0,0)
(0,0,0)
(0,0,0)
(0,0,0)
(0,0,0)
(0,0,0)
(0,0,0)
(0,0,0)
(0,0,0)
(0,0,0)
(0,0,0)
(0,0,0)
(0,0,0)
(0,0,0)
(0,0,0)
(0,0,0)
(0,0,0)
(0,0,0)
(0,0,0)
(0,0,0)
(0,0,0)
(0,0,0)
(0,0,0)
(0,0,0)
(0,0,0)
(0,0,0)
(0,0,0)
(0,0,0)
(0,0,0)
(0,0,0)
(0,0,0)
(0,0,0)
(0,0,0)
(0,0,0)
(0,0,0)
(0,0,0)
(0,0,0)
(0,0,0)
(0,0,0)
(0,0,0)
(0,0,0)
(0,0,0)
(0,0,0)
(0,0,0)
(0,0,0)
(0,0,0)
(0,0,0)
(0,0,0)
(0,0,0)
(0,0,0)
(0,0,0)
(0,0,0)
(0,0,0)
(0,0,0)
(0,0,0)
(0,0,0)
(0,0,0)
(0,0,0)
(0,0,0)
(0,0,0)
(0,0,0)
(0,0,0)
(0,0,0)
(0,0,0)
(0,0,0)
(0,0,0)
(0,0,0)
(0,0,0)
(0,0,0)
(0,0,0)
(0,0,0)
(0,0,0)
(0,0,0)
(0,0,0)
(0,0,0)
(0,0,0)
(0,0,0)
(0,0,0)
(0,0,0)
(0,0,0)
(0,0,0)
(0,0,0)
(0,0,0)
(0,0,0)
(0,0,0)
(0,0,0)
(0,0,0)
(0,0,0)
(0,0,0)
(0,0,0)
(0,0,0)
(0,0,0)
(0,0,0)
(0,0,0)
(0,0,0)
(0,0,0)
(0,0,0)
(0,0,0)
(0,0,0)
(0,0,0)
(0,0,0)
(0,0,0)
(0,0,0)
(0,0,0)
(0,0,0)
(0,0,0)
(0,0,0)
(0,0,0)
(0,0,0)
(0,0,0)
(0,0,0)
(0,0,0)
(0,0,0)
(0,0,0)
(0,0,0)
(0,0,0)
(0,0,0)
(0,0,0)
(0,0,0)
(0,0,0)
(0,0,0)
(0,0,0)
(0,0,0)
(0,0,0)
(0,0,0)
(0,0,0)
(0,0,0)
(0,0,0)
(0,0,0)
(0,0,0)
(0,0,0)
(0,0,0)
(0,0,0)
(0,0,0)
(0,0,0)
(0,0,0)
(0,0,0)
(0,0,0)
(0,0,0)
(0,0,0)
(0,0,0)
(0,0,0)
(0,0,0)
(0,0,0)
(0,0,0)
(0,0,0)
(0,0,0)
(0,0,0)
(0,0,0)
(0,0,0)
(0,0,0)
(0,0,0)
(0,0,0)
(0,0,0)
(0,0,0)
(0,0,0)
(0,0,0)
(0,0,0)
(0,0,0)
(0,0,0)
(0,0,0)
(0,0,0)
(0,0,0)
(0,0,0)
(0,0,0)
(0,0,0)
(0,0,0)
(0,0,0)
(0,0,0)
(0,0,0)
(0,0,0)
(0,0,0)
(0,0,0)
(0,0,0)
(0,0,0)
(0,0,0)
(0,0,0)
(0,0,0)
(0,0,0)
(0,0,0)
(0,0,0)
(0,0,0)
(0,0,0)
(0,0,0)
(0,0,0)
(0,0,0)
(0,0,0)
(0,0,0)
(0,0,0)
(0,0,0)
(0,0,0)
(0,0,0)
(0,0,0)
(0,0,0)
(0,0,0)
(0,0,0)
(0,0,0)
(0,0,0)
(0,0,0)
(0,0,0)
(0,0,0)
(0,0,0)
(0,0,0)
(0,0,0)
(0,0,0)
(0,0,0)
(0,0,0)
(0,0,0)
(0,0,0)
(0,0,0)
(0,0,0)
(0,0,0)
(0,0,0)
(0,0,0)
(0,0,0)
(0,0,0)
(0,0,0)
(0,0,0)
(0,0,0)
(0,0,0)
(0,0,0)
(0,0,0)
(0,0,0)
(0,0,0)
(0,0,0)
(0,0,0)
(0,0,0)
(0,0,0)
(0,0,0)
(0,0,0)
(0,0,0)
(0,0,0)
(0,0,0)
(0,0,0)
(0,0,0)
(0,0,0)
(0,0,0)
(0,0,0)
(0,0,0)
(0,0,0)
(0,0,0)
(0,0,0)
(0,0,0)
(0,0,0)
(0,0,0)
(0,0,0)
(0,0,0)
(0,0,0)
(0,0,0)
(0,0,0)
(0,0,0)
(0,0,0)
(0,0,0)
(0,0,0)
(0,0,0)
(0,0,0)
(0,0,0)
(0,0,0)
(0,0,0)
(0,0,0)
(0,0,0)
(0,0,0)
(0,0,0)
(0,0,0)
(0,0,0)
(0,0,0)
(0,0,0)
(0,0,0)
(0,0,0)
(0,0,0)
(0,0,0)
(0,0,0)
(0,0,0)
(0,0,0)
(0,0,0)
(0,0,0)
(0,0,0)
(0,0,0)
(0,0,0)
(0,0,0)
(0,0,0)
(0,0,0)
(0,0,0)
(0,0,0)
(0,0,0)
(0,0,0)
(0,0,0)
(0,0,0)
(0,0,0)
(0,0,0)
(0,0,0)
(0,0,0)
(0,0,0)
(0,0,0)
(0,0,0)
(0,0,0)
(0,0,0)
(0,0,0)
(0,0,0)
(0,0,0)
(0,0,0)
(0,0,0)
(0,0,0)
(0,0,0)
(0,0,0)
(0,0,0)
(0,0,0)
(0,0,0)
(0,0,0)
(0,0,0)
(0,0,0)
(0,0,0)
(0,0,0)
(0,0,0)
(0,0,0)
(0,0,0)
(0,0,0)
(0,0,0)
(0,0,0)
(0,0,0)
(0,0,0)
(0,0,0)
(0,0,0)
(0,0,0)
(0,0,0)
(0,0,0)
(0,0,0)
(0,0,0)
(0,0,0)
(0,0,0)
(0,0,0)
(0,0,0)
(0,0,0)
(0,0,0)
(0,0,0)
(0,0,0)
(0,0,0)
(0,0,0)
(0,0,0)
(0,0,0)
(0,0,0)
(0,0,0)
(0,0,0)
(0,0,0)
(0,0,0)
(0,0,0)
(0,0,0)
(0,0,0)
(0,0,0)
(0,0,0)
(0,0,0)
(0,0,0)
(0,0,0)
(0,0,0)
(0,0,0)
(0,0,0)
(0,0,0)
(0,0,0)
(0,0,0)
(0,0,0)
(0,0,0)
(0,0,0)
(0,0,0)
(0,0,0)
(0,0,0)
(0,0,0)
(0,0,0)
(0,0,0)
(0,0,0)
(0,0,0)
(0,0,0)
(0,0,0)
(0,0,0)
(0,0,0)
(0,0,0)
(0,0,0)
(0,0,0)
(0,0,0)
(0,0,0)
(0,0,0)
(0,0,0)
(0,0,0)
(0,0,0)
(0,0,0)
(0,0,0)
(0,0,0)
(0,0,0)
(0,0,0)
(0,0,0)
(0,0,0)
(0,0,0)
(0,0,0)
(0,0,0)
(0,0,0)
(0,0,0)
(0,0,0)
(0,0,0)
(0,0,0)
(0,0,0)
(0,0,0)
(0,0,0)
(0,0,0)
(0,0,0)
(0,0,0)
(0,0,0)
(0,0,0)
(0,0,0)
(0,0,0)
(0,0,0)
(0,0,0)
(0,0,0)
(0,0,0)
(0,0,0)
(0,0,0)
(0,0,0)
(0,0,0)
(0,0,0)
(0,0,0)
(0,0,0)
(0,0,0)
(0,0,0)
(0,0,0)
(0,0,0)
(0,0,0)
(0,0,0)
(0,0,0)
(0,0,0)
(0,0,0)
(0,0,0)
(0,0,0)
(0,0,0)
(0,0,0)
(0,0,0)
(0,0,0)
(0,0,0)
(0,0,0)
(0,0,0)
(0,0,0)
(0,0,0)
(0,0,0)
(0,0,0)
(0,0,0)
(0,0,0)
(0,0,0)
(0,0,0)
(0,0,0)
(0,0,0)
(0,0,0)
(0,0,0)
(0,0,0)
(0,0,0)
(0,0,0)
(0,0,0)
(0,0,0)
(0,0,0)
(0,0,0)
(0,0,0)
(0,0,0)
(0,0,0)
(0,0,0)
(0,0,0)
(0,0,0)
(0,0,0)
(0,0,0)
(0,0,0)
(0,0,0)
(0,0,0)
(0,0,0)
(0,0,0)
(0,0,0)
(0,0,0)
(0,0,0)
(0,0,0)
(0,0,0)
(0,0,0)
(0,0,0)
(0,0,0)
(0,0,0)
(0,0,0)
(0,0,0)
(0,0,0)
(0,0,0)
(0,0,0)
(0,0,0)
(0,0,0)
(0,0,0)
(0,0,0)
(0,0,0)
(0,0,0)
(0,0,0)
(0,0,0)
(0,0,0)
(0,0,0)
(0,0,0)
(0,0,0)
(0,0,0)
(0,0,0)
(0,0,0)
(0,0,0)
(0,0,0)
(0,0,0)
(0,0,0)
(0,0,0)
(0,0,0)
(0,0,0)
(0,0,0)
(0,0,0)
(0,0,0)
(0,0,0)
(0,0,0)
(0,0,0)
(0,0,0)
(0,0,0)
(0,0,0)
(0,0,0)
(0,0,0)
(0,0,0)
(0,0,0)
(0,0,0)
(0,0,0)
(0,0,0)
(0,0,0)
(0,0,0)
(0,0,0)
(0,0,0)
(0,0,0)
(0,0,0)
(0,0,0)
(0,0,0)
(0,0,0)
(0,0,0)
(0,0,0)
(0,0,0)
(0,0,0)
(0,0,0)
(0,0,0)
(0,0,0)
(0,0,0)
(0,0,0)
(0,0,0)
(0,0,0)
(0,0,0)
(0,0,0)
(0,0,0)
(0,0,0)
(0,0,0)
(0,0,0)
(0,0,0)
(0,0,0)
(0,0,0)
(0,0,0)
(0,0,0)
(0,0,0)
(0,0,0)
(0,0,0)
(0,0,0)
(0,0,0)
(0,0,0)
(0,0,0)
(0,0,0)
(0,0,0)
(0,0,0)
(0,0,0)
(0,0,0)
(0,0,0)
(0,0,0)
(0,0,0)
(0,0,0)
(0,0,0)
(0,0,0)
(0,0,0)
(0,0,0)
(0,0,0)
(0,0,0)
(0,0,0)
(0,0,0)
(0,0,0)
(0,0,0)
(0,0,0)
(0,0,0)
(0,0,0)
(0,0,0)
(0,0,0)
(0,0,0)
(0,0,0)
(0,0,0)
(0,0,0)
(0,0,0)
(0,0,0)
(0,0,0)
(0,0,0)
(0,0,0)
(0,0,0)
(0,0,0)
(0,0,0)
(0,0,0)
(0,0,0)
(0,0,0)
(0,0,0)
(0,0,0)
(0,0,0)
(0,0,0)
(0,0,0)
(0,0,0)
(0,0,0)
(0,0,0)
(0,0,0)
(0,0,0)
(0,0,0)
(0,0,0)
(0,0,0)
(0,0,0)
(0,0,0)
(0,0,0)
(0,0,0)
(0,0,0)
(0,0,0)
(0,0,0)
(0,0,0)
(0,0,0)
(0,0,0)
(0,0,0)
(0,0,0)
(0,0,0)
(0,0,0)
(0,0,0)
(0,0,0)
(0,0,0)
(0,0,0)
(0,0,0)
(0,0,0)
(0,0,0)
(0,0,0)
(0,0,0)
(0,0,0)
(0,0,0)
(0,0,0)
(0,0,0)
(0,0,0)
(0,0,0)
(0,0,0)
(0,0,0)
(0,0,0)
(0,0,0)
(0,0,0)
(0,0,0)
(0,0,0)
(0,0,0)
(0,0,0)
(0,0,0)
(0,0,0)
(0,0,0)
(0,0,0)
(0,0,0)
(0,0,0)
(0,0,0)
(0,0,0)
(0,0,0)
(0,0,0)
(0,0,0)
(0,0,0)
(0,0,0)
(0,0,0)
(0,0,0)
(0,0,0)
(0,0,0)
(0,0,0)
(0,0,0)
(0,0,0)
(0,0,0)
(0,0,0)
(0,0,0)
(0,0,0)
(0,0,0)
(0,0,0)
(0,0,0)
(0,0,0)
(0,0,0)
(0,0,0)
(0,0,0)
(0,0,0)
(0,0,0)
(0,0,0)
)
;

boundaryField
{
    fuel
    {
        type            fixedValue;
        value           uniform (0.1 0 0);
    }
    air
    {
        type            fixedValue;
        value           uniform (-0.1 0 0);
    }
    outlet
    {
        type            zeroGradient;
    }
    frontAndBack
    {
        type            empty;
    }
}


// ************************************************************************* //
 