/*--------------------------------*- C++ -*----------------------------------*\
| =========                 |                                                 |
| \\      /  F ield         | foam-extend: Open Source CFD                    |
|  \\    /   O peration     | Version:     4.0                                |
|   \\  /    A nd           | Web:         http://www.foam-extend.org         |
|    \\/     M anipulation  |                                                 |
\*---------------------------------------------------------------------------*/
FoamFile
{
    version 2.0;
    format ascii;
    class volVectorField;
    location "1230";
    object      E;
}
// * * * * * * * * * * * * * * * * * * * * * * * * * * * * * * * * * * * * * //

dimensions      [0 1 -1 0 0 0 0];

internalField   nonuniform List<vector>
4096
(
(0,0,0)
(0,0,0)
(0,0,0)
(0,0,0)
(0,0,0)
(0,0,0)
(0,0,0)
(0,0,0)
(0,0,0)
(0,0,0)
(0,0,0)
(0,0,0)
(0,0,0)
(0,0,0)
(0,0,0)
(0,0,0)
(0,0,0)
(0,0,0)
(0,0,0)
(0,0,0)
(0,0,0)
(0,0,0)
(0,0,0)
(0,0,0)
(0,0,0)
(0,0,0)
(0,0,0)
(0,0,0)
(0,0,0)
(0,0,0)
(0,0,0)
(0,0,0)
(0,0,0)
(0,0,0)
(0,0,0)
(0,0,0)
(0,0,0)
(0,0,0)
(0,0,0)
(0,0,0)
(0,0,0)
(0,0,0)
(0,0,0)
(0,0,0)
(0,0,0)
(0,0,0)
(0,0,0)
(0,0,0)
(0,0,0)
(0,0,0)
(0,0,0)
(0,0,0)
(0,0,0)
(0,0,0)
(0,0,0)
(0,0,0)
(0,0,0)
(0,0,0)
(0,0,0)
(0,0,0)
(0,0,0)
(0,0,0)
(0,0,0)
(0,0,0)
(0,0,0)
(0,0,0)
(0,0,0)
(0,0,0)
(0,0,0)
(0,0,0)
(0,0,0)
(0,0,0)
(0,0,0)
(0,0,0)
(0,0,0)
(0,0,0)
(0,0,0)
(0,0,0)
(0,0,0)
(0,0,0)
(0,0,0)
(0,0,0)
(0,0,0)
(0,0,0)
(0,0,0)
(0,0,0)
(0,0,0)
(0,0,0)
(0,0,0)
(0,0,0)
(0,0,0)
(0,0,0)
(0,0,0)
(0,0,0)
(0,0,0)
(0,0,0)
(0,0,0)
(0,0,0)
(0,0,0)
(0,0,0)
(0,0,0)
(0,0,0)
(0,0,0)
(0,0,0)
(0,0,0)
(0,0,0)
(0,0,0)
(0,0,0)
(0,0,0)
(0,0,0)
(0,0,0)
(0,0,0)
(0,0,0)
(0,0,0)
(0,0,0)
(0,0,0)
(0,0,0)
(0,0,0)
(0,0,0)
(0,0,0)
(0,0,0)
(0,0,0)
(0,0,0)
(0,0,0)
(0,0,0)
(0,0,0)
(0,0,0)
(0,0,0)
(0,0,0)
(0,0,0)
(0,0,0)
(0,0,0)
(0,0,0)
(0,0,0)
(0,0,0)
(0,0,0)
(0,0,0)
(0,0,0)
(0,0,0)
(0,0,0)
(0,0,0)
(0,0,0)
(0,0,0)
(0,0,0)
(0,0,0)
(0,0,0)
(0,0,0)
(0,0,0)
(0,0,0)
(0,0,0)
(0,0,0)
(0,0,0)
(0,0,0)
(0,0,0)
(0,0,0)
(0,0,0)
(0,0,0)
(0,0,0)
(0,0,0)
(0,0,0)
(0,0,0)
(0,0,0)
(0,0,0)
(0,0,0)
(0,0,0)
(0,0,0)
(0,0,0)
(0,0,0)
(0,0,0)
(0,0,0)
(0,0,0)
(0,0,0)
(0,0,0)
(0,0,0)
(0,0,0)
(0,0,0)
(0,0,0)
(0,0,0)
(0,0,0)
(0,0,0)
(0,0,0)
(0,0,0)
(0,0,0)
(0,0,0)
(0,0,0)
(0,0,0)
(0,0,0)
(0,0,0)
(0,0,0)
(0,0,0)
(0,0,0)
(0,0,0)
(0,0,0)
(0,0,0)
(0,0,0)
(0,0,0)
(0,0,0)
(0,0,0)
(0,0,0)
(0,0,0)
(0,0,0)
(0,0,0)
(0,0,0)
(0,0,0)
(0,0,0)
(0,0,0)
(0,0,0)
(0,0,0)
(0,0,0)
(0,0,0)
(0,0,0)
(0,0,0)
(0,0,0)
(0,0,0)
(0,0,0)
(0,0,0)
(0,0,0)
(0,0,0)
(0,0,0)
(0,0,0)
(0,0,0)
(0,0,0)
(0,0,0)
(0,0,0)
(0,0,0)
(0,0,0)
(0,0,0)
(0,0,0)
(0,0,0)
(0,0,0)
(0,0,0)
(0,0,0)
(0,0,0)
(0,0,0)
(0,0,0)
(0,0,0)
(0,0,0)
(0,0,0)
(0,0,0)
(0,0,0)
(0,0,0)
(0,0,0)
(0,0,0)
(0,0,0)
(0,0,0)
(0,0,0)
(0,0,0)
(0,0,0)
(0,0,0)
(0,0,0)
(0,0,0)
(0,0,0)
(0,0,0)
(0,0,0)
(0,0,0)
(0,0,0)
(0,0,0)
(0,0,0)
(0,0,0)
(0,0,0)
(0,0,0)
(0,0,0)
(0,0,0)
(0,0,0)
(0,0,0)
(0,0,0)
(0,0,0)
(0,0,0)
(0,0,0)
(0,0,0)
(0,0,0)
(0,0,0)
(0,0,0)
(0,0,0)
(0,0,0)
(0,0,0)
(0,0,0)
(0,0,0)
(0,0,0)
(0,0,0)
(0,0,0)
(0,0,0)
(0,0,0)
(0,0,0)
(0,0,0)
(0,0,0)
(0,0,0)
(0,0,0)
(0,0,0)
(0,0,0)
(0,0,0)
(0,0,0)
(0,0,0)
(0,0,0)
(0,0,0)
(0,0,0)
(0,0,0)
(0,0,0)
(0,0,0)
(0,0,0)
(0,0,0)
(0,0,0)
(0,0,0)
(0,0,0)
(0,0,0)
(0,0,0)
(0,0,0)
(0,0,0)
(0,0,0)
(0,0,0)
(0,0,0)
(0,0,0)
(0,0,0)
(0,0,0)
(0,0,0)
(0,0,0)
(0,0,0)
(0,0,0)
(0,0,0)
(0,0,0)
(0,0,0)
(0,0,0)
(0,0,0)
(0,0,0)
(0,0,0)
(0,0,0)
(0,0,0)
(0,0,0)
(0,0,0)
(0,0,0)
(0,0,0)
(0,0,0)
(0,0,0)
(0,0,0)
(0,0,0)
(0,0,0)
(0,0,0)
(0,0,0)
(0,0,0)
(0,0,0)
(0,0,0)
(0,0,0)
(0,0,0)
(0,0,0)
(0,0,0)
(0,0,0)
(0,0,0)
(0,0,0)
(0,0,0)
(0,0,0)
(0,0,0)
(0,0,0)
(0,0,0)
(0,0,0)
(0,0,0)
(0,0,0)
(0,0,0)
(0,0,0)
(0,0,0)
(0,0,0)
(0,0,0)
(0,0,0)
(0,0,0)
(0,0,0)
(0,0,0)
(0,0,0)
(0,0,0)
(0,0,0)
(0,0,0)
(0,0,0)
(0,0,0)
(0,0,0)
(0,0,0)
(0,0,0)
(0,0,0)
(0,0,0)
(0,0,0)
(0,0,0)
(0,0,0)
(0,0,0)
(0,0,0)
(0,0,0)
(0,0,0)
(0,0,0)
(0,0,0)
(0,0,0)
(0,0,0)
(0,0,0)
(0,0,0)
(0,0,0)
(0,0,0)
(0,0,0)
(0,0,0)
(0,0,0)
(0,0,0)
(0,0,0)
(0,0,0)
(0,0,0)
(0,0,0)
(0,0,0)
(0,0,0)
(0,0,0)
(0,0,0)
(0,0,0)
(0,0,0)
(0,0,0)
(0,0,0)
(0,0,0)
(0,0,0)
(0,0,0)
(0,0,0)
(0,0,0)
(0,0,0)
(0,0,0)
(0,0,0)
(0,0,0)
(0,0,0)
(0,0,0)
(0,0,0)
(0,0,0)
(0,0,0)
(0,0,0)
(0,0,0)
(0,0,0)
(0,0,0)
(0,0,0)
(0,0,0)
(0,0,0)
(0,0,0)
(0,0,0)
(0,0,0)
(0,0,0)
(0,0,0)
(0,0,0)
(0,0,0)
(0,0,0)
(0,0,0)
(0,0,0)
(0,0,0)
(0,0,0)
(0,0,0)
(0,0,0)
(0,0,0)
(0,0,0)
(0,0,0)
(0,0,0)
(0,0,0)
(0,0,0)
(0,0,0)
(0,0,0)
(0,0,0)
(0,0,0)
(0,0,0)
(0,0,0)
(0,0,0)
(0,0,0)
(0,0,0)
(0,0,0)
(0,0,0)
(0,0,0)
(0,0,0)
(0,0,0)
(0,0,0)
(0,0,0)
(0,0,0)
(0,0,0)
(0,0,0)
(0,0,0)
(0,0,0)
(0,0,0)
(0,0,0)
(0,0,0)
(0,0,0)
(0,0,0)
(0,0,0)
(0,0,0)
(0,0,0)
(0,0,0)
(0,0,0)
(0,0,0)
(0,0,0)
(0,0,0)
(0,0,0)
(0,0,0)
(0,0,0)
(0,0,0)
(0,0,0)
(0,0,0)
(0,0,0)
(0,0,0)
(0,0,0)
(0,0,0)
(0,0,0)
(0,0,0)
(0,0,0)
(0,0,0)
(0,0,0)
(0,0,0)
(0,0,0)
(0,0,0)
(0,0,0)
(0,0,0)
(0,0,0)
(0,0,0)
(0,0,0)
(0,0,0)
(0,0,0)
(0,0,0)
(0,0,0)
(0,0,0)
(0,0,0)
(0,0,0)
(0,0,0)
(0,0,0)
(0,0,0)
(0,0,0)
(0,0,0)
(0,0,0)
(0,0,0)
(0,0,0)
(0,0,0)
(0,0,0)
(0,0,0)
(0,0,0)
(0,0,0)
(0,0,0)
(0,0,0)
(0,0,0)
(0,0,0)
(0,0,0)
(0,0,0)
(0,0,0)
(0,0,0)
(0,0,0)
(0,0,0)
(0,0,0)
(0,0,0)
(0,0,0)
(0,0,0)
(0,0,0)
(0,0,0)
(0,0,0)
(0,0,0)
(0,0,0)
(0,0,0)
(0,0,0)
(0,0,0)
(0,0,0)
(0,0,0)
(0,0,0)
(0,0,0)
(0,0,0)
(0,0,0)
(0,0,0)
(0,0,0)
(0,0,0)
(0,0,0)
(0,0,0)
(0,0,0)
(0,0,0)
(0,0,0)
(0,0,0)
(0,0,0)
(0,0,0)
(0,0,0)
(0,0,0)
(0,0,0)
(0,0,0)
(0,0,0)
(0,0,0)
(0,0,0)
(0,0,0)
(0,0,0)
(0,0,0)
(0,0,0)
(0,0,0)
(0,0,0)
(0,0,0)
(0,0,0)
(0,0,0)
(0,0,0)
(0,0,0)
(0,0,0)
(0,0,0)
(0,0,0)
(0,0,0)
(0,0,0)
(0,0,0)
(0,0,0)
(0,0,0)
(0,0,0)
(0,0,0)
(0,0,0)
(0,0,0)
(0,0,0)
(0,0,0)
(0,0,0)
(0,0,0)
(0,0,0)
(0,0,0)
(0,0,0)
(0,0,0)
(0,0,0)
(0,0,0)
(0,0,0)
(0,0,0)
(0,0,0)
(0,0,0)
(0,0,0)
(0,0,0)
(0,0,0)
(0,0,0)
(0,0,0)
(0,0,0)
(0,0,0)
(0,0,0)
(0,0,0)
(0,0,0)
(0,0,0)
(0,0,0)
(0,0,0)
(0,0,0)
(0,0,0)
(0,0,0)
(0,0,0)
(0,0,0)
(0,0,0)
(0,0,0)
(0,0,0)
(0,0,0)
(0,0,0)
(0,0,0)
(0,0,0)
(0,0,0)
(0,0,0)
(0,0,0)
(0,0,0)
(0,0,0)
(0,0,0)
(0,0,0)
(0,0,0)
(0,0,0)
(0,0,0)
(0,0,0)
(0,0,0)
(0,0,0)
(0,0,0)
(0,0,0)
(0,0,0)
(0,0,0)
(0,0,0)
(0,0,0)
(0,0,0)
(0,0,0)
(0,0,0)
(0,0,0)
(0,0,0)
(0,0,0)
(0,0,0)
(0,0,0)
(0,0,0)
(0,0,0)
(0,0,0)
(0,0,0)
(0,0,0)
(0,0,0)
(0,0,0)
(0,0,0)
(0,0,0)
(0,0,0)
(0,0,0)
(0,0,0)
(0,0,0)
(0,0,0)
(0,0,0)
(0,0,0)
(0,0,0)
(0,0,0)
(0,0,0)
(0,0,0)
(0,0,0)
(0,0,0)
(0,0,0)
(0,0,0)
(0,0,0)
(0,0,0)
(0,0,0)
(0,0,0)
(0,0,0)
(0,0,0)
(0,0,0)
(0,0,0)
(0,0,0)
(0,0,0)
(0,0,0)
(0,0,0)
(0,0,0)
(0,0,0)
(0,0,0)
(0,0,0)
(0,0,0)
(0,0,0)
(0,0,0)
(0,0,0)
(0,0,0)
(0,0,0)
(0,0,0)
(0,0,0)
(0,0,0)
(0,0,0)
(0,0,0)
(0,0,0)
(0,0,0)
(0,0,0)
(0,0,0)
(0,0,0)
(0,0,0)
(0,0,0)
(0,0,0)
(0,0,0)
(0,0,0)
(0,0,0)
(0,0,0)
(0,0,0)
(0,0,0)
(0,0,0)
(0,0,0)
(0,0,0)
(0,0,0)
(0,0,0)
(0,0,0)
(0,0,0)
(0,0,0)
(0,0,0)
(0,0,0)
(0,0,0)
(0,0,0)
(0,0,0)
(0,0,0)
(0,0,0)
(0,0,0)
(0,0,0)
(0,0,0)
(0,0,0)
(0,0,0)
(0,0,0)
(0,0,0)
(0,0,0)
(0,0,0)
(0,0,0)
(0,0,0)
(0,0,0)
(0,0,0)
(0,0,0)
(0,0,0)
(0,0,0)
(0,0,0)
(0,0,0)
(0,0,0)
(0,0,0)
(0,0,0)
(0,0,0)
(0,0,0)
(0,0,0)
(0,0,0)
(0,0,0)
(0,0,0)
(0,0,0)
(0,0,0)
(0,0,0)
(0,0,0)
(0,0,0)
(0,0,0)
(0,0,0)
(0,0,0)
(0,0,0)
(0,0,0)
(0,0,0)
(0,0,0)
(0,0,0)
(0,0,0)
(0,0,0)
(0,0,0)
(0,0,0)
(0,0,0)
(0,0,0)
(0,0,0)
(0,0,0)
(0,0,0)
(0,0,0)
(0,0,0)
(0,0,0)
(0,0,0)
(0,0,0)
(0,0,0)
(0,0,0)
(0,0,0)
(0,0,0)
(0,0,0)
(0,0,0)
(0,0,0)
(0,0,0)
(0,0,0)
(0,0,0)
(0,0,0)
(0,0,0)
(0,0,0)
(0,0,0)
(0,0,0)
(0,0,0)
(0,0,0)
(0,0,0)
(0,0,0)
(0,0,0)
(0,0,0)
(0,0,0)
(0,0,0)
(0,0,0)
(0,0,0)
(-66064.7733933998,34881.7481060822,31183.0252873175)
(-69906.3867035067,33497.8399394752,67591.5720513491)
(-78825.4815564761,30524.4296937889,115892.623914036)
(-95637.6288137998,25814.1435264004,185716.109201438)
(-125893.687062526,19437.2214254849,292172.574838484)
(-180144.823977974,12102.6462026775,460214.752613768)
(-278383.353586032,5431.38949940489,733166.716700428)
(-455834.240964566,1335.70357367945,1187665.25409131)
(-751861.410938099,-8.18525056854544,1939534.85028003)
(-1047644.71982301,-101.871306349316,2987281.4414094)
(0,0,0)
(0,0,0)
(0,0,0)
(0,0,0)
(0,0,0)
(0,0,0)
(-69961.2521421398,75134.4559544629,29708.5442937588)
(-73821.2839684786,72488.3631781868,64539.3050235289)
(-82883.1325456613,66827.8696137281,111118.997649248)
(-100088.050305308,57747.5148470253,179273.676633934)
(-131166.434747951,45140.0195800564,284737.313227312)
(-186710.833576865,30107.4801294945,453443.312877366)
(-286015.9413283,15886.2307142464,729004.412990792)
(-462797.861571696,6867.52245202827,1186270.45568411)
(-756523.167208435,3351.61325708848,1939433.82438495)
(-1049825.64473215,1728.0588395589,2987429.53897111)
(0,0,0)
(0,0,0)
(0,0,0)
(0,0,0)
(0,0,0)
(0,0,0)
(-78772.2351878365,126929.782672704,26976.9084695942)
(-82714.9017858324,123392.906528447,58787.2669051667)
(-92057.5201791348,115743.710547266,101928.946150769)
(-110090.38177257,103204.14622873,166562.696541636)
(-143128.975851053,85242.4902436007,269589.201729145)
(-202113.68823218,62710.4616773695,439099.90841345)
(-304809.065372764,39876.2676850156,719918.936815448)
(-480089.865327352,24186.9548629392,1182689.36973186)
(-767672.204020317,15952.5242982036,1937760.66271113)
(-1054883.80667766,8685.12716133077,2985687.401067)
(0,0,0)
(0,0,0)
(0,0,0)
(0,0,0)
(0,0,0)
(0,0,0)
(-95183.8246656521,198883.698522883,23229.908815474)
(-99176.9720319206,194898.015465173,50901.7719106702)
(-108847.878407019,186321.93131109,89171.4295538589)
(-128114.701053718,172093.692188266,148396.584648036)
(-164408.279199589,151124.258735371,246923.095355857)
(-229990.502892443,123474.798189945,416149.261735719)
(-340819.190673725,92720.775679756,704123.944414715)
(-513589.280364314,67568.8416658562,1174331.33797608)
(-788102.207556485,48012.9706684344,1930373.09916229)
(-1063784.43671536,25861.5160287309,2976981.14701035)
(0,0,0)
(0,0,0)
(0,0,0)
(0,0,0)
(0,0,0)
(0,0,0)
(-124506.664726401,304330.495360683,19059.8678886005)
(-128466.023139096,300400.329723741,42023.5767691281)
(-138307.080337639,292024.881966967,74627.7064508882)
(-158612.323243378,278155.070017257,127178.65186528)
(-198272.134919934,257470.996866851,219104.048653739)
(-272013.733505926,229298.623233605,385293.95711599)
(-395634.828003733,194725.639513314,678923.92128617)
(-564556.988931722,156373.918054609,1154675.83382916)
(-817760.552631953,112385.219844602,1908064.137285)
(-1076651.72495034,59567.8482913265,2951009.52997275)
(0,0,0)
(0,0,0)
(0,0,0)
(0,0,0)
(0,0,0)
(0,0,0)
(-177378.26765816,466662.128708114,15046.634310729)
(-181156.719330948,463148.340494155,33455.342871261)
(-190666.247759805,455654.086142314,60492.3864557188)
(-210757.414273713,443151.268174455,106253.60257223)
(-250830.647973358,423867.522091239,190687.725321201)
(-325928.420253402,395415.46213397,350499.306674245)
(-449888.830422139,354639.656729274,640474.119880449)
(-611148.087761414,297473.633031276,1110522.49266518)
(-849888.440336561,217814.798651531,1854981.35419484)
(-1092840.59646205,116291.734988744,2891098.0639594)
(0,0,0)
(0,0,0)
(0,0,0)
(0,0,0)
(0,0,0)
(0,0,0)
(-274485.403915736,729671.285810576,11476.2468132765)
(-277829.556669627,726626.715521702,25827.4284553544)
(-286339.286000996,720037.778291807,47783.0223068622)
(-304665.375360804,708797.004666253,86802.6611758718)
(-341862.28150986,690468.295125236,162064.169651736)
(-412376.877119115,660339.553928648,309516.954976165)
(-528673.658777043,609676.049422873,583154.221059612)
(-675313.825453572,525305.676341901,1030636.00320255)
(-897796.762422632,393097.162974125,1753150.40130253)
(-1119272.48947297,214226.952839882,2774487.6729244)
(0,0,0)
(0,0,0)
(0,0,0)
(0,0,0)
(0,0,0)
(0,0,0)
(-452031.765727242,1173327.46916887,8375.58236893621)
(-454710.079953806,1170519.13074449,19193.2470999602)
(-461564.246160348,1164324.72381767,36470.5477344533)
(-476434.668508581,1153280.11771191,68422.1031973629)
(-506976.308844783,1134008.65622903,131858.050938341)
(-565571.176421483,1099086.07536221,258682.705926261)
(-662934.587737804,1032743.94420549,498549.398881429)
(-781673.612023251,907437.632744448,898091.054502145)
(-984871.459376633,702129.075806685,1573930.60104622)
(-1169868.38064145,398066.350263227,2559959.58426426)
(0,0,0)
(0,0,0)
(0,0,0)
(0,0,0)
(0,0,0)
(0,0,0)
(-749294.176928688,1917067.7034929,5553.9426046472)
(-751111.985258775,1914175.63539205,13009.4232158766)
(-755770.354663047,1907656.33568009,25448.1660164692)
(-765748.893228467,1895327.4131025,49149.7638543486)
(-785899.44602144,1872203.04961079,96854.8164940473)
(-823820.674011067,1827526.99730235,192234.568564957)
(-887572.237148394,1739473.07058822,373077.679330619)
(-982407.840783484,1570485.03565702,692438.117201528)
(-1145548.45321862,1270687.9328095,1269427.7134173)
(-1258146.96865357,764128.124714684,2161512.90761943)
(0,0,0)
(0,0,0)
(0,0,0)
(0,0,0)
(0,0,0)
(0,0,0)
(-1046447.04446658,2960682.37452715,2832.37343231639)
(-1047364.5069056,2957680.32692436,6692.18880560528)
(-1049699.3440174,2950703.56359771,13344.3049054182)
(-1054596.77727851,2937047.33196798,26221.1633184699)
(-1064335.86712324,2910543.67071905,52216.4093334649)
(-1082599.4992083,2858226.92646982,104115.979374288)
(-1114512.34122462,2754189.98900756,203911.402179562)
(-1168341.12806063,2550427.33192866,392310.233968519)
(-1257865.96122494,2158430.58557303,762433.542429916)
(-1266846.76734306,1396433.3182767,1396975.11621096)
(0,0,0)
(0,0,0)
(0,0,0)
(0,0,0)
(0,0,0)
(0,0,0)
(0,0,0)
(0,0,0)
(0,0,0)
(0,0,0)
(0,0,0)
(0,0,0)
(0,0,0)
(0,0,0)
(0,0,0)
(0,0,0)
(0,0,0)
(0,0,0)
(0,0,0)
(0,0,0)
(0,0,0)
(0,0,0)
(0,0,0)
(0,0,0)
(0,0,0)
(0,0,0)
(0,0,0)
(0,0,0)
(0,0,0)
(0,0,0)
(0,0,0)
(0,0,0)
(0,0,0)
(0,0,0)
(0,0,0)
(0,0,0)
(0,0,0)
(0,0,0)
(0,0,0)
(0,0,0)
(0,0,0)
(0,0,0)
(0,0,0)
(0,0,0)
(0,0,0)
(0,0,0)
(0,0,0)
(0,0,0)
(0,0,0)
(0,0,0)
(0,0,0)
(0,0,0)
(0,0,0)
(0,0,0)
(0,0,0)
(0,0,0)
(0,0,0)
(0,0,0)
(0,0,0)
(0,0,0)
(0,0,0)
(0,0,0)
(0,0,0)
(0,0,0)
(0,0,0)
(0,0,0)
(0,0,0)
(0,0,0)
(0,0,0)
(0,0,0)
(0,0,0)
(0,0,0)
(0,0,0)
(0,0,0)
(0,0,0)
(0,0,0)
(0,0,0)
(0,0,0)
(0,0,0)
(0,0,0)
(0,0,0)
(0,0,0)
(0,0,0)
(0,0,0)
(0,0,0)
(0,0,0)
(0,0,0)
(0,0,0)
(0,0,0)
(0,0,0)
(0,0,0)
(0,0,0)
(0,0,0)
(0,0,0)
(0,0,0)
(0,0,0)
(0,0,0)
(0,0,0)
(0,0,0)
(0,0,0)
(0,0,0)
(0,0,0)
(9827145.2108575,31102.3005717428,27327.7600480151)
(9820685.19378451,29672.8084622684,58703.4159683468)
(9805847.27188473,26540.5826481027,99130.1247496234)
(9778228.45074778,21428.0141019574,155476.075956663)
(9729101.09294719,14211.6596115666,237909.681206003)
(9641821.61283371,5556.84060229793,362026.448662555)
(9481739.73805803,-2199.065902475,555742.467791556)
(9165559.1468314,-5620.09488476781,891609.219750908)
(8452267.49947088,-4639.72608655192,1643760.08029906)
(6514992.72870342,-2258.93462976068,4035021.61127302)
(0,0,0)
(0,0,0)
(0,0,0)
(0,0,0)
(0,0,0)
(0,0,0)
(9820498.98873703,66465.9920094576,25816.1125537685)
(9814068.7573137,63731.9795493164,55506.9450551958)
(9799103.12377628,57763.2165595452,93938.0996924305)
(9770942.65296719,47813.0960292782,148162.359363192)
(9720494.43466027,33204.6973557781,229148.497081393)
(9630784.58067182,14698.9595215445,354151.008784058)
(9468277.22922943,-2940.56660647893,552239.383801048)
(9153417.5407109,-10473.6072699995,892517.538774315)
(8444698.30737571,-7822.30044580889,1646118.68341998)
(6511684.52986289,-3342.13862940755,4037331.75769512)
(0,0,0)
(0,0,0)
(0,0,0)
(0,0,0)
(0,0,0)
(0,0,0)
(9805600.35616118,110717.054077134,23016.3914539173)
(9799145.72704426,107069.07943899,49458.7076048011)
(9783900.43490796,99030.3180226835,83873.6959252194)
(9754532.00867699,85246.0392387755,133458.407136833)
(9700625.29953653,63987.0574319354,210561.816543643)
(9603568.7408357,34826.1843540054,336392.20751392)
(9431783.81013657,3847.5365141125,544651.273754633)
(9119935.33026537,-9323.55313433408,895116.068896989)
(8425200.98539652,-4506.03730700269,1650566.66121191)
(6503577.9348322,-266.174086649647,4040669.00002998)
(0,0,0)
(0,0,0)
(0,0,0)
(0,0,0)
(0,0,0)
(0,0,0)
(9778241.42903083,169721.947150214,19209.8981010447)
(9771799.85349739,165727.594971801,41214.6019096032)
(9756224.87431644,156930.719296464,69881.4927830057)
(9724971.00244807,141652.675492152,112029.197898524)
(9664673.21433534,117274.256304925,181300.550361203)
(9551026.53013534,81428.8226906502,305320.923867414)
(9350699.80793898,37877.5155839666,531411.991055497)
(9043693.38377664,16596.6805366045,899849.138114228)
(8385841.45550491,18329.6529704485,1654709.82964595)
(6488468.28116963,12962.5556283347,4040868.42691667)
(0,0,0)
(0,0,0)
(0,0,0)
(0,0,0)
(0,0,0)
(0,0,0)
(9730216.39810314,251570.13070762,15068.7984836726)
(9723951.02821003,247842.424743852,32176.9622330869)
(9708323.28937609,239770.448134494,54346.9085520009)
(9675451.22411615,226093.610915975,87482.4706392594)
(9607828.23799756,204965.376092841,145331.022804496)
(9469333.90689953,175376.013914594,261676.236045746)
(9205032.06800429,140444.268560339,510082.631931978)
(8902448.63109817,109788.505057408,901525.23225195)
(8324244.40980287,80267.3048295999,1649222.66282848)
(6466025.28897796,43370.1731621877,4027778.07623702)
(0,0,0)
(0,0,0)
(0,0,0)
(0,0,0)
(0,0,0)
(0,0,0)
(9644859.23925917,369719.021098098,11253.6475627954)
(9639013.4049569,366617.276210136,23948.7166792704)
(9624155.58718152,360081.695356372,40455.6793867169)
(9591908.26745757,349321.212239914,66202.4412022019)
(9523514.47253214,332877.8055307,115584.936129462)
(9381149.20863334,308961.800391546,226561.565636411)
(9113637.06183831,275835.511687412,479284.475119538)
(8824410.71153022,233308.402301796,871845.823454105)
(8271867.90461415,169899.972816777,1612096.85538685)
(6440324.71814108,89842.7514085715,3984099.00740804)
(0,0,0)
(0,0,0)
(0,0,0)
(0,0,0)
(0,0,0)
(0,0,0)
(9486487.00408921,552275.889760773,8110.76820302538)
(9481396.47229468,549862.582265163,17279.4780542953)
(9468278.28402863,544916.354053525,29467.2941981821)
(9439047.19337546,537103.957850053,49612.024722402)
(9375323.27107048,525410.518736758,91533.8038066228)
(9239305.89776317,507195.650831411,193257.223355096)
(8980029.42036835,475451.321189701,436578.379578018)
(8719017.77459274,418968.257031806,808226.969672376)
(8194216.87484641,306007.14874609,1531746.20134463)
(6396404.70758615,163613.497301089,3893938.30326371)
(0,0,0)
(0,0,0)
(0,0,0)
(0,0,0)
(0,0,0)
(0,0,0)
(9170025.87197965,876173.325652978,5684.97127159356)
(9166001.05442068,874182.614106604,12293.8499262945)
(9155565.3675991,870167.675742674,21552.9593482838)
(9132002.2084403,864000.759386486,37859.3257336693)
(9079552.72075642,855120.490243916,73260.369495866)
(8964258.17336197,840894.838704247,161371.876710246)
(8737473.34840852,808180.780882,379874.525742182)
(8567031.60499941,706789.445182204,694988.165439698)
(8037250.43612922,541495.078491506,1389018.38505897)
(6294597.29231144,309792.449027627,3730013.80525015)
(0,0,0)
(0,0,0)
(0,0,0)
(0,0,0)
(0,0,0)
(0,0,0)
(8454821.90072318,1619970.56045389,3726.73241782151)
(8452118.7228438,1617979.36003137,8339.32326114456)
(8445160.6369858,1613792.22830577,15423.8239198198)
(8429780.86205345,1606559.40321664,28975.4696783048)
(8396993.70569815,1593879.75806685,58963.0950063796)
(8330257.51584965,1568869.89014798,128549.898572553)
(8209828.75054812,1512651.2967952,278318.439833485)
(8040222.91388764,1384697.34605995,529419.829155266)
(7561585.06985548,1158481.88426592,1156939.54517739)
(5984870.07451519,755488.944497652,3419866.05140915)
(0,0,0)
(0,0,0)
(0,0,0)
(0,0,0)
(0,0,0)
(0,0,0)
(6515951.57267245,4007292.08298501,1919.90520043434)
(6514604.14729447,4005189.88556166,4380.77034069009)
(6511166.51638695,4000532.70692564,8414.47618703887)
(6503778.57905287,3991793.77592364,16444.7920193477)
(6488560.27625273,3975100.4443644,33968.0072164978)
(6458576.804294,3941058.7135892,72242.9251436875)
(6402971.12867405,3868910.34166729,150140.455243555)
(6296276.96407435,3718991.23391757,302868.520121579)
(5985136.51698771,3416466.50950981,753521.461535654)
(4866424.63800907,2663415.27082698,2663963.77472478)
(0,0,0)
(0,0,0)
(0,0,0)
(0,0,0)
(0,0,0)
(0,0,0)
(0,0,0)
(0,0,0)
(0,0,0)
(0,0,0)
(0,0,0)
(0,0,0)
(0,0,0)
(0,0,0)
(0,0,0)
(0,0,0)
(0,0,0)
(0,0,0)
(0,0,0)
(0,0,0)
(0,0,0)
(0,0,0)
(0,0,0)
(0,0,0)
(0,0,0)
(0,0,0)
(0,0,0)
(0,0,0)
(0,0,0)
(0,0,0)
(0,0,0)
(0,0,0)
(0,0,0)
(0,0,0)
(0,0,0)
(0,0,0)
(0,0,0)
(0,0,0)
(0,0,0)
(0,0,0)
(0,0,0)
(0,0,0)
(0,0,0)
(0,0,0)
(0,0,0)
(0,0,0)
(0,0,0)
(0,0,0)
(0,0,0)
(0,0,0)
(0,0,0)
(0,0,0)
(0,0,0)
(0,0,0)
(0,0,0)
(0,0,0)
(0,0,0)
(0,0,0)
(0,0,0)
(0,0,0)
(0,0,0)
(0,0,0)
(0,0,0)
(0,0,0)
(0,0,0)
(0,0,0)
(0,0,0)
(0,0,0)
(0,0,0)
(0,0,0)
(0,0,0)
(0,0,0)
(0,0,0)
(0,0,0)
(0,0,0)
(0,0,0)
(0,0,0)
(0,0,0)
(0,0,0)
(0,0,0)
(0,0,0)
(0,0,0)
(0,0,0)
(0,0,0)
(0,0,0)
(0,0,0)
(0,0,0)
(0,0,0)
(0,0,0)
(0,0,0)
(0,0,0)
(0,0,0)
(0,0,0)
(0,0,0)
(0,0,0)
(0,0,0)
(0,0,0)
(0,0,0)
(0,0,0)
(0,0,0)
(0,0,0)
(0,0,0)
(-170046.729481595,24651.4788288298,20900.4166396086)
(-177187.474971461,23190.569011793,43942.471513168)
(-193300.079018742,19917.9745190162,71531.8030270359)
(-222506.48309734,14282.6928638946,106343.999137688)
(-272470.118786101,5710.89502916878,150564.27097119)
(-355780.148359592,-5429.13805915675,201955.125353103)
(-491854.708447586,-15642.9286892733,239552.455677391)
(-707021.602978983,-17751.7553064388,178244.915923656)
(-1015460.51359439,-12192.2049064295,-293474.910975287)
(-1244934.09414226,-5570.46791163808,-2479617.66508856)
(0,0,0)
(0,0,0)
(0,0,0)
(0,0,0)
(0,0,0)
(0,0,0)
(-177630.919832923,51775.3954171134,19365.9471110159)
(-184625.575028823,48992.4521420928,40618.3514525862)
(-200567.923759885,42727.4558393995,65839.8727977478)
(-229819.08331761,31540.0644980732,97704.1925777872)
(-280501.241664313,13402.0113100679,139368.707750846)
(-366038.543465602,-12516.0778242051,191638.726782712)
(-505297.133812322,-39461.7821246808,237391.898389172)
(-718382.651795212,-43989.0343248327,183789.325043042)
(-1021178.58589444,-27325.5583540087,-286840.473109762)
(-1246941.33414884,-11437.530542178,-2473987.59133815)
(0,0,0)
(0,0,0)
(0,0,0)
(0,0,0)
(0,0,0)
(0,0,0)
(-194436.398817205,83631.5109945583,16540.5945303288)
(-201197.028920739,79960.98108489,34274.7766818804)
(-216840.155349741,71549.307658536,54553.4702497892)
(-246371.041879952,55832.3749600411,79524.165474091)
(-299640.074331583,28090.9325802136,113460.573201501)
(-393963.70499803,-17754.5049021755,164591.401242578)
(-550243.382858315,-77306.6355557359,232823.402797886)
(-757711.331421423,-85603.6335640103,200444.618853121)
(-1038474.71675491,-43893.4447343457,-270951.837485664)
(-1252512.16978919,-15393.0931639987,-2462546.2151131)
(0,0,0)
(0,0,0)
(0,0,0)
(0,0,0)
(0,0,0)
(0,0,0)
(-224430.893811739,121885.746591345,12778.0423751759)
(-230820.418654271,118036.457723625,25682.7930174245)
(-245992.787154365,109158.995890728,38650.7213853958)
(-276098.825851522,92218.6052360824,51694.2745382622)
(-335266.237422747,60448.2326457626,67636.3813601997)
(-455386.189321532,-349.834240233133,105004.385284502)
(-689795.734924639,-107931.114127984,224484.361849741)
(-886386.682313439,-124759.322635399,242080.072140589)
(-1081694.94141827,-43354.2169164383,-242562.80362472)
(-1264371.8448156,-9506.23905988224,-2447249.57661428)
(0,0,0)
(0,0,0)
(0,0,0)
(0,0,0)
(0,0,0)
(0,0,0)
(-274685.595994734,166343.450429858,8804.24538873755)
(-280505.03718414,163060.871455843,16595.8521800921)
(-294811.336846562,155727.796567343,21521.6328554561)
(-324902.944717515,142609.649548706,19844.7125058877)
(-391046.162458398,120682.815517623,6844.48521933948)
(-560351.106750631,87112.7596329896,-2573.13987436576)
(-1113618.77593838,48881.5677961526,207624.977273524)
(-1321372.2955345,31652.7189691443,323393.817430988)
(-1166321.73351641,27858.6143599409,-208892.915396651)
(-1283760.49425802,17661.9398209765,-2437915.35591208)
(0,0,0)
(0,0,0)
(0,0,0)
(0,0,0)
(0,0,0)
(0,0,0)
(-357387.157804252,211537.548163905,5412.25445877454)
(-362467.012735307,209192.92716592,9120.57157030111)
(-375259.592008701,204342.283824387,8281.21863282977)
(-403230.445521949,196521.326005667,-2131.78971531368)
(-467525.790196136,184694.585309079,-26743.3416491085)
(-636278.508754076,167035.289783942,-40878.1992832795)
(-1162248.92563343,142062.03607052,190187.275043423)
(-1352567.94694942,127820.989482427,319357.61813919)
(-1205435.7642772,92228.0378332857,-219348.181313478)
(-1303051.88276747,45915.5856718738,-2455865.27112641)
(0,0,0)
(0,0,0)
(0,0,0)
(0,0,0)
(0,0,0)
(0,0,0)
(-492626.728110446,235971.241487692,3039.99400521089)
(-496802.654756757,234627.074469453,4164.92888250975)
(-507524.755191464,232354.116739717,316.090316602746)
(-531863.711890916,230136.464175112,-14028.1874570928)
(-590842.001477047,229664.483732855,-44472.8582039547)
(-755931.941776379,232144.307279028,-65984.0810301038)
(-1304033.14143253,232853.987713578,175646.484257126)
(-1479590.54768836,266953.025984594,283482.725165385)
(-1264774.24816274,149034.210240184,-265972.369102971)
(-1335008.9835713,61808.792754877,-2502091.9298992)
(0,0,0)
(0,0,0)
(0,0,0)
(0,0,0)
(0,0,0)
(0,0,0)
(-708450.289953487,161112.667408793,1694.69114135383)
(-711611.806452949,160431.234774977,1863.34683883515)
(-719778.128990429,159891.470777939,-1970.55548044099)
(-738818.618076973,161877.173320067,-14530.4829788288)
(-787558.185304814,172629.166067521,-42024.3041228295)
(-938840.720271134,206957.239938976,-65378.3880203144)
(-1536817.16199135,280618.838390938,209507.22683164)
(-1253487.69037479,180064.519634226,165274.983685605)
(-1312430.18198821,65901.9701817752,-353552.20300909)
(-1384635.99055364,93.525293313068,-2564243.69755299)
(0,0,0)
(0,0,0)
(0,0,0)
(0,0,0)
(0,0,0)
(0,0,0)
(-1018009.23798324,-318760.878944801,1064.64018941086)
(-1020051.55927567,-319375.465573442,1401.5777866254)
(-1025259.37532056,-319980.276635453,53.292635745361)
(-1036942.80282637,-319197.218683137,-3788.6953518004)
(-1063740.80253293,-314310.425707485,-7754.64021631548)
(-1127774.81850139,-302571.916910399,8166.80611345778)
(-1267819.09174717,-293981.165747888,108774.607676927)
(-1314392.6973573,-359037.343437498,50852.0371229413)
(-1435811.09495035,-417792.916991056,-419696.955769045)
(-1458826.66917351,-362862.42305019,-2564684.30860739)
(0,0,0)
(0,0,0)
(0,0,0)
(0,0,0)
(0,0,0)
(0,0,0)
(-1246884.29877824,-2508169.90512812,604.852763416844)
(-1247870.39656,-2508921.37383346,985.260007251754)
(-1250369.70065232,-2510125.25317904,1026.408719565)
(-1255778.21022555,-2511465.48648679,1211.42093096311)
(-1267275.47350318,-2512891.75975493,3988.45986368824)
(-1291379.16935048,-2516924.62102092,16657.0927480467)
(-1335994.50870622,-2533488.01093997,43489.5304498291)
(-1385946.2352988,-2576742.90294331,-8221.75554186946)
(-1459193.06783355,-2568201.0588604,-365124.073721877)
(-1408330.6432016,-2202670.1268602,-2202201.13357176)
(0,0,0)
(0,0,0)
(0,0,0)
(0,0,0)
(0,0,0)
(0,0,0)
(0,0,0)
(0,0,0)
(0,0,0)
(0,0,0)
(0,0,0)
(0,0,0)
(0,0,0)
(0,0,0)
(0,0,0)
(0,0,0)
(0,0,0)
(0,0,0)
(0,0,0)
(0,0,0)
(0,0,0)
(0,0,0)
(0,0,0)
(0,0,0)
(0,0,0)
(0,0,0)
(0,0,0)
(0,0,0)
(0,0,0)
(0,0,0)
(0,0,0)
(0,0,0)
(0,0,0)
(0,0,0)
(0,0,0)
(0,0,0)
(0,0,0)
(0,0,0)
(0,0,0)
(0,0,0)
(0,0,0)
(0,0,0)
(0,0,0)
(0,0,0)
(0,0,0)
(0,0,0)
(0,0,0)
(0,0,0)
(0,0,0)
(0,0,0)
(0,0,0)
(0,0,0)
(0,0,0)
(0,0,0)
(0,0,0)
(0,0,0)
(0,0,0)
(0,0,0)
(0,0,0)
(0,0,0)
(0,0,0)
(0,0,0)
(0,0,0)
(0,0,0)
(0,0,0)
(0,0,0)
(0,0,0)
(0,0,0)
(0,0,0)
(0,0,0)
(0,0,0)
(0,0,0)
(0,0,0)
(0,0,0)
(0,0,0)
(0,0,0)
(0,0,0)
(0,0,0)
(0,0,0)
(0,0,0)
(0,0,0)
(0,0,0)
(0,0,0)
(0,0,0)
(0,0,0)
(0,0,0)
(0,0,0)
(0,0,0)
(0,0,0)
(0,0,0)
(0,0,0)
(0,0,0)
(0,0,0)
(0,0,0)
(0,0,0)
(0,0,0)
(0,0,0)
(0,0,0)
(0,0,0)
(0,0,0)
(0,0,0)
(0,0,0)
(-201041.370027098,17181.1215720417,13813.5189734625)
(-207121.997649335,15832.0799576556,27915.9616936803)
(-220477.255677158,12731.9127091253,42361.2256429734)
(-243675.96828327,7053.18184770761,56477.5289811927)
(-281087.827757707,-2306.5925141606,67401.8304669615)
(-338625.939979982,-15717.4955805447,65965.117667898)
(-421153.198026413,-29112.4423527713,24376.0495994985)
(-523302.175184244,-29107.597542376,-130235.780652863)
(-604929.620063777,-17882.0236667464,-522884.650516719)
(-525736.097174851,-7577.2891176693,-1234505.35836647)
(0,0,0)
(0,0,0)
(0,0,0)
(0,0,0)
(0,0,0)
(0,0,0)
(-207959.916625841,35107.594611262,12402.5237536986)
(-213701.304890563,32544.3910449323,24765.9425281577)
(-226299.789167696,26571.9134700939,36657.8071750004)
(-248278.187871725,15090.0423932296,47080.0511835923)
(-283959.568334981,-5708.52074629016,53940.3060863894)
(-339800.527575283,-40460.1052754059,52444.8998909379)
(-421802.850934331,-84453.8030720679,24291.9777322506)
(-520847.514561364,-83344.3374575036,-119006.419586461)
(-600937.740224865,-44587.5873752124,-512541.701547571)
(-523258.917958125,-16962.9347788057,-1226838.47207718)
(0,0,0)
(0,0,0)
(0,0,0)
(0,0,0)
(0,0,0)
(0,0,0)
(-223007.643855902,53876.2494176657,9802.59023229617)
(-228096.059999696,50537.9764734198,18708.0358827617)
(-239211.923175181,42550.1402802479,25101.576898046)
(-258666.868446999,26209.0773180745,26278.368540251)
(-290787.342522395,-7496.63708227837,19213.7530670488)
(-344338.750290324,-79206.0478747388,8334.74095866648)
(-434727.237589662,-216940.834729745,25305.6273476972)
(-521127.505833357,-214337.807779624,-80284.7279182521)
(-591288.648116692,-87132.0250796193,-484926.358852073)
(-517282.834390742,-27258.9516772762,-1209859.67735207)
(0,0,0)
(0,0,0)
(0,0,0)
(0,0,0)
(0,0,0)
(0,0,0)
(-248854.441327483,71890.9114067766,6408.88552663661)
(-252992.983957748,68543.3631978647,10576.0641056714)
(-261954.834293407,60475.9689266438,8612.2825983202)
(-277307.484224894,43491.391330357,-7461.37304059167)
(-302509.012578924,4715.91642396937,-52431.1513906568)
(-352279.445365476,-105345.945040333,-129397.998181125)
(-532100.878457693,-531897.982386092,27864.2930082683)
(-559797.237343811,-559877.657643112,46814.6979021322)
(-568755.608852975,-128065.181820002,-425191.477922778)
(-505157.720250638,-28929.7159566068,-1182734.8382084)
(0,0,0)
(0,0,0)
(0,0,0)
(0,0,0)
(0,0,0)
(0,0,0)
(-289575.185896522,83816.3501571879,2964.15115137805)
(-292603.349030007,81254.4304860776,2351.39570903214)
(-298891.063177858,75391.6772588562,-8484.58629188292)
(-307964.397595975,64342.3931093225,-46274.1351923878)
(-314438.030351034,44266.3234437914,-162432.674319576)
(-283473.000540753,11165.874532929,-555822.600102718)
(-8.04670915335077e-05,-2.26887796455505e-05,5.43558440093467e-05)
(229.416561464987,298.683672962665,478504.640422075)
(-478273.230662531,-11319.0249360386,-326290.019315776)
(-483273.134108896,-1653.97343417598,-1154053.12198735)
(0,0,0)
(0,0,0)
(0,0,0)
(0,0,0)
(0,0,0)
(0,0,0)
(-350374.6314645,76504.6407709242,299.183046513302)
(-352365.094591531,75077.4622891391,-3625.76690032386)
(-356177.175127073,72258.5054739864,-19575.0119970818)
(-360132.26681148,67994.2107420051,-66325.008340234)
(-355607.040100087,61458.9501376802,-195436.385130171)
(-301118.679673331,47388.4470953519,-566818.786773336)
(-7.11444846238608e-05,-2.58139013702578e-05,3.63509455603503e-05)
(209.07216112247,669.184995820173,466528.059731994)
(-466170.472487232,32868.2935964045,-316924.550590419)
(-482914.737148674,13967.5113758264,-1152683.18101918)
(0,0,0)
(0,0,0)
(0,0,0)
(0,0,0)
(0,0,0)
(0,0,0)
(-435289.455363503,20326.2958309496,-1158.92780696704)
(-436419.255201126,20049.9279823028,-6514.79305576884)
(-438223.817404445,20340.6755520637,-23897.9009208586)
(-438260.97611437,23366.5433207172,-72872.9692761129)
(-425847.847846855,33096.9539139176,-209505.126682542)
(-353239.072556196,49331.1466739363,-614140.695481304)
(-0.000195942918998154,7.27465152417882e-05,5.47591838773362e-05)
(-313.786513935116,493037.061745957,498356.492003455)
(-498800.941583104,101399.30326595,-336147.824245738)
(-502459.06899842,12206.8936644759,-1166937.12110724)
(0,0,0)
(0,0,0)
(0,0,0)
(0,0,0)
(0,0,0)
(0,0,0)
(-538366.075737003,-148298.112766069,-1459.80561946454)
(-538914.817648623,-147838.536924376,-6268.32951710996)
(-539382.528871093,-145395.363960777,-20927.8901236086)
(-537153.22471815,-136041.062967238,-63185.6771944809)
(-520970.869055687,-103375.631391867,-193300.408137826)
(-437519.82655135,18144.3078958586,-663434.463079537)
(-413.548259242839,549718.366900828,492803.225857675)
(-493316.34514241,119271.55845027,106397.383920986)
(-621544.836231202,-57403.8211795429,-425684.83739053)
(-544570.010593632,-74069.0420217177,-1179474.88166432)
(0,0,0)
(0,0,0)
(0,0,0)
(0,0,0)
(0,0,0)
(0,0,0)
(-617760.255263508,-547576.895541112,-970.19994468438)
(-617972.774831808,-547092.058476085,-3795.46283683159)
(-617950.876107769,-544911.219276715,-11588.1067336682)
(-616223.014622987,-537793.1016969,-30555.8562073906)
(-608249.6424962,-517606.514755168,-71816.1328808077)
(-583550.523324865,-465963.345995838,-131932.774165642)
(-550244.834447642,-361949.873299507,62161.2087351565)
(-632018.100654416,-430401.517729412,-70540.3117880386)
(-680041.39857004,-441061.676614294,-442652.152733592)
(-557477.492933835,-312336.756636014,-1105733.61435897)
(0,0,0)
(0,0,0)
(0,0,0)
(0,0,0)
(0,0,0)
(0,0,0)
(-532961.69932044,-1261117.61754091,-381.877458013216)
(-533021.114462479,-1260824.07961649,-1499.13841513849)
(-532972.23042809,-1259464.46695909,-4343.36095698618)
(-532284.062198941,-1255359.53985864,-10271.0708218493)
(-529771.778391977,-1245253.212605,-20128.0680832156)
(-524314.276886033,-1225165.4428846,-27990.863658908)
(-522336.617228956,-1197104.11087412,-6494.51756153639)
(-550975.173247088,-1190408.9509886,-81458.1463540399)
(-558795.494487902,-1108708.99581032,-314208.400503655)
(-446932.99316919,-794185.608082643,-793757.199089421)
(0,0,0)
(0,0,0)
(0,0,0)
(0,0,0)
(0,0,0)
(0,0,0)
(0,0,0)
(0,0,0)
(0,0,0)
(0,0,0)
(0,0,0)
(0,0,0)
(0,0,0)
(0,0,0)
(0,0,0)
(0,0,0)
(0,0,0)
(0,0,0)
(0,0,0)
(0,0,0)
(0,0,0)
(0,0,0)
(0,0,0)
(0,0,0)
(0,0,0)
(0,0,0)
(0,0,0)
(0,0,0)
(0,0,0)
(0,0,0)
(0,0,0)
(0,0,0)
(0,0,0)
(0,0,0)
(0,0,0)
(0,0,0)
(0,0,0)
(0,0,0)
(0,0,0)
(0,0,0)
(0,0,0)
(0,0,0)
(0,0,0)
(0,0,0)
(0,0,0)
(0,0,0)
(0,0,0)
(0,0,0)
(0,0,0)
(0,0,0)
(0,0,0)
(0,0,0)
(0,0,0)
(0,0,0)
(0,0,0)
(0,0,0)
(0,0,0)
(0,0,0)
(0,0,0)
(0,0,0)
(0,0,0)
(0,0,0)
(0,0,0)
(0,0,0)
(0,0,0)
(0,0,0)
(0,0,0)
(0,0,0)
(0,0,0)
(0,0,0)
(0,0,0)
(0,0,0)
(0,0,0)
(0,0,0)
(0,0,0)
(0,0,0)
(0,0,0)
(0,0,0)
(0,0,0)
(0,0,0)
(0,0,0)
(0,0,0)
(0,0,0)
(0,0,0)
(0,0,0)
(0,0,0)
(0,0,0)
(0,0,0)
(0,0,0)
(0,0,0)
(0,0,0)
(0,0,0)
(0,0,0)
(0,0,0)
(0,0,0)
(0,0,0)
(0,0,0)
(0,0,0)
(0,0,0)
(0,0,0)
(0,0,0)
(0,0,0)
(-219238.998333108,10395.1402192508,7802.48808675704)
(-223367.056464035,9371.46532607217,14676.0815753867)
(-232035.281380921,6996.17184491087,19237.9354342385)
(-246148.405425197,2542.26527342165,19168.1073027462)
(-266847.728759933,-5159.2687932723,10087.2770982372)
(-295179.676877748,-16962.673868131,-16396.3121358673)
(-329974.036879455,-29846.4875907789,-77728.9856920442)
(-362422.71706866,-26716.8797093225,-211891.564098307)
(-359288.55098096,-13924.0577836328,-443608.575397486)
(-255537.064369089,-5135.25337569635,-708672.354827524)
(0,0,0)
(0,0,0)
(0,0,0)
(0,0,0)
(0,0,0)
(0,0,0)
(-224542.696660398,20238.1242258952,6739.79602790875)
(-228155.958698783,18325.1417573286,12240.7734048734)
(-235576.23658525,13774.0139751964,14739.378692144)
(-247238.204866487,4791.55859528298,11450.102365047)
(-263387.367018456,-12511.2561312673,-1770.1116134854)
(-284037.027904069,-45069.3698452675,-29426.9153075617)
(-308859.929940799,-97496.3664026456,-74719.9574892327)
(-339466.375666546,-83711.6258326192,-199106.35026076)
(-344223.088055994,-34952.6330396122,-434792.427173656)
(-248737.437516512,-10968.2648451378,-703480.896145809)
(0,0,0)
(0,0,0)
(0,0,0)
(0,0,0)
(0,0,0)
(0,0,0)
(-235801.609417049,28242.8138551477,4789.27593189432)
(-238430.215196719,25816.6238043493,7631.94908189964)
(-243419.539811456,19921.0318254932,5692.54786787571)
(-249990.078897737,7637.98921953522,-5830.67230563925)
(-255616.403728682,-19218.5329563685,-34294.3342742499)
(-254488.845581618,-87229.2972953645,-81984.3115328502)
(-238649.959900427,-314453.789357631,-61104.1662671051)
(-262386.191611526,-253110.111681313,-150446.994640246)
(-301177.487342951,-64650.005031459,-410860.783422144)
(-231473.38648621,-15151.6180464162,-692486.878125406)
(0,0,0)
(0,0,0)
(0,0,0)
(0,0,0)
(0,0,0)
(0,0,0)
(-254270.720475578,31351.1054036721,2307.98759956839)
(-255585.556750601,29068.2747206955,1648.90947607437)
(-257315.582250676,23632.1446887054,-6701.45542986803)
(-256582.554912587,12880.3993761762,-32668.7948988151)
(-244962.358282321,-7214.86881330761,-102219.113338484)
(-195869.469724814,-36613.8879540937,-309244.498320419)
(-3.95130644545197e-05,-6.16241532862983e-06,2.04567472037439e-05)
(-158.605131498815,-6.9846733538466,37800.3047634356)
(-196369.415391534,-37659.4544350313,-361576.439294425)
(-197306.650485105,-7084.34118436324,-677494.785922024)
(0,0,0)
(0,0,0)
(0,0,0)
(0,0,0)
(0,0,0)
(0,0,0)
(-281305.770873493,23150.1592667871,-68.4688861433707)
(-281319.508741615,21605.6702563141,-3889.70471015466)
(-279809.058798207,18178.7487329285,-17518.3131340307)
(-272070.24212313,12213.7476616763,-52745.8168923743)
(-246016.198315385,3115.85218634464,-131498.369927673)
(-172654.799986546,-6501.70021232587,-272428.758223642)
(5.35180967847235e-06,-1.80947327862503e-06,-9.61085658054213e-05)
(-8.87524605145058e-05,-1.25258618183584e-05,5.80505218071589e-06)
(223.917021819548,683.152725280994,-331306.316542371)
(-149585.655460852,-1338.79349057798,-670739.34288417)
(0,0,0)
(0,0,0)
(0,0,0)
(0,0,0)
(0,0,0)
(0,0,0)
(-317298.936518478,-8215.62083829917,-1709.9148409345)
(-316284.758842346,-8783.68948376086,-7400.89085004554)
(-312286.03423227,-9631.80275434405,-23481.480257576)
(-299606.8643624,-10025.5419921276,-61767.59305285)
(-264585.546126968,-8710.79423234451,-140962.440607275)
(-178122.446148035,-4701.49178492392,-265758.882559971)
(-4.44707853921815e-07,-6.82195037235979e-06,-7.16224218802499e-05)
(-6.50669569730266e-05,-2.2721983215589e-05,2.87589894609063e-06)
(-97.3285548057423,192.33252171532,-333709.110060297)
(-142660.911957384,-5580.04349609604,-669721.685246078)
(0,0,0)
(0,0,0)
(0,0,0)
(0,0,0)
(0,0,0)
(0,0,0)
(-358616.37505998,-82569.5279989121,-2319.17314290798)
(-357001.432234403,-82224.8528620946,-8295.83273128921)
(-351634.067369128,-80632.2133890581,-23885.1721319016)
(-336338.295995026,-75394.8122757894,-60438.5819675878)
(-296185.406427842,-61883.9366189672,-136927.880999982)
(-199038.411410255,-34773.8047372593,-261056.229193589)
(-9.85486491350853e-06,-0.000113383694858382,-8.53121809383432e-05)
(-0.000112141444221814,1.00212677903131e-06,2.9098801206439e-06)
(-70.8158327193977,-21361.5919871761,-339796.769437159)
(-153469.567465037,-29898.7220446257,-664467.592422007)
(0,0,0)
(0,0,0)
(0,0,0)
(0,0,0)
(0,0,0)
(0,0,0)
(-391387.910054329,-227539.667022715,-2008.02665886782)
(-389689.615855032,-226731.866641104,-6726.21467345603)
(-384270.932013705,-223813.944758644,-18656.0801612601)
(-369270.943535356,-214971.011955575,-46962.1616642668)
(-329485.940114413,-190471.846715496,-109859.180509006)
(-228069.660340646,-127700.970176003,-226382.18128097)
(-0.000133178434169701,6.61606443892856e-06,8.18659597040114e-06)
(-205.857793239383,-19339.1719473928,-21723.5051458229)
(-200107.515125785,-115860.818670085,-348661.599568331)
(-201262.600844624,-86958.4889577387,-634909.242404225)
(0,0,0)
(0,0,0)
(0,0,0)
(0,0,0)
(0,0,0)
(0,0,0)
(-381382.809313362,-462724.115546116,-1192.99742674467)
(-380039.911806995,-462052.602971386,-3805.12412127324)
(-375916.322121186,-459805.330093024,-9848.29277347586)
(-364817.314066235,-453687.606007102,-22537.3992787018)
(-335231.743087189,-438904.455582838,-47122.6898203676)
(-253266.792710567,-406464.520648494,-98642.8699621751)
(-458.835087763691,-333814.554083693,-19610.9920820246)
(-203283.239652334,-349179.423355547,-118505.601675954)
(-274682.647966427,-319711.568685523,-320013.602264129)
(-214494.887638841,-201732.189378217,-548222.507138646)
(0,0,0)
(0,0,0)
(0,0,0)
(0,0,0)
(0,0,0)
(0,0,0)
(-267118.530201874,-728096.435681628,-470.848983058578)
(-266408.849284767,-727652.607394591,-1483.10973757751)
(-264335.553817313,-726272.940444494,-3652.17599690374)
(-259097.441265124,-722800.417722021,-7725.9852158036)
(-246573.311938563,-715159.399036275,-14669.5082157746)
(-218941.768303783,-700482.213501044,-26024.3239454748)
(-172613.671151925,-674405.659867416,-35156.164238792)
(-206950.301718437,-639105.2619196,-89255.197203392)
(-215825.309976762,-549666.630506157,-202270.319893914)
(-157058.582155756,-347112.303153653,-346764.617131919)
(0,0,0)
(0,0,0)
(0,0,0)
(0,0,0)
(0,0,0)
(0,0,0)
(0,0,0)
(0,0,0)
(0,0,0)
(0,0,0)
(0,0,0)
(0,0,0)
(0,0,0)
(0,0,0)
(0,0,0)
(0,0,0)
(0,0,0)
(0,0,0)
(0,0,0)
(0,0,0)
(0,0,0)
(0,0,0)
(0,0,0)
(0,0,0)
(0,0,0)
(0,0,0)
(0,0,0)
(0,0,0)
(0,0,0)
(0,0,0)
(0,0,0)
(0,0,0)
(0,0,0)
(0,0,0)
(0,0,0)
(0,0,0)
(0,0,0)
(0,0,0)
(0,0,0)
(0,0,0)
(0,0,0)
(0,0,0)
(0,0,0)
(0,0,0)
(0,0,0)
(0,0,0)
(0,0,0)
(0,0,0)
(0,0,0)
(0,0,0)
(0,0,0)
(0,0,0)
(0,0,0)
(0,0,0)
(0,0,0)
(0,0,0)
(0,0,0)
(0,0,0)
(0,0,0)
(0,0,0)
(0,0,0)
(0,0,0)
(0,0,0)
(0,0,0)
(0,0,0)
(0,0,0)
(0,0,0)
(0,0,0)
(0,0,0)
(0,0,0)
(0,0,0)
(0,0,0)
(0,0,0)
(0,0,0)
(0,0,0)
(0,0,0)
(0,0,0)
(0,0,0)
(0,0,0)
(0,0,0)
(0,0,0)
(0,0,0)
(0,0,0)
(0,0,0)
(0,0,0)
(0,0,0)
(0,0,0)
(0,0,0)
(0,0,0)
(0,0,0)
(0,0,0)
(0,0,0)
(0,0,0)
(0,0,0)
(0,0,0)
(0,0,0)
(0,0,0)
(0,0,0)
(0,0,0)
(0,0,0)
(0,0,0)
(0,0,0)
(-228258.947711984,5300.54635327359,3719.40302560681)
(-230472.340848387,4760.55138680485,6064.13602315383)
(-234780.101976704,3580.06624492106,5228.89037401476)
(-241052.749435892,1535.68427084278,-1402.4498861339)
(-248570.746347729,-1677.41643789515,-18002.0158604421)
(-256342.082416263,-5860.05384175944,-50979.5564801649)
(-262114.497389425,-8792.68751791183,-110046.408452285)
(-259880.25856055,-3847.49144482556,-208741.375515569)
(-229304.385457017,1064.5494785163,-339790.090518016)
(-143913.871332616,1612.94627308701,-453026.229827595)
(0,0,0)
(0,0,0)
(0,0,0)
(0,0,0)
(0,0,0)
(0,0,0)
(-231707.944326762,9284.33183339932,3181.46218624321)
(-233398.704769509,8320.08342974033,4864.6762140331)
(-236439.839914738,6121.81694582839,3186.52884261402)
(-240092.53817901,2158.3063644041,-4581.75993842677)
(-242739.79688598,-4683.55588512789,-22223.1906236681)
(-242535.409922257,-15533.4006318441,-54051.4618153979)
(-239156.139462938,-27335.9101629805,-105212.029648185)
(-237970.810878458,-6679.96074321222,-203875.125137884)
(-215819.10698806,8056.15867555862,-339270.715402852)
(-138030.618275089,6270.78145155082,-454635.369822744)
(0,0,0)
(0,0,0)
(0,0,0)
(0,0,0)
(0,0,0)
(0,0,0)
(-238791.949729441,10064.3258018786,2210.34634391396)
(-239494.118780884,8913.58881721045,2680.7445406099)
(-240065.790183701,6231.47709210571,-782.665233417398)
(-238408.464116706,1175.12822368423,-11381.1018737311)
(-230133.083723282,-8501.44971164545,-33046.5280526122)
(-208484.869201243,-28601.7126435574,-65982.1924212793)
(-171389.680443346,-75862.4203656675,-84715.9616756712)
(-173609.945066105,9091.73323561654,-189263.902199921)
(-181348.54738529,40135.0605665649,-341171.744048593)
(-124445.022474396,19003.2479929698,-460932.574601818)
(0,0,0)
(0,0,0)
(0,0,0)
(0,0,0)
(0,0,0)
(0,0,0)
(-249679.700668066,4474.78291760429,998.523076762103)
(-249121.29793609,3480.29905357802,-32.4459741144317)
(-246501.237856095,1267.59536444604,-5882.90864103593)
(-237727.068645934,-2535.86086777726,-21027.405816229)
(-213169.808468997,-8219.80402133698,-53101.6013198601)
(-150867.727145191,-13379.1585042256,-113325.898038816)
(-3.32590733254192e-05,-5.34080738627458e-06,-4.67620665085029e-06)
(-213.713843959691,174.640457449054,-158479.290505026)
(-111085.084177162,158946.5235801,-362575.084732937)
(-101393.614943413,40645.5671129152,-480130.439394581)
(0,0,0)
(0,0,0)
(0,0,0)
(0,0,0)
(0,0,0)
(0,0,0)
(-264029.136464725,-12736.3546170954,-65.4968740657041)
(-262331.044256904,-13271.0793537066,-2302.58295149088)
(-256879.863329134,-14252.9125027753,-9711.27055334254)
(-242313.0243623,-15316.8154006544,-26687.5337812946)
(-207340.104327769,-15417.0747782135,-58166.3570120341)
(-132439.569858779,-11936.5512858887,-99824.1943581387)
(5.08939371879538e-06,-3.5452682457753e-07,-6.84056050219943e-06)
(-7.91190393374752e-05,-3.6125736465117e-06,-1.287890809657e-05)
(-247.876663543338,360.046640703506,-481198.919671612)
(-74603.4331176865,5592.46481472093,-521128.039716587)
(0,0,0)
(0,0,0)
(0,0,0)
(0,0,0)
(0,0,0)
(0,0,0)
(-279989.745189864,-49385.7613209424,-659.784624768946)
(-277524.137343986,-49364.6985115705,-3326.7869652653)
(-270257.807179776,-48861.6999168825,-10746.2266036557)
(-252307.805183015,-46640.9111254009,-26721.1900582936)
(-211998.685141605,-40191.0366833551,-54534.0891385148)
(-131312.940844443,-25544.6701382502,-87735.4755897459)
(2.52655180044473e-07,-3.00647283573278e-06,-8.04021589860163e-12)
(-5.49047449629923e-05,-3.46657245423041e-06,-1.03082212425317e-05)
(-459.25462800884,216.877476875388,-476300.460747409)
(-69949.1303742249,-16376.496926837,-527043.280589008)
(0,0,0)
(0,0,0)
(0,0,0)
(0,0,0)
(0,0,0)
(0,0,0)
(-292166.489485762,-115164.898700452,-670.748194714591)
(-289455.431632922,-114724.902713661,-2856.5445941099)
(-281729.515392703,-113089.628408133,-8533.16807928192)
(-263105.613445036,-108138.207985422,-20268.5537692517)
(-221797.101463657,-95001.3907866222,-39846.5046301684)
(-138591.431503477,-63664.9060287991,-62173.2486463973)
(-7.10597300673822e-06,-7.17243432240576e-06,-9.48230042449859e-12)
(-9.46234251100042e-05,-5.00092123557509e-06,-1.59836798127654e-05)
(-386.615483399984,-221366.569928944,-493202.6624861)
(-74368.509842177,-77680.0643795159,-511000.152656295)
(0,0,0)
(0,0,0)
(0,0,0)
(0,0,0)
(0,0,0)
(0,0,0)
(-288912.14050268,-217373.393532019,-267.27472008292)
(-286501.629684369,-216921.682352206,-1258.48125219539)
(-279727.959171243,-215287.399592058,-3603.68291073157)
(-263545.203232366,-210317.67008716,-7149.96111198145)
(-227125.570957672,-195992.922348247,-8518.79870709782)
(-149131.449196629,-152614.061249318,1492.14536940273)
(-0.000116854407074927,-1.86772155456575e-05,-4.9229049795662e-06)
(-342.656333534291,-222168.456531615,-221480.553689796)
(-102867.534807734,-190327.187289902,-349759.916646889)
(-94930.7839792553,-100142.371114957,-433629.426776817)
(0,0,0)
(0,0,0)
(0,0,0)
(0,0,0)
(0,0,0)
(0,0,0)
(-250617.392160938,-348303.191421061,164.380736615896)
(-248896.993810512,-348235.002955095,334.783343013983)
(-244188.669290595,-347980.750918766,1300.48183912944)
(-233275.809511249,-347665.915517438,7107.22271442166)
(-209025.951965874,-349899.721952449,34808.2311973057)
(-153483.993861143,-371730.419452788,154141.790551347)
(-812.485017192068,-505559.797445331,-222381.886456454)
(-105481.947402215,-352534.078835755,-189817.556402433)
(-134421.012679747,-260646.620767439,-259759.758211581)
(-96511.3484526611,-144185.231921426,-333700.436591291)
(0,0,0)
(0,0,0)
(0,0,0)
(0,0,0)
(0,0,0)
(0,0,0)
(-154859.683348706,-460798.408622473,236.370348250444)
(-153995.060695361,-461009.961395205,597.540198953093)
(-151703.289742127,-461639.591781397,1624.11698639902)
(-146643.36582384,-463346.745851946,4850.87187962468)
(-136336.568300996,-468228.371958643,12942.7782482653)
(-116880.649361934,-481141.876571643,20293.1164252687)
(-86992.0607115502,-501395.883081003,-69492.4083794367)
(-99057.1532989703,-431817.563548266,-98102.0720863949)
(-97520.202813642,-333586.023708349,-143467.776308595)
(-65104.0412578779,-189915.556417544,-189691.992710364)
(0,0,0)
(0,0,0)
(0,0,0)
(0,0,0)
(0,0,0)
(0,0,0)
(0,0,0)
(0,0,0)
(0,0,0)
(0,0,0)
(0,0,0)
(0,0,0)
(0,0,0)
(0,0,0)
(0,0,0)
(0,0,0)
(0,0,0)
(0,0,0)
(0,0,0)
(0,0,0)
(0,0,0)
(0,0,0)
(0,0,0)
(0,0,0)
(0,0,0)
(0,0,0)
(0,0,0)
(0,0,0)
(0,0,0)
(0,0,0)
(0,0,0)
(0,0,0)
(0,0,0)
(0,0,0)
(0,0,0)
(0,0,0)
(0,0,0)
(0,0,0)
(0,0,0)
(0,0,0)
(0,0,0)
(0,0,0)
(0,0,0)
(0,0,0)
(0,0,0)
(0,0,0)
(0,0,0)
(0,0,0)
(0,0,0)
(0,0,0)
(0,0,0)
(0,0,0)
(0,0,0)
(0,0,0)
(0,0,0)
(0,0,0)
(0,0,0)
(0,0,0)
(0,0,0)
(0,0,0)
(0,0,0)
(0,0,0)
(0,0,0)
(0,0,0)
(0,0,0)
(0,0,0)
(0,0,0)
(0,0,0)
(0,0,0)
(0,0,0)
(0,0,0)
(0,0,0)
(0,0,0)
(0,0,0)
(0,0,0)
(0,0,0)
(0,0,0)
(0,0,0)
(0,0,0)
(0,0,0)
(0,0,0)
(0,0,0)
(0,0,0)
(0,0,0)
(0,0,0)
(0,0,0)
(0,0,0)
(0,0,0)
(0,0,0)
(0,0,0)
(0,0,0)
(0,0,0)
(0,0,0)
(0,0,0)
(0,0,0)
(0,0,0)
(0,0,0)
(0,0,0)
(0,0,0)
(0,0,0)
(0,0,0)
(0,0,0)
(-231780.162113156,2036.06425181396,1485.15014935314)
(-232719.164598957,2003.78569927796,1728.18820064382)
(-234257.148568162,2082.354045342,-877.119253240866)
(-235806.487082044,2604.95786931927,-8728.33947640546)
(-236029.608787622,4208.41466749694,-25477.8917040088)
(-233290.05427828,7960.98134617571,-56490.9011881658)
(-225165.161764529,14143.7401200084,-107583.976933067)
(-207427.850047551,18004.9964182967,-178041.381864365)
(-167594.328453178,14509.7171553181,-254261.156023523)
(-96754.1316284332,7470.53775958343,-308891.433487299)
(0,0,0)
(0,0,0)
(0,0,0)
(0,0,0)
(0,0,0)
(0,0,0)
(-233674.139767528,2531.26277597539,1470.99691660261)
(-234244.988212094,2516.21735279953,1804.84870566695)
(-234930.40284824,2739.92473214979,-362.159047638761)
(-234739.188814606,3997.16953115417,-7107.72007387652)
(-231898.182641097,8022.9896968062,-21763.9093480712)
(-224495.766358189,18581.4570721775,-50424.0286381411)
(-212063.167542934,40459.0405180319,-103832.300956172)
(-199869.3136078,57697.6869616136,-181626.488770156)
(-164111.059135529,42552.6416887149,-261377.461156091)
(-95371.1811658149,19856.7615579512,-316423.122063734)
(0,0,0)
(0,0,0)
(0,0,0)
(0,0,0)
(0,0,0)
(0,0,0)
(-237240.655196143,-493.806336417665,1473.7745790928)
(-237132.268892574,-434.159273457689,2062.30131703731)
(-236150.299226254,3.51071175127402,883.224379986174)
(-232433.925583915,1981.41183980998,-3075.55646145812)
(-222538.675971013,8558.50283765864,-11205.4773545792)
(-201542.411844981,29090.906252499,-28657.3838911609)
(-168399.768523953,95564.6257869335,-86752.8810794573)
(-188250.161134869,182509.333452603,-196924.311501685)
(-161912.134054708,110427.693450156,-284235.776593703)
(-94500.0534632262,42075.6013086615,-336399.585355594)
(0,0,0)
(0,0,0)
(0,0,0)
(0,0,0)
(0,0,0)
(0,0,0)
(-241997.973153616,-9680.06506165437,1504.53121078715)
(-241036.284587996,-9549.39848018106,2534.75706941306)
(-237886.710720476,-8971.10030137402,2894.84094691791)
(-229353.500475128,-7048.41626075385,3551.10087667687)
(-208072.343882647,-2330.9195178504,9343.05864584215)
(-155252.107704447,5092.22439268413,37726.1210649144)
(-2.41078289796093e-05,8.7091538214732e-06,-1.45006133347176e-05)
(-218023.939639574,324.288819913735,-269236.437052787)
(-186846.093972613,269807.402295552,-352855.136102739)
(-100990.197724284,67471.4444720387,-378654.396485225)
(0,0,0)
(0,0,0)
(0,0,0)
(0,0,0)
(0,0,0)
(0,0,0)
(-246742.403974754,-28589.1944101528,1622.39685852474)
(-245046.219055204,-28344.9323652011,3133.10554184668)
(-240039.589104565,-27547.9693591963,4869.70037509982)
(-227518.362232243,-25289.2269682231,8315.84895250856)
(-198100.996432049,-20052.2138727015,16798.0354116393)
(-132434.565609852,-10771.3360044868,32656.5915598846)
(1.07633569757603e-05,1.73306114432932e-06,2.22676294168136e-06)
(-5.51100692123578e-05,3.52744761816286e-06,-2.50205481952313e-05)
(-340932.543731042,202.218543379906,-555488.447730066)
(-126519.775230776,10306.131768555,-446406.792913501)
(0,0,0)
(0,0,0)
(0,0,0)
(0,0,0)
(0,0,0)
(0,0,0)
(-248977.569719767,-61415.899182403,1814.52930215196)
(-246877.332872689,-61104.6345152977,3927.42698095316)
(-240949.979927403,-60117.7317931079,7189.36216249461)
(-226759.735412385,-57257.1185861117,13609.184009753)
(-194761.208311636,-49849.315311235,26168.8086183191)
(-126704.586478931,-32740.3268278376,43529.445076156)
(2.0624021708465e-06,1.01598340913178e-06,5.97618183791714e-13)
(-3.84118351101666e-05,6.16198185779952e-06,-1.91274434948444e-05)
(-323190.649581141,358.565343659588,-545675.792147745)
(-127614.90064703,-20720.6299540331,-456983.26015236)
(0,0,0)
(0,0,0)
(0,0,0)
(0,0,0)
(0,0,0)
(0,0,0)
(-243937.410597127,-111706.246558,2061.26848696717)
(-241872.593096581,-111514.245600974,4888.04103630123)
(-236221.907593864,-110801.072554141,10063.7739984923)
(-223052.825509829,-108287.854211159,21041.7216883346)
(-193845.270990713,-100095.273327782,43335.8492319372)
(-130237.736930846,-74055.914304128,76297.7421355935)
(-3.18984587052674e-06,-1.2740448743554e-06,-6.90689917833687e-13)
(-5.20569451147372e-05,-8.70187977112429e-06,-2.77026190570334e-05)
(-354698.335641339,-323708.636569435,-567054.163078561)
(-127436.243719482,-98169.7997911529,-436537.25936414)
(0,0,0)
(0,0,0)
(0,0,0)
(0,0,0)
(0,0,0)
(0,0,0)
(-223923.712352025,-178886.864728447,2192.19001979286)
(-222292.795102953,-179093.76963639,5562.87947379205)
(-218032.64118302,-179501.225015555,12567.7139469833)
(-208756.793642718,-179776.667398304,29268.117544479)
(-189769.70973763,-177606.431448767,69423.4144454202)
(-147512.68043298,-156608.63985435,150357.371231992)
(-6.94767505867049e-05,-3.47249302143875e-05,-1.07958644394564e-05)
(-261034.731084529,-326928.129489601,-323755.916676507)
(-186947.460395453,-221698.592920154,-341686.034738079)
(-94562.2008537897,-101637.544236821,-338586.873417872)
(0,0,0)
(0,0,0)
(0,0,0)
(0,0,0)
(0,0,0)
(0,0,0)
(-179120.919117607,-252304.99991643,1921.6621446491)
(-178100.688623531,-253054.233517282,5085.82083856012)
(-175672.947213568,-255165.392540559,12234.2662865345)
(-171564.108948836,-260659.360565308,31405.2588911214)
(-168801.885370799,-276791.479716735,90366.2405640159)
(-191895.704171948,-334662.972688314,306832.283708786)
(-397565.236858697,-591194.00153964,-326911.639322077)
(-195013.210150187,-345701.396715078,-218607.109348623)
(-129441.63625647,-223521.080567389,-221763.998124674)
(-70107.2976119861,-112684.918490832,-237120.674711333)
(0,0,0)
(0,0,0)
(0,0,0)
(0,0,0)
(0,0,0)
(0,0,0)
(-102601.698049175,-305676.264805694,1113.27958973376)
(-102128.798026736,-306718.617371275,2911.40077510373)
(-101069.236029833,-309593.597023152,6705.55154540177)
(-99493.9648171078,-316303.91132994,15200.7013033051)
(-98870.0917282342,-331464.744888362,32407.4899021664)
(-105548.446637552,-363811.51066453,50223.8251539999)
(-132531.665770308,-413937.52525587,-81493.046071018)
(-97353.8653568796,-332377.010731113,-96520.7199970754)
(-70688.3168604271,-235827.585017991,-111046.101499684)
(-39534.2241285052,-124717.305521051,-124583.531598837)
(0,0,0)
(0,0,0)
(0,0,0)
(0,0,0)
(0,0,0)
(0,0,0)
(0,0,0)
(0,0,0)
(0,0,0)
(0,0,0)
(0,0,0)
(0,0,0)
(0,0,0)
(0,0,0)
(0,0,0)
(0,0,0)
(0,0,0)
(0,0,0)
(0,0,0)
(0,0,0)
(0,0,0)
(0,0,0)
(0,0,0)
(0,0,0)
(0,0,0)
(0,0,0)
(0,0,0)
(0,0,0)
(0,0,0)
(0,0,0)
(0,0,0)
(0,0,0)
(0,0,0)
(0,0,0)
(0,0,0)
(0,0,0)
(0,0,0)
(0,0,0)
(0,0,0)
(0,0,0)
(0,0,0)
(0,0,0)
(0,0,0)
(0,0,0)
(0,0,0)
(0,0,0)
(0,0,0)
(0,0,0)
(0,0,0)
(0,0,0)
(0,0,0)
(0,0,0)
(0,0,0)
(0,0,0)
(0,0,0)
(0,0,0)
(0,0,0)
(0,0,0)
(0,0,0)
(0,0,0)
(0,0,0)
(0,0,0)
(0,0,0)
(0,0,0)
(0,0,0)
(0,0,0)
(0,0,0)
(0,0,0)
(0,0,0)
(0,0,0)
(0,0,0)
(0,0,0)
(0,0,0)
(0,0,0)
(0,0,0)
(0,0,0)
(0,0,0)
(0,0,0)
(0,0,0)
(0,0,0)
(0,0,0)
(0,0,0)
(0,0,0)
(0,0,0)
(0,0,0)
(0,0,0)
(0,0,0)
(0,0,0)
(0,0,0)
(0,0,0)
(0,0,0)
(0,0,0)
(0,0,0)
(0,0,0)
(0,0,0)
(0,0,0)
(0,0,0)
(0,0,0)
(0,0,0)
(0,0,0)
(0,0,0)
(0,0,0)
(-232721.662734061,380.351352081391,561.14926882674)
(-233056.742015015,693.266295758273,205.460389126956)
(-233382.326386034,1609.79679897697,-2279.15859198176)
(-233068.450567245,3827.05355169923,-8844.24865848145)
(-230751.222760128,8450.74907711742,-22573.3837630906)
(-224490.459134233,16823.5647317631,-48196.5436389049)
(-211003.26366888,27286.3306084668,-89644.7723430198)
(-184615.614493837,25577.6568992249,-138034.66479596)
(-140393.55817837,18017.7907613935,-183253.225832162)
(-76917.3824599322,8873.33202082629,-211963.307021486)
(0,0,0)
(0,0,0)
(0,0,0)
(0,0,0)
(0,0,0)
(0,0,0)
(-233497.013371109,-691.155054495042,894.380010157129)
(-233733.585295651,-67.5656482107104,1143.80903768559)
(-233875.328936325,1779.95054975747,-81.4186250093588)
(-233292.845575832,6498.93283126592,-4199.64114335036)
(-230964.016500946,17525.4857195844,-14208.5439259664)
(-225718.574608476,41642.0180132648,-37804.1889571815)
(-215346.751018927,84202.2247116496,-91436.4995843715)
(-189434.172023555,69390.6443237999,-145684.62859319)
(-144139.041474293,44825.1787919212,-192464.034284952)
(-78822.4975681494,20734.7121321935,-220874.097993984)
(0,0,0)
(0,0,0)
(0,0,0)
(0,0,0)
(0,0,0)
(0,0,0)
(-234564.898949356,-4931.53655240457,1564.62525112413)
(-234627.015321379,-4065.60532807168,3057.41135979058)
(-234419.256073611,-1528.76800796124,4635.08676486959)
(-233382.170263911,5233.73928503089,6848.52499109883)
(-231257.172166954,23176.2519882052,9916.25491841748)
(-230166.162821336,75520.3350757042,4661.68883233041)
(-237210.003439913,264084.615357433,-106410.46689749)
(-207697.481144281,152825.882961011,-170398.385525285)
(-156391.452248037,85584.9510313184,-216678.83957135)
(-84354.4411184257,35622.5831681956,-241712.322952149)
(0,0,0)
(0,0,0)
(0,0,0)
(0,0,0)
(0,0,0)
(0,0,0)
(-235127.568043143,-14228.2562141001,2426.31455122382)
(-234955.938657029,-13376.0671467448,5656.43043893357)
(-234264.233170215,-10963.3539925877,11468.5388733015)
(-232481.810551481,-5054.37999490361,24884.9682295847)
(-230101.112795446,7796.50364477682,62293.4854858078)
(-238588.289544821,28021.4420521988,193128.560349686)
(-351663.022798242,72.141233709242,-217897.961032337)
(-263525.988026733,218284.905025475,-237854.934709647)
(-188022.566403464,115754.485838121,-266847.997085591)
(-96732.5333122298,41980.224695452,-277463.303024907)
(0,0,0)
(0,0,0)
(0,0,0)
(0,0,0)
(0,0,0)
(0,0,0)
(-233568.228824296,-30695.9978862862,3293.56652172955)
(-233200.14235246,-30047.8428826595,8119.26555489921)
(-231987.053711776,-28334.7922036495,17438.1683731698)
(-228555.40095398,-24390.0725706457,37810.8996706478)
(-218501.261211398,-16560.1857757767,82567.8538705499)
(-182062.343309259,-4924.97787413397,165142.051496287)
(-3.9671926772322e-05,2.09859860663984e-05,3.35927827574687e-05)
(-348897.473860975,213.931526455289,-340614.287509219)
(-242925.74230095,18017.8025466758,-340884.40564786)
(-115021.890247816,9258.67090696788,-319660.736842335)
(0,0,0)
(0,0,0)
(0,0,0)
(0,0,0)
(0,0,0)
(0,0,0)
(-227369.636952834,-56197.8726278005,3893.94197458347)
(-226962.86204102,-55907.4839981017,9839.11225835582)
(-225683.222034148,-55184.1836654527,21421.7458269032)
(-222100.646092716,-53337.7780800745,45710.3620166616)
(-211192.472533632,-48737.7377069573,94319.178169838)
(-171409.454891421,-36149.9268562109,170248.995564401)
(-2.86201107807341e-05,3.13065357303061e-05,2.42740279413055e-05)
(-328479.376616857,102.790779545127,-323068.636818188)
(-247223.401209042,-31081.5184132387,-349936.56423038)
(-118645.403835739,-20483.2747488522,-329164.115385851)
(0,0,0)
(0,0,0)
(0,0,0)
(0,0,0)
(0,0,0)
(0,0,0)
(-212863.658507864,-91383.796735435,4112.17201837147)
(-212597.103660757,-91616.5359840875,10545.734568532)
(-211825.659629793,-92290.1013930985,23255.4043321098)
(-209820.209810819,-93652.0195224583,50337.0300754804)
(-203533.076373799,-95720.4147186592,107007.512470267)
(-174766.590354142,-91123.5890649315,206510.02810229)
(-3.83118544713399e-05,3.98108039892505e-05,3.09790765884191e-05)
(-362169.355857294,-260848.104904684,-354471.622314823)
(-244817.038255803,-155832.5734621,-339601.864651499)
(-113381.502231924,-65217.306394334,-308922.574493573)
(0,0,0)
(0,0,0)
(0,0,0)
(0,0,0)
(0,0,0)
(0,0,0)
(-185409.999550179,-133739.925692821,3842.41615553589)
(-185389.891590542,-134561.886653851,9884.8633128904)
(-185505.004538372,-136833.504921692,21900.6301968322)
(-186562.745657876,-142270.326637456,48324.8893269879)
(-192578.443157969,-156304.471238088,111717.67926676)
(-224054.202601321,-200650.708740914,297786.321111088)
(-405297.278745584,-397185.814552179,-260849.473368118)
(-272610.132390704,-260623.327899655,-249498.849066964)
(-179133.065817767,-164012.857333124,-249132.959773621)
(-87989.7525474165,-77067.0289544489,-243855.68551989)
(0,0,0)
(0,0,0)
(0,0,0)
(0,0,0)
(0,0,0)
(0,0,0)
(-140475.769456028,-175345.738507771,2960.66315337169)
(-140628.434154782,-176641.386941656,7567.90897243027)
(-141223.112272986,-180133.239168966,16417.8082791268)
(-143506.684582015,-188159.201954482,34249.259229335)
(-151757.070675944,-206421.530411967,67321.5037083584)
(-178573.525885733,-247869.319107798,101217.935789027)
(-243563.44265338,-325718.846062994,-124250.826905476)
(-179272.623873873,-247697.664978936,-152917.076102516)
(-119498.516084595,-164554.039215694,-162319.01439182)
(-60600.1099049862,-81993.4195466025,-166899.811506664)
(0,0,0)
(0,0,0)
(0,0,0)
(0,0,0)
(0,0,0)
(0,0,0)
(-76857.5158786099,-202690.307420571,1600.38674223782)
(-76998.3988336471,-204178.903184518,4007.50379200995)
(-77437.0174776589,-208089.866779769,8331.91285063721)
(-78857.6924221673,-216336.495070904,15872.9335721219)
(-83024.9791826282,-232123.116311591,25729.4069261414)
(-93167.7433905936,-257790.306506571,23269.691077955)
(-107759.682015726,-280967.878751872,-46253.259987757)
(-86874.438852045,-234636.120174954,-69794.2312965738)
(-60354.8747536633,-164840.216055047,-79841.4965639835)
(-31346.5381324111,-85020.7359725177,-85001.866134164)
(0,0,0)
(0,0,0)
(0,0,0)
(0,0,0)
(0,0,0)
(0,0,0)
(0,0,0)
(0,0,0)
(0,0,0)
(0,0,0)
(0,0,0)
(0,0,0)
(0,0,0)
(0,0,0)
(0,0,0)
(0,0,0)
(0,0,0)
(0,0,0)
(0,0,0)
(0,0,0)
(0,0,0)
(0,0,0)
(0,0,0)
(0,0,0)
(0,0,0)
(0,0,0)
(0,0,0)
(0,0,0)
(0,0,0)
(0,0,0)
(0,0,0)
(0,0,0)
(0,0,0)
(0,0,0)
(0,0,0)
(0,0,0)
(0,0,0)
(0,0,0)
(0,0,0)
(0,0,0)
(0,0,0)
(0,0,0)
(0,0,0)
(0,0,0)
(0,0,0)
(0,0,0)
(0,0,0)
(0,0,0)
(0,0,0)
(0,0,0)
(0,0,0)
(0,0,0)
(0,0,0)
(0,0,0)
(0,0,0)
(0,0,0)
(0,0,0)
(0,0,0)
(0,0,0)
(0,0,0)
(0,0,0)
(0,0,0)
(0,0,0)
(0,0,0)
(0,0,0)
(0,0,0)
(0,0,0)
(0,0,0)
(0,0,0)
(0,0,0)
(0,0,0)
(0,0,0)
(0,0,0)
(0,0,0)
(0,0,0)
(0,0,0)
(0,0,0)
(0,0,0)
(0,0,0)
(0,0,0)
(0,0,0)
(0,0,0)
(0,0,0)
(0,0,0)
(0,0,0)
(0,0,0)
(0,0,0)
(0,0,0)
(0,0,0)
(0,0,0)
(0,0,0)
(0,0,0)
(0,0,0)
(0,0,0)
(0,0,0)
(0,0,0)
(0,0,0)
(0,0,0)
(0,0,0)
(0,0,0)
(0,0,0)
(0,0,0)
(-232784.375753126,-196.624214148907,259.337233210864)
(-232935.803127483,214.232879508707,-75.8345338284498)
(-232942.056448776,1306.11684219026,-1822.22131327219)
(-232207.654315939,3739.34354712887,-6422.36111170976)
(-229350.651999549,8361.22934009872,-16184.1612123908)
(-221843.75276886,15714.6222310456,-34545.4898088064)
(-205530.583054635,23064.0389140788,-63082.20933713)
(-174997.314445393,20877.6162133851,-93578.1255989556)
(-128825.83444811,14379.7423017457,-119525.591630966)
(-68689.2724009302,7055.36743322228,-134809.069123188)
(0,0,0)
(0,0,0)
(0,0,0)
(0,0,0)
(0,0,0)
(0,0,0)
(-232825.089646237,-1541.45376784895,672.905828828144)
(-233144.99021739,-742.009853539702,1040.55348361265)
(-233582.039120494,1447.15452164506,606.225988325666)
(-233778.437148188,6577.26159001175,-1746.10048219954)
(-232898.461589019,17371.1318423478,-8821.55789637583)
(-228914.600237271,37337.8028776537,-27248.7129141887)
(-216673.463082956,62484.0180561526,-65341.979992231)
(-185033.684689048,51275.3374895531,-100140.188602907)
(-135686.932003314,32687.3124804043,-126899.868252549)
(-72048.4147274654,15254.0412676382,-141872.624927651)
(0,0,0)
(0,0,0)
(0,0,0)
(0,0,0)
(0,0,0)
(0,0,0)
(-232420.302089518,-5211.62989309459,1525.57926540497)
(-233030.861700511,-4127.501249466,3314.9170404619)
(-234298.518488023,-1126.67394474169,5768.00792125978)
(-236542.317079924,6385.53349077009,9119.88283651402)
(-240496.844480251,24560.3338652749,11170.3531268832)
(-246833.832167933,67336.3271958683,-2160.50184473341)
(-250073.478917916,149847.595516062,-76660.6038266385)
(-211457.699618701,97195.1321009197,-118820.179963593)
(-152182.230075242,54075.4890425331,-144417.578698511)
(-79621.9401978206,23287.2823768147,-157183.320728292)
(0,0,0)
(0,0,0)
(0,0,0)
(0,0,0)
(0,0,0)
(0,0,0)
(-230513.749321972,-12424.7664325338,2599.31781826852)
(-231501.202848516,-11370.1094062689,6387.19016655815)
(-233931.695007842,-8439.67504594608,13367.6531053877)
(-239289.341084227,-855.652664677438,27416.3697935864)
(-251785.33471226,19669.6108794653,53991.3146962116)
(-282336.842836585,84792.6033211422,80283.5918627011)
(-343917.346373714,351842.426564164,-129456.915609921)
(-266783.270728308,133057.023974943,-162061.524782364)
(-181612.462497875,60937.7675138581,-175333.907159279)
(-91943.0683744482,23720.0429562249,-180556.132676473)
(0,0,0)
(0,0,0)
(0,0,0)
(0,0,0)
(0,0,0)
(0,0,0)
(-225342.476025169,-24295.5394688959,3645.02023723441)
(-226695.34834486,-23595.0861999432,9365.20302330904)
(-230263.206049471,-21803.1651090412,21004.8454241018)
(-238758.256326309,-17671.964540081,48024.0126718345)
(-261031.245797668,-8942.26216566156,119165.870303234)
(-331466.77346915,6059.24616530771,347303.657618965)
(-611723.164087081,551.374987606433,-348366.695370666)
(-350776.514339664,20883.3659917262,-234313.996908757)
(-217415.346382978,13860.9096310904,-212747.534943963)
(-105301.41925846,5699.91913917504,-204447.882116273)
(0,0,0)
(0,0,0)
(0,0,0)
(0,0,0)
(0,0,0)
(0,0,0)
(-214517.918573605,-41431.8624195755,4284.60457145319)
(-216143.29608975,-41283.6665401946,11153.6189604368)
(-220438.664318044,-41059.0718229446,25164.9679582363)
(-230660.624516044,-40785.8099496766,56838.7917911579)
(-256778.231245341,-40804.6133867643,134286.901723966)
(-333644.441909322,-39269.3696919147,341850.504599097)
(-599962.347403011,145.725059602224,-328149.145773281)
(-360764.631066778,-33430.0809193312,-241550.444412298)
(-225229.145663631,-28543.4180052822,-221140.372321332)
(-108637.528576057,-15132.2804446995,-210316.047997134)
(0,0,0)
(0,0,0)
(0,0,0)
(0,0,0)
(0,0,0)
(0,0,0)
(-195163.929873465,-63506.8301602226,4375.23910624779)
(-196870.667547838,-63998.974255249,11364.1107083856)
(-201382.041639153,-65546.5071700675,25407.9280648693)
(-212050.922151769,-69980.1317790201,56832.9622351654)
(-239017.974511448,-84399.4584048528,135912.705390902)
(-319342.068306634,-140076.815135698,381295.628787183)
(-624469.939009244,-404804.070768894,-361803.300890833)
(-349552.170603557,-171020.737497993,-236829.829565919)
(-212291.599364922,-89979.4486343131,-207919.237827765)
(-101365.149142933,-39734.0037448032,-195333.867616654)
(0,0,0)
(0,0,0)
(0,0,0)
(0,0,0)
(0,0,0)
(0,0,0)
(-164478.718213303,-88318.7017521788,3880.59025508071)
(-166025.565917742,-89320.8973215737,9838.1876486042)
(-170077.717215457,-92099.515596573,20963.9087521959)
(-179239.44571104,-98789.7513522035,42450.2283785427)
(-199776.278392126,-115099.779558396,80348.3847662405)
(-245580.252420954,-154829.93870579,116627.558155967)
(-330372.843021987,-235105.039757222,-127995.908579304)
(-248796.365291609,-167012.382875317,-155818.030301078)
(-163006.600156605,-104164.409453674,-157759.535142882)
(-80308.6779579505,-49546.0950454745,-155628.518431668)
(0,0,0)
(0,0,0)
(0,0,0)
(0,0,0)
(0,0,0)
(0,0,0)
(-120579.18457629,-111064.36226172,2849.07562980565)
(-121769.750401066,-112362.895428488,7032.38998300334)
(-124765.544764359,-115748.51262596,14223.819503762)
(-131205.058860566,-122960.893072649,26093.335502758)
(-144123.048246864,-137218.258412409,40577.791927689)
(-167085.664678273,-162057.07552634,36317.0675407782)
(-192933.686750609,-189556.973941652,-59860.7541775656)
(-158146.70197106,-155002.950963877,-92996.1079918168)
(-108230.513350212,-105190.901234318,-103237.618945551)
(-54653.5572990442,-52619.0607951018,-106111.205801866)
(0,0,0)
(0,0,0)
(0,0,0)
(0,0,0)
(0,0,0)
(0,0,0)
(-64248.4376887034,-125178.751700042,1505.31124841559)
(-64901.3426646592,-126568.218140088,3613.57779102682)
(-66465.1350894612,-130084.556557363,6977.73933423384)
(-69662.8354613932,-136943.851400783,11765.8407015918)
(-75487.1849725394,-148612.485427263,15622.2735063551)
(-84168.7577065245,-164164.717456844,8730.92975278841)
(-90472.553401927,-172811.675570549,-25301.4972321141)
(-76569.3512480881,-147426.534327746,-43183.0014722005)
(-53785.3633191927,-104220.13177544,-50723.2823655497)
(-27594.2812147452,-53540.155344719,-53554.4447335979)
(0,0,0)
(0,0,0)
(0,0,0)
(0,0,0)
(0,0,0)
(0,0,0)
(0,0,0)
(0,0,0)
(0,0,0)
(0,0,0)
(0,0,0)
(0,0,0)
(0,0,0)
(0,0,0)
(0,0,0)
(0,0,0)
(0,0,0)
(0,0,0)
(0,0,0)
(0,0,0)
(0,0,0)
(0,0,0)
(0,0,0)
(0,0,0)
(0,0,0)
(0,0,0)
(0,0,0)
(0,0,0)
(0,0,0)
(0,0,0)
(0,0,0)
(0,0,0)
(0,0,0)
(0,0,0)
(0,0,0)
(0,0,0)
(0,0,0)
(0,0,0)
(0,0,0)
(0,0,0)
(0,0,0)
(0,0,0)
(0,0,0)
(0,0,0)
(0,0,0)
(0,0,0)
(0,0,0)
(0,0,0)
(0,0,0)
(0,0,0)
(0,0,0)
(0,0,0)
(0,0,0)
(0,0,0)
(0,0,0)
(0,0,0)
(0,0,0)
(0,0,0)
(0,0,0)
(0,0,0)
(0,0,0)
(0,0,0)
(0,0,0)
(0,0,0)
(0,0,0)
(0,0,0)
(0,0,0)
(0,0,0)
(0,0,0)
(0,0,0)
(0,0,0)
(0,0,0)
(0,0,0)
(0,0,0)
(0,0,0)
(0,0,0)
(0,0,0)
(0,0,0)
(0,0,0)
(0,0,0)
(0,0,0)
(0,0,0)
(0,0,0)
(0,0,0)
(0,0,0)
(0,0,0)
(0,0,0)
(0,0,0)
(0,0,0)
(0,0,0)
(0,0,0)
(0,0,0)
(0,0,0)
(0,0,0)
(0,0,0)
(0,0,0)
(0,0,0)
(0,0,0)
(0,0,0)
(0,0,0)
(0,0,0)
(0,0,0)
(-232649.912916485,-234.575838845829,100.113002203977)
(-232807.961637425,44.0269561363242,-71.7554439894671)
(-232807.259996517,734.280347591601,-940.832243838564)
(-232061.94324204,2209.47810588444,-3296.02142362225)
(-229088.886533885,4848.74573249799,-8406.53262178134)
(-220947.058162664,8673.39549165868,-17976.6227196355)
(-203203.237746045,11976.1130803304,-32280.0811085582)
(-171138.317874324,10909.1049752853,-47048.1826549122)
(-124378.279838732,7555.57159602712,-59051.3088603167)
(-65610.7347963131,3726.05146863852,-65855.8979335746)
(0,0,0)
(0,0,0)
(0,0,0)
(0,0,0)
(0,0,0)
(0,0,0)
(-232369.964806326,-1080.80052792591,391.099849168273)
(-232815.684636125,-554.055674371972,659.876898410015)
(-233569.024376336,825.405232882527,555.737268962648)
(-234305.451273059,3895.01151646046,-602.78201674426)
(-233945.978666967,9855.11257605917,-4561.63178235687)
(-229617.439134496,19521.9330645686,-14707.3304580415)
(-215188.314374201,29194.7029784666,-33411.0690649333)
(-182065.73340716,24969.2170059852,-50439.132377519)
(-131942.56075452,16283.0600512205,-62910.9920815013)
(-69352.4873761259,7711.02285558839,-69591.8908197873)
(0,0,0)
(0,0,0)
(0,0,0)
(0,0,0)
(0,0,0)
(0,0,0)
(-231330.575747039,-3131.14429668055,960.61742627651)
(-232308.234780295,-2426.52024104476,2110.45507273561)
(-234470.935098466,-551.088151855575,3659.36506791702)
(-238272.364573337,3882.16737341611,5402.25670437612)
(-243875.522009591,13523.4596285792,5112.5871811998)
(-249235.957309464,32102.1812702119,-5065.53588291176)
(-244481.894473331,56253.0503556308,-37715.4677046605)
(-207124.376065123,42096.4188797452,-59175.9931319973)
(-148328.514048961,24789.2418276135,-71535.8909346758)
(-77114.4676311496,11025.56213289,-77357.9027786466)
(0,0,0)
(0,0,0)
(0,0,0)
(0,0,0)
(0,0,0)
(0,0,0)
(-228294.33358064,-7002.05242480415,1651.49238679186)
(-229978.926721576,-6322.93622216534,4025.63224097023)
(-234092.232330161,-4493.22500818233,8128.30641961797)
(-242376.429303579,12.0629545829924,15085.4990578009)
(-257659.610698964,10796.6520745402,23686.5825985465)
(-281606.997588527,36028.0247577583,19030.8938629406)
(-300994.236107853,84337.7087003174,-51976.8747476101)
(-249432.197859231,49317.5935086959,-76549.1222456379)
(-173277.455558561,25269.7205095456,-85364.6078668861)
(-88231.3919200277,10401.2314406902,-88451.9536291048)
(0,0,0)
(0,0,0)
(0,0,0)
(0,0,0)
(0,0,0)
(0,0,0)
(-221469.292160904,-13187.8064784373,2312.5701893683)
(-223823.178864443,-12756.9859467008,5874.45043348571)
(-229854.786846665,-11674.704203903,12647.510426399)
(-242757.729782929,-9252.95844115782,25912.0052787583)
(-268932.316042227,-4323.02877308431,48932.7563709407)
(-318090.657405896,4274.66676815276,67309.99829729)
(-385711.323186294,12692.9236156304,-87057.0575188161)
(-299042.56269805,11177.5877688337,-100651.003420561)
(-198706.991000213,6227.9872636045,-100317.625557389)
(-98711.3767528514,2437.10217814856,-98943.538800454)
(0,0,0)
(0,0,0)
(0,0,0)
(0,0,0)
(0,0,0)
(0,0,0)
(-208644.789671283,-21770.9509768315,2710.01559606938)
(-211413.952119069,-21725.0715282656,6948.75720695184)
(-218531.454700659,-21715.2364482062,15082.0798338688)
(-233866.343214112,-21885.044600362,30919.8846911398)
(-265054.414009968,-22745.2785954835,57618.3172781688)
(-322851.350230402,-24654.2028304447,75754.0951978416)
(-398827.617016704,-24054.5696391979,-88633.1419336241)
(-310520.03409097,-21974.124294825,-105726.02684577)
(-205082.937563505,-15426.7718954053,-104217.47578689)
(-101212.968442845,-7773.98559001125,-101430.948151946)
(0,0,0)
(0,0,0)
(0,0,0)
(0,0,0)
(0,0,0)
(0,0,0)
(-187287.21926225,-32381.1414738351,2733.47988578897)
(-190075.238435286,-32739.2995419859,6952.27878695795)
(-197188.917327933,-33848.4400573334,14892.3580848631)
(-212314.354756589,-36803.7612116875,30074.5073010097)
(-242632.809949484,-44820.4753118824,55764.5394554441)
(-298575.440659104,-66005.4847179472,76349.1936954123)
(-375154.440507121,-110398.78086666,-86622.0935792292)
(-288813.960549413,-70031.9030096587,-99302.5249185441)
(-189783.044654549,-40553.9804172869,-96683.8711070323)
(-93462.3509537003,-18632.5006438507,-93728.1542424255)
(0,0,0)
(0,0,0)
(0,0,0)
(0,0,0)
(0,0,0)
(0,0,0)
(-155361.997684813,-43867.5483220328,2369.6863197073)
(-157755.633388027,-44496.8083118212,5857.26255982768)
(-163742.82131269,-46257.8163655618,11931.7429652897)
(-175885.595829793,-50293.6653386821,22067.7972110378)
(-198141.398250057,-59048.1099413397,34660.5516984274)
(-232906.153553334,-76017.7128648196,31998.6809776776)
(-265093.518661107,-97427.0828092411,-46252.341440617)
(-219045.337810111,-76163.2727927823,-69871.9991389843)
(-149364.091429126,-49229.6417593836,-74838.8465243706)
(-74842.7504613717,-23815.2405380834,-75122.0341267161)
(0,0,0)
(0,0,0)
(0,0,0)
(0,0,0)
(0,0,0)
(0,0,0)
(-112156.839803923,-53997.1090070688,1707.21591266782)
(-113883.193023769,-54764.392413209,4088.24263675956)
(-118054.688724971,-56757.8785032845,7877.44873509433)
(-126094.073441812,-60803.6396711402,13276.4376487982)
(-139509.805003283,-68075.2638727555,17690.3483366329)
(-157261.85117096,-78751.9813924788,10600.8033569779)
(-167983.303665114,-86816.3078007691,-24960.3547369909)
(-143136.494562759,-73186.878326763,-42946.956611314)
(-100349.723954479,-50577.0441793076,-49480.3435871252)
(-51131.4542960737,-25487.726786104,-51329.9603420757)
(0,0,0)
(0,0,0)
(0,0,0)
(0,0,0)
(0,0,0)
(0,0,0)
(-59064.2003001543,-60076.4413530344,895.094957415887)
(-59950.6291848812,-60897.5103855825,2077.49945001186)
(-62053.0440422774,-62914.5503507747,3822.08025031797)
(-65954.5665365229,-66662.0277184133,5972.1993727211)
(-71977.8558284773,-72576.4806764446,6964.08703234811)
(-78960.9550707542,-79502.3892943183,2506.69229841897)
(-81521.0073476791,-81943.5630169308,-11317.5985396673)
(-70233.248697543,-70542.3811135494,-20298.1983034268)
(-50011.1995038973,-50234.8744745546,-24414.5318234745)
(-25752.3673532597,-25860.0707755402,-25884.1016955241)
(0,0,0)
(0,0,0)
(0,0,0)
(0,0,0)
(0,0,0)
(0,0,0)
(0,0,0)
(0,0,0)
(0,0,0)
(0,0,0)
(0,0,0)
(0,0,0)
(0,0,0)
(0,0,0)
(0,0,0)
(0,0,0)
(0,0,0)
(0,0,0)
(0,0,0)
(0,0,0)
(0,0,0)
(0,0,0)
(0,0,0)
(0,0,0)
(0,0,0)
(0,0,0)
(0,0,0)
(0,0,0)
(0,0,0)
(0,0,0)
(0,0,0)
(0,0,0)
(0,0,0)
(0,0,0)
(0,0,0)
(0,0,0)
(0,0,0)
(0,0,0)
(0,0,0)
(0,0,0)
(0,0,0)
(0,0,0)
(0,0,0)
(0,0,0)
(0,0,0)
(0,0,0)
(0,0,0)
(0,0,0)
(0,0,0)
(0,0,0)
(0,0,0)
(0,0,0)
(0,0,0)
(0,0,0)
(0,0,0)
(0,0,0)
(0,0,0)
(0,0,0)
(0,0,0)
(0,0,0)
(0,0,0)
(0,0,0)
(0,0,0)
(0,0,0)
(0,0,0)
(0,0,0)
(0,0,0)
(0,0,0)
(0,0,0)
(0,0,0)
(0,0,0)
(0,0,0)
(0,0,0)
(0,0,0)
(0,0,0)
(0,0,0)
(0,0,0)
(0,0,0)
(0,0,0)
(0,0,0)
(0,0,0)
(0,0,0)
(0,0,0)
(0,0,0)
(0,0,0)
(0,0,0)
(0,0,0)
(0,0,0)
(0,0,0)
(0,0,0)
(0,0,0)
(0,0,0)
(0,0,0)
(0,0,0)
(0,0,0)
(0,0,0)
(0,0,0)
(0,0,0)
(0,0,0)
(0,0,0)
(0,0,0)
(0,0,0)
(0,0,0)
(0,0,0)
(0,0,0)
(0,0,0)
(0,0,0)
(0,0,0)
(0,0,0)
(0,0,0)
(0,0,0)
(0,0,0)
(0,0,0)
(0,0,0)
(0,0,0)
(0,0,0)
(0,0,0)
(0,0,0)
(0,0,0)
(0,0,0)
(0,0,0)
(0,0,0)
(0,0,0)
(0,0,0)
(0,0,0)
(0,0,0)
(0,0,0)
(0,0,0)
(0,0,0)
(0,0,0)
(0,0,0)
(0,0,0)
(0,0,0)
(0,0,0)
(0,0,0)
(0,0,0)
(0,0,0)
(0,0,0)
(0,0,0)
(0,0,0)
(0,0,0)
(0,0,0)
(0,0,0)
(0,0,0)
(0,0,0)
(0,0,0)
(0,0,0)
(0,0,0)
(0,0,0)
(0,0,0)
(0,0,0)
(0,0,0)
(0,0,0)
(0,0,0)
(0,0,0)
(0,0,0)
(0,0,0)
(0,0,0)
(0,0,0)
(0,0,0)
(0,0,0)
(0,0,0)
(0,0,0)
(0,0,0)
(0,0,0)
(0,0,0)
(0,0,0)
(0,0,0)
(0,0,0)
(0,0,0)
(0,0,0)
(0,0,0)
(0,0,0)
(0,0,0)
(0,0,0)
(0,0,0)
(0,0,0)
(0,0,0)
(0,0,0)
(0,0,0)
(0,0,0)
(0,0,0)
(0,0,0)
(0,0,0)
(0,0,0)
(0,0,0)
(0,0,0)
(0,0,0)
(0,0,0)
(0,0,0)
(0,0,0)
(0,0,0)
(0,0,0)
(0,0,0)
(0,0,0)
(0,0,0)
(0,0,0)
(0,0,0)
(0,0,0)
(0,0,0)
(0,0,0)
(0,0,0)
(0,0,0)
(0,0,0)
(0,0,0)
(0,0,0)
(0,0,0)
(0,0,0)
(0,0,0)
(0,0,0)
(0,0,0)
(0,0,0)
(0,0,0)
(0,0,0)
(0,0,0)
(0,0,0)
(0,0,0)
(0,0,0)
(0,0,0)
(0,0,0)
(0,0,0)
(0,0,0)
(0,0,0)
(0,0,0)
(0,0,0)
(0,0,0)
(0,0,0)
(0,0,0)
(0,0,0)
(0,0,0)
(0,0,0)
(0,0,0)
(0,0,0)
(0,0,0)
(0,0,0)
(0,0,0)
(0,0,0)
(0,0,0)
(0,0,0)
(0,0,0)
(0,0,0)
(0,0,0)
(0,0,0)
(0,0,0)
(0,0,0)
(0,0,0)
(0,0,0)
(0,0,0)
(0,0,0)
(0,0,0)
(0,0,0)
(0,0,0)
(0,0,0)
(0,0,0)
(0,0,0)
(0,0,0)
(0,0,0)
(0,0,0)
(0,0,0)
(0,0,0)
(0,0,0)
(0,0,0)
(0,0,0)
(0,0,0)
(0,0,0)
(0,0,0)
(0,0,0)
(0,0,0)
(0,0,0)
(0,0,0)
(0,0,0)
(0,0,0)
(0,0,0)
(0,0,0)
(0,0,0)
(0,0,0)
(0,0,0)
(0,0,0)
(0,0,0)
(0,0,0)
(0,0,0)
(0,0,0)
(0,0,0)
(0,0,0)
(0,0,0)
(0,0,0)
(0,0,0)
(0,0,0)
(0,0,0)
(0,0,0)
(0,0,0)
(0,0,0)
(0,0,0)
(0,0,0)
(0,0,0)
(0,0,0)
(0,0,0)
(0,0,0)
(0,0,0)
(0,0,0)
(0,0,0)
(0,0,0)
(0,0,0)
(0,0,0)
(0,0,0)
(0,0,0)
(0,0,0)
(0,0,0)
(0,0,0)
(0,0,0)
(0,0,0)
(0,0,0)
(0,0,0)
(0,0,0)
(0,0,0)
(0,0,0)
(0,0,0)
(0,0,0)
(0,0,0)
(0,0,0)
(0,0,0)
(0,0,0)
(0,0,0)
(0,0,0)
(0,0,0)
(0,0,0)
(0,0,0)
(0,0,0)
(0,0,0)
(0,0,0)
(0,0,0)
(0,0,0)
(0,0,0)
(0,0,0)
(0,0,0)
(0,0,0)
(0,0,0)
(0,0,0)
(0,0,0)
(0,0,0)
(0,0,0)
(0,0,0)
(0,0,0)
(0,0,0)
(0,0,0)
(0,0,0)
(0,0,0)
(0,0,0)
(0,0,0)
(0,0,0)
(0,0,0)
(0,0,0)
(0,0,0)
(0,0,0)
(0,0,0)
(0,0,0)
(0,0,0)
(0,0,0)
(0,0,0)
(0,0,0)
(0,0,0)
(0,0,0)
(0,0,0)
(0,0,0)
(0,0,0)
(0,0,0)
(0,0,0)
(0,0,0)
(0,0,0)
(0,0,0)
(0,0,0)
(0,0,0)
(0,0,0)
(0,0,0)
(0,0,0)
(0,0,0)
(0,0,0)
(0,0,0)
(0,0,0)
(0,0,0)
(0,0,0)
(0,0,0)
(0,0,0)
(0,0,0)
(0,0,0)
(0,0,0)
(0,0,0)
(0,0,0)
(0,0,0)
(0,0,0)
(0,0,0)
(0,0,0)
(0,0,0)
(0,0,0)
(0,0,0)
(0,0,0)
(0,0,0)
(0,0,0)
(0,0,0)
(0,0,0)
(0,0,0)
(0,0,0)
(0,0,0)
(0,0,0)
(0,0,0)
(0,0,0)
(0,0,0)
(0,0,0)
(0,0,0)
(0,0,0)
(0,0,0)
(0,0,0)
(0,0,0)
(0,0,0)
(0,0,0)
(0,0,0)
(0,0,0)
(0,0,0)
(0,0,0)
(0,0,0)
(0,0,0)
(0,0,0)
(0,0,0)
(0,0,0)
(0,0,0)
(0,0,0)
(0,0,0)
(0,0,0)
(0,0,0)
(0,0,0)
(0,0,0)
(0,0,0)
(0,0,0)
(0,0,0)
(0,0,0)
(0,0,0)
(0,0,0)
(0,0,0)
(0,0,0)
(0,0,0)
(0,0,0)
(0,0,0)
(0,0,0)
(0,0,0)
(0,0,0)
(0,0,0)
(0,0,0)
(0,0,0)
(0,0,0)
(0,0,0)
(0,0,0)
(0,0,0)
(0,0,0)
(0,0,0)
(0,0,0)
(0,0,0)
(0,0,0)
(0,0,0)
(0,0,0)
(0,0,0)
(0,0,0)
(0,0,0)
(0,0,0)
(0,0,0)
(0,0,0)
(0,0,0)
(0,0,0)
(0,0,0)
(0,0,0)
(0,0,0)
(0,0,0)
(0,0,0)
(0,0,0)
(0,0,0)
(0,0,0)
(0,0,0)
(0,0,0)
(0,0,0)
(0,0,0)
(0,0,0)
(0,0,0)
(0,0,0)
(0,0,0)
(0,0,0)
(0,0,0)
(0,0,0)
(0,0,0)
(0,0,0)
(0,0,0)
(0,0,0)
(0,0,0)
(0,0,0)
(0,0,0)
(0,0,0)
(0,0,0)
(0,0,0)
(0,0,0)
(0,0,0)
(0,0,0)
(0,0,0)
(0,0,0)
(0,0,0)
(0,0,0)
(0,0,0)
(0,0,0)
(0,0,0)
(0,0,0)
(0,0,0)
(0,0,0)
(0,0,0)
(0,0,0)
(0,0,0)
(0,0,0)
(0,0,0)
(0,0,0)
(0,0,0)
(0,0,0)
(0,0,0)
(0,0,0)
(0,0,0)
(0,0,0)
(0,0,0)
(0,0,0)
(0,0,0)
(0,0,0)
(0,0,0)
(0,0,0)
(0,0,0)
(0,0,0)
(0,0,0)
(0,0,0)
(0,0,0)
(0,0,0)
(0,0,0)
(0,0,0)
(0,0,0)
(0,0,0)
(0,0,0)
(0,0,0)
(0,0,0)
(0,0,0)
(0,0,0)
(0,0,0)
(0,0,0)
(0,0,0)
(0,0,0)
(0,0,0)
(0,0,0)
(0,0,0)
(0,0,0)
(0,0,0)
(0,0,0)
(0,0,0)
(0,0,0)
(0,0,0)
(0,0,0)
(0,0,0)
(0,0,0)
(0,0,0)
(0,0,0)
(0,0,0)
(0,0,0)
(0,0,0)
(0,0,0)
(0,0,0)
(0,0,0)
(0,0,0)
(0,0,0)
(0,0,0)
(0,0,0)
(0,0,0)
(0,0,0)
(0,0,0)
(0,0,0)
(0,0,0)
(0,0,0)
(0,0,0)
(0,0,0)
(0,0,0)
(0,0,0)
(0,0,0)
(0,0,0)
(0,0,0)
(0,0,0)
(0,0,0)
(0,0,0)
(0,0,0)
(0,0,0)
(0,0,0)
(0,0,0)
(0,0,0)
(0,0,0)
(0,0,0)
(0,0,0)
(0,0,0)
(0,0,0)
(0,0,0)
(0,0,0)
(0,0,0)
(0,0,0)
(0,0,0)
(0,0,0)
(0,0,0)
(0,0,0)
(0,0,0)
(0,0,0)
(0,0,0)
(0,0,0)
(0,0,0)
(0,0,0)
(0,0,0)
(0,0,0)
(0,0,0)
(0,0,0)
(0,0,0)
(0,0,0)
(0,0,0)
(0,0,0)
(0,0,0)
(0,0,0)
(0,0,0)
(0,0,0)
(0,0,0)
(0,0,0)
(0,0,0)
(0,0,0)
(0,0,0)
(0,0,0)
(0,0,0)
(0,0,0)
(0,0,0)
(0,0,0)
(0,0,0)
(0,0,0)
(0,0,0)
(0,0,0)
(0,0,0)
(0,0,0)
(0,0,0)
(0,0,0)
(0,0,0)
(0,0,0)
(0,0,0)
(0,0,0)
(0,0,0)
(0,0,0)
(0,0,0)
(0,0,0)
(0,0,0)
(0,0,0)
(0,0,0)
(0,0,0)
(0,0,0)
(0,0,0)
(0,0,0)
(0,0,0)
(0,0,0)
(0,0,0)
(0,0,0)
(0,0,0)
(0,0,0)
(0,0,0)
(0,0,0)
(0,0,0)
(0,0,0)
(0,0,0)
(0,0,0)
(0,0,0)
(0,0,0)
(0,0,0)
(0,0,0)
(0,0,0)
(0,0,0)
(0,0,0)
(0,0,0)
(0,0,0)
(0,0,0)
(0,0,0)
(0,0,0)
(0,0,0)
(0,0,0)
(0,0,0)
(0,0,0)
(0,0,0)
(0,0,0)
(0,0,0)
(0,0,0)
(0,0,0)
(0,0,0)
(0,0,0)
(0,0,0)
(0,0,0)
(0,0,0)
(0,0,0)
(0,0,0)
(0,0,0)
(0,0,0)
(0,0,0)
(0,0,0)
(0,0,0)
(0,0,0)
(0,0,0)
(0,0,0)
(0,0,0)
(0,0,0)
(0,0,0)
(0,0,0)
(0,0,0)
(0,0,0)
(0,0,0)
(0,0,0)
(0,0,0)
(0,0,0)
(0,0,0)
(0,0,0)
(0,0,0)
(0,0,0)
(0,0,0)
(0,0,0)
(0,0,0)
(0,0,0)
(0,0,0)
(0,0,0)
(0,0,0)
(0,0,0)
(0,0,0)
(0,0,0)
(0,0,0)
(0,0,0)
(0,0,0)
(0,0,0)
(0,0,0)
(0,0,0)
(0,0,0)
(0,0,0)
(0,0,0)
(0,0,0)
(0,0,0)
(0,0,0)
(0,0,0)
(0,0,0)
(0,0,0)
(0,0,0)
(0,0,0)
(0,0,0)
(0,0,0)
(0,0,0)
(0,0,0)
(0,0,0)
(0,0,0)
(0,0,0)
(0,0,0)
(0,0,0)
(0,0,0)
(0,0,0)
(0,0,0)
(0,0,0)
(0,0,0)
(0,0,0)
(0,0,0)
(0,0,0)
(0,0,0)
(0,0,0)
(0,0,0)
(0,0,0)
(0,0,0)
(0,0,0)
(0,0,0)
(0,0,0)
(0,0,0)
(0,0,0)
(0,0,0)
(0,0,0)
(0,0,0)
(0,0,0)
(0,0,0)
(0,0,0)
(0,0,0)
(0,0,0)
(0,0,0)
(0,0,0)
(0,0,0)
(0,0,0)
(0,0,0)
(0,0,0)
(0,0,0)
(0,0,0)
(0,0,0)
(0,0,0)
(0,0,0)
(0,0,0)
(0,0,0)
(0,0,0)
(0,0,0)
(0,0,0)
(0,0,0)
(0,0,0)
(0,0,0)
(0,0,0)
(0,0,0)
(0,0,0)
(0,0,0)
(0,0,0)
(0,0,0)
(0,0,0)
(0,0,0)
(0,0,0)
(0,0,0)
(0,0,0)
(0,0,0)
(0,0,0)
(0,0,0)
(0,0,0)
(0,0,0)
(0,0,0)
(0,0,0)
(0,0,0)
(0,0,0)
(0,0,0)
)
;

boundaryField
{
    fuel
    {
        type            fixedValue;
        value           uniform (0.1 0 0);
    }
    air
    {
        type            fixedValue;
        value           uniform (-0.1 0 0);
    }
    outlet
    {
        type            zeroGradient;
    }
    frontAndBack
    {
        type            empty;
    }
}


// ************************************************************************* //
 