/*--------------------------------*- C++ -*----------------------------------*\
| =========                 |                                                 |
| \\      /  F ield         | foam-extend: Open Source Cstd::filesystem::create_directory();FD                    |
|  \\    /   O peration     | Version:     4.0                                |
|   \\  /    A nd           | Web:         http://www.foam-extend.org         |
|    \\/     M anipulation  |                                                 |
\*---------------------------------------------------------------------------*/
FoamFile
{
    version 2.0;
    format ascii;
    class volVectorField;
    location "Data/1478";
    object      H;
}
// * * * * * * * * * * * * * * * * * * * * * * * * * * * * * * * * * * * * * //

dimensions      [0 1 -1 0 0 0 0];

internalField   nonuniform List<vector>
4096
(
(0,0,0)
(0,0,0)
(0,0,0)
(0,0,0)
(0,0,0)
(0,0,0)
(0,0,0)
(0,0,0)
(0,0,0)
(0,0,0)
(0,0,0)
(0,0,0)
(0,0,0)
(0,0,0)
(0,0,0)
(0,0,0)
(0,0,0)
(0,0,0)
(0,0,0)
(0,0,0)
(0,0,0)
(0,0,0)
(0,0,0)
(0,0,0)
(0,0,0)
(0,0,0)
(0,0,0)
(0,0,0)
(0,0,0)
(0,0,0)
(0,0,0)
(0,0,0)
(0,0,0)
(0,0,0)
(0,0,0)
(0,0,0)
(0,0,0)
(0,0,0)
(0,0,0)
(0,0,0)
(0,0,0)
(0,0,0)
(0,0,0)
(0,0,0)
(0,0,0)
(0,0,0)
(0,0,0)
(0,0,0)
(0,0,0)
(0,0,0)
(0,0,0)
(0,0,0)
(0,0,0)
(0,0,0)
(0,0,0)
(0,0,0)
(0,0,0)
(0,0,0)
(0,0,0)
(0,0,0)
(0,0,0)
(0,0,0)
(0,0,0)
(0,0,0)
(0,0,0)
(0,0,0)
(0,0,0)
(0,0,0)
(0,0,0)
(0,0,0)
(0,0,0)
(0,0,0)
(0,0,0)
(0,0,0)
(0,0,0)
(0,0,0)
(0,0,0)
(0,0,0)
(0,0,0)
(0,0,0)
(0,0,0)
(0,0,0)
(0,0,0)
(0,0,0)
(0,0,0)
(0,0,0)
(0,0,0)
(0,0,0)
(0,0,0)
(0,0,0)
(0,0,0)
(0,0,0)
(0,0,0)
(0,0,0)
(0,0,0)
(0,0,0)
(0,0,0)
(0,0,0)
(0,0,0)
(0,0,0)
(0,0,0)
(0,0,0)
(0,0,0)
(0,0,0)
(0,0,0)
(0,0,0)
(0,0,0)
(0,0,0)
(0,0,0)
(0,0,0)
(0,0,0)
(0,0,0)
(0,0,0)
(0,0,0)
(0,0,0)
(0,0,0)
(0,0,0)
(0,0,0)
(0,0,0)
(0,0,0)
(0,0,0)
(0,0,0)
(0,0,0)
(0,0,0)
(0,0,0)
(0,0,0)
(0,0,0)
(0,0,0)
(0,0,0)
(0,0,0)
(0,0,0)
(0,0,0)
(0,0,0)
(0,0,0)
(0,0,0)
(0,0,0)
(0,0,0)
(0,0,0)
(0,0,0)
(0,0,0)
(0,0,0)
(0,0,0)
(0,0,0)
(0,0,0)
(0,0,0)
(0,0,0)
(0,0,0)
(0,0,0)
(0,0,0)
(0,0,0)
(0,0,0)
(0,0,0)
(0,0,0)
(0,0,0)
(0,0,0)
(0,0,0)
(0,0,0)
(0,0,0)
(0,0,0)
(0,0,0)
(0,0,0)
(0,0,0)
(0,0,0)
(0,0,0)
(0,0,0)
(0,0,0)
(0,0,0)
(0,0,0)
(0,0,0)
(0,0,0)
(0,0,0)
(0,0,0)
(0,0,0)
(0,0,0)
(0,0,0)
(0,0,0)
(0,0,0)
(0,0,0)
(0,0,0)
(0,0,0)
(0,0,0)
(0,0,0)
(0,0,0)
(0,0,0)
(0,0,0)
(0,0,0)
(0,0,0)
(0,0,0)
(0,0,0)
(0,0,0)
(0,0,0)
(0,0,0)
(0,0,0)
(0,0,0)
(0,0,0)
(0,0,0)
(0,0,0)
(0,0,0)
(0,0,0)
(0,0,0)
(0,0,0)
(0,0,0)
(0,0,0)
(0,0,0)
(0,0,0)
(0,0,0)
(0,0,0)
(0,0,0)
(0,0,0)
(0,0,0)
(0,0,0)
(0,0,0)
(0,0,0)
(0,0,0)
(0,0,0)
(0,0,0)
(0,0,0)
(0,0,0)
(0,0,0)
(0,0,0)
(0,0,0)
(0,0,0)
(0,0,0)
(0,0,0)
(0,0,0)
(0,0,0)
(0,0,0)
(0,0,0)
(0,0,0)
(0,0,0)
(0,0,0)
(0,0,0)
(0,0,0)
(0,0,0)
(0,0,0)
(0,0,0)
(0,0,0)
(0,0,0)
(0,0,0)
(0,0,0)
(0,0,0)
(0,0,0)
(0,0,0)
(0,0,0)
(0,0,0)
(0,0,0)
(0,0,0)
(0,0,0)
(0,0,0)
(0,0,0)
(0,0,0)
(0,0,0)
(0,0,0)
(0,0,0)
(0,0,0)
(0,0,0)
(0,0,0)
(0,0,0)
(0,0,0)
(0,0,0)
(0,0,0)
(0,0,0)
(0,0,0)
(0,0,0)
(0,0,0)
(0,0,0)
(0,0,0)
(0,0,0)
(0,0,0)
(0,0,0)
(0,0,0)
(0,0,0)
(0,0,0)
(0,0,0)
(0,0,0)
(0,0,0)
(0,0,0)
(0,0,0)
(0,0,0)
(0,0,0)
(0,0,0)
(0,0,0)
(0,0,0)
(0,0,0)
(0,0,0)
(0,0,0)
(0,0,0)
(0,0,0)
(0,0,0)
(0,0,0)
(0,0,0)
(0,0,0)
(0,0,0)
(0,0,0)
(0,0,0)
(0,0,0)
(0,0,0)
(0,0,0)
(0,0,0)
(0,0,0)
(0,0,0)
(0,0,0)
(0,0,0)
(0,0,0)
(0,0,0)
(0,0,0)
(0,0,0)
(0,0,0)
(0,0,0)
(0,0,0)
(0,0,0)
(0,0,0)
(0,0,0)
(0,0,0)
(0,0,0)
(0,0,0)
(0,0,0)
(0,0,0)
(0,0,0)
(0,0,0)
(0,0,0)
(0,0,0)
(0,0,0)
(0,0,0)
(0,0,0)
(0,0,0)
(0,0,0)
(0,0,0)
(0,0,0)
(0,0,0)
(0,0,0)
(0,0,0)
(0,0,0)
(0,0,0)
(0,0,0)
(0,0,0)
(0,0,0)
(0,0,0)
(0,0,0)
(0,0,0)
(0,0,0)
(0,0,0)
(0,0,0)
(0,0,0)
(0,0,0)
(0,0,0)
(0,0,0)
(0,0,0)
(0,0,0)
(0,0,0)
(0,0,0)
(0,0,0)
(0,0,0)
(0,0,0)
(0,0,0)
(0,0,0)
(0,0,0)
(0,0,0)
(0,0,0)
(0,0,0)
(0,0,0)
(0,0,0)
(0,0,0)
(0,0,0)
(0,0,0)
(0,0,0)
(0,0,0)
(0,0,0)
(0,0,0)
(0,0,0)
(0,0,0)
(0,0,0)
(0,0,0)
(0,0,0)
(0,0,0)
(0,0,0)
(0,0,0)
(0,0,0)
(0,0,0)
(0,0,0)
(0,0,0)
(0,0,0)
(0,0,0)
(0,0,0)
(0,0,0)
(0,0,0)
(0,0,0)
(0,0,0)
(0,0,0)
(0,0,0)
(0,0,0)
(0,0,0)
(0,0,0)
(0,0,0)
(0,0,0)
(0,0,0)
(0,0,0)
(0,0,0)
(0,0,0)
(0,0,0)
(0,0,0)
(0,0,0)
(0,0,0)
(0,0,0)
(0,0,0)
(0,0,0)
(0,0,0)
(0,0,0)
(0,0,0)
(0,0,0)
(0,0,0)
(0,0,0)
(0,0,0)
(0,0,0)
(0,0,0)
(0,0,0)
(0,0,0)
(0,0,0)
(0,0,0)
(0,0,0)
(0,0,0)
(0,0,0)
(0,0,0)
(0,0,0)
(0,0,0)
(0,0,0)
(0,0,0)
(0,0,0)
(0,0,0)
(0,0,0)
(0,0,0)
(0,0,0)
(0,0,0)
(0,0,0)
(0,0,0)
(0,0,0)
(0,0,0)
(0,0,0)
(0,0,0)
(0,0,0)
(0,0,0)
(0,0,0)
(0,0,0)
(0,0,0)
(0,0,0)
(0,0,0)
(0,0,0)
(0,0,0)
(0,0,0)
(0,0,0)
(0,0,0)
(0,0,0)
(0,0,0)
(0,0,0)
(0,0,0)
(0,0,0)
(0,0,0)
(0,0,0)
(0,0,0)
(0,0,0)
(0,0,0)
(0,0,0)
(0,0,0)
(0,0,0)
(0,0,0)
(0,0,0)
(0,0,0)
(0,0,0)
(0,0,0)
(0,0,0)
(0,0,0)
(0,0,0)
(0,0,0)
(0,0,0)
(0,0,0)
(0,0,0)
(0,0,0)
(0,0,0)
(0,0,0)
(0,0,0)
(0,0,0)
(0,0,0)
(0,0,0)
(0,0,0)
(0,0,0)
(0,0,0)
(0,0,0)
(0,0,0)
(0,0,0)
(0,0,0)
(0,0,0)
(0,0,0)
(0,0,0)
(0,0,0)
(0,0,0)
(0,0,0)
(0,0,0)
(0,0,0)
(0,0,0)
(0,0,0)
(0,0,0)
(0,0,0)
(0,0,0)
(0,0,0)
(0,0,0)
(0,0,0)
(0,0,0)
(0,0,0)
(0,0,0)
(0,0,0)
(0,0,0)
(0,0,0)
(0,0,0)
(0,0,0)
(0,0,0)
(0,0,0)
(0,0,0)
(0,0,0)
(0,0,0)
(0,0,0)
(0,0,0)
(0,0,0)
(0,0,0)
(0,0,0)
(0,0,0)
(0,0,0)
(0,0,0)
(0,0,0)
(0,0,0)
(0,0,0)
(0,0,0)
(0,0,0)
(0,0,0)
(0,0,0)
(0,0,0)
(0,0,0)
(0,0,0)
(0,0,0)
(0,0,0)
(0,0,0)
(0,0,0)
(0,0,0)
(0,0,0)
(0,0,0)
(0,0,0)
(0,0,0)
(0,0,0)
(0,0,0)
(0,0,0)
(0,0,0)
(0,0,0)
(0,0,0)
(0,0,0)
(0,0,0)
(0,0,0)
(0,0,0)
(0,0,0)
(0,0,0)
(0,0,0)
(0,0,0)
(0,0,0)
(0,0,0)
(0,0,0)
(0,0,0)
(0,0,0)
(0,0,0)
(0,0,0)
(0,0,0)
(0,0,0)
(0,0,0)
(0,0,0)
(0,0,0)
(0,0,0)
(0,0,0)
(0,0,0)
(0,0,0)
(0,0,0)
(0,0,0)
(0,0,0)
(0,0,0)
(0,0,0)
(0,0,0)
(0,0,0)
(0,0,0)
(0,0,0)
(0,0,0)
(0,0,0)
(0,0,0)
(0,0,0)
(0,0,0)
(0,0,0)
(0,0,0)
(0,0,0)
(0,0,0)
(0,0,0)
(0,0,0)
(0,0,0)
(0,0,0)
(0,0,0)
(0,0,0)
(0,0,0)
(0,0,0)
(0,0,0)
(0,0,0)
(0,0,0)
(0,0,0)
(0,0,0)
(0,0,0)
(0,0,0)
(0,0,0)
(0,0,0)
(0,0,0)
(0,0,0)
(0,0,0)
(0,0,0)
(0,0,0)
(0,0,0)
(0,0,0)
(0,0,0)
(0,0,0)
(0,0,0)
(0,0,0)
(0,0,0)
(0,0,0)
(0,0,0)
(0,0,0)
(0,0,0)
(0,0,0)
(0,0,0)
(0,0,0)
(0,0,0)
(0,0,0)
(0,0,0)
(0,0,0)
(0,0,0)
(0,0,0)
(0,0,0)
(0,0,0)
(0,0,0)
(0,0,0)
(0,0,0)
(0,0,0)
(0,0,0)
(0,0,0)
(0,0,0)
(0,0,0)
(0,0,0)
(0,0,0)
(0,0,0)
(0,0,0)
(0,0,0)
(0,0,0)
(0,0,0)
(0,0,0)
(0,0,0)
(0,0,0)
(0,0,0)
(0,0,0)
(0,0,0)
(0,0,0)
(0,0,0)
(0,0,0)
(0,0,0)
(0,0,0)
(0,0,0)
(0,0,0)
(0,0,0)
(0,0,0)
(0,0,0)
(0,0,0)
(0,0,0)
(0,0,0)
(0,0,0)
(0,0,0)
(0,0,0)
(0,0,0)
(0,0,0)
(0,0,0)
(0,0,0)
(0,0,0)
(0,0,0)
(0,0,0)
(0,0,0)
(0,0,0)
(0,0,0)
(0,0,0)
(0,0,0)
(0,0,0)
(0,0,0)
(0,0,0)
(0,0,0)
(0,0,0)
(0,0,0)
(0,0,0)
(0,0,0)
(0,0,0)
(0,0,0)
(0,0,0)
(0,0,0)
(0,0,0)
(0,0,0)
(0,0,0)
(0,0,0)
(0,0,0)
(0,0,0)
(0,0,0)
(0,0,0)
(0,0,0)
(0,0,0)
(0,0,0)
(0,0,0)
(0,0,0)
(0,0,0)
(0,0,0)
(0,0,0)
(0,0,0)
(0,0,0)
(0,0,0)
(0,0,0)
(0,0,0)
(0,0,0)
(0,0,0)
(0,0,0)
(0,0,0)
(0,0,0)
(0,0,0)
(0,0,0)
(0,0,0)
(0,0,0)
(0,0,0)
(0,0,0)
(0,0,0)
(0,0,0)
(0,0,0)
(0,0,0)
(0,0,0)
(0,0,0)
(0,0,0)
(0,0,0)
(0,0,0)
(0,0,0)
(0,0,0)
(0,0,0)
(0,0,0)
(0,0,0)
(0,0,0)
(0,0,0)
(0,0,0)
(0,0,0)
(0,0,0)
(0,0,0)
(0,0,0)
(0,0,0)
(0,0,0)
(0,0,0)
(0,0,0)
(0,0,0)
(0,0,0)
(0,0,0)
(0,0,0)
(0,0,0)
(0,0,0)
(0,0,0)
(0,0,0)
(0,0,0)
(0,0,0)
(0,0,0)
(0,0,0)
(0,0,0)
(0,0,0)
(0,0,0)
(0,0,0)
(0,0,0)
(0,0,0)
(0,0,0)
(0,0,0)
(0,0,0)
(0,0,0)
(0,0,0)
(0,0,0)
(0,0,0)
(0,0,0)
(0,0,0)
(0,0,0)
(0,0,0)
(0,0,0)
(0,0,0)
(0,0,0)
(0,0,0)
(0,0,0)
(0,0,0)
(0,0,0)
(0,0,0)
(0,0,0)
(0,0,0)
(0,0,0)
(0,0,0)
(0,0,0)
(0,0,0)
(0,0,0)
(0,0,0)
(0,0,0)
(0,0,0)
(0,0,0)
(0,0,0)
(0,0,0)
(0,0,0)
(0,0,0)
(0,0,0)
(0,0,0)
(0,0,0)
(0,0,0)
(0,0,0)
(0,0,0)
(0,0,0)
(0,0,0)
(0,0,0)
(0,0,0)
(0,0,0)
(-1.31721990429061e-12,5.97797895422509e-12,-3.89848365599131e-12)
(-2.09796702770544e-12,1.26026258204295e-11,-3.88189681157821e-12)
(-2.25035951802663e-12,2.02191003783273e-11,-3.45039936348578e-12)
(-1.40919754641304e-12,3.20949918408486e-11,-2.986750403278e-12)
(-1.29911198158604e-12,5.2361569954605e-11,-2.59143205064136e-12)
(-3.84796011212603e-13,8.37206179129821e-11,-2.01672358380583e-12)
(-2.88275251902781e-13,1.36077952545838e-10,-1.55691828238523e-12)
(-1.38119606475702e-13,2.22589234495483e-10,-8.83852437784001e-13)
(-2.68729625885353e-14,3.66202442282223e-10,-4.99369677435698e-13)
(-1.44775049452795e-13,5.64228311963833e-10,5.12097706750466e-14)
(0,0,0)
(0,0,0)
(0,0,0)
(0,0,0)
(0,0,0)
(0,0,0)
(-1.74058766986948e-12,5.55188500753322e-12,-8.96449921282098e-12)
(-2.23348075964093e-12,1.13551849684059e-11,-9.02783636076863e-12)
(-2.56617137082667e-12,1.89234939342791e-11,-8.40501496699085e-12)
(-2.18334467640103e-12,3.10390238198238e-11,-7.73293448574462e-12)
(-1.98345873950078e-12,5.13396902272026e-11,-6.89908452761729e-12)
(-9.76457907898777e-13,8.32169156053836e-11,-5.5150437849488e-12)
(-1.07891186860267e-12,1.35680965903776e-10,-3.94079067299026e-12)
(-2.16566603776128e-12,2.22791567187502e-10,-2.88065018500197e-12)
(-2.499075520305e-12,3.66557641960589e-10,-2.31886398384253e-12)
(-2.13471483837452e-12,5.65136083416363e-10,-1.15296509218517e-12)
(0,0,0)
(0,0,0)
(0,0,0)
(0,0,0)
(0,0,0)
(0,0,0)
(-1.05581835067587e-12,4.99775931878218e-12,-1.80851948124761e-11)
(-5.23505481237844e-13,9.9103382845224e-12,-1.78023601443775e-11)
(-1.37965510445308e-12,1.73109865400623e-11,-1.68529497506555e-11)
(-2.05032324669317e-12,2.95950792384594e-11,-1.58408270311287e-11)
(-1.84832966768285e-12,4.98881003818295e-11,-1.43853078306484e-11)
(-1.21939766312891e-12,8.22040881673305e-11,-1.18391189875428e-11)
(-1.40084514132291e-12,1.35281421122249e-10,-9.0344283882094e-12)
(-2.73180588314661e-12,2.23050052429094e-10,-7.14135315690183e-12)
(-3.35318451661071e-12,3.66542057886579e-10,-5.47025781559185e-12)
(-3.42667302528836e-12,5.65086983080795e-10,-2.9220779619336e-12)
(0,0,0)
(0,0,0)
(0,0,0)
(0,0,0)
(0,0,0)
(0,0,0)
(4.61762772268351e-13,4.23243913827668e-12,-3.29185735695982e-11)
(2.53581602715977e-12,8.63697688811411e-12,-3.26441621479596e-11)
(2.24145468708726e-12,1.53291572427023e-11,-3.16661119337163e-11)
(1.20951412639274e-12,2.69421678935879e-11,-3.01991889857292e-11)
(1.04057813344154e-12,4.65393466297692e-11,-2.78431378481798e-11)
(6.214080582389e-13,7.92289070667938e-11,-2.42132557361319e-11)
(-2.33821856074384e-13,1.33366528159209e-10,-2.0046413072624e-11)
(-2.55712421721659e-12,2.22241581049555e-10,-1.61802069709597e-11)
(-4.26789102503028e-12,3.65525436289256e-10,-1.17253798426628e-11)
(-4.9625631448778e-12,5.63360720175801e-10,-6.11313235066876e-12)
(0,0,0)
(0,0,0)
(0,0,0)
(0,0,0)
(0,0,0)
(0,0,0)
(2.48045362433515e-12,3.5258479915417e-12,-5.4609818379987e-11)
(5.52087547740951e-12,7.59498169093496e-12,-5.40296845455653e-11)
(5.76107660246858e-12,1.2997169519785e-11,-5.27162989548862e-11)
(5.70732338323905e-12,2.28195576366478e-11,-5.10165853671217e-11)
(5.56450331241571e-12,4.09103521848758e-11,-4.88586841636493e-11)
(3.66899516389096e-12,7.34277256728932e-11,-4.55421882477859e-11)
(1.18695594577224e-12,1.28800322646663e-10,-4.08929170187634e-11)
(-1.85904149944004e-12,2.19043960365211e-10,-3.34121931980299e-11)
(-3.70675672788413e-12,3.62001998881125e-10,-2.37712376540858e-11)
(-4.29727407421517e-12,5.59185498834862e-10,-1.22589935137424e-11)
(0,0,0)
(0,0,0)
(0,0,0)
(0,0,0)
(0,0,0)
(0,0,0)
(3.34522199799645e-12,2.9393403454345e-12,-8.54346480841084e-11)
(6.6908383741969e-12,6.35137188859436e-12,-8.52266886888268e-11)
(7.80878431468608e-12,1.06096241330483e-11,-8.42229385379931e-11)
(8.58318743111706e-12,1.91335535786087e-11,-8.3030458524673e-11)
(7.95820197993863e-12,3.53383895117826e-11,-8.11897958981101e-11)
(5.24326551615615e-12,6.66730767069392e-11,-7.79127738732033e-11)
(2.68131818293876e-12,1.22709841658875e-10,-7.17015237542513e-11)
(-1.14710176691574e-17,2.11753554677269e-10,-6.04733817823931e-11)
(-2.30013494754361e-12,3.53299952703961e-10,-4.42834450657502e-11)
(-3.69126973190767e-12,5.50077671928432e-10,-2.34168241721727e-11)
(0,0,0)
(0,0,0)
(0,0,0)
(0,0,0)
(0,0,0)
(0,0,0)
(2.9437332902631e-12,2.50758420863489e-12,-1.35441732377159e-10)
(6.78894312215648e-12,4.93760077341131e-12,-1.35359642698064e-10)
(8.95871695320576e-12,8.63428317463887e-12,-1.34754482888539e-10)
(9.63652245517806e-12,1.6045160635517e-11,-1.34200190585549e-10)
(9.01567507796852e-12,3.01455656280229e-11,-1.32650830853538e-10)
(6.21161682505511e-12,5.873499340261e-11,-1.28878586679808e-10)
(4.39009935169914e-12,1.1274954683281e-10,-1.19982119628823e-10)
(2.51416982911329e-12,1.97811604483105e-10,-1.03474679160548e-10)
(2.03441630043413e-13,3.34976722161838e-10,-7.72737971673329e-11)
(-2.28306514851964e-12,5.29368099088079e-10,-4.17915037232248e-11)
(0,0,0)
(0,0,0)
(0,0,0)
(0,0,0)
(0,0,0)
(0,0,0)
(1.77915413956888e-12,1.92118130301024e-12,-2.19020345863916e-10)
(4.44177537575519e-12,3.72307570686182e-12,-2.18914890332802e-10)
(6.446430048888e-12,7.19681677898419e-12,-2.18515270727264e-10)
(8.09862778930136e-12,1.330386002347e-11,-2.1811175169215e-10)
(9.41661027386885e-12,2.54446733548066e-11,-2.16626546333262e-10)
(7.97337704975476e-12,5.05098180065881e-11,-2.11727538874965e-10)
(6.36208089663339e-12,9.72518702780615e-11,-1.9990947906181e-10)
(4.09886394616968e-12,1.7337104205286e-10,-1.75498015988244e-10)
(1.86190373889037e-12,3.01609953683592e-10,-1.35668067948644e-10)
(-7.28722686759588e-13,4.89423640371449e-10,-7.65647872983007e-11)
(0,0,0)
(0,0,0)
(0,0,0)
(0,0,0)
(0,0,0)
(0,0,0)
(1.75425686317175e-13,1.27460702853421e-12,-3.59914140086743e-10)
(1.36540771805572e-12,2.33875840913955e-12,-3.60092399271293e-10)
(3.75351248721428e-12,5.09914169223707e-12,-3.60045221588415e-10)
(6.92281049543951e-12,9.77004363758667e-12,-3.59213148662473e-10)
(9.44500599706165e-12,1.89092370896546e-11,-3.56789372642851e-10)
(9.39336074387507e-12,3.80420868259144e-11,-3.49605864261072e-10)
(8.43080508439892e-12,7.29943197255723e-11,-3.332525498645e-10)
(6.06109103405536e-12,1.3405622053926e-10,-3.0060347948061e-10)
(3.33188498972269e-12,2.4337925665525e-10,-2.43156082722963e-10)
(-8.30203641917843e-14,4.13270080843291e-10,-1.45850413771905e-10)
(0,0,0)
(0,0,0)
(0,0,0)
(0,0,0)
(0,0,0)
(0,0,0)
(-9.88818712550851e-14,5.9771388410995e-13,-5.58356986981566e-10)
(-1.77333629717228e-13,1.06970793610708e-12,-5.58566351146326e-10)
(1.77056657022863e-12,2.62848091226012e-12,-5.587026127005e-10)
(5.64380730076328e-12,5.36093684450329e-12,-5.57896155002336e-10)
(9.04591437852588e-12,1.01763607479996e-11,-5.54687035581665e-10)
(1.04701396555981e-11,2.07021134194055e-11,-5.45964305150328e-10)
(9.91632102740758e-12,4.01433759615871e-11,-5.26211715553002e-10)
(7.8011681974887e-12,7.60946940548547e-11,-4.86512390697179e-10)
(5.54092611999854e-12,1.45719641117564e-10,-4.11084425000691e-10)
(1.66838437988058e-12,2.66369583428489e-10,-2.65537419635044e-10)
(0,0,0)
(0,0,0)
(0,0,0)
(0,0,0)
(0,0,0)
(0,0,0)
(0,0,0)
(0,0,0)
(0,0,0)
(0,0,0)
(0,0,0)
(0,0,0)
(0,0,0)
(0,0,0)
(0,0,0)
(0,0,0)
(0,0,0)
(0,0,0)
(0,0,0)
(0,0,0)
(0,0,0)
(0,0,0)
(0,0,0)
(0,0,0)
(0,0,0)
(0,0,0)
(0,0,0)
(0,0,0)
(0,0,0)
(0,0,0)
(0,0,0)
(0,0,0)
(0,0,0)
(0,0,0)
(0,0,0)
(0,0,0)
(0,0,0)
(0,0,0)
(0,0,0)
(0,0,0)
(0,0,0)
(0,0,0)
(0,0,0)
(0,0,0)
(0,0,0)
(0,0,0)
(0,0,0)
(0,0,0)
(0,0,0)
(0,0,0)
(0,0,0)
(0,0,0)
(0,0,0)
(0,0,0)
(0,0,0)
(0,0,0)
(0,0,0)
(0,0,0)
(0,0,0)
(0,0,0)
(0,0,0)
(0,0,0)
(0,0,0)
(0,0,0)
(0,0,0)
(0,0,0)
(0,0,0)
(0,0,0)
(0,0,0)
(0,0,0)
(0,0,0)
(0,0,0)
(0,0,0)
(0,0,0)
(0,0,0)
(0,0,0)
(0,0,0)
(0,0,0)
(0,0,0)
(0,0,0)
(0,0,0)
(0,0,0)
(0,0,0)
(0,0,0)
(0,0,0)
(0,0,0)
(0,0,0)
(0,0,0)
(0,0,0)
(0,0,0)
(0,0,0)
(0,0,0)
(0,0,0)
(0,0,0)
(0,0,0)
(0,0,0)
(0,0,0)
(0,0,0)
(0,0,0)
(0,0,0)
(0,0,0)
(0,0,0)
(-9.07712802006724e-13,1.08876386412675e-11,-8.44846489783503e-12)
(-1.28202362377856e-12,2.32547772273337e-11,-8.51740523512026e-12)
(-1.41840203418944e-12,3.74589522245927e-11,-7.79439292392027e-12)
(-7.48547878044325e-13,5.79069457427671e-11,-6.60212591252255e-12)
(-8.51940721045056e-13,9.30510676311434e-11,-4.78527390347478e-12)
(-3.40899004981426e-13,1.49204904872826e-10,-2.50699621723227e-12)
(-5.64354454354265e-13,2.38601748424522e-10,-8.07802688536357e-13)
(-7.24935059066445e-13,3.88668756339112e-10,2.48270175291427e-13)
(-9.32652089188936e-13,6.74955573646877e-10,6.16615293325607e-13)
(-1.00133673149482e-12,1.32723027408109e-09,5.70530480458614e-13)
(0,0,0)
(0,0,0)
(0,0,0)
(0,0,0)
(0,0,0)
(0,0,0)
(-1.12312483317043e-12,1.01456267058065e-11,-1.91749569044479e-11)
(-1.41145546953096e-12,2.13521222061699e-11,-1.90507836267101e-11)
(-1.62574445784759e-12,3.51340758705686e-11,-1.74550575462843e-11)
(-1.57325005315816e-12,5.57695199599073e-11,-1.50764568966289e-11)
(-1.91590963676593e-12,9.09204928143488e-11,-1.17112429931101e-11)
(-1.5378835818157e-12,1.48104838218173e-10,-7.43237657813045e-12)
(-1.73950757513183e-12,2.3838152596239e-10,-3.29927367150626e-12)
(-2.98593748040708e-12,3.89536929170671e-10,-1.33437571364031e-12)
(-3.64939033751876e-12,6.76107064037025e-10,-8.56719577414378e-13)
(-3.23857959501443e-12,1.32868567995249e-09,-3.69968575174558e-13)
(0,0,0)
(0,0,0)
(0,0,0)
(0,0,0)
(0,0,0)
(0,0,0)
(-5.73332838267307e-13,9.24009629046142e-12,-3.64315874155596e-11)
(-1.99554478548851e-13,1.89704002000751e-11,-3.54810095818405e-11)
(-4.09948526611361e-13,3.18316334589881e-11,-3.29998422794447e-11)
(-8.52931102299696e-13,5.18533303713353e-11,-2.94878490709249e-11)
(-1.04576475879251e-12,8.63217464718205e-11,-2.45897936993418e-11)
(-1.04890716196007e-12,1.44428348040556e-10,-1.79910316341422e-11)
(-1.37902740955562e-12,2.37637122115019e-10,-1.07156285568075e-11)
(-3.59442984492407e-12,3.91135756031204e-10,-7.2205672622077e-12)
(-4.88474277314623e-12,6.77516113727331e-10,-5.46914677208405e-12)
(-4.62248808232885e-12,1.32975424787349e-09,-2.86926738658453e-12)
(0,0,0)
(0,0,0)
(0,0,0)
(0,0,0)
(0,0,0)
(0,0,0)
(8.93942497363674e-13,7.64249147622001e-12,-6.24103448976679e-11)
(2.59976101009446e-12,1.59261173863514e-11,-6.12714908652556e-11)
(3.10651946201283e-12,2.73418907989504e-11,-5.87648406506315e-11)
(2.97607324578746e-12,4.57656931920758e-11,-5.4812931492327e-11)
(3.03969046629035e-12,7.82227867173907e-11,-4.83911800830992e-11)
(2.25574678864856e-12,1.3609810112938e-10,-3.96548123831547e-11)
(4.66177554782227e-13,2.33757542873943e-10,-2.97564290643041e-11)
(-3.81433066124517e-12,3.92002846074221e-10,-2.29871685985404e-11)
(-6.35670110855617e-12,6.78145142754405e-10,-1.68040595527489e-11)
(-6.90047415459308e-12,1.3292583653245e-09,-8.81854266235742e-12)
(0,0,0)
(0,0,0)
(0,0,0)
(0,0,0)
(0,0,0)
(0,0,0)
(2.48682743601985e-12,6.0105976647897e-12,-9.94159551446608e-11)
(5.45109968906815e-12,1.29288493640913e-11,-9.80571756118596e-11)
(6.44890840143981e-12,2.22409525824804e-11,-9.5552940881839e-11)
(7.23542623781295e-12,3.75562133464764e-11,-9.17435778201618e-11)
(7.8199700696664e-12,6.63777836631534e-11,-8.62466783629633e-11)
(5.77437290076082e-12,1.2157764353275e-10,-7.9735010665275e-11)
(-2.03286887079162e-13,2.22437564006406e-10,-7.41033883336811e-11)
(-4.20959135533498e-12,3.89124012991329e-10,-5.79739138826769e-11)
(-6.5169546910282e-12,6.74857498519098e-10,-4.02811103786918e-11)
(-7.44844068188386e-12,1.32448232517658e-09,-2.07664561574957e-11)
(0,0,0)
(0,0,0)
(0,0,0)
(0,0,0)
(0,0,0)
(0,0,0)
(3.56901873951465e-12,4.39262334502069e-12,-1.52254151034602e-10)
(7.10085933854586e-12,9.94425954120439e-12,-1.51544631933062e-10)
(8.59164525977093e-12,1.72081050913824e-11,-1.49782129118194e-10)
(9.83091774763958e-12,2.97497644248713e-11,-1.47207395483564e-10)
(9.87400383879205e-12,5.48970216863631e-11,-1.43228514796279e-10)
(6.97009870152946e-12,1.07830080603077e-10,-1.37564254281165e-10)
(1.41347103719192e-12,2.13797697517884e-10,-1.29190975828421e-10)
(-2.24799799347859e-12,3.78512017354928e-10,-1.08007316809507e-10)
(-4.84352529904084e-12,6.6090065185449e-10,-7.76257905137771e-11)
(-6.39852106341231e-12,1.30829633581585e-09,-4.07335361010105e-11)
(0,0,0)
(0,0,0)
(0,0,0)
(0,0,0)
(0,0,0)
(0,0,0)
(3.4480465167929e-12,3.34084677669051e-12,-2.3584050665886e-10)
(7.39830837918146e-12,7.49842126630228e-12,-2.35680126674731e-10)
(9.84189104587121e-12,1.32314205735486e-11,-2.34778629617782e-10)
(1.08284633352121e-11,2.30077827614941e-11,-2.33930684751016e-10)
(9.94432317746951e-12,4.40390570427593e-11,-2.32280590913989e-10)
(5.54032517011622e-12,9.15164905727182e-11,-2.27480516362651e-10)
(3.38033543818979e-12,1.96520911782231e-10,-2.10956120686591e-10)
(7.53850266072218e-13,3.53659102596522e-10,-1.85007014196323e-10)
(-1.9120833359967e-12,6.28178626432811e-10,-1.36613180297429e-10)
(-4.1301101545445e-12,1.27083887687253e-09,-7.34578579747411e-11)
(0,0,0)
(0,0,0)
(0,0,0)
(0,0,0)
(0,0,0)
(0,0,0)
(2.32027288293037e-12,2.42047015212668e-12,-3.79900136830152e-10)
(5.42647306793944e-12,5.68187352370452e-12,-3.80184530163432e-10)
(8.14058610052323e-12,1.09335933163813e-11,-3.80086711595146e-10)
(1.01472388162962e-11,1.91945050988003e-11,-3.79882598290976e-10)
(1.1053039080703e-11,3.8411200910167e-11,-3.7869261205127e-10)
(8.62304841728487e-12,8.216645683189e-11,-3.72694830774828e-10)
(6.20816837555974e-12,1.70825787691846e-10,-3.54418332531348e-10)
(3.58373742002415e-12,3.07296002028717e-10,-3.1154777219317e-10)
(9.89320117034376e-13,5.67037612765957e-10,-2.39903128204778e-10)
(-1.13995045753389e-12,1.19890859408559e-09,-1.36129616612397e-10)
(0,0,0)
(0,0,0)
(0,0,0)
(0,0,0)
(0,0,0)
(0,0,0)
(1.03057801529111e-12,1.62177207287975e-12,-6.61508534269598e-10)
(2.58728050821132e-12,3.7909636108571e-12,-6.62104086328056e-10)
(5.39210034125114e-12,8.01394630182004e-12,-6.62568158633086e-10)
(8.90814126890456e-12,1.49776040514654e-11,-6.61917346424176e-10)
(1.09943739569483e-11,3.0319330733518e-11,-6.58845997588568e-10)
(1.03800197537948e-11,6.38090386895315e-11,-6.48377188079802e-10)
(8.63267846448596e-12,1.27479990120242e-10,-6.21769367032982e-10)
(6.57522076082367e-12,2.36078624439919e-10,-5.65011612358561e-10)
(3.68583157628003e-12,4.6386446265072e-10,-4.63891897731932e-10)
(9.67063278960001e-13,1.06299354991021e-09,-2.89579629153317e-10)
(0,0,0)
(0,0,0)
(0,0,0)
(0,0,0)
(0,0,0)
(0,0,0)
(7.08196177614236e-13,9.22066227804478e-13,-1.31367269841929e-09)
(1.02863586056391e-12,1.88469954853786e-12,-1.31399822192602e-09)
(3.59258978432402e-12,4.27570808599045e-12,-1.31479504583292e-09)
(7.79562472459684e-12,8.65682359734339e-12,-1.31413972322484e-09)
(1.04995446951842e-11,1.70720529390085e-11,-1.30939577687488e-09)
(1.1419663477673e-11,3.51565497696475e-11,-1.29560377706441e-09)
(1.03603721331693e-11,6.95278249044642e-11,-1.26270530161475e-09)
(8.46789655586689e-12,1.34477371530993e-10,-1.19454625238282e-09)
(5.71356187191032e-12,2.89342277689793e-10,-1.06081031499521e-09)
(2.50054817335807e-12,7.72687163027953e-10,-7.71689461428765e-10)
(0,0,0)
(0,0,0)
(0,0,0)
(0,0,0)
(0,0,0)
(0,0,0)
(0,0,0)
(0,0,0)
(0,0,0)
(0,0,0)
(0,0,0)
(0,0,0)
(0,0,0)
(0,0,0)
(0,0,0)
(0,0,0)
(0,0,0)
(0,0,0)
(0,0,0)
(0,0,0)
(0,0,0)
(0,0,0)
(0,0,0)
(0,0,0)
(0,0,0)
(0,0,0)
(0,0,0)
(0,0,0)
(0,0,0)
(0,0,0)
(0,0,0)
(0,0,0)
(0,0,0)
(0,0,0)
(0,0,0)
(0,0,0)
(0,0,0)
(0,0,0)
(0,0,0)
(0,0,0)
(0,0,0)
(0,0,0)
(0,0,0)
(0,0,0)
(0,0,0)
(0,0,0)
(0,0,0)
(0,0,0)
(0,0,0)
(0,0,0)
(0,0,0)
(0,0,0)
(0,0,0)
(0,0,0)
(0,0,0)
(0,0,0)
(0,0,0)
(0,0,0)
(0,0,0)
(0,0,0)
(0,0,0)
(0,0,0)
(0,0,0)
(0,0,0)
(0,0,0)
(0,0,0)
(0,0,0)
(0,0,0)
(0,0,0)
(0,0,0)
(0,0,0)
(0,0,0)
(0,0,0)
(0,0,0)
(0,0,0)
(0,0,0)
(0,0,0)
(0,0,0)
(0,0,0)
(0,0,0)
(0,0,0)
(0,0,0)
(0,0,0)
(0,0,0)
(0,0,0)
(0,0,0)
(0,0,0)
(0,0,0)
(0,0,0)
(0,0,0)
(0,0,0)
(0,0,0)
(0,0,0)
(0,0,0)
(0,0,0)
(0,0,0)
(0,0,0)
(0,0,0)
(0,0,0)
(0,0,0)
(0,0,0)
(0,0,0)
(-9.67605290489554e-14,1.50013973785882e-11,-1.25242600280906e-11)
(-1.02380914679417e-13,2.99365291093781e-11,-1.20476611286946e-11)
(-2.85792690936546e-13,4.87305823362332e-11,-1.0692796910587e-11)
(-4.27974103693102e-13,7.60533271048275e-11,-8.42772847327727e-12)
(-9.99643590917836e-13,1.19473357942021e-10,-5.37147814326268e-12)
(-9.40025879233483e-13,1.85455253698092e-10,-1.59258626469443e-12)
(-1.40020485619462e-12,2.81386117943985e-10,1.54914798550958e-12)
(-1.96145300871139e-12,4.1940097865775e-10,2.53798899617685e-12)
(-2.03805766647235e-12,6.15430920894364e-10,2.28234227053818e-12)
(-1.88621212238081e-12,8.52577746409904e-10,1.24572535928493e-12)
(0,0,0)
(0,0,0)
(0,0,0)
(0,0,0)
(0,0,0)
(0,0,0)
(-3.41767695442823e-13,1.39335683148801e-11,-2.83009272706152e-11)
(-6.25459544462177e-13,2.80382236740591e-11,-2.73544746374269e-11)
(-7.01902696201791e-13,4.63043772683759e-11,-2.47411735381137e-11)
(-1.02227436775153e-12,7.3272160651133e-11,-2.03928450533064e-11)
(-1.59602970894849e-12,1.16038273012239e-10,-1.40732758285785e-11)
(-1.99449631088206e-12,1.83139529598522e-10,-5.90891090750079e-12)
(-2.96000168689367e-12,2.81711508866418e-10,2.23154670916539e-12)
(-5.06242047584088e-12,4.21520188844142e-10,4.10908832500368e-12)
(-5.5451910303346e-12,6.1793846694445e-10,2.74081604186953e-12)
(-4.67711609119784e-12,8.55154266456556e-10,1.13928808821027e-12)
(0,0,0)
(0,0,0)
(0,0,0)
(0,0,0)
(0,0,0)
(0,0,0)
(7.36941408026251e-14,1.23791961956883e-11,-5.22069674158271e-11)
(3.63561034078836e-13,2.50412223998329e-11,-5.01853661187809e-11)
(5.67800925098396e-13,4.16177585882635e-11,-4.58265579981751e-11)
(3.36650705196812e-13,6.65167675385595e-11,-3.89699721247565e-11)
(4.54432929719109e-13,1.07425622475767e-10,-2.91742420634648e-11)
(5.93667181575164e-15,1.7577776319132e-10,-1.52303320668739e-11)
(-9.94509461840714e-13,2.82079363386151e-10,1.53168683843629e-12)
(-6.21294037911374e-12,4.26493022922888e-10,3.54113347652953e-12)
(-8.11365118498357e-12,6.22511915443021e-10,7.77990165840983e-13)
(-6.99587292026626e-12,8.58819214049748e-10,-3.03181255450491e-13)
(0,0,0)
(0,0,0)
(0,0,0)
(0,0,0)
(0,0,0)
(0,0,0)
(1.386982276012e-12,9.85856419970098e-12,-8.51350420998299e-11)
(3.09037881859482e-12,2.02413695209409e-11,-8.27113015551057e-11)
(4.25554851969234e-12,3.42285086554149e-11,-7.78195132638163e-11)
(4.76380168167561e-12,5.55236187870275e-11,-6.99099484931316e-11)
(6.14832582115313e-12,9.18606426309418e-11,-5.77143939190443e-11)
(6.87782106654812e-12,1.58502542866714e-10,-3.88690135957352e-11)
(5.0168959563682e-12,2.79629282447079e-10,-1.21423345461051e-11)
(-7.11860662444933e-12,4.35289869926715e-10,-1.06801095933699e-11)
(-1.10545737631805e-11,6.2920155868304e-10,-1.13027775915883e-11)
(-1.09429766688165e-11,8.62927090541083e-10,-7.13194444784792e-12)
(0,0,0)
(0,0,0)
(0,0,0)
(0,0,0)
(0,0,0)
(0,0,0)
(2.74602222283363e-12,7.06507418213777e-12,-1.2970043186363e-10)
(5.93145478240757e-12,1.48777296982948e-11,-1.27061325343754e-10)
(7.67239283051603e-12,2.55526742758246e-11,-1.22416433408743e-10)
(9.54497570175033e-12,4.14065683117494e-11,-1.15604436474509e-10)
(1.27890643499407e-11,6.92408927362583e-11,-1.06065028961582e-10)
(1.38903134984405e-11,1.23534965130033e-10,-9.53929345147512e-11)
(-7.69289485003262e-12,2.46766615879643e-10,-1.06197038502181e-10)
(-1.12903992237274e-11,4.44488126836203e-10,-6.82197822360162e-11)
(-1.20747622459692e-11,6.33178183614644e-10,-4.55639792289123e-11)
(-1.20289074789629e-11,8.61598394364201e-10,-2.36812113709847e-11)
(0,0,0)
(0,0,0)
(0,0,0)
(0,0,0)
(0,0,0)
(0,0,0)
(3.91127620703253e-12,4.07636244636971e-12,-1.89750731667913e-10)
(7.78419479803854e-12,9.62135841079415e-12,-1.879322640348e-10)
(9.99359614244113e-12,1.72819287823812e-11,-1.84928531234821e-10)
(1.25940187249365e-11,2.80205614094669e-11,-1.81275952701658e-10)
(1.50677079664243e-11,4.84427301930343e-11,-1.76154244413179e-10)
(1.49104102795297e-11,9.84308780627924e-11,-1.69246537040399e-10)
(-2.49340224601305e-12,2.53799832740854e-10,-1.73812756471449e-10)
(-7.77660953124464e-12,4.40410722245425e-10,-1.36914814329183e-10)
(-9.01375428995286e-12,6.2031560313245e-10,-9.4598224860754e-11)
(-9.67459822143706e-12,8.43200726172619e-10,-4.86634956191289e-11)
(0,0,0)
(0,0,0)
(0,0,0)
(0,0,0)
(0,0,0)
(0,0,0)
(4.20804315773285e-12,2.21107161404471e-12,-2.77011249857938e-10)
(8.31335906445735e-12,6.1310396866926e-12,-2.76426488461616e-10)
(1.12917734359168e-11,1.15149731826828e-11,-2.75338589600159e-10)
(1.2991647161093e-11,1.73905212727142e-11,-2.75400004383925e-10)
(1.07721047592344e-11,2.83953765825333e-11,-2.78052597427812e-10)
(-1.63403676538079e-12,6.00432336147343e-11,-2.8342944070743e-10)
(3.12635303850607e-12,2.34295203190763e-10,-2.50047785286647e-10)
(-1.2768830655064e-12,4.12272207108015e-10,-2.38966972876322e-10)
(-3.92639199136178e-12,5.80934774386398e-10,-1.65690035071227e-10)
(-5.65768534258472e-12,7.97888647505346e-10,-8.51125479894447e-11)
(0,0,0)
(0,0,0)
(0,0,0)
(0,0,0)
(0,0,0)
(0,0,0)
(3.40336429600528e-12,1.48514180911997e-12,-4.06057830528837e-10)
(7.21956441204574e-12,4.32581934698049e-12,-4.06871369340598e-10)
(1.08561198104663e-11,8.91232973868011e-12,-4.07718396724566e-10)
(1.31741536248816e-11,1.48636339956647e-11,-4.08831435499399e-10)
(1.31471279805832e-11,3.01744589172716e-11,-4.11826146303424e-10)
(8.7039683159772e-12,7.68818590781824e-11,-4.15895164995684e-10)
(6.68340560949951e-12,2.11047822447857e-10,-4.08476117139178e-10)
(3.15647101945202e-12,3.40948310158968e-10,-3.47260647103276e-10)
(3.88958640176807e-13,5.0245863805926e-10,-2.52806764502679e-10)
(-1.35452289422555e-12,7.13963646306695e-10,-1.36074623668476e-10)
(0,0,0)
(0,0,0)
(0,0,0)
(0,0,0)
(0,0,0)
(0,0,0)
(2.32583591810372e-12,1.34059251522407e-12,-5.9597247191701e-10)
(4.95761687556878e-12,3.29753471768673e-12,-5.9725176839467e-10)
(8.47952634819647e-12,6.59632561644851e-12,-5.98798544408941e-10)
(1.21575728875777e-11,1.28499683692314e-11,-5.9934754625156e-10)
(1.37728422433287e-11,2.82045573537399e-11,-5.98231841210089e-10)
(1.2424687626855e-11,6.7282384506865e-11,-5.9165022592135e-10)
(9.82708900524696e-12,1.48747782722055e-10,-5.67097771578253e-10)
(7.05675904268603e-12,2.47090766139876e-10,-4.97713841255983e-10)
(3.8957479592276e-12,3.85962599350081e-10,-3.84533268304296e-10)
(1.69382100774969e-12,5.77676035182647e-10,-2.20485543506732e-10)
(0,0,0)
(0,0,0)
(0,0,0)
(0,0,0)
(0,0,0)
(0,0,0)
(1.95578591167694e-12,9.53395940882822e-13,-8.32454459962858e-10)
(3.71015931527178e-12,1.76473715200963e-12,-8.33294869531767e-10)
(7.21297526286229e-12,3.38626981425538e-12,-8.3498337266421e-10)
(1.17085019715372e-11,7.66716532618478e-12,-8.35143615855128e-10)
(1.3779597824302e-11,1.69877237634883e-11,-8.3071548520864e-10)
(1.36777377973789e-11,3.82947219961783e-11,-8.17358701126993e-10)
(1.17291478060017e-11,7.80958322402672e-11,-7.82295353326589e-10)
(9.20933069853635e-12,1.33699566407276e-10,-7.05474024228147e-10)
(5.93498599519075e-12,2.21157235873199e-10,-5.72618250407701e-10)
(3.49824977309804e-12,3.5563613691833e-10,-3.53047712469989e-10)
(0,0,0)
(0,0,0)
(0,0,0)
(0,0,0)
(0,0,0)
(0,0,0)
(0,0,0)
(0,0,0)
(0,0,0)
(0,0,0)
(0,0,0)
(0,0,0)
(0,0,0)
(0,0,0)
(0,0,0)
(0,0,0)
(0,0,0)
(0,0,0)
(0,0,0)
(0,0,0)
(0,0,0)
(0,0,0)
(0,0,0)
(0,0,0)
(0,0,0)
(0,0,0)
(0,0,0)
(0,0,0)
(0,0,0)
(0,0,0)
(0,0,0)
(0,0,0)
(0,0,0)
(0,0,0)
(0,0,0)
(0,0,0)
(0,0,0)
(0,0,0)
(0,0,0)
(0,0,0)
(0,0,0)
(0,0,0)
(0,0,0)
(0,0,0)
(0,0,0)
(0,0,0)
(0,0,0)
(0,0,0)
(0,0,0)
(0,0,0)
(0,0,0)
(0,0,0)
(0,0,0)
(0,0,0)
(0,0,0)
(0,0,0)
(0,0,0)
(0,0,0)
(0,0,0)
(0,0,0)
(0,0,0)
(0,0,0)
(0,0,0)
(0,0,0)
(0,0,0)
(0,0,0)
(0,0,0)
(0,0,0)
(0,0,0)
(0,0,0)
(0,0,0)
(0,0,0)
(0,0,0)
(0,0,0)
(0,0,0)
(0,0,0)
(0,0,0)
(0,0,0)
(0,0,0)
(0,0,0)
(0,0,0)
(0,0,0)
(0,0,0)
(0,0,0)
(0,0,0)
(0,0,0)
(0,0,0)
(0,0,0)
(0,0,0)
(0,0,0)
(0,0,0)
(0,0,0)
(0,0,0)
(0,0,0)
(0,0,0)
(0,0,0)
(0,0,0)
(0,0,0)
(0,0,0)
(0,0,0)
(0,0,0)
(0,0,0)
(4.94469635282209e-13,1.71201490626609e-11,-1.62922566697196e-11)
(4.41060302507158e-13,3.37240409313938e-11,-1.52285845693424e-11)
(-1.24656060381107e-13,5.53171037512639e-11,-1.34665053281858e-11)
(-7.03057979984626e-13,8.57160628465882e-11,-1.02760059485768e-11)
(-1.34345053967996e-12,1.31275867576003e-10,-6.04301405506007e-12)
(-1.76603602986773e-12,1.95943268322686e-10,-2.22138497080029e-13)
(-2.71443678929832e-12,2.82071882994078e-10,5.4244221630245e-12)
(-3.82501646940925e-12,3.89859077450963e-10,6.4489842188432e-12)
(-3.5089868053616e-12,5.11226461178212e-10,4.8825613092843e-12)
(-3.21700680970661e-12,6.13358405737285e-10,2.62646511349521e-12)
(0,0,0)
(0,0,0)
(0,0,0)
(0,0,0)
(0,0,0)
(0,0,0)
(2.66151790567224e-13,1.60142650371579e-11,-3.57610496824994e-11)
(-2.41759369533439e-13,3.18184860202252e-11,-3.38146013377715e-11)
(-3.6361250093422e-13,5.20927740689286e-11,-3.05159075696549e-11)
(-5.86450479875399e-13,8.13558669083226e-11,-2.45909000828911e-11)
(-1.14774409356964e-12,1.25403665456096e-10,-1.49329488784933e-11)
(-2.77318752034952e-12,1.9132095838081e-10,-5.56722630070616e-13)
(-5.20539782247646e-12,2.83183543875794e-10,1.56538647946392e-11)
(-8.66698227139182e-12,3.93792730140827e-10,1.58766406190723e-11)
(-8.51711157526534e-12,5.15209732493231e-10,9.70737346057845e-12)
(-7.20277559610156e-12,6.17341213882103e-10,4.09416349982733e-12)
(0,0,0)
(0,0,0)
(0,0,0)
(0,0,0)
(0,0,0)
(0,0,0)
(5.72724839725306e-13,1.38285870514233e-11,-6.33770459742473e-11)
(8.04605792351282e-13,2.78456749308206e-11,-6.00732864812752e-11)
(1.10046498454636e-12,4.5466566694475e-11,-5.41867348895558e-11)
(1.53406939543169e-12,7.11554556065187e-11,-4.46394865959596e-11)
(2.07550277795523e-12,1.11338729241084e-10,-2.88220321054448e-11)
(5.19138091053397e-13,1.7817037006178e-10,-1.33962209185303e-12)
(-5.53875160768305e-13,2.89316423270019e-10,4.22354094125439e-11)
(-1.22466440723445e-11,4.05528327559419e-10,3.22808360356232e-11)
(-1.37221230037639e-11,5.24295977663557e-10,1.47532769338926e-11)
(-1.14069306667079e-11,6.24143799823477e-10,4.63899889362023e-12)
(0,0,0)
(0,0,0)
(0,0,0)
(0,0,0)
(0,0,0)
(0,0,0)
(1.75673174888634e-12,1.07870868120309e-11,-9.92367639870883e-11)
(3.5622303499475e-12,2.15469338733461e-11,-9.53011767647871e-11)
(5.02181812860176e-12,3.50875022933556e-11,-8.82394401401353e-11)
(6.68529758284372e-12,5.46935991328206e-11,-7.68216807195008e-11)
(9.922695392548e-12,8.54399384866638e-11,-5.66026816199782e-11)
(1.51187197536057e-11,1.43713764425338e-10,-1.37264635406569e-11)
(3.64173375711192e-11,3.1971842214288e-10,1.11564248949087e-10)
(-1.5694195535819e-11,4.38263924986309e-10,4.4853167297948e-11)
(-1.92020318384448e-11,5.41893677317112e-10,9.26504498599713e-12)
(-1.67462249400055e-11,6.33827223994296e-10,-9.09868057405009e-13)
(0,0,0)
(0,0,0)
(0,0,0)
(0,0,0)
(0,0,0)
(0,0,0)
(3.09562743872536e-12,7.38877884991093e-12,-1.44112785747459e-10)
(6.5429341349175e-12,1.46513228619293e-11,-1.4038485193871e-10)
(9.13114138971567e-12,2.34742459640756e-11,-1.33833270732467e-10)
(1.339157509111e-11,3.44809688295324e-11,-1.23553511066793e-10)
(2.29151324463597e-11,4.6735691805833e-11,-1.05640866096788e-10)
(4.97985045529993e-11,4.66856993451608e-11,-7.06502003158468e-11)
(-5.2703367977307e-11,6.10948100904765e-10,-5.26399758137753e-17)
(-2.98687976401085e-11,5.18834689954488e-10,-5.04596490873882e-11)
(-2.10949496217959e-11,5.65578659980413e-10,-3.57937140914355e-11)
(-1.73124506581915e-11,6.39584877585987e-10,-2.02942658141076e-11)
(0,0,0)
(0,0,0)
(0,0,0)
(0,0,0)
(0,0,0)
(0,0,0)
(3.95809940625714e-12,4.19405832353732e-12,-2.01540182597359e-10)
(8.27078072215998e-12,8.50993580118912e-12,-1.98913612716697e-10)
(1.21079732090157e-11,1.30321010002065e-11,-1.94599697416765e-10)
(1.81023505731999e-11,1.5787502472393e-11,-1.88690597533185e-10)
(2.82073542041219e-11,1.27194786379382e-11,-1.77792785438214e-10)
(5.78642741585896e-11,-5.02324098879602e-12,-1.48277430452906e-10)
(-1.98867148381003e-11,6.08704465235548e-10,-6.72125886771195e-16)
(-2.19546838622561e-11,5.2967118919181e-10,-1.36729382964778e-10)
(-1.55676547854908e-11,5.60113784509165e-10,-9.35230640124647e-11)
(-1.30260151733899e-11,6.24396094619644e-10,-4.77744454924786e-11)
(0,0,0)
(0,0,0)
(0,0,0)
(0,0,0)
(0,0,0)
(0,0,0)
(4.34921156634488e-12,1.68784937641489e-12,-2.76559326827874e-10)
(9.0306805427065e-12,4.08500692523717e-12,-2.7569437767218e-10)
(1.39558316637009e-11,5.69123120485714e-12,-2.74686920667138e-10)
(1.81711274820206e-11,4.06369542797294e-13,-2.7555218326247e-10)
(1.43698657040234e-11,-2.84194154057188e-11,-2.86935882032034e-10)
(-5.18543176495613e-11,-1.7001751833956e-10,-3.58155848369084e-10)
(1.52929213711935e-11,7.25546463471517e-10,-7.94031201709279e-10)
(-3.22992392153666e-12,5.20641496166831e-10,-3.46742881481372e-10)
(-6.0277427460594e-12,5.22334308880217e-10,-1.84726010433951e-10)
(-6.84523213331587e-12,5.78889671750089e-10,-8.6001071888146e-11)
(0,0,0)
(0,0,0)
(0,0,0)
(0,0,0)
(0,0,0)
(0,0,0)
(4.36145240170222e-12,6.5073649763583e-13,-3.72915257867459e-10)
(9.09487642531436e-12,1.99942359952039e-12,-3.73572577878793e-10)
(1.42851627075716e-11,3.29474994996855e-12,-3.75158783671397e-10)
(1.81825300552614e-11,1.03909786995518e-12,-3.78258834931123e-10)
(1.9186048236401e-11,-4.13585765155189e-12,-3.89514655690072e-10)
(1.08843950306091e-11,1.12466220652349e-11,-4.26546819429944e-10)
(7.76797529956094e-12,2.93550958022519e-10,-5.12554452932095e-10)
(2.56013243791597e-12,3.6348919868207e-10,-3.70754105182551e-10)
(1.52856515253661e-13,4.24365297298249e-10,-2.40676463539271e-10)
(-1.14153543878925e-12,4.92041101720638e-10,-1.20930327022072e-10)
(0,0,0)
(0,0,0)
(0,0,0)
(0,0,0)
(0,0,0)
(0,0,0)
(3.9923289700062e-12,7.00146473556397e-13,-4.87537724049251e-10)
(8.03719045556219e-12,1.87310112312321e-12,-4.88653673198403e-10)
(1.22385839930628e-11,3.15021822451956e-12,-4.90623515679701e-10)
(1.62246708890905e-11,4.96567510905637e-12,-4.93023037815377e-10)
(1.84080605448433e-11,1.30104736313038e-11,-4.96961431350378e-10)
(1.68598957944214e-11,4.80614949910396e-11,-5.02884580972397e-10)
(1.10951091647001e-11,1.5978561129707e-10,-4.98209101221122e-10)
(7.26738582371424e-12,2.34513946487262e-10,-4.15199179572064e-10)
(4.653386638416e-12,3.03057259373304e-10,-2.99504115127945e-10)
(3.24817576535465e-12,3.68456077480559e-10,-1.60410837933725e-10)
(0,0,0)
(0,0,0)
(0,0,0)
(0,0,0)
(0,0,0)
(0,0,0)
(3.74959142146886e-12,7.89171191562335e-13,-5.88677256545231e-10)
(7.16339959972456e-12,1.45940349620864e-12,-5.8926766311702e-10)
(1.07594882680386e-11,2.1023604750422e-12,-5.90556888374459e-10)
(1.49475366512408e-11,4.24805861969337e-12,-5.91895936493344e-10)
(1.7410537506135e-11,1.13896598459612e-11,-5.90930850680975e-10)
(1.69091119931596e-11,3.22550781951276e-11,-5.82916699641841e-10)
(1.30036509478925e-11,7.63201781094092e-11,-5.53639936841211e-10)
(1.00531232853941e-11,1.18180520486896e-10,-4.78048001098474e-10)
(7.52168393049106e-12,1.61620662458377e-10,-3.60732596341907e-10)
(6.08667422159038e-12,2.04572334228402e-10,-2.01324340929496e-10)
(0,0,0)
(0,0,0)
(0,0,0)
(0,0,0)
(0,0,0)
(0,0,0)
(0,0,0)
(0,0,0)
(0,0,0)
(0,0,0)
(0,0,0)
(0,0,0)
(0,0,0)
(0,0,0)
(0,0,0)
(0,0,0)
(0,0,0)
(0,0,0)
(0,0,0)
(0,0,0)
(0,0,0)
(0,0,0)
(0,0,0)
(0,0,0)
(0,0,0)
(0,0,0)
(0,0,0)
(0,0,0)
(0,0,0)
(0,0,0)
(0,0,0)
(0,0,0)
(0,0,0)
(0,0,0)
(0,0,0)
(0,0,0)
(0,0,0)
(0,0,0)
(0,0,0)
(0,0,0)
(0,0,0)
(0,0,0)
(0,0,0)
(0,0,0)
(0,0,0)
(0,0,0)
(0,0,0)
(0,0,0)
(0,0,0)
(0,0,0)
(0,0,0)
(0,0,0)
(0,0,0)
(0,0,0)
(0,0,0)
(0,0,0)
(0,0,0)
(0,0,0)
(0,0,0)
(0,0,0)
(0,0,0)
(0,0,0)
(0,0,0)
(0,0,0)
(0,0,0)
(0,0,0)
(0,0,0)
(0,0,0)
(0,0,0)
(0,0,0)
(0,0,0)
(0,0,0)
(0,0,0)
(0,0,0)
(0,0,0)
(0,0,0)
(0,0,0)
(0,0,0)
(0,0,0)
(0,0,0)
(0,0,0)
(0,0,0)
(0,0,0)
(0,0,0)
(0,0,0)
(0,0,0)
(0,0,0)
(0,0,0)
(0,0,0)
(0,0,0)
(0,0,0)
(0,0,0)
(0,0,0)
(0,0,0)
(0,0,0)
(0,0,0)
(0,0,0)
(0,0,0)
(0,0,0)
(0,0,0)
(0,0,0)
(0,0,0)
(5.36681560408883e-13,1.81737797373727e-11,-1.91476069551966e-11)
(5.8453597254438e-13,3.59988217256737e-11,-1.80404425765163e-11)
(-9.08257576732294e-14,5.86616753225828e-11,-1.59168763357452e-11)
(-5.75853935220803e-13,8.82512032499792e-11,-1.17817032644638e-11)
(-1.29212397777958e-12,1.29781477599571e-10,-5.97763293538024e-12)
(-2.79028674805843e-12,1.87431512508491e-10,1.60716702658107e-12)
(-4.85065972683387e-12,2.61374395433072e-10,9.43810475174697e-12)
(-6.19224624973497e-12,3.4365548767677e-10,1.04585906144334e-11)
(-5.23616192458311e-12,4.21694042031001e-10,7.29438910408829e-12)
(-4.57334984108493e-12,4.73267973856785e-10,3.93858275814898e-12)
(0,0,0)
(0,0,0)
(0,0,0)
(0,0,0)
(0,0,0)
(0,0,0)
(5.05381431601984e-13,1.71129485793064e-11,-4.07861515823731e-11)
(4.32357951729345e-13,3.37218872517147e-11,-3.86897192763906e-11)
(3.37587386777552e-13,5.41348435297693e-11,-3.46103561031433e-11)
(-4.39903825012982e-14,8.2267371143463e-11,-2.69430966090889e-11)
(-1.45903412695357e-12,1.21995526852426e-10,-1.39414921240992e-11)
(-5.8331866260029e-12,1.79970540058168e-10,5.56189817337923e-12)
(-1.15610530411158e-11,2.61540957408393e-10,3.08523882359491e-11)
(-1.42333125315759e-11,3.47817667627647e-10,2.95449805462383e-11)
(-1.19901467848354e-11,4.25736783922988e-10,1.72704759951387e-11)
(-9.91119803757542e-12,4.77535753919778e-10,7.28752084253512e-12)
(0,0,0)
(0,0,0)
(0,0,0)
(0,0,0)
(0,0,0)
(0,0,0)
(3.10465586116758e-13,1.46661314424532e-11,-6.87689772242187e-11)
(1.21679525813501e-12,2.89320692502338e-11,-6.57378763746994e-11)
(1.9322810920748e-12,4.56832544234376e-11,-5.91821867035869e-11)
(2.17847137857342e-12,6.9167337997153e-11,-4.79062077026839e-11)
(4.91883518771108e-13,1.02631034194888e-10,-2.75867637431746e-11)
(-8.59928777687777e-12,1.55663287764163e-10,9.68401353164051e-12)
(-2.10013006566267e-11,2.66708809915391e-10,9.60209295154983e-11)
(-2.7454682397533e-11,3.62394593628477e-10,7.41141046003488e-11)
(-2.12055446170736e-11,4.37193442938461e-10,3.27555083967708e-11)
(-1.64513559438256e-11,4.86321221324099e-10,1.08062066286206e-11)
(0,0,0)
(0,0,0)
(0,0,0)
(0,0,0)
(0,0,0)
(0,0,0)
(1.21945248869271e-12,1.14961852170966e-11,-1.04362267578674e-10)
(3.39610473673217e-12,2.1840706096426e-11,-1.00266375396821e-10)
(5.21731503725055e-12,3.37203641219998e-11,-9.23937110179408e-11)
(6.67892878661253e-12,4.92469172857879e-11,-7.95131453068751e-11)
(5.75072399405155e-12,6.63892474911227e-11,-5.75882868497225e-11)
(-1.31439276560156e-11,7.12216516521761e-11,-2.45886543102124e-11)
(-1.88101259539644e-10,3.05013344783182e-10,2.01168469485406e-16)
(-6.06768381920608e-11,4.09673435635849e-10,1.78128905217343e-10)
(-3.2712101458373e-11,4.614419460624e-10,4.44874659144138e-11)
(-2.34137465893226e-11,4.99001073704641e-10,8.93775317087812e-12)
(0,0,0)
(0,0,0)
(0,0,0)
(0,0,0)
(0,0,0)
(0,0,0)
(2.56241415633782e-12,7.52003781452578e-12,-1.4633526147275e-10)
(6.13273998943068e-12,1.38193391139447e-11,-1.42448262460032e-10)
(9.2935266878894e-12,2.08487386886949e-11,-1.35018076155677e-10)
(1.41723964782614e-11,2.81714309662638e-11,-1.22619746250151e-10)
(2.19406798333114e-11,3.35109618061339e-11,-1.00022811430029e-10)
(3.08572972111137e-11,3.27230201755311e-11,-6.02861450332904e-11)
(-1.35860677777964e-16,8.32282096292376e-16,-3.38016789636866e-17)
(-5.53712318733736e-11,5.50887045303248e-10,6.86971172088045e-17)
(-3.11295224278988e-11,4.99143342892601e-10,-1.19702967449584e-11)
(-2.24179335059519e-11,5.09045528153913e-10,-1.16472919721645e-11)
(0,0,0)
(0,0,0)
(0,0,0)
(0,0,0)
(0,0,0)
(0,0,0)
(3.83773847271993e-12,3.88115972381937e-12,-1.96973965541335e-10)
(8.38179429818543e-12,6.79832858619838e-12,-1.94288943838612e-10)
(1.35397431207845e-11,9.24152631906398e-12,-1.88929576083125e-10)
(2.25856714078285e-11,8.12536509205194e-12,-1.79538046291216e-10)
(3.98308932624702e-11,-2.80148350297515e-13,-1.59063558191137e-10)
(7.45817931824018e-11,-1.56604507487794e-11,-1.11776263302141e-10)
(-2.23517854924689e-18,6.30059664872166e-16,-6.17868419453836e-17)
(-5.61313097896064e-11,5.47643418887703e-10,-3.06833146007151e-16)
(-2.35367976764588e-11,4.96151090479339e-10,-6.18059657186892e-11)
(-1.52940377963953e-11,4.96731084126447e-10,-3.8654263107761e-11)
(0,0,0)
(0,0,0)
(0,0,0)
(0,0,0)
(0,0,0)
(0,0,0)
(4.52137528940886e-12,1.09269231766958e-12,-2.57139111147262e-10)
(1.01088068633948e-11,1.74277060152573e-12,-2.56326369972497e-10)
(1.72175755139413e-11,5.89885150880041e-13,-2.54056424932364e-10)
(2.89220979244041e-11,-8.83219854548704e-12,-2.50080373470964e-10)
(6.1306274286915e-11,-3.62704822220063e-11,-2.41135355075196e-10)
(2.02756895285786e-10,-9.39959791173004e-11,-2.08340065815513e-10)
(1.06592345172703e-16,8.66998363769633e-16,-1.07076430073638e-15)
(-8.09449748429451e-12,5.82387971643032e-10,-3.63222212026868e-10)
(-6.78366970985606e-12,4.66335309889549e-10,-1.75432005805286e-10)
(-5.99773399203308e-12,4.55317209626843e-10,-7.82564701680665e-11)
(0,0,0)
(0,0,0)
(0,0,0)
(0,0,0)
(0,0,0)
(0,0,0)
(4.96936243702233e-12,9.56891930982436e-14,-3.26486804515733e-10)
(1.08074046944021e-11,-4.70001782243354e-13,-3.2674183463903e-10)
(1.75297456927089e-11,-2.72610576495815e-12,-3.27362084911779e-10)
(2.55117735751381e-11,-1.37573660740819e-11,-3.29222194088182e-10)
(3.90718806933955e-11,-4.91037109627523e-11,-3.38275299618352e-10)
(6.00771556069232e-11,-1.75250257303645e-10,-3.80090214849214e-10)
(-2.67025724405326e-13,3.63222075241884e-10,-5.75038324238926e-10)
(1.45774298936483e-12,3.64777632107198e-10,-3.62665866473532e-10)
(1.7147579230176e-12,3.60357456133348e-10,-2.16777102054688e-10)
(1.51316177921921e-12,3.72403027098098e-10,-1.0383885791537e-10)
(0,0,0)
(0,0,0)
(0,0,0)
(0,0,0)
(0,0,0)
(0,0,0)
(5.01925340114711e-12,8.47606447012584e-14,-3.98023251742131e-10)
(1.04207305637405e-11,-1.92105595097028e-13,-3.98595716148056e-10)
(1.5685963878286e-11,-9.42381185949312e-13,-3.99868692323888e-10)
(2.08806809134019e-11,-4.07357973686729e-12,-4.02057757100937e-10)
(2.59520239522064e-11,-7.38530346770965e-12,-4.06933520674176e-10)
(2.79908328390153e-11,6.41281710019595e-12,-4.19379837894573e-10)
(1.15506207033465e-11,1.57013267239013e-10,-4.37249722320629e-10)
(7.90574737995625e-12,2.13105011442378e-10,-3.48815966605726e-10)
(6.99670635910374e-12,2.42711505396556e-10,-2.38730361099788e-10)
(6.72108108387546e-12,2.64234062236254e-10,-1.22174464908892e-10)
(0,0,0)
(0,0,0)
(0,0,0)
(0,0,0)
(0,0,0)
(0,0,0)
(5.12916918481948e-12,4.67712113275461e-13,-4.50014962575666e-10)
(9.9120283533729e-12,5.86210849127584e-13,-4.50115895142907e-10)
(1.42008968619654e-11,4.97147504552202e-13,-4.50602588793523e-10)
(1.82305094585654e-11,5.51536357617851e-13,-4.5136451214272e-10)
(2.07860463129608e-11,4.23373912503539e-12,-4.50980533366564e-10)
(1.98874273876572e-11,2.09780314387706e-11,-4.46713334494515e-10)
(1.37318933145641e-11,6.87668369288099e-11,-4.26309804644382e-10)
(1.09182390157223e-11,1.01198579683132e-10,-3.57579686160691e-10)
(9.73409097648189e-12,1.23363037669007e-10,-2.57217188187093e-10)
(9.33466752046067e-12,1.38830100150889e-10,-1.36003523836042e-10)
(0,0,0)
(0,0,0)
(0,0,0)
(0,0,0)
(0,0,0)
(0,0,0)
(0,0,0)
(0,0,0)
(0,0,0)
(0,0,0)
(0,0,0)
(0,0,0)
(0,0,0)
(0,0,0)
(0,0,0)
(0,0,0)
(0,0,0)
(0,0,0)
(0,0,0)
(0,0,0)
(0,0,0)
(0,0,0)
(0,0,0)
(0,0,0)
(0,0,0)
(0,0,0)
(0,0,0)
(0,0,0)
(0,0,0)
(0,0,0)
(0,0,0)
(0,0,0)
(0,0,0)
(0,0,0)
(0,0,0)
(0,0,0)
(0,0,0)
(0,0,0)
(0,0,0)
(0,0,0)
(0,0,0)
(0,0,0)
(0,0,0)
(0,0,0)
(0,0,0)
(0,0,0)
(0,0,0)
(0,0,0)
(0,0,0)
(0,0,0)
(0,0,0)
(0,0,0)
(0,0,0)
(0,0,0)
(0,0,0)
(0,0,0)
(0,0,0)
(0,0,0)
(0,0,0)
(0,0,0)
(0,0,0)
(0,0,0)
(0,0,0)
(0,0,0)
(0,0,0)
(0,0,0)
(0,0,0)
(0,0,0)
(0,0,0)
(0,0,0)
(0,0,0)
(0,0,0)
(0,0,0)
(0,0,0)
(0,0,0)
(0,0,0)
(0,0,0)
(0,0,0)
(0,0,0)
(0,0,0)
(0,0,0)
(0,0,0)
(0,0,0)
(0,0,0)
(0,0,0)
(0,0,0)
(0,0,0)
(0,0,0)
(0,0,0)
(0,0,0)
(0,0,0)
(0,0,0)
(0,0,0)
(0,0,0)
(0,0,0)
(0,0,0)
(0,0,0)
(0,0,0)
(0,0,0)
(0,0,0)
(0,0,0)
(0,0,0)
(4.90348339808738e-13,1.90048128098101e-11,-1.91141674742122e-11)
(7.37904205710549e-13,3.77103463851924e-11,-1.81857894089967e-11)
(3.00832963876367e-13,6.02620020658519e-11,-1.60837765494152e-11)
(-3.96092157806226e-13,8.76651932582368e-11,-1.18621589822606e-11)
(-1.0909731925903e-12,1.24472112121541e-10,-5.84165749200789e-12)
(-3.16025202290999e-12,1.73845711431326e-10,2.03724353877059e-12)
(-6.03770756482506e-12,2.35083279544315e-10,1.0409460898361e-11)
(-7.19022469029401e-12,2.97428208678023e-10,1.17771413141363e-11)
(-5.92309747056637e-12,3.50197036194275e-10,8.06701463363838e-12)
(-4.90254714592156e-12,3.80786090466774e-10,4.27940797693092e-12)
(0,0,0)
(0,0,0)
(0,0,0)
(0,0,0)
(0,0,0)
(0,0,0)
(8.55766262476218e-13,1.80190839518187e-11,-4.24613210621584e-11)
(1.14281277995372e-12,3.54489112255965e-11,-4.02968864737353e-11)
(1.1219169990751e-12,5.55504301339811e-11,-3.56358320910203e-11)
(5.44382788043068e-14,8.12616045170189e-11,-2.71357659238278e-11)
(-1.59793176689279e-12,1.16234851286492e-10,-1.37348456224198e-11)
(-6.81642439459166e-12,1.64911592991447e-10,6.25234528054907e-12)
(-1.54214978584082e-11,2.32515338251936e-10,3.20679017456515e-11)
(-1.65357339812746e-11,2.9954850841066e-10,3.22713626208916e-11)
(-1.34638506477735e-11,3.52875411805513e-10,1.93590193498984e-11)
(-1.14091445992997e-11,3.83745824354068e-10,8.46041686253814e-12)
(0,0,0)
(0,0,0)
(0,0,0)
(0,0,0)
(0,0,0)
(0,0,0)
(4.49310961966775e-13,1.55628067892651e-11,-7.08888959925942e-11)
(1.75246874081391e-12,3.04826115120723e-11,-6.80139363786474e-11)
(2.61919239260741e-12,4.66274874365214e-11,-6.09395180004688e-11)
(1.77944813044567e-12,6.75041451879815e-11,-4.85247335339283e-11)
(-5.37107052300297e-13,9.55862093083026e-11,-2.78991136569291e-11)
(-1.0494567648736e-11,1.37317067294175e-10,9.05818754150433e-12)
(-3.73990106092748e-11,2.29015227601869e-10,9.06750142281653e-11)
(-3.33749282013954e-11,3.09080030540836e-10,7.73402500764885e-11)
(-2.35047459728368e-11,3.61816983993962e-10,3.61988700946151e-11)
(-1.83250016959422e-11,3.90573972856047e-10,1.26107915627819e-11)
(0,0,0)
(0,0,0)
(0,0,0)
(0,0,0)
(0,0,0)
(0,0,0)
(1.09970770941664e-12,1.22329926720528e-11,-1.05433371652297e-10)
(3.54480734033344e-12,2.31739068048786e-11,-1.01301579086802e-10)
(5.20837475951229e-12,3.42780112523874e-11,-9.25944307776089e-11)
(5.82955664898557e-12,4.71793566562607e-11,-7.83609903993616e-11)
(5.62937713951733e-12,5.86426757468625e-11,-5.64660693174634e-11)
(7.65848341939781e-13,5.28927855923612e-11,-2.51590009309329e-11)
(-6.12174510874292e-11,2.35655208898501e-10,1.13410629454171e-16)
(-6.824900855652e-11,3.42973008477629e-10,1.76570673310995e-10)
(-3.4863785545018e-11,3.81216450488014e-10,4.98872682585376e-11)
(-2.45204478676422e-11,4.00678579412367e-10,1.2173698743103e-11)
(0,0,0)
(0,0,0)
(0,0,0)
(0,0,0)
(0,0,0)
(0,0,0)
(2.31429323432125e-12,7.81310846127763e-12,-1.43835378957794e-10)
(5.7235642128303e-12,1.44679365941821e-11,-1.39983558581436e-10)
(8.5024091519752e-12,2.08349669889886e-11,-1.31904941299426e-10)
(1.16215275323524e-11,2.65361655242009e-11,-1.17740413685664e-10)
(1.59951235929999e-11,2.8997882121634e-11,-9.38019445794355e-11)
(1.89546569038e-11,2.53438848553252e-11,-5.44471792312416e-11)
(-3.61370425302427e-17,4.19946532355722e-16,-3.17327525663369e-17)
(-4.01572400157517e-11,4.55969389421103e-10,7.89867337643156e-17)
(-2.84602747874107e-11,4.11711360027526e-10,-4.50278427435719e-12)
(-2.17507814506602e-11,4.08717721534696e-10,-6.74843937098376e-12)
(0,0,0)
(0,0,0)
(0,0,0)
(0,0,0)
(0,0,0)
(0,0,0)
(3.94118417615218e-12,4.04597709258769e-12,-1.86479846489632e-10)
(8.0779845273551e-12,6.87636194838512e-12,-1.83844066200391e-10)
(1.27998544970879e-11,8.60007401436486e-12,-1.78123988028631e-10)
(1.90687469452364e-11,6.7126136629514e-12,-1.66547777226201e-10)
(2.85339322452281e-11,-1.57278205662416e-12,-1.42700715198318e-10)
(4.11411200355802e-11,-1.42452297910502e-11,-9.38362499747945e-11)
(5.87242661505272e-18,2.48527259403771e-16,-5.25444294097151e-17)
(-2.90702036593902e-11,4.50209486959572e-10,-2.27156916568927e-16)
(-1.68727196976079e-11,4.06712177024631e-10,-4.9630331908017e-11)
(-1.25344264045441e-11,3.97106161030666e-10,-3.19120767712603e-11)
(0,0,0)
(0,0,0)
(0,0,0)
(0,0,0)
(0,0,0)
(0,0,0)
(4.70563723921832e-12,1.69946172667449e-12,-2.34353352930228e-10)
(1.0051634207054e-11,1.99819247431195e-12,-2.33530104665391e-10)
(1.65575149683712e-11,-3.02196657884881e-13,-2.30247350302651e-10)
(2.49022470572222e-11,-9.98770303979467e-12,-2.22991881210001e-10)
(4.13442137679868e-11,-3.33700161108375e-11,-2.06849427886124e-10)
(7.56721784209077e-11,-7.41706777692547e-11,-1.61811355892623e-10)
(3.96113926326765e-17,3.99933741694264e-16,-5.37533107413882e-16)
(2.17256358299292e-11,4.81845897780077e-10,-3.0386890043561e-10)
(2.01864840914246e-12,3.80507137503664e-10,-1.48841944844001e-10)
(-1.34002163139195e-12,3.60361539659805e-10,-6.68855044884531e-11)
(0,0,0)
(0,0,0)
(0,0,0)
(0,0,0)
(0,0,0)
(0,0,0)
(5.23532110873209e-12,8.17311311910133e-13,-2.84776943825874e-10)
(1.11497587799625e-11,-1.03290857350039e-13,-2.84689567623987e-10)
(1.76061302900809e-11,-3.85875395640328e-12,-2.83683342536887e-10)
(2.4881092768139e-11,-1.69351938531303e-11,-2.82828363237451e-10)
(3.91683884292036e-11,-5.52631369881464e-11,-2.86902460848194e-10)
(7.33621905928425e-11,-1.81304102091145e-10,-3.1723939533096e-10)
(-6.43067548695465e-12,3.03868779921564e-10,-4.84763033813795e-10)
(7.24159923533903e-12,3.04376129487282e-10,-3.05778157085796e-10)
(6.42246452054812e-12,2.90909080736799e-10,-1.81861873460199e-10)
(5.84326872562376e-12,2.89474813047289e-10,-8.64825754586524e-11)
(0,0,0)
(0,0,0)
(0,0,0)
(0,0,0)
(0,0,0)
(0,0,0)
(5.20876633852533e-12,3.5256941290574e-13,-3.3101815002353e-10)
(1.09153902953684e-11,-2.61129740609106e-13,-3.31154590502105e-10)
(1.64354999647508e-11,-1.81393649638593e-12,-3.31098636731612e-10)
(2.11313283921824e-11,-6.79511903295621e-12,-3.31283971246165e-10)
(2.677929857986e-11,-1.42844147516433e-11,-3.33799874716449e-10)
(3.12955029264772e-11,-7.94672134733956e-12,-3.42875118684874e-10)
(1.13632952986623e-11,1.29226417472453e-10,-3.58882801215973e-10)
(9.72657363326003e-12,1.75473524997733e-10,-2.8358452982482e-10)
(9.78927789574922e-12,1.91941336654634e-10,-1.91163692917571e-10)
(9.95057826040613e-12,2.00277467010317e-10,-9.62376154440848e-11)
(0,0,0)
(0,0,0)
(0,0,0)
(0,0,0)
(0,0,0)
(0,0,0)
(5.69781386533655e-12,2.79753622505366e-13,-3.61874775737365e-10)
(1.09849328531162e-11,2.34724323383809e-13,-3.61525487656753e-10)
(1.54599677157149e-11,1.2873170415649e-13,-3.60920642048281e-10)
(1.8398067040027e-11,-7.06905173748112e-13,-3.59702165864723e-10)
(2.07525865659478e-11,3.99292552072131e-13,-3.57799147830268e-10)
(2.04619289762928e-11,1.33674366327407e-11,-3.53671804315496e-10)
(1.37686117596832e-11,5.6052511004558e-11,-3.36892727150577e-10)
(1.17543207252566e-11,8.19579593249315e-11,-2.78802595413456e-10)
(1.188346429444e-11,9.53985602427722e-11,-1.96575122199672e-10)
(1.21612438352915e-11,1.02414790139336e-10,-1.01691963108323e-10)
(0,0,0)
(0,0,0)
(0,0,0)
(0,0,0)
(0,0,0)
(0,0,0)
(0,0,0)
(0,0,0)
(0,0,0)
(0,0,0)
(0,0,0)
(0,0,0)
(0,0,0)
(0,0,0)
(0,0,0)
(0,0,0)
(0,0,0)
(0,0,0)
(0,0,0)
(0,0,0)
(0,0,0)
(0,0,0)
(0,0,0)
(0,0,0)
(0,0,0)
(0,0,0)
(0,0,0)
(0,0,0)
(0,0,0)
(0,0,0)
(0,0,0)
(0,0,0)
(0,0,0)
(0,0,0)
(0,0,0)
(0,0,0)
(0,0,0)
(0,0,0)
(0,0,0)
(0,0,0)
(0,0,0)
(0,0,0)
(0,0,0)
(0,0,0)
(0,0,0)
(0,0,0)
(0,0,0)
(0,0,0)
(0,0,0)
(0,0,0)
(0,0,0)
(0,0,0)
(0,0,0)
(0,0,0)
(0,0,0)
(0,0,0)
(0,0,0)
(0,0,0)
(0,0,0)
(0,0,0)
(0,0,0)
(0,0,0)
(0,0,0)
(0,0,0)
(0,0,0)
(0,0,0)
(0,0,0)
(0,0,0)
(0,0,0)
(0,0,0)
(0,0,0)
(0,0,0)
(0,0,0)
(0,0,0)
(0,0,0)
(0,0,0)
(0,0,0)
(0,0,0)
(0,0,0)
(0,0,0)
(0,0,0)
(0,0,0)
(0,0,0)
(0,0,0)
(0,0,0)
(0,0,0)
(0,0,0)
(0,0,0)
(0,0,0)
(0,0,0)
(0,0,0)
(0,0,0)
(0,0,0)
(0,0,0)
(0,0,0)
(0,0,0)
(0,0,0)
(0,0,0)
(0,0,0)
(0,0,0)
(0,0,0)
(0,0,0)
(5.47699132633596e-13,1.96847182521131e-11,-1.98090651126304e-11)
(8.9732650570397e-13,3.93442662016366e-11,-1.88956109501404e-11)
(7.90787328584252e-13,6.13028572136266e-11,-1.681879327004e-11)
(-1.30049068355278e-14,8.69531306450868e-11,-1.29824084628253e-11)
(-7.32613388328427e-13,1.19040647901051e-10,-7.65447568691699e-12)
(-2.59835094260833e-12,1.60633330273362e-10,-8.39158959859535e-13)
(-4.83744668824685e-12,2.09734943158601e-10,6.59085133928127e-12)
(-5.60039774241988e-12,2.58120380979358e-10,8.79737402747818e-12)
(-4.81386642510276e-12,2.96296535236177e-10,6.24928209662751e-12)
(-3.58287305629879e-12,3.17080170348342e-10,2.92125044053841e-12)
(0,0,0)
(0,0,0)
(0,0,0)
(0,0,0)
(0,0,0)
(0,0,0)
(1.14760883657854e-12,1.89823658525844e-11,-4.4417876552636e-11)
(1.44805811074885e-12,3.76727343513869e-11,-4.21676308536701e-11)
(1.54479352935807e-12,5.77258529481757e-11,-3.73255946861389e-11)
(4.1097730643786e-13,8.13620938256679e-11,-2.90255256980302e-11)
(-9.3648069167115e-13,1.11552376849435e-10,-1.69883170656892e-11)
(-5.03745516244788e-12,1.51878389895478e-10,2.44976515651266e-13)
(-1.21248480835765e-11,2.05139602098685e-10,2.10763757330823e-11)
(-1.31549128404594e-11,2.57981766565265e-10,2.39610355262883e-11)
(-1.15068203488785e-11,2.97491671187212e-10,1.53628589625101e-11)
(-9.77687623879101e-12,3.18323818768024e-10,6.76864046048083e-12)
(0,0,0)
(0,0,0)
(0,0,0)
(0,0,0)
(0,0,0)
(0,0,0)
(9.04165465243933e-13,1.65365978750956e-11,-7.26750249420126e-11)
(1.9867550698196e-12,3.29439187121372e-11,-6.95636292663263e-11)
(2.55388411020728e-12,4.96938879477311e-11,-6.24712965920731e-11)
(1.47861678515467e-12,6.8831829773274e-11,-5.03628698460371e-11)
(-5.50874689271637e-13,9.32277010539296e-11,-3.16520108331824e-11)
(-7.68711263361879e-12,1.27890291908952e-10,-6.8735132861018e-13)
(-3.07042277542117e-11,1.94354830161663e-10,5.6927296828073e-11)
(-2.61265261563187e-11,2.60064761481779e-10,5.48553985597878e-11)
(-1.93161339349704e-11,3.01684683575457e-10,2.74348619163843e-11)
(-1.58188166895121e-11,3.21736006037698e-10,1.00174262022386e-11)
(0,0,0)
(0,0,0)
(0,0,0)
(0,0,0)
(0,0,0)
(0,0,0)
(1.38779935471159e-12,1.29486382351981e-11,-1.05630617511019e-10)
(3.54362924184221e-12,2.5898204538403e-11,-1.01594250826136e-10)
(4.41797864463065e-12,3.80983643229879e-11,-9.27305504399987e-11)
(4.57782669918578e-12,5.01685202347258e-11,-7.85352006537687e-11)
(3.9671023781881e-12,6.13865679163194e-11,-5.71634494682094e-11)
(3.15563473740047e-12,6.340239829037e-11,-2.58815505818386e-11)
(-2.13322203582692e-12,1.65169821935502e-10,8.17449588030465e-12)
(-5.45619844475398e-11,2.69883052618431e-10,1.22664850254733e-10)
(-2.76451255690786e-11,3.10451014798695e-10,3.51546513983817e-11)
(-2.03858912468694e-11,3.26562589490408e-10,8.87400700709954e-12)
(0,0,0)
(0,0,0)
(0,0,0)
(0,0,0)
(0,0,0)
(0,0,0)
(2.22960422663034e-12,8.84884198892353e-12,-1.4030809287016e-10)
(5.23652157664005e-12,1.75968070596643e-11,-1.36701224042782e-10)
(6.57277451284228e-12,2.48335998004454e-11,-1.28319257420013e-10)
(7.506610287362e-12,3.00965237710681e-11,-1.1420369342754e-10)
(7.21102242307112e-12,3.20727029262345e-11,-9.17138562743551e-11)
(4.09662405168966e-12,2.66794546096403e-11,-5.56741800639939e-11)
(2.4562744091056e-17,4.2579499041605e-16,-1.16830889635004e-16)
(-2.98944742931254e-11,3.08234860925304e-10,-9.98259907995623e-12)
(-2.12154366878892e-11,3.21274187864057e-10,-9.23795469946373e-12)
(-1.68876603175529e-11,3.27771987135639e-10,-7.31939951214662e-12)
(0,0,0)
(0,0,0)
(0,0,0)
(0,0,0)
(0,0,0)
(0,0,0)
(3.65191925281308e-12,5.47375401219461e-12,-1.7665687828576e-10)
(7.236075829677e-12,1.01632424788905e-11,-1.73786021163245e-10)
(1.01259143668848e-11,1.26534622443055e-11,-1.67398438741689e-10)
(1.19220016201393e-11,1.15993943945379e-11,-1.55569065734206e-10)
(1.14667010758898e-11,5.39661632892156e-12,-1.34117823482657e-10)
(7.23037058341935e-12,-5.62246015930427e-12,-9.19307655908736e-11)
(2.9078431483771e-17,2.85707168823419e-16,-1.55537255392753e-16)
(-1.10765097287954e-11,2.82777618291099e-10,-4.5137757608406e-11)
(-8.38593531335358e-12,3.07554660075821e-10,-5.0664833591711e-11)
(-7.70188180493875e-12,3.13236769547059e-10,-2.88939836013447e-11)
(0,0,0)
(0,0,0)
(0,0,0)
(0,0,0)
(0,0,0)
(0,0,0)
(4.76453938910916e-12,3.09499796423838e-12,-2.14864123177296e-10)
(8.87036317597676e-12,4.97080497083829e-12,-2.13057962884559e-10)
(1.2858603174226e-11,3.79430470641841e-12,-2.08488243277315e-10)
(1.57072845466701e-11,-2.64053704627528e-12,-2.0025519377443e-10)
(1.81992626518262e-11,-1.89051845222411e-11,-1.84601229575077e-10)
(2.09947843832745e-11,-4.76895956363751e-11,-1.44736377867106e-10)
(2.25260710228058e-17,3.5712573927856e-16,-4.91198984422768e-16)
(4.41684485311239e-11,2.68836305830532e-10,-2.02485888318365e-10)
(9.66026482043268e-12,2.78088925248659e-10,-1.15948171636917e-10)
(2.66120049267791e-12,2.79310873247374e-10,-5.48274704955766e-11)
(0,0,0)
(0,0,0)
(0,0,0)
(0,0,0)
(0,0,0)
(0,0,0)
(5.61268680582804e-12,1.71152817794542e-12,-2.51697217050488e-10)
(1.03013725761318e-11,1.94993768515123e-12,-2.50707005008556e-10)
(1.47063335306532e-11,-6.55540950315437e-13,-2.48040473367356e-10)
(1.88151155586765e-11,-9.1645649857776e-12,-2.44381466252184e-10)
(2.8526600675468e-11,-3.39884659634308e-11,-2.41903627827208e-10)
(6.75284483318499e-11,-1.1148308921082e-10,-2.47677889856711e-10)
(-1.07731897658097e-11,1.81686641582458e-10,-2.95947852277993e-10)
(1.22279200992913e-11,2.09637011391147e-10,-2.23287911739224e-10)
(1.00109106011296e-11,2.1938422798531e-10,-1.4281133941408e-10)
(8.55803930388769e-12,2.234408541443e-10,-6.95682284673024e-11)
(0,0,0)
(0,0,0)
(0,0,0)
(0,0,0)
(0,0,0)
(0,0,0)
(5.41802260748102e-12,1.10097621872463e-12,-2.83027389832793e-10)
(1.03635824609096e-11,1.17685481815431e-12,-2.82228015995533e-10)
(1.46781662787449e-11,-1.48179878172862e-13,-2.80360139778426e-10)
(1.75590180032476e-11,-3.28825916948136e-12,-2.7758226050373e-10)
(2.11708352445799e-11,-7.73580819834157e-12,-2.75319313923076e-10)
(2.59890274774966e-11,-7.06798346454124e-13,-2.74287173358852e-10)
(9.23893037536143e-12,9.22953284383996e-11,-2.71390818106199e-10)
(1.08213023987966e-11,1.31438463044133e-10,-2.20633775210052e-10)
(1.1405976834122e-11,1.47282593900303e-10,-1.51127479375854e-10)
(1.15756396873212e-11,1.54066927006399e-10,-7.63771280363643e-11)
(0,0,0)
(0,0,0)
(0,0,0)
(0,0,0)
(0,0,0)
(0,0,0)
(5.62827940722976e-12,6.21388176257464e-13,-3.01960888601519e-10)
(1.06148115680288e-11,8.08260154894671e-13,-3.00833467586938e-10)
(1.43702232363135e-11,6.14759565769111e-13,-2.98662017908759e-10)
(1.57881438318239e-11,1.94168870133294e-13,-2.94923237559766e-10)
(1.70245356032476e-11,1.19176830221276e-12,-2.90292086267753e-10)
(1.7050288444114e-11,1.16885775691832e-11,-2.83105421903258e-10)
(1.17309910271204e-11,4.2964800875956e-11,-2.64942050081976e-10)
(1.14848068364051e-11,6.32911186390398e-11,-2.18783860144191e-10)
(1.2398865445847e-11,7.33151412570874e-11,-1.53694690044134e-10)
(1.28840708662954e-11,7.80928492420981e-11,-7.92719102813791e-11)
(0,0,0)
(0,0,0)
(0,0,0)
(0,0,0)
(0,0,0)
(0,0,0)
(0,0,0)
(0,0,0)
(0,0,0)
(0,0,0)
(0,0,0)
(0,0,0)
(0,0,0)
(0,0,0)
(0,0,0)
(0,0,0)
(0,0,0)
(0,0,0)
(0,0,0)
(0,0,0)
(0,0,0)
(0,0,0)
(0,0,0)
(0,0,0)
(0,0,0)
(0,0,0)
(0,0,0)
(0,0,0)
(0,0,0)
(0,0,0)
(0,0,0)
(0,0,0)
(0,0,0)
(0,0,0)
(0,0,0)
(0,0,0)
(0,0,0)
(0,0,0)
(0,0,0)
(0,0,0)
(0,0,0)
(0,0,0)
(0,0,0)
(0,0,0)
(0,0,0)
(0,0,0)
(0,0,0)
(0,0,0)
(0,0,0)
(0,0,0)
(0,0,0)
(0,0,0)
(0,0,0)
(0,0,0)
(0,0,0)
(0,0,0)
(0,0,0)
(0,0,0)
(0,0,0)
(0,0,0)
(0,0,0)
(0,0,0)
(0,0,0)
(0,0,0)
(0,0,0)
(0,0,0)
(0,0,0)
(0,0,0)
(0,0,0)
(0,0,0)
(0,0,0)
(0,0,0)
(0,0,0)
(0,0,0)
(0,0,0)
(0,0,0)
(0,0,0)
(0,0,0)
(0,0,0)
(0,0,0)
(0,0,0)
(0,0,0)
(0,0,0)
(0,0,0)
(0,0,0)
(0,0,0)
(0,0,0)
(0,0,0)
(0,0,0)
(0,0,0)
(0,0,0)
(0,0,0)
(0,0,0)
(0,0,0)
(0,0,0)
(0,0,0)
(0,0,0)
(0,0,0)
(0,0,0)
(0,0,0)
(0,0,0)
(0,0,0)
(3.3659736971347e-13,1.91414224021317e-11,-2.05953180103878e-11)
(4.92040675814502e-13,3.96380460331403e-11,-1.95920455059313e-11)
(5.31406786855694e-13,6.22738683940549e-11,-1.73689912173028e-11)
(2.50099136668585e-13,8.63694077711911e-11,-1.37353437789337e-11)
(-5.96590637824814e-14,1.14124278996525e-10,-8.85388873839107e-12)
(-1.27342086387149e-12,1.49692671809402e-10,-3.30739015028214e-12)
(-2.44862831655122e-12,1.89486711306178e-10,2.10455335173989e-12)
(-2.91369139743837e-12,2.27889731715989e-10,4.05474917515094e-12)
(-2.68097072007363e-12,2.57411148216323e-10,2.84043545808834e-12)
(-1.90527103545234e-12,2.73165960426078e-10,1.11737818309455e-12)
(0,0,0)
(0,0,0)
(0,0,0)
(0,0,0)
(0,0,0)
(0,0,0)
(1.34313111511752e-12,1.85566786209217e-11,-4.58915182926873e-11)
(1.33483758248661e-12,3.8041208192645e-11,-4.36110607970017e-11)
(1.27668954166228e-12,5.90201663417555e-11,-3.86427242809423e-11)
(9.04032726485202e-13,8.14906570788196e-11,-3.04852210935311e-11)
(1.54901522499438e-13,1.08314519326653e-10,-1.97260866148549e-11)
(-1.88075639335079e-12,1.43387694266067e-10,-6.5583498609691e-12)
(-4.22473593974202e-12,1.86114915900377e-10,7.08509001465501e-12)
(-6.63973119321481e-12,2.27265337335682e-10,1.06125318388706e-11)
(-7.1056142350548e-12,2.57531215138953e-10,7.49853918684663e-12)
(-6.42042304795229e-12,2.73182773846769e-10,3.480621101753e-12)
(0,0,0)
(0,0,0)
(0,0,0)
(0,0,0)
(0,0,0)
(0,0,0)
(1.38072942948393e-12,1.63682451134593e-11,-7.38610885389842e-11)
(1.94013656928718e-12,3.33580782379402e-11,-7.05276030751763e-11)
(2.04098098893738e-12,5.14060739345966e-11,-6.33197606309527e-11)
(1.43106731086444e-12,7.10364482794328e-11,-5.1711479787715e-11)
(3.25598943743758e-13,9.49823499875582e-11,-3.5287548236358e-11)
(-8.13867171728693e-13,1.28575687904219e-10,-1.22165486512931e-11)
(5.52678740238223e-13,1.8018371213674e-10,1.83278881750158e-11)
(-8.52428064955706e-12,2.26795792388288e-10,2.05631707361766e-11)
(-1.06650294441008e-11,2.58111962003191e-10,1.20038955265882e-11)
(-1.06279739399866e-11,2.73691661404746e-10,4.70337296489542e-12)
(0,0,0)
(0,0,0)
(0,0,0)
(0,0,0)
(0,0,0)
(0,0,0)
(1.45122891608722e-12,1.29625187498827e-11,-1.05050553573261e-10)
(2.98132633443109e-12,2.65431377805571e-11,-1.01060313095669e-10)
(3.48739338096085e-12,4.06436350635203e-11,-9.24309927260101e-11)
(3.27807197725727e-12,5.52909688765685e-11,-7.90649723047979e-11)
(1.99906848192406e-12,7.18546537165537e-11,-5.94528120893076e-11)
(5.82253195598351e-12,9.72052817395264e-11,-2.83326517323348e-11)
(4.8545819730292e-11,1.78128234061742e-10,4.24071930956267e-11)
(-5.4035938980391e-12,2.30109237148661e-10,2.59243452167202e-11)
(-1.21876542431427e-11,2.59823539205323e-10,8.47817937440433e-12)
(-1.27212818850082e-11,2.73383782509413e-10,1.46088915343115e-12)
(0,0,0)
(0,0,0)
(0,0,0)
(0,0,0)
(0,0,0)
(0,0,0)
(1.99782337599014e-12,9.38934446566542e-12,-1.36826697677858e-10)
(4.28811953463186e-12,1.9119534316316e-11,-1.33267377909874e-10)
(4.63734807650654e-12,2.82888581522332e-11,-1.25258255781573e-10)
(3.51390251070927e-12,3.67050450511582e-11,-1.12902364248427e-10)
(-2.15256718997313e-12,4.18156027460961e-11,-9.51764528523064e-11)
(-1.92755244124508e-11,3.05755651720858e-11,-7.32163081436285e-11)
(9.98264689963193e-12,2.3424557103575e-10,-6.1244816312522e-11)
(-5.18187603945666e-12,2.43270490605885e-10,-3.14829010351136e-11)
(-9.41446408703257e-12,2.59786373857023e-10,-2.09381506243788e-11)
(-9.67184224107768e-12,2.68636315757839e-10,-1.13189774322976e-11)
(0,0,0)
(0,0,0)
(0,0,0)
(0,0,0)
(0,0,0)
(0,0,0)
(3.1598181782265e-12,6.40021043091435e-12,-1.68484507239705e-10)
(6.04093091618799e-12,1.26820180425892e-11,-1.65661873894742e-10)
(7.15569889730697e-12,1.72128869332934e-11,-1.59501149666021e-10)
(4.71069080938439e-12,2.02427942936672e-11,-1.49535281163099e-10)
(-6.41855596473077e-12,1.88724594305818e-11,-1.35403730827008e-10)
(-4.26331039931092e-11,3.68169985204741e-12,-1.20981743794063e-10)
(4.51375597310115e-11,2.10773300735804e-10,-1.2458424247763e-10)
(8.39187871508081e-12,2.28058894014274e-10,-8.19981153759302e-11)
(-6.91050476505908e-13,2.44345520556711e-10,-5.50449742446114e-11)
(-2.66996910661859e-12,2.52315689770641e-10,-2.80704174590887e-11)
(0,0,0)
(0,0,0)
(0,0,0)
(0,0,0)
(0,0,0)
(0,0,0)
(4.34184888267017e-12,4.20696685587168e-12,-1.99901152020125e-10)
(7.32151085438325e-12,8.19737233540347e-12,-1.97569327265379e-10)
(9.07539932809458e-12,9.40754944104288e-12,-1.9261756606584e-10)
(6.57734828680726e-12,8.44047964087933e-12,-1.85384983697854e-10)
(-6.58230761494165e-12,1.55990260750679e-12,-1.7724119206849e-10)
(-5.99476087103968e-11,-2.54780834890961e-11,-1.79281295525863e-10)
(2.07991351887675e-11,2.04972074737129e-10,-2.58620338282955e-10)
(1.68300262890148e-11,2.04935475351937e-10,-1.5541758908096e-10)
(7.24426094248842e-12,2.156850001402e-10,-9.45526811720415e-11)
(3.70374910013181e-12,2.2173183582908e-10,-4.58264663115352e-11)
(0,0,0)
(0,0,0)
(0,0,0)
(0,0,0)
(0,0,0)
(0,0,0)
(5.23302672312261e-12,2.50318794995077e-12,-2.27896114682399e-10)
(8.40792380189757e-12,4.90856483649727e-12,-2.2596248260781e-10)
(1.0539965343354e-11,4.8333166823477e-12,-2.21995587268035e-10)
(1.04609713173902e-11,3.2889828660339e-12,-2.16862372275466e-10)
(8.04820493988827e-12,2.0854898119973e-13,-2.120176179986e-10)
(5.02211988876898e-12,6.18333630260682e-12,-2.11785751534896e-10)
(5.95818283948445e-12,1.17744228600072e-10,-2.21444721766681e-10)
(9.94989612115705e-12,1.53866782360743e-10,-1.71909732068205e-10)
(8.86943373934603e-12,1.69374888239579e-10,-1.14352606080683e-10)
(8.36373797448799e-12,1.76014284456949e-10,-5.7002177925958e-11)
(0,0,0)
(0,0,0)
(0,0,0)
(0,0,0)
(0,0,0)
(0,0,0)
(5.09823681271091e-12,1.58769336347667e-12,-2.50128692422255e-10)
(8.864300907055e-12,3.04477023606591e-12,-2.48100506481605e-10)
(1.1137347560119e-11,3.04692267242772e-12,-2.44310726318224e-10)
(1.18136433829787e-11,3.25538955022172e-12,-2.3946259880585e-10)
(1.1211118179804e-11,5.65954106403697e-12,-2.33795925154759e-10)
(1.06972963091703e-11,2.04176943075238e-11,-2.27194610094472e-10)
(7.81241504169094e-12,7.02278244710492e-11,-2.15108444553576e-10)
(9.4623509696963e-12,1.00192647746315e-10,-1.76285954599536e-10)
(1.0623078137843e-11,1.1462121600656e-10,-1.22562796911727e-10)
(1.11725894152605e-11,1.21073105799562e-10,-6.26136964719595e-11)
(0,0,0)
(0,0,0)
(0,0,0)
(0,0,0)
(0,0,0)
(0,0,0)
(5.12224656890564e-12,7.1912956829847e-13,-2.62069365070321e-10)
(9.25162204474508e-12,1.30846612343906e-12,-2.60002267251479e-10)
(1.12462024530892e-11,1.53924541674929e-12,-2.56189205144929e-10)
(1.13511614099444e-11,2.31513470122266e-12,-2.50835328013922e-10)
(1.10296395409662e-11,4.79125106538457e-12,-2.43720921846324e-10)
(1.05754941920156e-11,1.40527214199008e-11,-2.3370286793918e-10)
(8.53760196528967e-12,3.39765838512383e-11,-2.1503837623642e-10)
(9.68675537538651e-12,4.9291309955905e-11,-1.77968731024573e-10)
(1.12912269401714e-11,5.75030109615591e-11,-1.25598201293841e-10)
(1.17050098270101e-11,6.14463594301744e-11,-6.48624813340188e-11)
(0,0,0)
(0,0,0)
(0,0,0)
(0,0,0)
(0,0,0)
(0,0,0)
(0,0,0)
(0,0,0)
(0,0,0)
(0,0,0)
(0,0,0)
(0,0,0)
(0,0,0)
(0,0,0)
(0,0,0)
(0,0,0)
(0,0,0)
(0,0,0)
(0,0,0)
(0,0,0)
(0,0,0)
(0,0,0)
(0,0,0)
(0,0,0)
(0,0,0)
(0,0,0)
(0,0,0)
(0,0,0)
(0,0,0)
(0,0,0)
(0,0,0)
(0,0,0)
(0,0,0)
(0,0,0)
(0,0,0)
(0,0,0)
(0,0,0)
(0,0,0)
(0,0,0)
(0,0,0)
(0,0,0)
(0,0,0)
(0,0,0)
(0,0,0)
(0,0,0)
(0,0,0)
(0,0,0)
(0,0,0)
(0,0,0)
(0,0,0)
(0,0,0)
(0,0,0)
(0,0,0)
(0,0,0)
(0,0,0)
(0,0,0)
(0,0,0)
(0,0,0)
(0,0,0)
(0,0,0)
(0,0,0)
(0,0,0)
(0,0,0)
(0,0,0)
(0,0,0)
(0,0,0)
(0,0,0)
(0,0,0)
(0,0,0)
(0,0,0)
(0,0,0)
(0,0,0)
(0,0,0)
(0,0,0)
(0,0,0)
(0,0,0)
(0,0,0)
(0,0,0)
(0,0,0)
(0,0,0)
(0,0,0)
(0,0,0)
(0,0,0)
(0,0,0)
(0,0,0)
(0,0,0)
(0,0,0)
(0,0,0)
(0,0,0)
(0,0,0)
(0,0,0)
(0,0,0)
(0,0,0)
(0,0,0)
(0,0,0)
(0,0,0)
(0,0,0)
(0,0,0)
(0,0,0)
(0,0,0)
(0,0,0)
(0,0,0)
(-8.19313535116424e-14,1.91627916072114e-11,-2.1817123911511e-11)
(-1.34175772323582e-13,4.02618539909326e-11,-2.05880065801278e-11)
(1.51461400789046e-13,6.29289832991249e-11,-1.80754423740851e-11)
(2.47394788496667e-13,8.57105452644297e-11,-1.45391498195812e-11)
(2.03602017966172e-13,1.11611802577631e-10,-1.04703946578437e-11)
(-3.80386822526084e-13,1.42689756522939e-10,-6.03562376037616e-12)
(-1.0270287341553e-12,1.7630620817999e-10,-1.83434701971749e-12)
(-1.07498330010517e-12,2.0820210597367e-10,2.639452634903e-13)
(-1.07798036771204e-12,2.31210344729332e-10,4.99587330023232e-13)
(-8.04706273022164e-13,2.42768518237165e-10,2.59132344427801e-13)
(0,0,0)
(0,0,0)
(0,0,0)
(0,0,0)
(0,0,0)
(0,0,0)
(1.25110712689167e-12,1.81181323644218e-11,-4.70903155321577e-11)
(1.04963102110874e-12,3.79216260978116e-11,-4.44454188371194e-11)
(7.33278761402662e-13,5.94930056089474e-11,-3.90650290091758e-11)
(5.99107047227891e-13,8.1663559182115e-11,-3.13281078574083e-11)
(3.19334107689912e-13,1.07154226428472e-10,-2.23995593242109e-11)
(-7.12189907135786e-13,1.38021333574914e-10,-1.26479824128329e-11)
(-1.82097400029208e-12,1.73288407510742e-10,-3.68374027633538e-12)
(-3.05619359382141e-12,2.06946338927335e-10,5.3230920477941e-13)
(-3.66844301418764e-12,2.30373224484383e-10,1.42251421777608e-12)
(-3.44868950418052e-12,2.42112307677466e-10,9.96691014328441e-13)
(0,0,0)
(0,0,0)
(0,0,0)
(0,0,0)
(0,0,0)
(0,0,0)
(1.45297032926518e-12,1.6085575113026e-11,-7.4667864838549e-11)
(1.54723458244163e-12,3.29630500084743e-11,-7.09624887200463e-11)
(1.19513901677715e-12,5.21706730434454e-11,-6.37790362410835e-11)
(7.5261516237299e-13,7.31338791750471e-11,-5.30612790190244e-11)
(3.82295629687144e-13,9.75911854780158e-11,-3.95190338669723e-11)
(1.21021666614131e-14,1.28585549456231e-10,-2.34587331522652e-11)
(3.72874253969137e-13,1.67972037042102e-10,-7.03718036916767e-12)
(-3.27845020029062e-12,2.04129724727429e-10,-6.12505175088147e-13)
(-5.07608408452375e-12,2.28319716514692e-10,5.26961902106013e-13)
(-5.61672207976486e-12,2.40524747978767e-10,2.94555592742334e-13)
(0,0,0)
(0,0,0)
(0,0,0)
(0,0,0)
(0,0,0)
(0,0,0)
(1.03416272270473e-12,1.28780647984989e-11,-1.05074915948666e-10)
(1.77560942902556e-12,2.63493526518305e-11,-1.00918635765652e-10)
(2.47614987105413e-12,4.23629728516014e-11,-9.29443801096446e-11)
(2.25183558718428e-12,6.04103241052713e-11,-8.05255537216113e-11)
(9.17959095375165e-13,8.19928899389789e-11,-6.4271182486253e-11)
(1.71240369544675e-12,1.1251958046111e-10,-4.42343358679562e-11)
(8.91133063521934e-12,1.62491108854284e-10,-1.9266601314163e-11)
(-1.11868151299845e-12,2.01257804084851e-10,-1.09652273645573e-11)
(-5.13319867389284e-12,2.25286455105739e-10,-7.52867286416345e-12)
(-6.51292597999427e-12,2.37079904496804e-10,-4.2556066283828e-12)
(0,0,0)
(0,0,0)
(0,0,0)
(0,0,0)
(0,0,0)
(0,0,0)
(1.42763764275317e-12,9.03987974195626e-12,-1.35926820429682e-10)
(2.71651368006102e-12,1.91526880034731e-11,-1.31933416646154e-10)
(3.35742776230405e-12,3.12042910148338e-11,-1.24508966904437e-10)
(2.25024187206535e-12,4.52555989990212e-11,-1.12887661264896e-10)
(-1.16956858313182e-12,6.23905316157544e-11,-9.76781764800753e-11)
(-4.35315092349714e-12,8.92466568595822e-11,-8.03126203412418e-11)
(3.6930019221796e-12,1.62055618064125e-10,-6.27972518008481e-11)
(-5.15029858571278e-13,1.97526236943405e-10,-4.38628784893751e-11)
(-3.59278397877293e-12,2.1880765416738e-10,-2.88296187167954e-11)
(-4.67019368620325e-12,2.29002664573826e-10,-1.46378225258621e-11)
(0,0,0)
(0,0,0)
(0,0,0)
(0,0,0)
(0,0,0)
(0,0,0)
(2.53042840832811e-12,5.73191022682748e-12,-1.63760899229646e-10)
(4.36485239465529e-12,1.30670998504305e-11,-1.60502630993643e-10)
(4.99516788664051e-12,2.0916078778473e-11,-1.54432491930155e-10)
(2.3814551260709e-12,3.0635837682551e-11,-1.44987185706963e-10)
(-3.52798617458917e-12,4.37423409651091e-11,-1.32796767181728e-10)
(-9.87082196836606e-12,6.85375164146263e-11,-1.20095612636377e-10)
(8.35265862804756e-12,1.45987216474388e-10,-1.08157092050073e-10)
(4.562156246077e-12,1.81910026192277e-10,-8.11541587364459e-11)
(9.94913154526183e-13,2.02024016902105e-10,-5.44045354906254e-11)
(-1.56532624113172e-13,2.11487522889982e-10,-2.75941749770184e-11)
(0,0,0)
(0,0,0)
(0,0,0)
(0,0,0)
(0,0,0)
(0,0,0)
(3.71380303380446e-12,3.68897183545459e-12,-1.89384218932386e-10)
(5.65855715377461e-12,8.99632904680692e-12,-1.86883372225315e-10)
(6.41704971879163e-12,1.35573207746636e-11,-1.81692189905804e-10)
(3.58505343228728e-12,1.94108291957176e-11,-1.7400236854728e-10)
(-3.19085053122856e-12,2.86249150055186e-11,-1.65349697818818e-10)
(-1.22699857450155e-11,4.94183854724645e-11,-1.59336948462096e-10)
(4.82423212386785e-12,1.25722345291606e-10,-1.59273500752979e-10)
(7.03381137125624e-12,1.57903301869911e-10,-1.20538619492141e-10)
(4.8281579825843e-12,1.75278825213262e-10,-7.99354579679529e-11)
(3.59483416073306e-12,1.83314755800414e-10,-3.99840501423681e-11)
(0,0,0)
(0,0,0)
(0,0,0)
(0,0,0)
(0,0,0)
(0,0,0)
(4.21488923501642e-12,2.64576588641563e-12,-2.11299532286499e-10)
(6.30482306253846e-12,6.11571940597976e-12,-2.09132343024795e-10)
(7.19314436071664e-12,8.76972449643708e-12,-2.04492939781939e-10)
(5.64981035634153e-12,1.26520333975175e-11,-1.97751392030862e-10)
(2.36534639334745e-12,2.04701124800728e-11,-1.90386582773638e-10)
(4.46732115717895e-13,3.98855818167959e-11,-1.83209265246562e-10)
(3.93959726994387e-12,9.04456356955426e-11,-1.72830941717018e-10)
(6.06690474806926e-12,1.21533956060294e-10,-1.39024711288364e-10)
(6.27267781766221e-12,1.37603064492683e-10,-9.5532951765075e-11)
(6.30273870591452e-12,1.44748578181168e-10,-4.83358034637511e-11)
(0,0,0)
(0,0,0)
(0,0,0)
(0,0,0)
(0,0,0)
(0,0,0)
(3.93861466722514e-12,2.01209465542023e-12,-2.27582192015148e-10)
(6.8108248563133e-12,4.01286920929307e-12,-2.25274179397326e-10)
(7.7968973034357e-12,5.44622210761484e-12,-2.20302663545489e-10)
(7.0872245808864e-12,8.4880656561539e-12,-2.13798459726768e-10)
(5.47809311814671e-12,1.49892443981442e-11,-2.06004660094759e-10)
(4.97610365586851e-12,2.98789365970958e-11,-1.9611187162597e-10)
(5.24116570751809e-12,5.88888795140353e-11,-1.7951007593061e-10)
(6.64053107228215e-12,8.12774480499367e-11,-1.47202149250942e-10)
(7.79218274308721e-12,9.33776891420794e-11,-1.0314236667596e-10)
(8.18563931268433e-12,9.9285196373023e-11,-5.28667858685398e-11)
(0,0,0)
(0,0,0)
(0,0,0)
(0,0,0)
(0,0,0)
(0,0,0)
(3.77427831836212e-12,1.20788547985676e-12,-2.35685542008057e-10)
(6.74702606163468e-12,1.98559381288911e-12,-2.32930906756558e-10)
(7.43157073883081e-12,2.73467848749741e-12,-2.27609147455383e-10)
(6.55188994357037e-12,4.48522127721726e-12,-2.20949924663808e-10)
(5.80283669920798e-12,8.12449470059392e-12,-2.1273640138668e-10)
(5.96372390915752e-12,1.60181400699919e-11,-2.01355141365092e-10)
(5.44454060467154e-12,2.9181021069937e-11,-1.82176288582337e-10)
(6.60753560056188e-12,4.05036838475581e-11,-1.50148221736919e-10)
(8.05851794190353e-12,4.69439343800537e-11,-1.06204679813873e-10)
(8.28888792315537e-12,5.02322031703218e-11,-5.47939237037784e-11)
(0,0,0)
(0,0,0)
(0,0,0)
(0,0,0)
(0,0,0)
(0,0,0)
(0,0,0)
(0,0,0)
(0,0,0)
(0,0,0)
(0,0,0)
(0,0,0)
(0,0,0)
(0,0,0)
(0,0,0)
(0,0,0)
(0,0,0)
(0,0,0)
(0,0,0)
(0,0,0)
(0,0,0)
(0,0,0)
(0,0,0)
(0,0,0)
(0,0,0)
(0,0,0)
(0,0,0)
(0,0,0)
(0,0,0)
(0,0,0)
(0,0,0)
(0,0,0)
(0,0,0)
(0,0,0)
(0,0,0)
(0,0,0)
(0,0,0)
(0,0,0)
(0,0,0)
(0,0,0)
(0,0,0)
(0,0,0)
(0,0,0)
(0,0,0)
(0,0,0)
(0,0,0)
(0,0,0)
(0,0,0)
(0,0,0)
(0,0,0)
(0,0,0)
(0,0,0)
(0,0,0)
(0,0,0)
(0,0,0)
(0,0,0)
(0,0,0)
(0,0,0)
(0,0,0)
(0,0,0)
(0,0,0)
(0,0,0)
(0,0,0)
(0,0,0)
(0,0,0)
(0,0,0)
(0,0,0)
(0,0,0)
(0,0,0)
(0,0,0)
(0,0,0)
(0,0,0)
(0,0,0)
(0,0,0)
(0,0,0)
(0,0,0)
(0,0,0)
(0,0,0)
(0,0,0)
(0,0,0)
(0,0,0)
(0,0,0)
(0,0,0)
(0,0,0)
(0,0,0)
(0,0,0)
(0,0,0)
(0,0,0)
(0,0,0)
(0,0,0)
(0,0,0)
(0,0,0)
(0,0,0)
(0,0,0)
(0,0,0)
(0,0,0)
(0,0,0)
(0,0,0)
(0,0,0)
(0,0,0)
(0,0,0)
(0,0,0)
(-2.66389442087959e-13,1.81292170350964e-11,-2.14598668395336e-11)
(-3.06512085266358e-13,3.96022935778964e-11,-2.03884429008412e-11)
(5.11465364650519e-14,6.2608524173058e-11,-1.79452815568521e-11)
(2.25625709093194e-13,8.47739331545037e-11,-1.47897953788396e-11)
(2.26407269637512e-13,1.1002330042024e-10,-1.15763736695063e-11)
(8.67593848653788e-14,1.38424214207774e-10,-7.87330216722604e-12)
(-1.07520348129935e-13,1.68368119960582e-10,-4.06492799840997e-12)
(-5.48583202976695e-14,1.9710862454707e-10,-1.8416268807177e-12)
(-4.05137172875125e-16,2.1743426073583e-10,-1.03160895012384e-12)
(1.10636631093933e-13,2.26680507328583e-10,-4.27665672714342e-13)
(0,0,0)
(0,0,0)
(0,0,0)
(0,0,0)
(0,0,0)
(0,0,0)
(6.38767683252973e-13,1.6791403654312e-11,-4.68616865862018e-11)
(6.27817282513919e-13,3.68526201486514e-11,-4.42020448804685e-11)
(3.18690175152567e-13,5.95041845314671e-11,-3.87849899155009e-11)
(2.00238521071092e-13,8.17861371542981e-11,-3.1797265996838e-11)
(1.30798146777783e-13,1.06546636187583e-10,-2.43883300456864e-11)
(-2.40647924951609e-13,1.34702599423865e-10,-1.63270570857151e-11)
(-7.20653012777185e-13,1.6603729849473e-10,-9.10162103631232e-12)
(-1.12978440691223e-12,1.96243748296185e-10,-4.60497258935821e-12)
(-1.18911184104232e-12,2.1682991232125e-10,-2.24023768830451e-12)
(-8.64438791141514e-13,2.26363478286965e-10,-9.21065038683469e-13)
(0,0,0)
(0,0,0)
(0,0,0)
(0,0,0)
(0,0,0)
(0,0,0)
(9.55104525308775e-13,1.47705296318474e-11,-7.48168286213093e-11)
(9.77479460117395e-13,3.20633824661874e-11,-7.11500354039865e-11)
(2.85081986559435e-13,5.28351507879643e-11,-6.39341139175322e-11)
(-6.60749199109259e-14,7.4577439724214e-11,-5.41744463708087e-11)
(-7.97095459645687e-14,9.86161613743977e-11,-4.25864578358066e-11)
(-3.43481621333143e-13,1.27236515449498e-10,-2.95520126432946e-11)
(-5.70872752278937e-13,1.60819997034996e-10,-1.76524956288734e-11)
(-1.54599663492804e-12,1.92749228988231e-10,-1.02179877678331e-11)
(-1.81041636622147e-12,2.14321627830585e-10,-5.70636922130684e-12)
(-1.87732300506187e-12,2.24577974457136e-10,-2.60516354474001e-12)
(0,0,0)
(0,0,0)
(0,0,0)
(0,0,0)
(0,0,0)
(0,0,0)
(7.16067596246827e-13,1.20588409398322e-11,-1.06072408097182e-10)
(9.98018421359899e-13,2.58249404398555e-11,-1.01526517568462e-10)
(1.21600531980302e-12,4.33605652278051e-11,-9.34528361703391e-11)
(1.15218945807957e-12,6.29233762692841e-11,-8.16520319989536e-11)
(4.83470800305954e-13,8.55020066359182e-11,-6.72008888363261e-11)
(1.7592743220906e-14,1.1499351681376e-10,-5.12442764547784e-11)
(1.04544747579531e-12,1.52814616421666e-10,-3.50599201361536e-11)
(-8.23668871990535e-13,1.86691613806784e-10,-2.34594841727787e-11)
(-1.92746397129721e-12,2.09410005787797e-10,-1.44645706053087e-11)
(-2.69129268540057e-12,2.20095487907334e-10,-6.95546545046239e-12)
(0,0,0)
(0,0,0)
(0,0,0)
(0,0,0)
(0,0,0)
(0,0,0)
(7.42203374370876e-13,8.22901800738124e-12,-1.35712069493342e-10)
(1.37765209139693e-12,1.87492774630949e-11,-1.3140790135538e-10)
(2.02433435910292e-12,3.27757663762116e-11,-1.24138784984221e-10)
(1.66051840373172e-12,4.96244225647438e-11,-1.12497090748659e-10)
(1.13065928691555e-13,7.00288650546664e-11,-9.77978900974247e-11)
(-1.15937901896961e-12,9.8826753238353e-11,-8.18931936193842e-11)
(8.27030200448455e-13,1.42259627934088e-10,-6.54479977306187e-11)
(6.79211199359993e-14,1.76873031367339e-10,-4.85990813951125e-11)
(-1.00094290440894e-12,1.99973436661652e-10,-3.22295464320538e-11)
(-1.79287452822083e-12,2.10448729771465e-10,-1.58493915792408e-11)
(0,0,0)
(0,0,0)
(0,0,0)
(0,0,0)
(0,0,0)
(0,0,0)
(1.31509856370773e-12,4.66705324378101e-12,-1.60983338645404e-10)
(2.36548413479535e-12,1.2857813183326e-11,-1.57644189407351e-10)
(2.9086196672715e-12,2.31584064997392e-11,-1.51317092739905e-10)
(1.41604508766781e-12,3.65857403172674e-11,-1.41194562097245e-10)
(-1.11171476036706e-12,5.42372345053137e-11,-1.28659157026743e-10)
(-2.69021161250178e-12,8.12221783306348e-11,-1.1508221368441e-10)
(1.61459649720111e-12,1.2623774179903e-10,-9.98248558456264e-11)
(1.81925732266211e-12,1.60571417524186e-10,-7.78406802402469e-11)
(9.29744329738277e-13,1.82592338904448e-10,-5.33138623302579e-11)
(4.22059488427976e-13,1.92806463664002e-10,-2.70138123785029e-11)
(0,0,0)
(0,0,0)
(0,0,0)
(0,0,0)
(0,0,0)
(0,0,0)
(2.25616227578755e-12,2.64300256943724e-12,-1.84126835210841e-10)
(3.34798447508977e-12,8.89620065068138e-12,-1.81651328951301e-10)
(3.5148246385219e-12,1.59444955243475e-11,-1.75833367628266e-10)
(1.69117850198461e-12,2.54663803344254e-11,-1.66929169941675e-10)
(-1.04879736249028e-12,3.95485764026446e-11,-1.56757965594552e-10)
(-2.80062979843987e-12,6.32746088793361e-11,-1.46193309777325e-10)
(1.36606045903338e-12,1.05868162690841e-10,-1.32899371006569e-10)
(2.79999565667008e-12,1.37863856936844e-10,-1.06095515090084e-10)
(2.55251087760077e-12,1.57222033282437e-10,-7.32105704962615e-11)
(2.17696163760449e-12,1.66214710773925e-10,-3.72265515694885e-11)
(0,0,0)
(0,0,0)
(0,0,0)
(0,0,0)
(0,0,0)
(0,0,0)
(2.68137120432106e-12,2.42365858568308e-12,-2.03493655116574e-10)
(3.76827001635113e-12,6.42622380275281e-12,-2.00703706440492e-10)
(3.77509899848065e-12,1.055512247627e-11,-1.95106672301693e-10)
(2.44896884047279e-12,1.69863544893036e-11,-1.87309447929191e-10)
(6.6889694818517e-13,2.79351232229461e-11,-1.78499086317603e-10)
(7.50538058744937e-14,4.71800403100938e-11,-1.6800195017413e-10)
(1.69012302280584e-12,8.04303672333981e-11,-1.52425144948178e-10)
(2.83165323511946e-12,1.07778907999712e-10,-1.24072786090545e-10)
(3.30090486693508e-12,1.23790525233258e-10,-8.67346214612889e-11)
(3.43031705030657e-12,1.31165120842041e-10,-4.4231468031964e-11)
(0,0,0)
(0,0,0)
(0,0,0)
(0,0,0)
(0,0,0)
(0,0,0)
(2.43481122496967e-12,2.315081113913e-12,-2.16445604383929e-10)
(3.86658440088636e-12,4.59745968030961e-12,-2.13331725914189e-10)
(4.00423710482797e-12,6.53299710224643e-12,-2.07411412424613e-10)
(3.29626932780804e-12,1.0624961718194e-11,-2.00308027172205e-10)
(2.4500543468999e-12,1.81068840276566e-11,-1.91824564263605e-10)
(2.23510448761862e-12,3.16782888900113e-11,-1.8043069574906e-10)
(2.6410974719635e-12,5.37681313985621e-11,-1.62843040788112e-10)
(3.35451269967544e-12,7.32723966055801e-11,-1.33653946376011e-10)
(3.95035669769217e-12,8.45882766708716e-11,-9.42034733310825e-11)
(4.37184664684761e-12,9.03639698603827e-11,-4.86536917151401e-11)
(0,0,0)
(0,0,0)
(0,0,0)
(0,0,0)
(0,0,0)
(0,0,0)
(2.22752854672e-12,1.63601386914988e-12,-2.224098391219e-10)
(3.41086057334777e-12,2.54373059161448e-12,-2.1854629670603e-10)
(3.50702643475499e-12,3.43384895467421e-12,-2.12591705541068e-10)
(2.82358794365912e-12,5.43776813739475e-12,-2.05650830151639e-10)
(2.54607137821789e-12,9.16306985999825e-12,-1.97389474070585e-10)
(2.80301119638737e-12,1.63257384166934e-11,-1.85680332832369e-10)
(2.59749482919707e-12,2.72201344584299e-11,-1.66551583219288e-10)
(3.16767752507511e-12,3.71764362603195e-11,-1.36733953931661e-10)
(3.59169621186057e-12,4.29888517526225e-11,-9.63898401462662e-11)
(3.72716738969544e-12,4.60821247920877e-11,-4.98092921817832e-11)
(0,0,0)
(0,0,0)
(0,0,0)
(0,0,0)
(0,0,0)
(0,0,0)
(0,0,0)
(0,0,0)
(0,0,0)
(0,0,0)
(0,0,0)
(0,0,0)
(0,0,0)
(0,0,0)
(0,0,0)
(0,0,0)
(0,0,0)
(0,0,0)
(0,0,0)
(0,0,0)
(0,0,0)
(0,0,0)
(0,0,0)
(0,0,0)
(0,0,0)
(0,0,0)
(0,0,0)
(0,0,0)
(0,0,0)
(0,0,0)
(0,0,0)
(0,0,0)
(0,0,0)
(0,0,0)
(0,0,0)
(0,0,0)
(0,0,0)
(0,0,0)
(0,0,0)
(0,0,0)
(0,0,0)
(0,0,0)
(0,0,0)
(0,0,0)
(0,0,0)
(0,0,0)
(0,0,0)
(0,0,0)
(0,0,0)
(0,0,0)
(0,0,0)
(0,0,0)
(0,0,0)
(0,0,0)
(0,0,0)
(0,0,0)
(0,0,0)
(0,0,0)
(0,0,0)
(0,0,0)
(0,0,0)
(0,0,0)
(0,0,0)
(0,0,0)
(0,0,0)
(0,0,0)
(0,0,0)
(0,0,0)
(0,0,0)
(0,0,0)
(0,0,0)
(0,0,0)
(0,0,0)
(0,0,0)
(0,0,0)
(0,0,0)
(0,0,0)
(0,0,0)
(0,0,0)
(0,0,0)
(0,0,0)
(0,0,0)
(0,0,0)
(0,0,0)
(0,0,0)
(0,0,0)
(0,0,0)
(0,0,0)
(0,0,0)
(0,0,0)
(0,0,0)
(0,0,0)
(0,0,0)
(0,0,0)
(0,0,0)
(0,0,0)
(0,0,0)
(0,0,0)
(0,0,0)
(0,0,0)
(0,0,0)
(0,0,0)
(0,0,0)
(0,0,0)
(0,0,0)
(0,0,0)
(0,0,0)
(0,0,0)
(0,0,0)
(0,0,0)
(0,0,0)
(0,0,0)
(0,0,0)
(0,0,0)
(0,0,0)
(0,0,0)
(0,0,0)
(0,0,0)
(0,0,0)
(0,0,0)
(0,0,0)
(0,0,0)
(0,0,0)
(0,0,0)
(0,0,0)
(0,0,0)
(0,0,0)
(0,0,0)
(0,0,0)
(0,0,0)
(0,0,0)
(0,0,0)
(0,0,0)
(0,0,0)
(0,0,0)
(0,0,0)
(0,0,0)
(0,0,0)
(0,0,0)
(0,0,0)
(0,0,0)
(0,0,0)
(0,0,0)
(0,0,0)
(0,0,0)
(0,0,0)
(0,0,0)
(0,0,0)
(0,0,0)
(0,0,0)
(0,0,0)
(0,0,0)
(0,0,0)
(0,0,0)
(0,0,0)
(0,0,0)
(0,0,0)
(0,0,0)
(0,0,0)
(0,0,0)
(0,0,0)
(0,0,0)
(0,0,0)
(0,0,0)
(0,0,0)
(0,0,0)
(0,0,0)
(0,0,0)
(0,0,0)
(0,0,0)
(0,0,0)
(0,0,0)
(0,0,0)
(0,0,0)
(0,0,0)
(0,0,0)
(0,0,0)
(0,0,0)
(0,0,0)
(0,0,0)
(0,0,0)
(0,0,0)
(0,0,0)
(0,0,0)
(0,0,0)
(0,0,0)
(0,0,0)
(0,0,0)
(0,0,0)
(0,0,0)
(0,0,0)
(0,0,0)
(0,0,0)
(0,0,0)
(0,0,0)
(0,0,0)
(0,0,0)
(0,0,0)
(0,0,0)
(0,0,0)
(0,0,0)
(0,0,0)
(0,0,0)
(0,0,0)
(0,0,0)
(0,0,0)
(0,0,0)
(0,0,0)
(0,0,0)
(0,0,0)
(0,0,0)
(0,0,0)
(0,0,0)
(0,0,0)
(0,0,0)
(0,0,0)
(0,0,0)
(0,0,0)
(0,0,0)
(0,0,0)
(0,0,0)
(0,0,0)
(0,0,0)
(0,0,0)
(0,0,0)
(0,0,0)
(0,0,0)
(0,0,0)
(0,0,0)
(0,0,0)
(0,0,0)
(0,0,0)
(0,0,0)
(0,0,0)
(0,0,0)
(0,0,0)
(0,0,0)
(0,0,0)
(0,0,0)
(0,0,0)
(0,0,0)
(0,0,0)
(0,0,0)
(0,0,0)
(0,0,0)
(0,0,0)
(0,0,0)
(0,0,0)
(0,0,0)
(0,0,0)
(0,0,0)
(0,0,0)
(0,0,0)
(0,0,0)
(0,0,0)
(0,0,0)
(0,0,0)
(0,0,0)
(0,0,0)
(0,0,0)
(0,0,0)
(0,0,0)
(0,0,0)
(0,0,0)
(0,0,0)
(0,0,0)
(0,0,0)
(0,0,0)
(0,0,0)
(0,0,0)
(0,0,0)
(0,0,0)
(0,0,0)
(0,0,0)
(0,0,0)
(0,0,0)
(0,0,0)
(0,0,0)
(0,0,0)
(0,0,0)
(0,0,0)
(0,0,0)
(0,0,0)
(0,0,0)
(0,0,0)
(0,0,0)
(0,0,0)
(0,0,0)
(0,0,0)
(0,0,0)
(0,0,0)
(0,0,0)
(0,0,0)
(0,0,0)
(0,0,0)
(0,0,0)
(0,0,0)
(0,0,0)
(0,0,0)
(0,0,0)
(0,0,0)
(0,0,0)
(0,0,0)
(0,0,0)
(0,0,0)
(0,0,0)
(0,0,0)
(0,0,0)
(0,0,0)
(0,0,0)
(0,0,0)
(0,0,0)
(0,0,0)
(0,0,0)
(0,0,0)
(0,0,0)
(0,0,0)
(0,0,0)
(0,0,0)
(0,0,0)
(0,0,0)
(0,0,0)
(0,0,0)
(0,0,0)
(0,0,0)
(0,0,0)
(0,0,0)
(0,0,0)
(0,0,0)
(0,0,0)
(0,0,0)
(0,0,0)
(0,0,0)
(0,0,0)
(0,0,0)
(0,0,0)
(0,0,0)
(0,0,0)
(0,0,0)
(0,0,0)
(0,0,0)
(0,0,0)
(0,0,0)
(0,0,0)
(0,0,0)
(0,0,0)
(0,0,0)
(0,0,0)
(0,0,0)
(0,0,0)
(0,0,0)
(0,0,0)
(0,0,0)
(0,0,0)
(0,0,0)
(0,0,0)
(0,0,0)
(0,0,0)
(0,0,0)
(0,0,0)
(0,0,0)
(0,0,0)
(0,0,0)
(0,0,0)
(0,0,0)
(0,0,0)
(0,0,0)
(0,0,0)
(0,0,0)
(0,0,0)
(0,0,0)
(0,0,0)
(0,0,0)
(0,0,0)
(0,0,0)
(0,0,0)
(0,0,0)
(0,0,0)
(0,0,0)
(0,0,0)
(0,0,0)
(0,0,0)
(0,0,0)
(0,0,0)
(0,0,0)
(0,0,0)
(0,0,0)
(0,0,0)
(0,0,0)
(0,0,0)
(0,0,0)
(0,0,0)
(0,0,0)
(0,0,0)
(0,0,0)
(0,0,0)
(0,0,0)
(0,0,0)
(0,0,0)
(0,0,0)
(0,0,0)
(0,0,0)
(0,0,0)
(0,0,0)
(0,0,0)
(0,0,0)
(0,0,0)
(0,0,0)
(0,0,0)
(0,0,0)
(0,0,0)
(0,0,0)
(0,0,0)
(0,0,0)
(0,0,0)
(0,0,0)
(0,0,0)
(0,0,0)
(0,0,0)
(0,0,0)
(0,0,0)
(0,0,0)
(0,0,0)
(0,0,0)
(0,0,0)
(0,0,0)
(0,0,0)
(0,0,0)
(0,0,0)
(0,0,0)
(0,0,0)
(0,0,0)
(0,0,0)
(0,0,0)
(0,0,0)
(0,0,0)
(0,0,0)
(0,0,0)
(0,0,0)
(0,0,0)
(0,0,0)
(0,0,0)
(0,0,0)
(0,0,0)
(0,0,0)
(0,0,0)
(0,0,0)
(0,0,0)
(0,0,0)
(0,0,0)
(0,0,0)
(0,0,0)
(0,0,0)
(0,0,0)
(0,0,0)
(0,0,0)
(0,0,0)
(0,0,0)
(0,0,0)
(0,0,0)
(0,0,0)
(0,0,0)
(0,0,0)
(0,0,0)
(0,0,0)
(0,0,0)
(0,0,0)
(0,0,0)
(0,0,0)
(0,0,0)
(0,0,0)
(0,0,0)
(0,0,0)
(0,0,0)
(0,0,0)
(0,0,0)
(0,0,0)
(0,0,0)
(0,0,0)
(0,0,0)
(0,0,0)
(0,0,0)
(0,0,0)
(0,0,0)
(0,0,0)
(0,0,0)
(0,0,0)
(0,0,0)
(0,0,0)
(0,0,0)
(0,0,0)
(0,0,0)
(0,0,0)
(0,0,0)
(0,0,0)
(0,0,0)
(0,0,0)
(0,0,0)
(0,0,0)
(0,0,0)
(0,0,0)
(0,0,0)
(0,0,0)
(0,0,0)
(0,0,0)
(0,0,0)
(0,0,0)
(0,0,0)
(0,0,0)
(0,0,0)
(0,0,0)
(0,0,0)
(0,0,0)
(0,0,0)
(0,0,0)
(0,0,0)
(0,0,0)
(0,0,0)
(0,0,0)
(0,0,0)
(0,0,0)
(0,0,0)
(0,0,0)
(0,0,0)
(0,0,0)
(0,0,0)
(0,0,0)
(0,0,0)
(0,0,0)
(0,0,0)
(0,0,0)
(0,0,0)
(0,0,0)
(0,0,0)
(0,0,0)
(0,0,0)
(0,0,0)
(0,0,0)
(0,0,0)
(0,0,0)
(0,0,0)
(0,0,0)
(0,0,0)
(0,0,0)
(0,0,0)
(0,0,0)
(0,0,0)
(0,0,0)
(0,0,0)
(0,0,0)
(0,0,0)
(0,0,0)
(0,0,0)
(0,0,0)
(0,0,0)
(0,0,0)
(0,0,0)
(0,0,0)
(0,0,0)
(0,0,0)
(0,0,0)
(0,0,0)
(0,0,0)
(0,0,0)
(0,0,0)
(0,0,0)
(0,0,0)
(0,0,0)
(0,0,0)
(0,0,0)
(0,0,0)
(0,0,0)
(0,0,0)
(0,0,0)
(0,0,0)
(0,0,0)
(0,0,0)
(0,0,0)
(0,0,0)
(0,0,0)
(0,0,0)
(0,0,0)
(0,0,0)
(0,0,0)
(0,0,0)
(0,0,0)
(0,0,0)
(0,0,0)
(0,0,0)
(0,0,0)
(0,0,0)
(0,0,0)
(0,0,0)
(0,0,0)
(0,0,0)
(0,0,0)
(0,0,0)
(0,0,0)
(0,0,0)
(0,0,0)
(0,0,0)
(0,0,0)
(0,0,0)
(0,0,0)
(0,0,0)
(0,0,0)
(0,0,0)
(0,0,0)
(0,0,0)
(0,0,0)
(0,0,0)
(0,0,0)
(0,0,0)
(0,0,0)
(0,0,0)
(0,0,0)
(0,0,0)
(0,0,0)
(0,0,0)
(0,0,0)
(0,0,0)
(0,0,0)
(0,0,0)
(0,0,0)
(0,0,0)
(0,0,0)
(0,0,0)
(0,0,0)
(0,0,0)
(0,0,0)
(0,0,0)
(0,0,0)
(0,0,0)
(0,0,0)
(0,0,0)
(0,0,0)
(0,0,0)
(0,0,0)
(0,0,0)
(0,0,0)
(0,0,0)
(0,0,0)
(0,0,0)
(0,0,0)
(0,0,0)
(0,0,0)
(0,0,0)
(0,0,0)
(0,0,0)
(0,0,0)
(0,0,0)
(0,0,0)
(0,0,0)
(0,0,0)
(0,0,0)
(0,0,0)
(0,0,0)
(0,0,0)
(0,0,0)
(0,0,0)
(0,0,0)
(0,0,0)
(0,0,0)
(0,0,0)
(0,0,0)
(0,0,0)
(0,0,0)
(0,0,0)
(0,0,0)
(0,0,0)
(0,0,0)
(0,0,0)
(0,0,0)
(0,0,0)
(0,0,0)
(0,0,0)
(0,0,0)
(0,0,0)
(0,0,0)
(0,0,0)
(0,0,0)
(0,0,0)
(0,0,0)
(0,0,0)
(0,0,0)
(0,0,0)
(0,0,0)
(0,0,0)
(0,0,0)
(0,0,0)
(0,0,0)
(0,0,0)
(0,0,0)
(0,0,0)
(0,0,0)
(0,0,0)
(0,0,0)
(0,0,0)
(0,0,0)
(0,0,0)
(0,0,0)
(0,0,0)
(0,0,0)
(0,0,0)
(0,0,0)
(0,0,0)
(0,0,0)
(0,0,0)
(0,0,0)
(0,0,0)
(0,0,0)
(0,0,0)
(0,0,0)
(0,0,0)
(0,0,0)
(0,0,0)
(0,0,0)
(0,0,0)
(0,0,0)
(0,0,0)
(0,0,0)
(0,0,0)
(0,0,0)
(0,0,0)
(0,0,0)
(0,0,0)
(0,0,0)
(0,0,0)
(0,0,0)
(0,0,0)
(0,0,0)
(0,0,0)
(0,0,0)
(0,0,0)
(0,0,0)
(0,0,0)
(0,0,0)
(0,0,0)
(0,0,0)
(0,0,0)
(0,0,0)
(0,0,0)
(0,0,0)
(0,0,0)
(0,0,0)
(0,0,0)
(0,0,0)
(0,0,0)
(0,0,0)
(0,0,0)
(0,0,0)
(0,0,0)
(0,0,0)
(0,0,0)
(0,0,0)
(0,0,0)
(0,0,0)
(0,0,0)
(0,0,0)
(0,0,0)
(0,0,0)
(0,0,0)
(0,0,0)
(0,0,0)
(0,0,0)
(0,0,0)
(0,0,0)
(0,0,0)
(0,0,0)
(0,0,0)
(0,0,0)
(0,0,0)
(0,0,0)
(0,0,0)
(0,0,0)
(0,0,0)
(0,0,0)
(0,0,0)
(0,0,0)
(0,0,0)
(0,0,0)
(0,0,0)
(0,0,0)
(0,0,0)
(0,0,0)
(0,0,0)
(0,0,0)
(0,0,0)
(0,0,0)
(0,0,0)
(0,0,0)
(0,0,0)
(0,0,0)
(0,0,0)
(0,0,0)
(0,0,0)
(0,0,0)
(0,0,0)
(0,0,0)
(0,0,0)
(0,0,0)
(0,0,0)
(0,0,0)
(0,0,0)
(0,0,0)
(0,0,0)
(0,0,0)
(0,0,0)
(0,0,0)
(0,0,0)
(0,0,0)
(0,0,0)
(0,0,0)
(0,0,0)
(0,0,0)
(0,0,0)
(0,0,0)
(0,0,0)
(0,0,0)
)
;

boundaryField
{
    fuel
    {
        type            fixedValue;
        value           uniform (0.1 0 0);
    }
    air
    {
        type            fixedValue;
        value           uniform (-0.1 0 0);
    }
    outlet
    {
        type            zeroGradient;
    }
    frontAndBack
    {
        type            empty;
    }
}


// ************************************************************************* //
 