/*--------------------------------*- C++ -*----------------------------------*\
| =========                 |                                                 |
| \\      /  F ield         | foam-extend: Open Source Cstd::filesystem::create_directory();FD                    |
|  \\    /   O peration     | Version:     4.0                                |
|   \\  /    A nd           | Web:         http://www.foam-extend.org         |
|    \\/     M anipulation  |                                                 |
\*---------------------------------------------------------------------------*/
FoamFile
{
    version 2.0;
    format ascii;
    class volVectorField;
    location "Data/707";
    object      H;
}
// * * * * * * * * * * * * * * * * * * * * * * * * * * * * * * * * * * * * * //

dimensions      [0 1 -1 0 0 0 0];

internalField   nonuniform List<vector>
4096
(
(0,0,0)
(0,0,0)
(0,0,0)
(0,0,0)
(0,0,0)
(0,0,0)
(0,0,0)
(0,0,0)
(0,0,0)
(0,0,0)
(0,0,0)
(0,0,0)
(0,0,0)
(0,0,0)
(0,0,0)
(0,0,0)
(0,0,0)
(0,0,0)
(0,0,0)
(0,0,0)
(0,0,0)
(0,0,0)
(0,0,0)
(0,0,0)
(0,0,0)
(0,0,0)
(0,0,0)
(0,0,0)
(0,0,0)
(0,0,0)
(0,0,0)
(0,0,0)
(0,0,0)
(0,0,0)
(0,0,0)
(0,0,0)
(0,0,0)
(0,0,0)
(0,0,0)
(0,0,0)
(0,0,0)
(0,0,0)
(0,0,0)
(0,0,0)
(0,0,0)
(0,0,0)
(0,0,0)
(0,0,0)
(0,0,0)
(0,0,0)
(0,0,0)
(0,0,0)
(0,0,0)
(0,0,0)
(0,0,0)
(0,0,0)
(0,0,0)
(0,0,0)
(0,0,0)
(0,0,0)
(0,0,0)
(0,0,0)
(0,0,0)
(0,0,0)
(0,0,0)
(0,0,0)
(0,0,0)
(0,0,0)
(0,0,0)
(0,0,0)
(0,0,0)
(0,0,0)
(0,0,0)
(0,0,0)
(0,0,0)
(0,0,0)
(0,0,0)
(0,0,0)
(0,0,0)
(0,0,0)
(0,0,0)
(0,0,0)
(0,0,0)
(0,0,0)
(0,0,0)
(0,0,0)
(0,0,0)
(0,0,0)
(0,0,0)
(0,0,0)
(0,0,0)
(0,0,0)
(0,0,0)
(0,0,0)
(0,0,0)
(0,0,0)
(0,0,0)
(0,0,0)
(0,0,0)
(0,0,0)
(0,0,0)
(0,0,0)
(0,0,0)
(0,0,0)
(0,0,0)
(0,0,0)
(0,0,0)
(0,0,0)
(0,0,0)
(0,0,0)
(0,0,0)
(0,0,0)
(0,0,0)
(0,0,0)
(0,0,0)
(0,0,0)
(0,0,0)
(0,0,0)
(0,0,0)
(0,0,0)
(0,0,0)
(0,0,0)
(0,0,0)
(0,0,0)
(0,0,0)
(0,0,0)
(0,0,0)
(0,0,0)
(0,0,0)
(0,0,0)
(0,0,0)
(0,0,0)
(0,0,0)
(0,0,0)
(0,0,0)
(0,0,0)
(0,0,0)
(0,0,0)
(0,0,0)
(0,0,0)
(0,0,0)
(0,0,0)
(0,0,0)
(0,0,0)
(0,0,0)
(0,0,0)
(0,0,0)
(0,0,0)
(0,0,0)
(0,0,0)
(0,0,0)
(0,0,0)
(0,0,0)
(0,0,0)
(0,0,0)
(0,0,0)
(0,0,0)
(0,0,0)
(0,0,0)
(0,0,0)
(0,0,0)
(0,0,0)
(0,0,0)
(0,0,0)
(0,0,0)
(0,0,0)
(0,0,0)
(0,0,0)
(0,0,0)
(0,0,0)
(0,0,0)
(0,0,0)
(0,0,0)
(0,0,0)
(0,0,0)
(0,0,0)
(0,0,0)
(0,0,0)
(0,0,0)
(0,0,0)
(0,0,0)
(0,0,0)
(0,0,0)
(0,0,0)
(0,0,0)
(0,0,0)
(0,0,0)
(0,0,0)
(0,0,0)
(0,0,0)
(0,0,0)
(0,0,0)
(0,0,0)
(0,0,0)
(0,0,0)
(0,0,0)
(0,0,0)
(0,0,0)
(0,0,0)
(0,0,0)
(0,0,0)
(0,0,0)
(0,0,0)
(0,0,0)
(0,0,0)
(0,0,0)
(0,0,0)
(0,0,0)
(0,0,0)
(0,0,0)
(0,0,0)
(0,0,0)
(0,0,0)
(0,0,0)
(0,0,0)
(0,0,0)
(0,0,0)
(0,0,0)
(0,0,0)
(0,0,0)
(0,0,0)
(0,0,0)
(0,0,0)
(0,0,0)
(0,0,0)
(0,0,0)
(0,0,0)
(0,0,0)
(0,0,0)
(0,0,0)
(0,0,0)
(0,0,0)
(0,0,0)
(0,0,0)
(0,0,0)
(0,0,0)
(0,0,0)
(0,0,0)
(0,0,0)
(0,0,0)
(0,0,0)
(0,0,0)
(0,0,0)
(0,0,0)
(0,0,0)
(0,0,0)
(0,0,0)
(0,0,0)
(0,0,0)
(0,0,0)
(0,0,0)
(0,0,0)
(0,0,0)
(0,0,0)
(0,0,0)
(0,0,0)
(0,0,0)
(0,0,0)
(0,0,0)
(0,0,0)
(0,0,0)
(0,0,0)
(0,0,0)
(0,0,0)
(0,0,0)
(0,0,0)
(0,0,0)
(0,0,0)
(0,0,0)
(0,0,0)
(0,0,0)
(0,0,0)
(0,0,0)
(0,0,0)
(0,0,0)
(0,0,0)
(0,0,0)
(0,0,0)
(0,0,0)
(0,0,0)
(0,0,0)
(0,0,0)
(0,0,0)
(0,0,0)
(0,0,0)
(0,0,0)
(0,0,0)
(0,0,0)
(0,0,0)
(0,0,0)
(0,0,0)
(0,0,0)
(0,0,0)
(0,0,0)
(0,0,0)
(0,0,0)
(0,0,0)
(0,0,0)
(0,0,0)
(0,0,0)
(0,0,0)
(0,0,0)
(0,0,0)
(0,0,0)
(0,0,0)
(0,0,0)
(0,0,0)
(0,0,0)
(0,0,0)
(0,0,0)
(0,0,0)
(0,0,0)
(0,0,0)
(0,0,0)
(0,0,0)
(0,0,0)
(0,0,0)
(0,0,0)
(0,0,0)
(0,0,0)
(0,0,0)
(0,0,0)
(0,0,0)
(0,0,0)
(0,0,0)
(0,0,0)
(0,0,0)
(0,0,0)
(0,0,0)
(0,0,0)
(0,0,0)
(0,0,0)
(0,0,0)
(0,0,0)
(0,0,0)
(0,0,0)
(0,0,0)
(0,0,0)
(0,0,0)
(0,0,0)
(0,0,0)
(0,0,0)
(0,0,0)
(0,0,0)
(0,0,0)
(0,0,0)
(0,0,0)
(0,0,0)
(0,0,0)
(0,0,0)
(0,0,0)
(0,0,0)
(0,0,0)
(0,0,0)
(0,0,0)
(0,0,0)
(0,0,0)
(0,0,0)
(0,0,0)
(0,0,0)
(0,0,0)
(0,0,0)
(0,0,0)
(0,0,0)
(0,0,0)
(0,0,0)
(0,0,0)
(0,0,0)
(0,0,0)
(0,0,0)
(0,0,0)
(0,0,0)
(0,0,0)
(0,0,0)
(0,0,0)
(0,0,0)
(0,0,0)
(0,0,0)
(0,0,0)
(0,0,0)
(0,0,0)
(0,0,0)
(0,0,0)
(0,0,0)
(0,0,0)
(0,0,0)
(0,0,0)
(0,0,0)
(0,0,0)
(0,0,0)
(0,0,0)
(0,0,0)
(0,0,0)
(0,0,0)
(0,0,0)
(0,0,0)
(0,0,0)
(0,0,0)
(0,0,0)
(0,0,0)
(0,0,0)
(0,0,0)
(0,0,0)
(0,0,0)
(0,0,0)
(0,0,0)
(0,0,0)
(0,0,0)
(0,0,0)
(0,0,0)
(0,0,0)
(0,0,0)
(0,0,0)
(0,0,0)
(0,0,0)
(0,0,0)
(0,0,0)
(0,0,0)
(0,0,0)
(0,0,0)
(0,0,0)
(0,0,0)
(0,0,0)
(0,0,0)
(0,0,0)
(0,0,0)
(0,0,0)
(0,0,0)
(0,0,0)
(0,0,0)
(0,0,0)
(0,0,0)
(0,0,0)
(0,0,0)
(0,0,0)
(0,0,0)
(0,0,0)
(0,0,0)
(0,0,0)
(0,0,0)
(0,0,0)
(0,0,0)
(0,0,0)
(0,0,0)
(0,0,0)
(0,0,0)
(0,0,0)
(0,0,0)
(0,0,0)
(0,0,0)
(0,0,0)
(0,0,0)
(0,0,0)
(0,0,0)
(0,0,0)
(0,0,0)
(0,0,0)
(0,0,0)
(0,0,0)
(0,0,0)
(0,0,0)
(0,0,0)
(0,0,0)
(0,0,0)
(0,0,0)
(0,0,0)
(0,0,0)
(0,0,0)
(0,0,0)
(0,0,0)
(0,0,0)
(0,0,0)
(0,0,0)
(0,0,0)
(0,0,0)
(0,0,0)
(0,0,0)
(0,0,0)
(0,0,0)
(0,0,0)
(0,0,0)
(0,0,0)
(0,0,0)
(0,0,0)
(0,0,0)
(0,0,0)
(0,0,0)
(0,0,0)
(0,0,0)
(0,0,0)
(0,0,0)
(0,0,0)
(0,0,0)
(0,0,0)
(0,0,0)
(0,0,0)
(0,0,0)
(0,0,0)
(0,0,0)
(0,0,0)
(0,0,0)
(0,0,0)
(0,0,0)
(0,0,0)
(0,0,0)
(0,0,0)
(0,0,0)
(0,0,0)
(0,0,0)
(0,0,0)
(0,0,0)
(0,0,0)
(0,0,0)
(0,0,0)
(0,0,0)
(0,0,0)
(0,0,0)
(0,0,0)
(0,0,0)
(0,0,0)
(0,0,0)
(0,0,0)
(0,0,0)
(0,0,0)
(0,0,0)
(0,0,0)
(0,0,0)
(0,0,0)
(0,0,0)
(0,0,0)
(0,0,0)
(0,0,0)
(0,0,0)
(0,0,0)
(0,0,0)
(0,0,0)
(0,0,0)
(0,0,0)
(0,0,0)
(0,0,0)
(0,0,0)
(0,0,0)
(0,0,0)
(0,0,0)
(0,0,0)
(0,0,0)
(0,0,0)
(0,0,0)
(0,0,0)
(0,0,0)
(0,0,0)
(0,0,0)
(0,0,0)
(0,0,0)
(0,0,0)
(0,0,0)
(0,0,0)
(0,0,0)
(0,0,0)
(0,0,0)
(0,0,0)
(0,0,0)
(0,0,0)
(0,0,0)
(0,0,0)
(0,0,0)
(0,0,0)
(0,0,0)
(0,0,0)
(0,0,0)
(0,0,0)
(0,0,0)
(0,0,0)
(0,0,0)
(0,0,0)
(0,0,0)
(0,0,0)
(0,0,0)
(0,0,0)
(0,0,0)
(0,0,0)
(0,0,0)
(0,0,0)
(0,0,0)
(0,0,0)
(0,0,0)
(0,0,0)
(0,0,0)
(0,0,0)
(0,0,0)
(0,0,0)
(0,0,0)
(0,0,0)
(0,0,0)
(0,0,0)
(0,0,0)
(0,0,0)
(0,0,0)
(0,0,0)
(0,0,0)
(0,0,0)
(0,0,0)
(0,0,0)
(0,0,0)
(0,0,0)
(0,0,0)
(0,0,0)
(0,0,0)
(0,0,0)
(0,0,0)
(0,0,0)
(0,0,0)
(0,0,0)
(0,0,0)
(0,0,0)
(0,0,0)
(0,0,0)
(0,0,0)
(0,0,0)
(0,0,0)
(0,0,0)
(0,0,0)
(0,0,0)
(0,0,0)
(0,0,0)
(0,0,0)
(0,0,0)
(0,0,0)
(0,0,0)
(0,0,0)
(0,0,0)
(0,0,0)
(0,0,0)
(0,0,0)
(0,0,0)
(0,0,0)
(0,0,0)
(0,0,0)
(0,0,0)
(0,0,0)
(0,0,0)
(0,0,0)
(0,0,0)
(0,0,0)
(0,0,0)
(0,0,0)
(0,0,0)
(0,0,0)
(0,0,0)
(0,0,0)
(0,0,0)
(0,0,0)
(0,0,0)
(0,0,0)
(0,0,0)
(0,0,0)
(0,0,0)
(0,0,0)
(0,0,0)
(0,0,0)
(0,0,0)
(0,0,0)
(0,0,0)
(0,0,0)
(0,0,0)
(0,0,0)
(0,0,0)
(0,0,0)
(0,0,0)
(0,0,0)
(0,0,0)
(0,0,0)
(0,0,0)
(0,0,0)
(0,0,0)
(0,0,0)
(0,0,0)
(0,0,0)
(0,0,0)
(0,0,0)
(0,0,0)
(0,0,0)
(0,0,0)
(0,0,0)
(0,0,0)
(0,0,0)
(0,0,0)
(0,0,0)
(0,0,0)
(0,0,0)
(0,0,0)
(0,0,0)
(0,0,0)
(0,0,0)
(0,0,0)
(0,0,0)
(0,0,0)
(0,0,0)
(0,0,0)
(0,0,0)
(0,0,0)
(0,0,0)
(0,0,0)
(0,0,0)
(0,0,0)
(0,0,0)
(0,0,0)
(0,0,0)
(0,0,0)
(0,0,0)
(0,0,0)
(0,0,0)
(0,0,0)
(0,0,0)
(0,0,0)
(0,0,0)
(0,0,0)
(0,0,0)
(0,0,0)
(0,0,0)
(0,0,0)
(0,0,0)
(0,0,0)
(0,0,0)
(0,0,0)
(0,0,0)
(0,0,0)
(0,0,0)
(0,0,0)
(0,0,0)
(0,0,0)
(0,0,0)
(0,0,0)
(0,0,0)
(0,0,0)
(0,0,0)
(0,0,0)
(0,0,0)
(0,0,0)
(0,0,0)
(0,0,0)
(0,0,0)
(0,0,0)
(0,0,0)
(0,0,0)
(0,0,0)
(0,0,0)
(0,0,0)
(0,0,0)
(0,0,0)
(0,0,0)
(0,0,0)
(0,0,0)
(0,0,0)
(0,0,0)
(0,0,0)
(0,0,0)
(0,0,0)
(0,0,0)
(0,0,0)
(0,0,0)
(0,0,0)
(0,0,0)
(0,0,0)
(0,0,0)
(0,0,0)
(0,0,0)
(0,0,0)
(0,0,0)
(0,0,0)
(0,0,0)
(0,0,0)
(0,0,0)
(0,0,0)
(0,0,0)
(0,0,0)
(0,0,0)
(0,0,0)
(0,0,0)
(0,0,0)
(0,0,0)
(0,0,0)
(0,0,0)
(0,0,0)
(0,0,0)
(0,0,0)
(0,0,0)
(0,0,0)
(0,0,0)
(0,0,0)
(0,0,0)
(0,0,0)
(0,0,0)
(0,0,0)
(0,0,0)
(0,0,0)
(0,0,0)
(0,0,0)
(0,0,0)
(0,0,0)
(0,0,0)
(0,0,0)
(0,0,0)
(0,0,0)
(0,0,0)
(0,0,0)
(0,0,0)
(0,0,0)
(0,0,0)
(0,0,0)
(0,0,0)
(0,0,0)
(0,0,0)
(0,0,0)
(0,0,0)
(0,0,0)
(0,0,0)
(0,0,0)
(0,0,0)
(1.08922878751749e-12,-1.11004328835036e-11,1.24558916299615e-11)
(1.62900376410121e-12,-2.45751028872018e-11,1.19996648402777e-11)
(1.57065586027586e-12,-4.16676241617054e-11,1.07417378505925e-11)
(3.28946615415565e-13,-6.65936351931908e-11,9.18684454553827e-12)
(-3.13833554854404e-13,-1.06538383971677e-10,7.17058582027044e-12)
(-6.35419478261037e-13,-1.68453058206458e-10,4.8877656121532e-12)
(-2.68320323998011e-13,-2.68522232306328e-10,2.83154607275328e-12)
(-5.67139314119143e-13,-4.35497088317385e-10,1.43759942362002e-12)
(-8.40705271806218e-13,-7.13310369498417e-10,8.75706164858321e-13)
(-2.75684519390707e-12,-1.10220768724873e-09,4.83454417849309e-13)
(0,0,0)
(0,0,0)
(0,0,0)
(0,0,0)
(0,0,0)
(0,0,0)
(1.46770696213923e-12,-1.03738139735309e-11,2.57929503718453e-11)
(2.27122886277543e-12,-2.32162837228161e-11,2.47863285503499e-11)
(1.8709397751319e-12,-4.00808737517258e-11,2.25481031257977e-11)
(5.53363983182815e-13,-6.47768661722675e-11,1.9556971291271e-11)
(-4.26344158180564e-13,-1.04222910780961e-10,1.5877984023643e-11)
(-1.35613834558967e-12,-1.6625336463744e-10,1.14455492135141e-11)
(-1.20123867978245e-12,-2.67214599410803e-10,7.23493571366036e-12)
(-4.75880100445544e-13,-4.3533126484032e-10,4.2973013788338e-12)
(-6.23087247215358e-13,-7.134622486775e-10,2.59392563437856e-12)
(-3.50659120065675e-12,-1.10231530433779e-09,1.53521904411369e-12)
(0,0,0)
(0,0,0)
(0,0,0)
(0,0,0)
(0,0,0)
(0,0,0)
(-9.48893026024797e-14,-9.40424416607503e-12,4.47466454861163e-11)
(1.29172688916298e-14,-2.09674011238176e-11,4.32116131784542e-11)
(-6.01634806571414e-13,-3.70812505806857e-11,3.99395622158855e-11)
(-1.65722037189323e-12,-6.08455409263635e-11,3.5239824948226e-11)
(-2.09418962872319e-12,-9.91583604870746e-11,2.98400166084305e-11)
(-2.77018626424646e-12,-1.61677370031966e-10,2.33054437582374e-11)
(-2.07130234723996e-12,-2.64303791206123e-10,1.69895696819269e-11)
(-6.19595157113311e-13,-4.34160839118673e-10,1.23845300413506e-11)
(-1.83851491638635e-13,-7.13199623469643e-10,8.64916545459145e-12)
(-2.30164568912419e-12,-1.10207278775943e-09,4.73565520840472e-12)
(0,0,0)
(0,0,0)
(0,0,0)
(0,0,0)
(0,0,0)
(0,0,0)
(-2.04415178277667e-12,-8.30454527401717e-12,7.11505613995985e-11)
(-3.26938151430822e-12,-1.80671447612434e-11,6.95004198468041e-11)
(-3.96369323559416e-12,-3.22665013675047e-11,6.64026086431501e-11)
(-5.18066567603635e-12,-5.422167495039e-11,6.133106000378e-11)
(-5.40958039193487e-12,-9.06184350821651e-11,5.49572624269931e-11)
(-4.74975386834577e-12,-1.53611579522445e-10,4.7024581852244e-11)
(-1.87163334163097e-12,-2.58892379886297e-10,3.8177110095354e-11)
(1.13289818247755e-12,-4.31473704251522e-10,3.01099723635842e-11)
(2.72198308588774e-12,-7.11147644391196e-10,2.17053147938556e-11)
(2.34322090831165e-12,-1.09989204477404e-09,1.16074926723965e-11)
(0,0,0)
(0,0,0)
(0,0,0)
(0,0,0)
(0,0,0)
(0,0,0)
(-2.70918181058129e-12,-7.18152898713629e-12,1.09740203760384e-10)
(-5.21244781986028e-12,-1.516204954628e-11,1.08309065315681e-10)
(-6.45945417085987e-12,-2.65417194868265e-11,1.05748983040645e-10)
(-7.64718103913655e-12,-4.58200478564953e-11,1.01346914353046e-10)
(-7.27656040685993e-12,-7.96030154054875e-11,9.54863504092875e-11)
(-5.28435460705946e-12,-1.4148112714701e-10,8.8323664889621e-11)
(4.11000734258688e-14,-2.49304062732878e-10,7.88249139714039e-11)
(5.13714975581435e-12,-4.24981490462944e-10,6.3936371635274e-11)
(7.79149291982307e-12,-7.0403118128905e-10,4.59941982472901e-11)
(8.50364404223559e-12,-1.09179119602038e-09,2.44050301690248e-11)
(0,0,0)
(0,0,0)
(0,0,0)
(0,0,0)
(0,0,0)
(0,0,0)
(-2.2436340004311e-12,-6.00066128594965e-12,1.69677871752986e-10)
(-4.32742961393898e-12,-1.25672140776595e-11,1.68890667913547e-10)
(-5.90464488378909e-12,-2.12114001337166e-11,1.66910301973544e-10)
(-6.79336815770177e-12,-3.73952165621609e-11,1.63357821832829e-10)
(-5.91868027972181e-12,-6.82839685572288e-11,1.58221864254353e-10)
(-3.05709663638755e-12,-1.27906407535925e-10,1.51015836432592e-10)
(3.50439844025615e-12,-2.3673939677609e-10,1.38570986866069e-10)
(1.02519707265043e-11,-4.10862400605421e-10,1.16275215072514e-10)
(1.35507519097107e-11,-6.86301063402185e-10,8.4820391309087e-11)
(1.51495896905671e-11,-1.07122963467758e-09,4.51794935206901e-11)
(0,0,0)
(0,0,0)
(0,0,0)
(0,0,0)
(0,0,0)
(0,0,0)
(-1.8639555785888e-12,-4.78953373610558e-12,2.67386261427432e-10)
(-2.30686054420176e-12,-9.59847586684301e-12,2.66796111282195e-10)
(-3.48033118888482e-12,-1.60408080951334e-11,2.6536039899482e-10)
(-4.16601833989827e-12,-2.95171533676287e-11,2.62939060443294e-10)
(-2.00375861387671e-12,-5.71494150219625e-11,2.58227638045932e-10)
(2.16021245213273e-12,-1.12280578374571e-10,2.49779768350356e-10)
(7.067522185914e-12,-2.16472458626537e-10,2.31700229907261e-10)
(1.30407035169539e-11,-3.82871509328585e-10,2.0033051766801e-10)
(1.66399367687619e-11,-6.50188708101772e-10,1.49858450454515e-10)
(1.84841933413707e-11,-1.02929692892653e-09,8.16087951769112e-11)
(0,0,0)
(0,0,0)
(0,0,0)
(0,0,0)
(0,0,0)
(0,0,0)
(-8.10167358659257e-13,-3.26025567425592e-12,4.3121792593301e-10)
(-4.6086525654672e-13,-6.51876148747925e-12,4.3127252547611e-10)
(-1.35054655016337e-12,-1.18451390771737e-11,4.30689731515554e-10)
(-2.24321911741217e-12,-2.32477527809849e-11,4.28962133376032e-10)
(1.08259985091208e-12,-4.76647073838399e-11,4.23836973856146e-10)
(5.9187107658643e-12,-9.62875824968031e-11,4.12867561262227e-10)
(1.01213931678142e-11,-1.86483014345681e-10,3.88566242217165e-10)
(1.43067582727609e-11,-3.34277079402825e-10,3.41527233873047e-10)
(1.65892944857989e-11,-5.84304217618495e-10,2.63926901670158e-10)
(1.84651050089247e-11,-9.4996164770124e-10,1.49415115633367e-10)
(0,0,0)
(0,0,0)
(0,0,0)
(0,0,0)
(0,0,0)
(0,0,0)
(-1.07457713903517e-12,-1.91921647447662e-12,7.08154373702228e-10)
(-8.02975735583829e-13,-3.99404717826191e-12,7.08130036045125e-10)
(-3.56886246919473e-13,-8.28648580890843e-12,7.07484430456766e-10)
(-9.95207189390303e-13,-1.70801482118615e-11,7.05347078064965e-10)
(2.41773639397196e-12,-3.56254537101689e-11,6.98633617306469e-10)
(7.63066433497106e-12,-7.21497564053208e-11,6.83356349152176e-10)
(1.11917123494525e-11,-1.40084127508251e-10,6.50979815498953e-10)
(1.4581470055703e-11,-2.57855726363697e-10,5.87151092194471e-10)
(1.59923854504678e-11,-4.71572145175443e-10,4.74388940810644e-10)
(1.80138570686019e-11,-8.02017941443425e-10,2.84807201515156e-10)
(0,0,0)
(0,0,0)
(0,0,0)
(0,0,0)
(0,0,0)
(0,0,0)
(-9.08353931174705e-13,-8.81229508065777e-13,1.09531827347672e-09)
(-8.3645707612708e-13,-1.92935033536555e-12,1.09523766950877e-09)
(2.89692860667148e-13,-4.32029156189484e-12,1.09429458470689e-09)
(1.24407047699021e-13,-9.12917048634123e-12,1.09151786462303e-09)
(3.34551348046536e-12,-1.91849707297881e-11,1.08353036168997e-09)
(8.30957211025939e-12,-3.90673625883354e-11,1.06531814081344e-09)
(1.06736433501278e-11,-7.65342080686944e-11,1.02698392282183e-09)
(1.44459845988687e-11,-1.4577094210887e-10,9.5017204219961e-10)
(1.53849331241752e-11,-2.83190790415936e-10,8.03734423068701e-10)
(1.68739197987922e-11,-5.18111737291216e-10,5.19339566507336e-10)
(0,0,0)
(0,0,0)
(0,0,0)
(0,0,0)
(0,0,0)
(0,0,0)
(0,0,0)
(0,0,0)
(0,0,0)
(0,0,0)
(0,0,0)
(0,0,0)
(0,0,0)
(0,0,0)
(0,0,0)
(0,0,0)
(0,0,0)
(0,0,0)
(0,0,0)
(0,0,0)
(0,0,0)
(0,0,0)
(0,0,0)
(0,0,0)
(0,0,0)
(0,0,0)
(0,0,0)
(0,0,0)
(0,0,0)
(0,0,0)
(0,0,0)
(0,0,0)
(0,0,0)
(0,0,0)
(0,0,0)
(0,0,0)
(0,0,0)
(0,0,0)
(0,0,0)
(0,0,0)
(0,0,0)
(0,0,0)
(0,0,0)
(0,0,0)
(0,0,0)
(0,0,0)
(0,0,0)
(0,0,0)
(0,0,0)
(0,0,0)
(0,0,0)
(0,0,0)
(0,0,0)
(0,0,0)
(0,0,0)
(0,0,0)
(0,0,0)
(0,0,0)
(0,0,0)
(0,0,0)
(0,0,0)
(0,0,0)
(0,0,0)
(0,0,0)
(0,0,0)
(0,0,0)
(0,0,0)
(0,0,0)
(0,0,0)
(0,0,0)
(0,0,0)
(0,0,0)
(0,0,0)
(0,0,0)
(0,0,0)
(0,0,0)
(0,0,0)
(0,0,0)
(0,0,0)
(0,0,0)
(0,0,0)
(0,0,0)
(0,0,0)
(0,0,0)
(0,0,0)
(0,0,0)
(0,0,0)
(0,0,0)
(0,0,0)
(0,0,0)
(0,0,0)
(0,0,0)
(0,0,0)
(0,0,0)
(0,0,0)
(0,0,0)
(0,0,0)
(0,0,0)
(0,0,0)
(0,0,0)
(0,0,0)
(0,0,0)
(8.18836667231539e-13,-2.0298405890997e-11,2.250483910771e-11)
(1.52811158939865e-12,-4.48240714776523e-11,2.17398141341445e-11)
(1.53879875534751e-12,-7.61770541754893e-11,1.96260523788579e-11)
(5.28436319744248e-13,-1.21737994174282e-10,1.66457509318673e-11)
(-3.46486537446533e-13,-1.91971081689499e-10,1.26440897868951e-11)
(-7.78893507810618e-13,-3.00005017383924e-10,7.61262841142142e-12)
(-1.82006570308448e-13,-4.70816729789712e-10,2.73695237110221e-12)
(-1.71069532655001e-13,-7.60709821203011e-10,1.11207787523447e-13)
(-2.9657434584366e-13,-1.31677103409987e-09,-3.08527082297394e-13)
(-2.16577368742053e-12,-2.59217118862332e-09,-8.1865324468108e-15)
(0,0,0)
(0,0,0)
(0,0,0)
(0,0,0)
(0,0,0)
(0,0,0)
(1.50475897617819e-12,-1.92305035656329e-11,4.76311339528807e-11)
(2.26057168833455e-12,-4.24303356585886e-11,4.56786666172346e-11)
(1.86244843862067e-12,-7.28397588459064e-11,4.1618940579183e-11)
(3.01026004905138e-13,-1.17627293407565e-10,3.59290327785823e-11)
(-1.05845964193385e-12,-1.8699499581095e-10,2.80062870325959e-11)
(-1.7215194512004e-12,-2.95487959848217e-10,1.8005849003905e-11)
(-1.17441254965061e-12,-4.6875182426072e-10,8.1571692557397e-12)
(5.70699224414708e-14,-7.61318209396521e-10,2.87491150979794e-12)
(1.7299413555211e-13,-1.31804403881926e-09,1.22359501340127e-12)
(-2.21388873466199e-12,-2.59327227330292e-09,9.83662236252852e-13)
(0,0,0)
(0,0,0)
(0,0,0)
(0,0,0)
(0,0,0)
(0,0,0)
(3.40444113002753e-13,-1.70094901056995e-11,8.17698347964003e-11)
(3.84711868886961e-13,-3.7943959148046e-11,7.90468512511158e-11)
(-7.1664675208329e-13,-6.64731274303604e-11,7.35247176624194e-11)
(-2.88127800806331e-12,-1.08949873255122e-10,6.50256905535237e-11)
(-4.09954218347987e-12,-1.76389253232599e-10,5.30135470840685e-11)
(-4.5201026974769e-12,-2.85842853158242e-10,3.73044193658668e-11)
(-2.87767402655401e-12,-4.64331177774947e-10,2.14944782537254e-11)
(4.28634562476737e-13,-7.61836620919259e-10,1.3559907257206e-11)
(1.67767967597456e-12,-1.31979319454104e-09,9.53697482363095e-12)
(2.53266533714442e-13,-2.59461857893522e-09,5.59480570654584e-12)
(0,0,0)
(0,0,0)
(0,0,0)
(0,0,0)
(0,0,0)
(0,0,0)
(-1.51702651686449e-12,-1.42994061513916e-11,1.2985355951452e-10)
(-3.07666552561806e-12,-3.19030998212637e-11,1.26940248893802e-10)
(-4.6169264769083e-12,-5.6626082257843e-11,1.21242800317482e-10)
(-7.20849519314763e-12,-9.50962944335953e-11,1.11753362195874e-10)
(-8.49231949386591e-12,-1.58412970757479e-10,9.77177027553092e-11)
(-8.03273448687753e-12,-2.67870199592882e-10,7.87937602640306e-11)
(-3.3928127633518e-12,-4.5475761700982e-10,5.77819638108875e-11)
(3.04534196354341e-12,-7.61410043916984e-10,4.43109383451035e-11)
(5.703342105333e-12,-1.32002673789733e-09,3.22880304665745e-11)
(5.84986482710559e-12,-2.59336577988484e-09,1.74981639289029e-11)
(0,0,0)
(0,0,0)
(0,0,0)
(0,0,0)
(0,0,0)
(0,0,0)
(-2.45891106706504e-12,-1.17300053850146e-11,1.99004523831819e-10)
(-5.24720101344672e-12,-2.58669282902215e-11,1.96617502781331e-10)
(-7.38770483637704e-12,-4.53122186311497e-11,1.91532458804998e-10)
(-1.02114483897048e-11,-7.79169117428057e-11,1.83082238176047e-10)
(-1.14329217354369e-11,-1.33998741616993e-10,1.70906264064626e-10)
(-9.36032329995543e-12,-2.38181905809489e-10,1.56611455367053e-10)
(2.36497645281369e-12,-4.3165682117492e-10,1.43555077708123e-10)
(8.96023328635799e-12,-7.54493284254488e-10,1.12141705181086e-10)
(1.16505431112884e-11,-1.31210234342152e-09,7.86108965603398e-11)
(1.23471128681632e-11,-2.5821690855644e-09,4.11856770479762e-11)
(0,0,0)
(0,0,0)
(0,0,0)
(0,0,0)
(0,0,0)
(0,0,0)
(-2.66755771083695e-12,-9.38876525026937e-12,3.03685221065296e-10)
(-5.3158018847512e-12,-2.04355090486354e-11,3.02014030221517e-10)
(-7.52275678165777e-12,-3.47639651261411e-11,2.97810209872465e-10)
(-9.53547377376095e-12,-6.08304472774543e-11,2.91491331929886e-10)
(-9.84720599322087e-12,-1.09514676632927e-10,2.82642351715392e-10)
(-6.23807623122391e-12,-2.09207745252699e-10,2.70859177951512e-10)
(5.53323208428753e-12,-4.12826909867602e-10,2.53163076004026e-10)
(1.37159032130723e-11,-7.33626022895075e-10,2.10439816595326e-10)
(1.70792943977483e-11,-1.28435289842971e-09,1.50932688095258e-10)
(1.8396377460337e-11,-2.54876154098684e-09,7.93328429329505e-11)
(0,0,0)
(0,0,0)
(0,0,0)
(0,0,0)
(0,0,0)
(0,0,0)
(-2.8030834952015e-12,-7.20973737244978e-12,4.68676783831978e-10)
(-3.9508626361916e-12,-1.5175451049174e-11,4.67429458328101e-10)
(-5.2546616553173e-12,-2.56226126285533e-11,4.65086860272311e-10)
(-5.72399652918e-12,-4.5930134776178e-11,4.61880247790504e-10)
(-3.04059655641911e-12,-8.68850062111792e-11,4.56670168538338e-10)
(4.24675501747419e-12,-1.76382265556184e-10,4.46273255185032e-10)
(8.44779014426175e-12,-3.78051944818143e-10,4.12788946253994e-10)
(1.49183408047333e-11,-6.84805255221507e-10,3.61424037127632e-10)
(1.90051015627811e-11,-1.22105732930114e-09,2.66584406946651e-10)
(2.07577072934132e-11,-2.47612593204428e-09,1.43449604890161e-10)
(0,0,0)
(0,0,0)
(0,0,0)
(0,0,0)
(0,0,0)
(0,0,0)
(-2.20580610153867e-12,-5.16140233393326e-12,7.5257544360131e-10)
(-2.40278560520778e-12,-1.08568911976432e-11,7.52129630743007e-10)
(-3.1816016789059e-12,-1.91757816741765e-11,7.51219441323603e-10)
(-3.28566416664876e-12,-3.6195304233778e-11,7.49069551680499e-10)
(1.27587711405422e-14,-7.41904532246669e-11,7.43672325451758e-10)
(6.08220371944901e-12,-1.57729073019756e-10,7.30465238899779e-10)
(1.07615146744834e-11,-3.28492580576748e-10,6.92921046518603e-10)
(1.548573743642e-11,-5.94275142374055e-10,6.08355136111037e-10)
(1.83690080796754e-11,-1.10224494576051e-09,4.6800511521391e-10)
(1.99365143839946e-11,-2.33655685081572e-09,2.65864877941738e-10)
(0,0,0)
(0,0,0)
(0,0,0)
(0,0,0)
(0,0,0)
(0,0,0)
(-2.08822644834363e-12,-3.06580173394762e-12,1.30516131410217e-09)
(-2.2220669901195e-12,-7.00607399806256e-12,1.3050148293241e-09)
(-2.18572810213105e-12,-1.35481235548335e-11,1.30406611530691e-09)
(-2.23272415641372e-12,-2.71975249463393e-11,1.30089319000174e-09)
(1.25452156789657e-12,-5.77436999614727e-11,1.2915886886202e-09)
(6.92480417119805e-12,-1.21774716088678e-10,1.26893084705761e-09)
(1.14705162143862e-11,-2.44989666647369e-10,1.21587534954323e-09)
(1.52588371846945e-11,-4.56083743818447e-10,1.10440213527347e-09)
(1.71927699863891e-11,-9.02462445866643e-10,9.06546934800277e-10)
(1.89148544318036e-11,-2.072543439916e-09,5.66263095873195e-10)
(0,0,0)
(0,0,0)
(0,0,0)
(0,0,0)
(0,0,0)
(0,0,0)
(-1.70897947128472e-12,-1.30230072682587e-12,2.57709834785461e-09)
(-1.8227226096204e-12,-3.54105072022409e-12,2.57748267137753e-09)
(-1.25387861736318e-12,-7.37205627488968e-12,2.57623513800522e-09)
(-1.01726050558695e-12,-1.51357763704765e-11,2.57162748957149e-09)
(2.37276362720792e-12,-3.20233636373185e-11,2.55899085722174e-09)
(7.57642751353193e-12,-6.67204755229517e-11,2.52961352719088e-09)
(1.09513159036441e-11,-1.33364653095897e-10,2.46533545751029e-09)
(1.51126616209207e-11,-2.59351649205696e-10,2.33272772089881e-09)
(1.65889992696033e-11,-5.63681778171991e-10,2.07316939233566e-09)
(1.81017490149489e-11,-1.50738629677638e-09,1.50865975212404e-09)
(0,0,0)
(0,0,0)
(0,0,0)
(0,0,0)
(0,0,0)
(0,0,0)
(0,0,0)
(0,0,0)
(0,0,0)
(0,0,0)
(0,0,0)
(0,0,0)
(0,0,0)
(0,0,0)
(0,0,0)
(0,0,0)
(0,0,0)
(0,0,0)
(0,0,0)
(0,0,0)
(0,0,0)
(0,0,0)
(0,0,0)
(0,0,0)
(0,0,0)
(0,0,0)
(0,0,0)
(0,0,0)
(0,0,0)
(0,0,0)
(0,0,0)
(0,0,0)
(0,0,0)
(0,0,0)
(0,0,0)
(0,0,0)
(0,0,0)
(0,0,0)
(0,0,0)
(0,0,0)
(0,0,0)
(0,0,0)
(0,0,0)
(0,0,0)
(0,0,0)
(0,0,0)
(0,0,0)
(0,0,0)
(0,0,0)
(0,0,0)
(0,0,0)
(0,0,0)
(0,0,0)
(0,0,0)
(0,0,0)
(0,0,0)
(0,0,0)
(0,0,0)
(0,0,0)
(0,0,0)
(0,0,0)
(0,0,0)
(0,0,0)
(0,0,0)
(0,0,0)
(0,0,0)
(0,0,0)
(0,0,0)
(0,0,0)
(0,0,0)
(0,0,0)
(0,0,0)
(0,0,0)
(0,0,0)
(0,0,0)
(0,0,0)
(0,0,0)
(0,0,0)
(0,0,0)
(0,0,0)
(0,0,0)
(0,0,0)
(0,0,0)
(0,0,0)
(0,0,0)
(0,0,0)
(0,0,0)
(0,0,0)
(0,0,0)
(0,0,0)
(0,0,0)
(0,0,0)
(0,0,0)
(0,0,0)
(0,0,0)
(0,0,0)
(0,0,0)
(0,0,0)
(0,0,0)
(0,0,0)
(0,0,0)
(0,0,0)
(5.15959315583751e-13,-2.76215542211767e-11,3.09662923349851e-11)
(1.24813752496754e-12,-5.96930963108611e-11,2.97577294233062e-11)
(1.18180487311081e-12,-1.00779220508912e-10,2.67811078002275e-11)
(4.1939669839348e-13,-1.59250032216374e-10,2.22374650784447e-11)
(-2.9111104077881e-13,-2.44838386233907e-10,1.57756548458399e-11)
(-4.20275002970458e-13,-3.70945230653185e-10,7.22084849646201e-12)
(3.78832483801669e-13,-5.54686824786997e-10,-9.3142719681092e-13)
(8.57053530878209e-13,-8.20851820870361e-10,-4.12514661874458e-12)
(6.76089823517484e-13,-1.201706435409e-09,-3.17890901648578e-12)
(-1.07287554014092e-12,-1.66474573512038e-09,-1.26739526582813e-12)
(0,0,0)
(0,0,0)
(0,0,0)
(0,0,0)
(0,0,0)
(0,0,0)
(1.23621285188403e-12,-2.67638184543642e-11,6.48405626227109e-11)
(1.83392121563656e-12,-5.68224735514777e-11,6.21246639618327e-11)
(1.18572482335514e-12,-9.5843072797302e-11,5.65099182408787e-11)
(-4.53648401358286e-13,-1.52537851728685e-10,4.75838861957027e-11)
(-1.66376419121532e-12,-2.36737858855827e-10,3.37869698226498e-11)
(-1.51794639313766e-12,-3.64061664459865e-10,1.54505799323767e-11)
(-3.1280129049781e-13,-5.53186377506226e-10,-2.74726848982475e-12)
(2.22679794302034e-12,-8.23846299483055e-10,-7.82051629377161e-12)
(2.16208263404224e-12,-1.20550381884917e-09,-5.12619173033063e-12)
(1.16079134058978e-13,-1.66826116137031e-09,-1.80143641105562e-12)
(0,0,0)
(0,0,0)
(0,0,0)
(0,0,0)
(0,0,0)
(0,0,0)
(3.53343703635013e-13,-2.39033936180803e-11,1.09668728114865e-10)
(-1.34013868471034e-13,-5.06822096719181e-11,1.06059197017643e-10)
(-2.06466481579429e-12,-8.603800448299e-11,9.85524748348183e-11)
(-4.72271336025515e-12,-1.38273180141622e-10,8.51777235957888e-11)
(-6.36669694049111e-12,-2.18900071005793e-10,6.34348294028158e-11)
(-6.68281515112185e-12,-3.47905627647968e-10,3.20448707733419e-11)
(-4.51666379422798e-12,-5.51351325905016e-10,-2.87996549365719e-12)
(4.02498999348244e-12,-8.31824649992069e-10,-6.67416663741684e-12)
(5.8533921494313e-12,-1.21336169457461e-09,-8.87678182974827e-13)
(4.59527318966358e-12,-1.67450970629972e-09,1.5604758330392e-12)
(0,0,0)
(0,0,0)
(0,0,0)
(0,0,0)
(0,0,0)
(0,0,0)
(-1.17311666316355e-12,-1.99950645737944e-11,1.71719681256396e-10)
(-3.41538847973248e-12,-4.23154685481178e-11,1.67562537602397e-10)
(-6.44135198224464e-12,-7.15455729608584e-11,1.58951300566649e-10)
(-1.03522184436303e-11,-1.15853757111424e-10,1.43412279907112e-10)
(-1.39826061427151e-11,-1.87174275296406e-10,1.17912176970498e-10)
(-1.67092318168429e-11,-3.13010605535723e-10,7.75620747937575e-11)
(-1.30225831327944e-11,-5.4458970702269e-10,2.24904011184804e-11)
(8.1514901792258e-12,-8.46978032030282e-10,2.12784795424039e-11)
(1.25688141674734e-11,-1.22439850313522e-09,2.32518698538428e-11)
(1.21513344355589e-11,-1.68012646615672e-09,1.5031971352169e-11)
(0,0,0)
(0,0,0)
(0,0,0)
(0,0,0)
(0,0,0)
(0,0,0)
(-2.41313015106149e-12,-1.60565817589528e-11,2.56897672864598e-10)
(-5.59357627884335e-12,-3.3147517335117e-11,2.53018863088218e-10)
(-9.48573771249394e-12,-5.4353826291508e-11,2.44859556372084e-10)
(-1.51219387437992e-11,-8.77301219174862e-11,2.31190962488582e-10)
(-2.16221780211215e-11,-1.41273220167889e-10,2.10579712063407e-10)
(-2.52781061984685e-11,-2.42911219695226e-10,1.86735260522528e-10)
(1.494843767238e-11,-4.79709419531084e-10,2.02837827409711e-10)
(2.16237805473248e-11,-8.62542783634577e-10,1.32116001513652e-10)
(2.13263176329955e-11,-1.22970265070791e-09,8.93827126244155e-11)
(2.01252453381546e-11,-1.67491378563498e-09,4.67848533007222e-11)
(0,0,0)
(0,0,0)
(0,0,0)
(0,0,0)
(0,0,0)
(0,0,0)
(-3.17539474493223e-12,-1.24145124454699e-11,3.77890449746154e-10)
(-6.37203953487686e-12,-2.43250967132303e-11,3.74658081753243e-10)
(-1.03452313369702e-11,-3.76955330731139e-11,3.68345219070094e-10)
(-1.55868060600463e-11,-5.9932409221829e-11,3.59524378664284e-10)
(-2.06937026515551e-11,-9.7704560029357e-11,3.47149432982116e-10)
(-2.13674539801821e-11,-1.89849310291622e-10,3.32461780719599e-10)
(1.3481526443646e-11,-4.85209090409246e-10,3.40604538315128e-10)
(2.44022640390547e-11,-8.52032877431091e-10,2.6877690408454e-10)
(2.53835704319275e-11,-1.20418465824193e-09,1.85872860208274e-10)
(2.50936114507723e-11,-1.63914709671165e-09,9.54522050373954e-11)
(0,0,0)
(0,0,0)
(0,0,0)
(0,0,0)
(0,0,0)
(0,0,0)
(-3.60409302965772e-12,-9.02079372941512e-12,5.5170878261909e-10)
(-5.92682443167833e-12,-1.67084038375799e-11,5.49576754713849e-10)
(-8.49488012829522e-12,-2.44394386651512e-11,5.46719734495766e-10)
(-1.02487478188845e-11,-3.707838687516e-11,5.45020935008242e-10)
(-5.338236189643e-12,-5.70189784536197e-11,5.47030817004816e-10)
(1.90778714119097e-11,-1.1349818800352e-10,5.56099214681407e-10)
(1.02533350295304e-11,-4.47247063998611e-10,4.89973304012852e-10)
(1.92278581377102e-11,-7.97148480998006e-10,4.69249194705982e-10)
(2.33275200788666e-11,-1.12821124546565e-09,3.25308879509623e-10)
(2.46382309550535e-11,-1.55233549167722e-09,1.67071459463706e-10)
(0,0,0)
(0,0,0)
(0,0,0)
(0,0,0)
(0,0,0)
(0,0,0)
(-3.85559384303753e-12,-6.38162852137393e-12,8.08557061477703e-10)
(-5.3434133855018e-12,-1.18286545829911e-11,8.07146460942055e-10)
(-6.65937015563341e-12,-1.78778622709689e-11,8.06089151221885e-10)
(-6.88621722454251e-12,-2.99717775892385e-11,8.06380471923195e-10)
(-3.22690794028499e-12,-5.95856844391986e-11,8.09647440599022e-10)
(7.67203916933493e-12,-1.47718346470062e-10,8.16279748729035e-10)
(1.18245111531304e-11,-4.06543744279321e-10,7.99405815470188e-10)
(1.76443597771163e-11,-6.59731230465195e-10,6.80266769204805e-10)
(2.07267454580334e-11,-9.76096761398533e-10,4.95752716738507e-10)
(2.17879814263066e-11,-1.38959269470953e-09,2.67320271390676e-10)
(0,0,0)
(0,0,0)
(0,0,0)
(0,0,0)
(0,0,0)
(0,0,0)
(-3.70524267779006e-12,-3.6546633751242e-12,1.1830761229733e-09)
(-4.73837625062334e-12,-7.82334316267009e-12,1.18221318042453e-09)
(-5.18887007677082e-12,-1.31789711189944e-11,1.18119591264335e-09)
(-4.98997135071556e-12,-2.50902997639938e-11,1.17967471109223e-09)
(-1.80797319305789e-12,-5.54473988689002e-11,1.17514669233082e-09)
(4.92606111966988e-12,-1.30048885878814e-10,1.16047926921959e-09)
(1.13187169324532e-11,-2.87007161930139e-10,1.11073120323887e-09)
(1.6381943044916e-11,-4.77900371240565e-10,9.75282017223664e-10)
(1.8695941219133e-11,-7.50142549107163e-10,7.5451260524472e-10)
(2.00208071650903e-11,-1.12434879128946e-09,4.3307991758104e-10)
(0,0,0)
(0,0,0)
(0,0,0)
(0,0,0)
(0,0,0)
(0,0,0)
(-3.39560372139776e-12,-1.40014995632385e-12,1.64323306183227e-09)
(-4.11623995799005e-12,-4.03666293135933e-12,1.64322975923791e-09)
(-4.01828645817508e-12,-7.52918324773448e-12,1.64186398782254e-09)
(-3.51640452688591e-12,-1.50241425768853e-11,1.63796217214432e-09)
(-2.73269978712869e-13,-3.31467142746173e-11,1.62677914562408e-09)
(5.13402167078868e-12,-7.37342967789579e-11,1.59837686475956e-09)
(1.01943994197628e-11,-1.5016435107286e-10,1.52901999993064e-09)
(1.53193409776101e-11,-2.57899978678927e-10,1.38027026815501e-09)
(1.74168613094739e-11,-4.29865234289853e-10,1.12254565459547e-09)
(1.93752043628151e-11,-6.9222606738416e-10,6.92449650111074e-10)
(0,0,0)
(0,0,0)
(0,0,0)
(0,0,0)
(0,0,0)
(0,0,0)
(0,0,0)
(0,0,0)
(0,0,0)
(0,0,0)
(0,0,0)
(0,0,0)
(0,0,0)
(0,0,0)
(0,0,0)
(0,0,0)
(0,0,0)
(0,0,0)
(0,0,0)
(0,0,0)
(0,0,0)
(0,0,0)
(0,0,0)
(0,0,0)
(0,0,0)
(0,0,0)
(0,0,0)
(0,0,0)
(0,0,0)
(0,0,0)
(0,0,0)
(0,0,0)
(0,0,0)
(0,0,0)
(0,0,0)
(0,0,0)
(0,0,0)
(0,0,0)
(0,0,0)
(0,0,0)
(0,0,0)
(0,0,0)
(0,0,0)
(0,0,0)
(0,0,0)
(0,0,0)
(0,0,0)
(0,0,0)
(0,0,0)
(0,0,0)
(0,0,0)
(0,0,0)
(0,0,0)
(0,0,0)
(0,0,0)
(0,0,0)
(0,0,0)
(0,0,0)
(0,0,0)
(0,0,0)
(0,0,0)
(0,0,0)
(0,0,0)
(0,0,0)
(0,0,0)
(0,0,0)
(0,0,0)
(0,0,0)
(0,0,0)
(0,0,0)
(0,0,0)
(0,0,0)
(0,0,0)
(0,0,0)
(0,0,0)
(0,0,0)
(0,0,0)
(0,0,0)
(0,0,0)
(0,0,0)
(0,0,0)
(0,0,0)
(0,0,0)
(0,0,0)
(0,0,0)
(0,0,0)
(0,0,0)
(0,0,0)
(0,0,0)
(0,0,0)
(0,0,0)
(0,0,0)
(0,0,0)
(0,0,0)
(0,0,0)
(0,0,0)
(0,0,0)
(0,0,0)
(0,0,0)
(0,0,0)
(0,0,0)
(0,0,0)
(8.66786460450966e-13,-3.17312612724226e-11,3.53672906360444e-11)
(1.35413638865175e-12,-6.76315954220967e-11,3.41145572141178e-11)
(7.89299883279728e-13,-1.14016484268332e-10,3.05007054241852e-11)
(1.69026443321758e-13,-1.77310010115164e-10,2.40283017566629e-11)
(1.63167930533395e-13,-2.66032411916954e-10,1.45863698355328e-11)
(8.48434496950127e-13,-3.90151231354742e-10,2.23877808712929e-12)
(2.07210462497484e-12,-5.57666122315541e-10,-9.4878589180427e-12)
(2.90529454132535e-12,-7.65236623732069e-10,-1.22595158560576e-11)
(2.5619595129537e-12,-9.99601857240791e-10,-8.67384066928839e-12)
(1.17515544410462e-12,-1.1983871090906e-09,-4.04820462673994e-12)
(0,0,0)
(0,0,0)
(0,0,0)
(0,0,0)
(0,0,0)
(0,0,0)
(1.09168667648344e-12,-3.04069005634012e-11,7.3794697841573e-11)
(1.30840305703359e-12,-6.41032216821004e-11,7.0886591844083e-11)
(3.06688554210401e-13,-1.07625010035788e-10,6.41045280125335e-11)
(-9.21403615348374e-13,-1.68010597518377e-10,5.17742030311887e-11)
(-1.16516215098363e-12,-2.54356047300089e-10,3.16137011039723e-11)
(5.23865217177291e-13,-3.80255216539509e-10,2.17053347177547e-12)
(2.92539491219009e-12,-5.58226951271746e-10,-3.03666490684391e-11)
(7.51082388868548e-12,-7.72253478053739e-10,-3.1508477285675e-11)
(6.69520304014378e-12,-1.00680922014661e-09,-1.91074163819524e-11)
(4.56318765255104e-12,-1.20450419035556e-09,-8.07530643465953e-12)
(0,0,0)
(0,0,0)
(0,0,0)
(0,0,0)
(0,0,0)
(0,0,0)
(5.45457565657756e-14,-2.70857864744515e-11,1.23523612772345e-10)
(-9.94032809456038e-13,-5.70272010166436e-11,1.19537983616066e-10)
(-3.18234509887588e-12,-9.50444600604166e-11,1.10240198490861e-10)
(-5.39924219748008e-12,-1.48151319523141e-10,9.19723967613528e-11)
(-6.70253402041101e-12,-2.27057551249208e-10,5.94788236815982e-11)
(-6.65300099639278e-12,-3.53647474639858e-10,2.78041872757641e-12)
(-7.48408153275807e-12,-5.67908691869766e-10,-8.39059448770904e-11)
(1.33918835772141e-11,-7.94717739886649e-10,-6.38473742306619e-11)
(1.44420466939653e-11,-1.0244201486239e-09,-2.88747402038812e-11)
(1.17725088798732e-11,-1.21721289184739e-09,-9.15612141820265e-12)
(0,0,0)
(0,0,0)
(0,0,0)
(0,0,0)
(0,0,0)
(0,0,0)
(-9.54455823980062e-13,-2.27665918735145e-11,1.90837735844447e-10)
(-3.97210265698795e-12,-4.73466264136511e-11,1.86324627447913e-10)
(-8.09407799205442e-12,-7.66057390912609e-11,1.75475486979505e-10)
(-1.2975750700981e-11,-1.16635054320755e-10,1.53784905239304e-10)
(-1.95335590944531e-11,-1.75440274760942e-10,1.13299465464082e-10)
(-3.17369439820909e-11,-2.84161666788777e-10,2.65032118373526e-11)
(-7.6690949048311e-11,-6.2185030947333e-10,-2.22359933276859e-10)
(2.1742851472032e-11,-8.57250397117351e-10,-8.93503675555376e-11)
(2.60928602418639e-11,-1.05793489538153e-09,-1.83547227297633e-11)
(2.19706252659913e-11,-1.23472694357772e-09,1.55873319259774e-12)
(0,0,0)
(0,0,0)
(0,0,0)
(0,0,0)
(0,0,0)
(0,0,0)
(-2.17638968817577e-12,-1.79300977464438e-11,2.81494986887524e-10)
(-6.25669018458067e-12,-3.59844983499432e-11,2.76966593664653e-10)
(-1.24754370473927e-11,-5.45523767434536e-11,2.66288389418241e-10)
(-2.23084010142819e-11,-7.7113481967142e-11,2.45990769047252e-10)
(-4.13463866187381e-11,-9.82823236094315e-11,2.09559682101103e-10)
(-9.44425824893203e-11,-9.28932789931903e-11,1.39235450201897e-10)
(9.11699344466795e-11,-1.20030058221124e-09,-3.97758153721611e-17)
(5.3847163232962e-11,-1.01314693181629e-09,9.64511641939005e-11)
(3.84061844907227e-11,-1.10251847565709e-09,6.91057446683e-11)
(3.11434097156665e-11,-1.2444055954217e-09,3.91836392546908e-11)
(0,0,0)
(0,0,0)
(0,0,0)
(0,0,0)
(0,0,0)
(0,0,0)
(-3.33674546803946e-12,-1.31328463675704e-11,4.0021729409158e-10)
(-7.67586972741259e-12,-2.44174867149469e-11,3.96027888762859e-10)
(-1.4780485339086e-11,-3.26943298357018e-11,3.87658228445979e-10)
(-2.60658827245567e-11,-3.86528587653274e-11,3.74088884158526e-10)
(-4.66916319647933e-11,-2.95239765634779e-11,3.50735732125628e-10)
(-1.05861333863821e-10,1.01403812569713e-11,2.92026372381914e-10)
(4.73471342636177e-11,-1.20558174892014e-09,-5.0667884889278e-16)
(5.242191148232e-11,-1.03020766216318e-09,2.72170596158625e-10)
(3.9830812826475e-11,-1.09025463099631e-09,1.8466923951119e-10)
(3.37342114535713e-11,-1.21417831407846e-09,9.39800538260068e-11)
(0,0,0)
(0,0,0)
(0,0,0)
(0,0,0)
(0,0,0)
(0,0,0)
(-4.11123033246791e-12,-8.50655092532975e-12,5.53602163420244e-10)
(-7.94955346819902e-12,-1.43155816011041e-11,5.50427459559446e-10)
(-1.33576570349314e-11,-1.49801586405729e-11,5.46283740850838e-10)
(-1.93652391013611e-11,-5.60948152603382e-12,5.4581002355045e-10)
(-1.1839927880772e-11,5.29522300602239e-11,5.6608174065579e-10)
(1.19423940547031e-10,3.36473866138104e-10,7.05145861901758e-10)
(-9.72587538280287e-12,-1.43040571543576e-09,1.56061613906108e-09)
(2.57509228012111e-11,-1.01212696829515e-09,6.88750643083487e-10)
(2.94504560576873e-11,-1.0162816575561e-09,3.65888305373698e-10)
(2.89668934510746e-11,-1.12624717029302e-09,1.70211279041683e-10)
(0,0,0)
(0,0,0)
(0,0,0)
(0,0,0)
(0,0,0)
(0,0,0)
(-5.17195845361269e-12,-4.85390666758163e-12,7.47951371325398e-10)
(-8.29141508571529e-12,-8.00635439253245e-12,7.46151822317208e-10)
(-1.16495820088469e-11,-8.18080580820825e-12,7.44847597561462e-10)
(-1.50346637256753e-11,-4.52051953709095e-12,7.48528011095937e-10)
(-1.39975016406098e-11,6.86377122848912e-12,7.68973007104617e-10)
(6.87651183680221e-12,-1.73398147600229e-11,8.4094776719389e-10)
(1.14269750694425e-11,-5.6826617444333e-10,1.00526030561594e-09)
(2.03275530188032e-11,-7.06562606695316e-10,7.33629209847047e-10)
(2.32049785146053e-11,-8.25583369773617e-10,4.77206737731127e-10)
(2.38643493968741e-11,-9.57820814742029e-10,2.40281084003725e-10)
(0,0,0)
(0,0,0)
(0,0,0)
(0,0,0)
(0,0,0)
(0,0,0)
(-5.09681354788963e-12,-2.486907079765e-12,9.73245811716649e-10)
(-7.50778870069512e-12,-4.85193079398784e-12,9.72485798489805e-10)
(-9.31745639683571e-12,-7.10878087650866e-12,9.71980882615933e-10)
(-1.05281097764777e-11,-1.14278419432373e-11,9.73019983115805e-10)
(-9.44123467614569e-12,-2.68889283197489e-11,9.78328772206266e-10)
(-1.64046199945611e-12,-9.25636798153056e-11,9.89370962025205e-10)
(9.9250920903569e-12,-3.10025588681071e-10,9.81295467760427e-10)
(1.71509624622782e-11,-4.55313311948491e-10,8.20279858868982e-10)
(1.98513140654442e-11,-5.9021138719775e-10,5.93487929394777e-10)
(2.09780008406881e-11,-7.18306590725433e-10,3.18221396631733e-10)
(0,0,0)
(0,0,0)
(0,0,0)
(0,0,0)
(0,0,0)
(0,0,0)
(-4.79245108336623e-12,-9.084060788342e-13,1.16885688152321e-09)
(-6.78713147398128e-12,-2.55352223577908e-12,1.16876954789509e-09)
(-7.64565402768768e-12,-4.86121341425968e-12,1.16787228872629e-09)
(-7.35752058353349e-12,-9.70090283922002e-12,1.16563080684384e-09)
(-5.0177033887951e-12,-2.34800093666922e-11,1.16014419172004e-09)
(7.56589720761463e-13,-6.28125349230897e-11,1.14334464202002e-09)
(8.77978012257455e-12,-1.47769072720631e-10,1.08797825334042e-09)
(1.51439758582699e-11,-2.29040954341265e-10,9.422272652662e-10)
(1.7647631503797e-11,-3.15114131863599e-10,7.13762238994006e-10)
(1.95987870898958e-11,-3.99891618606408e-10,3.99042127456913e-10)
(0,0,0)
(0,0,0)
(0,0,0)
(0,0,0)
(0,0,0)
(0,0,0)
(0,0,0)
(0,0,0)
(0,0,0)
(0,0,0)
(0,0,0)
(0,0,0)
(0,0,0)
(0,0,0)
(0,0,0)
(0,0,0)
(0,0,0)
(0,0,0)
(0,0,0)
(0,0,0)
(0,0,0)
(0,0,0)
(0,0,0)
(0,0,0)
(0,0,0)
(0,0,0)
(0,0,0)
(0,0,0)
(0,0,0)
(0,0,0)
(0,0,0)
(0,0,0)
(0,0,0)
(0,0,0)
(0,0,0)
(0,0,0)
(0,0,0)
(0,0,0)
(0,0,0)
(0,0,0)
(0,0,0)
(0,0,0)
(0,0,0)
(0,0,0)
(0,0,0)
(0,0,0)
(0,0,0)
(0,0,0)
(0,0,0)
(0,0,0)
(0,0,0)
(0,0,0)
(0,0,0)
(0,0,0)
(0,0,0)
(0,0,0)
(0,0,0)
(0,0,0)
(0,0,0)
(0,0,0)
(0,0,0)
(0,0,0)
(0,0,0)
(0,0,0)
(0,0,0)
(0,0,0)
(0,0,0)
(0,0,0)
(0,0,0)
(0,0,0)
(0,0,0)
(0,0,0)
(0,0,0)
(0,0,0)
(0,0,0)
(0,0,0)
(0,0,0)
(0,0,0)
(0,0,0)
(0,0,0)
(0,0,0)
(0,0,0)
(0,0,0)
(0,0,0)
(0,0,0)
(0,0,0)
(0,0,0)
(0,0,0)
(0,0,0)
(0,0,0)
(0,0,0)
(0,0,0)
(0,0,0)
(0,0,0)
(0,0,0)
(0,0,0)
(0,0,0)
(0,0,0)
(0,0,0)
(0,0,0)
(0,0,0)
(0,0,0)
(7.95159173365501e-13,-3.34622018365915e-11,3.66627045889478e-11)
(1.43961443860016e-12,-7.19748086477284e-11,3.5091394241505e-11)
(8.70229318245633e-13,-1.20063936934111e-10,3.14943820103108e-11)
(3.11545767676257e-13,-1.81723030255626e-10,2.46328669707397e-11)
(8.3439506205378e-13,-2.64964356146023e-10,1.31763916235878e-11)
(2.67905668691327e-12,-3.76711884384702e-10,-2.78240799291586e-12)
(5.40459051921255e-12,-5.19100770997986e-10,-1.89450089666871e-11)
(6.33647367617344e-12,-6.74476616096834e-10,-2.13879999945546e-11)
(5.14368637624346e-12,-8.22167689058601e-10,-1.45768752881172e-11)
(3.24403208230366e-12,-9.23951758578416e-10,-6.70498006944047e-12)
(0,0,0)
(0,0,0)
(0,0,0)
(0,0,0)
(0,0,0)
(0,0,0)
(6.78678585037546e-13,-3.15510306900275e-11,7.78655072844913e-11)
(1.01444622313072e-12,-6.76572242242745e-11,7.46427877600729e-11)
(5.64635601832347e-14,-1.12524343217818e-10,6.7520404683581e-11)
(-6.20179683391299e-13,-1.70472420030235e-10,5.40443465630901e-11)
(9.79509430343598e-13,-2.49906539257782e-10,2.96194768098121e-11)
(6.45330585776042e-12,-3.62013286400248e-10,-9.70506163790817e-12)
(1.37489637274487e-11,-5.19216577997594e-10,-6.08631050924525e-11)
(1.7574024817845e-11,-6.83336001037251e-10,-5.91230487249763e-11)
(1.32740215701276e-11,-8.31440916912231e-10,-3.45621044803486e-11)
(9.19658270969221e-12,-9.31826530620049e-10,-1.42996204026499e-11)
(0,0,0)
(0,0,0)
(0,0,0)
(0,0,0)
(0,0,0)
(0,0,0)
(-2.79019688115049e-13,-2.79630607972963e-11,1.30514463031601e-10)
(-1.37682228722532e-12,-5.96248197642184e-11,1.26283340707745e-10)
(-3.35326433851058e-12,-9.78912682253317e-11,1.157944108607e-10)
(-4.42193432014143e-12,-1.46054949970828e-10,9.50041296985397e-11)
(-1.62140555467002e-12,-2.11988668088371e-10,5.65021778174851e-11)
(1.05475547571978e-11,-3.13892964991511e-10,-1.74775984028147e-11)
(2.63989654244403e-11,-5.29144833005846e-10,-1.87977938363268e-10)
(4.09519067811208e-11,-7.13533974527681e-10,-1.46062933335356e-10)
(2.82381746658956e-11,-8.55339672717794e-10,-6.464940438358e-11)
(2.01304391921009e-11,-9.49012255145553e-10,-2.15442235494695e-11)
(0,0,0)
(0,0,0)
(0,0,0)
(0,0,0)
(0,0,0)
(0,0,0)
(-1.27784155451417e-12,-2.34070155557267e-11,1.97705290679269e-10)
(-4.4850902522621e-12,-4.86601516245711e-11,1.92834478562149e-10)
(-8.45685859967197e-12,-7.64618633257251e-11,1.80383579065274e-10)
(-1.20118832793735e-11,-1.07821286904848e-10,1.5590969865715e-10)
(-9.89525661923523e-12,-1.39627347808134e-10,1.13903119792613e-10)
(2.5857813336541e-11,-1.46739655429484e-10,4.90327197590703e-11)
(3.68749757968304e-10,-6.00157956296867e-10,1.51716246782156e-16)
(1.06643741345188e-10,-8.07657321422234e-10,-3.51443923217638e-10)
(5.07629845950512e-11,-9.04165351528813e-10,-8.80643154810491e-11)
(3.32080103023429e-11,-9.74255623130723e-10,-1.82498574626296e-11)
(0,0,0)
(0,0,0)
(0,0,0)
(0,0,0)
(0,0,0)
(0,0,0)
(-2.44524784419475e-12,-1.79827724030188e-11,2.84065029047296e-10)
(-7.1454975731382e-12,-3.60118497717551e-11,2.79005067549802e-10)
(-1.40358635841822e-11,-5.22473698933823e-11,2.66113683258309e-10)
(-2.43379372699321e-11,-6.6937683159051e-11,2.41293659355884e-10)
(-3.97805017654763e-11,-7.45176814016727e-11,1.97003927477567e-10)
(-5.82407527617784e-11,-7.00624360633769e-11,1.19101434651885e-10)
(-1.02814141199136e-16,6.27412597150479e-16,-2.54556167703883e-17)
(9.82533131054735e-11,-1.08749621493078e-09,5.17498268512339e-17)
(5.60644452435437e-11,-9.78919975946854e-10,2.22075560225714e-11)
(4.00997676272377e-11,-9.94744708112362e-10,2.21924356456717e-11)
(0,0,0)
(0,0,0)
(0,0,0)
(0,0,0)
(0,0,0)
(0,0,0)
(-3.77363558155361e-12,-1.23611579785923e-11,3.90688262743112e-10)
(-9.40811452436983e-12,-2.28265931655349e-11,3.85687946547651e-10)
(-1.89253122467378e-11,-2.79406786294563e-11,3.74420026343008e-10)
(-3.57561079309702e-11,-2.60900253706604e-11,3.53626034604671e-10)
(-7.04584788447929e-11,-6.9993511576599e-12,3.12955419109622e-10)
(-1.40167939684166e-10,2.72525894620654e-11,2.20496982861878e-10)
(-2.05823726657954e-18,4.74913132876723e-16,-4.65476657142445e-17)
(1.21842574261686e-10,-1.07940108936349e-09,-2.31378786676065e-16)
(5.65470250715078e-11,-9.72373729740057e-10,1.21293618466258e-10)
(3.9783121494164e-11,-9.70379177381789e-10,7.56396680664729e-11)
(0,0,0)
(0,0,0)
(0,0,0)
(0,0,0)
(0,0,0)
(0,0,0)
(-4.58917072940596e-12,-7.39269747942273e-12,5.16276510245956e-10)
(-1.0115061968187e-11,-1.18994347821438e-11,5.1177140770695e-10)
(-1.96832925668878e-11,-8.58150015819566e-12,5.04140902533156e-10)
(-4.07259181956639e-11,9.11078664997307e-12,4.94023455261226e-10)
(-1.04815590295019e-10,6.58843180546565e-11,4.76382005494198e-10)
(-3.82232655714126e-10,1.86188411066859e-10,4.1323015548374e-10)
(7.96023965516603e-17,6.53512310156701e-16,-8.07058559817957e-16)
(4.30488989111076e-11,-1.14886207952793e-09,7.28702818292589e-10)
(3.4429194607248e-11,-9.13570025864358e-10,3.49862381587058e-10)
(3.07518169416146e-11,-8.89375142351274e-10,1.55522281488334e-10)
(0,0,0)
(0,0,0)
(0,0,0)
(0,0,0)
(0,0,0)
(0,0,0)
(-5.73940903331758e-12,-3.40130238168717e-12,6.55837036981034e-10)
(-1.01416139284544e-11,-4.82574613188501e-12,6.52995131843741e-10)
(-1.64020204750297e-11,2.30323889491352e-13,6.4984694734963e-10)
(-2.85723373281961e-11,2.140320716166e-11,6.51013845636229e-10)
(-5.22195621816583e-11,9.52506884054644e-11,6.69682712440246e-10)
(-8.22121615300244e-11,3.58636130501022e-10,7.59864535698762e-10)
(2.48174850761527e-11,-7.28702921551713e-10,1.17591068697964e-09)
(2.55007303878772e-11,-7.18629597338954e-10,7.29900647663156e-10)
(2.47586496661412e-11,-7.05726918154711e-10,4.33106419929106e-10)
(2.46312093840127e-11,-7.28224577217882e-10,2.07057373158132e-10)
(0,0,0)
(0,0,0)
(0,0,0)
(0,0,0)
(0,0,0)
(0,0,0)
(-5.9153013219867e-12,-1.16136739829116e-12,7.93427206437128e-10)
(-9.30128138503665e-12,-2.09221896133465e-12,7.91819690426937e-10)
(-1.2604124358925e-11,-1.02012246705783e-12,7.9052197007279e-10)
(-1.75638379709847e-11,4.56327480519288e-12,7.91911337842874e-10)
(-2.38923434481262e-11,1.32466082052171e-11,8.01768464429384e-10)
(-2.33161126269278e-11,-9.50158980577475e-12,8.30176840942627e-10)
(8.68418502139549e-12,-3.10208052341405e-10,8.73357116017311e-10)
(1.76705343292603e-11,-4.17565193938898e-10,6.95098627153868e-10)
(2.00205914942983e-11,-4.75389301708118e-10,4.75731886895358e-10)
(2.07844253534595e-11,-5.18107561343796e-10,2.43428908972601e-10)
(0,0,0)
(0,0,0)
(0,0,0)
(0,0,0)
(0,0,0)
(0,0,0)
(-5.61352353407999e-12,-1.49980830473206e-13,8.89331753715855e-10)
(-8.44339454096362e-12,-9.76763280131977e-13,8.88818362274e-10)
(-1.02653855594989e-11,-1.93465061793628e-12,8.87989153681018e-10)
(-1.15718082989451e-11,-3.08158887455073e-12,8.86971063252843e-10)
(-1.1698163055467e-11,-9.64399515819631e-12,8.8590905419472e-10)
(-6.68955652273135e-12,-4.06562181625336e-11,8.79449708750996e-10)
(6.76169547616134e-12,-1.34674941830342e-10,8.4281414434738e-10)
(1.45680477891963e-11,-1.9737885664373e-10,7.08541069137127e-10)
(1.72536111773083e-11,-2.41472564833736e-10,5.11887522428466e-10)
(1.87492959403745e-11,-2.72835682672187e-10,2.71279745965105e-10)
(0,0,0)
(0,0,0)
(0,0,0)
(0,0,0)
(0,0,0)
(0,0,0)
(0,0,0)
(0,0,0)
(0,0,0)
(0,0,0)
(0,0,0)
(0,0,0)
(0,0,0)
(0,0,0)
(0,0,0)
(0,0,0)
(0,0,0)
(0,0,0)
(0,0,0)
(0,0,0)
(0,0,0)
(0,0,0)
(0,0,0)
(0,0,0)
(0,0,0)
(0,0,0)
(0,0,0)
(0,0,0)
(0,0,0)
(0,0,0)
(0,0,0)
(0,0,0)
(0,0,0)
(0,0,0)
(0,0,0)
(0,0,0)
(0,0,0)
(0,0,0)
(0,0,0)
(0,0,0)
(0,0,0)
(0,0,0)
(0,0,0)
(0,0,0)
(0,0,0)
(0,0,0)
(0,0,0)
(0,0,0)
(0,0,0)
(0,0,0)
(0,0,0)
(0,0,0)
(0,0,0)
(0,0,0)
(0,0,0)
(0,0,0)
(0,0,0)
(0,0,0)
(0,0,0)
(0,0,0)
(0,0,0)
(0,0,0)
(0,0,0)
(0,0,0)
(0,0,0)
(0,0,0)
(0,0,0)
(0,0,0)
(0,0,0)
(0,0,0)
(0,0,0)
(0,0,0)
(0,0,0)
(0,0,0)
(0,0,0)
(0,0,0)
(0,0,0)
(0,0,0)
(0,0,0)
(0,0,0)
(0,0,0)
(0,0,0)
(0,0,0)
(0,0,0)
(0,0,0)
(0,0,0)
(0,0,0)
(0,0,0)
(0,0,0)
(0,0,0)
(0,0,0)
(0,0,0)
(0,0,0)
(0,0,0)
(0,0,0)
(0,0,0)
(0,0,0)
(0,0,0)
(0,0,0)
(0,0,0)
(0,0,0)
(0,0,0)
(4.55298374252627e-13,-3.49151036827707e-11,3.83419173754039e-11)
(7.19042246330551e-13,-7.44847245009609e-11,3.67434971809545e-11)
(1.92150641530955e-13,-1.22330578165419e-10,3.29945779322107e-11)
(5.17410889416941e-13,-1.80761889684087e-10,2.55623282598402e-11)
(1.73537779032567e-12,-2.55209381675787e-10,1.3578882051491e-11)
(4.14305967622865e-12,-3.50466888704055e-10,-2.97451571461893e-12)
(7.96338854670403e-12,-4.67028932584434e-10,-2.02898319150499e-11)
(8.3847339101409e-12,-5.84339040561756e-10,-2.32515846764045e-11)
(6.54501901122561e-12,-6.84092405527981e-10,-1.59772377758211e-11)
(4.41382405449165e-12,-7.4439694499555e-10,-7.33222079507371e-12)
(0,0,0)
(0,0,0)
(0,0,0)
(0,0,0)
(0,0,0)
(0,0,0)
(3.13428216729714e-13,-3.32150014872022e-11,8.14838950916723e-11)
(1.04424839552538e-13,-7.0378565320534e-11,7.8268378024893e-11)
(-1.10055331179424e-12,-1.14448588242124e-10,7.07834781073656e-11)
(-6.12779989530708e-13,-1.68731630044664e-10,5.63279477718817e-11)
(2.38617670865467e-12,-2.38700723796488e-10,3.08837539985898e-11)
(9.49102790355018e-12,-3.32870053135782e-10,-9.38453872106275e-12)
(2.19371623682345e-11,-4.63306552685308e-10,-6.19764389048895e-11)
(2.32110540636807e-11,-5.90518712916077e-10,-6.28267471427067e-11)
(1.69102932979496e-11,-6.9190934351435e-10,-3.77391619574202e-11)
(1.20826868325747e-11,-7.51656492607256e-10,-1.57550994695915e-11)
(0,0,0)
(0,0,0)
(0,0,0)
(0,0,0)
(0,0,0)
(0,0,0)
(-6.03942605811955e-13,-2.98696833315932e-11,1.34906824814918e-10)
(-1.85256057984031e-12,-6.23175399001898e-11,1.30489095272586e-10)
(-3.99238807595664e-12,-9.9366759199572e-11,1.19249541991367e-10)
(-4.15364550506074e-12,-1.43288302083639e-10,9.72199557899982e-11)
(-2.94961461117281e-15,-1.98375271873398e-10,5.80991746120069e-11)
(1.38945851556113e-11,-2.79351130068018e-10,-1.46816325406868e-11)
(5.54970836875612e-11,-4.60656422197952e-10,-1.79799718138538e-10)
(5.36617247238533e-11,-6.12047372535963e-10,-1.51094030228833e-10)
(3.39586726428094e-11,-7.11236990541178e-10,-7.05659974477971e-11)
(2.38295836277072e-11,-7.66221116571698e-10,-2.45306972707758e-11)
(0,0,0)
(0,0,0)
(0,0,0)
(0,0,0)
(0,0,0)
(0,0,0)
(-1.83127259010739e-12,-2.49995711049897e-11,1.99267569271897e-10)
(-4.68249260820515e-12,-5.04818465643277e-11,1.93709629426368e-10)
(-8.19747162386533e-12,-7.70486311586452e-11,1.80278521319101e-10)
(-1.08889081606388e-11,-1.04340190892625e-10,1.5460531470039e-10)
(-1.01345229921615e-11,-1.25668703601552e-10,1.12891452754963e-10)
(-1.7868379867596e-12,-1.130309340743e-10,5.29020197623619e-11)
(1.20035249192724e-10,-4.90284880074488e-10,8.57667810883259e-17)
(1.23103027117151e-10,-6.83841925214772e-10,-3.47098093010796e-10)
(5.57031509946923e-11,-7.51200903473534e-10,-9.72361366622354e-11)
(3.54472378213708e-11,-7.87276467696762e-10,-2.36108566997007e-11)
(0,0,0)
(0,0,0)
(0,0,0)
(0,0,0)
(0,0,0)
(0,0,0)
(-3.00690077113625e-12,-1.90255419269894e-11,2.7728704102871e-10)
(-7.4393698878503e-12,-3.7075464552821e-11,2.71135227372002e-10)
(-1.35225309456954e-11,-5.2551455444093e-11,2.56647218745162e-10)
(-2.08958631800092e-11,-6.50968763040031e-11,2.29631978501111e-10)
(-2.93963391838095e-11,-6.9178821066162e-11,1.83576332034505e-10)
(-3.64543181797121e-11,-6.29446681645092e-11,1.07837772282538e-10)
(-2.75201205470004e-17,3.16651619532173e-16,-2.3883362306046e-17)
(6.79506832654341e-11,-9.12029546997891e-10,5.97300490040527e-17)
(4.95333194136492e-11,-8.12764257502407e-10,9.47672423147405e-12)
(3.79266725422892e-11,-8.04125074671324e-10,1.43843524689331e-11)
(0,0,0)
(0,0,0)
(0,0,0)
(0,0,0)
(0,0,0)
(0,0,0)
(-3.74177988525787e-12,-1.30701513250184e-11,3.67197434595577e-10)
(-9.06735270311427e-12,-2.35602658843371e-11,3.60968366928187e-10)
(-1.7490498979644e-11,-2.84951499405301e-11,3.47527988464902e-10)
(-3.02863044565963e-11,-2.61798014705277e-11,3.22678027077806e-10)
(-5.08837118093272e-11,-8.99724662761558e-12,2.76025915614888e-10)
(-7.86067318794649e-11,1.73582203443218e-11,1.82104485231398e-10)
(4.17370641526349e-18,1.87400969329718e-16,-3.956830555989e-17)
(7.00097145810869e-11,-8.85499581755784e-10,-1.71070441370656e-16)
(4.33972715955965e-11,-8.01435906971458e-10,9.65415873862686e-11)
(3.4418754530068e-11,-7.80589603629718e-10,6.20330723284641e-11)
(0,0,0)
(0,0,0)
(0,0,0)
(0,0,0)
(0,0,0)
(0,0,0)
(-4.07546328813962e-12,-7.74331703249415e-12,4.65440900489149e-10)
(-9.55824544462937e-12,-1.23619663750118e-11,4.59843055443021e-10)
(-1.83776693426666e-11,-9.10997949565847e-12,4.49942120797817e-10)
(-3.53768889403218e-11,8.07244268856438e-12,4.33587938642656e-10)
(-7.1030110635366e-11,5.61699249272218e-11,4.01717715142516e-10)
(-1.41449412605988e-10,1.40742165232763e-10,3.16177765483796e-10)
(2.93152707548205e-17,3.01562187129925e-16,-4.0508772153868e-16)
(-8.34314657235939e-12,-9.43066731865195e-10,6.07103549960703e-10)
(2.09261869963262e-11,-7.49464194202679e-10,2.94163580345175e-10)
(2.51235332965938e-11,-7.08824513384437e-10,1.31132657258343e-10)
(0,0,0)
(0,0,0)
(0,0,0)
(0,0,0)
(0,0,0)
(0,0,0)
(-5.13743887941512e-12,-3.24747462273813e-12,5.65502788347825e-10)
(-9.72695660492456e-12,-4.80216205174755e-12,5.61828426698289e-10)
(-1.63184724051091e-11,1.34178550389864e-12,5.56699190677777e-10)
(-3.04012717757114e-11,2.58799085224971e-11,5.52759189346979e-10)
(-6.03973052399143e-11,1.0424350236407e-10,5.60937168677867e-10)
(-1.30120592504082e-10,3.61998269435064e-10,6.28528702190444e-10)
(5.23326551822944e-11,-6.07103640516157e-10,9.87085698827613e-10)
(2.12305547218546e-11,-6.02358336083415e-10,6.11845020050745e-10)
(2.047007999056e-11,-5.74438067364059e-10,3.60092482516107e-10)
(2.15715666680168e-11,-5.70564176249178e-10,1.70203505336723e-10)
(0,0,0)
(0,0,0)
(0,0,0)
(0,0,0)
(0,0,0)
(0,0,0)
(-5.31917187958417e-12,-8.96005735657295e-13,6.53627354334953e-10)
(-9.11901671208279e-12,-1.8400050376332e-12,6.51598824503982e-10)
(-1.30789639781895e-11,1.02871174302272e-12,6.4861307691898e-10)
(-1.9776100877738e-11,1.02223447000214e-11,6.46989850551118e-10)
(-2.94101165979591e-11,2.50024213992772e-11,6.52605223723631e-10)
(-3.53417593448566e-11,1.3829037965107e-11,6.75058250458382e-10)
(1.14095633737838e-11,-2.59113814792546e-10,7.13875084976741e-10)
(1.68509372925991e-11,-3.47827419780136e-10,5.62276689426734e-10)
(1.84068325426724e-11,-3.79624324036571e-10,3.77771579614732e-10)
(1.89414556545118e-11,-3.96053836182924e-10,1.89712868284152e-10)
(0,0,0)
(0,0,0)
(0,0,0)
(0,0,0)
(0,0,0)
(0,0,0)
(-5.25011292269839e-12,-1.06284619895502e-13,7.07337434580208e-10)
(-8.59094922811287e-12,-8.04027147967238e-13,7.06568492939796e-10)
(-1.118194574926e-11,-4.58491427593715e-13,7.043861153076e-10)
(-1.35913881153727e-11,4.23744001405775e-13,7.01691223154904e-10)
(-1.4882812769939e-11,-3.03880116544916e-12,6.99368706588379e-10)
(-1.0710210281649e-11,-2.83010331843887e-11,6.93401477265528e-10)
(6.35982885607143e-12,-1.12256697709522e-10,6.63028089236218e-10)
(1.3842737854127e-11,-1.62381557337471e-10,5.49719213418561e-10)
(1.63888228069437e-11,-1.89009192607193e-10,3.88149247657387e-10)
(1.7193359233264e-11,-2.03440880910986e-10,2.00774847231563e-10)
(0,0,0)
(0,0,0)
(0,0,0)
(0,0,0)
(0,0,0)
(0,0,0)
(0,0,0)
(0,0,0)
(0,0,0)
(0,0,0)
(0,0,0)
(0,0,0)
(0,0,0)
(0,0,0)
(0,0,0)
(0,0,0)
(0,0,0)
(0,0,0)
(0,0,0)
(0,0,0)
(0,0,0)
(0,0,0)
(0,0,0)
(0,0,0)
(0,0,0)
(0,0,0)
(0,0,0)
(0,0,0)
(0,0,0)
(0,0,0)
(0,0,0)
(0,0,0)
(0,0,0)
(0,0,0)
(0,0,0)
(0,0,0)
(0,0,0)
(0,0,0)
(0,0,0)
(0,0,0)
(0,0,0)
(0,0,0)
(0,0,0)
(0,0,0)
(0,0,0)
(0,0,0)
(0,0,0)
(0,0,0)
(0,0,0)
(0,0,0)
(0,0,0)
(0,0,0)
(0,0,0)
(0,0,0)
(0,0,0)
(0,0,0)
(0,0,0)
(0,0,0)
(0,0,0)
(0,0,0)
(0,0,0)
(0,0,0)
(0,0,0)
(0,0,0)
(0,0,0)
(0,0,0)
(0,0,0)
(0,0,0)
(0,0,0)
(0,0,0)
(0,0,0)
(0,0,0)
(0,0,0)
(0,0,0)
(0,0,0)
(0,0,0)
(0,0,0)
(0,0,0)
(0,0,0)
(0,0,0)
(0,0,0)
(0,0,0)
(0,0,0)
(0,0,0)
(0,0,0)
(0,0,0)
(0,0,0)
(0,0,0)
(0,0,0)
(0,0,0)
(0,0,0)
(0,0,0)
(0,0,0)
(0,0,0)
(0,0,0)
(0,0,0)
(0,0,0)
(0,0,0)
(0,0,0)
(0,0,0)
(0,0,0)
(0,0,0)
(3.53616373164991e-13,-3.62328249497412e-11,3.88565723343878e-11)
(3.6180231463598e-13,-7.62634885534828e-11,3.75353026499271e-11)
(-2.57589609400495e-13,-1.22448975103601e-10,3.39050948059058e-11)
(4.70597458351479e-13,-1.76797502003403e-10,2.67032169633276e-11)
(1.78011767712072e-12,-2.42669671461458e-10,1.59258026796274e-11)
(3.86154030839604e-12,-3.23508575336687e-10,1.8203168874144e-12)
(7.20276140891506e-12,-4.17484377637639e-10,-1.29899425715326e-11)
(7.29005936389996e-12,-5.07556228865348e-10,-1.66836293743492e-11)
(5.716940016841e-12,-5.80020181820274e-10,-1.1914471241026e-11)
(4.34115087110065e-12,-6.20754619681392e-10,-5.62169861433994e-12)
(0,0,0)
(0,0,0)
(0,0,0)
(0,0,0)
(0,0,0)
(0,0,0)
(1.83627127871454e-13,-3.47613067142166e-11,8.19507922985234e-11)
(-4.71700663270007e-13,-7.24843123617174e-11,7.89536128172776e-11)
(-1.72685201885391e-12,-1.15175446448546e-10,7.1502287978727e-11)
(-6.11914177262666e-13,-1.65841447052441e-10,5.77768121816444e-11)
(2.32901750522318e-12,-2.27911018677753e-10,3.52960693498208e-11)
(8.56400501960435e-12,-3.06891405897131e-10,1.74142633600077e-12)
(2.01373401186882e-11,-4.09913471973123e-10,-3.95090850005842e-11)
(1.96521284982691e-11,-5.09221639001787e-10,-4.41265042984897e-11)
(1.42538778369386e-11,-5.84418941138543e-10,-2.7732857223102e-11)
(1.08922113273944e-11,-6.25651342267519e-10,-1.18765652501691e-11)
(0,0,0)
(0,0,0)
(0,0,0)
(0,0,0)
(0,0,0)
(0,0,0)
(-1.05632529007382e-12,-3.14319636341294e-11,1.34842943429355e-10)
(-2.44870063449426e-12,-6.47140245833887e-11,1.30103383496739e-10)
(-4.28092991551022e-12,-1.01249657224304e-10,1.18774328471897e-10)
(-3.98097551809248e-12,-1.4288059668848e-10,9.83129816804586e-11)
(7.12892662639272e-14,-1.92524329902446e-10,6.41828505604558e-11)
(1.26924747597136e-11,-2.59538730563519e-10,5.96656855507221e-12)
(5.64198536543976e-11,-3.89949145766842e-10,-1.09063103728993e-10)
(4.49282446216213e-11,-5.14192542057908e-10,-1.01719966057365e-10)
(2.78872853982081e-11,-5.93640652597566e-10,-4.97498115061569e-11)
(2.03542374819649e-11,-6.33895976298063e-10,-1.77263832254296e-11)
(0,0,0)
(0,0,0)
(0,0,0)
(0,0,0)
(0,0,0)
(0,0,0)
(-2.24736192256872e-12,-2.64241733430797e-11,1.95724436706274e-10)
(-4.65776651243914e-12,-5.31894633790198e-11,1.89778326429587e-10)
(-7.02144071972548e-12,-8.08775909361667e-11,1.76383773531522e-10)
(-8.41836080380806e-12,-1.08500771566548e-10,1.52091890214289e-10)
(-6.6349725349729e-12,-1.31577453599799e-10,1.14180582752495e-10)
(1.02883009901611e-12,-1.2954367217785e-10,6.22893254477745e-11)
(-2.31517687558049e-11,-3.34241128018366e-10,2.88479123663102e-11)
(1.01428692551707e-10,-5.32300424146158e-10,-2.24481422382633e-10)
(4.36412250610735e-11,-6.1073600633678e-10,-6.30291583307811e-11)
(2.86849880962394e-11,-6.43573529600842e-10,-1.47958855243817e-11)
(0,0,0)
(0,0,0)
(0,0,0)
(0,0,0)
(0,0,0)
(0,0,0)
(-2.81047771643037e-12,-2.05850314160788e-11,2.65133678080546e-10)
(-6.46655992946007e-12,-4.01994787309753e-11,2.58795353593733e-10)
(-1.05635962052052e-11,-5.7848929698297e-11,2.44305355718049e-10)
(-1.37572915468858e-11,-7.25044034447308e-11,2.1824418055829e-10)
(-1.38393538703867e-11,-8.03664335922407e-11,1.76149396758585e-10)
(-8.91941052264031e-12,-7.98696689209627e-11,1.0910177276416e-10)
(1.81171183453554e-17,3.21244388349396e-16,-8.75888730412813e-17)
(3.19440535219037e-11,-5.96919729186623e-10,2.62201647917749e-11)
(3.32973406452151e-11,-6.31592213932856e-10,2.01449178354249e-11)
(2.87755539696623e-11,-6.45953352664802e-10,1.61723999115664e-11)
(0,0,0)
(0,0,0)
(0,0,0)
(0,0,0)
(0,0,0)
(0,0,0)
(-2.83954651040172e-12,-1.49135194482152e-11,3.39999677076832e-10)
(-6.82527374915473e-12,-2.71541167334368e-11,3.33589656942019e-10)
(-1.20257080374231e-11,-3.50266887727102e-11,3.19812626555043e-10)
(-1.78864371527489e-11,-3.71200639229928e-11,2.9559546728534e-10)
(-2.21294529806938e-11,-2.8525341494632e-11,2.53021726135161e-10)
(-1.98861519681968e-11,-1.09517772390015e-11,1.71555500715558e-10)
(2.15146244258225e-17,2.15595003779116e-16,-1.16840406630934e-16)
(3.10351062337873e-11,-5.62834203477127e-10,6.89648984241524e-11)
(2.59340738846839e-11,-6.09433798537103e-10,9.24334297414133e-11)
(2.46867366132841e-11,-6.17915282874203e-10,5.42766784685136e-11)
(0,0,0)
(0,0,0)
(0,0,0)
(0,0,0)
(0,0,0)
(0,0,0)
(-2.97346065179815e-12,-9.7688519037826e-12,4.16629442380523e-10)
(-7.21711512269869e-12,-1.60311151445367e-11,4.10706959573461e-10)
(-1.2475252187067e-11,-1.63156222473046e-11,4.00068411385941e-10)
(-2.13141312741197e-11,-6.78910496876253e-12,3.82623983305088e-10)
(-3.35637384134735e-11,2.29790984482518e-11,3.50192777226404e-10)
(-4.65273462367739e-11,7.71928460405845e-11,2.72443302313235e-10)
(1.63451909734394e-17,2.69464788623354e-16,-3.69777486016781e-16)
(-3.61115727386202e-11,-5.50854736404503e-10,3.7771874045853e-10)
(8.93098324452694e-12,-5.56516714441343e-10,2.19003519837001e-10)
(1.79958534196553e-11,-5.54108901011101e-10,1.03517691325398e-10)
(0,0,0)
(0,0,0)
(0,0,0)
(0,0,0)
(0,0,0)
(0,0,0)
(-3.81454611695322e-12,-5.00612005077665e-12,4.89860472689458e-10)
(-7.55987759852937e-12,-8.18361848392652e-12,4.85531634798298e-10)
(-1.20653973134126e-11,-5.42049117651286e-12,4.78602531643723e-10)
(-2.29216872841555e-11,9.53243605600064e-12,4.69953166843106e-10)
(-4.87477577876976e-11,5.64066192513674e-11,4.63231102483944e-10)
(-1.40508357671317e-10,2.01771497097838e-10,4.72057109689337e-10)
(7.95835082355875e-11,-3.72553138040203e-10,5.45502555329542e-10)
(1.84521759532106e-11,-4.2441863567604e-10,4.25463688003627e-10)
(1.55453138424376e-11,-4.40014991472484e-10,2.73675616864009e-10)
(1.7264731938453e-11,-4.45506243606972e-10,1.33105866265999e-10)
(0,0,0)
(0,0,0)
(0,0,0)
(0,0,0)
(0,0,0)
(0,0,0)
(-4.08036316438551e-12,-2.07294498735149e-12,5.48919274362249e-10)
(-7.16924701673311e-12,-4.03720691203782e-12,5.45962861217477e-10)
(-9.9685344397161e-12,-2.8161920478005e-12,5.40904198594435e-10)
(-1.55928733516448e-11,1.83970001163485e-12,5.35235695783211e-10)
(-2.3821920767982e-11,8.20202486976769e-12,5.30759856470133e-10)
(-3.20285227137174e-11,-7.82770330724871e-12,5.29355651247368e-10)
(1.61508418407444e-11,-1.90349101600128e-10,5.21638892755477e-10)
(1.59101846619294e-11,-2.65345509993195e-10,4.25888419857004e-10)
(1.58504124438653e-11,-2.95751962824612e-10,2.9197318926495e-10)
(1.60413686667511e-11,-3.08518767121884e-10,1.47361569979433e-10)
(0,0,0)
(0,0,0)
(0,0,0)
(0,0,0)
(0,0,0)
(0,0,0)
(-4.5874559021828e-12,-5.40013219993282e-13,5.81894739720629e-10)
(-7.21259874388313e-12,-1.54704804475818e-12,5.79960644924688e-10)
(-8.94554502415815e-12,-1.69553948192525e-12,5.75877097540434e-10)
(-1.08451275474413e-11,-2.31506553627783e-12,5.70487060958801e-10)
(-1.19543846125374e-11,-6.83334413004697e-12,5.62838293495395e-10)
(-8.63785543672767e-12,-2.78940851782534e-11,5.486607303631e-10)
(7.41200696420572e-12,-8.84321271981224e-11,5.12880364611029e-10)
(1.30311462778313e-11,-1.27638256033114e-10,4.24775603863298e-10)
(1.47540306255639e-11,-1.47900228252565e-10,2.99240128173067e-10)
(1.4527325553824e-11,-1.5759053402385e-10,1.54067124978467e-10)
(0,0,0)
(0,0,0)
(0,0,0)
(0,0,0)
(0,0,0)
(0,0,0)
(0,0,0)
(0,0,0)
(0,0,0)
(0,0,0)
(0,0,0)
(0,0,0)
(0,0,0)
(0,0,0)
(0,0,0)
(0,0,0)
(0,0,0)
(0,0,0)
(0,0,0)
(0,0,0)
(0,0,0)
(0,0,0)
(0,0,0)
(0,0,0)
(0,0,0)
(0,0,0)
(0,0,0)
(0,0,0)
(0,0,0)
(0,0,0)
(0,0,0)
(0,0,0)
(0,0,0)
(0,0,0)
(0,0,0)
(0,0,0)
(0,0,0)
(0,0,0)
(0,0,0)
(0,0,0)
(0,0,0)
(0,0,0)
(0,0,0)
(0,0,0)
(0,0,0)
(0,0,0)
(0,0,0)
(0,0,0)
(0,0,0)
(0,0,0)
(0,0,0)
(0,0,0)
(0,0,0)
(0,0,0)
(0,0,0)
(0,0,0)
(0,0,0)
(0,0,0)
(0,0,0)
(0,0,0)
(0,0,0)
(0,0,0)
(0,0,0)
(0,0,0)
(0,0,0)
(0,0,0)
(0,0,0)
(0,0,0)
(0,0,0)
(0,0,0)
(0,0,0)
(0,0,0)
(0,0,0)
(0,0,0)
(0,0,0)
(0,0,0)
(0,0,0)
(0,0,0)
(0,0,0)
(0,0,0)
(0,0,0)
(0,0,0)
(0,0,0)
(0,0,0)
(0,0,0)
(0,0,0)
(0,0,0)
(0,0,0)
(0,0,0)
(0,0,0)
(0,0,0)
(0,0,0)
(0,0,0)
(0,0,0)
(0,0,0)
(0,0,0)
(0,0,0)
(0,0,0)
(0,0,0)
(0,0,0)
(0,0,0)
(0,0,0)
(2.03367822126259e-13,-3.60355434664918e-11,3.82297856953956e-11)
(2.12833966869754e-13,-7.58431187147616e-11,3.73716792626529e-11)
(-3.29240421851122e-13,-1.20678257168719e-10,3.44713861796064e-11)
(2.91956791086223e-13,-1.72813541194892e-10,2.84662578907363e-11)
(1.12695068562203e-12,-2.33314814909876e-10,1.96122983389165e-11)
(2.05463032777401e-12,-3.03097654522723e-10,8.65414385850858e-12)
(3.32554254719282e-12,-3.79352843986088e-10,-2.53295536083327e-12)
(4.18631136704725e-12,-4.50602026346183e-10,-7.04916542772097e-12)
(3.82292670842927e-12,-5.0664712858534e-10,-5.54811270707144e-12)
(3.61617484288817e-12,-5.36949887520253e-10,-2.72375582546764e-12)
(0,0,0)
(0,0,0)
(0,0,0)
(0,0,0)
(0,0,0)
(0,0,0)
(-1.48536470967187e-13,-3.48274086894724e-11,8.12709871105073e-11)
(-7.9066360302357e-13,-7.26477610003416e-11,7.88111525647784e-11)
(-1.92716544603151e-12,-1.14715014642852e-10,7.22185409811983e-11)
(-1.09202170941504e-12,-1.63915829173697e-10,6.03886901529508e-11)
(4.9697174373801e-13,-2.22046324712201e-10,4.22133429479757e-11)
(2.46184102257719e-12,-2.91129535987275e-10,1.73604606465454e-11)
(4.79043321033128e-12,-3.7312840059987e-10,-9.42631543970037e-12)
(8.2293844789948e-12,-4.50011702260721e-10,-1.70491589412437e-11)
(7.61929732305679e-12,-5.07653005427611e-10,-1.21280896311553e-11)
(7.26028010781879e-12,-5.38419060863899e-10,-5.60119504370438e-12)
(0,0,0)
(0,0,0)
(0,0,0)
(0,0,0)
(0,0,0)
(0,0,0)
(-1.32455564848671e-12,-3.21878490617156e-11,1.33019084944173e-10)
(-2.64420681403933e-12,-6.62053790114884e-11,1.28595771180427e-10)
(-4.1916494121814e-12,-1.03414762927112e-10,1.18152613085751e-10)
(-4.23066952000789e-12,-1.46037625420822e-10,1.00617432612471e-10)
(-2.65930503102145e-12,-1.96635227896262e-10,7.27173348520939e-11)
(-2.27291134191843e-12,-2.62297178994354e-10,3.06967209124753e-11)
(-6.63130176569839e-12,-3.61463856592424e-10,-2.6357268125367e-11)
(1.10659721586981e-11,-4.49543247755018e-10,-3.2392266329637e-11)
(1.29592108566611e-11,-5.09741089289167e-10,-1.78835763093031e-11)
(1.23054075592882e-11,-5.40764363420703e-10,-6.54070347643832e-12)
(0,0,0)
(0,0,0)
(0,0,0)
(0,0,0)
(0,0,0)
(0,0,0)
(-2.14039357289516e-12,-2.80196925210488e-11,1.89811417307352e-10)
(-4.25319826243113e-12,-5.65205752089762e-11,1.84456189148643e-10)
(-5.75821864034953e-12,-8.68586488372899e-11,1.7224794108492e-10)
(-6.50342146385102e-12,-1.19288679146298e-10,1.5096223565779e-10)
(-5.95473523779151e-12,-1.54968747110627e-10,1.16944881131808e-10)
(-1.52037600764145e-11,-2.04191580794115e-10,6.22094849829542e-11)
(-1.04063883269592e-10,-3.56429307210219e-10,-6.00019536999251e-11)
(4.59573354034123e-12,-4.55073998921594e-10,-4.03237848890106e-11)
(1.62641598507547e-11,-5.1332059080766e-10,-1.0318625615698e-11)
(1.62689256358e-11,-5.4122830850139e-10,2.5376913115901e-13)
(0,0,0)
(0,0,0)
(0,0,0)
(0,0,0)
(0,0,0)
(0,0,0)
(-2.14366519746239e-12,-2.31562726371508e-11,2.50964806561199e-10)
(-5.02192405132577e-12,-4.54227201597701e-11,2.45284348946364e-10)
(-7.32466197103579e-12,-6.69375127892754e-11,2.32271362563075e-10)
(-7.04684726891361e-12,-8.71418055305736e-11,2.10060739960915e-10)
(1.36717802643498e-12,-1.02283797655499e-10,1.77305923143024e-10)
(3.12645581484491e-11,-8.94154770407346e-11,1.37030791935837e-10)
(-2.62201286141451e-11,-4.5758835443745e-10,1.19132973295686e-10)
(3.93377476872722e-12,-4.7873858738958e-10,5.99859216436965e-11)
(1.51114431732742e-11,-5.13788794021864e-10,4.03489406422277e-11)
(1.69098840906585e-11,-5.32837936370952e-10,2.25698491925126e-11)
(0,0,0)
(0,0,0)
(0,0,0)
(0,0,0)
(0,0,0)
(0,0,0)
(-1.57419392004306e-12,-1.81294389102292e-11,3.14519951205131e-10)
(-4.17124495107874e-12,-3.41371621157621e-11,3.08573543989755e-10)
(-6.51961529309116e-12,-4.71900711445756e-11,2.95896025445311e-10)
(-5.64365495682557e-12,-5.68553110546286e-11,2.75692076288652e-10)
(7.83233249603219e-12,-6.00673114791103e-11,2.47121659980266e-10)
(6.35248423081957e-11,-4.38936994198181e-11,2.13082026117986e-10)
(-6.89650476197192e-11,-4.14878538104659e-10,1.92239790443429e-10)
(-4.41289215609843e-12,-4.54885152770323e-10,1.38714044048078e-10)
(1.11737410618558e-11,-4.87265914968848e-10,9.76324883872732e-11)
(1.5157033218669e-11,-5.01584539096094e-10,5.09476067108372e-11)
(0,0,0)
(0,0,0)
(0,0,0)
(0,0,0)
(0,0,0)
(0,0,0)
(-1.81370969773421e-12,-1.31249199241208e-11,3.77248541369245e-10)
(-4.42606359582249e-12,-2.34517702587936e-11,3.71554905448203e-10)
(-5.92595517699563e-12,-2.99552725003226e-11,3.61046267683678e-10)
(-5.20446622021297e-12,-3.16247890090958e-11,3.45980574188633e-10)
(1.07582156965956e-11,-2.21393946759509e-11,3.28117770663991e-10)
(1.01337674796696e-10,2.68032627979252e-11,3.25695887218513e-10)
(-5.16568638581687e-12,-4.20079879682097e-10,4.61696510558672e-10)
(-3.83245284558751e-12,-4.17195852451969e-10,2.79926652272953e-10)
(7.91508878732838e-12,-4.34844204130052e-10,1.72020273661684e-10)
(1.29108873409052e-11,-4.43639202563249e-10,8.36893066966665e-11)
(0,0,0)
(0,0,0)
(0,0,0)
(0,0,0)
(0,0,0)
(0,0,0)
(-2.41888328921255e-12,-8.02141030932316e-12,4.33152515734307e-10)
(-4.77718601586272e-12,-1.46975870403611e-11,4.28662268840101e-10)
(-6.02033164151098e-12,-1.8214808989022e-11,4.20512129855475e-10)
(-8.50688688062414e-12,-1.83600159522817e-11,4.09584009170307e-10)
(-9.36917061148217e-12,-1.55264697033224e-11,3.98490088943145e-10)
(-4.35460290644089e-12,-3.05672963932058e-11,3.94640995774361e-10)
(1.74183391214515e-11,-2.47333799104704e-10,4.06438293776156e-10)
(1.11671214099742e-11,-3.15720679098552e-10,3.17718547198098e-10)
(1.18520357925517e-11,-3.44398860369881e-10,2.11665500972772e-10)
(1.33831217193599e-11,-3.55228834903792e-10,1.0513701600782e-10)
(0,0,0)
(0,0,0)
(0,0,0)
(0,0,0)
(0,0,0)
(0,0,0)
(-2.65688178694889e-12,-4.21298677285756e-12,4.75873275128774e-10)
(-4.60074326097358e-12,-8.26187886232405e-12,4.72307738103999e-10)
(-5.42068419436366e-12,-1.09827522661661e-11,4.6547176090606e-10)
(-6.96226849065737e-12,-1.44535794206014e-11,4.56337924386471e-10)
(-7.38234654540407e-12,-2.2445638298883e-11,4.4483409756418e-10)
(-4.24538235084309e-12,-5.3317682159984e-11,4.3055956789943e-10)
(9.98434033723048e-12,-1.49671019921909e-10,4.04726432715034e-10)
(1.21181612939105e-11,-2.06279624294942e-10,3.30710595813699e-10)
(1.26102971573313e-11,-2.34355104510285e-10,2.2929321241028e-10)
(1.24747055481589e-11,-2.45863344776744e-10,1.16491504154904e-10)
(0,0,0)
(0,0,0)
(0,0,0)
(0,0,0)
(0,0,0)
(0,0,0)
(-3.19337432623447e-12,-1.70089147632125e-12,4.98881225719877e-10)
(-4.67609940438731e-12,-3.50736953039899e-12,4.95463049534715e-10)
(-5.25104792445092e-12,-5.21103160300665e-12,4.89155136233477e-10)
(-5.51142562031233e-12,-8.6633811067536e-12,4.80567230236751e-10)
(-4.6101656102894e-12,-1.61327596128834e-11,4.67683587501989e-10)
(-7.51574862908041e-13,-3.51473956332534e-11,4.46680446674334e-10)
(7.08464051381082e-12,-7.2999075484304e-11,4.0805828137763e-10)
(1.0928365934947e-11,-1.01590242311643e-10,3.36065088324803e-10)
(1.20268055675973e-11,-1.18004241469877e-10,2.36841576145779e-10)
(1.10039165084393e-11,-1.25339268664674e-10,1.21888514985412e-10)
(0,0,0)
(0,0,0)
(0,0,0)
(0,0,0)
(0,0,0)
(0,0,0)
(0,0,0)
(0,0,0)
(0,0,0)
(0,0,0)
(0,0,0)
(0,0,0)
(0,0,0)
(0,0,0)
(0,0,0)
(0,0,0)
(0,0,0)
(0,0,0)
(0,0,0)
(0,0,0)
(0,0,0)
(0,0,0)
(0,0,0)
(0,0,0)
(0,0,0)
(0,0,0)
(0,0,0)
(0,0,0)
(0,0,0)
(0,0,0)
(0,0,0)
(0,0,0)
(0,0,0)
(0,0,0)
(0,0,0)
(0,0,0)
(0,0,0)
(0,0,0)
(0,0,0)
(0,0,0)
(0,0,0)
(0,0,0)
(0,0,0)
(0,0,0)
(0,0,0)
(0,0,0)
(0,0,0)
(0,0,0)
(0,0,0)
(0,0,0)
(0,0,0)
(0,0,0)
(0,0,0)
(0,0,0)
(0,0,0)
(0,0,0)
(0,0,0)
(0,0,0)
(0,0,0)
(0,0,0)
(0,0,0)
(0,0,0)
(0,0,0)
(0,0,0)
(0,0,0)
(0,0,0)
(0,0,0)
(0,0,0)
(0,0,0)
(0,0,0)
(0,0,0)
(0,0,0)
(0,0,0)
(0,0,0)
(0,0,0)
(0,0,0)
(0,0,0)
(0,0,0)
(0,0,0)
(0,0,0)
(0,0,0)
(0,0,0)
(0,0,0)
(0,0,0)
(0,0,0)
(0,0,0)
(0,0,0)
(0,0,0)
(0,0,0)
(0,0,0)
(0,0,0)
(0,0,0)
(0,0,0)
(0,0,0)
(0,0,0)
(0,0,0)
(0,0,0)
(0,0,0)
(0,0,0)
(0,0,0)
(0,0,0)
(0,0,0)
(-1.46660522131516e-13,-3.47966719894429e-11,3.7334489764325e-11)
(-8.22306645055084e-14,-7.35364405048212e-11,3.68201029647833e-11)
(-2.87354658848329e-13,-1.18192457311411e-10,3.49972635838464e-11)
(2.48204321713008e-13,-1.69930235911287e-10,3.04546457975929e-11)
(8.16614968337215e-13,-2.271895530518e-10,2.35473404514402e-11)
(1.27361101169021e-12,-2.90304018431979e-10,1.5284513994254e-11)
(1.61730922787435e-12,-3.5459210618219e-10,6.56844613093446e-12)
(2.09493456090128e-12,-4.13875646875311e-10,1.51706815696779e-12)
(2.00444666909243e-12,-4.60086033347072e-10,3.0555431461906e-13)
(2.36159236108457e-12,-4.84636062145248e-10,-1.06485702454855e-13)
(0,0,0)
(0,0,0)
(0,0,0)
(0,0,0)
(0,0,0)
(0,0,0)
(-3.28261552978371e-13,-3.43874861251241e-11,7.98361324432839e-11)
(-6.40434008327344e-13,-7.17250040941585e-11,7.79740381393748e-11)
(-1.39756633351943e-12,-1.13885432572782e-10,7.29735925846259e-11)
(-7.94878257306297e-13,-1.62891750110463e-10,6.33290384774917e-11)
(-6.1242770785145e-14,-2.18429183421597e-10,4.91319013105965e-11)
(4.16260115914218e-13,-2.81031214759356e-10,3.11231466051414e-11)
(7.48732704440975e-13,-3.48812185194338e-10,1.25700737709283e-11)
(2.83986066318353e-12,-4.11604322265953e-10,2.78752756883426e-12)
(3.18048659716503e-12,-4.58730855805137e-10,4.25840195166795e-13)
(4.00438762090336e-12,-4.83568540219092e-10,-1.62122223324013e-13)
(0,0,0)
(0,0,0)
(0,0,0)
(0,0,0)
(0,0,0)
(0,0,0)
(-1.06939842539772e-12,-3.26265293766832e-11,1.29219742746268e-10)
(-1.88585252186817e-12,-6.69386879239189e-11,1.25390409970839e-10)
(-3.21258302872436e-12,-1.05026883792692e-10,1.16757767334477e-10)
(-3.07951803415713e-12,-1.49067836052365e-10,1.02344279199345e-10)
(-2.30517187702429e-12,-2.00289662914674e-10,8.0756139549889e-11)
(-3.32452050429009e-12,-2.62267642734182e-10,5.22928063259378e-11)
(-5.63085294372113e-12,-3.38571846903208e-10,2.13408027068134e-11)
(2.08803330496666e-12,-4.07394292257798e-10,7.60207893370948e-12)
(5.19583954230779e-12,-4.56297530758505e-10,4.20310649120876e-12)
(6.22864916353891e-12,-4.81806067633466e-10,2.40976713680193e-12)
(0,0,0)
(0,0,0)
(0,0,0)
(0,0,0)
(0,0,0)
(0,0,0)
(-1.64858529808556e-12,-2.90978316245802e-11,1.82777244980318e-10)
(-3.1428052479033e-12,-5.88565649776667e-11,1.78267574066934e-10)
(-4.39364926122463e-12,-9.18353251926563e-11,1.67632697731266e-10)
(-4.6329405535957e-12,-1.2883341685954e-10,1.49529292072662e-10)
(-3.90428854407931e-12,-1.72838002587688e-10,1.22732966947772e-10)
(-7.76842514691022e-12,-2.32861528352724e-10,8.70594178784697e-11)
(-2.25830048532755e-11,-3.28105616916372e-10,4.27622373893591e-11)
(-1.74483726501895e-12,-4.02106114876644e-10,2.60927819317923e-11)
(6.15996831805018e-12,-4.5107319836236e-10,1.94490434801472e-11)
(8.13232263652175e-12,-4.75779015173118e-10,1.11636757014392e-11)
(0,0,0)
(0,0,0)
(0,0,0)
(0,0,0)
(0,0,0)
(0,0,0)
(-1.49004130954617e-12,-2.51089543714516e-11,2.3784268908363e-10)
(-3.29449571205184e-12,-4.93748902080515e-11,2.32962317508911e-10)
(-4.86148101356441e-12,-7.52986772944146e-11,2.21527185552904e-10)
(-4.57852492697715e-12,-1.03861554668931e-10,2.02439739231307e-10)
(-5.74176942766777e-13,-1.38931841307333e-10,1.76042201002568e-10)
(3.64059916769794e-12,-1.93074000797319e-10,1.44653282756235e-10)
(-9.78289329493508e-12,-3.2831721567071e-10,1.13809858295671e-10)
(-2.82678849054437e-13,-3.95948721352564e-10,7.95904302510016e-11)
(6.36765557001318e-12,-4.38445877016231e-10,5.35283259384657e-11)
(8.22633600828721e-12,-4.59520466669559e-10,2.79008731106805e-11)
(0,0,0)
(0,0,0)
(0,0,0)
(0,0,0)
(0,0,0)
(0,0,0)
(-6.32305690757584e-13,-2.06809111774025e-11,2.9380756424189e-10)
(-2.17911826359627e-12,-3.94686793886286e-11,2.88680654723247e-10)
(-3.55046478069657e-12,-5.83908505330376e-11,2.77373721982669e-10)
(-2.30376069397052e-12,-7.93654447041313e-11,2.59829168181035e-10)
(3.94404955516247e-12,-1.07027901394564e-10,2.3680462174874e-10)
(1.367011576504e-11,-1.58047902494468e-10,2.10523712736367e-10)
(-1.0237959646865e-11,-3.00965062871254e-10,1.84042307628822e-10)
(-1.02063681367344e-12,-3.69687649411764e-10,1.39993119390582e-10)
(5.43691189950071e-12,-4.08495024146012e-10,9.52321650250616e-11)
(8.15930339666703e-12,-4.26275555521059e-10,4.86646865860605e-11)
(0,0,0)
(0,0,0)
(0,0,0)
(0,0,0)
(0,0,0)
(0,0,0)
(-1.22358339151459e-12,-1.57807740354305e-11,3.48306018353051e-10)
(-2.67160904970984e-12,-2.93002540934952e-11,3.42917713043246e-10)
(-2.60072519325652e-12,-4.25600970834255e-11,3.32732353721937e-10)
(-6.06435752395273e-13,-5.75775882925399e-11,3.18397890269991e-10)
(6.56717416947211e-12,-7.80357578872311e-11,3.01029101154794e-10)
(2.27076106476614e-11,-1.20759146055115e-10,2.86003625282232e-10)
(3.85809132255057e-12,-2.66121093077604e-10,2.81991018843073e-10)
(2.59875241222617e-12,-3.25989552398186e-10,2.13182308079638e-10)
(5.80071199214047e-12,-3.58519800137504e-10,1.41897567080403e-10)
(8.18982637814705e-12,-3.7286115673591e-10,7.12543641762661e-11)
(0,0,0)
(0,0,0)
(0,0,0)
(0,0,0)
(0,0,0)
(0,0,0)
(-1.73705993146811e-12,-1.08824410606599e-11,3.93859964989728e-10)
(-3.06275520928793e-12,-2.05232020137548e-11,3.89019693392932e-10)
(-2.32426767919102e-12,-2.98701210256093e-11,3.79966736978949e-10)
(-1.31940318513624e-12,-4.11858597452762e-11,3.67666125758081e-10)
(1.39909115287288e-12,-5.92372536767928e-11,3.52798798398656e-10)
(6.59848485859067e-12,-9.96499672776023e-11,3.3625609841577e-10)
(8.47530651666059e-12,-1.96059587638425e-10,3.13918390470802e-10)
(7.77911283169655e-12,-2.54065685187218e-10,2.51545173994459e-10)
(8.33676489792233e-12,-2.84934502814634e-10,1.72374840733049e-10)
(9.1546476001215e-12,-2.97603823395383e-10,8.71822142842013e-11)
(0,0,0)
(0,0,0)
(0,0,0)
(0,0,0)
(0,0,0)
(0,0,0)
(-1.60344005871061e-12,-6.83944953366652e-12,4.27365363396344e-10)
(-2.51927539495519e-12,-1.31164595696307e-11,4.23045313205148e-10)
(-2.05856833791714e-12,-1.94694190530232e-11,4.14844450116335e-10)
(-1.24863998222521e-12,-2.84507858186772e-11,4.03449622901933e-10)
(5.79304433336421e-13,-4.36920048510681e-11,3.87978526805897e-10)
(3.417466306793e-12,-7.47014925801497e-11,3.66569785946775e-10)
(7.3282328010009e-12,-1.29511735909435e-10,3.32702237253965e-10)
(8.84616271402396e-12,-1.71340541587591e-10,2.71109320101471e-10)
(9.06114237230567e-12,-1.95790188103066e-10,1.89318244700477e-10)
(8.44213359098606e-12,-2.06095214344968e-10,9.68544663892741e-11)
(0,0,0)
(0,0,0)
(0,0,0)
(0,0,0)
(0,0,0)
(0,0,0)
(-1.47608961739413e-12,-3.5549822474669e-12,4.45677729744189e-10)
(-1.87555563354853e-12,-6.59221889845123e-12,4.41033262567331e-10)
(-1.87417353073128e-12,-9.78327246344617e-12,4.33049726642787e-10)
(-1.29116399230267e-12,-1.48943796403267e-11,4.21994731060954e-10)
(2.60215604482843e-13,-2.37258656140785e-11,4.05733660088699e-10)
(2.7231948005418e-12,-4.02724462862855e-11,3.80789094029286e-10)
(6.07875808232562e-12,-6.48584707594203e-11,3.41154283705121e-10)
(8.56163580232715e-12,-8.58809044948009e-11,2.78835452524173e-10)
(8.97562525808345e-12,-9.93338483362275e-11,1.96637463307699e-10)
(7.55316282916911e-12,-1.05189138983128e-10,1.01451538616522e-10)
(0,0,0)
(0,0,0)
(0,0,0)
(0,0,0)
(0,0,0)
(0,0,0)
(0,0,0)
(0,0,0)
(0,0,0)
(0,0,0)
(0,0,0)
(0,0,0)
(0,0,0)
(0,0,0)
(0,0,0)
(0,0,0)
(0,0,0)
(0,0,0)
(0,0,0)
(0,0,0)
(0,0,0)
(0,0,0)
(0,0,0)
(0,0,0)
(0,0,0)
(0,0,0)
(0,0,0)
(0,0,0)
(0,0,0)
(0,0,0)
(0,0,0)
(0,0,0)
(0,0,0)
(0,0,0)
(0,0,0)
(0,0,0)
(0,0,0)
(0,0,0)
(0,0,0)
(0,0,0)
(0,0,0)
(0,0,0)
(0,0,0)
(0,0,0)
(0,0,0)
(0,0,0)
(0,0,0)
(0,0,0)
(0,0,0)
(0,0,0)
(0,0,0)
(0,0,0)
(0,0,0)
(0,0,0)
(0,0,0)
(0,0,0)
(0,0,0)
(0,0,0)
(0,0,0)
(0,0,0)
(0,0,0)
(0,0,0)
(0,0,0)
(0,0,0)
(0,0,0)
(0,0,0)
(0,0,0)
(0,0,0)
(0,0,0)
(0,0,0)
(0,0,0)
(0,0,0)
(0,0,0)
(0,0,0)
(0,0,0)
(0,0,0)
(0,0,0)
(0,0,0)
(0,0,0)
(0,0,0)
(0,0,0)
(0,0,0)
(0,0,0)
(0,0,0)
(0,0,0)
(0,0,0)
(0,0,0)
(0,0,0)
(0,0,0)
(0,0,0)
(0,0,0)
(0,0,0)
(0,0,0)
(0,0,0)
(0,0,0)
(0,0,0)
(0,0,0)
(0,0,0)
(0,0,0)
(0,0,0)
(0,0,0)
(0,0,0)
(-4.14595868795007e-14,-3.30523351733346e-11,3.60692189154983e-11)
(-7.08276942535933e-14,-7.09835264808955e-11,3.57701243904107e-11)
(-5.17616112330621e-14,-1.15430280225958e-10,3.42566465870883e-11)
(1.17023867051069e-13,-1.66607178340788e-10,3.07116044364533e-11)
(3.19071795309878e-13,-2.22515890123474e-10,2.50695840439043e-11)
(7.16875202401669e-13,-2.82918326783992e-10,1.83870993639344e-11)
(8.8876621398374e-13,-3.4216155950879e-10,1.15272900311351e-11)
(1.03512379389495e-12,-3.96320191599797e-10,6.61210339989065e-12)
(1.06130914423301e-12,-4.37737805227802e-10,3.531784789442e-12)
(1.18758473246683e-12,-4.60102847705552e-10,1.35266226471477e-12)
(0,0,0)
(0,0,0)
(0,0,0)
(0,0,0)
(0,0,0)
(0,0,0)
(-2.27123997504795e-13,-3.27947002351366e-11,7.79648664193497e-11)
(-4.26304623809995e-13,-6.95408763718209e-11,7.6440821379915e-11)
(-6.11561006463681e-13,-1.11936999686573e-10,7.23414267374547e-11)
(-4.21655148520688e-13,-1.60848134081174e-10,6.41882293079039e-11)
(-1.92008572251689e-13,-2.15514333648204e-10,5.22683064151803e-11)
(2.05760924949562e-13,-2.75341642248776e-10,3.79146852951953e-11)
(2.90940615403565e-13,-3.36357606663572e-10,2.34124417997106e-11)
(9.91518028701906e-13,-3.92204749195443e-10,1.3045163606432e-11)
(1.33512396903406e-12,-4.34497373558846e-10,6.8474599568852e-12)
(2.07979281196225e-12,-4.5756260070837e-10,2.58705270991108e-12)
(0,0,0)
(0,0,0)
(0,0,0)
(0,0,0)
(0,0,0)
(0,0,0)
(-7.68763402053591e-13,-3.14977791931957e-11,1.27171060682783e-10)
(-1.33533283175475e-12,-6.58677863531826e-11,1.23733831052856e-10)
(-1.99065349363843e-12,-1.04395363263469e-10,1.16002143990701e-10)
(-1.72579757753502e-12,-1.49349866336982e-10,1.0309456630561e-10)
(-1.29349898005319e-12,-2.01352721100459e-10,8.48455268995083e-11)
(-1.77863126663073e-12,-2.60633637828354e-10,6.29774117216434e-11)
(-2.3583591574271e-12,-3.25699387854897e-10,4.0299843366473e-11)
(1.98828366292455e-13,-3.85015527517186e-10,2.43408846876264e-11)
(1.76484650054629e-12,-4.28901842342831e-10,1.4311727078207e-11)
(2.61136384000232e-12,-4.52895755186499e-10,6.83290352858904e-12)
(0,0,0)
(0,0,0)
(0,0,0)
(0,0,0)
(0,0,0)
(0,0,0)
(-1.12779163780242e-12,-2.88293129653309e-11,1.79098481275769e-10)
(-1.98960368187046e-12,-5.94714321227736e-11,1.74833689475316e-10)
(-2.82689150084236e-12,-9.34784390720257e-11,1.64802022423496e-10)
(-2.80847761931906e-12,-1.32826624508415e-10,1.48199827781752e-10)
(-2.13690075514166e-12,-1.80778104902651e-10,1.25701084655081e-10)
(-3.25877221319668e-12,-2.39734700739792e-10,9.86539144476702e-11)
(-5.70195064134369e-12,-3.12098788333496e-10,6.96956767218984e-11)
(-1.25849233748671e-12,-3.74787541541467e-10,4.8156627946616e-11)
(1.81801475065691e-12,-4.19658172292669e-10,3.16654772240603e-11)
(3.03744983439238e-12,-4.4345148781791e-10,1.61716029711986e-11)
(0,0,0)
(0,0,0)
(0,0,0)
(0,0,0)
(0,0,0)
(0,0,0)
(-1.03771292886378e-12,-2.56923128026662e-11,2.30969526831444e-10)
(-1.76557457546104e-12,-5.1429368752811e-11,2.26178341516361e-10)
(-2.68186145335574e-12,-7.97031359311359e-11,2.15515685077275e-10)
(-2.67709666302223e-12,-1.13136359001067e-10,1.97944660135456e-10)
(-1.08919860919355e-12,-1.55867835450405e-10,1.74659339506438e-10)
(-5.42074674591116e-13,-2.14035235227192e-10,1.47084791545968e-10)
(-2.91561804975011e-12,-2.96261690199565e-10,1.17562406047341e-10)
(-4.81646477351603e-13,-3.59554883156384e-10,8.7700316173969e-11)
(2.04425552759683e-12,-4.02346283289151e-10,5.94671407804969e-11)
(2.8822979704945e-12,-4.24242435012325e-10,3.05086533333833e-11)
(0,0,0)
(0,0,0)
(0,0,0)
(0,0,0)
(0,0,0)
(0,0,0)
(-4.05533314076097e-13,-2.19388404164635e-11,2.83942126537456e-10)
(-1.04061081814499e-12,-4.25322868891857e-11,2.78855503117496e-10)
(-1.83666442866729e-12,-6.48139724426883e-11,2.68111488417221e-10)
(-1.06707067327019e-12,-9.25281350350505e-11,2.51651289855442e-10)
(1.23281506019714e-12,-1.29382486099135e-10,2.30190427416541e-10)
(2.86276443322822e-12,-1.85054924403121e-10,2.04419008643134e-10)
(-1.03274120227948e-12,-2.69315218375952e-10,1.74131299149382e-10)
(4.22205382819346e-14,-3.31803354240284e-10,1.35552019409205e-10)
(2.02916632996362e-12,-3.71343540314429e-10,9.27882586811388e-11)
(3.40959119757968e-12,-3.90851483708449e-10,4.71166851928434e-11)
(0,0,0)
(0,0,0)
(0,0,0)
(0,0,0)
(0,0,0)
(0,0,0)
(-7.33611056470022e-13,-1.72577503105956e-11,3.33525338408217e-10)
(-1.26330180814913e-12,-3.28288830070484e-11,3.28161304741377e-10)
(-9.56237799097903e-13,-5.01904383095727e-11,3.18050287304528e-10)
(3.70624815519672e-13,-7.21343432694272e-11,3.03630973197416e-10)
(2.79414583160147e-12,-1.02378252265523e-10,2.85298236184041e-10)
(5.61103830930438e-12,-1.51904450476118e-10,2.63553536147095e-10)
(2.60529664678568e-12,-2.31768679838077e-10,2.35586191869301e-10)
(1.95962620047499e-12,-2.88997372973946e-10,1.8626200698148e-10)
(2.8586175734365e-12,-3.23642800496162e-10,1.27640474236779e-10)
(4.18685721386769e-12,-3.40325207318028e-10,6.4707773865897e-11)
(0,0,0)
(0,0,0)
(0,0,0)
(0,0,0)
(0,0,0)
(0,0,0)
(-9.39779861661299e-13,-1.26273277002299e-11,3.74138264125875e-10)
(-1.41654123944149e-12,-2.39811673783304e-11,3.69125241451268e-10)
(-4.24358430894904e-13,-3.67273620015697e-11,3.59771624601364e-10)
(8.12850247684585e-13,-5.34309814405062e-11,3.46794540178697e-10)
(2.3965423100268e-12,-7.7839406396975e-11,3.29910968225211e-10)
(3.98771810611754e-12,-1.18326067889046e-10,3.0788096284989e-10)
(4.30067126401274e-12,-1.79839198303481e-10,2.75491764874248e-10)
(4.22430249346834e-12,-2.28416214028743e-10,2.21756990968468e-10)
(4.38507663520278e-12,-2.57851482551855e-10,1.5370566377955e-10)
(4.82825283390962e-12,-2.71430576238265e-10,7.83730663457307e-11)
(0,0,0)
(0,0,0)
(0,0,0)
(0,0,0)
(0,0,0)
(0,0,0)
(-5.67857153711348e-13,-8.55408488728565e-12,4.0331519370271e-10)
(-8.42652977314738e-13,-1.60440917678648e-11,3.98706925109156e-10)
(-3.4988771309912e-13,-2.41746360098001e-11,3.89868648917732e-10)
(6.66049935461393e-13,-3.57345592393245e-11,3.77246770729079e-10)
(2.02190605545714e-12,-5.34128587116431e-11,3.60075099468866e-10)
(2.85596870574202e-12,-8.19491518072789e-11,3.35995335258047e-10)
(4.2678848034976e-12,-1.21803753133705e-10,2.99074159595623e-10)
(5.17760102221862e-12,-1.56140584346337e-10,2.42838962984728e-10)
(5.06858091667144e-12,-1.7813380848284e-10,1.70560408575448e-10)
(4.39052461842181e-12,-1.88229257058623e-10,8.79976688103567e-11)
(0,0,0)
(0,0,0)
(0,0,0)
(0,0,0)
(0,0,0)
(0,0,0)
(-3.86604688002779e-13,-4.51367344742924e-12,4.18945661905135e-10)
(-4.84238607455895e-13,-8.04846855376381e-12,4.14045383769703e-10)
(-6.02450412343771e-13,-1.19026455342408e-11,4.05512676608484e-10)
(7.55273396244533e-14,-1.7896838043658e-11,3.93007580661899e-10)
(1.47891604982169e-12,-2.73111884453706e-11,3.75186269957866e-10)
(2.08555883841337e-12,-4.21720074391112e-11,3.49353997562317e-10)
(3.53911850385808e-12,-6.13006717193083e-11,3.09267548961619e-10)
(4.87872052400304e-12,-7.86844289148433e-11,2.51505995746169e-10)
(4.82770161303367e-12,-9.05024878010797e-11,1.77700287355328e-10)
(3.81556246256028e-12,-9.58410636298427e-11,9.20255011672824e-11)
(0,0,0)
(0,0,0)
(0,0,0)
(0,0,0)
(0,0,0)
(0,0,0)
(0,0,0)
(0,0,0)
(0,0,0)
(0,0,0)
(0,0,0)
(0,0,0)
(0,0,0)
(0,0,0)
(0,0,0)
(0,0,0)
(0,0,0)
(0,0,0)
(0,0,0)
(0,0,0)
(0,0,0)
(0,0,0)
(0,0,0)
(0,0,0)
(0,0,0)
(0,0,0)
(0,0,0)
(0,0,0)
(0,0,0)
(0,0,0)
(0,0,0)
(0,0,0)
(0,0,0)
(0,0,0)
(0,0,0)
(0,0,0)
(0,0,0)
(0,0,0)
(0,0,0)
(0,0,0)
(0,0,0)
(0,0,0)
(0,0,0)
(0,0,0)
(0,0,0)
(0,0,0)
(0,0,0)
(0,0,0)
(0,0,0)
(0,0,0)
(0,0,0)
(0,0,0)
(0,0,0)
(0,0,0)
(0,0,0)
(0,0,0)
(0,0,0)
(0,0,0)
(0,0,0)
(0,0,0)
(0,0,0)
(0,0,0)
(0,0,0)
(0,0,0)
(0,0,0)
(0,0,0)
(0,0,0)
(0,0,0)
(0,0,0)
(0,0,0)
(0,0,0)
(0,0,0)
(0,0,0)
(0,0,0)
(0,0,0)
(0,0,0)
(0,0,0)
(0,0,0)
(0,0,0)
(0,0,0)
(0,0,0)
(0,0,0)
(0,0,0)
(0,0,0)
(0,0,0)
(0,0,0)
(0,0,0)
(0,0,0)
(0,0,0)
(0,0,0)
(0,0,0)
(0,0,0)
(0,0,0)
(0,0,0)
(0,0,0)
(0,0,0)
(0,0,0)
(0,0,0)
(0,0,0)
(0,0,0)
(0,0,0)
(0,0,0)
(0,0,0)
(0,0,0)
(0,0,0)
(0,0,0)
(0,0,0)
(0,0,0)
(0,0,0)
(0,0,0)
(0,0,0)
(0,0,0)
(0,0,0)
(0,0,0)
(0,0,0)
(0,0,0)
(0,0,0)
(0,0,0)
(0,0,0)
(0,0,0)
(0,0,0)
(0,0,0)
(0,0,0)
(0,0,0)
(0,0,0)
(0,0,0)
(0,0,0)
(0,0,0)
(0,0,0)
(0,0,0)
(0,0,0)
(0,0,0)
(0,0,0)
(0,0,0)
(0,0,0)
(0,0,0)
(0,0,0)
(0,0,0)
(0,0,0)
(0,0,0)
(0,0,0)
(0,0,0)
(0,0,0)
(0,0,0)
(0,0,0)
(0,0,0)
(0,0,0)
(0,0,0)
(0,0,0)
(0,0,0)
(0,0,0)
(0,0,0)
(0,0,0)
(0,0,0)
(0,0,0)
(0,0,0)
(0,0,0)
(0,0,0)
(0,0,0)
(0,0,0)
(0,0,0)
(0,0,0)
(0,0,0)
(0,0,0)
(0,0,0)
(0,0,0)
(0,0,0)
(0,0,0)
(0,0,0)
(0,0,0)
(0,0,0)
(0,0,0)
(0,0,0)
(0,0,0)
(0,0,0)
(0,0,0)
(0,0,0)
(0,0,0)
(0,0,0)
(0,0,0)
(0,0,0)
(0,0,0)
(0,0,0)
(0,0,0)
(0,0,0)
(0,0,0)
(0,0,0)
(0,0,0)
(0,0,0)
(0,0,0)
(0,0,0)
(0,0,0)
(0,0,0)
(0,0,0)
(0,0,0)
(0,0,0)
(0,0,0)
(0,0,0)
(0,0,0)
(0,0,0)
(0,0,0)
(0,0,0)
(0,0,0)
(0,0,0)
(0,0,0)
(0,0,0)
(0,0,0)
(0,0,0)
(0,0,0)
(0,0,0)
(0,0,0)
(0,0,0)
(0,0,0)
(0,0,0)
(0,0,0)
(0,0,0)
(0,0,0)
(0,0,0)
(0,0,0)
(0,0,0)
(0,0,0)
(0,0,0)
(0,0,0)
(0,0,0)
(0,0,0)
(0,0,0)
(0,0,0)
(0,0,0)
(0,0,0)
(0,0,0)
(0,0,0)
(0,0,0)
(0,0,0)
(0,0,0)
(0,0,0)
(0,0,0)
(0,0,0)
(0,0,0)
(0,0,0)
(0,0,0)
(0,0,0)
(0,0,0)
(0,0,0)
(0,0,0)
(0,0,0)
(0,0,0)
(0,0,0)
(0,0,0)
(0,0,0)
(0,0,0)
(0,0,0)
(0,0,0)
(0,0,0)
(0,0,0)
(0,0,0)
(0,0,0)
(0,0,0)
(0,0,0)
(0,0,0)
(0,0,0)
(0,0,0)
(0,0,0)
(0,0,0)
(0,0,0)
(0,0,0)
(0,0,0)
(0,0,0)
(0,0,0)
(0,0,0)
(0,0,0)
(0,0,0)
(0,0,0)
(0,0,0)
(0,0,0)
(0,0,0)
(0,0,0)
(0,0,0)
(0,0,0)
(0,0,0)
(0,0,0)
(0,0,0)
(0,0,0)
(0,0,0)
(0,0,0)
(0,0,0)
(0,0,0)
(0,0,0)
(0,0,0)
(0,0,0)
(0,0,0)
(0,0,0)
(0,0,0)
(0,0,0)
(0,0,0)
(0,0,0)
(0,0,0)
(0,0,0)
(0,0,0)
(0,0,0)
(0,0,0)
(0,0,0)
(0,0,0)
(0,0,0)
(0,0,0)
(0,0,0)
(0,0,0)
(0,0,0)
(0,0,0)
(0,0,0)
(0,0,0)
(0,0,0)
(0,0,0)
(0,0,0)
(0,0,0)
(0,0,0)
(0,0,0)
(0,0,0)
(0,0,0)
(0,0,0)
(0,0,0)
(0,0,0)
(0,0,0)
(0,0,0)
(0,0,0)
(0,0,0)
(0,0,0)
(0,0,0)
(0,0,0)
(0,0,0)
(0,0,0)
(0,0,0)
(0,0,0)
(0,0,0)
(0,0,0)
(0,0,0)
(0,0,0)
(0,0,0)
(0,0,0)
(0,0,0)
(0,0,0)
(0,0,0)
(0,0,0)
(0,0,0)
(0,0,0)
(0,0,0)
(0,0,0)
(0,0,0)
(0,0,0)
(0,0,0)
(0,0,0)
(0,0,0)
(0,0,0)
(0,0,0)
(0,0,0)
(0,0,0)
(0,0,0)
(0,0,0)
(0,0,0)
(0,0,0)
(0,0,0)
(0,0,0)
(0,0,0)
(0,0,0)
(0,0,0)
(0,0,0)
(0,0,0)
(0,0,0)
(0,0,0)
(0,0,0)
(0,0,0)
(0,0,0)
(0,0,0)
(0,0,0)
(0,0,0)
(0,0,0)
(0,0,0)
(0,0,0)
(0,0,0)
(0,0,0)
(0,0,0)
(0,0,0)
(0,0,0)
(0,0,0)
(0,0,0)
(0,0,0)
(0,0,0)
(0,0,0)
(0,0,0)
(0,0,0)
(0,0,0)
(0,0,0)
(0,0,0)
(0,0,0)
(0,0,0)
(0,0,0)
(0,0,0)
(0,0,0)
(0,0,0)
(0,0,0)
(0,0,0)
(0,0,0)
(0,0,0)
(0,0,0)
(0,0,0)
(0,0,0)
(0,0,0)
(0,0,0)
(0,0,0)
(0,0,0)
(0,0,0)
(0,0,0)
(0,0,0)
(0,0,0)
(0,0,0)
(0,0,0)
(0,0,0)
(0,0,0)
(0,0,0)
(0,0,0)
(0,0,0)
(0,0,0)
(0,0,0)
(0,0,0)
(0,0,0)
(0,0,0)
(0,0,0)
(0,0,0)
(0,0,0)
(0,0,0)
(0,0,0)
(0,0,0)
(0,0,0)
(0,0,0)
(0,0,0)
(0,0,0)
(0,0,0)
(0,0,0)
(0,0,0)
(0,0,0)
(0,0,0)
(0,0,0)
(0,0,0)
(0,0,0)
(0,0,0)
(0,0,0)
(0,0,0)
(0,0,0)
(0,0,0)
(0,0,0)
(0,0,0)
(0,0,0)
(0,0,0)
(0,0,0)
(0,0,0)
(0,0,0)
(0,0,0)
(0,0,0)
(0,0,0)
(0,0,0)
(0,0,0)
(0,0,0)
(0,0,0)
(0,0,0)
(0,0,0)
(0,0,0)
(0,0,0)
(0,0,0)
(0,0,0)
(0,0,0)
(0,0,0)
(0,0,0)
(0,0,0)
(0,0,0)
(0,0,0)
(0,0,0)
(0,0,0)
(0,0,0)
(0,0,0)
(0,0,0)
(0,0,0)
(0,0,0)
(0,0,0)
(0,0,0)
(0,0,0)
(0,0,0)
(0,0,0)
(0,0,0)
(0,0,0)
(0,0,0)
(0,0,0)
(0,0,0)
(0,0,0)
(0,0,0)
(0,0,0)
(0,0,0)
(0,0,0)
(0,0,0)
(0,0,0)
(0,0,0)
(0,0,0)
(0,0,0)
(0,0,0)
(0,0,0)
(0,0,0)
(0,0,0)
(0,0,0)
(0,0,0)
(0,0,0)
(0,0,0)
(0,0,0)
(0,0,0)
(0,0,0)
(0,0,0)
(0,0,0)
(0,0,0)
(0,0,0)
(0,0,0)
(0,0,0)
(0,0,0)
(0,0,0)
(0,0,0)
(0,0,0)
(0,0,0)
(0,0,0)
(0,0,0)
(0,0,0)
(0,0,0)
(0,0,0)
(0,0,0)
(0,0,0)
(0,0,0)
(0,0,0)
(0,0,0)
(0,0,0)
(0,0,0)
(0,0,0)
(0,0,0)
(0,0,0)
(0,0,0)
(0,0,0)
(0,0,0)
(0,0,0)
(0,0,0)
(0,0,0)
(0,0,0)
(0,0,0)
(0,0,0)
(0,0,0)
(0,0,0)
(0,0,0)
(0,0,0)
(0,0,0)
(0,0,0)
(0,0,0)
(0,0,0)
(0,0,0)
(0,0,0)
(0,0,0)
(0,0,0)
(0,0,0)
(0,0,0)
(0,0,0)
(0,0,0)
(0,0,0)
(0,0,0)
(0,0,0)
(0,0,0)
(0,0,0)
(0,0,0)
(0,0,0)
(0,0,0)
(0,0,0)
(0,0,0)
(0,0,0)
(0,0,0)
(0,0,0)
(0,0,0)
(0,0,0)
(0,0,0)
(0,0,0)
(0,0,0)
(0,0,0)
(0,0,0)
(0,0,0)
(0,0,0)
(0,0,0)
(0,0,0)
(0,0,0)
(0,0,0)
(0,0,0)
(0,0,0)
(0,0,0)
(0,0,0)
(0,0,0)
(0,0,0)
(0,0,0)
(0,0,0)
(0,0,0)
(0,0,0)
(0,0,0)
(0,0,0)
(0,0,0)
(0,0,0)
(0,0,0)
(0,0,0)
(0,0,0)
(0,0,0)
(0,0,0)
(0,0,0)
(0,0,0)
(0,0,0)
(0,0,0)
(0,0,0)
(0,0,0)
(0,0,0)
(0,0,0)
(0,0,0)
(0,0,0)
(0,0,0)
(0,0,0)
(0,0,0)
(0,0,0)
(0,0,0)
(0,0,0)
(0,0,0)
(0,0,0)
(0,0,0)
(0,0,0)
(0,0,0)
(0,0,0)
(0,0,0)
(0,0,0)
(0,0,0)
(0,0,0)
(0,0,0)
(0,0,0)
(0,0,0)
(0,0,0)
(0,0,0)
(0,0,0)
(0,0,0)
(0,0,0)
(0,0,0)
(0,0,0)
(0,0,0)
(0,0,0)
(0,0,0)
(0,0,0)
(0,0,0)
(0,0,0)
(0,0,0)
(0,0,0)
(0,0,0)
(0,0,0)
(0,0,0)
(0,0,0)
(0,0,0)
(0,0,0)
(0,0,0)
(0,0,0)
(0,0,0)
(0,0,0)
(0,0,0)
(0,0,0)
(0,0,0)
(0,0,0)
(0,0,0)
(0,0,0)
(0,0,0)
(0,0,0)
(0,0,0)
(0,0,0)
(0,0,0)
(0,0,0)
(0,0,0)
(0,0,0)
(0,0,0)
(0,0,0)
(0,0,0)
(0,0,0)
(0,0,0)
(0,0,0)
(0,0,0)
(0,0,0)
(0,0,0)
(0,0,0)
(0,0,0)
(0,0,0)
(0,0,0)
(0,0,0)
(0,0,0)
(0,0,0)
(0,0,0)
(0,0,0)
(0,0,0)
(0,0,0)
(0,0,0)
(0,0,0)
(0,0,0)
(0,0,0)
(0,0,0)
(0,0,0)
(0,0,0)
(0,0,0)
(0,0,0)
(0,0,0)
(0,0,0)
(0,0,0)
(0,0,0)
(0,0,0)
(0,0,0)
(0,0,0)
(0,0,0)
(0,0,0)
(0,0,0)
(0,0,0)
(0,0,0)
(0,0,0)
(0,0,0)
(0,0,0)
(0,0,0)
(0,0,0)
(0,0,0)
(0,0,0)
(0,0,0)
(0,0,0)
(0,0,0)
(0,0,0)
(0,0,0)
(0,0,0)
(0,0,0)
(0,0,0)
(0,0,0)
(0,0,0)
(0,0,0)
(0,0,0)
(0,0,0)
(0,0,0)
(0,0,0)
(0,0,0)
(0,0,0)
(0,0,0)
(0,0,0)
(0,0,0)
(0,0,0)
(0,0,0)
(0,0,0)
(0,0,0)
(0,0,0)
(0,0,0)
(0,0,0)
(0,0,0)
(0,0,0)
(0,0,0)
(0,0,0)
(0,0,0)
(0,0,0)
(0,0,0)
(0,0,0)
(0,0,0)
(0,0,0)
(0,0,0)
(0,0,0)
(0,0,0)
(0,0,0)
(0,0,0)
(0,0,0)
(0,0,0)
(0,0,0)
(0,0,0)
(0,0,0)
(0,0,0)
(0,0,0)
(0,0,0)
(0,0,0)
(0,0,0)
(0,0,0)
(0,0,0)
(0,0,0)
(0,0,0)
(0,0,0)
(0,0,0)
(0,0,0)
(0,0,0)
(0,0,0)
(0,0,0)
(0,0,0)
(0,0,0)
(0,0,0)
(0,0,0)
(0,0,0)
(0,0,0)
(0,0,0)
(0,0,0)
(0,0,0)
(0,0,0)
(0,0,0)
(0,0,0)
(0,0,0)
(0,0,0)
(0,0,0)
(0,0,0)
(0,0,0)
(0,0,0)
(0,0,0)
(0,0,0)
(0,0,0)
(0,0,0)
(0,0,0)
(0,0,0)
(0,0,0)
(0,0,0)
(0,0,0)
(0,0,0)
(0,0,0)
(0,0,0)
(0,0,0)
(0,0,0)
(0,0,0)
)
;

boundaryField
{
    fuel
    {
        type            fixedValue;
        value           uniform (0.1 0 0);
    }
    air
    {
        type            fixedValue;
        value           uniform (-0.1 0 0);
    }
    outlet
    {
        type            zeroGradient;
    }
    frontAndBack
    {
        type            empty;
    }
}


// ************************************************************************* //
 