/*--------------------------------*- C++ -*----------------------------------*\
| =========                 |                                                 |
| \\      /  F ield         | foam-extend: Open Source CFD                    |
|  \\    /   O peration     | Version:     4.0                                |
|   \\  /    A nd           | Web:         http://www.foam-extend.org         |
|    \\/     M anipulation  |                                                 |
\*---------------------------------------------------------------------------*/
FoamFile
{
    version 2.0;
    format ascii;
    class volVectorField;
    location "Data/3636";
    object      E;
}
// * * * * * * * * * * * * * * * * * * * * * * * * * * * * * * * * * * * * * //

dimensions      [0 1 -1 0 0 0 0];

internalField   nonuniform List<vector>
4096
(
(0,0,0)
(0,0,0)
(0,0,0)
(0,0,0)
(0,0,0)
(0,0,0)
(0,0,0)
(0,0,0)
(0,0,0)
(0,0,0)
(0,0,0)
(0,0,0)
(0,0,0)
(0,0,0)
(0,0,0)
(0,0,0)
(0,0,0)
(0,0,0)
(0,0,0)
(0,0,0)
(0,0,0)
(0,0,0)
(0,0,0)
(0,0,0)
(0,0,0)
(0,0,0)
(0,0,0)
(0,0,0)
(0,0,0)
(0,0,0)
(0,0,0)
(0,0,0)
(0,0,0)
(0,0,0)
(0,0,0)
(0,0,0)
(0,0,0)
(0,0,0)
(0,0,0)
(0,0,0)
(0,0,0)
(0,0,0)
(0,0,0)
(0,0,0)
(0,0,0)
(0,0,0)
(0,0,0)
(0,0,0)
(0,0,0)
(0,0,0)
(0,0,0)
(0,0,0)
(0,0,0)
(0,0,0)
(0,0,0)
(0,0,0)
(0,0,0)
(0,0,0)
(0,0,0)
(0,0,0)
(0,0,0)
(0,0,0)
(0,0,0)
(0,0,0)
(0,0,0)
(0,0,0)
(0,0,0)
(0,0,0)
(0,0,0)
(0,0,0)
(0,0,0)
(0,0,0)
(0,0,0)
(0,0,0)
(0,0,0)
(0,0,0)
(0,0,0)
(0,0,0)
(0,0,0)
(0,0,0)
(0,0,0)
(0,0,0)
(0,0,0)
(0,0,0)
(0,0,0)
(0,0,0)
(0,0,0)
(0,0,0)
(0,0,0)
(0,0,0)
(0,0,0)
(0,0,0)
(0,0,0)
(0,0,0)
(0,0,0)
(0,0,0)
(0,0,0)
(0,0,0)
(0,0,0)
(0,0,0)
(0,0,0)
(0,0,0)
(0,0,0)
(0,0,0)
(0,0,0)
(0,0,0)
(0,0,0)
(0,0,0)
(0,0,0)
(0,0,0)
(0,0,0)
(0,0,0)
(0,0,0)
(0,0,0)
(0,0,0)
(0,0,0)
(0,0,0)
(0,0,0)
(0,0,0)
(0,0,0)
(0,0,0)
(0,0,0)
(0,0,0)
(0,0,0)
(0,0,0)
(0,0,0)
(0,0,0)
(0,0,0)
(0,0,0)
(0,0,0)
(0,0,0)
(0,0,0)
(0,0,0)
(0,0,0)
(0,0,0)
(0,0,0)
(0,0,0)
(0,0,0)
(0,0,0)
(0,0,0)
(0,0,0)
(0,0,0)
(0,0,0)
(0,0,0)
(0,0,0)
(0,0,0)
(0,0,0)
(0,0,0)
(0,0,0)
(0,0,0)
(0,0,0)
(0,0,0)
(0,0,0)
(0,0,0)
(0,0,0)
(0,0,0)
(0,0,0)
(0,0,0)
(0,0,0)
(0,0,0)
(0,0,0)
(0,0,0)
(0,0,0)
(0,0,0)
(0,0,0)
(0,0,0)
(0,0,0)
(0,0,0)
(0,0,0)
(0,0,0)
(0,0,0)
(0,0,0)
(0,0,0)
(0,0,0)
(0,0,0)
(0,0,0)
(0,0,0)
(0,0,0)
(0,0,0)
(0,0,0)
(0,0,0)
(0,0,0)
(0,0,0)
(0,0,0)
(0,0,0)
(0,0,0)
(0,0,0)
(0,0,0)
(0,0,0)
(0,0,0)
(0,0,0)
(0,0,0)
(0,0,0)
(0,0,0)
(0,0,0)
(0,0,0)
(0,0,0)
(0,0,0)
(0,0,0)
(0,0,0)
(0,0,0)
(0,0,0)
(0,0,0)
(0,0,0)
(0,0,0)
(0,0,0)
(0,0,0)
(0,0,0)
(0,0,0)
(0,0,0)
(0,0,0)
(0,0,0)
(0,0,0)
(0,0,0)
(0,0,0)
(0,0,0)
(0,0,0)
(0,0,0)
(0,0,0)
(0,0,0)
(0,0,0)
(0,0,0)
(0,0,0)
(0,0,0)
(0,0,0)
(0,0,0)
(0,0,0)
(0,0,0)
(0,0,0)
(0,0,0)
(0,0,0)
(0,0,0)
(0,0,0)
(0,0,0)
(0,0,0)
(0,0,0)
(0,0,0)
(0,0,0)
(0,0,0)
(0,0,0)
(0,0,0)
(0,0,0)
(0,0,0)
(0,0,0)
(0,0,0)
(0,0,0)
(0,0,0)
(0,0,0)
(0,0,0)
(0,0,0)
(0,0,0)
(0,0,0)
(0,0,0)
(0,0,0)
(0,0,0)
(0,0,0)
(0,0,0)
(0,0,0)
(0,0,0)
(0,0,0)
(0,0,0)
(0,0,0)
(0,0,0)
(0,0,0)
(0,0,0)
(0,0,0)
(0,0,0)
(0,0,0)
(0,0,0)
(0,0,0)
(0,0,0)
(0,0,0)
(0,0,0)
(0,0,0)
(0,0,0)
(0,0,0)
(0,0,0)
(0,0,0)
(0,0,0)
(0,0,0)
(0,0,0)
(0,0,0)
(0,0,0)
(0,0,0)
(0,0,0)
(0,0,0)
(0,0,0)
(0,0,0)
(0,0,0)
(0,0,0)
(0,0,0)
(0,0,0)
(0,0,0)
(0,0,0)
(0,0,0)
(0,0,0)
(0,0,0)
(0,0,0)
(0,0,0)
(0,0,0)
(0,0,0)
(0,0,0)
(0,0,0)
(0,0,0)
(0,0,0)
(0,0,0)
(0,0,0)
(0,0,0)
(0,0,0)
(0,0,0)
(0,0,0)
(0,0,0)
(0,0,0)
(0,0,0)
(0,0,0)
(0,0,0)
(0,0,0)
(0,0,0)
(0,0,0)
(0,0,0)
(0,0,0)
(0,0,0)
(0,0,0)
(0,0,0)
(0,0,0)
(0,0,0)
(0,0,0)
(0,0,0)
(0,0,0)
(0,0,0)
(0,0,0)
(0,0,0)
(0,0,0)
(0,0,0)
(0,0,0)
(0,0,0)
(0,0,0)
(0,0,0)
(0,0,0)
(0,0,0)
(0,0,0)
(0,0,0)
(0,0,0)
(0,0,0)
(0,0,0)
(0,0,0)
(0,0,0)
(0,0,0)
(0,0,0)
(0,0,0)
(0,0,0)
(0,0,0)
(0,0,0)
(0,0,0)
(0,0,0)
(0,0,0)
(0,0,0)
(0,0,0)
(0,0,0)
(0,0,0)
(0,0,0)
(0,0,0)
(0,0,0)
(0,0,0)
(0,0,0)
(0,0,0)
(0,0,0)
(0,0,0)
(0,0,0)
(0,0,0)
(0,0,0)
(0,0,0)
(0,0,0)
(0,0,0)
(0,0,0)
(0,0,0)
(0,0,0)
(0,0,0)
(0,0,0)
(0,0,0)
(0,0,0)
(0,0,0)
(0,0,0)
(0,0,0)
(0,0,0)
(0,0,0)
(0,0,0)
(0,0,0)
(0,0,0)
(0,0,0)
(0,0,0)
(0,0,0)
(0,0,0)
(0,0,0)
(0,0,0)
(0,0,0)
(0,0,0)
(0,0,0)
(0,0,0)
(0,0,0)
(0,0,0)
(0,0,0)
(0,0,0)
(0,0,0)
(0,0,0)
(0,0,0)
(0,0,0)
(0,0,0)
(0,0,0)
(0,0,0)
(0,0,0)
(0,0,0)
(0,0,0)
(0,0,0)
(0,0,0)
(0,0,0)
(0,0,0)
(0,0,0)
(0,0,0)
(0,0,0)
(0,0,0)
(0,0,0)
(0,0,0)
(0,0,0)
(0,0,0)
(0,0,0)
(0,0,0)
(0,0,0)
(0,0,0)
(0,0,0)
(0,0,0)
(0,0,0)
(0,0,0)
(0,0,0)
(0,0,0)
(0,0,0)
(0,0,0)
(0,0,0)
(0,0,0)
(0,0,0)
(0,0,0)
(0,0,0)
(0,0,0)
(0,0,0)
(0,0,0)
(0,0,0)
(0,0,0)
(0,0,0)
(0,0,0)
(0,0,0)
(0,0,0)
(0,0,0)
(0,0,0)
(0,0,0)
(0,0,0)
(0,0,0)
(0,0,0)
(0,0,0)
(0,0,0)
(0,0,0)
(0,0,0)
(0,0,0)
(0,0,0)
(0,0,0)
(0,0,0)
(0,0,0)
(0,0,0)
(0,0,0)
(0,0,0)
(0,0,0)
(0,0,0)
(0,0,0)
(0,0,0)
(0,0,0)
(0,0,0)
(0,0,0)
(0,0,0)
(0,0,0)
(0,0,0)
(0,0,0)
(0,0,0)
(0,0,0)
(0,0,0)
(0,0,0)
(0,0,0)
(0,0,0)
(0,0,0)
(0,0,0)
(0,0,0)
(0,0,0)
(0,0,0)
(0,0,0)
(0,0,0)
(0,0,0)
(0,0,0)
(0,0,0)
(0,0,0)
(0,0,0)
(0,0,0)
(0,0,0)
(0,0,0)
(0,0,0)
(0,0,0)
(0,0,0)
(0,0,0)
(0,0,0)
(0,0,0)
(0,0,0)
(0,0,0)
(0,0,0)
(0,0,0)
(0,0,0)
(0,0,0)
(0,0,0)
(0,0,0)
(0,0,0)
(0,0,0)
(0,0,0)
(0,0,0)
(0,0,0)
(0,0,0)
(0,0,0)
(0,0,0)
(0,0,0)
(0,0,0)
(0,0,0)
(0,0,0)
(0,0,0)
(0,0,0)
(0,0,0)
(0,0,0)
(0,0,0)
(0,0,0)
(0,0,0)
(0,0,0)
(0,0,0)
(0,0,0)
(0,0,0)
(0,0,0)
(0,0,0)
(0,0,0)
(0,0,0)
(0,0,0)
(0,0,0)
(0,0,0)
(0,0,0)
(0,0,0)
(0,0,0)
(0,0,0)
(0,0,0)
(0,0,0)
(0,0,0)
(0,0,0)
(0,0,0)
(0,0,0)
(0,0,0)
(0,0,0)
(0,0,0)
(0,0,0)
(0,0,0)
(0,0,0)
(0,0,0)
(0,0,0)
(0,0,0)
(0,0,0)
(0,0,0)
(0,0,0)
(0,0,0)
(0,0,0)
(0,0,0)
(0,0,0)
(0,0,0)
(0,0,0)
(0,0,0)
(0,0,0)
(0,0,0)
(0,0,0)
(0,0,0)
(0,0,0)
(0,0,0)
(0,0,0)
(0,0,0)
(0,0,0)
(0,0,0)
(0,0,0)
(0,0,0)
(0,0,0)
(0,0,0)
(0,0,0)
(0,0,0)
(0,0,0)
(0,0,0)
(0,0,0)
(0,0,0)
(0,0,0)
(0,0,0)
(0,0,0)
(0,0,0)
(0,0,0)
(0,0,0)
(0,0,0)
(0,0,0)
(0,0,0)
(0,0,0)
(0,0,0)
(0,0,0)
(0,0,0)
(0,0,0)
(0,0,0)
(0,0,0)
(0,0,0)
(0,0,0)
(0,0,0)
(0,0,0)
(0,0,0)
(0,0,0)
(0,0,0)
(0,0,0)
(0,0,0)
(0,0,0)
(0,0,0)
(0,0,0)
(0,0,0)
(0,0,0)
(0,0,0)
(0,0,0)
(0,0,0)
(0,0,0)
(0,0,0)
(0,0,0)
(0,0,0)
(0,0,0)
(0,0,0)
(0,0,0)
(0,0,0)
(0,0,0)
(0,0,0)
(0,0,0)
(0,0,0)
(0,0,0)
(0,0,0)
(0,0,0)
(0,0,0)
(0,0,0)
(0,0,0)
(0,0,0)
(0,0,0)
(0,0,0)
(0,0,0)
(0,0,0)
(0,0,0)
(0,0,0)
(0,0,0)
(0,0,0)
(0,0,0)
(0,0,0)
(0,0,0)
(0,0,0)
(0,0,0)
(0,0,0)
(0,0,0)
(0,0,0)
(0,0,0)
(0,0,0)
(0,0,0)
(0,0,0)
(0,0,0)
(0,0,0)
(0,0,0)
(0,0,0)
(0,0,0)
(0,0,0)
(0,0,0)
(0,0,0)
(0,0,0)
(0,0,0)
(0,0,0)
(0,0,0)
(0,0,0)
(0,0,0)
(0,0,0)
(0,0,0)
(0,0,0)
(0,0,0)
(0,0,0)
(0,0,0)
(0,0,0)
(0,0,0)
(0,0,0)
(0,0,0)
(0,0,0)
(0,0,0)
(0,0,0)
(0,0,0)
(0,0,0)
(0,0,0)
(0,0,0)
(0,0,0)
(0,0,0)
(0,0,0)
(0,0,0)
(0,0,0)
(0,0,0)
(0,0,0)
(0,0,0)
(0,0,0)
(0,0,0)
(0,0,0)
(0,0,0)
(0,0,0)
(0,0,0)
(0,0,0)
(0,0,0)
(0,0,0)
(0,0,0)
(0,0,0)
(0,0,0)
(0,0,0)
(0,0,0)
(0,0,0)
(0,0,0)
(0,0,0)
(0,0,0)
(0,0,0)
(0,0,0)
(0,0,0)
(0,0,0)
(0,0,0)
(0,0,0)
(0,0,0)
(0,0,0)
(0,0,0)
(0,0,0)
(0,0,0)
(0,0,0)
(0,0,0)
(0,0,0)
(0,0,0)
(0,0,0)
(0,0,0)
(0,0,0)
(0,0,0)
(0,0,0)
(0,0,0)
(0,0,0)
(0,0,0)
(0,0,0)
(0,0,0)
(0,0,0)
(0,0,0)
(0,0,0)
(0,0,0)
(0,0,0)
(0,0,0)
(0,0,0)
(0,0,0)
(0,0,0)
(0,0,0)
(0,0,0)
(0,0,0)
(0,0,0)
(0,0,0)
(0,0,0)
(0,0,0)
(0,0,0)
(0,0,0)
(0,0,0)
(0,0,0)
(0,0,0)
(0,0,0)
(0,0,0)
(0,0,0)
(0,0,0)
(0,0,0)
(0,0,0)
(0,0,0)
(0,0,0)
(0,0,0)
(0,0,0)
(0,0,0)
(0,0,0)
(0,0,0)
(0,0,0)
(0,0,0)
(0,0,0)
(0,0,0)
(0,0,0)
(0,0,0)
(0,0,0)
(0,0,0)
(0,0,0)
(0,0,0)
(0,0,0)
(0,0,0)
(0,0,0)
(0,0,0)
(0,0,0)
(0,0,0)
(0,0,0)
(0,0,0)
(0,0,0)
(0,0,0)
(0,0,0)
(0,0,0)
(0,0,0)
(0,0,0)
(0,0,0)
(0,0,0)
(0,0,0)
(0,0,0)
(0,0,0)
(0,0,0)
(0,0,0)
(0,0,0)
(0,0,0)
(0,0,0)
(0,0,0)
(0,0,0)
(0,0,0)
(-220876.081156812,117483.137263426,103392.943893386)
(-233573.707543803,112610.209569978,224356.441867209)
(-263016.217636623,102491.982250028,384880.6772538)
(-318664.39096224,86657.3944734084,616887.673742644)
(-419023.909997095,65262.5011313172,970649.082608419)
(-599127.754466569,40647.0824251944,1529129.7546498)
(-925221.654203297,18240.5865675281,2436110.82228559)
(-1514584.81282212,4477.69046057621,3946217.94464715)
(-2497998.90341708,-85.9079335888668,6444302.75599778)
(-3480425.70975084,-426.730265840373,9925155.19601452)
(0,0,0)
(0,0,0)
(0,0,0)
(0,0,0)
(0,0,0)
(0,0,0)
(-233531.802648245,252383.879306468,98631.0606052018)
(-246373.742492409,243250.011291774,214365.001375815)
(-276307.306040087,224042.542508278,369121.74715765)
(-333273.068579685,193435.482833608,595616.727377134)
(-436424.165284414,151123.362790874,946180.03100199)
(-620860.493283929,100799.401979624,1506888.20473148)
(-950551.857017995,53181.9069079522,2422498.74140904)
(-1537678.74325863,22984.4799009944,3941670.6952272)
(-2513396.28274254,11107.263108885,6443873.80692733)
(-3487611.2247111,5633.45177895017,9925424.84959354)
(0,0,0)
(0,0,0)
(0,0,0)
(0,0,0)
(0,0,0)
(0,0,0)
(-262608.449778401,425430.322272491,89562.0068123777)
(-275656.48160201,413211.372633483,195257.127072682)
(-306541.2186743,387209.670577572,338631.217677695)
(-366362.373027687,344961.322759898,553467.750779092)
(-476104.603409755,284694.386560807,896001.330418902)
(-671986.325535077,209416.103633426,1459370.95430018)
(-1013024.4503124,133186.506995687,2392390.80452486)
(-1595207.00759168,80789.2435330723,3929793.04848441)
(-2550462.06643206,53126.8231624336,6438235.55486295)
(-3504412.94525501,28778.9864611859,9919502.96543577)
(0,0,0)
(0,0,0)
(0,0,0)
(0,0,0)
(0,0,0)
(0,0,0)
(-316911.725607881,665035.341689552,77306.7061908203)
(-330186.043204663,651405.957890211,169298.164138756)
(-362256.069278862,622251.032188622,296512.871806561)
(-426175.695845879,574275.555746162,493374.334666166)
(-546756.604376791,503969.86141634,820855.464187439)
(-764600.502749326,411611.713172217,1383260.35739797)
(-1132726.21357495,309019.424585478,2340153.65338311)
(-1706535.48359723,225223.897101321,3902254.48341208)
(-2618374.0288373,159940.133084008,6413815.20232773)
(-3534050.59145556,86058.7852196653,9890585.99502503)
(0,0,0)
(0,0,0)
(0,0,0)
(0,0,0)
(0,0,0)
(0,0,0)
(-414250.805443232,1015605.2183585,63680.9287742793)
(-427490.309568777,1002351.13845057,140226.057782696)
(-460183.772982894,974001.356510712,248659.5064435)
(-527541.269664769,927241.876840009,423234.455014425)
(-659325.414773813,857942.000375372,728587.7308292)
(-904360.333903273,763779.311182239,1280780.46672244)
(-1315064.44499904,648360.249255244,2256504.08705172)
(-1876090.9783857,520725.285014643,3837093.67752412)
(-2717103.05092599,374251.146284827,6339885.7152494)
(-3576887.02844797,198367.702848529,9804463.8260685)
(0,0,0)
(0,0,0)
(0,0,0)
(0,0,0)
(0,0,0)
(0,0,0)
(-589932.724509051,1555113.07736654,50424.8655010163)
(-602506.484010408,1543362.40658151,111920.08138048)
(-634132.907844218,1518092.24552204,201962.100213374)
(-700821.101633132,1476000.38912522,354024.68956129)
(-833981.373126361,1411493.12904128,634454.934021764)
(-1083658.48557092,1316506.83893516,1165385.89183977)
(-1495614.61621257,1180480.09402896,2128880.66327862)
(-2031215.1130946,990189.324731375,3690631.73665652)
(-2824059.44357031,725017.449617321,6163924.87689436)
(-3630795.58461443,387050.910184874,9606037.2541724)
(0,0,0)
(0,0,0)
(0,0,0)
(0,0,0)
(0,0,0)
(0,0,0)
(-912390.008914673,2428924.06226297,38579.0240182432)
(-923541.256854997,2418815.88799749,86666.7994572788)
(-951931.051914796,2396786.12485591,159903.972038208)
(-1012823.34480678,2359186.35624324,289541.34972696)
(-1136504.95221576,2298062.09470693,539477.336277065)
(-1371088.76654243,2197705.15345118,1029367.78830348)
(-1757699.08938512,2028963.03081897,1938583.9408986)
(-2244737.65192542,1748121.00209423,3425389.91546115)
(-2983399.59488311,1307990.98933678,5825815.9706248)
(-3718693.22448444,712701.553188408,9218858.55210578)
(0,0,0)
(0,0,0)
(0,0,0)
(0,0,0)
(0,0,0)
(0,0,0)
(-1502051.33017714,3902689.01781129,28286.3746288031)
(-1510971.95738071,3893471.71452394,64602.5054830644)
(-1533840.96679701,3873001.89170252,122227.705433468)
(-1583376.23217203,3836426.54019103,228363.753657683)
(-1685043.1803727,3772430.59538562,439038.433351683)
(-1880035.76503356,3656266.32972264,860513.022113762)
(-2203781.96800705,3435592.31938616,1657665.70155358)
(-2598080.20893467,3018733.86781054,2985133.04477198)
(-3272656.35439951,2335483.11809198,5230297.27041628)
(-3886755.71558079,1323844.99001316,8505909.54917227)
(0,0,0)
(0,0,0)
(0,0,0)
(0,0,0)
(0,0,0)
(0,0,0)
(-2489416.72365659,6373167.01544262,18938.7260252647)
(-2495518.53002903,6363884.18160848,44044.7889697401)
(-2511066.38348812,6342601.96733846,85511.0968218724)
(-2544390.91830899,6302058.29073674,164270.264585144)
(-2611552.02865594,6225560.74563328,322692.142993444)
(-2737719.55072268,6077099.51232299,639578.5111158)
(-2949642.40752694,5784271.49109028,1240541.74693863)
(-3264576.50606668,5222210.20003407,2301641.92078181)
(-3806199.99116007,4224921.67602465,4218403.35400909)
(-4179920.84175373,2540309.27486687,7181859.91090912)
(0,0,0)
(0,0,0)
(0,0,0)
(0,0,0)
(0,0,0)
(0,0,0)
(-3476470.41030068,9840006.50933104,9630.91641224394)
(-3479543.13023351,9830355.93557855,22702.2926756488)
(-3487283.06077614,9807715.05931686,44872.2614733973)
(-3503643.35971837,9762909.02363302,87664.8882955304)
(-3536156.67808862,9675356.36633453,174025.945682931)
(-3596922.68781571,9501602.16398256,346445.981839004)
(-3702986.59084137,9155601.67017933,678102.393591304)
(-3881724.70722374,8478025.95722941,1304011.34361967)
(-4178940.59722958,7174388.01040647,2533485.60646734)
(-4208610.2612559,4641107.98185072,4641297.16073944)
(0,0,0)
(0,0,0)
(0,0,0)
(0,0,0)
(0,0,0)
(0,0,0)
(0,0,0)
(0,0,0)
(0,0,0)
(0,0,0)
(0,0,0)
(0,0,0)
(0,0,0)
(0,0,0)
(0,0,0)
(0,0,0)
(0,0,0)
(0,0,0)
(0,0,0)
(0,0,0)
(0,0,0)
(0,0,0)
(0,0,0)
(0,0,0)
(0,0,0)
(0,0,0)
(0,0,0)
(0,0,0)
(0,0,0)
(0,0,0)
(0,0,0)
(0,0,0)
(0,0,0)
(0,0,0)
(0,0,0)
(0,0,0)
(0,0,0)
(0,0,0)
(0,0,0)
(0,0,0)
(0,0,0)
(0,0,0)
(0,0,0)
(0,0,0)
(0,0,0)
(0,0,0)
(0,0,0)
(0,0,0)
(0,0,0)
(0,0,0)
(0,0,0)
(0,0,0)
(0,0,0)
(0,0,0)
(0,0,0)
(0,0,0)
(0,0,0)
(0,0,0)
(0,0,0)
(0,0,0)
(0,0,0)
(0,0,0)
(0,0,0)
(0,0,0)
(0,0,0)
(0,0,0)
(0,0,0)
(0,0,0)
(0,0,0)
(0,0,0)
(0,0,0)
(0,0,0)
(0,0,0)
(0,0,0)
(0,0,0)
(0,0,0)
(0,0,0)
(0,0,0)
(0,0,0)
(0,0,0)
(0,0,0)
(0,0,0)
(0,0,0)
(0,0,0)
(0,0,0)
(0,0,0)
(0,0,0)
(0,0,0)
(0,0,0)
(0,0,0)
(0,0,0)
(0,0,0)
(0,0,0)
(0,0,0)
(0,0,0)
(0,0,0)
(0,0,0)
(0,0,0)
(0,0,0)
(0,0,0)
(0,0,0)
(0,0,0)
(32639739.2547202,104666.15639165,90658.0791414228)
(32618414.908444,99698.516134075,194910.518429777)
(32569440.1950173,89133.6005537918,329260.07663205)
(32477974.9609419,72004.6950346359,516555.601103266)
(32315126.723433,47846.9678688609,790497.57121441)
(32025472.9751809,18906.9690582774,1202929.44391864)
(31494100.808225,-7080.06626818765,1846626.61916848)
(30443970.1554466,-18579.8368909376,2962591.05920075)
(28074488.7091669,-15447.4157710812,5461490.43379793)
(21639589.1347629,-7609.04213343522,13405024.2028279)
(0,0,0)
(0,0,0)
(0,0,0)
(0,0,0)
(0,0,0)
(0,0,0)
(32618108.8442914,223210.622405892,85754.4584562095)
(32596730.3422702,213856.686408908,184431.774828865)
(32547287.4203687,193717.165353112,312193.055030889)
(32454081.9943675,160285.27936702,492496.979161455)
(32286762.1837888,111408.161604011,761689.007763217)
(31988961.2145226,49643.0644649277,1177070.77596016)
(31449442.4946109,-9305.59898695479,1835241.52846026)
(30403685.1545371,-34521.4212820507,2965758.78646566)
(28049457.1967948,-25902.2232795554,5469299.68584665)
(21628640.1141881,-11128.5338770726,13412507.4101009)
(0,0,0)
(0,0,0)
(0,0,0)
(0,0,0)
(0,0,0)
(0,0,0)
(32568939.020036,371121.04502216,76481.6789793157)
(32547537.4021474,358681.108807824,164402.944241042)
(32497138.3652802,331494.205053132,278885.891996672)
(32399836.4469756,285134.49658577,443777.426184857)
(32220901.4354726,214023.585861028,700095.534455617)
(31898666.2382659,116791.992347703,1118233.61418209)
(31328245.3225699,13502.3675741834,1810095.44614877)
(30292442.4327044,-30512.1443142049,2974376.30029497)
(27984748.4725624,-14749.70666057,5483952.81609142)
(21601791.5748142,-826.380391395894,13423385.7139466)
(0,0,0)
(0,0,0)
(0,0,0)
(0,0,0)
(0,0,0)
(0,0,0)
(32478412.454338,567707.853560968,64028.5829253838)
(32457039.9229013,554140.87732086,137282.419716441)
(32405438.8946848,524367.346883094,232653.885332811)
(32301791.6429952,472954.089826929,372806.524660632)
(32101542.6083039,391455.726773846,603014.742477317)
(31724139.3617648,271910.537108143,1015095.90461285)
(31058831.8704203,126746.353890477,1766233.40571141)
(30039145.0204596,55746.0573333125,2990234.27141724)
(27853960.3942097,61276.9460026159,5497812.76711702)
(21551542.7379307,43247.3099972739,13424085.3187523)
(0,0,0)
(0,0,0)
(0,0,0)
(0,0,0)
(0,0,0)
(0,0,0)
(32319001.016532,839935.572148554,50460.0308472673)
(32298116.199639,827341.457803081,107592.512567216)
(32246288.1849203,800074.953205307,181352.519752069)
(32137246.03209,754008.949392413,291449.929841821)
(31912586.1129709,683342.118655943,483591.581625198)
(31452466.6945178,584527.566574015,870087.095148397)
(30574452.841187,467858.287900729,1695397.44636221)
(29569434.8027145,365659.283453688,2995898.01055178)
(27648902.4627306,267346.165249514,5479762.84905823)
(21476787.0134874,144490.06987236,13380785.6186578)
(0,0,0)
(0,0,0)
(0,0,0)
(0,0,0)
(0,0,0)
(0,0,0)
(32035470.6699881,1232619.0067242,37852.7423371606)
(32015999.6325814,1222296.14015318,80331.5148053262)
(31966625.399342,1200289.56876796,135298.163466555)
(31859587.9974617,1163991.95086114,220845.634313265)
(31632348.7268859,1108983.28140613,384813.94296086)
(31159077.158822,1029095.58179966,753449.854752378)
(30269971.6423042,918432.69646813,1593228.75907844)
(29309264.1407245,776710.158980116,2897638.20114296)
(27474315.789861,565680.529977968,5356868.17439341)
(21391118.5110885,299128.88158608,13236254.8383868)
(0,0,0)
(0,0,0)
(0,0,0)
(0,0,0)
(0,0,0)
(0,0,0)
(31509591.1022434,1839141.08732514,27436.3796509925)
(31492612.7311438,1831238.05022515,58280.0529903012)
(31448862.9313825,1814740.99941393,98974.2104572311)
(31351746.9753516,1788517.45904108,165817.953528962)
(31139898.2134512,1749459.46282101,304878.177857262)
(30687377.3658877,1688709.94008082,642737.258555965)
(29825104.8600888,1582824.03897003,1451481.53799015)
(28958089.664365,1394730.29776528,2686573.65432469)
(27215905.9204798,1018670.17148255,5090218.06886713)
(21245034.5730934,544562.412753759,12936996.3115318)
(0,0,0)
(0,0,0)
(0,0,0)
(0,0,0)
(0,0,0)
(0,0,0)
(30458525.9415101,2915126.87341163,19376.5136363541)
(30445138.2459224,2908721.81951454,41722.1124538585)
(30410301.8497471,2895580.33084389,72679.5358898847)
(30331856.7092934,2875202.36096568,126701.263909895)
(30157310.5221183,2845731.77716154,244014.818488442)
(29773502.3370703,2798407.57346824,536718.654407367)
(29018878.3836673,2689544.24105627,1263277.6720569)
(28453414.056454,2352062.84972403,2310390.42611943)
(26694622.5922747,1801797.68517313,4615923.53716474)
(20906924.4295985,1030573.19745749,12392172.1786918)
(0,0,0)
(0,0,0)
(0,0,0)
(0,0,0)
(0,0,0)
(0,0,0)
(28082927.5143428,5385850.78846494,12871.418357489)
(28073906.8538404,5379601.41240853,28506.0130041412)
(28050628.1902297,5366131.19778351,52200.1437567879)
(27999323.1319778,5342511.16692332,97116.8589223316)
(27890106.1341177,5300645.70069337,196484.344026909)
(27667900.3782279,5217597.90854276,427613.65141202)
(27267287.4759448,5030629.43297596,925538.147430806)
(26704276.6036845,4604777.82750024,1759909.63131354)
(25115019.9881026,3851946.25740507,3844480.65122907)
(19878279.6301794,2511447.25219954,11361345.6959639)
(0,0,0)
(0,0,0)
(0,0,0)
(0,0,0)
(0,0,0)
(0,0,0)
(21642652.0706056,13316068.5718185,6599.30715016863)
(21638168.7783368,13309445.2738002,14983.1085980612)
(21626739.7594479,13294518.5601746,28512.4973929985)
(21602106.2637677,13266062.3690914,55151.2431491679)
(21551339.3472588,13211000.6435276,113239.846377629)
(21451491.9477317,13097993.3865618,240369.304221401)
(21266576.1274483,12858055.4075072,499320.18281058)
(20912321.9001027,12359251.6158976,1006739.35849711)
(19879109.8593548,11352876.6497918,2503698.08093617)
(16163466.4085248,8849392.9703535,8849615.26441164)
(0,0,0)
(0,0,0)
(0,0,0)
(0,0,0)
(0,0,0)
(0,0,0)
(0,0,0)
(0,0,0)
(0,0,0)
(0,0,0)
(0,0,0)
(0,0,0)
(0,0,0)
(0,0,0)
(0,0,0)
(0,0,0)
(0,0,0)
(0,0,0)
(0,0,0)
(0,0,0)
(0,0,0)
(0,0,0)
(0,0,0)
(0,0,0)
(0,0,0)
(0,0,0)
(0,0,0)
(0,0,0)
(0,0,0)
(0,0,0)
(0,0,0)
(0,0,0)
(0,0,0)
(0,0,0)
(0,0,0)
(0,0,0)
(0,0,0)
(0,0,0)
(0,0,0)
(0,0,0)
(0,0,0)
(0,0,0)
(0,0,0)
(0,0,0)
(0,0,0)
(0,0,0)
(0,0,0)
(0,0,0)
(0,0,0)
(0,0,0)
(0,0,0)
(0,0,0)
(0,0,0)
(0,0,0)
(0,0,0)
(0,0,0)
(0,0,0)
(0,0,0)
(0,0,0)
(0,0,0)
(0,0,0)
(0,0,0)
(0,0,0)
(0,0,0)
(0,0,0)
(0,0,0)
(0,0,0)
(0,0,0)
(0,0,0)
(0,0,0)
(0,0,0)
(0,0,0)
(0,0,0)
(0,0,0)
(0,0,0)
(0,0,0)
(0,0,0)
(0,0,0)
(0,0,0)
(0,0,0)
(0,0,0)
(0,0,0)
(0,0,0)
(0,0,0)
(0,0,0)
(0,0,0)
(0,0,0)
(0,0,0)
(0,0,0)
(0,0,0)
(0,0,0)
(0,0,0)
(0,0,0)
(0,0,0)
(0,0,0)
(0,0,0)
(0,0,0)
(0,0,0)
(0,0,0)
(0,0,0)
(0,0,0)
(0,0,0)
(-568485.323546457,82882.5446523399,69402.462204232)
(-592027.341954837,77908.4818034211,145996.659389415)
(-645195.74454489,66900.1764664043,237792.851075216)
(-741893.408868387,48049.2458523723,353672.403623131)
(-907368.777124329,19479.8510466602,500748.48172371)
(-1183478.33454913,-17586.7271356059,671346.947179358)
(-1635008.25795509,-51709.6918515659,796226.133801026)
(-2349577.34874007,-58845.5890879259,592679.655665571)
(-3374163.6006619,-40476.3406258774,-974131.265289815)
(-4136087.87894695,-18542.3676473683,-8235851.45534262)
(0,0,0)
(0,0,0)
(0,0,0)
(0,0,0)
(0,0,0)
(0,0,0)
(-593273.498556879,173900.315519945,64425.0005705761)
(-616427.689286246,164494.815453213,135057.12706713)
(-669079.655247531,143388.993758875,218995.813980759)
(-765873.71320692,105913.642123887,325147.553873533)
(-933858.65561604,45513.5395563042,463795.133358622)
(-1217463.93816449,-40646.7394235258,637340.726923502)
(-1679581.58461967,-130483.534904474,789199.077796777)
(-2387252.09773642,-145751.613959365,611102.783531692)
(-3393053.81796745,-90580.4320444299,-952221.681697341)
(-4142756.53060653,-37935.1121664242,-8217371.86379357)
(0,0,0)
(0,0,0)
(0,0,0)
(0,0,0)
(0,0,0)
(0,0,0)
(-648716.022456261,280557.324306713,55058.4622955095)
(-671051.778524295,268161.402676631,114041.484333732)
(-722747.847035305,239770.061258324,181607.057739634)
(-820488.647390111,187080.545471051,264825.67734797)
(-997171.722036977,94673.6339133471,377799.169090363)
(-1310011.66314102,-57744.2827841085,547635.04244764)
(-1828665.33465689,-255901.384049136,774023.977408969)
(-2517751.02424527,-283782.905553397,666309.154542563)
(-3450330.30682736,-145486.553213906,-899645.516308098)
(-4161122.42095569,-51021.2890825482,-8179584.91503218)
(0,0,0)
(0,0,0)
(0,0,0)
(0,0,0)
(0,0,0)
(0,0,0)
(-747894.770234418,408295.69766842,42629.2798006315)
(-769045.825549636,395244.178443319,85692.6810748231)
(-819266.48015199,365228.965452562,128999.580307376)
(-918994.243066072,308421.089330509,172505.351099131)
(-1115338.63945861,202549.351432978,225571.309931824)
(-1513914.97296181,266.227147835239,349675.563316416)
(-2292015.5012643,-357620.353519312,746302.333061061)
(-2945056.6938767,-413913.638476733,804695.208910538)
(-3593881.37377774,-143689.126641407,-805200.021084466)
(-4200540.53886268,-31456.2416609321,-8128621.36312286)
(0,0,0)
(0,0,0)
(0,0,0)
(0,0,0)
(0,0,0)
(0,0,0)
(-914530.419783251,556328.260341872,29559.3022317125)
(-933938.189569741,545161.694444349,55756.6040294745)
(-981334.186686987,520378.613056171,72289.7566228866)
(-1081064.07441367,476344.988456575,66736.3925904822)
(-1300672.61676645,403147.596436781,23457.3059138533)
(-1862928.2210144,291179.045416291,-8000.16823253585)
(-3700750.24512818,163421.577808778,690221.415344402)
(-4390830.08233989,105559.078434877,1075074.01207708)
(-3875560.21727582,92835.0547327541,-692927.060700621)
(-4265213.13507946,58864.6360098569,-8097187.36121454)
(0,0,0)
(0,0,0)
(0,0,0)
(0,0,0)
(0,0,0)
(0,0,0)
(-1189142.11295101,706628.298213003,18373.1736580201)
(-1206165.54539637,698800.975078763,30959.4995913116)
(-1248639.6615275,682435.232149748,28228.3699571257)
(-1341383.28441523,656055.596112842,-6450.52723247543)
(-1554914.32154806,616476.757428413,-88456.2112001827)
(-2115793.95303662,557349.31488312,-135694.94021846)
(-3864237.11545679,473550.757605871,632445.066335192)
(-4496677.52971476,425552.526808948,1062453.71699025)
(-4006720.55638199,307258.289062977,-726872.74250723)
(-4329766.40981805,153020.597086373,-8156083.35408724)
(0,0,0)
(0,0,0)
(0,0,0)
(0,0,0)
(0,0,0)
(0,0,0)
(-1638102.03163277,787923.802495549,10458.0581836088)
(-1652148.30544223,783562.510344199,14517.9880941285)
(-1687865.89813873,775959.574501508,1782.90385338146)
(-1768672.95142957,768411.627549512,-46092.7722121561)
(-1964720.24844617,766714.750367777,-147651.874664277)
(-2513970.72033384,774684.396745862,-219578.441715466)
(-4337689.63972136,776449.847810858,584377.396479702)
(-4922002.67474875,889938.114659748,944144.576332596)
(-4204754.17904942,497272.127391591,-881148.733876725)
(-4436166.72133689,206351.348592542,-8309217.76236276)
(0,0,0)
(0,0,0)
(0,0,0)
(0,0,0)
(0,0,0)
(0,0,0)
(-2354733.76467874,539253.354861279,5990.5824130152)
(-2365313.5278721,537191.372182026,6873.92295968836)
(-2392577.02749418,535594.045839857,-5821.24254747773)
(-2455949.68383,542339.947295794,-47882.7405804158)
(-2618180.48379796,578212.579032112,-139829.134738549)
(-3122059.64502107,692462.337174583,-217984.664486081)
(-5113910.26733802,937617.005985954,697697.256934029)
(-4168844.48434196,602609.238036148,551345.102943536)
(-4362401.59759695,221930.584005499,-1172228.73520872)
(-4600794.75274671,1756.10275482139,-8515853.87843582)
(0,0,0)
(0,0,0)
(0,0,0)
(0,0,0)
(0,0,0)
(0,0,0)
(-3382690.94072611,-1054938.4192326,3870.65775261386)
(-3389548.47063511,-1056669.87616335,5247.65916345325)
(-3407016.3069169,-1058317.00145524,863.632195057493)
(-3445993.33623077,-1055274.07646262,-12145.4472479391)
(-3535327.04204116,-1038663.76571862,-25775.4977484117)
(-3748935.50669429,-999347.959999836,26931.112937976)
(-4215926.84015686,-970606.772585372,362429.636200796)
(-4369347.62527785,-1187726.20155873,170449.73334789)
(-4771478.34583697,-1384432.64009056,-1392628.28002658)
(-4846942.19173936,-1203669.02507851,-8517920.90168451)
(0,0,0)
(0,0,0)
(0,0,0)
(0,0,0)
(0,0,0)
(0,0,0)
(-4142703.19754624,-8327665.09191414,2142.36942332072)
(-4146020.09405262,-8329857.86644528,3579.66068463158)
(-4154377.3609534,-8333412.02843355,3852.2366542674)
(-4172392.46395664,-8337213.20323111,4350.519736866)
(-4210776.69776496,-8341487.89151925,13351.1191511604)
(-4291222.84286014,-8354630.36846424,55408.7467971872)
(-4439909.32667193,-8409640.30672532,144988.163647271)
(-4605532.38572808,-8554225.09916941,-26598.2243215617)
(-4848369.21322525,-8527309.52131797,-1212181.84192426)
(-4678868.00127527,-7314866.46891254,-7314589.55970034)
(0,0,0)
(0,0,0)
(0,0,0)
(0,0,0)
(0,0,0)
(0,0,0)
(0,0,0)
(0,0,0)
(0,0,0)
(0,0,0)
(0,0,0)
(0,0,0)
(0,0,0)
(0,0,0)
(0,0,0)
(0,0,0)
(0,0,0)
(0,0,0)
(0,0,0)
(0,0,0)
(0,0,0)
(0,0,0)
(0,0,0)
(0,0,0)
(0,0,0)
(0,0,0)
(0,0,0)
(0,0,0)
(0,0,0)
(0,0,0)
(0,0,0)
(0,0,0)
(0,0,0)
(0,0,0)
(0,0,0)
(0,0,0)
(0,0,0)
(0,0,0)
(0,0,0)
(0,0,0)
(0,0,0)
(0,0,0)
(0,0,0)
(0,0,0)
(0,0,0)
(0,0,0)
(0,0,0)
(0,0,0)
(0,0,0)
(0,0,0)
(0,0,0)
(0,0,0)
(0,0,0)
(0,0,0)
(0,0,0)
(0,0,0)
(0,0,0)
(0,0,0)
(0,0,0)
(0,0,0)
(0,0,0)
(0,0,0)
(0,0,0)
(0,0,0)
(0,0,0)
(0,0,0)
(0,0,0)
(0,0,0)
(0,0,0)
(0,0,0)
(0,0,0)
(0,0,0)
(0,0,0)
(0,0,0)
(0,0,0)
(0,0,0)
(0,0,0)
(0,0,0)
(0,0,0)
(0,0,0)
(0,0,0)
(0,0,0)
(0,0,0)
(0,0,0)
(0,0,0)
(0,0,0)
(0,0,0)
(0,0,0)
(0,0,0)
(0,0,0)
(0,0,0)
(0,0,0)
(0,0,0)
(0,0,0)
(0,0,0)
(0,0,0)
(0,0,0)
(0,0,0)
(0,0,0)
(0,0,0)
(0,0,0)
(0,0,0)
(-672398.111575627,57992.1071399395,45920.6808892303)
(-692391.467898552,53422.8528177213,92861.954015225)
(-736354.816406774,42973.2234768486,141047.802400263)
(-813005.561360852,24037.1035060699,188122.851386658)
(-936737.837540245,-7042.79831020323,224534.71011278)
(-1126980.37068409,-51588.8605910325,219625.606838775)
(-1400410.53203424,-96271.6137590257,81299.4946769518)
(-1739410.53129495,-96486.8274313629,-432380.495336792)
(-2010512.83569312,-59346.3591391473,-1736684.90116639)
(-1747005.92344885,-25200.574445518,-4100566.28221893)
(0,0,0)
(0,0,0)
(0,0,0)
(0,0,0)
(0,0,0)
(0,0,0)
(-694943.071614917,118323.371929196,41338.3082687792)
(-713842.236314201,109699.682356667,82476.0257577925)
(-755392.828279367,89570.5078176951,122191.914448785)
(-827954.161592121,51204.5062930655,157104.960046984)
(-946022.761275558,-17850.9311450325,180077.198541325)
(-1130796.92850224,-133196.778028588,175018.106316633)
(-1402456.21139692,-279538.814809929,81159.9341447763)
(-1731176.70882316,-276219.718465486,-395182.563734359)
(-1997186.98320928,-147831.031344778,-1702564.72628688)
(-1738805.62815547,-56291.0281946064,-4075425.17498895)
(0,0,0)
(0,0,0)
(0,0,0)
(0,0,0)
(0,0,0)
(0,0,0)
(-744415.679133334,181296.74969026,32726.2789160119)
(-761117.790679366,170082.040141064,62409.9332866846)
(-797844.811611031,143186.876862267,83890.5288178354)
(-862053.539216405,88561.7996397172,88098.127297475)
(-968303.143702325,-23478.516106917,64857.1339247062)
(-1145500.93461763,-261624.768617313,28774.395990022)
(-1444805.28901572,-719204.563565279,84580.0991041983)
(-1731654.4559939,-711035.93539961,-266700.252213066)
(-1964844.0135699,-288992.912008258,-1611024.66480704)
(-1718808.68792998,-90416.2685657208,-4019213.15746167)
(0,0,0)
(0,0,0)
(0,0,0)
(0,0,0)
(0,0,0)
(0,0,0)
(-829675.918816364,241613.941833695,21463.9564385196)
(-843324.99161318,230300.115466419,35525.0471767161)
(-872955.528650845,203099.746372554,29301.2261652859)
(-923594.401946019,146331.862688044,-23868.6780030919)
(-1006861.74237888,17257.4840282284,-173081.57521797)
(-1171310.00859987,-348711.607539735,-428599.700657501)
(-1766434.16484669,-1766338.45565691,92952.8550165249)
(-1859002.22922809,-1859628.36457467,155490.819542953)
(-1889724.00006008,-425270.698253151,-1412388.76792982)
(-1678496.14308785,-96061.6380613623,-3928787.7942091)
(0,0,0)
(0,0,0)
(0,0,0)
(0,0,0)
(0,0,0)
(0,0,0)
(-964616.579350106,281570.103671245,10129.9977293059)
(-974684.290178988,272824.879803984,8351.33400099117)
(-995416.269064386,252986.090391645,-27452.9276406921)
(-1025257.23186862,215975.835763325,-152903.743261017)
(-1046374.49265793,148919.944388001,-538864.327729319)
(-942855.671063256,38334.1875728808,-1845982.67279308)
(2.57503066845986e-06,1.97146863986099e-07,-2.47459701659037e-06)
(253.858507281054,-221.197840829284,1590050.41638089)
(-1589433.95201709,-38258.6387783572,-1083087.90835268)
(-1605986.60806312,-5652.61835292649,-3832723.45507745)
(0,0,0)
(0,0,0)
(0,0,0)
(0,0,0)
(0,0,0)
(0,0,0)
(-1166414.0024714,257478.863951247,1363.12924039333)
(-1173114.09272192,252659.476738411,-11522.9203684917)
(-1185676.81269295,243049.524877059,-64549.2036884485)
(-1198544.07439301,228599.777331777,-220012.355279119)
(-1183154.91093523,206529.03926502,-649380.860768996)
(-1001622.06437164,159031.798573447,-1884250.36043455)
(2.1993838023657e-06,1.54611770172859e-06,-3.08407344677011e-06)
(356.291828449397,184.291240018132,1552180.01864309)
(-1551588.70394363,109185.875912675,-1050396.34848631)
(-1605340.63859751,46597.7112772198,-3827072.44933688)
(0,0,0)
(0,0,0)
(0,0,0)
(0,0,0)
(0,0,0)
(0,0,0)
(-1448122.3880947,71064.452037449,-3565.23162426009)
(-1451998.32016216,70159.7731922913,-21215.5133582222)
(-1457942.83068621,70988.9568915446,-79078.0128252149)
(-1457866.8674086,80877.0693028333,-242161.388817241)
(-1416436.53452134,113013.742287881,-696929.805764939)
(-1174860.90915684,166351.544389285,-2043359.36275777)
(4.39800388001075e-06,-9.56471493543335e-07,-1.35318154785141e-06)
(154.565333160374,1642905.48994462,1661165.91547424)
(-1660884.36991043,339479.258488731,-1112997.2762408)
(-1670429.80162999,41637.7846726364,-3873774.26934314)
(0,0,0)
(0,0,0)
(0,0,0)
(0,0,0)
(0,0,0)
(0,0,0)
(-1790122.02030404,-488970.818499899,-4576.47383736608)
(-1791985.00671011,-487344.000528555,-20401.2212785103)
(-1793569.00532242,-479189.871494478,-69230.4150642445)
(-1786120.30569161,-448049.007633993,-210133.716265815)
(-1732284.52597687,-339279.329084282,-643736.602714748)
(-1454774.65364661,65207.3462388988,-2209877.39593881)
(146.442862135627,1835210.43347556,1642691.7289765)
(-1642572.39033024,401740.55425438,357584.570655008)
(-2066946.7619901,-187402.650261073,-1410988.35620204)
(-1809955.98246512,-244517.158834253,-3915672.18297679)
(0,0,0)
(0,0,0)
(0,0,0)
(0,0,0)
(0,0,0)
(0,0,0)
(-2053369.61289362,-1815307.81913142,-2984.32720095853)
(-2054119.47199668,-1813534.91767043,-12222.4086974871)
(-2054152.31513589,-1806136.04819513,-38140.2237778289)
(-2048494.01992712,-1782161.38302523,-101527.164690242)
(-2022123.3340359,-1714581.33179904,-239428.869980729)
(-1940935.9725708,-1542114.19210192,-440106.865763408)
(-1834666.4156082,-1195088.1907157,208931.333879174)
(-2102429.14711661,-1424422.24168513,-231824.348342557)
(-2260636.38697219,-1461716.28911458,-1468352.6683538)
(-1852590.01571537,-1035790.73331184,-3671431.26990026)
(0,0,0)
(0,0,0)
(0,0,0)
(0,0,0)
(0,0,0)
(0,0,0)
(-1771227.64378983,-4185599.80400928,-1183.56887853404)
(-1771466.00674278,-4184488.70059698,-4783.87326181285)
(-1771356.20784812,-4179749.00780598,-14192.0667562413)
(-1769115.1189044,-4165559.37280687,-34071.4220268014)
(-1760827.37955989,-4131453.04431629,-67149.0277146369)
(-1743025.27869175,-4064120.27851871,-93340.505466237)
(-1737173.35922281,-3970449.85098598,-20714.8126450441)
(-1831723.16358457,-3949429.3056168,-269516.970856869)
(-1857219.51443676,-3679566.58020836,-1042816.37855156)
(-1485114.56312078,-2636363.81737011,-2635996.73264778)
(0,0,0)
(0,0,0)
(0,0,0)
(0,0,0)
(0,0,0)
(0,0,0)
(0,0,0)
(0,0,0)
(0,0,0)
(0,0,0)
(0,0,0)
(0,0,0)
(0,0,0)
(0,0,0)
(0,0,0)
(0,0,0)
(0,0,0)
(0,0,0)
(0,0,0)
(0,0,0)
(0,0,0)
(0,0,0)
(0,0,0)
(0,0,0)
(0,0,0)
(0,0,0)
(0,0,0)
(0,0,0)
(0,0,0)
(0,0,0)
(0,0,0)
(0,0,0)
(0,0,0)
(0,0,0)
(0,0,0)
(0,0,0)
(0,0,0)
(0,0,0)
(0,0,0)
(0,0,0)
(0,0,0)
(0,0,0)
(0,0,0)
(0,0,0)
(0,0,0)
(0,0,0)
(0,0,0)
(0,0,0)
(0,0,0)
(0,0,0)
(0,0,0)
(0,0,0)
(0,0,0)
(0,0,0)
(0,0,0)
(0,0,0)
(0,0,0)
(0,0,0)
(0,0,0)
(0,0,0)
(0,0,0)
(0,0,0)
(0,0,0)
(0,0,0)
(0,0,0)
(0,0,0)
(0,0,0)
(0,0,0)
(0,0,0)
(0,0,0)
(0,0,0)
(0,0,0)
(0,0,0)
(0,0,0)
(0,0,0)
(0,0,0)
(0,0,0)
(0,0,0)
(0,0,0)
(0,0,0)
(0,0,0)
(0,0,0)
(0,0,0)
(0,0,0)
(0,0,0)
(0,0,0)
(0,0,0)
(0,0,0)
(0,0,0)
(0,0,0)
(0,0,0)
(0,0,0)
(0,0,0)
(0,0,0)
(0,0,0)
(0,0,0)
(0,0,0)
(0,0,0)
(0,0,0)
(0,0,0)
(0,0,0)
(0,0,0)
(-733689.263288814,35348.7947112693,25942.3570019209)
(-747182.20002086,31886.0812974901,48847.0078267438)
(-775679.041295798,23882.0999662757,64289.1327494864)
(-822044.405732968,9041.20793651914,64286.7691850828)
(-890187.401457262,-16395.1192275447,34131.4523296424)
(-983362.044210001,-55433.3041471168,-54053.56999734)
(-1098109.19208815,-98313.7781550297,-258041.1317884)
(-1205342.60532669,-88220.3086928075,-703888.749063868)
(-1194681.4516571,-45994.1307015409,-1473726.00239836)
(-849529.489087399,-17004.6386789367,-2354197.79808087)
(0,0,0)
(0,0,0)
(0,0,0)
(0,0,0)
(0,0,0)
(0,0,0)
(-750828.741862432,68739.8915494684,22494.5734093149)
(-762676.153593026,62292.0764118022,40922.4955738194)
(-787115.030030685,47012.4881847778,49514.3091066337)
(-825347.511357523,17043.9585346757,38904.9082738854)
(-878449.845634739,-40207.291459093,-4855.83513538882)
(-946238.09383676,-147955.550625105,-96892.4233228741)
(-1027833.92414882,-321919.072890928,-247909.415835067)
(-1128987.66613645,-276690.099639746,-661628.66757483)
(-1144620.70395053,-115454.71167698,-1444734.36585816)
(-826995.376081785,-36294.1277078611,-2337255.12890289)
(0,0,0)
(0,0,0)
(0,0,0)
(0,0,0)
(0,0,0)
(0,0,0)
(-787563.789253357,95849.6618490773,16038.3398204145)
(-796185.491081046,87700.5958342667,25697.5207996369)
(-812634.679133521,67919.644372207,19580.232134702)
(-834018.286911334,26909.288225967,-18320.349861655)
(-852187.842189488,-62131.6076991929,-112511.335134393)
(-847651.697282123,-287523.560041913,-270792.563053082)
(-793993.033186761,-1040890.0692225,-202633.822550451)
(-872285.719503635,-838369.244076353,-500323.414604115)
(-1001260.17868328,-213834.517182117,-1365527.44398562)
(-769522.897529974,-50086.1015097935,-2301021.2605837)
(0,0,0)
(0,0,0)
(0,0,0)
(0,0,0)
(0,0,0)
(0,0,0)
(-848188.030666296,106548.334447784,7813.43925122556)
(-852558.321883104,98821.599981566,5925.76537384256)
(-858187.792113659,80501.1559564119,-21423.4827475468)
(-855348.520200473,44557.4264402758,-107317.502707405)
(-816240.829446041,-22332.1789707674,-337737.844368674)
(-652224.73492716,-120332.00371023,-1024014.67437307)
(-4.5676442276904e-08,-1.80793086720362e-06,1.39499296482739e-06)
(257.98630573918,-342.49344534876,124359.276698002)
(-652636.720846474,-124920.872593545,-1201641.64710418)
(-655878.571317918,-23492.4457370036,-2250852.8746469)
(0,0,0)
(0,0,0)
(0,0,0)
(0,0,0)
(0,0,0)
(0,0,0)
(-937688.796961323,79578.9964870981,41.5555719047679)
(-937725.79941193,74274.2954089677,-12369.6306225626)
(-932529.415823794,62617.6000634686,-57372.9279702166)
(-906464.536165965,42576.7730467214,-174184.970279322)
(-819393.494493226,12061.0317103145,-435559.179125098)
(-574814.775711296,-20472.83677689,-903459.241410371)
(-8.82789623145117e-07,-3.88349607470359e-08,1.60436813931714e-06)
(3.46187193720446e-06,-1.81382896081305e-07,-1.2162963167802e-06)
(249.757398318523,-367.431844543287,-1100057.97822244)
(-497281.673233027,-4979.2877321224,-2227276.0710574)
(0,0,0)
(0,0,0)
(0,0,0)
(0,0,0)
(0,0,0)
(0,0,0)
(-1057092.93797546,-24418.4523969068,-5323.61561194335)
(-1053723.50587273,-26368.6817572202,-24071.2252949443)
(-1040294.5525733,-29364.5523894038,-77471.3329617198)
(-997856.559670627,-30882.8248839321,-204699.249753449)
(-880939.235395202,-26889.9265767294,-467963.967006416)
(-592870.845950916,-14315.5590198777,-882872.463184142)
(-5.56886103164718e-07,-2.80452699210235e-08,2.73032845865578e-06)
(2.83083068059761e-06,1.02021295314256e-06,-1.75059643445959e-06)
(55.6679401409411,-101.332844361577,-1104481.33301338)
(-474122.349104807,-18482.4307616107,-2222196.4794766)
(0,0,0)
(0,0,0)
(0,0,0)
(0,0,0)
(0,0,0)
(0,0,0)
(-1193992.13428975,-271120.154650909,-7428.55155094225)
(-1188610.23061689,-270000.185390594,-27185.1374628285)
(-1170628.53616434,-264805.599723611,-79058.3846504945)
(-1119532.07688257,-247528.428603823,-200747.571456633)
(-985670.988435231,-202998.144412372,-455404.899707102)
(-662251.981320868,-113732.725698177,-868596.660864796)
(-1.47163866483855e-07,2.11529564570937e-06,2.54613985479453e-06)
(4.49622839956325e-06,-3.64554489231511e-07,-7.32172560631484e-07)
(89.4998150849865,-66676.3976125051,-1122839.42233398)
(-510016.889822641,-97942.1869425258,-2203792.57796042)
(0,0,0)
(0,0,0)
(0,0,0)
(0,0,0)
(0,0,0)
(0,0,0)
(-1302352.00066554,-752452.476712145,-6437.69757727236)
(-1296647.96917338,-749739.945849218,-22034.9746553927)
(-1278546.0025039,-740040.734608554,-61822.8425889591)
(-1228507.22774854,-710651.676370399,-156312.67276544)
(-1095981.97880693,-629354.642952325,-366258.721395415)
(-758555.177308519,-421236.500257352,-754974.42317434)
(4.42963773440899e-06,-1.45129420716052e-06,-1.90850759449025e-07)
(27.4306719557314,-58416.4836146373,-66923.8138051612)
(-664980.8031548,-381297.365528176,-1154268.80472479)
(-668838.210637709,-287265.825303306,-2106062.93819143)
(0,0,0)
(0,0,0)
(0,0,0)
(0,0,0)
(0,0,0)
(0,0,0)
(-1268558.32933386,-1533480.24017478,-3783.5200971265)
(-1264081.92433699,-1531213.32173579,-12347.6918702599)
(-1250354.96979605,-1523668.40345222,-32517.368366442)
(-1213367.6171263,-1503104.49473155,-75190.9528061126)
(-1114792.73758745,-1453592.1118013,-158284.080405584)
(-842052.064398557,-1344548.53009573,-333855.958739438)
(-26.3329617402478,-1097982.25321456,-58863.0329703997)
(-675512.622474516,-1154067.93266345,-390128.108563697)
(-912971.235418932,-1058581.41089323,-1060509.2147519)
(-712830.888308099,-668470.336597455,-1819063.83086502)
(0,0,0)
(0,0,0)
(0,0,0)
(0,0,0)
(0,0,0)
(0,0,0)
(-888291.948450784,-2414916.57348543,-1499.36202839336)
(-885927.142302719,-2413492.07533437,-4759.47286988541)
(-879005.448004095,-2408802.92101977,-11975.715146365)
(-861535.277782851,-2396870.72155939,-25789.329440078)
(-819750.781552246,-2371081.87607149,-49376.163177509)
(-727845.481223602,-2321581.84190412,-87522.6488372814)
(-573603.022406792,-2233776.5749527,-115298.663915177)
(-687877.344596766,-2118150.78463318,-295061.63093326)
(-717352.163287786,-1822699.81445024,-670810.578525237)
(-521946.432334516,-1151449.05881347,-1150999.98709549)
(0,0,0)
(0,0,0)
(0,0,0)
(0,0,0)
(0,0,0)
(0,0,0)
(0,0,0)
(0,0,0)
(0,0,0)
(0,0,0)
(0,0,0)
(0,0,0)
(0,0,0)
(0,0,0)
(0,0,0)
(0,0,0)
(0,0,0)
(0,0,0)
(0,0,0)
(0,0,0)
(0,0,0)
(0,0,0)
(0,0,0)
(0,0,0)
(0,0,0)
(0,0,0)
(0,0,0)
(0,0,0)
(0,0,0)
(0,0,0)
(0,0,0)
(0,0,0)
(0,0,0)
(0,0,0)
(0,0,0)
(0,0,0)
(0,0,0)
(0,0,0)
(0,0,0)
(0,0,0)
(0,0,0)
(0,0,0)
(0,0,0)
(0,0,0)
(0,0,0)
(0,0,0)
(0,0,0)
(0,0,0)
(0,0,0)
(0,0,0)
(0,0,0)
(0,0,0)
(0,0,0)
(0,0,0)
(0,0,0)
(0,0,0)
(0,0,0)
(0,0,0)
(0,0,0)
(0,0,0)
(0,0,0)
(0,0,0)
(0,0,0)
(0,0,0)
(0,0,0)
(0,0,0)
(0,0,0)
(0,0,0)
(0,0,0)
(0,0,0)
(0,0,0)
(0,0,0)
(0,0,0)
(0,0,0)
(0,0,0)
(0,0,0)
(0,0,0)
(0,0,0)
(0,0,0)
(0,0,0)
(0,0,0)
(0,0,0)
(0,0,0)
(0,0,0)
(0,0,0)
(0,0,0)
(0,0,0)
(0,0,0)
(0,0,0)
(0,0,0)
(0,0,0)
(0,0,0)
(0,0,0)
(0,0,0)
(0,0,0)
(0,0,0)
(0,0,0)
(0,0,0)
(0,0,0)
(0,0,0)
(0,0,0)
(0,0,0)
(-764243.078459004,18139.5360235928,12414.2791466024)
(-771466.3481334,16377.1831845431,20321.2440745989)
(-785668.577185698,12465.6885880206,17845.091376476)
(-805928.941460635,5733.89526716861,-4004.26816302727)
(-830292.997002054,-4687.93804301378,-59210.734575222)
(-855214.514340507,-18313.6148791604,-169044.649565548)
(-873557.826857209,-28027.4816576531,-365568.533138848)
(-865414.162247024,-11847.2304254397,-693649.745793068)
(-763290.951271328,4110.49951525979,-1129150.74569407)
(-478943.476798612,5556.40617030638,-1505293.16415323)
(0,0,0)
(0,0,0)
(0,0,0)
(0,0,0)
(0,0,0)
(0,0,0)
(-775232.661627248,31883.1091196545,10660.3466687572)
(-780790.420939998,28690.908328809,16460.8888714677)
(-790773.124914032,21443.3239113166,11141.3484315248)
(-802420.5259316,8343.20390258215,-14394.9456298153)
(-810731.253015928,-13989.5628009982,-72811.9134906374)
(-809213.828115004,-49412.355128555,-178737.438963)
(-797112.876091277,-88104.5199189992,-349381.448759192)
(-792531.506846428,-19988.3936888459,-677696.444785805)
(-718472.017123781,27942.5638336984,-1127677.19593097)
(-459418.539493775,21196.3465673019,-1510893.97291598)
(0,0,0)
(0,0,0)
(0,0,0)
(0,0,0)
(0,0,0)
(0,0,0)
(-798079.310147939,34962.7439147824,7435.88609945913)
(-800400.388835114,31098.7261429382,9242.96603939897)
(-802192.325352776,22186.579866138,-1942.64369616592)
(-796333.059571013,5431.60770999587,-36716.2748439055)
(-768428.040892511,-26304.2902234411,-108161.34871844)
(-695618.648069739,-92218.8499018943,-217387.903157496)
(-571247.002209325,-246990.527073044,-281247.926980891)
(-577985.728105084,34181.0111879375,-629717.323256227)
(-603522.941702548,134818.37162382,-1134330.36802708)
(-414132.969423587,63568.3872273236,-1532092.33679347)
(0,0,0)
(0,0,0)
(0,0,0)
(0,0,0)
(0,0,0)
(0,0,0)
(-833510.965722137,16814.9430330235,3470.73593759691)
(-831730.242746212,13427.0147955607,314.368148087526)
(-822969.243064627,5986.34221760172,-18703.9432524099)
(-793497.629460827,-6691.76217432261,-68431.4641077361)
(-711421.019363848,-25604.0840638391,-173951.480349528)
(-503297.739038868,-43021.6865103614,-372075.639629352)
(5.32451273792722e-08,-1.22102616208398e-06,4.90819384829118e-07)
(287.143176669305,-571.333355773085,-528898.324735584)
(-369270.908617879,527937.951542782,-1205383.71688315)
(-337272.326766755,135095.708195892,-1595517.28240286)
(0,0,0)
(0,0,0)
(0,0,0)
(0,0,0)
(0,0,0)
(0,0,0)
(-880811.641803997,-40059.9707071691,-2.24141712754858)
(-875210.949088387,-41923.4156982196,-7166.66124688722)
(-857010.530831883,-45292.9726591379,-31406.2313620598)
(-808289.321094906,-48953.9667338863,-87319.2418735562)
(-691485.16411831,-49606.2394824415,-191225.416829869)
(-441546.073804236,-38597.4986198429,-328918.306627448)
(-1.06889008102554e-06,-1.60661747712195e-07,-1.05967348918203e-06)
(4.74883084715166e-06,-1.20981183357533e-07,-1.77007212618412e-06)
(363.506084553127,-603.516396578775,-1597980.30755716)
(-247875.859029151,18152.9757132788,-1730443.38927842)
(0,0,0)
(0,0,0)
(0,0,0)
(0,0,0)
(0,0,0)
(0,0,0)
(-933669.810677649,-161517.28435919,-1965.8136457906)
(-925486.128159739,-161465.156037582,-10661.4510194178)
(-901237.59894067,-159878.381110943,-35132.9962002526)
(-841279.921979062,-152731.034397968,-87932.5662277354)
(-706649.69199503,-131754.77207212,-180073.577038227)
(-437519.446785634,-83788.8766662492,-290233.598157105)
(-6.82394216677106e-07,-2.62879768946199e-07,-2.6687898369473e-11)
(2.90633209606974e-06,2.41545648862999e-07,-4.3805493559177e-07)
(265.869024879468,-90.6625193333668,-1578914.00108574)
(-232094.290496344,-54386.4908773518,-1748402.59310357)
(0,0,0)
(0,0,0)
(0,0,0)
(0,0,0)
(0,0,0)
(0,0,0)
(-973771.681989187,-379656.493789091,-2081.2428706773)
(-964697.19897272,-378207.948322109,-9251.48223032648)
(-938833.526450961,-372865.379493836,-28059.4935608125)
(-876684.527544607,-356644.634008105,-66993.4432886288)
(-738822.043861592,-313455.868586061,-132141.291348327)
(-461479.815780202,-210150.252164719,-206552.081390521)
(-2.24573807860946e-07,-1.38948958503732e-07,-3.15290893464384e-11)
(3.01034453755477e-06,3.57059717834061e-07,1.37033826394705e-06)
(222.792138168438,-731791.734891229,-1633159.73786483)
(-246709.62308288,-256788.801367544,-1694064.69411442)
(0,0,0)
(0,0,0)
(0,0,0)
(0,0,0)
(0,0,0)
(0,0,0)
(-962374.458792649,-718866.914919506,-767.120742472565)
(-954227.477800857,-717378.868723006,-4016.6917140906)
(-931501.112834689,-712033.230624587,-11893.7302525572)
(-877498.662150052,-695667.960699198,-23878.969159956)
(-756035.942018762,-648334.531515924,-28946.3430182614)
(-496220.367335666,-504849.822581477,3418.41742564708)
(3.48524601115751e-06,4.30651061104343e-07,5.98568026637604e-07)
(108.303378425383,-734021.410163105,-732038.674212782)
(-341134.689242679,-629352.857818562,-1158323.66519756)
(-315213.287128003,-331291.571960863,-1437445.81811394)
(0,0,0)
(0,0,0)
(0,0,0)
(0,0,0)
(0,0,0)
(0,0,0)
(-834530.331745171,-1153536.17193774,641.259429551264)
(-828716.840210848,-1153372.0110143,1269.31759469882)
(-812920.177481772,-1152584.35111146,4385.64576729079)
(-776460.683538265,-1151500.76614193,23311.5176220006)
(-695456.459856137,-1158748.93034149,114389.63871625)
(-510085.902021235,-1230511.58535313,508085.239110578)
(-257.034233797584,-1671683.69254556,-734396.554750242)
(-349718.038464731,-1166542.50665617,-627670.042266952)
(-446366.037993556,-863086.737975336,-860541.359535556)
(-320585.695190416,-477657.376053213,-1106420.74856091)
(0,0,0)
(0,0,0)
(0,0,0)
(0,0,0)
(0,0,0)
(0,0,0)
(-515508.938061498,-1527123.59858809,804.416261067016)
(-512576.552506468,-1527992.88474804,2074.70019856263)
(-504860.450076926,-1530110.65434414,5456.00550406738)
(-487929.981811258,-1535627.26219313,15977.2055836609)
(-453430.511438889,-1551610.97536891,42518.9804977287)
(-388491.694302272,-1594031.02783736,66684.636060615)
(-288577.747258043,-1660431.58386575,-229592.747767939)
(-328934.000026668,-1430488.00875405,-324590.590240152)
(-323983.761460897,-1105536.91920705,-475508.810835324)
(-216317.928387657,-629619.841720429,-629174.849114972)
(0,0,0)
(0,0,0)
(0,0,0)
(0,0,0)
(0,0,0)
(0,0,0)
(0,0,0)
(0,0,0)
(0,0,0)
(0,0,0)
(0,0,0)
(0,0,0)
(0,0,0)
(0,0,0)
(0,0,0)
(0,0,0)
(0,0,0)
(0,0,0)
(0,0,0)
(0,0,0)
(0,0,0)
(0,0,0)
(0,0,0)
(0,0,0)
(0,0,0)
(0,0,0)
(0,0,0)
(0,0,0)
(0,0,0)
(0,0,0)
(0,0,0)
(0,0,0)
(0,0,0)
(0,0,0)
(0,0,0)
(0,0,0)
(0,0,0)
(0,0,0)
(0,0,0)
(0,0,0)
(0,0,0)
(0,0,0)
(0,0,0)
(0,0,0)
(0,0,0)
(0,0,0)
(0,0,0)
(0,0,0)
(0,0,0)
(0,0,0)
(0,0,0)
(0,0,0)
(0,0,0)
(0,0,0)
(0,0,0)
(0,0,0)
(0,0,0)
(0,0,0)
(0,0,0)
(0,0,0)
(0,0,0)
(0,0,0)
(0,0,0)
(0,0,0)
(0,0,0)
(0,0,0)
(0,0,0)
(0,0,0)
(0,0,0)
(0,0,0)
(0,0,0)
(0,0,0)
(0,0,0)
(0,0,0)
(0,0,0)
(0,0,0)
(0,0,0)
(0,0,0)
(0,0,0)
(0,0,0)
(0,0,0)
(0,0,0)
(0,0,0)
(0,0,0)
(0,0,0)
(0,0,0)
(0,0,0)
(0,0,0)
(0,0,0)
(0,0,0)
(0,0,0)
(0,0,0)
(0,0,0)
(0,0,0)
(0,0,0)
(0,0,0)
(0,0,0)
(0,0,0)
(0,0,0)
(0,0,0)
(0,0,0)
(0,0,0)
(-776467.617972259,7085.82967795462,5138.70983529048)
(-779498.041873832,7058.95401006618,6111.4495656532)
(-784542.713276022,7400.82047155287,-2415.2348155708)
(-789174.081920126,9262.53128018596,-28432.6256362614)
(-789413.208862841,14908.4863238785,-84220.9000993548)
(-779625.778808223,27712.5076618453,-187522.143293486)
(-751894.794644322,48415.5188835837,-357600.69438995)
(-692135.633654644,61032.9408450801,-591912.163827409)
(-558862.656599276,48965.0551235771,-845305.513623047)
(-322484.01626954,25124.4008269261,-1026889.37497903)
(0,0,0)
(0,0,0)
(0,0,0)
(0,0,0)
(0,0,0)
(0,0,0)
(-782275.012019541,9021.77302611297,5106.40704413482)
(-784168.972297196,9074.62600557577,6469.28640582195)
(-786353.300892492,10007.1439460016,-556.861090174421)
(-785336.300348155,14413.4327187188,-22791.9881121513)
(-775516.416865319,28309.7390041403,-71408.0769430257)
(-750290.753393956,64179.3215079619,-166797.965510198)
(-708235.229049737,137752.200932227,-345012.294600394)
(-667035.388537392,194536.404995559,-604011.87705992)
(-547294.231448318,142886.299125856,-869110.906737669)
(-317873.834129823,66493.8603909731,-1052025.07166565)
(0,0,0)
(0,0,0)
(0,0,0)
(0,0,0)
(0,0,0)
(0,0,0)
(-793534.388854911,-649.899366025805,5126.75109910452)
(-793209.320698854,-407.616407890265,7417.92537630199)
(-789848.715686939,1237.22132344075,3844.23833302354)
(-777258.483431927,8100.32458618043,-8917.22967352662)
(-744082.678404248,30538.457052298,-35491.3102099515)
(-673667.257927618,99937.8773956531,-93201.2562397614)
(-562587.406461557,324130.727544244,-288239.37859955)
(-628447.590726857,612370.968205931,-655612.079188152)
(-539867.966076137,369011.611900424,-945392.367589118)
(-314967.257883939,140394.855810194,-1118459.07454799)
(0,0,0)
(0,0,0)
(0,0,0)
(0,0,0)
(0,0,0)
(0,0,0)
(-808697.731853314,-30744.7520379931,5281.61880314104)
(-805590.115108015,-30306.292829797,9040.16758684587)
(-795112.494401814,-28278.1370419424,10698.7772894167)
(-766523.402231655,-21703.4777499332,13528.3523963621)
(-695410.473686892,-5924.31156190441,33980.5753336179)
(-518860.42643567,18502.3215753189,130978.818550754)
(1.48147457259976e-06,-3.11463649731589e-06,1.31129407101666e-06)
(-728786.521431274,-931.302132366318,-898796.234224253)
(-622681.159019584,897449.16115495,-1173823.53307707)
(-336409.498038958,224420.195260668,-1258711.70125533)
(0,0,0)
(0,0,0)
(0,0,0)
(0,0,0)
(0,0,0)
(0,0,0)
(-824031.857457667,-93152.8909688031,5628.35458447542)
(-818467.846511277,-92425.9828627796,11004.9420403558)
(-801799.861227336,-89746.5307795516,17262.6661734213)
(-759884.382984628,-82198.9815398386,29353.2318530541)
(-661531.211019727,-65011.628214177,58486.5954067361)
(-442174.038527202,-34724.2076865062,112341.089391527)
(-2.56508349701853e-06,-3.88645744276336e-07,-1.37375956740237e-06)
(3.6353554707894e-06,-1.63673886068133e-06,1.69292972294269e-06)
(-1134322.36620725,-794.572589804991,-1846580.34446731)
(-420975.098073666,33889.2325215321,-1482950.14268364)
(0,0,0)
(0,0,0)
(0,0,0)
(0,0,0)
(0,0,0)
(0,0,0)
(-831200.402191832,-201840.068301653,6217.76884703603)
(-824266.825610046,-200941.92422684,13514.4076614105)
(-804467.19122926,-197732.379992815,24729.8491632651)
(-756934.188816133,-188367.460618827,46552.5950793203)
(-649854.901048507,-164094.664710206,88840.8406288271)
(-422589.927227012,-107845.296713498,147032.410097198)
(-6.77792761070235e-07,-5.64370458311658e-07,2.07395963467773e-12)
(2.75990543176966e-06,-2.24920450863321e-06,7.58894386211577e-07)
(-1073688.96004676,-184.839815274765,-1811537.71546097)
(-424095.13837774,-69023.6323270793,-1516624.00273097)
(0,0,0)
(0,0,0)
(0,0,0)
(0,0,0)
(0,0,0)
(0,0,0)
(-814105.075873752,-368460.534965181,6953.86054810325)
(-807219.860177587,-367990.027239778,16524.6247659035)
(-788238.68170136,-365778.645839302,33976.0458627898)
(-744126.483594886,-357670.073226866,70720.6145211042)
(-646361.032990212,-330830.64966057,144995.588600089)
(-434038.426017381,-244971.134148135,254680.036271899)
(-2.92010434095991e-07,-4.85366377268076e-07,-2.24478815626713e-12)
(2.64554088731979e-06,-3.47934149939165e-07,-1.53646895324663e-06)
(-1176837.83723462,-1073216.26557527,-1880296.49373888)
(-423083.178403972,-325346.892631389,-1447599.67811348)
(0,0,0)
(0,0,0)
(0,0,0)
(0,0,0)
(0,0,0)
(0,0,0)
(-746946.90100967,-591209.312355053,7321.21960690213)
(-741431.086209382,-592075.283306755,18610.0840824125)
(-727002.530442375,-593653.493964096,41986.3498148888)
(-695833.097388282,-594810.157221192,97460.8690474432)
(-632220.625825885,-587909.546904523,230724.450098515)
(-491110.540679152,-518752.62198607,499396.111279935)
(3.93928450568261e-06,-7.61691270771662e-07,-4.41553080767755e-08)
(-866320.554223242,-1083864.78031802,-1073461.65360718)
(-620592.971800641,-734633.546050602,-1132586.09057389)
(-314019.799021822,-336717.585503166,-1122408.88580829)
(0,0,0)
(0,0,0)
(0,0,0)
(0,0,0)
(0,0,0)
(0,0,0)
(-597346.912780256,-834795.515012317,6402.78369234092)
(-593877.68750661,-837488.468762008,16976.816443353)
(-585618.178629485,-844729.011593989,40750.3352209603)
(-571648.167140219,-863116.142835257,104243.804436978)
(-561987.739429635,-916829.775802295,299695.312908251)
(-637976.061854009,-1108946.80491216,1017779.6556671)
(-1319312.50539914,-1959945.68729553,-1083975.28292366)
(-647381.050642137,-1145720.89982263,-724456.151241641)
(-429845.797018667,-740688.319881017,-734921.618386126)
(-232840.552747055,-373401.362627581,-785982.983705066)
(0,0,0)
(0,0,0)
(0,0,0)
(0,0,0)
(0,0,0)
(0,0,0)
(-341990.147951278,-1012010.90471246,3696.59958992924)
(-340372.178900726,-1015726.52025838,9730.27748056814)
(-336760.786346251,-1025439.68003262,22341.2821885186)
(-331360.549774041,-1047802.08610749,50457.7934235327)
(-329022.822296197,-1098235.21356897,107455.542047506)
(-350940.955282259,-1205589.28688316,166547.284998504)
(-440072.29628638,-1371899.63223187,-270004.221036811)
(-323341.964977206,-1101588.63651436,-319728.519394549)
(-234865.493752404,-781574.785165485,-367960.321818571)
(-131365.847938995,-413332.493247607,-412981.271647208)
(0,0,0)
(0,0,0)
(0,0,0)
(0,0,0)
(0,0,0)
(0,0,0)
(0,0,0)
(0,0,0)
(0,0,0)
(0,0,0)
(0,0,0)
(0,0,0)
(0,0,0)
(0,0,0)
(0,0,0)
(0,0,0)
(0,0,0)
(0,0,0)
(0,0,0)
(0,0,0)
(0,0,0)
(0,0,0)
(0,0,0)
(0,0,0)
(0,0,0)
(0,0,0)
(0,0,0)
(0,0,0)
(0,0,0)
(0,0,0)
(0,0,0)
(0,0,0)
(0,0,0)
(0,0,0)
(0,0,0)
(0,0,0)
(0,0,0)
(0,0,0)
(0,0,0)
(0,0,0)
(0,0,0)
(0,0,0)
(0,0,0)
(0,0,0)
(0,0,0)
(0,0,0)
(0,0,0)
(0,0,0)
(0,0,0)
(0,0,0)
(0,0,0)
(0,0,0)
(0,0,0)
(0,0,0)
(0,0,0)
(0,0,0)
(0,0,0)
(0,0,0)
(0,0,0)
(0,0,0)
(0,0,0)
(0,0,0)
(0,0,0)
(0,0,0)
(0,0,0)
(0,0,0)
(0,0,0)
(0,0,0)
(0,0,0)
(0,0,0)
(0,0,0)
(0,0,0)
(0,0,0)
(0,0,0)
(0,0,0)
(0,0,0)
(0,0,0)
(0,0,0)
(0,0,0)
(0,0,0)
(0,0,0)
(0,0,0)
(0,0,0)
(0,0,0)
(0,0,0)
(0,0,0)
(0,0,0)
(0,0,0)
(0,0,0)
(0,0,0)
(0,0,0)
(0,0,0)
(0,0,0)
(0,0,0)
(0,0,0)
(0,0,0)
(0,0,0)
(0,0,0)
(0,0,0)
(0,0,0)
(0,0,0)
(0,0,0)
(-779832.747716308,1264.36241058494,2100.76733347097)
(-780952.472278826,2437.02348671765,1118.17425174682)
(-782058.099227482,5656.61725726708,-7023.05705406612)
(-780638.300846774,13151.1064989372,-28709.9446263574)
(-772552.540367683,28858.0939578602,-74428.7070793746)
(-751285.957663225,57063.8444355201,-159832.372659896)
(-705807.149063044,92051.9142365431,-297971.93247772)
(-617223.390840881,86108.0770518995,-458992.252343374)
(-469061.773747935,60567.0250572303,-609360.160251954)
(-256824.333018509,29801.8823406642,-704821.725843642)
(0,0,0)
(0,0,0)
(0,0,0)
(0,0,0)
(0,0,0)
(0,0,0)
(-782078.434161476,-2193.16422024217,3260.94877275691)
(-782878.384884806,70.1037870625346,4337.28106002468)
(-783353.454530928,6524.68403580193,469.367919928821)
(-781209.764657827,22483.4484306017,-12989.5097020667)
(-773162.933952538,59705.418978104,-46190.3176350885)
(-755362.725671736,140752.977901789,-124807.478823571)
(-720339.697679278,283307.77142909,-303958.867386577)
(-633278.300229314,232983.323152497,-484591.201795238)
(-481440.035918414,150245.840180991,-640124.212448906)
(-263025.12431477,69430.3810766639,-734601.420999959)
(0,0,0)
(0,0,0)
(0,0,0)
(0,0,0)
(0,0,0)
(0,0,0)
(-785307.616461005,-15903.1562832641,5483.2196691188)
(-785520.092498444,-12910.6076796702,10774.7029354419)
(-784819.924225188,-4154.5069552916,16425.1024647924)
(-781306.380386836,18703.6936188353,24252.754231475)
(-774066.380410946,79031.3331698542,34910.5420464251)
(-770321.922784362,254534.193017597,17783.9917873633)
(-793759.627077927,886527.289158336,-354263.305325505)
(-694241.135465502,511792.306019589,-567278.74345395)
(-522119.356935763,286077.128152122,-720858.64056546)
(-281393.880021725,118932.58603249,-803934.223383497)
(0,0,0)
(0,0,0)
(0,0,0)
(0,0,0)
(0,0,0)
(0,0,0)
(-786670.650842424,-46331.9797315011,8401.74243735186)
(-786153.191704167,-43426.2321206026,19480.4434744452)
(-783851.579235882,-35199.8553614257,39264.876714648)
(-777829.756698003,-15326.5166770755,84601.4414768992)
(-769833.844317693,27610.4084895947,210445.736787954)
(-798385.547945847,94732.9562449932,649772.095070729)
(-1177914.48655794,-1084.56302003326,-728920.96812074)
(-880499.934883679,727458.891670221,-792874.140318965)
(-627227.132231403,385632.625247853,-887883.66420289)
(-322447.482130222,139806.818583292,-922719.912662414)
(0,0,0)
(0,0,0)
(0,0,0)
(0,0,0)
(0,0,0)
(0,0,0)
(-780976.997460566,-100605.675573789,11218.8358451882)
(-779823.577662524,-98501.9049207395,27650.2397965645)
(-775745.015813351,-92729.8750986897,59125.4141198343)
(-764067.246240953,-79594.5654983925,127576.326197469)
(-730291.810677621,-53666.9397302304,277614.274075198)
(-608454.164932819,-15391.9565371405,554019.313262943)
(1.98130230910456e-06,-2.36274911548704e-06,-2.38314227722935e-06)
(-1163197.34881905,-252.773390682378,-1134406.59362819)
(-809254.191177839,59671.5282952891,-1133513.67170503)
(-383056.921115268,30719.05580035,-1062344.08588048)
(0,0,0)
(0,0,0)
(0,0,0)
(0,0,0)
(0,0,0)
(0,0,0)
(-760016.641695488,-184986.771228288,13197.3351581518)
(-758701.593218301,-184156.61653973,33286.8143853976)
(-754313.850968316,-181779.085519116,72182.6845448813)
(-741991.90469278,-175818.131426431,153463.966349566)
(-705122.691729354,-160806.566801444,315871.384101627)
(-572044.323284919,-119413.406160241,569347.229782634)
(3.28838552578068e-06,-4.63458449594647e-06,-1.89802343793197e-06)
(-1093281.54934789,-153.973610162759,-1074150.16204512)
(-822483.817440528,-103437.871775839,-1162245.90458021)
(-394704.488839005,-68048.4390083961,-1092869.0593102)
(0,0,0)
(0,0,0)
(0,0,0)
(0,0,0)
(0,0,0)
(0,0,0)
(-711443.089834972,-301513.776806111,13865.0195390362)
(-710536.302343878,-302450.333193054,35475.1783586467)
(-707758.669307119,-304797.37052579,78013.450971078)
(-700675.314702638,-309596.565744538,168340.71639693)
(-679114.405543764,-316846.753710514,357134.275859547)
(-582704.522364602,-302112.621378606,688499.587425141)
(1.59725177505966e-06,-3.60451729146892e-06,-2.97475670801962e-06)
(-1204206.0013192,-866464.180734278,-1177323.77051713)
(-813741.484731731,-517037.890080882,-1126820.10471496)
(-376870.951766201,-216317.194680364,-1024763.57568076)
(0,0,0)
(0,0,0)
(0,0,0)
(0,0,0)
(0,0,0)
(0,0,0)
(-619513.498219305,-441765.068901163,12817.8893046828)
(-619364.304067203,-444677.738825104,32978.5127945527)
(-619461.441371717,-452417.34550704,73057.3987051421)
(-622577.331971419,-470753.596205861,160958.663749602)
(-642062.772977755,-517790.867679972,371744.924870935)
(-746145.420829843,-665726.035879843,990393.219522868)
(-1347814.43679324,-1319584.46722213,-866601.311908361)
(-906325.119064406,-865057.403455314,-828003.524346162)
(-595472.582410256,-543947.535030651,-826214.268786766)
(-292478.870033932,-255555.441605376,-808516.950849652)
(0,0,0)
(0,0,0)
(0,0,0)
(0,0,0)
(0,0,0)
(0,0,0)
(-469399.903269764,-579570.897029854,9858.81861820126)
(-469784.324773663,-584083.737292741,25171.4543528874)
(-471539.167705648,-595931.433179987,54606.5311020027)
(-478784.276498109,-622832.280999443,113821.325253479)
(-505783.974847607,-683849.559373407,223676.252364882)
(-594461.981488944,-821892.186872418,336328.322992397)
(-809698.901869035,-1080671.49929073,-412198.248469099)
(-595947.112121859,-821623.521736445,-507066.06870825)
(-397210.65294215,-545616.766541492,-538031.981273918)
(-201387.222100341,-271846.861018865,-553193.89250713)
(0,0,0)
(0,0,0)
(0,0,0)
(0,0,0)
(0,0,0)
(0,0,0)
(-256686.679792769,-670173.676689743,5299.31150137842)
(-257044.000113891,-675407.977687901,13295.3731097029)
(-258408.754197036,-688649.021673694,27660.9294541881)
(-262946.226869075,-716333.101065174,52747.426614954)
(-276603.616881801,-769064.109522317,85542.7713494804)
(-310155.25893193,-854516.181682813,77381.0698095502)
(-358338.923490504,-931696.13297166,-153327.669305405)
(-288853.428398719,-778126.687376936,-231313.0402434)
(-200674.093013399,-546590.981998652,-264530.225525244)
(-104193.303969565,-281879.225681617,-281670.40483193)
(0,0,0)
(0,0,0)
(0,0,0)
(0,0,0)
(0,0,0)
(0,0,0)
(0,0,0)
(0,0,0)
(0,0,0)
(0,0,0)
(0,0,0)
(0,0,0)
(0,0,0)
(0,0,0)
(0,0,0)
(0,0,0)
(0,0,0)
(0,0,0)
(0,0,0)
(0,0,0)
(0,0,0)
(0,0,0)
(0,0,0)
(0,0,0)
(0,0,0)
(0,0,0)
(0,0,0)
(0,0,0)
(0,0,0)
(0,0,0)
(0,0,0)
(0,0,0)
(0,0,0)
(0,0,0)
(0,0,0)
(0,0,0)
(0,0,0)
(0,0,0)
(0,0,0)
(0,0,0)
(0,0,0)
(0,0,0)
(0,0,0)
(0,0,0)
(0,0,0)
(0,0,0)
(0,0,0)
(0,0,0)
(0,0,0)
(0,0,0)
(0,0,0)
(0,0,0)
(0,0,0)
(0,0,0)
(0,0,0)
(0,0,0)
(0,0,0)
(0,0,0)
(0,0,0)
(0,0,0)
(0,0,0)
(0,0,0)
(0,0,0)
(0,0,0)
(0,0,0)
(0,0,0)
(0,0,0)
(0,0,0)
(0,0,0)
(0,0,0)
(0,0,0)
(0,0,0)
(0,0,0)
(0,0,0)
(0,0,0)
(0,0,0)
(0,0,0)
(0,0,0)
(0,0,0)
(0,0,0)
(0,0,0)
(0,0,0)
(0,0,0)
(0,0,0)
(0,0,0)
(0,0,0)
(0,0,0)
(0,0,0)
(0,0,0)
(0,0,0)
(0,0,0)
(0,0,0)
(0,0,0)
(0,0,0)
(0,0,0)
(0,0,0)
(0,0,0)
(0,0,0)
(0,0,0)
(0,0,0)
(0,0,0)
(0,0,0)
(-779976.196916145,-921.666679764775,1065.11587959441)
(-780604.874186587,565.453129051844,152.064658301236)
(-780801.174553247,4388.23212123385,-5493.0921371582)
(-778172.856913597,12596.0844125202,-20554.6204828628)
(-768275.488638793,28249.0923325708,-53080.7645443243)
(-742932.045227197,52947.842862352,-114382.519842695)
(-688110.089995953,77475.6222025763,-209555.201112361)
(-585656.781350761,70012.7684185986,-311134.579021076)
(-430821.248639548,48137.7701927554,-397512.874322218)
(-229545.30089092,23569.9184422975,-448361.824892108)
(0,0,0)
(0,0,0)
(0,0,0)
(0,0,0)
(0,0,0)
(0,0,0)
(-780133.398760239,-5374.45034541625,2507.74826441502)
(-781204.899609421,-2551.52902008464,3951.24513816278)
(-782754.078475835,5036.12127229688,2703.97993200782)
(-783357.655316348,22334.3173138607,-4886.36231080797)
(-780157.770764262,58705.4954789497,-28347.9286454664)
(-766616.483206653,125671.368762097,-89817.6970103006)
(-725344.628439375,209724.233737005,-217061.377784628)
(-619119.342976237,171838.028377736,-333045.594996851)
(-453671.094429211,109416.686201343,-422093.452494634)
(-240636.799888004,51010.7650284561,-471922.623507564)
(0,0,0)
(0,0,0)
(0,0,0)
(0,0,0)
(0,0,0)
(0,0,0)
(-778672.758472118,-17284.5267155377,5275.21838123396)
(-780692.928513247,-13601.8569231064,11498.3822990609)
(-784995.0306748,-3285.81779000912,19995.4278109757)
(-792519.079197225,22039.56109076,31502.8828444612)
(-805557.022110057,83073.6809471912,38625.3390753294)
(-826521.335749139,226250.287744973,-5754.16694276675)
(-836974.225122159,502105.979678458,-254921.314839989)
(-707226.403105619,325305.256038541,-395403.27486069)
(-508498.130821048,180829.389837308,-480437.204611371)
(-265787.288348075,77817.0139910746,-522850.045247633)
(0,0,0)
(0,0,0)
(0,0,0)
(0,0,0)
(0,0,0)
(0,0,0)
(-772005.81492927,-40852.9639748539,8903.60134616447)
(-775292.093968568,-37317.2002325796,21757.8469200333)
(-783347.478457056,-27335.8880949986,45303.8164461949)
(-801160.813104053,-1873.46857091589,92547.9025139272)
(-842782.346314406,66800.7024036194,181769.383054214)
(-944724.567793248,284280.921711375,270077.768935227)
(-1150362.86469793,1176290.65357223,-431658.526818552)
(-891495.20803938,444433.895213589,-539791.892837888)
(-606266.130260578,203436.288774836,-583359.793746251)
(-306609.337051778,79147.0324731989,-600527.95730682)
(0,0,0)
(0,0,0)
(0,0,0)
(0,0,0)
(0,0,0)
(0,0,0)
(-754328.978323509,-79870.4330974989,12369.4499855856)
(-758843.600336875,-77609.9121902633,31682.1846176221)
(-770545.914664658,-71591.3683272192,70738.563701155)
(-798569.592355187,-57858.4014653327,161225.842709803)
(-872666.403195278,-28834.2981499742,399235.435781053)
(-1107775.1306218,20708.1635805337,1162129.15960087)
(-2044171.72458076,-268.786156436597,-1163331.29247695)
(-1170832.16917179,69378.2549039722,-780640.831814583)
(-725132.088224473,46233.1568170844,-707559.802810193)
(-350943.623563394,19005.7197959051,-679531.78768478)
(0,0,0)
(0,0,0)
(0,0,0)
(0,0,0)
(0,0,0)
(0,0,0)
(-717845.533142835,-136574.865380349,14533.323730201)
(-723213.381590261,-136174.399355806,37609.5992677007)
(-737251.05069211,-135450.473512881,84405.9041771555)
(-770895.815464016,-134728.225739764,190179.639222824)
(-857493.55111899,-135003.327576283,448719.528038766)
(-1113496.61468457,-130253.559964022,1141133.54298299)
(-2001262.65554619,-363.985571402103,-1093543.52634886)
(-1202554.47910104,-111258.608022601,-803633.733669123)
(-750373.119665394,-94795.8277454863,-734715.446881714)
(-361742.15894507,-50246.8916567472,-698425.165322992)
(0,0,0)
(0,0,0)
(0,0,0)
(0,0,0)
(0,0,0)
(0,0,0)
(-653077.908731261,-209715.740459495,14775.6939754397)
(-658680.371651673,-211431.539241245,38176.9031686753)
(-673402.761485351,-216659.348989077,85029.8708231002)
(-708496.387398825,-231671.385319518,189794.103099049)
(-797754.11784423,-279929.786733283,453360.274556514)
(-1064871.71829509,-465594.293076182,1270868.20359918)
(-2080723.55959806,-1347778.30994575,-1204437.9492618)
(-1164118.95308054,-568623.520905951,-787160.08461711)
(-706705.261916205,-298792.090609571,-690200.044568563)
(-337261.281950025,-131930.96006503,-648125.645976452)
(0,0,0)
(0,0,0)
(0,0,0)
(0,0,0)
(0,0,0)
(0,0,0)
(-550431.012719409,-291735.109716608,12936.8837572178)
(-555495.213864756,-295162.896815669,32799.1511291937)
(-568690.863739021,-304522.543499403,69891.7680068244)
(-598756.281644175,-327019.505238101,141418.837598162)
(-666585.034291968,-381568.036699185,267579.34887828)
(-818597.410095409,-514075.883982892,388512.929050553)
(-1100181.24954388,-781528.235787244,-425370.332357302)
(-828189.673284026,-554727.660797578,-517401.638246066)
(-542523.37476029,-345714.755519126,-523428.180986486)
(-267176.766095459,-164454.662598803,-516206.58239118)
(0,0,0)
(0,0,0)
(0,0,0)
(0,0,0)
(0,0,0)
(0,0,0)
(-403647.879899495,-366933.30824616,9446.17515928558)
(-407456.70818017,-371390.737115232,23346.3988653565)
(-417209.661183807,-382795.631318548,47289.9801626607)
(-438300.558245778,-406990.066138109,86776.8228103356)
(-480879.113722441,-454649.943175317,134953.8681613)
(-556943.422160734,-537558.627307862,120918.052158056)
(-642387.008256989,-629267.58884368,-198654.488397569)
(-526377.817123338,-514451.81726425,-308499.626929412)
(-360133.472044037,-348971.983397227,-342319.579949416)
(-181738.533251561,-174551.506589536,-351871.424807465)
(0,0,0)
(0,0,0)
(0,0,0)
(0,0,0)
(0,0,0)
(0,0,0)
(-215081.093385849,-413464.116364635,4925.22171155545)
(-217093.033304289,-418316.29329248,11899.8110792003)
(-222170.042884379,-430191.732706279,23057.2011542738)
(-232607.444784401,-453313.36047255,39041.7134040391)
(-251837.982054948,-492335.044881248,51961.1802831139)
(-280644.815362736,-544224.379425848,29116.4888319005)
(-301351.72386029,-573206.075895673,-83932.2237463172)
(-254930.284678542,-489116.680685149,-143190.504045597)
(-179001.666052739,-345759.541098845,-168075.37330464)
(-91761.0300846811,-177576.682853864,-177482.470925194)
(0,0,0)
(0,0,0)
(0,0,0)
(0,0,0)
(0,0,0)
(0,0,0)
(0,0,0)
(0,0,0)
(0,0,0)
(0,0,0)
(0,0,0)
(0,0,0)
(0,0,0)
(0,0,0)
(0,0,0)
(0,0,0)
(0,0,0)
(0,0,0)
(0,0,0)
(0,0,0)
(0,0,0)
(0,0,0)
(0,0,0)
(0,0,0)
(0,0,0)
(0,0,0)
(0,0,0)
(0,0,0)
(0,0,0)
(0,0,0)
(0,0,0)
(0,0,0)
(0,0,0)
(0,0,0)
(0,0,0)
(0,0,0)
(0,0,0)
(0,0,0)
(0,0,0)
(0,0,0)
(0,0,0)
(0,0,0)
(0,0,0)
(0,0,0)
(0,0,0)
(0,0,0)
(0,0,0)
(0,0,0)
(0,0,0)
(0,0,0)
(0,0,0)
(0,0,0)
(0,0,0)
(0,0,0)
(0,0,0)
(0,0,0)
(0,0,0)
(0,0,0)
(0,0,0)
(0,0,0)
(0,0,0)
(0,0,0)
(0,0,0)
(0,0,0)
(0,0,0)
(0,0,0)
(0,0,0)
(0,0,0)
(0,0,0)
(0,0,0)
(0,0,0)
(0,0,0)
(0,0,0)
(0,0,0)
(0,0,0)
(0,0,0)
(0,0,0)
(0,0,0)
(0,0,0)
(0,0,0)
(0,0,0)
(0,0,0)
(0,0,0)
(0,0,0)
(0,0,0)
(0,0,0)
(0,0,0)
(0,0,0)
(0,0,0)
(0,0,0)
(0,0,0)
(0,0,0)
(0,0,0)
(0,0,0)
(0,0,0)
(0,0,0)
(0,0,0)
(0,0,0)
(0,0,0)
(0,0,0)
(0,0,0)
(0,0,0)
(-779555.996560739,-964.736847526019,544.536492121201)
(-780167.797654585,10.6236817304289,96.836278399265)
(-780399.392802215,2436.73847637793,-2741.68394901504)
(-777836.529340344,7421.96069626699,-10499.9722185354)
(-767544.119800119,16349.5214562093,-27580.8625134124)
(-740114.166067005,29178.9201942733,-59577.6618678811)
(-680534.959073204,40172.7735095049,-107325.566300141)
(-572988.503220306,36518.0142266483,-156511.858657249)
(-416111.153410697,25263.3465513002,-196485.300437395)
(-219350.51909272,12443.320943474,-219123.403179074)
(0,0,0)
(0,0,0)
(0,0,0)
(0,0,0)
(0,0,0)
(0,0,0)
(-778795.042460232,-3771.01226010977,1467.91911258047)
(-780274.248582028,-1943.6334056812,2491.52517259918)
(-782874.246424552,2820.38760552893,2228.04399216409)
(-785302.110431883,13167.4022117469,-1572.94240778501)
(-783896.55954059,33247.3895665607,-14732.0217418077)
(-769249.674765711,65647.9493818531,-48567.8593703252)
(-720665.692247191,97947.9218452721,-111021.94389827)
(-609458.828284755,83625.6872185215,-167790.131581626)
(-441376.214565865,54510.4064067138,-209332.071300382)
(-231764.942474494,25818.9851893497,-231579.592959762)
(0,0,0)
(0,0,0)
(0,0,0)
(0,0,0)
(0,0,0)
(0,0,0)
(-775201.265651467,-10507.671018272,3265.1659375095)
(-778481.29594111,-8136.60959906348,7246.50955875849)
(-785812.300763138,-1689.2855732508,12573.4528258765)
(-798547.59947882,13262.7326734939,18506.6426457274)
(-817116.641416677,45660.5023666157,17653.1491522974)
(-834784.106530035,107837.537053839,-16273.6677387948)
(-818460.938343963,188499.765985342,-125338.798657061)
(-692944.875709671,140879.251656897,-196873.890491376)
(-495799.066888346,82930.9276080123,-237993.475625388)
(-257528.176220341,36902.9982524784,-257336.600816249)
(0,0,0)
(0,0,0)
(0,0,0)
(0,0,0)
(0,0,0)
(0,0,0)
(-764931.042192184,-23206.4666459219,5624.02289056305)
(-770550.106944983,-20928.2803814662,13673.7066493813)
(-784200.941927836,-14675.4823759411,27513.3669228576)
(-811763.118363132,476.993827567244,50901.4110278614)
(-862634.035358117,36639.6959832538,79773.9064549322)
(-942398.958815109,120935.652481074,64350.182049554)
(-1006732.64939858,282161.963530236,-172942.230794678)
(-833651.359485291,164877.976351783,-254784.804043649)
(-578588.763843747,84456.6871062069,-283987.929958687)
(-294326.553413714,34777.7820755718,-294145.497419845)
(0,0,0)
(0,0,0)
(0,0,0)
(0,0,0)
(0,0,0)
(0,0,0)
(-741956.47760109,-43434.2353866887,7855.26801835177)
(-749767.864553677,-42034.5326261901,19885.7844798785)
(-769551.131899009,-38416.7904496289,42632.3097879224)
(-812142.187528318,-30369.7969436249,87051.6957322459)
(-899119.721603305,-13883.1982107974,164027.908334323)
(-1063102.63491481,14715.2662732772,225575.798835133)
(-1288615.8351494,42333.1221409502,-290151.249206973)
(-998348.538087009,37389.6767365664,-335146.580676515)
(-662982.167788743,20806.5984277956,-333646.412433834)
(-329097.846668408,8127.46593764648,-328841.873190889)
(0,0,0)
(0,0,0)
(0,0,0)
(0,0,0)
(0,0,0)
(0,0,0)
(-698665.54997297,-71800.487832263,9186.26927570975)
(-707841.811454362,-71677.7893379592,23457.9558515816)
(-731186.654176843,-71666.3342319645,50643.1031186446)
(-781740.993815405,-72369.8656122885,103488.350138695)
(-885144.383308847,-75317.0258065218,192573.009924278)
(-1077650.73172955,-81726.6241780044,253169.017420527)
(-1330713.10684169,-80010.8584808306,-295036.550662187)
(-1035541.82583182,-72988.2087135802,-351671.318481252)
(-683661.265363093,-51259.018743917,-346317.555611849)
(-337152.754809093,-25858.3647938157,-336921.129016369)
(0,0,0)
(0,0,0)
(0,0,0)
(0,0,0)
(0,0,0)
(0,0,0)
(-627117.778689468,-106963.231738493,9202.61386443145)
(-636337.0068602,-108198.704864784,23380.1645997862)
(-659670.392814859,-111911.457054055,49892.9187513855)
(-709558.926407998,-121888.986821215,100474.578969485)
(-809970.843943623,-148730.979871785,186105.25913414)
(-995988.39321797,-219298.676922575,254793.986801579)
(-1250644.88868987,-367247.099238772,-288048.443348649)
(-962460.923404795,-232729.049155512,-329965.632582469)
(-632306.003666336,-134664.322855039,-320959.586721214)
(-311167.418046602,-61887.3830150467,-311024.432403409)
(0,0,0)
(0,0,0)
(0,0,0)
(0,0,0)
(0,0,0)
(0,0,0)
(-520457.759243943,-144820.939550626,7884.45433666489)
(-528364.675961058,-147017.221885656,19572.4334538428)
(-547954.874781136,-152923.311238204,39848.2986801111)
(-587892.463209418,-166468.494928016,73563.9883521537)
(-661441.181916313,-195785.146816421,115474.302921141)
(-776816.586380514,-252355.665404832,106750.467688504)
(-883403.828564253,-323693.506181084,-153580.546348806)
(-729672.126279147,-252891.551921106,-231935.590588073)
(-497551.737382932,-163331.129048691,-248240.421771795)
(-249178.445873741,-79001.6600634418,-249124.464945113)
(0,0,0)
(0,0,0)
(0,0,0)
(0,0,0)
(0,0,0)
(0,0,0)
(-375892.862319386,-178200.313926317,5624.35679557976)
(-381528.655517703,-180893.475993376,13572.5582408331)
(-395168.399945701,-187612.420811839,26220.4065763626)
(-421556.881649307,-201180.548162108,44188.7832139819)
(-465809.749413492,-225512.060501409,58846.3325900237)
(-524624.556888166,-261168.4462086,35340.2481212251)
(-559803.18757762,-288123.075816465,-82814.0029227626)
(-476795.338638816,-242870.998730062,-142417.034598332)
(-334180.423329768,-167700.150997748,-164001.061363544)
(-170117.943153519,-84469.8554521723,-170153.456072856)
(0,0,0)
(0,0,0)
(0,0,0)
(0,0,0)
(0,0,0)
(0,0,0)
(-197986.385700691,-198169.994357193,2874.97274571802)
(-200862.885619039,-201048.522581893,6799.87164898571)
(-207715.339361027,-207877.568840809,12610.3161546012)
(-220445.480758539,-220542.749860482,19810.5538271126)
(-240346.371479618,-240344.219580453,23151.1023308268)
(-263531.675595349,-263472.522038066,8342.03839290814)
(-271777.123248923,-271746.272371236,-37609.3656636856)
(-234023.468179108,-234052.148736848,-67335.032156335)
(-166568.731556893,-166609.323900349,-80858.7937495789)
(-85677.8510597042,-85700.8308851615,-85710.9973415677)
(0,0,0)
(0,0,0)
(0,0,0)
(0,0,0)
(0,0,0)
(0,0,0)
(0,0,0)
(0,0,0)
(0,0,0)
(0,0,0)
(0,0,0)
(0,0,0)
(0,0,0)
(0,0,0)
(0,0,0)
(0,0,0)
(0,0,0)
(0,0,0)
(0,0,0)
(0,0,0)
(0,0,0)
(0,0,0)
(0,0,0)
(0,0,0)
(0,0,0)
(0,0,0)
(0,0,0)
(0,0,0)
(0,0,0)
(0,0,0)
(0,0,0)
(0,0,0)
(0,0,0)
(0,0,0)
(0,0,0)
(0,0,0)
(0,0,0)
(0,0,0)
(0,0,0)
(0,0,0)
(0,0,0)
(0,0,0)
(0,0,0)
(0,0,0)
(0,0,0)
(0,0,0)
(0,0,0)
(0,0,0)
(0,0,0)
(0,0,0)
(0,0,0)
(0,0,0)
(0,0,0)
(0,0,0)
(0,0,0)
(0,0,0)
(0,0,0)
(0,0,0)
(0,0,0)
(0,0,0)
(0,0,0)
(0,0,0)
(0,0,0)
(0,0,0)
(0,0,0)
(0,0,0)
(0,0,0)
(0,0,0)
(0,0,0)
(0,0,0)
(0,0,0)
(0,0,0)
(0,0,0)
(0,0,0)
(0,0,0)
(0,0,0)
(0,0,0)
(0,0,0)
(0,0,0)
(0,0,0)
(0,0,0)
(0,0,0)
(0,0,0)
(0,0,0)
(0,0,0)
(0,0,0)
(0,0,0)
(0,0,0)
(0,0,0)
(0,0,0)
(0,0,0)
(0,0,0)
(0,0,0)
(0,0,0)
(0,0,0)
(0,0,0)
(0,0,0)
(0,0,0)
(0,0,0)
(0,0,0)
(0,0,0)
(0,0,0)
(0,0,0)
(0,0,0)
(0,0,0)
(0,0,0)
(0,0,0)
(0,0,0)
(0,0,0)
(0,0,0)
(0,0,0)
(0,0,0)
(0,0,0)
(0,0,0)
(0,0,0)
(0,0,0)
(0,0,0)
(0,0,0)
(0,0,0)
(0,0,0)
(0,0,0)
(0,0,0)
(0,0,0)
(0,0,0)
(0,0,0)
(0,0,0)
(0,0,0)
(0,0,0)
(0,0,0)
(0,0,0)
(0,0,0)
(0,0,0)
(0,0,0)
(0,0,0)
(0,0,0)
(0,0,0)
(0,0,0)
(0,0,0)
(0,0,0)
(0,0,0)
(0,0,0)
(0,0,0)
(0,0,0)
(0,0,0)
(0,0,0)
(0,0,0)
(0,0,0)
(0,0,0)
(0,0,0)
(0,0,0)
(0,0,0)
(0,0,0)
(0,0,0)
(0,0,0)
(0,0,0)
(0,0,0)
(0,0,0)
(0,0,0)
(0,0,0)
(0,0,0)
(0,0,0)
(0,0,0)
(0,0,0)
(0,0,0)
(0,0,0)
(0,0,0)
(0,0,0)
(0,0,0)
(0,0,0)
(0,0,0)
(0,0,0)
(0,0,0)
(0,0,0)
(0,0,0)
(0,0,0)
(0,0,0)
(0,0,0)
(0,0,0)
(0,0,0)
(0,0,0)
(0,0,0)
(0,0,0)
(0,0,0)
(0,0,0)
(0,0,0)
(0,0,0)
(0,0,0)
(0,0,0)
(0,0,0)
(0,0,0)
(0,0,0)
(0,0,0)
(0,0,0)
(0,0,0)
(0,0,0)
(0,0,0)
(0,0,0)
(0,0,0)
(0,0,0)
(0,0,0)
(0,0,0)
(0,0,0)
(0,0,0)
(0,0,0)
(0,0,0)
(0,0,0)
(0,0,0)
(0,0,0)
(0,0,0)
(0,0,0)
(0,0,0)
(0,0,0)
(0,0,0)
(0,0,0)
(0,0,0)
(0,0,0)
(0,0,0)
(0,0,0)
(0,0,0)
(0,0,0)
(0,0,0)
(0,0,0)
(0,0,0)
(0,0,0)
(0,0,0)
(0,0,0)
(0,0,0)
(0,0,0)
(0,0,0)
(0,0,0)
(0,0,0)
(0,0,0)
(0,0,0)
(0,0,0)
(0,0,0)
(0,0,0)
(0,0,0)
(0,0,0)
(0,0,0)
(0,0,0)
(0,0,0)
(0,0,0)
(0,0,0)
(0,0,0)
(0,0,0)
(0,0,0)
(0,0,0)
(0,0,0)
(0,0,0)
(0,0,0)
(0,0,0)
(0,0,0)
(0,0,0)
(0,0,0)
(0,0,0)
(0,0,0)
(0,0,0)
(0,0,0)
(0,0,0)
(0,0,0)
(0,0,0)
(0,0,0)
(0,0,0)
(0,0,0)
(0,0,0)
(0,0,0)
(0,0,0)
(0,0,0)
(0,0,0)
(0,0,0)
(0,0,0)
(0,0,0)
(0,0,0)
(0,0,0)
(0,0,0)
(0,0,0)
(0,0,0)
(0,0,0)
(0,0,0)
(0,0,0)
(0,0,0)
(0,0,0)
(0,0,0)
(0,0,0)
(0,0,0)
(0,0,0)
(0,0,0)
(0,0,0)
(0,0,0)
(0,0,0)
(0,0,0)
(0,0,0)
(0,0,0)
(0,0,0)
(0,0,0)
(0,0,0)
(0,0,0)
(0,0,0)
(0,0,0)
(0,0,0)
(0,0,0)
(0,0,0)
(0,0,0)
(0,0,0)
(0,0,0)
(0,0,0)
(0,0,0)
(0,0,0)
(0,0,0)
(0,0,0)
(0,0,0)
(0,0,0)
(0,0,0)
(0,0,0)
(0,0,0)
(0,0,0)
(0,0,0)
(0,0,0)
(0,0,0)
(0,0,0)
(0,0,0)
(0,0,0)
(0,0,0)
(0,0,0)
(0,0,0)
(0,0,0)
(0,0,0)
(0,0,0)
(0,0,0)
(0,0,0)
(0,0,0)
(0,0,0)
(0,0,0)
(0,0,0)
(0,0,0)
(0,0,0)
(0,0,0)
(0,0,0)
(0,0,0)
(0,0,0)
(0,0,0)
(0,0,0)
(0,0,0)
(0,0,0)
(0,0,0)
(0,0,0)
(0,0,0)
(0,0,0)
(0,0,0)
(0,0,0)
(0,0,0)
(0,0,0)
(0,0,0)
(0,0,0)
(0,0,0)
(0,0,0)
(0,0,0)
(0,0,0)
(0,0,0)
(0,0,0)
(0,0,0)
(0,0,0)
(0,0,0)
(0,0,0)
(0,0,0)
(0,0,0)
(0,0,0)
(0,0,0)
(0,0,0)
(0,0,0)
(0,0,0)
(0,0,0)
(0,0,0)
(0,0,0)
(0,0,0)
(0,0,0)
(0,0,0)
(0,0,0)
(0,0,0)
(0,0,0)
(0,0,0)
(0,0,0)
(0,0,0)
(0,0,0)
(0,0,0)
(0,0,0)
(0,0,0)
(0,0,0)
(0,0,0)
(0,0,0)
(0,0,0)
(0,0,0)
(0,0,0)
(0,0,0)
(0,0,0)
(0,0,0)
(0,0,0)
(0,0,0)
(0,0,0)
(0,0,0)
(0,0,0)
(0,0,0)
(0,0,0)
(0,0,0)
(0,0,0)
(0,0,0)
(0,0,0)
(0,0,0)
(0,0,0)
(0,0,0)
(0,0,0)
(0,0,0)
(0,0,0)
(0,0,0)
(0,0,0)
(0,0,0)
(0,0,0)
(0,0,0)
(0,0,0)
(0,0,0)
(0,0,0)
(0,0,0)
(0,0,0)
(0,0,0)
(0,0,0)
(0,0,0)
(0,0,0)
(0,0,0)
(0,0,0)
(0,0,0)
(0,0,0)
(0,0,0)
(0,0,0)
(0,0,0)
(0,0,0)
(0,0,0)
(0,0,0)
(0,0,0)
(0,0,0)
(0,0,0)
(0,0,0)
(0,0,0)
(0,0,0)
(0,0,0)
(0,0,0)
(0,0,0)
(0,0,0)
(0,0,0)
(0,0,0)
(0,0,0)
(0,0,0)
(0,0,0)
(0,0,0)
(0,0,0)
(0,0,0)
(0,0,0)
(0,0,0)
(0,0,0)
(0,0,0)
(0,0,0)
(0,0,0)
(0,0,0)
(0,0,0)
(0,0,0)
(0,0,0)
(0,0,0)
(0,0,0)
(0,0,0)
(0,0,0)
(0,0,0)
(0,0,0)
(0,0,0)
(0,0,0)
(0,0,0)
(0,0,0)
(0,0,0)
(0,0,0)
(0,0,0)
(0,0,0)
(0,0,0)
(0,0,0)
(0,0,0)
(0,0,0)
(0,0,0)
(0,0,0)
(0,0,0)
(0,0,0)
(0,0,0)
(0,0,0)
(0,0,0)
(0,0,0)
(0,0,0)
(0,0,0)
(0,0,0)
(0,0,0)
(0,0,0)
(0,0,0)
(0,0,0)
(0,0,0)
(0,0,0)
(0,0,0)
(0,0,0)
(0,0,0)
(0,0,0)
(0,0,0)
(0,0,0)
(0,0,0)
(0,0,0)
(0,0,0)
(0,0,0)
(0,0,0)
(0,0,0)
(0,0,0)
(0,0,0)
(0,0,0)
(0,0,0)
(0,0,0)
(0,0,0)
(0,0,0)
(0,0,0)
(0,0,0)
(0,0,0)
(0,0,0)
(0,0,0)
(0,0,0)
(0,0,0)
(0,0,0)
(0,0,0)
(0,0,0)
(0,0,0)
(0,0,0)
(0,0,0)
(0,0,0)
(0,0,0)
(0,0,0)
(0,0,0)
(0,0,0)
(0,0,0)
(0,0,0)
(0,0,0)
(0,0,0)
(0,0,0)
(0,0,0)
(0,0,0)
(0,0,0)
(0,0,0)
(0,0,0)
(0,0,0)
(0,0,0)
(0,0,0)
(0,0,0)
(0,0,0)
(0,0,0)
(0,0,0)
(0,0,0)
(0,0,0)
(0,0,0)
(0,0,0)
(0,0,0)
(0,0,0)
(0,0,0)
(0,0,0)
(0,0,0)
(0,0,0)
(0,0,0)
(0,0,0)
(0,0,0)
(0,0,0)
(0,0,0)
(0,0,0)
(0,0,0)
(0,0,0)
(0,0,0)
(0,0,0)
(0,0,0)
(0,0,0)
(0,0,0)
(0,0,0)
(0,0,0)
(0,0,0)
(0,0,0)
(0,0,0)
(0,0,0)
(0,0,0)
(0,0,0)
(0,0,0)
(0,0,0)
(0,0,0)
(0,0,0)
(0,0,0)
(0,0,0)
(0,0,0)
(0,0,0)
(0,0,0)
(0,0,0)
(0,0,0)
(0,0,0)
(0,0,0)
(0,0,0)
(0,0,0)
(0,0,0)
(0,0,0)
(0,0,0)
(0,0,0)
(0,0,0)
(0,0,0)
(0,0,0)
(0,0,0)
(0,0,0)
(0,0,0)
(0,0,0)
(0,0,0)
(0,0,0)
(0,0,0)
(0,0,0)
(0,0,0)
(0,0,0)
(0,0,0)
(0,0,0)
(0,0,0)
(0,0,0)
(0,0,0)
(0,0,0)
(0,0,0)
(0,0,0)
(0,0,0)
(0,0,0)
(0,0,0)
(0,0,0)
(0,0,0)
(0,0,0)
(0,0,0)
(0,0,0)
(0,0,0)
(0,0,0)
(0,0,0)
(0,0,0)
(0,0,0)
(0,0,0)
(0,0,0)
(0,0,0)
(0,0,0)
(0,0,0)
(0,0,0)
(0,0,0)
(0,0,0)
(0,0,0)
(0,0,0)
(0,0,0)
(0,0,0)
(0,0,0)
(0,0,0)
(0,0,0)
(0,0,0)
(0,0,0)
(0,0,0)
(0,0,0)
(0,0,0)
(0,0,0)
(0,0,0)
(0,0,0)
(0,0,0)
(0,0,0)
(0,0,0)
(0,0,0)
(0,0,0)
(0,0,0)
(0,0,0)
(0,0,0)
(0,0,0)
(0,0,0)
(0,0,0)
(0,0,0)
(0,0,0)
(0,0,0)
(0,0,0)
(0,0,0)
(0,0,0)
(0,0,0)
(0,0,0)
(0,0,0)
(0,0,0)
(0,0,0)
(0,0,0)
(0,0,0)
(0,0,0)
(0,0,0)
(0,0,0)
(0,0,0)
(0,0,0)
(0,0,0)
(0,0,0)
(0,0,0)
(0,0,0)
(0,0,0)
(0,0,0)
(0,0,0)
(0,0,0)
(0,0,0)
(0,0,0)
(0,0,0)
(0,0,0)
(0,0,0)
(0,0,0)
(0,0,0)
(0,0,0)
(0,0,0)
(0,0,0)
(0,0,0)
(0,0,0)
(0,0,0)
(0,0,0)
(0,0,0)
(0,0,0)
(0,0,0)
(0,0,0)
(0,0,0)
(0,0,0)
(0,0,0)
(0,0,0)
(0,0,0)
(0,0,0)
(0,0,0)
(0,0,0)
(0,0,0)
(0,0,0)
(0,0,0)
(0,0,0)
(0,0,0)
(0,0,0)
(0,0,0)
(0,0,0)
(0,0,0)
(0,0,0)
(0,0,0)
(0,0,0)
(0,0,0)
(0,0,0)
(0,0,0)
(0,0,0)
(0,0,0)
(0,0,0)
(0,0,0)
(0,0,0)
(0,0,0)
(0,0,0)
(0,0,0)
(0,0,0)
(0,0,0)
(0,0,0)
(0,0,0)
(0,0,0)
(0,0,0)
(0,0,0)
(0,0,0)
(0,0,0)
(0,0,0)
(0,0,0)
(0,0,0)
(0,0,0)
(0,0,0)
(0,0,0)
(0,0,0)
(0,0,0)
(0,0,0)
(0,0,0)
(0,0,0)
(0,0,0)
(0,0,0)
(0,0,0)
(0,0,0)
(0,0,0)
(0,0,0)
(0,0,0)
(0,0,0)
(0,0,0)
(0,0,0)
(0,0,0)
(0,0,0)
(0,0,0)
(0,0,0)
(0,0,0)
(0,0,0)
(0,0,0)
(0,0,0)
(0,0,0)
(0,0,0)
(0,0,0)
(0,0,0)
(0,0,0)
(0,0,0)
(0,0,0)
(0,0,0)
(0,0,0)
(0,0,0)
(0,0,0)
(0,0,0)
(0,0,0)
(0,0,0)
(0,0,0)
(0,0,0)
(0,0,0)
(0,0,0)
(0,0,0)
(0,0,0)
(0,0,0)
(0,0,0)
(0,0,0)
(0,0,0)
(0,0,0)
(0,0,0)
(0,0,0)
(0,0,0)
(0,0,0)
(0,0,0)
(0,0,0)
(0,0,0)
(0,0,0)
(0,0,0)
)
;

boundaryField
{
    fuel
    {
        type            fixedValue;
        value           uniform (0.1 0 0);
    }
    air
    {
        type            fixedValue;
        value           uniform (-0.1 0 0);
    }
    outlet
    {
        type            zeroGradient;
    }
    frontAndBack
    {
        type            empty;
    }
}


// ************************************************************************* //
 