/*--------------------------------*- C++ -*----------------------------------*\
| =========                 |                                                 |
| \\      /  F ield         | foam-extend: Open Source CFD                    |
|  \\    /   O peration     | Version:     4.0                                |
|   \\  /    A nd           | Web:         http://www.foam-extend.org         |
|    \\/     M anipulation  |                                                 |
\*---------------------------------------------------------------------------*/
FoamFile
{
    version 2.0;
    format ascii;
    class volVectorField;
    location "Data/3699";
    object      E;
}
// * * * * * * * * * * * * * * * * * * * * * * * * * * * * * * * * * * * * * //

dimensions      [0 1 -1 0 0 0 0];

internalField   nonuniform List<vector>
4096
(
(0,0,0)
(0,0,0)
(0,0,0)
(0,0,0)
(0,0,0)
(0,0,0)
(0,0,0)
(0,0,0)
(0,0,0)
(0,0,0)
(0,0,0)
(0,0,0)
(0,0,0)
(0,0,0)
(0,0,0)
(0,0,0)
(0,0,0)
(0,0,0)
(0,0,0)
(0,0,0)
(0,0,0)
(0,0,0)
(0,0,0)
(0,0,0)
(0,0,0)
(0,0,0)
(0,0,0)
(0,0,0)
(0,0,0)
(0,0,0)
(0,0,0)
(0,0,0)
(0,0,0)
(0,0,0)
(0,0,0)
(0,0,0)
(0,0,0)
(0,0,0)
(0,0,0)
(0,0,0)
(0,0,0)
(0,0,0)
(0,0,0)
(0,0,0)
(0,0,0)
(0,0,0)
(0,0,0)
(0,0,0)
(0,0,0)
(0,0,0)
(0,0,0)
(0,0,0)
(0,0,0)
(0,0,0)
(0,0,0)
(0,0,0)
(0,0,0)
(0,0,0)
(0,0,0)
(0,0,0)
(0,0,0)
(0,0,0)
(0,0,0)
(0,0,0)
(0,0,0)
(0,0,0)
(0,0,0)
(0,0,0)
(0,0,0)
(0,0,0)
(0,0,0)
(0,0,0)
(0,0,0)
(0,0,0)
(0,0,0)
(0,0,0)
(0,0,0)
(0,0,0)
(0,0,0)
(0,0,0)
(0,0,0)
(0,0,0)
(0,0,0)
(0,0,0)
(0,0,0)
(0,0,0)
(0,0,0)
(0,0,0)
(0,0,0)
(0,0,0)
(0,0,0)
(0,0,0)
(0,0,0)
(0,0,0)
(0,0,0)
(0,0,0)
(0,0,0)
(0,0,0)
(0,0,0)
(0,0,0)
(0,0,0)
(0,0,0)
(0,0,0)
(0,0,0)
(0,0,0)
(0,0,0)
(0,0,0)
(0,0,0)
(0,0,0)
(0,0,0)
(0,0,0)
(0,0,0)
(0,0,0)
(0,0,0)
(0,0,0)
(0,0,0)
(0,0,0)
(0,0,0)
(0,0,0)
(0,0,0)
(0,0,0)
(0,0,0)
(0,0,0)
(0,0,0)
(0,0,0)
(0,0,0)
(0,0,0)
(0,0,0)
(0,0,0)
(0,0,0)
(0,0,0)
(0,0,0)
(0,0,0)
(0,0,0)
(0,0,0)
(0,0,0)
(0,0,0)
(0,0,0)
(0,0,0)
(0,0,0)
(0,0,0)
(0,0,0)
(0,0,0)
(0,0,0)
(0,0,0)
(0,0,0)
(0,0,0)
(0,0,0)
(0,0,0)
(0,0,0)
(0,0,0)
(0,0,0)
(0,0,0)
(0,0,0)
(0,0,0)
(0,0,0)
(0,0,0)
(0,0,0)
(0,0,0)
(0,0,0)
(0,0,0)
(0,0,0)
(0,0,0)
(0,0,0)
(0,0,0)
(0,0,0)
(0,0,0)
(0,0,0)
(0,0,0)
(0,0,0)
(0,0,0)
(0,0,0)
(0,0,0)
(0,0,0)
(0,0,0)
(0,0,0)
(0,0,0)
(0,0,0)
(0,0,0)
(0,0,0)
(0,0,0)
(0,0,0)
(0,0,0)
(0,0,0)
(0,0,0)
(0,0,0)
(0,0,0)
(0,0,0)
(0,0,0)
(0,0,0)
(0,0,0)
(0,0,0)
(0,0,0)
(0,0,0)
(0,0,0)
(0,0,0)
(0,0,0)
(0,0,0)
(0,0,0)
(0,0,0)
(0,0,0)
(0,0,0)
(0,0,0)
(0,0,0)
(0,0,0)
(0,0,0)
(0,0,0)
(0,0,0)
(0,0,0)
(0,0,0)
(0,0,0)
(0,0,0)
(0,0,0)
(0,0,0)
(0,0,0)
(0,0,0)
(0,0,0)
(0,0,0)
(0,0,0)
(0,0,0)
(0,0,0)
(0,0,0)
(0,0,0)
(0,0,0)
(0,0,0)
(0,0,0)
(0,0,0)
(0,0,0)
(0,0,0)
(0,0,0)
(0,0,0)
(0,0,0)
(0,0,0)
(0,0,0)
(0,0,0)
(0,0,0)
(0,0,0)
(0,0,0)
(0,0,0)
(0,0,0)
(0,0,0)
(0,0,0)
(0,0,0)
(0,0,0)
(0,0,0)
(0,0,0)
(0,0,0)
(0,0,0)
(0,0,0)
(0,0,0)
(0,0,0)
(0,0,0)
(0,0,0)
(0,0,0)
(0,0,0)
(0,0,0)
(0,0,0)
(0,0,0)
(0,0,0)
(0,0,0)
(0,0,0)
(0,0,0)
(0,0,0)
(0,0,0)
(0,0,0)
(0,0,0)
(0,0,0)
(0,0,0)
(0,0,0)
(0,0,0)
(0,0,0)
(0,0,0)
(0,0,0)
(0,0,0)
(0,0,0)
(0,0,0)
(0,0,0)
(0,0,0)
(0,0,0)
(0,0,0)
(0,0,0)
(0,0,0)
(0,0,0)
(0,0,0)
(0,0,0)
(0,0,0)
(0,0,0)
(0,0,0)
(0,0,0)
(0,0,0)
(0,0,0)
(0,0,0)
(0,0,0)
(0,0,0)
(0,0,0)
(0,0,0)
(0,0,0)
(0,0,0)
(0,0,0)
(0,0,0)
(0,0,0)
(0,0,0)
(0,0,0)
(0,0,0)
(0,0,0)
(0,0,0)
(0,0,0)
(0,0,0)
(0,0,0)
(0,0,0)
(0,0,0)
(0,0,0)
(0,0,0)
(0,0,0)
(0,0,0)
(0,0,0)
(0,0,0)
(0,0,0)
(0,0,0)
(0,0,0)
(0,0,0)
(0,0,0)
(0,0,0)
(0,0,0)
(0,0,0)
(0,0,0)
(0,0,0)
(0,0,0)
(0,0,0)
(0,0,0)
(0,0,0)
(0,0,0)
(0,0,0)
(0,0,0)
(0,0,0)
(0,0,0)
(0,0,0)
(0,0,0)
(0,0,0)
(0,0,0)
(0,0,0)
(0,0,0)
(0,0,0)
(0,0,0)
(0,0,0)
(0,0,0)
(0,0,0)
(0,0,0)
(0,0,0)
(0,0,0)
(0,0,0)
(0,0,0)
(0,0,0)
(0,0,0)
(0,0,0)
(0,0,0)
(0,0,0)
(0,0,0)
(0,0,0)
(0,0,0)
(0,0,0)
(0,0,0)
(0,0,0)
(0,0,0)
(0,0,0)
(0,0,0)
(0,0,0)
(0,0,0)
(0,0,0)
(0,0,0)
(0,0,0)
(0,0,0)
(0,0,0)
(0,0,0)
(0,0,0)
(0,0,0)
(0,0,0)
(0,0,0)
(0,0,0)
(0,0,0)
(0,0,0)
(0,0,0)
(0,0,0)
(0,0,0)
(0,0,0)
(0,0,0)
(0,0,0)
(0,0,0)
(0,0,0)
(0,0,0)
(0,0,0)
(0,0,0)
(0,0,0)
(0,0,0)
(0,0,0)
(0,0,0)
(0,0,0)
(0,0,0)
(0,0,0)
(0,0,0)
(0,0,0)
(0,0,0)
(0,0,0)
(0,0,0)
(0,0,0)
(0,0,0)
(0,0,0)
(0,0,0)
(0,0,0)
(0,0,0)
(0,0,0)
(0,0,0)
(0,0,0)
(0,0,0)
(0,0,0)
(0,0,0)
(0,0,0)
(0,0,0)
(0,0,0)
(0,0,0)
(0,0,0)
(0,0,0)
(0,0,0)
(0,0,0)
(0,0,0)
(0,0,0)
(0,0,0)
(0,0,0)
(0,0,0)
(0,0,0)
(0,0,0)
(0,0,0)
(0,0,0)
(0,0,0)
(0,0,0)
(0,0,0)
(0,0,0)
(0,0,0)
(0,0,0)
(0,0,0)
(0,0,0)
(0,0,0)
(0,0,0)
(0,0,0)
(0,0,0)
(0,0,0)
(0,0,0)
(0,0,0)
(0,0,0)
(0,0,0)
(0,0,0)
(0,0,0)
(0,0,0)
(0,0,0)
(0,0,0)
(0,0,0)
(0,0,0)
(0,0,0)
(0,0,0)
(0,0,0)
(0,0,0)
(0,0,0)
(0,0,0)
(0,0,0)
(0,0,0)
(0,0,0)
(0,0,0)
(0,0,0)
(0,0,0)
(0,0,0)
(0,0,0)
(0,0,0)
(0,0,0)
(0,0,0)
(0,0,0)
(0,0,0)
(0,0,0)
(0,0,0)
(0,0,0)
(0,0,0)
(0,0,0)
(0,0,0)
(0,0,0)
(0,0,0)
(0,0,0)
(0,0,0)
(0,0,0)
(0,0,0)
(0,0,0)
(0,0,0)
(0,0,0)
(0,0,0)
(0,0,0)
(0,0,0)
(0,0,0)
(0,0,0)
(0,0,0)
(0,0,0)
(0,0,0)
(0,0,0)
(0,0,0)
(0,0,0)
(0,0,0)
(0,0,0)
(0,0,0)
(0,0,0)
(0,0,0)
(0,0,0)
(0,0,0)
(0,0,0)
(0,0,0)
(0,0,0)
(0,0,0)
(0,0,0)
(0,0,0)
(0,0,0)
(0,0,0)
(0,0,0)
(0,0,0)
(0,0,0)
(0,0,0)
(0,0,0)
(0,0,0)
(0,0,0)
(0,0,0)
(0,0,0)
(0,0,0)
(0,0,0)
(0,0,0)
(0,0,0)
(0,0,0)
(0,0,0)
(0,0,0)
(0,0,0)
(0,0,0)
(0,0,0)
(0,0,0)
(0,0,0)
(0,0,0)
(0,0,0)
(0,0,0)
(0,0,0)
(0,0,0)
(0,0,0)
(0,0,0)
(0,0,0)
(0,0,0)
(0,0,0)
(0,0,0)
(0,0,0)
(0,0,0)
(0,0,0)
(0,0,0)
(0,0,0)
(0,0,0)
(0,0,0)
(0,0,0)
(0,0,0)
(0,0,0)
(0,0,0)
(0,0,0)
(0,0,0)
(0,0,0)
(0,0,0)
(0,0,0)
(0,0,0)
(0,0,0)
(0,0,0)
(0,0,0)
(0,0,0)
(0,0,0)
(0,0,0)
(0,0,0)
(0,0,0)
(0,0,0)
(0,0,0)
(0,0,0)
(0,0,0)
(0,0,0)
(0,0,0)
(0,0,0)
(0,0,0)
(0,0,0)
(0,0,0)
(0,0,0)
(0,0,0)
(0,0,0)
(0,0,0)
(0,0,0)
(0,0,0)
(0,0,0)
(0,0,0)
(0,0,0)
(0,0,0)
(0,0,0)
(0,0,0)
(0,0,0)
(0,0,0)
(0,0,0)
(0,0,0)
(0,0,0)
(0,0,0)
(0,0,0)
(0,0,0)
(0,0,0)
(0,0,0)
(0,0,0)
(0,0,0)
(0,0,0)
(0,0,0)
(0,0,0)
(0,0,0)
(0,0,0)
(0,0,0)
(0,0,0)
(0,0,0)
(0,0,0)
(0,0,0)
(0,0,0)
(0,0,0)
(0,0,0)
(0,0,0)
(0,0,0)
(0,0,0)
(0,0,0)
(0,0,0)
(0,0,0)
(0,0,0)
(0,0,0)
(0,0,0)
(0,0,0)
(0,0,0)
(0,0,0)
(0,0,0)
(0,0,0)
(0,0,0)
(0,0,0)
(0,0,0)
(0,0,0)
(0,0,0)
(0,0,0)
(0,0,0)
(0,0,0)
(0,0,0)
(0,0,0)
(0,0,0)
(0,0,0)
(0,0,0)
(0,0,0)
(0,0,0)
(0,0,0)
(0,0,0)
(0,0,0)
(0,0,0)
(0,0,0)
(0,0,0)
(0,0,0)
(0,0,0)
(0,0,0)
(0,0,0)
(0,0,0)
(0,0,0)
(0,0,0)
(0,0,0)
(0,0,0)
(0,0,0)
(0,0,0)
(0,0,0)
(0,0,0)
(0,0,0)
(0,0,0)
(0,0,0)
(0,0,0)
(0,0,0)
(0,0,0)
(0,0,0)
(0,0,0)
(0,0,0)
(0,0,0)
(0,0,0)
(0,0,0)
(0,0,0)
(0,0,0)
(0,0,0)
(0,0,0)
(0,0,0)
(0,0,0)
(0,0,0)
(0,0,0)
(0,0,0)
(0,0,0)
(0,0,0)
(0,0,0)
(0,0,0)
(0,0,0)
(0,0,0)
(0,0,0)
(0,0,0)
(0,0,0)
(0,0,0)
(0,0,0)
(0,0,0)
(0,0,0)
(0,0,0)
(0,0,0)
(0,0,0)
(0,0,0)
(0,0,0)
(0,0,0)
(0,0,0)
(0,0,0)
(0,0,0)
(0,0,0)
(0,0,0)
(0,0,0)
(0,0,0)
(0,0,0)
(0,0,0)
(0,0,0)
(0,0,0)
(0,0,0)
(0,0,0)
(0,0,0)
(0,0,0)
(0,0,0)
(0,0,0)
(0,0,0)
(0,0,0)
(0,0,0)
(0,0,0)
(0,0,0)
(0,0,0)
(0,0,0)
(0,0,0)
(0,0,0)
(0,0,0)
(0,0,0)
(0,0,0)
(0,0,0)
(0,0,0)
(0,0,0)
(0,0,0)
(0,0,0)
(0,0,0)
(0,0,0)
(0,0,0)
(0,0,0)
(0,0,0)
(0,0,0)
(0,0,0)
(0,0,0)
(0,0,0)
(0,0,0)
(0,0,0)
(0,0,0)
(0,0,0)
(0,0,0)
(0,0,0)
(0,0,0)
(0,0,0)
(0,0,0)
(0,0,0)
(0,0,0)
(0,0,0)
(0,0,0)
(0,0,0)
(0,0,0)
(0,0,0)
(0,0,0)
(0,0,0)
(0,0,0)
(0,0,0)
(0,0,0)
(0,0,0)
(0,0,0)
(0,0,0)
(0,0,0)
(0,0,0)
(0,0,0)
(0,0,0)
(0,0,0)
(0,0,0)
(0,0,0)
(0,0,0)
(0,0,0)
(0,0,0)
(0,0,0)
(0,0,0)
(0,0,0)
(0,0,0)
(0,0,0)
(0,0,0)
(0,0,0)
(0,0,0)
(0,0,0)
(0,0,0)
(0,0,0)
(0,0,0)
(0,0,0)
(0,0,0)
(0,0,0)
(0,0,0)
(0,0,0)
(0,0,0)
(0,0,0)
(0,0,0)
(0,0,0)
(0,0,0)
(0,0,0)
(0,0,0)
(0,0,0)
(0,0,0)
(0,0,0)
(0,0,0)
(0,0,0)
(0,0,0)
(0,0,0)
(0,0,0)
(0,0,0)
(-212588.825859917,112993.488441226,99595.3374186901)
(-224801.8336867,108324.324021717,216072.847083671)
(-253074.590054104,98645.8217766863,370501.615361085)
(-306579.627976355,83375.499372003,593705.74396545)
(-403104.105897171,62815.7460247858,933994.103837831)
(-576378.802538184,39122.7894210668,1471250.11695496)
(-890152.523633381,17609.0114756734,2343793.62911269)
(-1457246.79841716,4448.85202156808,3796591.57550828)
(-2403484.70532757,36.5864954022642,6200039.69434041)
(-3348819.8982955,-363.954775842154,9549223.54741181)
(0,0,0)
(0,0,0)
(0,0,0)
(0,0,0)
(0,0,0)
(0,0,0)
(-224870.054873445,242917.29221061,94946.2511040609)
(-237198.623614337,234108.165564256,206361.03317586)
(-265917.107446878,215655.862218875,355268.100180547)
(-320681.389546018,186167.741574308,573157.247524259)
(-419862.551084526,145479.070642301,910356.473991269)
(-597300.485494629,97060.9780932198,1449718.77081373)
(-914550.872521112,51287.2004764907,2330591.45433402)
(-1479492.93218319,22346.5311831732,3792186.70735555)
(-2418324.95750217,10918.9430632014,6199629.30829)
(-3355746.88112669,5516.73733586993,9549495.49730485)
(0,0,0)
(0,0,0)
(0,0,0)
(0,0,0)
(0,0,0)
(0,0,0)
(-252887.853091606,409647.924223898,86157.2210783171)
(-265430.665617718,397809.793408516,187886.25885178)
(-295089.054736064,372778.959992598,325852.215814128)
(-352594.829604951,332096.910300224,532517.876693163)
(-458113.411880997,274126.751438351,861983.607778096)
(-646559.274337121,201713.596152655,1403890.26405579)
(-974723.067101634,128369.558554458,2301530.97307947)
(-1534876.40879139,78006.751019468,3780747.16203452)
(-2453977.58683471,51381.603358536,6194262.08857392)
(-3371885.76205312,27792.7865941239,9543871.80136885)
(0,0,0)
(0,0,0)
(0,0,0)
(0,0,0)
(0,0,0)
(0,0,0)
(-305093.150581941,640414.15132326,74326.9234825779)
(-317850.422319143,627197.401423474,162789.737786764)
(-348674.286209121,599103.257117725,285139.72687075)
(-410161.978052928,552915.091619017,474483.523604872)
(-526181.620788328,485289.364940532,789502.530891036)
(-735753.811137729,396418.221241576,1330551.71693984)
(-1089938.11132218,297674.109346417,2251185.27747003)
(-1642009.62812539,217016.29391977,3754185.3626951)
(-2519331.23968742,154153.586207614,6170744.61953337)
(-3400394.36938844,82905.7110029952,9516026.06451318)
(0,0,0)
(0,0,0)
(0,0,0)
(0,0,0)
(0,0,0)
(0,0,0)
(-398636.527847486,977911.269056832,61139.4101139094)
(-411368.188825053,965041.626921568,134663.373440866)
(-442836.628838889,937699.204336705,238904.055060779)
(-507673.796826027,892710.341892906,406782.601612921)
(-634521.105763715,826033.393060662,700559.679256497)
(-870253.91376674,735381.204864093,1231850.60940071)
(-1265387.00154871,624264.503162202,2170647.21713364)
(-1805122.21132974,501354.62375955,3691431.09862361)
(-2614289.29886431,360345.570568921,6099528.41312672)
(-3441590.20634143,190953.642910734,9433070.68756042)
(0,0,0)
(0,0,0)
(0,0,0)
(0,0,0)
(0,0,0)
(0,0,0)
(-567549.628600829,1497148.16334985,48312.7343078204)
(-579677.285176443,1485701.97403507,107329.672370752)
(-610148.418173733,1461325.16230001,193852.132581176)
(-674352.820915073,1420823.19679273,340092.098596421)
(-802546.395819535,1358747.09984183,609924.787634803)
(-1042775.09919332,1267282.23593644,1120798.85575577)
(-1439140.07460008,1136316.0912681,2047887.34224996)
(-1954394.67896596,953088.625572453,3550548.01940304)
(-2717174.81965368,697839.571493148,5930228.8381325)
(-3493419.82063651,372485.898106542,9242116.40357316)
(0,0,0)
(0,0,0)
(0,0,0)
(0,0,0)
(0,0,0)
(0,0,0)
(-877815.669194266,2338085.43952529,36878.3930188224)
(-888563.015996428,2328201.16747984,82942.2155705043)
(-915922.434901333,2306921.1147828,153268.69798906)
(-974580.346045999,2270676.91727491,277995.323552864)
(-1093638.41564936,2211877.9087271,518502.93031696)
(-1319359.95630671,2115260.86074904,989884.261811086)
(-1691355.59374407,1952775.28072406,1864780.6660992)
(-2159875.43867513,1682390.21085132,3295354.51949545)
(-2870511.19380445,1258769.4987409,5604935.78605214)
(-3578004.05693402,685844.010897602,8869581.73019517)
(0,0,0)
(0,0,0)
(0,0,0)
(0,0,0)
(0,0,0)
(0,0,0)
(-1445233.8422806,3756276.05240016,27043.2294057094)
(-1453829.35921889,3747282.70031033,61791.0557940988)
(-1475879.49088401,3727471.73558433,117119.925876582)
(-1523614.04679261,3692187.30231768,219223.587626397)
(-1621456.47897098,3630630.43421364,421927.541110833)
(-1809088.14725847,3518818.96027016,827457.588848161)
(-2120608.69161838,3306327.30869169,1594514.25249886)
(-2499897.13584666,2904996.87904719,2871804.7201497)
(-3148892.40209082,2247404.79050239,5032061.83047904)
(-3739753.69995472,1273898.99649183,8183760.54483948)
(0,0,0)
(0,0,0)
(0,0,0)
(0,0,0)
(0,0,0)
(0,0,0)
(-2395316.33980137,6133472.74965599,18119.6425455354)
(-2401202.49019594,6124463.10233039,42141.7307214168)
(-2416192.32382822,6103845.89255559,81959.8975783304)
(-2448304.24030324,6064768.8314501,157682.608749143)
(-2512934.70939491,5991141.57613547,310106.176222253)
(-2634344.62466449,5848245.40050246,615024.360654446)
(-2838251.21794846,5566320.84960577,1193282.03768885)
(-3141223.6289692,5025206.530561,2214296.01514427)
(-3662336.76755746,4065424.06753465,4058613.50566933)
(-4021874.58116193,2444427.08631837,6909959.99700471)
(0,0,0)
(0,0,0)
(0,0,0)
(0,0,0)
(0,0,0)
(0,0,0)
(-3345070.60810111,9469361.33499779,9182.02275930174)
(-3348014.30559592,9459971.49813525,21687.9325503267)
(-3355468.66692826,9438010.5182456,42991.9737885934)
(-3371246.76225652,9394879.63154427,84127.9359509875)
(-3402535.73464738,9310615.06172807,167190.185005811)
(-3461010.33579101,9143359.72261657,333086.198682655)
(-3563042.55495154,8810234.5315399,652215.071700067)
(-3735003.66656951,8157918.77209368,1254506.49673685)
(-4020973.78450849,6903355.51225943,2437548.83652046)
(-4049475.71634483,4465800.96202671,4465650.67715706)
(0,0,0)
(0,0,0)
(0,0,0)
(0,0,0)
(0,0,0)
(0,0,0)
(0,0,0)
(0,0,0)
(0,0,0)
(0,0,0)
(0,0,0)
(0,0,0)
(0,0,0)
(0,0,0)
(0,0,0)
(0,0,0)
(0,0,0)
(0,0,0)
(0,0,0)
(0,0,0)
(0,0,0)
(0,0,0)
(0,0,0)
(0,0,0)
(0,0,0)
(0,0,0)
(0,0,0)
(0,0,0)
(0,0,0)
(0,0,0)
(0,0,0)
(0,0,0)
(0,0,0)
(0,0,0)
(0,0,0)
(0,0,0)
(0,0,0)
(0,0,0)
(0,0,0)
(0,0,0)
(0,0,0)
(0,0,0)
(0,0,0)
(0,0,0)
(0,0,0)
(0,0,0)
(0,0,0)
(0,0,0)
(0,0,0)
(0,0,0)
(0,0,0)
(0,0,0)
(0,0,0)
(0,0,0)
(0,0,0)
(0,0,0)
(0,0,0)
(0,0,0)
(0,0,0)
(0,0,0)
(0,0,0)
(0,0,0)
(0,0,0)
(0,0,0)
(0,0,0)
(0,0,0)
(0,0,0)
(0,0,0)
(0,0,0)
(0,0,0)
(0,0,0)
(0,0,0)
(0,0,0)
(0,0,0)
(0,0,0)
(0,0,0)
(0,0,0)
(0,0,0)
(0,0,0)
(0,0,0)
(0,0,0)
(0,0,0)
(0,0,0)
(0,0,0)
(0,0,0)
(0,0,0)
(0,0,0)
(0,0,0)
(0,0,0)
(0,0,0)
(0,0,0)
(0,0,0)
(0,0,0)
(0,0,0)
(0,0,0)
(0,0,0)
(0,0,0)
(0,0,0)
(0,0,0)
(0,0,0)
(0,0,0)
(0,0,0)
(31405597.6144647,100711.654608171,87313.8590559118)
(31385098.6264006,95930.2752042811,187695.077753181)
(31338080.2406619,85800.4401910385,316951.760834748)
(31250150.3786784,69297.8368980606,497135.871270569)
(31093532.9983816,46072.5945412488,760638.126439159)
(30814893.2972975,18235.420118766,1157342.56047331)
(30303585.0415405,-6737.82542454538,1776554.77471243)
(29293125.1005896,-17757.5241198623,2850152.35381418)
(27013211.3652571,-14757.8896682444,5254426.12688649)
(20821507.5761235,-7251.94205143283,12897562.5485078)
(0,0,0)
(0,0,0)
(0,0,0)
(0,0,0)
(0,0,0)
(0,0,0)
(31384640.2760452,214842.025681613,82571.2519966014)
(31364132.6285529,205826.270825692,177555.958196594)
(31316705.8822605,186478.422599053,300466.940069847)
(31227094.4788102,154310.11599469,473890.746605694)
(31066201.7445054,107294.896205882,732816.103339843)
(30779713.8975057,47876.890421921,1132372.20402502)
(30260567.7321438,-8808.79747399421,1765536.5253984)
(29254323.0303856,-33000.7668058445,2853175.75950423)
(26989100.3269681,-24727.5689289428,5261932.10828309)
(20810967.6118912,-10598.4858574377,12904776.1130597)
(0,0,0)
(0,0,0)
(0,0,0)
(0,0,0)
(0,0,0)
(0,0,0)
(31337278.3387401,357315.895257656,73571.8925808546)
(31316715.5889547,345294.691152403,158169.171670317)
(31268326.4786555,319148.96367498,268295.051191623)
(31174781.8363029,274563.065750213,426877.389517124)
(31002720.6265015,206139.598122197,673410.603207007)
(30692723.3076691,112579.724189999,1075637.14142152)
(30143859.7616636,13212.6014966819,1741244.86767426)
(29147233.4478637,-29082.9188213427,2861429.11702342)
(26926834.5675073,-13946.2125583464,5276047.56029928)
(20785150.9671616,-682.595545850157,12915306.8947616)
(0,0,0)
(0,0,0)
(0,0,0)
(0,0,0)
(0,0,0)
(0,0,0)
(31250266.2263506,546648.964494845,61519.5078189)
(31229735.6795464,533498.641939428,131941.40915503)
(31180156.7182866,504840.806372007,223630.515950926)
(31080460.881439,455391.461024293,358391.215173617)
(30887785.8361015,376971.140036381,579804.170358366)
(30524677.0853735,261918.597985412,976246.354040439)
(29884549.3723303,122230.627892595,1698952.79798074)
(28903513.2745358,53922.5260335117,2876636.40445346)
(26801013.0492353,59206.6487289958,5289351.20823196)
(20736825.0861583,41721.8497739256,12915939.2613542)
(0,0,0)
(0,0,0)
(0,0,0)
(0,0,0)
(0,0,0)
(0,0,0)
(31097071.9894855,808746.086516107,48406.3146344845)
(31076991.1390326,796526.294527848,103231.288177019)
(31027112.8343642,770253.271116475,174081.314218323)
(30922156.009821,725954.368295701,279900.554288516)
(30705914.9592748,657951.192069172,464696.39120601)
(30263188.6346672,562823.300717034,836561.094029252)
(29418381.0555507,450513.985400314,1630721.63341089)
(28451615.9343932,352094.29820238,2882023.66950784)
(26603808.9119246,257441.397543026,5271902.66389346)
(20664956.7673004,139108.121546683,12874181.3724675)
(0,0,0)
(0,0,0)
(0,0,0)
(0,0,0)
(0,0,0)
(0,0,0)
(30824426.104248,1186728.88706493,36253.4205909171)
(30805669.5856338,1176702.45374429,76942.3445529055)
(30758105.6149987,1155479.26703878,129674.269446867)
(30655048.3143414,1120566.82488546,211872.631589429)
(30436301.4448687,1067603.67329352,369584.263665527)
(29980883.885463,990655.214924751,724305.318790102)
(29125355.796538,884090.025768949,1532445.36127227)
(28201271.1252477,747592.211166631,2787493.59808305)
(26435873.9337287,544460.012751614,5153638.18348087)
(20582592.7657133,287892.822702816,12735052.8499634)
(0,0,0)
(0,0,0)
(0,0,0)
(0,0,0)
(0,0,0)
(0,0,0)
(30318459.6628637,1770467.44434004,26198.0646555486)
(30302103.0077296,1762769.14838132,55677.300281251)
(30259929.0439828,1746847.31725623,94669.7251684418)
(30166373.0982356,1721581.07141737,158913.988343623)
(29962432.2178111,1683965.4111169,292693.571048459)
(29526970.5576904,1625426.6918721,617803.534092689)
(28697218.1423526,1523436.5296024,1396095.2481511)
(27863263.7265833,1342301.76593358,2584458.48211443)
(26187163.9344718,980341.654026195,4897113.66655211)
(20442018.3278479,524086.153009922,12447109.9054519)
(0,0,0)
(0,0,0)
(0,0,0)
(0,0,0)
(0,0,0)
(0,0,0)
(29307063.0903669,2805896.95300556,18485.5126757622)
(29294158.1603427,2799670.81597837,39808.2795057811)
(29260557.9798246,2786966.3054713,69463.7745708113)
(29184965.9783999,2767306.97215187,121369.802632424)
(29016945.2189863,2738925.3704642,234220.099316421)
(28647591.4618268,2693323.38140779,515855.754684226)
(27921359.6650375,2588463.18446249,1215072.6971569)
(27377572.4797997,2263529.90820786,2222586.89322474)
(25685452.1716828,1733914.3973835,4440881.5300825)
(20116611.7235308,991756.212484785,11923058.0011108)
(0,0,0)
(0,0,0)
(0,0,0)
(0,0,0)
(0,0,0)
(0,0,0)
(27021215.9295994,5183292.32185569,12284.3157378492)
(27012507.8203535,5177250.17731704,27206.5978383885)
(26990066.8760954,5164213.48445703,49912.172917712)
(26940609.045652,5141464.71026959,93053.1028334198)
(26835449.7588068,5101163.22262121,188642.73646327)
(26621604.7891749,5021191.96033551,411036.697685027)
(26236098.3159908,4841168.42449217,890193.877704839)
(25694530.5120437,4431162.70934929,1693018.88953926)
(24165433.9447026,3706603.71307964,3698770.81557179)
(19126764.1285181,2416692.51155275,10931407.7608124)
(0,0,0)
(0,0,0)
(0,0,0)
(0,0,0)
(0,0,0)
(0,0,0)
(20824374.4585305,12813793.7580005,6265.45121220097)
(20820062.4054586,12807383.0816254,14267.789837858)
(20809067.9132466,12792905.3609054,27251.2872033752)
(20785307.8651885,12765526.0209445,52847.3030722405)
(20736424.0384377,12712561.3668907,108701.339706426)
(20640319.6833308,12603776.464031,230998.770877914)
(20462404.0510406,12372745.3887785,480187.154588172)
(20121615.6834068,11892485.1294389,968457.338511155)
(19127499.4392566,10923941.9302969,2408857.85151757)
(15552400.9195422,8515032.22890554,8514853.45226637)
(0,0,0)
(0,0,0)
(0,0,0)
(0,0,0)
(0,0,0)
(0,0,0)
(0,0,0)
(0,0,0)
(0,0,0)
(0,0,0)
(0,0,0)
(0,0,0)
(0,0,0)
(0,0,0)
(0,0,0)
(0,0,0)
(0,0,0)
(0,0,0)
(0,0,0)
(0,0,0)
(0,0,0)
(0,0,0)
(0,0,0)
(0,0,0)
(0,0,0)
(0,0,0)
(0,0,0)
(0,0,0)
(0,0,0)
(0,0,0)
(0,0,0)
(0,0,0)
(0,0,0)
(0,0,0)
(0,0,0)
(0,0,0)
(0,0,0)
(0,0,0)
(0,0,0)
(0,0,0)
(0,0,0)
(0,0,0)
(0,0,0)
(0,0,0)
(0,0,0)
(0,0,0)
(0,0,0)
(0,0,0)
(0,0,0)
(0,0,0)
(0,0,0)
(0,0,0)
(0,0,0)
(0,0,0)
(0,0,0)
(0,0,0)
(0,0,0)
(0,0,0)
(0,0,0)
(0,0,0)
(0,0,0)
(0,0,0)
(0,0,0)
(0,0,0)
(0,0,0)
(0,0,0)
(0,0,0)
(0,0,0)
(0,0,0)
(0,0,0)
(0,0,0)
(0,0,0)
(0,0,0)
(0,0,0)
(0,0,0)
(0,0,0)
(0,0,0)
(0,0,0)
(0,0,0)
(0,0,0)
(0,0,0)
(0,0,0)
(0,0,0)
(0,0,0)
(0,0,0)
(0,0,0)
(0,0,0)
(0,0,0)
(0,0,0)
(0,0,0)
(0,0,0)
(0,0,0)
(0,0,0)
(0,0,0)
(0,0,0)
(0,0,0)
(0,0,0)
(0,0,0)
(0,0,0)
(0,0,0)
(0,0,0)
(0,0,0)
(-547236.479554628,79820.4396189511,66801.7004116767)
(-569834.413156482,74986.6400242848,140536.145955623)
(-620863.981239811,64434.3030376333,228834.110831094)
(-713797.968961827,46292.7306763628,340277.773806314)
(-872904.133199095,18772.4517308841,481730.499667527)
(-1138502.18333415,-16889.4263664714,645803.452677041)
(-1572972.19491103,-49699.6904617335,765848.425601799)
(-2260586.11802355,-56523.2011734558,569870.891399762)
(-3246471.45025809,-38843.4791837085,-937814.767890062)
(-3979685.41233251,-17771.3157033544,-7925062.41771933)
(0,0,0)
(0,0,0)
(0,0,0)
(0,0,0)
(0,0,0)
(0,0,0)
(-571191.911825409,167430.500588468,62010.1729124008)
(-593389.87307148,158352.50479766,129954.855774762)
(-643884.253465761,138095.9025392,210671.438010814)
(-736918.05431124,102038.359880542,312726.387939383)
(-898436.874831358,43857.6677420535,446067.837276281)
(-1171271.9810215,-39052.3753893351,613004.710837665)
(-1615926.12301247,-125454.202625668,759041.124169053)
(-2296867.51348187,-140060.005890534,587556.518764944)
(-3264645.76515409,-86982.9200532822,-916769.90223171)
(-3986092.29175936,-36389.0147096654,-7907304.2535634)
(0,0,0)
(0,0,0)
(0,0,0)
(0,0,0)
(0,0,0)
(0,0,0)
(-624547.118040767,270115.810189647,52928.193191087)
(-645997.188614513,258154.70485874,109626.816710623)
(-695605.354751048,230870.270477478,174572.328190091)
(-789553.195302648,180184.232874851,254549.532812465)
(-959469.824689113,91213.1150607976,363172.582695628)
(-1260452.98296177,-55462.7753154215,526547.319263763)
(-1759497.62335636,-246097.459326882,744336.006996277)
(-2422488.67493182,-272808.873534179,640595.043446701)
(-3319757.82934304,-139760.423885103,-866247.0098596)
(-4003757.92665314,-48970.4841802021,-7870968.60056303)
(0,0,0)
(0,0,0)
(0,0,0)
(0,0,0)
(0,0,0)
(0,0,0)
(-719872.367845083,393132.386206766,40910.0641899257)
(-740195.718882956,380512.549871864,82271.6636174588)
(-788414.715965943,351666.901593372,123834.512765459)
(-884323.598691883,297027.542992199,165563.728790295)
(-1073257.6682816,195106.02609083,216502.368154612)
(-1456789.26139868,420.964099829318,335873.021522848)
(-2205505.74329236,-343965.802646921,717584.526476835)
(-2833634.04777401,-397979.858834763,773690.88009847)
(-3457811.18552505,-137987.917186228,-775469.345828579)
(-4041646.53886709,-30121.14288229,-7822059.01608991)
(0,0,0)
(0,0,0)
(0,0,0)
(0,0,0)
(0,0,0)
(0,0,0)
(-879990.9220535,535683.787800417,28299.5559566155)
(-898664.30192064,524902.19405739,53353.3987357197)
(-944261.923825597,501072.529930702,69110.5745993183)
(-1040247.56075798,458715.990198933,63613.7439829394)
(-1251628.34320798,388235.945569494,21815.1729982603)
(-1792728.05165627,280442.620225402,-8501.75079263178)
(-3561372.26942992,157464.03593333,663609.781618932)
(-4224516.36162159,101773.858195004,1033776.40661525)
(-3728573.70816906,89520.8751456141,-667561.719611526)
(-4103737.58529756,56753.4975726665,-7791953.96145711)
(0,0,0)
(0,0,0)
(0,0,0)
(0,0,0)
(0,0,0)
(0,0,0)
(-1144070.32581175,680437.870062625,17530.3938089705)
(-1160447.72167826,672900.467558214,29437.473631535)
(-1201372.82754467,657156.540279339,26619.9518375672)
(-1290699.89854768,631774.281443188,-6902.08050639258)
(-1496239.65840569,593629.761179635,-85966.7468308102)
(-2036051.03898328,536647.347181359,-131448.50332909)
(-3718777.22146211,455905.660786537,608030.935828914)
(-4326356.49952679,409583.360601337,1021637.10420831)
(-3854651.37702521,295737.913047901,-700266.576928888)
(-4165758.07008434,147317.322015624,-7848691.51956279)
(0,0,0)
(0,0,0)
(0,0,0)
(0,0,0)
(0,0,0)
(0,0,0)
(-1576008.80036596,758796.48757152,9897.89173211919)
(-1589511.60165823,754607.355705717,13593.6589836962)
(-1623979.09538566,747304.026783227,1142.35785946767)
(-1701883.6164229,740022.843600539,-45061.4436280615)
(-1890628.89045778,738335.185813277,-142917.713981508)
(-2419273.55926948,745911.036704245,-212149.240533198)
(-4174551.93993666,747484.232275782,561830.316278277)
(-4736012.57597778,856559.632045408,907918.393406642)
(-4045359.44490799,478605.494255306,-848637.762409465)
(-4268169.0785162,198667.832735577,-7996012.82075408)
(0,0,0)
(0,0,0)
(0,0,0)
(0,0,0)
(0,0,0)
(0,0,0)
(-2265602.24472095,519632.571446569,5617.29722402169)
(-2275772.52032112,517666.117090793,6277.26251411017)
(-2302108.94201386,516127.961731629,-6091.70458455233)
(-2363223.16996474,522610.185673223,-46701.8522812224)
(-2519447.69340586,557109.554267844,-135295.262332191)
(-3004481.40104536,667038.394936797,-210561.711681318)
(-4921870.40993085,902937.686774917,671002.95479926)
(-4011469.21078425,580299.111013876,530093.212426172)
(-4197342.98655189,213808.850102198,-1128526.93917461)
(-4426708.98225202,1854.33544762735,-8194604.69009247)
(0,0,0)
(0,0,0)
(0,0,0)
(0,0,0)
(0,0,0)
(0,0,0)
(-3254734.35163923,-1014238.76865396,3609.66735042376)
(-3261364.95420448,-1015860.13941897,4796.74442954773)
(-3278259.98058527,-1017450.56319462,490.172047791946)
(-3315872.68230981,-1014501.8240845,-12128.0442213283)
(-3401949.38553695,-998503.802426377,-25327.4971719432)
(-3607607.83806723,-960656.354951801,25367.925969907)
(-4057209.05958942,-933029.610641317,348430.64497765)
(-4204415.93851446,-1142211.81528348,163676.067844364)
(-4591156.32115492,-1331730.97614898,-1340405.79403563)
(-4663683.55559111,-1157956.795468,-8196358.93299945)
(0,0,0)
(0,0,0)
(0,0,0)
(0,0,0)
(0,0,0)
(0,0,0)
(-3986052.91340996,-8012001.71691299,1978.3662108488)
(-3989278.90958298,-8014046.04271865,3293.6305633835)
(-3997348.90771951,-8017470.70307117,3518.6374174225)
(-4014743.80270843,-8021096.85152764,3953.37876867921)
(-4051729.7426913,-8025159.71200274,12551.115485334)
(-4129195.56752875,-8037795.79584316,52993.8532474233)
(-4272314.18195821,-8090817.03162175,139287.553237992)
(-4431546.88577257,-8230195.43315093,-25778.2137040337)
(-4665124.44295393,-8204541.72445555,-1166555.53717571)
(-4501964.56347634,-7038083.25763758,-7038275.54597629)
(0,0,0)
(0,0,0)
(0,0,0)
(0,0,0)
(0,0,0)
(0,0,0)
(0,0,0)
(0,0,0)
(0,0,0)
(0,0,0)
(0,0,0)
(0,0,0)
(0,0,0)
(0,0,0)
(0,0,0)
(0,0,0)
(0,0,0)
(0,0,0)
(0,0,0)
(0,0,0)
(0,0,0)
(0,0,0)
(0,0,0)
(0,0,0)
(0,0,0)
(0,0,0)
(0,0,0)
(0,0,0)
(0,0,0)
(0,0,0)
(0,0,0)
(0,0,0)
(0,0,0)
(0,0,0)
(0,0,0)
(0,0,0)
(0,0,0)
(0,0,0)
(0,0,0)
(0,0,0)
(0,0,0)
(0,0,0)
(0,0,0)
(0,0,0)
(0,0,0)
(0,0,0)
(0,0,0)
(0,0,0)
(0,0,0)
(0,0,0)
(0,0,0)
(0,0,0)
(0,0,0)
(0,0,0)
(0,0,0)
(0,0,0)
(0,0,0)
(0,0,0)
(0,0,0)
(0,0,0)
(0,0,0)
(0,0,0)
(0,0,0)
(0,0,0)
(0,0,0)
(0,0,0)
(0,0,0)
(0,0,0)
(0,0,0)
(0,0,0)
(0,0,0)
(0,0,0)
(0,0,0)
(0,0,0)
(0,0,0)
(0,0,0)
(0,0,0)
(0,0,0)
(0,0,0)
(0,0,0)
(0,0,0)
(0,0,0)
(0,0,0)
(0,0,0)
(0,0,0)
(0,0,0)
(0,0,0)
(0,0,0)
(0,0,0)
(0,0,0)
(0,0,0)
(0,0,0)
(0,0,0)
(0,0,0)
(0,0,0)
(0,0,0)
(0,0,0)
(0,0,0)
(0,0,0)
(0,0,0)
(0,0,0)
(0,0,0)
(-647309.62811383,55903.7271494527,44169.4214097495)
(-666449.950505823,51461.9480812964,89323.0106777948)
(-708608.348957929,41440.2726776499,135627.105718265)
(-782233.28696175,23211.7205329807,180850.703185209)
(-901152.980621351,-6744.4642723347,215844.014879801)
(-1084136.97477759,-49606.7809709436,211085.587294185)
(-1347228.63798187,-92600.1858269373,77942.2161919645)
(-1673461.90971189,-92784.5079338938,-416397.484185797)
(-1934348.11843565,-57020.5637404493,-1671500.25226775)
(-1680906.79020962,-24173.2497912417,-3946105.62459935)
(0,0,0)
(0,0,0)
(0,0,0)
(0,0,0)
(0,0,0)
(0,0,0)
(-669028.17353773,113987.438841221,39752.5500205486)
(-687102.714491581,105665.162101492,79262.1774204582)
(-726914.697542017,86349.7947386459,117383.099435719)
(-796624.387841868,49412.7304959236,150888.423003399)
(-910109.912027926,-17145.0895319406,172962.085459567)
(-1087834.46758402,-128163.319954649,168081.111005799)
(-1349236.90748526,-268969.499497781,77761.2091494312)
(-1665563.82458352,-265669.838082638,-380657.149600181)
(-1921532.59616914,-142072.65296232,-1638718.22936324)
(-1673014.74752934,-54018.6549071392,-3921950.36847745)
(0,0,0)
(0,0,0)
(0,0,0)
(0,0,0)
(0,0,0)
(0,0,0)
(-716546.014209367,174564.406362802,31421.9286470219)
(-732531.863387353,163758.545125874,59863.2203954803)
(-767714.007139684,137907.02640606,80414.641116701)
(-829424.363931911,85322.0849811871,84376.4552606979)
(-931621.008203408,-22588.0093757924,61970.5586188438)
(-1102097.76403836,-251788.692564196,27240.7123049713)
(-1390124.56857244,-692104.249775645,81002.4077989161)
(-1666088.24249617,-683971.400165049,-257096.46255434)
(-1890394.86360611,-277784.290198899,-1550747.79105469)
(-1653758.80285655,-86806.9266753362,-3867958.64308311)
(0,0,0)
(0,0,0)
(0,0,0)
(0,0,0)
(0,0,0)
(0,0,0)
(-798490.035322962,232636.286990287,20545.786850403)
(-811557.482496953,221723.073490839,33943.0220994415)
(-839939.155084181,195585.9412594,27788.5463643441)
(-888644.344767315,140952.003832079,-23520.6264111117)
(-968803.779139798,16644.2939717698,-167206.818900476)
(-1127088.90415363,-335580.966608563,-413114.902101163)
(-1699927.79563689,-1699875.83450944,89078.7349771668)
(-1788726.90406137,-1788878.75960666,149078.950706116)
(-1817947.11049738,-408746.316950041,-1359823.09757041)
(-1614883.8859439,-92192.3125552636,-3781200.36461377)
(0,0,0)
(0,0,0)
(0,0,0)
(0,0,0)
(0,0,0)
(0,0,0)
(-928147.882606801,271173.567808434,9619.67973515387)
(-937809.232462197,262749.219142724,7738.46462482965)
(-957712.797858985,243694.305571413,-26919.0256537867)
(-986450.686682448,208070.755529201,-147834.651426442)
(-1006835.13959866,143449.661273656,-519433.22233765)
(-907287.535004611,36983.4674253649,-1777438.17302324)
(3.01915855906538e-05,8.3068209829802e-06,-1.92088003834895e-05)
(454.27564040997,-78.9046857089926,1529231.40200045)
(-1528248.87687754,-36565.350893334,-1043274.39534783)
(-1544898.49910064,-5275.74935935842,-3689030.04474066)
(0,0,0)
(0,0,0)
(0,0,0)
(0,0,0)
(0,0,0)
(0,0,0)
(-1122222.27199071,248161.31072249,1164.2032649091)
(-1128628.29200633,243521.568795766,-11427.5760600646)
(-1140728.71902726,234294.868392709,-62672.2473987609)
(-1153198.33794569,220373.239191392,-212476.291662952)
(-1138437.79851523,199074.45538313,-625902.945662903)
(-963811.94324054,153275.476778546,-1814434.05075883)
(2.76334585153675e-05,1.19448939031756e-05,-1.6151187653715e-05)
(576.687577486172,-104.05146022278,1492792.24188668)
(-1491471.38618869,105009.330818246,-1011962.43066142)
(-1544176.13136661,44890.6881309332,-3683710.80686932)
(0,0,0)
(0,0,0)
(0,0,0)
(0,0,0)
(0,0,0)
(0,0,0)
(-1393222.00680367,68940.2777058729,-3565.76054565908)
(-1396905.53410391,68088.0713216657,-20738.3306258793)
(-1402707.6986185,68925.2745782324,-76640.1335785545)
(-1402782.92725829,78414.6343730697,-233782.217924841)
(-1362962.01476969,109294.299181631,-671668.937411442)
(-1130538.33318877,160497.351385153,-1967626.03809875)
(7.36491868575931e-05,-2.59702516956585e-05,-1.93293868559921e-05)
(653.489040583959,1581048.71302281,1598076.07275022)
(-1596861.69945156,326618.163947229,-1072030.50583519)
(-1606862.33586345,40116.6734718697,-3728563.23382889)
(0,0,0)
(0,0,0)
(0,0,0)
(0,0,0)
(0,0,0)
(0,0,0)
(-1722292.95876595,-469852.513027954,-4516.49522118308)
(-1724040.39576375,-468243.826257165,-19916.7221997307)
(-1725682.24742833,-460349.004666203,-67069.1375408214)
(-1718648.28012269,-430361.726134073,-202867.66687574)
(-1666920.19368157,-325681.742426802,-620419.124991591)
(-1399920.19782336,63625.9151514079,-2128108.89197984)
(360.954375250616,1767332.98889198,1581093.09506334)
(-1580330.19412634,387193.569510439,343809.221917782)
(-1988450.10957388,-180041.462790888,-1358424.02832211)
(-1741341.29674343,-235129.749764667,-3768545.29059421)
(0,0,0)
(0,0,0)
(0,0,0)
(0,0,0)
(0,0,0)
(0,0,0)
(-1975588.91842884,-1746015.35223888,-2982.59399944994)
(-1976341.99907606,-1744243.65383677,-12005.7215482431)
(-1976532.18283311,-1737070.95787734,-37011.5660892454)
(-1971177.01058857,-1713916.5579109,-98152.4060336539)
(-1945891.24470141,-1648808.07122349,-231084.218072502)
(-1867973.46832428,-1482717.52412155,-424375.148542506)
(-1766737.57837196,-1148551.827723,201038.186854993)
(-2023184.53923621,-1369694.15344201,-223305.489470793)
(-2175161.55400104,-1405977.71259745,-1413364.00681807)
(-1782526.28258996,-996407.162355232,-3533243.86722872)
(0,0,0)
(0,0,0)
(0,0,0)
(0,0,0)
(0,0,0)
(0,0,0)
(-1704160.11344141,-4026685.43709059,-1222.71511682113)
(-1704456.65166065,-4025538.85356873,-4749.77330716771)
(-1704454.04945957,-4020897.10025048,-13818.4891939625)
(-1702333.76746465,-4007141.69008397,-33003.3922646426)
(-1694376.74557987,-3974221.7682105,-64942.6923890755)
(-1677314.58632347,-3909365.09944575,-90176.0982701551)
(-1671827.83229564,-3819189.73860403,-20024.5370516588)
(-1762578.73144459,-3799229.72314997,-259457.12167167)
(-1787027.8016817,-3539901.23341138,-1003630.24212995)
(-1428963.01878788,-2536406.31497957,-2536632.63419405)
(0,0,0)
(0,0,0)
(0,0,0)
(0,0,0)
(0,0,0)
(0,0,0)
(0,0,0)
(0,0,0)
(0,0,0)
(0,0,0)
(0,0,0)
(0,0,0)
(0,0,0)
(0,0,0)
(0,0,0)
(0,0,0)
(0,0,0)
(0,0,0)
(0,0,0)
(0,0,0)
(0,0,0)
(0,0,0)
(0,0,0)
(0,0,0)
(0,0,0)
(0,0,0)
(0,0,0)
(0,0,0)
(0,0,0)
(0,0,0)
(0,0,0)
(0,0,0)
(0,0,0)
(0,0,0)
(0,0,0)
(0,0,0)
(0,0,0)
(0,0,0)
(0,0,0)
(0,0,0)
(0,0,0)
(0,0,0)
(0,0,0)
(0,0,0)
(0,0,0)
(0,0,0)
(0,0,0)
(0,0,0)
(0,0,0)
(0,0,0)
(0,0,0)
(0,0,0)
(0,0,0)
(0,0,0)
(0,0,0)
(0,0,0)
(0,0,0)
(0,0,0)
(0,0,0)
(0,0,0)
(0,0,0)
(0,0,0)
(0,0,0)
(0,0,0)
(0,0,0)
(0,0,0)
(0,0,0)
(0,0,0)
(0,0,0)
(0,0,0)
(0,0,0)
(0,0,0)
(0,0,0)
(0,0,0)
(0,0,0)
(0,0,0)
(0,0,0)
(0,0,0)
(0,0,0)
(0,0,0)
(0,0,0)
(0,0,0)
(0,0,0)
(0,0,0)
(0,0,0)
(0,0,0)
(0,0,0)
(0,0,0)
(0,0,0)
(0,0,0)
(0,0,0)
(0,0,0)
(0,0,0)
(0,0,0)
(0,0,0)
(0,0,0)
(0,0,0)
(0,0,0)
(0,0,0)
(0,0,0)
(0,0,0)
(0,0,0)
(-706276.811395265,34073.161527829,24894.0217536091)
(-719188.99020001,30732.7871311722,46900.2743166279)
(-746429.47673895,23066.8354294238,61654.566668219)
(-790899.085480153,8769.19809494951,61551.1670916712)
(-856372.256501025,-15760.1007936942,32530.5437650391)
(-945951.294382698,-53338.6384715066,-52316.4981583524)
(-1056330.49531105,-94592.6626905324,-248621.978138642)
(-1159537.12270591,-84861.6631686814,-677685.101975949)
(-1149343.16748849,-44181.9246982083,-1418508.12822492)
(-817366.547963369,-16267.1461170063,-2265781.22435416)
(0,0,0)
(0,0,0)
(0,0,0)
(0,0,0)
(0,0,0)
(0,0,0)
(-722706.892517315,66199.4100999256,21552.4704074891)
(-734006.260187952,59992.9365571806,39195.8666778438)
(-757347.237791141,45350.349751607,47344.8926047829)
(-794030.968934741,16484.7015013079,37035.9702913029)
(-845055.250886417,-38712.1440041578,-5066.64763974549)
(-910208.468197817,-142426.757338622,-93604.5281588272)
(-988714.831934655,-309823.855991725,-238895.410408237)
(-1086087.39580255,-266181.778793421,-637051.723564455)
(-1101186.4585555,-110914.224076747,-1390665.56179958)
(-795678.422747631,-34745.9213832094,-2249523.11131505)
(0,0,0)
(0,0,0)
(0,0,0)
(0,0,0)
(0,0,0)
(0,0,0)
(-757924.884577969,92251.8848414864,15326.395627042)
(-766119.292395759,84412.0590222069,24494.7021704279)
(-781789.522497251,65428.2866820668,18492.2805975379)
(-802306.3996488,25929.6958412793,-18070.6780255383)
(-819793.23422636,-59869.7251219393,-108740.870884807)
(-815409.017711345,-276814.852982367,-261041.521568067)
(-763795.579783738,-1001902.29562378,-195292.070724703)
(-839095.22182232,-806624.656656055,-481842.213535929)
(-963229.902339951,-205331.112184749,-1314590.28669411)
(-740376.525221092,-47929.279988494,-2214789.2057243)
(0,0,0)
(0,0,0)
(0,0,0)
(0,0,0)
(0,0,0)
(0,0,0)
(-816222.166458469,102583.655995938,7400.35998105617)
(-820327.554769455,95140.1530420497,5442.33823370848)
(-825601.878475343,77546.2403074497,-21012.8920005131)
(-822850.942911205,42930.3752638069,-103806.973279155)
(-785259.214839706,-21565.268257612,-325655.994443583)
(-627489.415405053,-115885.80569287,-986184.530481663)
(1.41629112077919e-05,2.82103002794116e-06,-6.72612661969761e-06)
(633.581133971782,343.539759687338,119411.539745635)
(-627612.328239843,-119017.729923683,-1157236.62477297)
(-630955.682768654,-22205.8778055018,-2166888.23013121)
(0,0,0)
(0,0,0)
(0,0,0)
(0,0,0)
(0,0,0)
(0,0,0)
(-902241.345732915,76771.9706225865,-94.8515005330111)
(-902211.792691023,71644.8462677662,-12196.9844974311)
(-897117.714936758,60422.5660937538,-55668.3932059669)
(-872045.288566179,41108.2336066623,-168251.649665095)
(-788330.220920281,11631.8288401165,-419953.665441194)
(-553076.556993457,-19694.5620933295,-870355.887051861)
(-2.14345257298726e-06,5.78841943989713e-07,3.68867378069402e-05)
(3.20388651511687e-05,5.03551292188075e-06,2.1188206177491e-07)
(950.973246922472,207.675078091495,-1060473.24047193)
(-478254.973363558,-4564.80265829059,-2144757.8413562)
(0,0,0)
(0,0,0)
(0,0,0)
(0,0,0)
(0,0,0)
(0,0,0)
(-1017084.80053988,-23085.010785297,-5280.49004294113)
(-1013774.22674544,-25023.9300151221,-23465.7790209435)
(-1000807.05178237,-27928.3631302606,-75036.517041825)
(-960028.860964341,-29411.6328970184,-197686.127519487)
(-847577.285990398,-25627.8464347257,-451286.964769466)
(-570455.618062081,-13603.0734609505,-850734.778580294)
(-3.93137888722598e-08,2.4537365006414e-06,2.80445076023136e-05)
(2.36532877780636e-05,9.39750975757545e-06,2.77041551039785e-07)
(539.41060742966,-411.971219116545,-1065281.95002929)
(-456004.8234415,-17821.1023255126,-2140196.95828719)
(0,0,0)
(0,0,0)
(0,0,0)
(0,0,0)
(0,0,0)
(0,0,0)
(-1148744.84317839,-260301.627754597,-7260.54665597223)
(-1143530.21315309,-259265.218792043,-26394.5788298721)
(-1126245.27348066,-254266.931488506,-76518.4356094728)
(-1077162.7543111,-237673.66438429,-193876.577069394)
(-948367.266741015,-194864.056317418,-439235.115215369)
(-637193.766319381,-109094.993708213,-837087.761837518)
(3.46632727965716e-06,4.25266167635441e-05,3.24415329039181e-05)
(4.16610479345791e-05,-4.45371708373016e-07,1.10111019689516e-06)
(527.974957158568,-65020.5799609122,-1082572.50785599)
(-490567.2884228,-94405.9830236004,-2122282.67459856)
(0,0,0)
(0,0,0)
(0,0,0)
(0,0,0)
(0,0,0)
(0,0,0)
(-1252960.82058757,-723358.999652838,-6274.76628015171)
(-1247452.81495608,-720730.659922608,-21396.9059572693)
(-1230112.3762167,-711371.180520064,-59862.5281373253)
(-1182061.68361287,-683080.597189617,-151042.191841808)
(-1054563.0710827,-604863.718086382,-353399.65267171)
(-729869.677310045,-404666.022238785,-727879.144654461)
(4.99460477595221e-05,-2.24648245281807e-06,-2.52491752878565e-06)
(382.235299252784,-55847.0225567441,-64724.4794576507)
(-639615.186857834,-366827.845581666,-1111752.13655294)
(-643470.007539378,-276353.485066691,-2027675.92371392)
(0,0,0)
(0,0,0)
(0,0,0)
(0,0,0)
(0,0,0)
(0,0,0)
(-1220426.49204633,-1474823.01814092,-3698.40789442434)
(-1216152.83644135,-1472589.70817852,-12028.5222732334)
(-1203097.77752691,-1465282.54650835,-31551.5615911541)
(-1167586.10620424,-1445389.50610355,-72833.5570615441)
(-1072747.28662496,-1397633.92377867,-153207.309445694)
(-810203.611907033,-1292404.07473584,-323239.113365874)
(630.182068298926,-1053960.37652395,-55624.1151777976)
(-649800.728733704,-1109361.57991007,-375493.368326998)
(-878405.961496671,-1018053.76156711,-1021023.04484592)
(-685885.449129401,-642960.78021413,-1751056.58315905)
(0,0,0)
(0,0,0)
(0,0,0)
(0,0,0)
(0,0,0)
(0,0,0)
(-854599.527598863,-2322903.48838535,-1480.11559812586)
(-852369.91185107,-2321493.1906201,-4663.37296614936)
(-845820.527421513,-2316919.87218273,-11659.5693298201)
(-829044.259102107,-2305296.45596479,-25042.127831138)
(-788827.943889162,-2280328.9025586,-47895.9507418931)
(-700347.887794475,-2232534.7837183,-84731.9402884427)
(-551839.577474993,-2147803.12699465,-110877.444638412)
(-661816.648321007,-2037007.30503383,-283993.802638237)
(-690225.305585582,-1753156.82338208,-645693.2369194)
(-502214.110867416,-1107593.64908988,-1107809.27596411)
(0,0,0)
(0,0,0)
(0,0,0)
(0,0,0)
(0,0,0)
(0,0,0)
(0,0,0)
(0,0,0)
(0,0,0)
(0,0,0)
(0,0,0)
(0,0,0)
(0,0,0)
(0,0,0)
(0,0,0)
(0,0,0)
(0,0,0)
(0,0,0)
(0,0,0)
(0,0,0)
(0,0,0)
(0,0,0)
(0,0,0)
(0,0,0)
(0,0,0)
(0,0,0)
(0,0,0)
(0,0,0)
(0,0,0)
(0,0,0)
(0,0,0)
(0,0,0)
(0,0,0)
(0,0,0)
(0,0,0)
(0,0,0)
(0,0,0)
(0,0,0)
(0,0,0)
(0,0,0)
(0,0,0)
(0,0,0)
(0,0,0)
(0,0,0)
(0,0,0)
(0,0,0)
(0,0,0)
(0,0,0)
(0,0,0)
(0,0,0)
(0,0,0)
(0,0,0)
(0,0,0)
(0,0,0)
(0,0,0)
(0,0,0)
(0,0,0)
(0,0,0)
(0,0,0)
(0,0,0)
(0,0,0)
(0,0,0)
(0,0,0)
(0,0,0)
(0,0,0)
(0,0,0)
(0,0,0)
(0,0,0)
(0,0,0)
(0,0,0)
(0,0,0)
(0,0,0)
(0,0,0)
(0,0,0)
(0,0,0)
(0,0,0)
(0,0,0)
(0,0,0)
(0,0,0)
(0,0,0)
(0,0,0)
(0,0,0)
(0,0,0)
(0,0,0)
(0,0,0)
(0,0,0)
(0,0,0)
(0,0,0)
(0,0,0)
(0,0,0)
(0,0,0)
(0,0,0)
(0,0,0)
(0,0,0)
(0,0,0)
(0,0,0)
(0,0,0)
(0,0,0)
(0,0,0)
(0,0,0)
(0,0,0)
(0,0,0)
(-735573.858430019,17466.2534469989,11830.7935877601)
(-742497.167802563,15783.3737080881,19355.5974822247)
(-755996.119372754,12050.1382162137,16872.1018998138)
(-775361.210917995,5554.87576576759,-4220.64842811524)
(-798717.14560096,-4515.82303693329,-57359.9362912474)
(-822622.380713747,-17653.5969574054,-163035.253002785)
(-840257.272657513,-26975.4068854805,-352133.068770848)
(-832458.268952263,-11356.9350936222,-667854.987430868)
(-734313.688457309,4042.56849588346,-1086927.0349579)
(-460821.84456863,5449.31451088701,-1448921.05286359)
(0,0,0)
(0,0,0)
(0,0,0)
(0,0,0)
(0,0,0)
(0,0,0)
(-746089.895856983,30722.2940233869,10126.9627632829)
(-751339.385693957,27636.856723223,15606.6052541558)
(-760781.286461203,20698.763527399,10392.0286130378)
(-771887.785013438,8049.92396494238,-14246.2035074437)
(-779811.304732782,-13530.3998284318,-70475.5728695749)
(-778307.677238291,-47644.8507908826,-172385.109995626)
(-766688.296077101,-84848.2087551372,-336538.84398352)
(-762344.792718338,-19140.3290064184,-652498.053154931)
(-691179.967003752,27089.6493876317,-1085551.6255984)
(-442010.876106153,20571.1387008338,-1454340.99642983)
(0,0,0)
(0,0,0)
(0,0,0)
(0,0,0)
(0,0,0)
(0,0,0)
(-767913.762802795,33686.328036732,7024.84421148599)
(-770043.77243882,29937.7838469449,8648.39713082703)
(-771646.570712826,21395.3362920521,-2191.12741824915)
(-765947.025827137,5217.20979168811,-35717.7870666625)
(-739074.916796391,-25438.1203723816,-104528.383952682)
(-669030.803843987,-88898.7157001323,-209652.732910802)
(-549428.602304078,-237920.604868336,-270947.314277265)
(-555968.298924934,33173.2939730682,-606387.860154137)
(-580624.24827532,130278.013523169,-1092181.87835431)
(-398466.261372107,61452.8562318343,-1474973.85973428)
(0,0,0)
(0,0,0)
(0,0,0)
(0,0,0)
(0,0,0)
(0,0,0)
(-802010.989797595,16271.7534640455,3203.39791181013)
(-800189.091558447,12975.9865252322,26.7320225200258)
(-791636.0292783,5796.99398132928,-18340.7748638025)
(-763231.273705433,-6456.82097182449,-66286.4133060589)
(-684254.927350929,-24770.3711796524,-167958.449987562)
(-484072.743846227,-41513.6171094819,-358760.220137038)
(1.20337366296571e-05,2.4411236080392e-06,1.4741901627455e-06)
(400.488304659453,-23.9173437178923,-509386.078205421)
(-355277.092031053,509607.166772026,-1161050.46766308)
(-324535.303243559,130475.409156955,-1536493.40011328)
(0,0,0)
(0,0,0)
(0,0,0)
(0,0,0)
(0,0,0)
(0,0,0)
(-847513.940562963,-38309.7450998224,-145.906606078553)
(-842021.835180857,-40158.4508804703,-7201.42671053869)
(-824395.655746505,-43502.7046404947,-30623.7872789695)
(-777493.999075752,-47084.5363787207,-84547.3613625023)
(-665159.382053339,-47795.9388512779,-184692.632557816)
(-424759.94280827,-37177.9748414052,-317344.889011081)
(-2.00479997427043e-06,1.3504288458591e-07,2.98075236510675e-06)
(2.86714908719583e-05,1.50122781324669e-06,4.89484814522051e-06)
(96.232427025057,-175.036712942316,-1540216.07345494)
(-238614.007744523,17679.1207207365,-1667060.75063775)
(0,0,0)
(0,0,0)
(0,0,0)
(0,0,0)
(0,0,0)
(0,0,0)
(-898348.004857155,-155011.439701398,-2035.10108115867)
(-890380.350533263,-155055.999537685,-10531.4286361249)
(-866991.859807514,-153633.741306848,-34215.5839446314)
(-809322.549483107,-146779.202844528,-85227.2289600591)
(-679826.394324097,-126647.59959906,-174126.459878576)
(-420944.53814829,-80519.576373978,-280295.938259797)
(-2.67362845336498e-07,1.10290638708782e-06,-2.56944067992731e-11)
(1.95903995373651e-05,2.03358116367547e-06,3.53050919586365e-06)
(0.430034831867319,-462.86237161428,-1522309.65037726)
(-223469.840859794,-52413.5472966326,-1684751.9649416)
(0,0,0)
(0,0,0)
(0,0,0)
(0,0,0)
(0,0,0)
(0,0,0)
(-936943.634665859,-364731.173546337,-2081.4746676099)
(-928148.292849132,-363431.676552247,-9087.71795700944)
(-903235.163918488,-358371.657665682,-27359.9111603437)
(-843452.937054295,-342771.601558058,-65077.3297036139)
(-710797.497153059,-301252.269021953,-128042.429868677)
(-443977.785439388,-201936.2701657,-199841.716956945)
(2.45794624196808e-06,2.74384093109983e-06,-3.03666408951648e-11)
(3.37182795815164e-05,2.20413255052768e-06,7.77218659957062e-06)
(143.140212305705,-705311.424151455,-1574074.80450836)
(-237484.495068265,-247387.840274123,-1632183.30488542)
(0,0,0)
(0,0,0)
(0,0,0)
(0,0,0)
(0,0,0)
(0,0,0)
(-925938.618414112,-690978.585451703,-774.790268088525)
(-918091.562128625,-689588.067852418,-3979.65179536192)
(-896240.691298888,-684490.008204358,-11732.9861745105)
(-844311.59699591,-668726.233901576,-23528.4404479527)
(-727423.365515853,-623212.153342455,-28708.2616942984)
(-477401.460750055,-485225.311911113,2112.56349112757)
(4.17357989023916e-05,8.57018418086762e-06,2.35594814979645e-06)
(6.85318154649179,-706288.727890801,-705032.918020293)
(-328340.776046772,-605708.201254142,-1115910.55172866)
(-303379.611246604,-318820.619318927,-1384568.16897662)
(0,0,0)
(0,0,0)
(0,0,0)
(0,0,0)
(0,0,0)
(0,0,0)
(-802869.773336991,-1109153.2110074,617.906846361561)
(-797316.021570087,-1108978.73383601,1171.7579586788)
(-782213.952543268,-1108228.05535652,4025.98012719388)
(-747197.75401864,-1107096.72857255,22008.1226125831)
(-669237.1172738,-1114009.61441851,109295.414337473)
(-490793.296319486,-1182850.65393248,487510.440771291)
(-291.451322577033,-1606754.07258623,-706257.625506131)
(-336502.353531704,-1121597.08601388,-604247.642585035)
(-429598.637076665,-830033.944259912,-828729.223999273)
(-308564.79818418,-459406.585509192,-1065463.90875425)
(0,0,0)
(0,0,0)
(0,0,0)
(0,0,0)
(0,0,0)
(0,0,0)
(-495951.705712524,-1468573.80135707,772.76846334192)
(-493168.683210208,-1469376.70968471,1969.5156711822)
(-485820.417719793,-1471411.12975469,5152.48036763443)
(-469574.941437884,-1476599.82387283,15186.2580036817)
(-436355.19012456,-1491875.60993724,40579.4997578165)
(-373796.735628244,-1532555.95535438,63733.6490134717)
(-277610.623244265,-1596300.02659332,-220949.351210156)
(-316465.991724785,-1375426.20317087,-312470.890649391)
(-311775.458992559,-1063135.28541692,-457819.396085396)
(-208167.76086273,-605519.229011741,-605753.10258754)
(0,0,0)
(0,0,0)
(0,0,0)
(0,0,0)
(0,0,0)
(0,0,0)
(0,0,0)
(0,0,0)
(0,0,0)
(0,0,0)
(0,0,0)
(0,0,0)
(0,0,0)
(0,0,0)
(0,0,0)
(0,0,0)
(0,0,0)
(0,0,0)
(0,0,0)
(0,0,0)
(0,0,0)
(0,0,0)
(0,0,0)
(0,0,0)
(0,0,0)
(0,0,0)
(0,0,0)
(0,0,0)
(0,0,0)
(0,0,0)
(0,0,0)
(0,0,0)
(0,0,0)
(0,0,0)
(0,0,0)
(0,0,0)
(0,0,0)
(0,0,0)
(0,0,0)
(0,0,0)
(0,0,0)
(0,0,0)
(0,0,0)
(0,0,0)
(0,0,0)
(0,0,0)
(0,0,0)
(0,0,0)
(0,0,0)
(0,0,0)
(0,0,0)
(0,0,0)
(0,0,0)
(0,0,0)
(0,0,0)
(0,0,0)
(0,0,0)
(0,0,0)
(0,0,0)
(0,0,0)
(0,0,0)
(0,0,0)
(0,0,0)
(0,0,0)
(0,0,0)
(0,0,0)
(0,0,0)
(0,0,0)
(0,0,0)
(0,0,0)
(0,0,0)
(0,0,0)
(0,0,0)
(0,0,0)
(0,0,0)
(0,0,0)
(0,0,0)
(0,0,0)
(0,0,0)
(0,0,0)
(0,0,0)
(0,0,0)
(0,0,0)
(0,0,0)
(0,0,0)
(0,0,0)
(0,0,0)
(0,0,0)
(0,0,0)
(0,0,0)
(0,0,0)
(0,0,0)
(0,0,0)
(0,0,0)
(0,0,0)
(0,0,0)
(0,0,0)
(0,0,0)
(0,0,0)
(0,0,0)
(0,0,0)
(0,0,0)
(-747231.534827277,6846.66572302445,4811.01067422387)
(-750146.412544455,6811.13343865291,5649.12197746051)
(-754861.382928454,7148.56836386637,-2634.18283070196)
(-759201.741816293,8924.62793840857,-27718.2798708083)
(-759333.763220734,14326.6702066807,-81428.3324577172)
(-749843.673149523,26629.7657907374,-180836.805812679)
(-723179.337944559,46582.2706869765,-344497.011212602)
(-665730.377128811,58756.6228303917,-569981.525866448)
(-537652.96961813,47161.6149527238,-813803.859658362)
(-310320.64883442,24226.473522156,-988531.528914714)
(0,0,0)
(0,0,0)
(0,0,0)
(0,0,0)
(0,0,0)
(0,0,0)
(-752785.489255195,8758.11334022124,4784.14578101566)
(-754517.64694411,8776.60420329106,5996.9362665286)
(-756479.851120916,9685.50147668905,-841.432186589229)
(-755404.715528345,13886.9570181471,-22286.8307514185)
(-745866.754053494,27187.929184862,-69092.6404088915)
(-721556.0182263,61669.0916653434,-160883.625295495)
(-681158.511309267,132489.690659708,-332320.830036074)
(-641599.139000384,187272.09507255,-581581.955996196)
(-526521.042608707,137656.531440852,-836735.796879381)
(-305871.483133129,64107.9819719557,-1012756.69830219)
(0,0,0)
(0,0,0)
(0,0,0)
(0,0,0)
(0,0,0)
(0,0,0)
(-763467.875572529,-501.901139080052,4814.12724902799)
(-763060.931283082,-310.106169068924,6917.9964656419)
(-759735.942336338,1275.63748300647,3417.23208283406)
(-747561.995770391,7838.74090901653,-8919.58186478453)
(-715603.038515932,29343.8127702154,-34547.343730601)
(-647859.015236439,96074.6167471982,-90124.6574200017)
(-541106.979714224,311724.402463592,-277680.991813746)
(-604606.795892005,589550.155834005,-631320.555608133)
(-519483.354717124,355576.862952717,-910381.780678182)
(-303110.656410876,135348.478473713,-1076977.88214117)
(0,0,0)
(0,0,0)
(0,0,0)
(0,0,0)
(0,0,0)
(0,0,0)
(-778075.770382778,-29392.9801747963,4955.85962089589)
(-774988.572861432,-29018.9812071685,8464.21596197479)
(-764793.796987518,-27130.2207647274,10027.8419189273)
(-737212.736431719,-20844.285106409,12692.3306606412)
(-668773.516192532,-5728.85162738664,32283.5838998552)
(-498967.288832423,17770.4254119541,125482.320221295)
(7.93653545521791e-06,-1.71261936239349e-06,5.11013795500549e-06)
(-701370.945830693,-454.538796700766,-865358.869547782)
(-599389.499982078,864954.035202879,-1130623.63384691)
(-323815.416660563,216389.357787881,-1212384.39974406)
(0,0,0)
(0,0,0)
(0,0,0)
(0,0,0)
(0,0,0)
(0,0,0)
(-792878.56751172,-89306.9594091452,5278.6061831019)
(-787417.792734281,-88675.3748682155,10330.9573975797)
(-771247.239061333,-86240.1520409536,16292.471988638)
(-730869.41434842,-79026.8950690476,27850.4972239501)
(-636282.609103372,-62552.5054371681,55797.378083756)
(-425293.380016932,-33407.8871172921,107509.127821664)
(-3.11229811815771e-06,-4.38448362956557e-07,-2.70152045254888e-07)
(1.89631439418981e-05,-9.49059362300175e-07,1.04201308045591e-05)
(-1092638.57392766,-253.771224372237,-1779159.12298494)
(-405424.72493218,32829.6795654166,-1428788.7275748)
(0,0,0)
(0,0,0)
(0,0,0)
(0,0,0)
(0,0,0)
(0,0,0)
(-799788.07664309,-193748.835414183,5881.94779097876)
(-793030.211695485,-192954.220111427,12810.6541964189)
(-773898.809640388,-190011.528277285,23488.9802656258)
(-728139.150274514,-181037.492624816,44316.1786127986)
(-625150.343597549,-157763.271434068,84850.8938831517)
(-406547.090003197,-103668.762973128,140714.321593896)
(-6.98283672119221e-07,-2.05681039658784e-07,1.97246653893524e-12)
(1.36233061913159e-05,-1.17869212239024e-06,6.19672807860585e-06)
(-1034683.62254706,-347.508502114135,-1745978.85210254)
(-408569.495015827,-66451.9539110158,-1461597.56447007)
(0,0,0)
(0,0,0)
(0,0,0)
(0,0,0)
(0,0,0)
(0,0,0)
(-783408.980295099,-353931.712208823,6648.22242389069)
(-776698.301751921,-353533.310581129,15777.3217963772)
(-758366.114870395,-351527.027465246,32423.7719362463)
(-715882.767601097,-343747.192301968,67563.3021601954)
(-621815.046245522,-317997.916265521,138815.496084111)
(-417548.862354611,-235456.379561495,244174.189587695)
(1.23789298254075e-06,5.64568432082646e-07,-2.19944815882878e-12)
(1.87338663028443e-05,3.26639237247851e-06,1.05393265843546e-05)
(-1133804.99503078,-1033851.58754338,-1811888.67157267)
(-407548.833187377,-313314.343022831,-1394961.94434174)
(0,0,0)
(0,0,0)
(0,0,0)
(0,0,0)
(0,0,0)
(0,0,0)
(-718793.91616397,-568111.687757412,7035.27329845623)
(-713460.574785162,-568982.056523497,17853.0318973679)
(-699538.426380605,-570582.847244357,40206.586758194)
(-669514.745826552,-571686.076157453,93348.6194443185)
(-608256.371169878,-565107.21611109,221290.924943909)
(-472397.415524319,-498632.816696736,479463.316853413)
(2.48678991616986e-05,1.20249443403586e-05,4.34057094893444e-06)
(-833756.290029055,-1042795.50236971,-1033444.75174259)
(-597577.624426824,-706960.932584213,-1091098.55832171)
(-302400.514717761,-323995.089762166,-1081396.90811121)
(0,0,0)
(0,0,0)
(0,0,0)
(0,0,0)
(0,0,0)
(0,0,0)
(-574791.178164049,-802369.041215838,6178.75828547797)
(-571465.386072139,-804991.482644283,16337.5489083143)
(-563539.978142531,-812023.087251601,39103.8145148233)
(-550104.74198763,-829671.708069153,99996.4343955124)
(-540740.236506153,-881336.193037818,287728.530554594)
(-613634.786885141,-1066000.22120351,977937.425627006)
(-1268544.72650677,-1884128.64421735,-1042515.05726431)
(-622841.301441797,-1101624.26950364,-697347.342220284)
(-413800.84665804,-712283.091910051,-707822.97331308)
(-224215.343356155,-359082.785787211,-757084.732116057)
(0,0,0)
(0,0,0)
(0,0,0)
(0,0,0)
(0,0,0)
(0,0,0)
(-329088.5398561,-972799.935833436,3567.72876117667)
(-327554.514890639,-976412.984187127,9375.06198445566)
(-324102.58143492,-985822.439202578,21456.5776505592)
(-318915.727408153,-1007294.24140928,48419.8969609538)
(-316620.629084614,-1055774.37026099,103123.513144173)
(-337608.735990275,-1158929.60231795,159864.894620648)
(-423242.930102496,-1318788.80357012,-259842.639168347)
(-311095.963202094,-1059047.2850138,-307789.652180878)
(-226064.351446707,-751462.629629567,-354321.222007209)
(-126456.920155929,-397422.370123685,-397692.478377536)
(0,0,0)
(0,0,0)
(0,0,0)
(0,0,0)
(0,0,0)
(0,0,0)
(0,0,0)
(0,0,0)
(0,0,0)
(0,0,0)
(0,0,0)
(0,0,0)
(0,0,0)
(0,0,0)
(0,0,0)
(0,0,0)
(0,0,0)
(0,0,0)
(0,0,0)
(0,0,0)
(0,0,0)
(0,0,0)
(0,0,0)
(0,0,0)
(0,0,0)
(0,0,0)
(0,0,0)
(0,0,0)
(0,0,0)
(0,0,0)
(0,0,0)
(0,0,0)
(0,0,0)
(0,0,0)
(0,0,0)
(0,0,0)
(0,0,0)
(0,0,0)
(0,0,0)
(0,0,0)
(0,0,0)
(0,0,0)
(0,0,0)
(0,0,0)
(0,0,0)
(0,0,0)
(0,0,0)
(0,0,0)
(0,0,0)
(0,0,0)
(0,0,0)
(0,0,0)
(0,0,0)
(0,0,0)
(0,0,0)
(0,0,0)
(0,0,0)
(0,0,0)
(0,0,0)
(0,0,0)
(0,0,0)
(0,0,0)
(0,0,0)
(0,0,0)
(0,0,0)
(0,0,0)
(0,0,0)
(0,0,0)
(0,0,0)
(0,0,0)
(0,0,0)
(0,0,0)
(0,0,0)
(0,0,0)
(0,0,0)
(0,0,0)
(0,0,0)
(0,0,0)
(0,0,0)
(0,0,0)
(0,0,0)
(0,0,0)
(0,0,0)
(0,0,0)
(0,0,0)
(0,0,0)
(0,0,0)
(0,0,0)
(0,0,0)
(0,0,0)
(0,0,0)
(0,0,0)
(0,0,0)
(0,0,0)
(0,0,0)
(0,0,0)
(0,0,0)
(0,0,0)
(0,0,0)
(0,0,0)
(0,0,0)
(0,0,0)
(-750378.991111828,1248.63535922513,1898.82092533194)
(-751454.529914283,2342.26625947179,864.672035688601)
(-752411.693274304,5427.27838832906,-7012.29600679573)
(-750924.841190231,12627.7249970065,-27916.9216298647)
(-743028.644356264,27737.4365282615,-71959.4770225954)
(-722510.441973796,54882.618229212,-154175.326427538)
(-678793.976719453,88579.0193320026,-287139.706984651)
(-593656.620971267,82871.1369047001,-442084.600046883)
(-451261.074924061,58289.7010908877,-586766.195831848)
(-247144.608121638,28656.4509188295,-678598.687463454)
(0,0,0)
(0,0,0)
(0,0,0)
(0,0,0)
(0,0,0)
(0,0,0)
(-752513.101691088,-2041.32383521929,3017.57163033267)
(-753230.429867219,106.891530513745,3965.72928240329)
(-753575.863810284,6297.40695442305,191.613405682739)
(-751403.842940619,21628.8174355601,-12810.3516206012)
(-743566.740567504,57437.0142599026,-44809.9428382294)
(-726405.969735981,135394.720532192,-120472.093631524)
(-692782.57465102,272559.235250685,-292828.246208453)
(-609149.836570346,224248.404058154,-466654.815791929)
(-463225.385553088,144676.379148891,-616337.150905554)
(-253155.020905635,66839.0256192359,-707236.187833457)
(0,0,0)
(0,0,0)
(0,0,0)
(0,0,0)
(0,0,0)
(0,0,0)
(-755522.836643438,-15143.4116970803,5157.04893277267)
(-755671.141328612,-12284.3838852454,10158.5343940622)
(-754919.126259276,-3902.0181691765,15541.1434406082)
(-751450.90642702,18059.6308937293,22999.2406390757)
(-744444.330731521,76089.2808522529,33188.2662623162)
(-740847.184036179,244897.063182134,16674.0924121168)
(-763500.001715566,852869.472612433,-341243.12294828)
(-667934.475780458,492655.168396341,-546322.207398012)
(-502477.526994277,275549.958959055,-694201.614931029)
(-270879.032192917,114564.978680996,-774159.192210745)
(0,0,0)
(0,0,0)
(0,0,0)
(0,0,0)
(0,0,0)
(0,0,0)
(-756843.393985943,-44323.9847694237,7948.19667551257)
(-756283.271572688,-41556.9236883575,18515.4351898902)
(-753987.219684812,-33720.3891791775,37527.2288971878)
(-748090.465165356,-14636.5133931953,81101.1019177419)
(-740374.435509556,26663.8213196817,202127.480767331)
(-767884.88703486,91230.6389952705,624711.503156624)
(-1133098.70191553,-809.332251164979,-701461.726167555)
(-847281.115597311,700553.490654331,-763449.878658924)
(-603700.16506769,371587.796948473,-855177.051562744)
(-310409.511126487,134758.029213474,-888776.007629285)
(0,0,0)
(0,0,0)
(0,0,0)
(0,0,0)
(0,0,0)
(0,0,0)
(-751445.813801304,-96406.4476141937,10649.7091343567)
(-750259.730269093,-94420.3244062771,26355.0473870814)
(-746231.475907754,-88978.7080107849,56597.6030651004)
(-734926.201613281,-76393.108780487,122410.985717246)
(-702439.314719506,-51502.6729614027,266734.185614475)
(-585264.463952221,-14736.0932197205,532672.001764748)
(1.29676244249205e-05,-5.50692554768933e-06,-1.16691656258472e-05)
(-1119726.10417375,-78.8173397150304,-1092398.00399447)
(-779148.664240984,57681.4749755749,-1091981.59170824)
(-368824.235107839,29697.2716553062,-1023521.32397441)
(0,0,0)
(0,0,0)
(0,0,0)
(0,0,0)
(0,0,0)
(0,0,0)
(-731321.45246198,-177454.797254656,12581.725459349)
(-729998.46444419,-176704.121040551,31833.7748423279)
(-725693.717044597,-174535.523232554,69185.4974683082)
(-713782.055300336,-168852.075040905,147287.368754549)
(-678310.888541025,-154496.0315509,303441.272287522)
(-550310.422539819,-114746.363696496,547214.875300916)
(1.07175710227266e-05,-9.58003934506636e-06,-8.57787688769479e-06)
(-1052604.45413336,-206.582387463275,-1034548.14504106)
(-792092.670786477,-99549.0170824627,-1119908.60474358)
(-380125.999315246,-65470.8922716219,-1053183.93651724)
(0,0,0)
(0,0,0)
(0,0,0)
(0,0,0)
(0,0,0)
(0,0,0)
(-684664.394011823,-289466.736083509,13267.3525455688)
(-683725.892179878,-290401.759125561,33992.5810585314)
(-680985.938828552,-292759.076623807,74835.9584079395)
(-674084.761002486,-297427.464548121,161613.341316537)
(-653294.21154642,-304489.40902373,343085.884090261)
(-560509.591499447,-290384.201826527,661684.451365138)
(1.46247977556915e-05,-1.39956079755696e-05,-1.05122151477268e-05)
(-1159232.81477522,-833948.03806326,-1133690.90637267)
(-783625.102386206,-497732.331044606,-1085687.4850551)
(-362950.962940552,-208199.622090413,-987556.625483128)
(0,0,0)
(0,0,0)
(0,0,0)
(0,0,0)
(0,0,0)
(0,0,0)
(-596231.581234107,-424329.760934681,12300.6899213051)
(-596071.924906662,-427155.964750316,31666.2456675582)
(-596114.463791073,-434668.754283228,70151.9607374443)
(-599008.877749819,-452343.978068278,154562.606180869)
(-617644.534391976,-497651.518965384,357112.879344626)
(-717590.01373216,-639936.552484944,951857.828210887)
(-1296107.942565,-1268747.57181484,-833627.482067078)
(-872120.057094029,-832012.97638197,-797198.776683396)
(-573277.246758464,-523269.768887015,-795961.716509335)
(-281646.439399247,-245815.578838368,-779099.835079903)
(0,0,0)
(0,0,0)
(0,0,0)
(0,0,0)
(0,0,0)
(0,0,0)
(-451728.700878996,-556871.55449857,9479.31627883715)
(-452116.958376855,-561245.091854629,24220.0156878639)
(-453785.838521414,-572702.484861977,52499.6066455003)
(-460682.158505274,-598596.899121082,109329.944215952)
(-486560.428775431,-657313.794888389,214812.412408231)
(-571722.106020315,-790032.020068487,322995.199126957)
(-778674.575630235,-1038881.51415382,-396741.009410597)
(-573404.60519358,-789956.609568604,-488234.072472183)
(-382390.898015529,-524650.724635414,-518263.065366287)
(-193953.470546884,-261388.091033727,-532952.425980186)
(0,0,0)
(0,0,0)
(0,0,0)
(0,0,0)
(0,0,0)
(0,0,0)
(-247057.993456795,-644003.900882754,5101.79998487975)
(-247417.474131289,-649102.008306259,12821.6756771578)
(-248706.946213315,-661911.21286326,26634.7684568302)
(-253022.869680489,-688541.611217234,50686.6228253201)
(-266111.238190644,-739260.695253319,82124.1322962909)
(-298333.17027024,-821382.212894821,74198.7594025921)
(-344654.791182913,-895596.310068418,-147674.583602401)
(-277932.69332418,-748064.922905755,-222729.540143163)
(-193163.848979051,-525532.506676068,-254748.260570166)
(-100313.807247095,-271018.599719405,-271260.864793331)
(0,0,0)
(0,0,0)
(0,0,0)
(0,0,0)
(0,0,0)
(0,0,0)
(0,0,0)
(0,0,0)
(0,0,0)
(0,0,0)
(0,0,0)
(0,0,0)
(0,0,0)
(0,0,0)
(0,0,0)
(0,0,0)
(0,0,0)
(0,0,0)
(0,0,0)
(0,0,0)
(0,0,0)
(0,0,0)
(0,0,0)
(0,0,0)
(0,0,0)
(0,0,0)
(0,0,0)
(0,0,0)
(0,0,0)
(0,0,0)
(0,0,0)
(0,0,0)
(0,0,0)
(0,0,0)
(0,0,0)
(0,0,0)
(0,0,0)
(0,0,0)
(0,0,0)
(0,0,0)
(0,0,0)
(0,0,0)
(0,0,0)
(0,0,0)
(0,0,0)
(0,0,0)
(0,0,0)
(0,0,0)
(0,0,0)
(0,0,0)
(0,0,0)
(0,0,0)
(0,0,0)
(0,0,0)
(0,0,0)
(0,0,0)
(0,0,0)
(0,0,0)
(0,0,0)
(0,0,0)
(0,0,0)
(0,0,0)
(0,0,0)
(0,0,0)
(0,0,0)
(0,0,0)
(0,0,0)
(0,0,0)
(0,0,0)
(0,0,0)
(0,0,0)
(0,0,0)
(0,0,0)
(0,0,0)
(0,0,0)
(0,0,0)
(0,0,0)
(0,0,0)
(0,0,0)
(0,0,0)
(0,0,0)
(0,0,0)
(0,0,0)
(0,0,0)
(0,0,0)
(0,0,0)
(0,0,0)
(0,0,0)
(0,0,0)
(0,0,0)
(0,0,0)
(0,0,0)
(0,0,0)
(0,0,0)
(0,0,0)
(0,0,0)
(0,0,0)
(0,0,0)
(0,0,0)
(0,0,0)
(0,0,0)
(0,0,0)
(-750472.813050783,-833.216875929044,927.038814876892)
(-751028.621297886,548.431176721408,-47.300978244409)
(-751154.786283341,4207.30644909881,-5511.51441829791)
(-748544.417154279,12105.1057642124,-19997.0442184684)
(-738875.729754141,27170.8930145388,-51320.8518351319)
(-714415.390538193,50938.25129407,-110354.154564795)
(-661715.132667742,74557.3119093592,-201990.310525863)
(-563318.540323216,67374.0938006534,-299702.484974565)
(-414511.861623797,46339.7140185451,-382791.412293374)
(-220903.538326648,22667.3074067245,-431699.789495092)
(0,0,0)
(0,0,0)
(0,0,0)
(0,0,0)
(0,0,0)
(0,0,0)
(-750613.987875936,-5070.9900228943,2338.65933181357)
(-751592.543206958,-2387.5562228177,3636.76007108844)
(-753004.601831516,4881.46802520513,2391.33651621394)
(-753485.481031246,21513.5121553659,-4935.43178430807)
(-750294.254841341,56516.3888584247,-27553.4133543603)
(-737229.776148829,120925.225076547,-86716.5807239939)
(-697590.760999085,201790.294247065,-209141.376713631)
(-595579.590027689,165393.64711592,-320731.176571563)
(-436560.59618425,105361.244172972,-406417.496094818)
(-231626.425256106,49092.9315553803,-454371.715893009)
(0,0,0)
(0,0,0)
(0,0,0)
(0,0,0)
(0,0,0)
(0,0,0)
(-749146.997327554,-16458.0699108364,5011.24057205998)
(-751037.43450053,-12920.6369073527,10910.6144285149)
(-755106.607698298,-3055.00528161149,19034.5691743501)
(-762248.848794323,21278.7326203981,30067.2910766158)
(-774741.350913321,80001.8398004466,36878.8603163937)
(-794925.022549186,217721.842716296,-5839.91881034714)
(-805073.325605503,483117.384311086,-245593.684984431)
(-680425.178215692,313121.475987106,-380830.811420398)
(-489379.561838711,174128.329467579,-462695.861870572)
(-255870.682219605,74911.9852985456,-503523.265587042)
(0,0,0)
(0,0,0)
(0,0,0)
(0,0,0)
(0,0,0)
(0,0,0)
(-742760.538412736,-39028.9706622603,8488.04517821938)
(-745851.318532588,-35627.0512798979,20762.5065106592)
(-753569.010558062,-26087.1335698093,43376.4256721031)
(-770626.66950793,-1633.92967935973,88825.2923144416)
(-810641.912578834,64426.8132238036,174667.795960366)
(-908741.508358958,273627.753462223,259618.506538551)
(-1106670.06696024,1131886.389738,-415579.133843657)
(-857763.823694655,427841.754065979,-519816.703825173)
(-583469.535343051,195978.232198161,-561897.236280403)
(-295170.881488369,76266.013043504,-578489.893663479)
(0,0,0)
(0,0,0)
(0,0,0)
(0,0,0)
(0,0,0)
(0,0,0)
(-725826.555112634,-76454.7381086511,11806.5087577174)
(-730089.505450696,-74280.0924748298,30289.3251342536)
(-741315.852848461,-68540.5502191093,67827.1187242655)
(-768232.513735655,-55381.2839853596,154880.785152637)
(-839498.894189179,-27522.9355193845,383890.113365498)
(-1065710.00295886,20035.0437716211,1117928.36206273)
(-1966767.67097182,-252.558683206914,-1119554.33752284)
(-1126648.55595177,66875.0475286219,-751665.179207451)
(-697883.248151118,44659.1624813984,-681611.525580552)
(-337797.249972551,18378.1734915279,-654750.67116387)
(0,0,0)
(0,0,0)
(0,0,0)
(0,0,0)
(0,0,0)
(0,0,0)
(-690800.794841029,-130884.100635259,13908.7049056594)
(-695881.664813258,-130528.657640934,36040.4704408288)
(-709340.197169694,-129882.281584807,81028.6819316216)
(-741671.350649181,-129225.06816351,182761.761458617)
(-824952.360669285,-129575.581027286,431455.879094777)
(-1071262.22743112,-125150.241302872,1097592.96906059)
(-1925481.55821794,-495.821089117358,-1052405.73172901)
(-1157250.49318768,-107018.649750111,-773865.995395927)
(-722258.12349168,-91164.469131143,-707876.911078212)
(-348222.85811969,-48333.8646250315,-673068.014157205)
(0,0,0)
(0,0,0)
(0,0,0)
(0,0,0)
(0,0,0)
(0,0,0)
(-628582.689230173,-201147.585353446,14181.7799365415)
(-633878.119331183,-202838.500145413,36643.8495923286)
(-647982.795110229,-207924.799769346,81683.2240585435)
(-681649.845514911,-222397.864466774,182421.104874241)
(-767442.960766235,-268893.732173196,435888.005239965)
(-1024360.39547162,-447595.633127783,1222184.20103707)
(-2001613.55171694,-1296315.11840023,-1158844.75657495)
(-1120219.17751315,-546987.521289902,-757889.522297241)
(-680265.684803123,-287475.000025644,-664938.408985835)
(-324712.150117803,-126934.460931135,-624576.625502475)
(0,0,0)
(0,0,0)
(0,0,0)
(0,0,0)
(0,0,0)
(0,0,0)
(-529794.458142842,-280024.940908275,12440.2324635633)
(-534626.551206606,-283362.101736287,31518.4603543816)
(-547256.177029215,-292427.446194012,67162.8200171889)
(-576034.894639549,-314101.495054013,135892.467494157)
(-641173.228113421,-366614.519794211,257141.948836622)
(-787314.303401955,-494113.831135688,373384.43651432)
(-1058220.97450674,-751418.079220073,-409399.57072409)
(-796897.701344311,-533409.745119865,-498199.702643854)
(-522232.907599713,-332466.695002179,-504252.346826079)
(-257268.513426603,-158149.622533082,-497415.111196769)
(0,0,0)
(0,0,0)
(0,0,0)
(0,0,0)
(0,0,0)
(0,0,0)
(-388462.557896936,-352379.949744014,9088.86585368243)
(-392145.09875068,-356708.090985384,22462.9954766042)
(-401491.794385135,-367747.524268089,45489.0294144039)
(-421637.415816121,-391044.063119654,83386.8547908896)
(-462486.738834549,-436922.316112419,129620.961168214)
(-535597.917234239,-516669.788135009,116052.729381455)
(-617842.659901598,-604886.246767714,-191311.018799557)
(-506471.564298782,-494548.699761594,-297105.105052619)
(-346700.487061444,-335502.203595288,-329760.007413588)
(-175043.78648863,-167817.62302759,-339001.690977336)
(0,0,0)
(0,0,0)
(0,0,0)
(0,0,0)
(0,0,0)
(0,0,0)
(-207000.991568524,-397171.834377312,4734.88274502732)
(-208964.570174117,-401890.908047178,11464.7958496492)
(-213821.414791637,-413379.011834622,22210.7519945031)
(-223768.590458604,-435610.126550059,37522.5362030213)
(-242200.714894146,-473191.427627496,49881.1244215968)
(-269877.314627032,-523106.076112872,27861.5567562455)
(-289811.955674635,-550982.437524032,-80885.0879957105)
(-245263.45506907,-470190.766579982,-137912.259432435)
(-172304.690707792,-332406.548409405,-161867.072889578)
(-88366.3476962848,-170713.782295051,-170918.373172925)
(0,0,0)
(0,0,0)
(0,0,0)
(0,0,0)
(0,0,0)
(0,0,0)
(0,0,0)
(0,0,0)
(0,0,0)
(0,0,0)
(0,0,0)
(0,0,0)
(0,0,0)
(0,0,0)
(0,0,0)
(0,0,0)
(0,0,0)
(0,0,0)
(0,0,0)
(0,0,0)
(0,0,0)
(0,0,0)
(0,0,0)
(0,0,0)
(0,0,0)
(0,0,0)
(0,0,0)
(0,0,0)
(0,0,0)
(0,0,0)
(0,0,0)
(0,0,0)
(0,0,0)
(0,0,0)
(0,0,0)
(0,0,0)
(0,0,0)
(0,0,0)
(0,0,0)
(0,0,0)
(0,0,0)
(0,0,0)
(0,0,0)
(0,0,0)
(0,0,0)
(0,0,0)
(0,0,0)
(0,0,0)
(0,0,0)
(0,0,0)
(0,0,0)
(0,0,0)
(0,0,0)
(0,0,0)
(0,0,0)
(0,0,0)
(0,0,0)
(0,0,0)
(0,0,0)
(0,0,0)
(0,0,0)
(0,0,0)
(0,0,0)
(0,0,0)
(0,0,0)
(0,0,0)
(0,0,0)
(0,0,0)
(0,0,0)
(0,0,0)
(0,0,0)
(0,0,0)
(0,0,0)
(0,0,0)
(0,0,0)
(0,0,0)
(0,0,0)
(0,0,0)
(0,0,0)
(0,0,0)
(0,0,0)
(0,0,0)
(0,0,0)
(0,0,0)
(0,0,0)
(0,0,0)
(0,0,0)
(0,0,0)
(0,0,0)
(0,0,0)
(0,0,0)
(0,0,0)
(0,0,0)
(0,0,0)
(0,0,0)
(0,0,0)
(0,0,0)
(0,0,0)
(0,0,0)
(0,0,0)
(0,0,0)
(0,0,0)
(-750050.679198139,-870.577858888035,448.444006245573)
(-750592.633315331,36.3125770901062,-23.8565533902041)
(-750748.272355692,2335.85275519493,-2766.22323623722)
(-748215.261451182,7125.793231212,-10221.1721705468)
(-738157.499241246,15730.4142945929,-26669.8169780275)
(-711693.929036951,28089.5910352325,-57480.8695145057)
(-654407.546437146,38676.998110374,-103465.453855482)
(-551134.737052998,35139.1505634993,-150788.407689203)
(-400415.279244032,24312.600087865,-189197.590156827)
(-211122.507588143,11961.694719615,-210940.315614951)
(0,0,0)
(0,0,0)
(0,0,0)
(0,0,0)
(0,0,0)
(0,0,0)
(-749273.209657935,-3575.44173079415,1364.08565390689)
(-750685.966189988,-1816.53364398335,2310.35485801033)
(-753140.873122735,2749.72169403996,2032.75721038381)
(-755394.735610113,12703.1687615749,-1635.36374111705)
(-753905.181300158,32027.64772545,-14321.6707131563)
(-739756.141149705,63182.8098141114,-46888.5244911551)
(-693064.728690329,94249.5118704277,-106987.07055996)
(-586288.681290949,80483.9792078894,-161622.807941091)
(-424780.715932053,52478.4549833314,-201568.54308875)
(-223120.837923205,24837.252772626,-222949.688474655)
(0,0,0)
(0,0,0)
(0,0,0)
(0,0,0)
(0,0,0)
(0,0,0)
(-745808.7910427,-10017.8081056208,3104.16008997006)
(-748931.573514519,-7713.03031595325,6894.79577593141)
(-755909.921355752,-1539.14760129787,11986.978728724)
(-768070.082059441,12830.2442393103,17681.1365161102)
(-785872.870616438,43992.5727012114,16847.7312434702)
(-802869.283876214,103777.293593639,-15802.4912090301)
(-787224.549463086,181371.250458773,-120773.005939792)
(-666658.251203015,135601.075177524,-189657.028922094)
(-477168.114020561,79845.4694046856,-229235.49116161)
(-247934.474423273,35501.8589445447,-247836.305129859)
(0,0,0)
(0,0,0)
(0,0,0)
(0,0,0)
(0,0,0)
(0,0,0)
(-736011.389207121,-22135.391000596,5368.43368935978)
(-741334.007326237,-19935.481598773,13073.5737658287)
(-754432.137333023,-13957.2508234263,26354.8037629244)
(-780896.200645322,593.242182234658,48861.3369573892)
(-829819.308324122,35368.6844817716,76662.6209221139)
(-906553.764309222,116430.020898951,61822.1495670624)
(-968461.412379163,271528.289362575,-166543.543917803)
(-802052.687987599,158727.379945781,-245380.984393112)
(-556810.443337728,81362.2330532279,-273556.84004699)
(-283342.907517732,33500.2580476919,-283383.213120775)
(0,0,0)
(0,0,0)
(0,0,0)
(0,0,0)
(0,0,0)
(0,0,0)
(-713943.615424285,-41518.5336364533,7500.20294751312)
(-721388.215109278,-40171.7527930541,19035.1838003773)
(-740420.226074406,-36711.0393972251,40893.3456001268)
(-781371.852626389,-29000.5976284328,83626.524301527)
(-865028.004364148,-13195.406140818,157719.725099085)
(-1022771.4220799,14256.736081609,216954.429037478)
(-1239765.03017327,40781.5033024197,-279301.425700933)
(-960554.275571402,36053.9308968966,-322722.257032395)
(-637957.151562359,20121.5770235808,-321407.697591507)
(-316696.380014141,7872.86802915932,-316881.17753138)
(0,0,0)
(0,0,0)
(0,0,0)
(0,0,0)
(0,0,0)
(0,0,0)
(-672406.893415619,-68702.4968989275,8790.06183706589)
(-681138.65975233,-68610.140004856,22485.4439879417)
(-703575.020890015,-68616.0423564017,48625.2706674345)
(-752192.146716123,-69314.5763713142,99460.0454772566)
(-851641.38426673,-72219.5528496427,185173.215783528)
(-1036824.68937895,-78460.8952435189,243453.30905648)
(-1280318.73955889,-76899.622834166,-284028.383465976)
(-996392.155550578,-70153.4757179665,-338679.314488214)
(-657883.933461225,-49258.5854154551,-333673.342079643)
(-324453.548946249,-24860.3087845822,-324709.474439347)
(0,0,0)
(0,0,0)
(0,0,0)
(0,0,0)
(0,0,0)
(0,0,0)
(-603634.478645095,-102492.144543411,8841.43705939881)
(-612381.737054228,-103714.516620501,22449.4313980909)
(-634783.514419501,-107310.797282502,47944.9056334632)
(-682701.616866427,-116917.411357791,96599.5119714538)
(-779247.161042814,-142776.833689544,178960.993087932)
(-958130.268757472,-210727.277927822,244997.249058074)
(-1203152.25483808,-353128.056634514,-277235.614020411)
(-926060.657510603,-223809.040712736,-317738.569028191)
(-608517.759149401,-129512.311021132,-309232.769076236)
(-299524.700886102,-59530.8821080098,-299749.644984514)
(0,0,0)
(0,0,0)
(0,0,0)
(0,0,0)
(0,0,0)
(0,0,0)
(-500947.854771345,-138937.538292761,7598.79037785146)
(-508472.045226766,-141086.591018332,18816.3587958464)
(-527252.37505197,-146805.87870246,38307.6382385632)
(-565518.935030747,-159846.390682938,70720.6579549075)
(-636175.24070837,-188049.817219798,110995.654080115)
(-747111.130641141,-242501.087214719,102566.290606198)
(-849742.301350692,-311183.645626195,-147856.793558159)
(-702050.572994489,-243150.819462322,-223362.143158379)
(-478888.553037285,-157049.172541309,-239169.636200646)
(-239917.534226521,-75980.7388171279,-240070.758691606)
(0,0,0)
(0,0,0)
(0,0,0)
(0,0,0)
(0,0,0)
(0,0,0)
(-361761.622888104,-171074.171757187,5435.69845558997)
(-367187.649179728,-173687.821448784,13079.4793150919)
(-380264.835690863,-180202.387210296,25249.0291286556)
(-405453.176204324,-193275.203696434,42493.6025303524)
(-447885.280325657,-216701.199783157,56543.5265848214)
(-504430.401343238,-251021.438810522,33896.3622896243)
(-538390.341763641,-276976.427199489,-79763.1742750374)
(-458715.610211651,-233488.147699868,-137181.800124625)
(-321700.062371622,-161231.908180781,-157999.489174977)
(-163861.748699947,-81226.2882142786,-163935.977566509)
(0,0,0)
(0,0,0)
(0,0,0)
(0,0,0)
(0,0,0)
(0,0,0)
(-190496.875901149,-190360.399730034,2782.1123054726)
(-193302.577217311,-193133.525720476,6565.8236203589)
(-199883.974304966,-199739.741844532,12165.7377679224)
(-212008.112793417,-211924.448282595,19054.5046888966)
(-231052.789357403,-231032.417774697,22237.7971436943)
(-253317.972531124,-253310.039581393,7967.05581866024)
(-261309.710754841,-261269.883986493,-36241.7323141263)
(-225105.517649683,-225024.245265311,-64863.5721680716)
(-160345.411502164,-160180.735097044,-77874.0244574363)
(-82541.1397132351,-82389.8660738328,-82535.6545809325)
(0,0,0)
(0,0,0)
(0,0,0)
(0,0,0)
(0,0,0)
(0,0,0)
(0,0,0)
(0,0,0)
(0,0,0)
(0,0,0)
(0,0,0)
(0,0,0)
(0,0,0)
(0,0,0)
(0,0,0)
(0,0,0)
(0,0,0)
(0,0,0)
(0,0,0)
(0,0,0)
(0,0,0)
(0,0,0)
(0,0,0)
(0,0,0)
(0,0,0)
(0,0,0)
(0,0,0)
(0,0,0)
(0,0,0)
(0,0,0)
(0,0,0)
(0,0,0)
(0,0,0)
(0,0,0)
(0,0,0)
(0,0,0)
(0,0,0)
(0,0,0)
(0,0,0)
(0,0,0)
(0,0,0)
(0,0,0)
(0,0,0)
(0,0,0)
(0,0,0)
(0,0,0)
(0,0,0)
(0,0,0)
(0,0,0)
(0,0,0)
(0,0,0)
(0,0,0)
(0,0,0)
(0,0,0)
(0,0,0)
(0,0,0)
(0,0,0)
(0,0,0)
(0,0,0)
(0,0,0)
(0,0,0)
(0,0,0)
(0,0,0)
(0,0,0)
(0,0,0)
(0,0,0)
(0,0,0)
(0,0,0)
(0,0,0)
(0,0,0)
(0,0,0)
(0,0,0)
(0,0,0)
(0,0,0)
(0,0,0)
(0,0,0)
(0,0,0)
(0,0,0)
(0,0,0)
(0,0,0)
(0,0,0)
(0,0,0)
(0,0,0)
(0,0,0)
(0,0,0)
(0,0,0)
(0,0,0)
(0,0,0)
(0,0,0)
(0,0,0)
(0,0,0)
(0,0,0)
(0,0,0)
(0,0,0)
(0,0,0)
(0,0,0)
(0,0,0)
(0,0,0)
(0,0,0)
(0,0,0)
(0,0,0)
(0,0,0)
(0,0,0)
(0,0,0)
(0,0,0)
(0,0,0)
(0,0,0)
(0,0,0)
(0,0,0)
(0,0,0)
(0,0,0)
(0,0,0)
(0,0,0)
(0,0,0)
(0,0,0)
(0,0,0)
(0,0,0)
(0,0,0)
(0,0,0)
(0,0,0)
(0,0,0)
(0,0,0)
(0,0,0)
(0,0,0)
(0,0,0)
(0,0,0)
(0,0,0)
(0,0,0)
(0,0,0)
(0,0,0)
(0,0,0)
(0,0,0)
(0,0,0)
(0,0,0)
(0,0,0)
(0,0,0)
(0,0,0)
(0,0,0)
(0,0,0)
(0,0,0)
(0,0,0)
(0,0,0)
(0,0,0)
(0,0,0)
(0,0,0)
(0,0,0)
(0,0,0)
(0,0,0)
(0,0,0)
(0,0,0)
(0,0,0)
(0,0,0)
(0,0,0)
(0,0,0)
(0,0,0)
(0,0,0)
(0,0,0)
(0,0,0)
(0,0,0)
(0,0,0)
(0,0,0)
(0,0,0)
(0,0,0)
(0,0,0)
(0,0,0)
(0,0,0)
(0,0,0)
(0,0,0)
(0,0,0)
(0,0,0)
(0,0,0)
(0,0,0)
(0,0,0)
(0,0,0)
(0,0,0)
(0,0,0)
(0,0,0)
(0,0,0)
(0,0,0)
(0,0,0)
(0,0,0)
(0,0,0)
(0,0,0)
(0,0,0)
(0,0,0)
(0,0,0)
(0,0,0)
(0,0,0)
(0,0,0)
(0,0,0)
(0,0,0)
(0,0,0)
(0,0,0)
(0,0,0)
(0,0,0)
(0,0,0)
(0,0,0)
(0,0,0)
(0,0,0)
(0,0,0)
(0,0,0)
(0,0,0)
(0,0,0)
(0,0,0)
(0,0,0)
(0,0,0)
(0,0,0)
(0,0,0)
(0,0,0)
(0,0,0)
(0,0,0)
(0,0,0)
(0,0,0)
(0,0,0)
(0,0,0)
(0,0,0)
(0,0,0)
(0,0,0)
(0,0,0)
(0,0,0)
(0,0,0)
(0,0,0)
(0,0,0)
(0,0,0)
(0,0,0)
(0,0,0)
(0,0,0)
(0,0,0)
(0,0,0)
(0,0,0)
(0,0,0)
(0,0,0)
(0,0,0)
(0,0,0)
(0,0,0)
(0,0,0)
(0,0,0)
(0,0,0)
(0,0,0)
(0,0,0)
(0,0,0)
(0,0,0)
(0,0,0)
(0,0,0)
(0,0,0)
(0,0,0)
(0,0,0)
(0,0,0)
(0,0,0)
(0,0,0)
(0,0,0)
(0,0,0)
(0,0,0)
(0,0,0)
(0,0,0)
(0,0,0)
(0,0,0)
(0,0,0)
(0,0,0)
(0,0,0)
(0,0,0)
(0,0,0)
(0,0,0)
(0,0,0)
(0,0,0)
(0,0,0)
(0,0,0)
(0,0,0)
(0,0,0)
(0,0,0)
(0,0,0)
(0,0,0)
(0,0,0)
(0,0,0)
(0,0,0)
(0,0,0)
(0,0,0)
(0,0,0)
(0,0,0)
(0,0,0)
(0,0,0)
(0,0,0)
(0,0,0)
(0,0,0)
(0,0,0)
(0,0,0)
(0,0,0)
(0,0,0)
(0,0,0)
(0,0,0)
(0,0,0)
(0,0,0)
(0,0,0)
(0,0,0)
(0,0,0)
(0,0,0)
(0,0,0)
(0,0,0)
(0,0,0)
(0,0,0)
(0,0,0)
(0,0,0)
(0,0,0)
(0,0,0)
(0,0,0)
(0,0,0)
(0,0,0)
(0,0,0)
(0,0,0)
(0,0,0)
(0,0,0)
(0,0,0)
(0,0,0)
(0,0,0)
(0,0,0)
(0,0,0)
(0,0,0)
(0,0,0)
(0,0,0)
(0,0,0)
(0,0,0)
(0,0,0)
(0,0,0)
(0,0,0)
(0,0,0)
(0,0,0)
(0,0,0)
(0,0,0)
(0,0,0)
(0,0,0)
(0,0,0)
(0,0,0)
(0,0,0)
(0,0,0)
(0,0,0)
(0,0,0)
(0,0,0)
(0,0,0)
(0,0,0)
(0,0,0)
(0,0,0)
(0,0,0)
(0,0,0)
(0,0,0)
(0,0,0)
(0,0,0)
(0,0,0)
(0,0,0)
(0,0,0)
(0,0,0)
(0,0,0)
(0,0,0)
(0,0,0)
(0,0,0)
(0,0,0)
(0,0,0)
(0,0,0)
(0,0,0)
(0,0,0)
(0,0,0)
(0,0,0)
(0,0,0)
(0,0,0)
(0,0,0)
(0,0,0)
(0,0,0)
(0,0,0)
(0,0,0)
(0,0,0)
(0,0,0)
(0,0,0)
(0,0,0)
(0,0,0)
(0,0,0)
(0,0,0)
(0,0,0)
(0,0,0)
(0,0,0)
(0,0,0)
(0,0,0)
(0,0,0)
(0,0,0)
(0,0,0)
(0,0,0)
(0,0,0)
(0,0,0)
(0,0,0)
(0,0,0)
(0,0,0)
(0,0,0)
(0,0,0)
(0,0,0)
(0,0,0)
(0,0,0)
(0,0,0)
(0,0,0)
(0,0,0)
(0,0,0)
(0,0,0)
(0,0,0)
(0,0,0)
(0,0,0)
(0,0,0)
(0,0,0)
(0,0,0)
(0,0,0)
(0,0,0)
(0,0,0)
(0,0,0)
(0,0,0)
(0,0,0)
(0,0,0)
(0,0,0)
(0,0,0)
(0,0,0)
(0,0,0)
(0,0,0)
(0,0,0)
(0,0,0)
(0,0,0)
(0,0,0)
(0,0,0)
(0,0,0)
(0,0,0)
(0,0,0)
(0,0,0)
(0,0,0)
(0,0,0)
(0,0,0)
(0,0,0)
(0,0,0)
(0,0,0)
(0,0,0)
(0,0,0)
(0,0,0)
(0,0,0)
(0,0,0)
(0,0,0)
(0,0,0)
(0,0,0)
(0,0,0)
(0,0,0)
(0,0,0)
(0,0,0)
(0,0,0)
(0,0,0)
(0,0,0)
(0,0,0)
(0,0,0)
(0,0,0)
(0,0,0)
(0,0,0)
(0,0,0)
(0,0,0)
(0,0,0)
(0,0,0)
(0,0,0)
(0,0,0)
(0,0,0)
(0,0,0)
(0,0,0)
(0,0,0)
(0,0,0)
(0,0,0)
(0,0,0)
(0,0,0)
(0,0,0)
(0,0,0)
(0,0,0)
(0,0,0)
(0,0,0)
(0,0,0)
(0,0,0)
(0,0,0)
(0,0,0)
(0,0,0)
(0,0,0)
(0,0,0)
(0,0,0)
(0,0,0)
(0,0,0)
(0,0,0)
(0,0,0)
(0,0,0)
(0,0,0)
(0,0,0)
(0,0,0)
(0,0,0)
(0,0,0)
(0,0,0)
(0,0,0)
(0,0,0)
(0,0,0)
(0,0,0)
(0,0,0)
(0,0,0)
(0,0,0)
(0,0,0)
(0,0,0)
(0,0,0)
(0,0,0)
(0,0,0)
(0,0,0)
(0,0,0)
(0,0,0)
(0,0,0)
(0,0,0)
(0,0,0)
(0,0,0)
(0,0,0)
(0,0,0)
(0,0,0)
(0,0,0)
(0,0,0)
(0,0,0)
(0,0,0)
(0,0,0)
(0,0,0)
(0,0,0)
(0,0,0)
(0,0,0)
(0,0,0)
(0,0,0)
(0,0,0)
(0,0,0)
(0,0,0)
(0,0,0)
(0,0,0)
(0,0,0)
(0,0,0)
(0,0,0)
(0,0,0)
(0,0,0)
(0,0,0)
(0,0,0)
(0,0,0)
(0,0,0)
(0,0,0)
(0,0,0)
(0,0,0)
(0,0,0)
(0,0,0)
(0,0,0)
(0,0,0)
(0,0,0)
(0,0,0)
(0,0,0)
(0,0,0)
(0,0,0)
(0,0,0)
(0,0,0)
(0,0,0)
(0,0,0)
(0,0,0)
(0,0,0)
(0,0,0)
(0,0,0)
(0,0,0)
(0,0,0)
(0,0,0)
(0,0,0)
(0,0,0)
(0,0,0)
(0,0,0)
(0,0,0)
(0,0,0)
(0,0,0)
(0,0,0)
(0,0,0)
(0,0,0)
(0,0,0)
(0,0,0)
(0,0,0)
(0,0,0)
(0,0,0)
(0,0,0)
(0,0,0)
(0,0,0)
(0,0,0)
(0,0,0)
(0,0,0)
(0,0,0)
(0,0,0)
(0,0,0)
(0,0,0)
(0,0,0)
(0,0,0)
(0,0,0)
(0,0,0)
(0,0,0)
(0,0,0)
(0,0,0)
(0,0,0)
(0,0,0)
(0,0,0)
(0,0,0)
(0,0,0)
(0,0,0)
(0,0,0)
(0,0,0)
(0,0,0)
(0,0,0)
(0,0,0)
(0,0,0)
(0,0,0)
(0,0,0)
(0,0,0)
(0,0,0)
(0,0,0)
(0,0,0)
(0,0,0)
(0,0,0)
(0,0,0)
(0,0,0)
(0,0,0)
(0,0,0)
(0,0,0)
(0,0,0)
(0,0,0)
(0,0,0)
(0,0,0)
(0,0,0)
(0,0,0)
(0,0,0)
(0,0,0)
(0,0,0)
(0,0,0)
(0,0,0)
(0,0,0)
(0,0,0)
(0,0,0)
(0,0,0)
(0,0,0)
(0,0,0)
(0,0,0)
(0,0,0)
(0,0,0)
(0,0,0)
(0,0,0)
(0,0,0)
(0,0,0)
(0,0,0)
(0,0,0)
(0,0,0)
(0,0,0)
(0,0,0)
(0,0,0)
(0,0,0)
(0,0,0)
(0,0,0)
(0,0,0)
(0,0,0)
(0,0,0)
(0,0,0)
(0,0,0)
(0,0,0)
(0,0,0)
(0,0,0)
(0,0,0)
(0,0,0)
(0,0,0)
(0,0,0)
(0,0,0)
(0,0,0)
(0,0,0)
(0,0,0)
(0,0,0)
(0,0,0)
(0,0,0)
(0,0,0)
(0,0,0)
(0,0,0)
(0,0,0)
(0,0,0)
(0,0,0)
(0,0,0)
(0,0,0)
(0,0,0)
(0,0,0)
(0,0,0)
(0,0,0)
(0,0,0)
(0,0,0)
(0,0,0)
(0,0,0)
(0,0,0)
(0,0,0)
(0,0,0)
(0,0,0)
(0,0,0)
(0,0,0)
(0,0,0)
(0,0,0)
(0,0,0)
(0,0,0)
(0,0,0)
(0,0,0)
(0,0,0)
(0,0,0)
(0,0,0)
(0,0,0)
(0,0,0)
(0,0,0)
(0,0,0)
(0,0,0)
(0,0,0)
(0,0,0)
(0,0,0)
(0,0,0)
(0,0,0)
(0,0,0)
(0,0,0)
(0,0,0)
(0,0,0)
(0,0,0)
(0,0,0)
(0,0,0)
(0,0,0)
(0,0,0)
(0,0,0)
(0,0,0)
(0,0,0)
(0,0,0)
(0,0,0)
(0,0,0)
(0,0,0)
(0,0,0)
(0,0,0)
(0,0,0)
(0,0,0)
(0,0,0)
(0,0,0)
(0,0,0)
(0,0,0)
(0,0,0)
(0,0,0)
(0,0,0)
(0,0,0)
(0,0,0)
(0,0,0)
(0,0,0)
(0,0,0)
(0,0,0)
(0,0,0)
(0,0,0)
(0,0,0)
(0,0,0)
(0,0,0)
(0,0,0)
(0,0,0)
(0,0,0)
(0,0,0)
(0,0,0)
(0,0,0)
(0,0,0)
(0,0,0)
(0,0,0)
(0,0,0)
(0,0,0)
(0,0,0)
(0,0,0)
(0,0,0)
(0,0,0)
(0,0,0)
(0,0,0)
(0,0,0)
(0,0,0)
(0,0,0)
(0,0,0)
(0,0,0)
(0,0,0)
(0,0,0)
(0,0,0)
(0,0,0)
(0,0,0)
(0,0,0)
(0,0,0)
(0,0,0)
(0,0,0)
(0,0,0)
(0,0,0)
(0,0,0)
(0,0,0)
(0,0,0)
(0,0,0)
(0,0,0)
(0,0,0)
(0,0,0)
(0,0,0)
(0,0,0)
(0,0,0)
(0,0,0)
(0,0,0)
(0,0,0)
(0,0,0)
(0,0,0)
(0,0,0)
(0,0,0)
(0,0,0)
(0,0,0)
(0,0,0)
(0,0,0)
(0,0,0)
(0,0,0)
(0,0,0)
(0,0,0)
(0,0,0)
(0,0,0)
(0,0,0)
(0,0,0)
(0,0,0)
(0,0,0)
(0,0,0)
(0,0,0)
(0,0,0)
(0,0,0)
(0,0,0)
(0,0,0)
(0,0,0)
)
;

boundaryField
{
    fuel
    {
        type            fixedValue;
        value           uniform (0.1 0 0);
    }
    air
    {
        type            fixedValue;
        value           uniform (-0.1 0 0);
    }
    outlet
    {
        type            zeroGradient;
    }
    frontAndBack
    {
        type            empty;
    }
}


// ************************************************************************* //
 