/*--------------------------------*- C++ -*----------------------------------*\
| =========                 |                                                 |
| \\      /  F ield         | foam-extend: Open Source CFD                    |
|  \\    /   O peration     | Version:     4.0                                |
|   \\  /    A nd           | Web:         http://www.foam-extend.org         |
|    \\/     M anipulation  |                                                 |
\*---------------------------------------------------------------------------*/
FoamFile
{
    version 2.0;
    format ascii;
    class volVectorField;
    location "Data/2068";
    object      E;
}
// * * * * * * * * * * * * * * * * * * * * * * * * * * * * * * * * * * * * * //

dimensions      [0 1 -1 0 0 0 0];

internalField   nonuniform List<vector>
4096
(
(0,0,0)
(0,0,0)
(0,0,0)
(0,0,0)
(0,0,0)
(0,0,0)
(0,0,0)
(0,0,0)
(0,0,0)
(0,0,0)
(0,0,0)
(0,0,0)
(0,0,0)
(0,0,0)
(0,0,0)
(0,0,0)
(0,0,0)
(0,0,0)
(0,0,0)
(0,0,0)
(0,0,0)
(0,0,0)
(0,0,0)
(0,0,0)
(0,0,0)
(0,0,0)
(0,0,0)
(0,0,0)
(0,0,0)
(0,0,0)
(0,0,0)
(0,0,0)
(0,0,0)
(0,0,0)
(0,0,0)
(0,0,0)
(0,0,0)
(0,0,0)
(0,0,0)
(0,0,0)
(0,0,0)
(0,0,0)
(0,0,0)
(0,0,0)
(0,0,0)
(0,0,0)
(0,0,0)
(0,0,0)
(0,0,0)
(0,0,0)
(0,0,0)
(0,0,0)
(0,0,0)
(0,0,0)
(0,0,0)
(0,0,0)
(0,0,0)
(0,0,0)
(0,0,0)
(0,0,0)
(0,0,0)
(0,0,0)
(0,0,0)
(0,0,0)
(0,0,0)
(0,0,0)
(0,0,0)
(0,0,0)
(0,0,0)
(0,0,0)
(0,0,0)
(0,0,0)
(0,0,0)
(0,0,0)
(0,0,0)
(0,0,0)
(0,0,0)
(0,0,0)
(0,0,0)
(0,0,0)
(0,0,0)
(0,0,0)
(0,0,0)
(0,0,0)
(0,0,0)
(0,0,0)
(0,0,0)
(0,0,0)
(0,0,0)
(0,0,0)
(0,0,0)
(0,0,0)
(0,0,0)
(0,0,0)
(0,0,0)
(0,0,0)
(0,0,0)
(0,0,0)
(0,0,0)
(0,0,0)
(0,0,0)
(0,0,0)
(0,0,0)
(0,0,0)
(0,0,0)
(0,0,0)
(0,0,0)
(0,0,0)
(0,0,0)
(0,0,0)
(0,0,0)
(0,0,0)
(0,0,0)
(0,0,0)
(0,0,0)
(0,0,0)
(0,0,0)
(0,0,0)
(0,0,0)
(0,0,0)
(0,0,0)
(0,0,0)
(0,0,0)
(0,0,0)
(0,0,0)
(0,0,0)
(0,0,0)
(0,0,0)
(0,0,0)
(0,0,0)
(0,0,0)
(0,0,0)
(0,0,0)
(0,0,0)
(0,0,0)
(0,0,0)
(0,0,0)
(0,0,0)
(0,0,0)
(0,0,0)
(0,0,0)
(0,0,0)
(0,0,0)
(0,0,0)
(0,0,0)
(0,0,0)
(0,0,0)
(0,0,0)
(0,0,0)
(0,0,0)
(0,0,0)
(0,0,0)
(0,0,0)
(0,0,0)
(0,0,0)
(0,0,0)
(0,0,0)
(0,0,0)
(0,0,0)
(0,0,0)
(0,0,0)
(0,0,0)
(0,0,0)
(0,0,0)
(0,0,0)
(0,0,0)
(0,0,0)
(0,0,0)
(0,0,0)
(0,0,0)
(0,0,0)
(0,0,0)
(0,0,0)
(0,0,0)
(0,0,0)
(0,0,0)
(0,0,0)
(0,0,0)
(0,0,0)
(0,0,0)
(0,0,0)
(0,0,0)
(0,0,0)
(0,0,0)
(0,0,0)
(0,0,0)
(0,0,0)
(0,0,0)
(0,0,0)
(0,0,0)
(0,0,0)
(0,0,0)
(0,0,0)
(0,0,0)
(0,0,0)
(0,0,0)
(0,0,0)
(0,0,0)
(0,0,0)
(0,0,0)
(0,0,0)
(0,0,0)
(0,0,0)
(0,0,0)
(0,0,0)
(0,0,0)
(0,0,0)
(0,0,0)
(0,0,0)
(0,0,0)
(0,0,0)
(0,0,0)
(0,0,0)
(0,0,0)
(0,0,0)
(0,0,0)
(0,0,0)
(0,0,0)
(0,0,0)
(0,0,0)
(0,0,0)
(0,0,0)
(0,0,0)
(0,0,0)
(0,0,0)
(0,0,0)
(0,0,0)
(0,0,0)
(0,0,0)
(0,0,0)
(0,0,0)
(0,0,0)
(0,0,0)
(0,0,0)
(0,0,0)
(0,0,0)
(0,0,0)
(0,0,0)
(0,0,0)
(0,0,0)
(0,0,0)
(0,0,0)
(0,0,0)
(0,0,0)
(0,0,0)
(0,0,0)
(0,0,0)
(0,0,0)
(0,0,0)
(0,0,0)
(0,0,0)
(0,0,0)
(0,0,0)
(0,0,0)
(0,0,0)
(0,0,0)
(0,0,0)
(0,0,0)
(0,0,0)
(0,0,0)
(0,0,0)
(0,0,0)
(0,0,0)
(0,0,0)
(0,0,0)
(0,0,0)
(0,0,0)
(0,0,0)
(0,0,0)
(0,0,0)
(0,0,0)
(0,0,0)
(0,0,0)
(0,0,0)
(0,0,0)
(0,0,0)
(0,0,0)
(0,0,0)
(0,0,0)
(0,0,0)
(0,0,0)
(0,0,0)
(0,0,0)
(0,0,0)
(0,0,0)
(0,0,0)
(0,0,0)
(0,0,0)
(0,0,0)
(0,0,0)
(0,0,0)
(0,0,0)
(0,0,0)
(0,0,0)
(0,0,0)
(0,0,0)
(0,0,0)
(0,0,0)
(0,0,0)
(0,0,0)
(0,0,0)
(0,0,0)
(0,0,0)
(0,0,0)
(0,0,0)
(0,0,0)
(0,0,0)
(0,0,0)
(0,0,0)
(0,0,0)
(0,0,0)
(0,0,0)
(0,0,0)
(0,0,0)
(0,0,0)
(0,0,0)
(0,0,0)
(0,0,0)
(0,0,0)
(0,0,0)
(0,0,0)
(0,0,0)
(0,0,0)
(0,0,0)
(0,0,0)
(0,0,0)
(0,0,0)
(0,0,0)
(0,0,0)
(0,0,0)
(0,0,0)
(0,0,0)
(0,0,0)
(0,0,0)
(0,0,0)
(0,0,0)
(0,0,0)
(0,0,0)
(0,0,0)
(0,0,0)
(0,0,0)
(0,0,0)
(0,0,0)
(0,0,0)
(0,0,0)
(0,0,0)
(0,0,0)
(0,0,0)
(0,0,0)
(0,0,0)
(0,0,0)
(0,0,0)
(0,0,0)
(0,0,0)
(0,0,0)
(0,0,0)
(0,0,0)
(0,0,0)
(0,0,0)
(0,0,0)
(0,0,0)
(0,0,0)
(0,0,0)
(0,0,0)
(0,0,0)
(0,0,0)
(0,0,0)
(0,0,0)
(0,0,0)
(0,0,0)
(0,0,0)
(0,0,0)
(0,0,0)
(0,0,0)
(0,0,0)
(0,0,0)
(0,0,0)
(0,0,0)
(0,0,0)
(0,0,0)
(0,0,0)
(0,0,0)
(0,0,0)
(0,0,0)
(0,0,0)
(0,0,0)
(0,0,0)
(0,0,0)
(0,0,0)
(0,0,0)
(0,0,0)
(0,0,0)
(0,0,0)
(0,0,0)
(0,0,0)
(0,0,0)
(0,0,0)
(0,0,0)
(0,0,0)
(0,0,0)
(0,0,0)
(0,0,0)
(0,0,0)
(0,0,0)
(0,0,0)
(0,0,0)
(0,0,0)
(0,0,0)
(0,0,0)
(0,0,0)
(0,0,0)
(0,0,0)
(0,0,0)
(0,0,0)
(0,0,0)
(0,0,0)
(0,0,0)
(0,0,0)
(0,0,0)
(0,0,0)
(0,0,0)
(0,0,0)
(0,0,0)
(0,0,0)
(0,0,0)
(0,0,0)
(0,0,0)
(0,0,0)
(0,0,0)
(0,0,0)
(0,0,0)
(0,0,0)
(0,0,0)
(0,0,0)
(0,0,0)
(0,0,0)
(0,0,0)
(0,0,0)
(0,0,0)
(0,0,0)
(0,0,0)
(0,0,0)
(0,0,0)
(0,0,0)
(0,0,0)
(0,0,0)
(0,0,0)
(0,0,0)
(0,0,0)
(0,0,0)
(0,0,0)
(0,0,0)
(0,0,0)
(0,0,0)
(0,0,0)
(0,0,0)
(0,0,0)
(0,0,0)
(0,0,0)
(0,0,0)
(0,0,0)
(0,0,0)
(0,0,0)
(0,0,0)
(0,0,0)
(0,0,0)
(0,0,0)
(0,0,0)
(0,0,0)
(0,0,0)
(0,0,0)
(0,0,0)
(0,0,0)
(0,0,0)
(0,0,0)
(0,0,0)
(0,0,0)
(0,0,0)
(0,0,0)
(0,0,0)
(0,0,0)
(0,0,0)
(0,0,0)
(0,0,0)
(0,0,0)
(0,0,0)
(0,0,0)
(0,0,0)
(0,0,0)
(0,0,0)
(0,0,0)
(0,0,0)
(0,0,0)
(0,0,0)
(0,0,0)
(0,0,0)
(0,0,0)
(0,0,0)
(0,0,0)
(0,0,0)
(0,0,0)
(0,0,0)
(0,0,0)
(0,0,0)
(0,0,0)
(0,0,0)
(0,0,0)
(0,0,0)
(0,0,0)
(0,0,0)
(0,0,0)
(0,0,0)
(0,0,0)
(0,0,0)
(0,0,0)
(0,0,0)
(0,0,0)
(0,0,0)
(0,0,0)
(0,0,0)
(0,0,0)
(0,0,0)
(0,0,0)
(0,0,0)
(0,0,0)
(0,0,0)
(0,0,0)
(0,0,0)
(0,0,0)
(0,0,0)
(0,0,0)
(0,0,0)
(0,0,0)
(0,0,0)
(0,0,0)
(0,0,0)
(0,0,0)
(0,0,0)
(0,0,0)
(0,0,0)
(0,0,0)
(0,0,0)
(0,0,0)
(0,0,0)
(0,0,0)
(0,0,0)
(0,0,0)
(0,0,0)
(0,0,0)
(0,0,0)
(0,0,0)
(0,0,0)
(0,0,0)
(0,0,0)
(0,0,0)
(0,0,0)
(0,0,0)
(0,0,0)
(0,0,0)
(0,0,0)
(0,0,0)
(0,0,0)
(0,0,0)
(0,0,0)
(0,0,0)
(0,0,0)
(0,0,0)
(0,0,0)
(0,0,0)
(0,0,0)
(0,0,0)
(0,0,0)
(0,0,0)
(0,0,0)
(0,0,0)
(0,0,0)
(0,0,0)
(0,0,0)
(0,0,0)
(0,0,0)
(0,0,0)
(0,0,0)
(0,0,0)
(0,0,0)
(0,0,0)
(0,0,0)
(0,0,0)
(0,0,0)
(0,0,0)
(0,0,0)
(0,0,0)
(0,0,0)
(0,0,0)
(0,0,0)
(0,0,0)
(0,0,0)
(0,0,0)
(0,0,0)
(0,0,0)
(0,0,0)
(0,0,0)
(0,0,0)
(0,0,0)
(0,0,0)
(0,0,0)
(0,0,0)
(0,0,0)
(0,0,0)
(0,0,0)
(0,0,0)
(0,0,0)
(0,0,0)
(0,0,0)
(0,0,0)
(0,0,0)
(0,0,0)
(0,0,0)
(0,0,0)
(0,0,0)
(0,0,0)
(0,0,0)
(0,0,0)
(0,0,0)
(0,0,0)
(0,0,0)
(0,0,0)
(0,0,0)
(0,0,0)
(0,0,0)
(0,0,0)
(0,0,0)
(0,0,0)
(0,0,0)
(0,0,0)
(0,0,0)
(0,0,0)
(0,0,0)
(0,0,0)
(0,0,0)
(0,0,0)
(0,0,0)
(0,0,0)
(0,0,0)
(0,0,0)
(0,0,0)
(0,0,0)
(0,0,0)
(0,0,0)
(0,0,0)
(0,0,0)
(0,0,0)
(0,0,0)
(0,0,0)
(0,0,0)
(0,0,0)
(0,0,0)
(0,0,0)
(0,0,0)
(0,0,0)
(0,0,0)
(0,0,0)
(0,0,0)
(0,0,0)
(0,0,0)
(0,0,0)
(0,0,0)
(0,0,0)
(0,0,0)
(0,0,0)
(0,0,0)
(0,0,0)
(0,0,0)
(0,0,0)
(0,0,0)
(0,0,0)
(0,0,0)
(0,0,0)
(0,0,0)
(0,0,0)
(0,0,0)
(0,0,0)
(0,0,0)
(0,0,0)
(0,0,0)
(0,0,0)
(0,0,0)
(0,0,0)
(0,0,0)
(0,0,0)
(0,0,0)
(0,0,0)
(0,0,0)
(0,0,0)
(0,0,0)
(0,0,0)
(0,0,0)
(0,0,0)
(0,0,0)
(0,0,0)
(0,0,0)
(0,0,0)
(0,0,0)
(0,0,0)
(0,0,0)
(0,0,0)
(0,0,0)
(0,0,0)
(0,0,0)
(0,0,0)
(0,0,0)
(0,0,0)
(0,0,0)
(0,0,0)
(0,0,0)
(0,0,0)
(0,0,0)
(0,0,0)
(0,0,0)
(0,0,0)
(0,0,0)
(0,0,0)
(0,0,0)
(0,0,0)
(0,0,0)
(0,0,0)
(0,0,0)
(0,0,0)
(0,0,0)
(0,0,0)
(0,0,0)
(0,0,0)
(0,0,0)
(0,0,0)
(0,0,0)
(0,0,0)
(0,0,0)
(0,0,0)
(0,0,0)
(0,0,0)
(0,0,0)
(0,0,0)
(0,0,0)
(0,0,0)
(0,0,0)
(0,0,0)
(0,0,0)
(0,0,0)
(0,0,0)
(0,0,0)
(0,0,0)
(0,0,0)
(0,0,0)
(0,0,0)
(0,0,0)
(0,0,0)
(0,0,0)
(0,0,0)
(0,0,0)
(0,0,0)
(0,0,0)
(0,0,0)
(0,0,0)
(0,0,0)
(0,0,0)
(0,0,0)
(0,0,0)
(0,0,0)
(0,0,0)
(0,0,0)
(0,0,0)
(0,0,0)
(0,0,0)
(0,0,0)
(0,0,0)
(0,0,0)
(0,0,0)
(0,0,0)
(0,0,0)
(0,0,0)
(0,0,0)
(0,0,0)
(0,0,0)
(0,0,0)
(0,0,0)
(0,0,0)
(0,0,0)
(0,0,0)
(0,0,0)
(0,0,0)
(0,0,0)
(0,0,0)
(0,0,0)
(0,0,0)
(0,0,0)
(0,0,0)
(0,0,0)
(0,0,0)
(0,0,0)
(0,0,0)
(0,0,0)
(0,0,0)
(0,0,0)
(0,0,0)
(0,0,0)
(0,0,0)
(0,0,0)
(0,0,0)
(0,0,0)
(0,0,0)
(0,0,0)
(0,0,0)
(0,0,0)
(0,0,0)
(0,0,0)
(0,0,0)
(0,0,0)
(0,0,0)
(0,0,0)
(0,0,0)
(-50.109299949568,36.6280120212826,13.4812879267048)
(-47.9541161771296,59.2231506937366,2.21225341024501)
(-10.5337382708117,34.7093568105135,-21.9633651292348)
(14.0361145832558,-2.33848881759842,-33.6609908893171)
(-6.56181087489981,-18.4064286282207,-8.69275137637026)
(-76.0920509475351,-27.080934602316,94.480234164602)
(-251.106610459641,-62.5747176810567,408.161562329509)
(-674.155110309906,-83.1038641856322,1165.42053686504)
(-1357.9166348104,-41.4089278917261,2564.74609953808)
(-2063.37199612057,-0.994292490695208,4629.112388179)
(0,0,0)
(0,0,0)
(0,0,0)
(0,0,0)
(0,0,0)
(0,0,0)
(-53.6673658705771,31.0369564977729,59.2584213923692)
(-30.6799099294895,63.6031145748792,85.5583674457141)
(28.1268963509322,39.9825379603895,52.1582899409688)
(25.9561318844846,-11.5027067131899,35.3663759585119)
(-19.0857220084362,-32.3742145497764,68.4198838779458)
(-99.429704347246,-47.0675660037752,187.836219625201)
(-281.349204896186,-103.019946363469,509.630653203367)
(-691.33131837468,-127.898028439151,1245.75613575518)
(-1389.46822592717,-82.0120872576793,2675.82752109551)
(-2093.13800935388,-31.7713656467304,4799.74260354048)
(0,0,0)
(0,0,0)
(0,0,0)
(0,0,0)
(0,0,0)
(0,0,0)
(-27.8364293563954,7.49078850945879,51.3825973443357)
(-11.8353042247106,32.1309113763519,94.6901047706207)
(59.1955101252425,-6.16038059430834,81.6375132047512)
(52.2836503148699,-75.1362528502602,92.9874090294666)
(-27.6529758361246,-75.8850583981962,164.151228702209)
(-128.167327713681,-90.0859742343973,335.336964645758)
(-322.235021217537,-117.485804469462,672.037843984596)
(-711.478165495086,-117.738711295549,1373.35669231112)
(-1398.29155833073,-112.192661373493,2801.82882477824)
(-2102.03093129686,-65.0473418646511,4937.13573235977)
(0,0,0)
(0,0,0)
(0,0,0)
(0,0,0)
(0,0,0)
(0,0,0)
(-70.1216661495666,39.392779368233,38.2196752922036)
(-59.7980579925326,27.8581157742469,102.290528888968)
(0.976298184878554,-16.0236467347453,111.177496837523)
(-4.07162321268465,-83.490328023391,123.60319521487)
(-83.2180418184957,-95.7977146416252,226.733893283961)
(-189.361043132939,-101.655434390451,427.664396576932)
(-387.369297073083,-101.076564013799,798.6244531892)
(-758.13139780117,-78.5958816835416,1517.61302131381)
(-1419.6279939529,-91.6289314970108,2916.67728535538)
(-2112.39162146494,-47.9769728403681,5011.99853792468)
(0,0,0)
(0,0,0)
(0,0,0)
(0,0,0)
(0,0,0)
(0,0,0)
(-112.156715859264,42.9136078341299,108.635887389567)
(-105.820165475977,35.3909305350612,206.923238101448)
(-56.132140571467,16.7335979172391,230.298134022784)
(-65.3791874046883,-19.2469562280995,231.433949630665)
(-150.282468519933,-26.8210441818683,312.739747692185)
(-245.857276249813,-35.7103459169465,492.6519354467)
(-422.668774109521,-52.3903958909471,866.634541433545)
(-785.107508432856,-40.0076392352914,1613.15380742848)
(-1420.94834557033,-56.8879427692801,2999.36116435406)
(-2097.26725194616,-39.9272570649673,5088.57870050258)
(0,0,0)
(0,0,0)
(0,0,0)
(0,0,0)
(0,0,0)
(0,0,0)
(-190.580009720339,117.17934542446,116.314272132794)
(-166.330079275169,132.011122191817,186.024159746716)
(-141.875890710138,141.521531303206,203.112117071587)
(-175.484557039898,133.396730193462,225.952987688034)
(-258.619523470271,125.270999893283,332.480467088429)
(-323.781093221935,114.755924969532,505.795289442767)
(-463.093065359097,78.6418303884004,837.856128534254)
(-804.45181191082,49.2783837666817,1553.02191744352)
(-1420.96239454725,6.24786856496465,2910.84850072836)
(-2096.83297690696,-19.8061933351196,4987.56041374386)
(0,0,0)
(0,0,0)
(0,0,0)
(0,0,0)
(0,0,0)
(0,0,0)
(-341.993446855684,343.536411159729,115.636381119534)
(-321.718208063607,401.446806646956,167.918904738456)
(-334.379086270389,454.361486871059,189.458035446607)
(-370.953741951384,491.150220466894,202.658287127655)
(-430.773142099671,470.229299535685,288.473129580699)
(-472.244376246373,416.029572772251,459.443858019089)
(-581.260931404617,342.684143072883,776.662476750025)
(-904.160108202697,286.127561044903,1443.97340767969)
(-1484.41188286234,192.754782180386,2741.87837687143)
(-2132.29525952983,90.2407229409004,4764.1267202349)
(0,0,0)
(0,0,0)
(0,0,0)
(0,0,0)
(0,0,0)
(0,0,0)
(-721.142127327272,1005.92161932426,58.756919162646)
(-705.57310946212,1068.67919403429,97.09764124281)
(-737.391831150639,1146.41655499226,142.43440428703)
(-765.09826121572,1219.67634234731,179.006543609998)
(-808.492041306417,1201.47182561032,256.256058835511)
(-840.77595855107,1101.91184838443,411.149741756476)
(-908.408478540644,971.783129372796,690.459233977558)
(-1201.70528743518,869.79710180428,1308.49498067399)
(-1717.41563160379,689.68827430517,2528.97712015143)
(-2280.5655892729,398.857376961522,4500.92605534344)
(0,0,0)
(0,0,0)
(0,0,0)
(0,0,0)
(0,0,0)
(0,0,0)
(-1372.72246992436,2362.75352002931,15.8905691875099)
(-1368.80133830766,2403.40873020005,49.9623713477122)
(-1400.16409262104,2494.87071396113,101.672304955167)
(-1424.44336975276,2598.2523668045,147.539650237171)
(-1447.738881418,2590.62754170208,206.122815560004)
(-1462.17525095086,2464.33150106327,305.878413835244)
(-1513.57858560573,2285.37263329424,505.867495529116)
(-1739.0675440051,2119.14734270884,995.584798632368)
(-2132.9099891188,1774.19965222767,2043.98340975116)
(-2510.90371303375,1097.24335164892,3856.5011481085)
(0,0,0)
(0,0,0)
(0,0,0)
(0,0,0)
(0,0,0)
(0,0,0)
(-2041.75406479467,4409.51292504614,-5.00534019477651)
(-2057.24972942637,4429.17724682507,26.4758726106614)
(-2095.70570965151,4546.2785466238,70.7737496281268)
(-2127.72425991126,4667.98069205169,128.769684328709)
(-2137.28994986393,4686.99417051889,169.693005412028)
(-2139.57184819634,4557.80325106932,215.79310358976)
(-2180.24412972911,4360.15598102719,321.253885580069)
(-2293.54057701944,4154.98303439086,578.958770876757)
(-2504.66734070406,3603.84260462343,1253.9831591407)
(-2615.32149131312,2399.05915520527,2567.48884692608)
(0,0,0)
(0,0,0)
(0,0,0)
(0,0,0)
(0,0,0)
(0,0,0)
(0,0,0)
(0,0,0)
(0,0,0)
(0,0,0)
(0,0,0)
(0,0,0)
(0,0,0)
(0,0,0)
(0,0,0)
(0,0,0)
(0,0,0)
(0,0,0)
(0,0,0)
(0,0,0)
(0,0,0)
(0,0,0)
(0,0,0)
(0,0,0)
(0,0,0)
(0,0,0)
(0,0,0)
(0,0,0)
(0,0,0)
(0,0,0)
(0,0,0)
(0,0,0)
(0,0,0)
(0,0,0)
(0,0,0)
(0,0,0)
(0,0,0)
(0,0,0)
(0,0,0)
(0,0,0)
(0,0,0)
(0,0,0)
(0,0,0)
(0,0,0)
(0,0,0)
(0,0,0)
(0,0,0)
(0,0,0)
(0,0,0)
(0,0,0)
(0,0,0)
(0,0,0)
(0,0,0)
(0,0,0)
(0,0,0)
(0,0,0)
(0,0,0)
(0,0,0)
(0,0,0)
(0,0,0)
(0,0,0)
(0,0,0)
(0,0,0)
(0,0,0)
(0,0,0)
(0,0,0)
(0,0,0)
(0,0,0)
(0,0,0)
(0,0,0)
(0,0,0)
(0,0,0)
(0,0,0)
(0,0,0)
(0,0,0)
(0,0,0)
(0,0,0)
(0,0,0)
(0,0,0)
(0,0,0)
(0,0,0)
(0,0,0)
(0,0,0)
(0,0,0)
(0,0,0)
(0,0,0)
(0,0,0)
(0,0,0)
(0,0,0)
(0,0,0)
(0,0,0)
(0,0,0)
(0,0,0)
(0,0,0)
(0,0,0)
(0,0,0)
(0,0,0)
(0,0,0)
(0,0,0)
(0,0,0)
(0,0,0)
(0,0,0)
(21849.3208387998,28.8952598075435,-33.6679488275834)
(21857.465936594,33.5059004828439,-77.936452290725)
(21909.4998949985,-0.193218178939295,-103.119417716515)
(21965.3051753357,-33.1374498206202,-126.593578939149)
(21907.5392521296,-40.0679896783849,-105.969202514686)
(21781.8823989112,-40.0007033472292,-29.2854994204378)
(21466.8900119394,-65.200042957101,212.575370789478)
(20737.1019542734,-73.7539107316562,769.729666678618)
(19117.32980622,-37.9459249392233,2227.0866003545)
(14782.5279977578,-6.56609036372607,7282.41014656395)
(0,0,0)
(0,0,0)
(0,0,0)
(0,0,0)
(0,0,0)
(0,0,0)
(21857.6223795729,37.0262933382873,-24.7633292161791)
(21887.2697650659,25.7590997898517,-40.3087537309601)
(21953.9213979439,-16.3813372826365,-55.2576865175304)
(21961.3579739149,-70.6715511371678,-58.4679775141333)
(21892.973973159,-79.5968585215582,-36.341354080757)
(21753.1361723635,-77.6243754779176,43.3738911392642)
(21427.3385741062,-115.56240611587,279.705925094022)
(20701.9885018746,-128.695935329378,835.985579201851)
(19075.1719880031,-91.9903234838089,2320.04721335062)
(14745.8376971043,-50.87961197497,7420.04247817745)
(0,0,0)
(0,0,0)
(0,0,0)
(0,0,0)
(0,0,0)
(0,0,0)
(21886.9180930905,24.3798897136227,-7.45066914218693)
(21910.4533445149,2.58028965851854,-11.9030580092434)
(21978.3496585024,-42.4147615990314,-10.3663322439191)
(21958.487425874,-106.854272194856,14.2700630526114)
(21857.649291904,-109.291327126868,53.3197136687217)
(21696.3968362559,-119.352838001354,165.141461983841)
(21360.2409534047,-148.965014474151,410.725545512604)
(20659.3752576003,-143.915169254617,949.748806195504)
(19054.9666275639,-122.780291369682,2421.9380378651)
(14717.2230483104,-76.0792257091731,7522.54112178007)
(0,0,0)
(0,0,0)
(0,0,0)
(0,0,0)
(0,0,0)
(0,0,0)
(21845.2505725563,4.33380059845135,-0.668699859310363)
(21853.6535034032,-24.2216775792356,7.33915576254323)
(21897.0347839218,-54.8980535542963,18.4214117207413)
(21870.0125882766,-112.43935230135,44.5797300983722)
(21772.3227510678,-129.854250563216,104.259310450725)
(21597.4522358519,-152.419173011364,245.16981627045)
(21232.6771946431,-166.434145438525,537.249905300846)
(20566.2429347833,-125.162072421598,1088.77992562248)
(19027.3197861813,-104.348405648257,2518.05770939189)
(14702.9939584621,-59.7071366127219,7580.95749023245)
(0,0,0)
(0,0,0)
(0,0,0)
(0,0,0)
(0,0,0)
(0,0,0)
(21759.5879107957,-25.5470892425351,52.7937129064617)
(21765.8447714758,-44.7850696491243,96.3496177336618)
(21798.244930567,-37.9653303240779,119.697273183901)
(21756.2466921447,-53.0565991077739,133.346090151852)
(21644.6195204385,-71.0529941257993,174.300294579044)
(21471.6590560082,-98.7473938347971,297.769632925099)
(21101.8326218401,-112.000831716706,613.492373015982)
(20484.3365824645,-75.9752992213128,1189.51895873602)
(19033.3331037184,-66.0281885548062,2591.57474198369)
(14737.6574426182,-49.6259704044357,7641.22633093569)
(0,0,0)
(0,0,0)
(0,0,0)
(0,0,0)
(0,0,0)
(0,0,0)
(21622.0462964408,5.54970545585301,50.9343488502889)
(21652.9719529275,-3.76212288581531,85.2668196708105)
(21658.3458929099,32.6361914529039,109.10096399311)
(21584.1823138866,49.0736323218356,141.961311500505)
(21474.2495077619,26.8999924976875,205.796743417999)
(21348.8009321304,-0.805198164830171,329.929972109455)
(21056.0208456581,-12.8392653659949,606.31194451758)
(20484.6846856555,-6.32063656438579,1142.17823392533)
(19038.3504025958,-19.8079892061743,2531.30268718631)
(14748.3017851648,-40.9910167348254,7572.19042112237)
(0,0,0)
(0,0,0)
(0,0,0)
(0,0,0)
(0,0,0)
(0,0,0)
(21358.7230034772,147.49313846432,51.9975664079986)
(21377.5370572149,174.772954839517,68.8646731832)
(21339.1411842259,231.218283992596,91.4197600178845)
(21268.6948107162,274.974569515027,120.527719898821)
(21186.9276378411,242.627902818142,181.756479417818)
(21108.7920313863,183.449912043994,311.122411254052)
(20908.2179456156,138.479642268239,564.982076282305)
(20388.5061431891,108.431622816494,1052.2210153137)
(18951.1348486353,71.0349940869066,2420.48875007342)
(14690.8878453559,14.8654255358972,7436.10665278083)
(0,0,0)
(0,0,0)
(0,0,0)
(0,0,0)
(0,0,0)
(0,0,0)
(20696.6958220619,586.345954308641,37.9666845538052)
(20697.4900859474,651.19237473217,53.1415190123544)
(20630.123245556,725.926256861401,85.5759191841258)
(20574.7259811087,791.354347811985,124.029348334598)
(20518.7581107197,743.743955166677,190.320593561571)
(20478.0452385531,649.713254972026,299.893503389693)
(20389.862112677,549.622103166138,485.137900967253)
(19873.7886501667,482.180211119088,930.552824689747)
(18514.5424848586,390.398781300676,2273.88837069498)
(14413.1664720154,228.592175079065,7261.08700960826)
(0,0,0)
(0,0,0)
(0,0,0)
(0,0,0)
(0,0,0)
(0,0,0)
(19125.2372446994,1964.45867648704,18.5850130008041)
(19112.0031883963,2054.25095789773,29.3793529493556)
(19051.8407537102,2134.08819437597,63.8700188501561)
(19013.5335260784,2213.38158853956,98.5233319984424)
(18985.2513785799,2156.81832319873,147.116153689464)
(18970.6296168093,2039.03588539963,219.646105234289)
(18910.2662657036,1902.77301303936,337.3077938609)
(18489.3237417749,1785.43219152556,700.32197747589)
(17324.4503144446,1584.74366126429,1943.27424369231)
(13652.5442764811,1111.57823685211,6791.49764210422)
(0,0,0)
(0,0,0)
(0,0,0)
(0,0,0)
(0,0,0)
(0,0,0)
(14809.6633690693,7005.00849292226,2.69019936014045)
(14789.1957719215,7093.19170443325,11.9614011521903)
(14735.4225723726,7174.35019593294,35.2285673392167)
(14697.2033174499,7244.42467581129,73.9153525733904)
(14682.5519733237,7190.72414158168,114.825060822806)
(14679.2873164113,7080.51774200061,149.141489402931)
(14625.8903405902,6929.97211124963,210.465370642462)
(14392.6954263421,6788.35648846808,415.962520160507)
(13653.0968818502,6419.99496026247,1317.60444837422)
(11067.8912915074,5207.55340469167,5433.07394733651)
(0,0,0)
(0,0,0)
(0,0,0)
(0,0,0)
(0,0,0)
(0,0,0)
(0,0,0)
(0,0,0)
(0,0,0)
(0,0,0)
(0,0,0)
(0,0,0)
(0,0,0)
(0,0,0)
(0,0,0)
(0,0,0)
(0,0,0)
(0,0,0)
(0,0,0)
(0,0,0)
(0,0,0)
(0,0,0)
(0,0,0)
(0,0,0)
(0,0,0)
(0,0,0)
(0,0,0)
(0,0,0)
(0,0,0)
(0,0,0)
(0,0,0)
(0,0,0)
(0,0,0)
(0,0,0)
(0,0,0)
(0,0,0)
(0,0,0)
(0,0,0)
(0,0,0)
(0,0,0)
(0,0,0)
(0,0,0)
(0,0,0)
(0,0,0)
(0,0,0)
(0,0,0)
(0,0,0)
(0,0,0)
(0,0,0)
(0,0,0)
(0,0,0)
(0,0,0)
(0,0,0)
(0,0,0)
(0,0,0)
(0,0,0)
(0,0,0)
(0,0,0)
(0,0,0)
(0,0,0)
(0,0,0)
(0,0,0)
(0,0,0)
(0,0,0)
(0,0,0)
(0,0,0)
(0,0,0)
(0,0,0)
(0,0,0)
(0,0,0)
(0,0,0)
(0,0,0)
(0,0,0)
(0,0,0)
(0,0,0)
(0,0,0)
(0,0,0)
(0,0,0)
(0,0,0)
(0,0,0)
(0,0,0)
(0,0,0)
(0,0,0)
(0,0,0)
(0,0,0)
(0,0,0)
(0,0,0)
(0,0,0)
(0,0,0)
(0,0,0)
(0,0,0)
(0,0,0)
(0,0,0)
(0,0,0)
(0,0,0)
(0,0,0)
(0,0,0)
(0,0,0)
(0,0,0)
(0,0,0)
(0,0,0)
(0,0,0)
(41.143606197497,6.17038640398941,-92.6506035297902)
(42.8305062908161,1.79226680421985,-174.464889826193)
(101.487743806504,-28.8654187151177,-232.244769582924)
(173.263565599309,-54.8141977478235,-280.046411807514)
(114.501990803064,-68.1532779563707,-313.513322270441)
(-49.0625866735384,-82.5436361777815,-294.68215012431)
(-360.852990151951,-114.148115693224,-247.448482026204)
(-873.513454482917,-99.7582411256369,-431.732281875678)
(-1651.02815837393,-47.6912119861305,-1510.34055509404)
(-2345.05650474902,-6.00609209167057,-6271.40741007348)
(0,0,0)
(0,0,0)
(0,0,0)
(0,0,0)
(0,0,0)
(0,0,0)
(52.9805931749067,18.7212432140515,-102.566520170555)
(66.1537046856576,-15.4795333005829,-158.836109475267)
(125.753294323454,-61.0830383844632,-193.107835889648)
(152.20319555535,-118.666284700326,-214.758420297033)
(81.8164059708715,-138.959094204306,-227.452486611567)
(-101.881132010983,-143.777854380304,-205.85841383076)
(-425.549853643712,-182.550912495828,-179.224639056587)
(-941.979273327904,-166.338246898006,-363.334307859775)
(-1702.06507748039,-95.8468139674031,-1432.59908995762)
(-2370.97567209821,-35.5088472295112,-6180.94041528954)
(0,0,0)
(0,0,0)
(0,0,0)
(0,0,0)
(0,0,0)
(0,0,0)
(62.7944507668183,16.0910132541162,-67.903577394426)
(76.9595617542629,-36.7093080607342,-107.837469617043)
(121.859276268195,-82.322451360768,-124.765124237459)
(102.943887357089,-155.543177349715,-127.002142864061)
(-1.16737802830503,-175.74003611148,-126.061980783113)
(-200.174625615247,-182.596900360606,-85.3289226970408)
(-527.531857761438,-225.384036874367,-49.3804369386924)
(-1013.57819245735,-199.980339185585,-237.442344461831)
(-1727.22523371503,-119.844921294317,-1325.90982549757)
(-2398.00567692922,-47.2319866217191,-6093.61541062887)
(0,0,0)
(0,0,0)
(0,0,0)
(0,0,0)
(0,0,0)
(0,0,0)
(37.552927550423,-31.0050681491601,-39.8637233235334)
(31.3130405970732,-80.5253835681401,-68.3646347877757)
(34.1181846362995,-106.399982172275,-76.0279544291733)
(-11.5127088581765,-161.813244963305,-82.8900394449959)
(-112.76150526412,-190.468171142212,-77.7350978777893)
(-317.014649102469,-213.456036725611,-27.0665263384936)
(-729.548086593391,-260.786500550896,75.9037687955159)
(-1155.03557580078,-200.949452182945,-96.5060573362597)
(-1743.06302911594,-98.7219618670417,-1241.90365113979)
(-2409.50993218822,-37.3695709701799,-6033.91962596907)
(0,0,0)
(0,0,0)
(0,0,0)
(0,0,0)
(0,0,0)
(0,0,0)
(-60.4849770189987,-94.6481329112862,-10.9414971507818)
(-65.037649737491,-143.531079244629,-11.7108299743732)
(-70.6924628840355,-139.689446614558,-4.14142190563568)
(-145.559592842795,-144.160794283634,-14.6450373093901)
(-260.894879853329,-160.621210447533,-33.6350475304607)
(-469.165726359448,-165.40999886915,-35.5137527956053)
(-1117.36811782373,-120.826197224614,149.069233751789)
(-1413.36471199069,-66.5761785524187,17.7398048031335)
(-1674.20559729988,-62.5888849343367,-1205.51202077837)
(-2353.21856200426,-47.9317371262405,-5998.73129960596)
(0,0,0)
(0,0,0)
(0,0,0)
(0,0,0)
(0,0,0)
(0,0,0)
(-186.193808850852,-169.645550452462,-11.4199268718034)
(-186.657204615888,-203.221627890993,-6.75767046108092)
(-219.336080022034,-173.118815302193,9.69622143642452)
(-316.031805684126,-148.089024097591,19.1811209588753)
(-420.677826852393,-162.481094068044,21.3108894257272)
(-552.216445007658,-163.814091401159,26.0749093858033)
(-996.961068488788,-97.4024171138797,160.975593632398)
(-1259.1347015114,-39.8111985955737,-16.6274488482699)
(-1635.74170449142,-64.732735869569,-1235.04894061254)
(-2316.43912233232,-79.5898071403099,-6033.30741271629)
(0,0,0)
(0,0,0)
(0,0,0)
(0,0,0)
(0,0,0)
(0,0,0)
(-431.206025894608,-274.614099582561,0.240128739848965)
(-449.810346936009,-269.498926313552,-0.792618459988289)
(-508.404937619772,-233.041360428528,12.0185986221603)
(-588.909074574299,-202.031585984553,28.9075960584676)
(-665.682991310071,-222.063307105742,46.4429884789714)
(-720.176972298282,-245.905373401884,62.8458244970923)
(-940.469056865631,-205.503368559116,124.97632875906)
(-1032.24093734043,-246.941086769231,-141.804152316018)
(-1607.18296353265,-237.444428380099,-1305.43209719257)
(-2346.14810425431,-168.902715726171,-6073.74068888573)
(0,0,0)
(0,0,0)
(0,0,0)
(0,0,0)
(0,0,0)
(0,0,0)
(-899.474963969363,-585.173143465316,12.0723801314429)
(-933.880099588786,-538.73655672161,18.0227463128687)
(-1013.82759257972,-492.160808840054,26.4355831113769)
(-1076.5841918613,-471.234420037413,52.2911403606078)
(-1125.94526460201,-525.868222665656,106.141981637091)
(-1101.97541778362,-597.171289453908,142.771104188268)
(-909.04153013787,-661.971934721955,3.48586347581602)
(-1339.51946988999,-656.583528485426,-268.221024444921)
(-1952.15018879097,-582.795327967586,-1350.83490083278)
(-2529.54080879257,-386.222165813592,-6085.46561962718)
(0,0,0)
(0,0,0)
(0,0,0)
(0,0,0)
(0,0,0)
(0,0,0)
(-1639.72409529563,-1720.63505121823,5.7657979395448)
(-1679.60205189292,-1639.58966884589,3.56670053371585)
(-1755.92272095627,-1604.12260383285,28.6345204599558)
(-1792.29684898708,-1587.55973997685,56.1327657532395)
(-1813.36675654332,-1657.77673190329,92.0019603996649)
(-1773.99145890515,-1759.39783734541,104.192134244032)
(-1640.75445742105,-1849.91503581988,-51.5014913292752)
(-1987.54706975148,-1816.4202296166,-309.451428490613)
(-2491.42524342307,-1651.63278135328,-1319.39586696616)
(-2823.20066942774,-1179.95441032467,-5944.57612628664)
(0,0,0)
(0,0,0)
(0,0,0)
(0,0,0)
(0,0,0)
(0,0,0)
(-2310.17121693899,-6493.45814447594,-1.9997704461444)
(-2342.74201279187,-6403.60679642226,-0.702307944501397)
(-2395.36792772261,-6387.76360069726,19.0717392863165)
(-2421.99893500333,-6383.17154866678,39.2283505504117)
(-2432.95768318932,-6460.47100369936,62.7748291172233)
(-2418.65952402159,-6550.25434359995,56.9207260257701)
(-2402.29475631826,-6631.97458930436,-27.4920732828676)
(-2548.97319932219,-6573.09788385781,-223.803243238816)
(-2819.1949997954,-6294.6167058406,-1003.18488688885)
(-2859.60370945162,-5173.74340877258,-4976.55833718938)
(0,0,0)
(0,0,0)
(0,0,0)
(0,0,0)
(0,0,0)
(0,0,0)
(0,0,0)
(0,0,0)
(0,0,0)
(0,0,0)
(0,0,0)
(0,0,0)
(0,0,0)
(0,0,0)
(0,0,0)
(0,0,0)
(0,0,0)
(0,0,0)
(0,0,0)
(0,0,0)
(0,0,0)
(0,0,0)
(0,0,0)
(0,0,0)
(0,0,0)
(0,0,0)
(0,0,0)
(0,0,0)
(0,0,0)
(0,0,0)
(0,0,0)
(0,0,0)
(0,0,0)
(0,0,0)
(0,0,0)
(0,0,0)
(0,0,0)
(0,0,0)
(0,0,0)
(0,0,0)
(0,0,0)
(0,0,0)
(0,0,0)
(0,0,0)
(0,0,0)
(0,0,0)
(0,0,0)
(0,0,0)
(0,0,0)
(0,0,0)
(0,0,0)
(0,0,0)
(0,0,0)
(0,0,0)
(0,0,0)
(0,0,0)
(0,0,0)
(0,0,0)
(0,0,0)
(0,0,0)
(0,0,0)
(0,0,0)
(0,0,0)
(0,0,0)
(0,0,0)
(0,0,0)
(0,0,0)
(0,0,0)
(0,0,0)
(0,0,0)
(0,0,0)
(0,0,0)
(0,0,0)
(0,0,0)
(0,0,0)
(0,0,0)
(0,0,0)
(0,0,0)
(0,0,0)
(0,0,0)
(0,0,0)
(0,0,0)
(0,0,0)
(0,0,0)
(0,0,0)
(0,0,0)
(0,0,0)
(0,0,0)
(0,0,0)
(0,0,0)
(0,0,0)
(0,0,0)
(0,0,0)
(0,0,0)
(0,0,0)
(0,0,0)
(0,0,0)
(0,0,0)
(0,0,0)
(0,0,0)
(0,0,0)
(0,0,0)
(210.336457167081,-36.2869896813121,-132.905861287799)
(203.621438250438,-42.9772275842574,-250.719565658682)
(251.070325239321,-62.3212513900955,-337.980895699981)
(308.163209473333,-77.5239471024106,-395.356592475241)
(270.562634097797,-80.0803041072819,-471.336931661099)
(95.215606228438,-91.3102968759926,-524.304827684209)
(-175.97339944876,-122.106841770275,-587.077576614821)
(-485.419456951551,-99.1691909893847,-876.002383163974)
(-818.62060332723,-37.7412150516398,-1670.66872313231)
(-858.579762097606,-0.339531292485115,-3156.80593447356)
(0,0,0)
(0,0,0)
(0,0,0)
(0,0,0)
(0,0,0)
(0,0,0)
(221.955595220018,-74.762525965519,-130.499465762293)
(231.924355630202,-101.10583102884,-238.141513261085)
(267.308527810109,-129.666363284115,-312.351634850456)
(283.469250847491,-165.741941838351,-355.399695410972)
(219.639860950382,-176.925602924543,-396.37785157022)
(28.7190673673464,-191.885136119789,-426.403211697597)
(-242.74061545467,-239.094096616207,-492.22519503387)
(-543.337604581071,-196.206570372717,-793.829484394914)
(-848.096250798567,-81.7731839092483,-1603.76634221287)
(-868.084918659143,-11.0152205774967,-3095.98140642018)
(0,0,0)
(0,0,0)
(0,0,0)
(0,0,0)
(0,0,0)
(0,0,0)
(210.428807559099,-109.553619671942,-112.843263081975)
(230.522377987941,-153.159065324351,-214.352845024241)
(227.820972809772,-175.879670757446,-274.101234093769)
(194.674736412759,-224.603338147824,-306.970686836542)
(89.1123350020157,-239.813158246641,-334.362844546673)
(-110.317734375361,-267.297229394411,-348.8076425244)
(-380.20671580725,-381.929669346689,-353.297211746313)
(-611.801682733313,-300.365963610218,-650.914328243505)
(-844.22131871816,-96.2043445860491,-1519.48708254869)
(-868.203302417656,-10.5753957326642,-3049.72928190823)
(0,0,0)
(0,0,0)
(0,0,0)
(0,0,0)
(0,0,0)
(0,0,0)
(181.996123041313,-160.310789287435,-93.6860258681619)
(172.747653942596,-204.134387142614,-184.145317390222)
(109.374301069542,-210.498729857621,-224.78237472094)
(47.959306590744,-234.885209302286,-273.972519016395)
(-42.1649237488229,-253.755946493485,-330.626312282606)
(-215.207114653257,-306.205907297785,-393.525168829798)
(-701.330605128271,-637.751236064824,-165.921083583296)
(-737.707057816129,-463.848690473872,-419.766874700474)
(-758.617044655401,-29.8139298315032,-1470.60327391876)
(-841.191892422361,7.71724205899263,-3057.21395149614)
(0,0,0)
(0,0,0)
(0,0,0)
(0,0,0)
(0,0,0)
(0,0,0)
(87.1444547119182,-217.37613864073,-90.5640823794269)
(60.8756299823011,-264.667089648544,-155.944659593586)
(-7.68163086644109,-262.62953015875,-166.824691308869)
(-86.6531517751715,-242.467088687732,-218.149252987862)
(-161.262986638115,-236.739715627009,-334.797377071788)
(-202.533244287252,-204.217678349091,-703.418088100313)
(2.93451914301279e-06,-1.88774232940488e-06,3.04985289509029e-07)
(-78.808164470595,81.5837560583052,-40.7359515247966)
(-192.826566557222,-36.8782715786351,-1515.0506405435)
(-714.898427610224,-37.5580962201738,-3108.09543668451)
(0,0,0)
(0,0,0)
(0,0,0)
(0,0,0)
(0,0,0)
(0,0,0)
(-29.9255943197525,-299.431552378024,-74.2128007913841)
(-81.2855328671776,-323.735376225671,-120.516185967036)
(-168.867486832157,-312.07625785704,-121.538051456031)
(-243.787118921835,-284.035465871237,-152.214361035207)
(-299.414235040324,-268.97292546285,-241.244743021383)
(-276.001592103399,-211.293235612449,-510.384038662186)
(3.18061663370172e-06,-1.48712487614532e-06,-1.84954684181586e-06)
(-206.585190218145,235.198444379954,-164.61744372149)
(-331.4429677274,11.9165085097174,-1517.7109605681)
(-674.036382532587,-74.887279106077,-3122.78451741974)
(0,0,0)
(0,0,0)
(0,0,0)
(0,0,0)
(0,0,0)
(0,0,0)
(-219.935945583496,-464.357496219871,-46.3441364642745)
(-270.93038449617,-464.435691597453,-84.523783543779)
(-359.371595309877,-452.982787736963,-92.650595961505)
(-426.980576717818,-441.248989044394,-97.3655706381442)
(-478.978503465521,-424.640752400347,-128.402231547261)
(-411.470513990353,-353.306106440599,-295.095819024997)
(1.15809859494391e-05,-6.38879992896949e-06,-3.99112117318741e-06)
(-439.494870422797,-376.837467987436,-556.17597364753)
(-18.473621285389,-458.331562334625,-1674.63724504273)
(-665.310491932372,-263.390116970097,-3166.97201950006)
(0,0,0)
(0,0,0)
(0,0,0)
(0,0,0)
(0,0,0)
(0,0,0)
(-502.801466036761,-829.695608879372,-31.3353852819423)
(-542.386133595598,-833.948808816525,-53.3162340615206)
(-626.442508869904,-831.508010216822,-62.1760952972401)
(-698.766740281586,-852.007120852187,-29.2354150743974)
(-748.617816236868,-893.631908786435,62.4282929353852)
(-711.31217147749,-933.922294914674,252.381235104701)
(-717.957418134762,-1088.8570641417,-444.484213769693)
(-360.483170284285,-1020.87021635449,-779.487765018378)
(-725.898804731193,-848.946451990392,-1615.12425942095)
(-848.331828687073,-482.640725277352,-3077.08263122002)
(0,0,0)
(0,0,0)
(0,0,0)
(0,0,0)
(0,0,0)
(0,0,0)
(-780.063573358357,-1661.52773055654,-27.8284002495006)
(-832.71918212748,-1659.58681415815,-49.0732646693461)
(-913.43738600581,-1695.37788910407,-27.6887207055376)
(-962.719886896797,-1732.78852458871,23.515720940771)
(-967.687250930911,-1822.52687438604,106.731180934703)
(-821.713498125407,-1964.29233794787,184.823263179397)
(39.12617150571,-2164.39740662171,-419.517023268502)
(-768.329859478897,-1946.56403974086,-713.040410147154)
(-1060.31736888123,-1587.23180351852,-1405.86293315476)
(-988.382981416194,-964.568481055275,-2758.75286539759)
(0,0,0)
(0,0,0)
(0,0,0)
(0,0,0)
(0,0,0)
(0,0,0)
(-792.564613709883,-3157.77827601026,-21.3560577660142)
(-841.402718547619,-3153.20298317411,-29.0791829923849)
(-896.834100918908,-3219.49098439472,-3.49991449788479)
(-928.634316800661,-3252.7197058997,23.0666486316397)
(-932.627303060563,-3345.65838329562,45.8677774203338)
(-890.46059495093,-3477.24602458243,30.6225349757526)
(-752.076580833224,-3576.72541747153,-207.267629639519)
(-884.632597465328,-3394.37777042069,-423.794500790371)
(-981.34319004511,-2941.46859979641,-907.409514260125)
(-841.391356506615,-1980.26582859467,-1909.92451966258)
(0,0,0)
(0,0,0)
(0,0,0)
(0,0,0)
(0,0,0)
(0,0,0)
(0,0,0)
(0,0,0)
(0,0,0)
(0,0,0)
(0,0,0)
(0,0,0)
(0,0,0)
(0,0,0)
(0,0,0)
(0,0,0)
(0,0,0)
(0,0,0)
(0,0,0)
(0,0,0)
(0,0,0)
(0,0,0)
(0,0,0)
(0,0,0)
(0,0,0)
(0,0,0)
(0,0,0)
(0,0,0)
(0,0,0)
(0,0,0)
(0,0,0)
(0,0,0)
(0,0,0)
(0,0,0)
(0,0,0)
(0,0,0)
(0,0,0)
(0,0,0)
(0,0,0)
(0,0,0)
(0,0,0)
(0,0,0)
(0,0,0)
(0,0,0)
(0,0,0)
(0,0,0)
(0,0,0)
(0,0,0)
(0,0,0)
(0,0,0)
(0,0,0)
(0,0,0)
(0,0,0)
(0,0,0)
(0,0,0)
(0,0,0)
(0,0,0)
(0,0,0)
(0,0,0)
(0,0,0)
(0,0,0)
(0,0,0)
(0,0,0)
(0,0,0)
(0,0,0)
(0,0,0)
(0,0,0)
(0,0,0)
(0,0,0)
(0,0,0)
(0,0,0)
(0,0,0)
(0,0,0)
(0,0,0)
(0,0,0)
(0,0,0)
(0,0,0)
(0,0,0)
(0,0,0)
(0,0,0)
(0,0,0)
(0,0,0)
(0,0,0)
(0,0,0)
(0,0,0)
(0,0,0)
(0,0,0)
(0,0,0)
(0,0,0)
(0,0,0)
(0,0,0)
(0,0,0)
(0,0,0)
(0,0,0)
(0,0,0)
(0,0,0)
(0,0,0)
(0,0,0)
(0,0,0)
(0,0,0)
(0,0,0)
(0,0,0)
(453.118355400831,-47.89095542085,-194.890942811731)
(441.442235015226,-81.7866611343255,-350.925078442659)
(437.063067102605,-90.4735869358437,-446.444233372137)
(438.183572630714,-80.7070890704502,-495.757507457915)
(409.520162556807,-63.1122010243303,-571.602834898026)
(262.260986311481,-74.5425631093956,-664.105651872778)
(0.103348352488702,-101.362314982013,-738.820084694959)
(-215.967932473014,-63.6010540776219,-944.670555093952)
(-381.98910696848,-6.76559030458834,-1374.53646115249)
(-349.059991030069,15.5748486050735,-1899.63108077594)
(0,0,0)
(0,0,0)
(0,0,0)
(0,0,0)
(0,0,0)
(0,0,0)
(456.307175436113,-119.571862134837,-162.670673505285)
(462.042902837743,-155.857031447623,-318.718850402793)
(438.888638669703,-156.102714474399,-424.669833724654)
(403.124466333414,-145.7665351529,-479.265603123989)
(353.409323878682,-139.914479050868,-536.232788029748)
(196.340184943058,-182.767137892053,-595.629330824697)
(-39.430549575413,-251.561272945031,-648.740438744768)
(-221.707030891797,-156.242098961976,-877.729967546209)
(-367.932531778954,-23.9278762414445,-1340.73140062915)
(-340.441921298811,24.3062397851249,-1877.10578915409)
(0,0,0)
(0,0,0)
(0,0,0)
(0,0,0)
(0,0,0)
(0,0,0)
(437.665852765793,-184.153799541167,-162.655107802884)
(438.377394166418,-210.85868898058,-315.50846644439)
(363.443598891148,-202.618840150264,-404.614966847514)
(290.293938798431,-206.256218259345,-439.744486124356)
(213.047193361274,-207.123210287772,-496.470613246617)
(69.0382892608918,-286.555697168629,-572.038077597779)
(-96.3868451515162,-636.965602387083,-470.453618810479)
(-194.666015298909,-328.90440001359,-714.926985196186)
(-327.681215774934,52.2844773666942,-1307.6794417657)
(-309.647821018769,57.9166155419841,-1899.84529893786)
(0,0,0)
(0,0,0)
(0,0,0)
(0,0,0)
(0,0,0)
(0,0,0)
(403.9521099553,-243.711982445559,-162.397804009943)
(365.895704531176,-264.021003738585,-302.383539845581)
(224.882966548915,-246.000677349498,-374.51036812261)
(130.093949391225,-225.990223302935,-436.911005881163)
(68.0323679811916,-200.565599024804,-553.665908881926)
(10.938339420318,-182.165683547176,-884.20137657745)
(3.81827341127721e-07,-3.97463165592316e-06,3.40711352075437e-06)
(118.238725214536,238.434309974892,-263.895764059879)
(-198.80011480148,555.084049203326,-1326.5122657446)
(-253.793806407082,135.774149235799,-1991.76788548379)
(0,0,0)
(0,0,0)
(0,0,0)
(0,0,0)
(0,0,0)
(0,0,0)
(301.510979179126,-292.096245113595,-165.982261795768)
(247.335001377314,-329.304871075408,-287.157765858828)
(112.14418625374,-318.50260700962,-334.481653319396)
(6.8681550472105,-257.35337671124,-396.63980673542)
(-62.3904554847883,-198.31702628518,-497.760910620494)
(-68.7580910901112,-147.378612803328,-666.323134547945)
(-6.55011313451345e-07,9.48369434621734e-09,-1.85996743289683e-07)
(4.60410329806254e-06,-3.69465703527536e-06,2.43026608316196e-07)
(33.3967863493133,-199.456669108805,-1818.66749723918)
(-191.777787884164,-34.044797912887,-2171.96918978655)
(0,0,0)
(0,0,0)
(0,0,0)
(0,0,0)
(0,0,0)
(0,0,0)
(174.931182493446,-371.157728941016,-125.795292986377)
(82.2218821123622,-390.598657239835,-228.008921800862)
(-53.0243625539407,-385.356160247608,-276.998492840928)
(-134.642425443821,-324.183415194666,-319.313147837336)
(-188.26051721829,-242.705400987493,-386.078490950054)
(-151.312892064368,-154.144496146547,-504.001307632786)
(-1.52787957140226e-07,3.4983200085924e-07,3.40079681661243e-06)
(2.64795551581772e-06,-3.52988426642635e-06,6.64609351838467e-07)
(185.712546305445,352.585001644981,-1618.01230262297)
(-143.528467362684,-31.2782480037242,-2151.28676771489)
(0,0,0)
(0,0,0)
(0,0,0)
(0,0,0)
(0,0,0)
(0,0,0)
(20.1739767573775,-512.323436614482,-98.9442146671452)
(-71.1644967218336,-510.661963985279,-178.646795686641)
(-202.219541427389,-504.062517462133,-217.092492360454)
(-278.626254630102,-470.246469020349,-219.383760620151)
(-313.676165634574,-393.2776144767,-234.113884963837)
(-235.189218788134,-274.478299148799,-290.061377172595)
(6.30860209286268e-07,6.89999476347141e-06,4.98359961448599e-06)
(5.93946457088587e-06,-4.23156815441371e-06,-3.0552868820259e-07)
(-128.118769971429,-1000.9568942577,-2082.80801228744)
(-224.095758715464,-350.780699409371,-2204.52029408051)
(0,0,0)
(0,0,0)
(0,0,0)
(0,0,0)
(0,0,0)
(0,0,0)
(-162.518262977227,-758.612302334436,-93.9943373456881)
(-232.750786615436,-775.57348774232,-138.718160573526)
(-343.15896096035,-781.659556466489,-144.404669474821)
(-435.53130586684,-783.210935558762,-94.6756373497995)
(-460.906414915153,-774.721154074706,-0.943499066081784)
(-366.633573875388,-676.777804824154,56.6774090063909)
(9.34193057846652e-06,-3.58578821934988e-06,1.7476343144926e-06)
(-252.307592007811,-1085.07662000672,-1008.539323128)
(-346.203903137435,-886.453817985542,-1502.73730099413)
(-318.29618538964,-434.488395526145,-1949.06524819222)
(0,0,0)
(0,0,0)
(0,0,0)
(0,0,0)
(0,0,0)
(0,0,0)
(-291.143538020659,-1171.2075402912,-76.3247973792732)
(-358.056920778157,-1206.65439496001,-119.906151509114)
(-449.49630566429,-1273.20088430869,-92.3059040090907)
(-529.422953442393,-1303.8709286038,-4.94284442112588)
(-546.32116971713,-1414.04670430114,213.016624594609)
(-546.630605804308,-1695.16340619637,956.31933365045)
(-694.301161058884,-2617.79230131766,-1224.41094678401)
(-487.817779539527,-1700.27918138442,-889.720465357288)
(-483.142264279022,-1204.08929269386,-1149.26009525322)
(-375.634340211015,-642.093837310123,-1554.40329467331)
(0,0,0)
(0,0,0)
(0,0,0)
(0,0,0)
(0,0,0)
(0,0,0)
(-256.607031508307,-1654.68681677167,-52.4783057166118)
(-311.218432771608,-1717.68648992097,-71.6304965485232)
(-367.886990453317,-1837.3784187865,-36.4000725522522)
(-416.962005913797,-1861.55699423305,9.61368218197242)
(-429.192166202603,-1985.54259159299,77.6744326200001)
(-425.893635059727,-2220.3933232386,138.337389764666)
(-428.859499535879,-2455.25690492035,-347.415087943022)
(-387.147092481101,-2100.46853082956,-444.711243479072)
(-362.153406994174,-1611.8367128718,-656.153606363887)
(-268.308682871341,-931.132645224867,-940.197472094784)
(0,0,0)
(0,0,0)
(0,0,0)
(0,0,0)
(0,0,0)
(0,0,0)
(0,0,0)
(0,0,0)
(0,0,0)
(0,0,0)
(0,0,0)
(0,0,0)
(0,0,0)
(0,0,0)
(0,0,0)
(0,0,0)
(0,0,0)
(0,0,0)
(0,0,0)
(0,0,0)
(0,0,0)
(0,0,0)
(0,0,0)
(0,0,0)
(0,0,0)
(0,0,0)
(0,0,0)
(0,0,0)
(0,0,0)
(0,0,0)
(0,0,0)
(0,0,0)
(0,0,0)
(0,0,0)
(0,0,0)
(0,0,0)
(0,0,0)
(0,0,0)
(0,0,0)
(0,0,0)
(0,0,0)
(0,0,0)
(0,0,0)
(0,0,0)
(0,0,0)
(0,0,0)
(0,0,0)
(0,0,0)
(0,0,0)
(0,0,0)
(0,0,0)
(0,0,0)
(0,0,0)
(0,0,0)
(0,0,0)
(0,0,0)
(0,0,0)
(0,0,0)
(0,0,0)
(0,0,0)
(0,0,0)
(0,0,0)
(0,0,0)
(0,0,0)
(0,0,0)
(0,0,0)
(0,0,0)
(0,0,0)
(0,0,0)
(0,0,0)
(0,0,0)
(0,0,0)
(0,0,0)
(0,0,0)
(0,0,0)
(0,0,0)
(0,0,0)
(0,0,0)
(0,0,0)
(0,0,0)
(0,0,0)
(0,0,0)
(0,0,0)
(0,0,0)
(0,0,0)
(0,0,0)
(0,0,0)
(0,0,0)
(0,0,0)
(0,0,0)
(0,0,0)
(0,0,0)
(0,0,0)
(0,0,0)
(0,0,0)
(0,0,0)
(0,0,0)
(0,0,0)
(0,0,0)
(0,0,0)
(0,0,0)
(0,0,0)
(683.119150406487,-18.301126157815,-211.699668840993)
(672.006671315371,-72.5889655812018,-369.675139558097)
(621.681081636239,-72.1898076565832,-482.103346436321)
(586.559461161085,-42.5481524674163,-587.931082499326)
(515.18385953322,-18.3314015838581,-675.263377894716)
(344.639169410048,-4.21500731315732,-753.426553677858)
(97.5428865174331,-22.4054943349174,-828.460597512292)
(-101.942279804891,2.07349029684183,-944.559740484212)
(-202.899437325442,17.2945258124654,-1140.94393591995)
(-177.051258879837,17.1874330087206,-1330.14010111269)
(0,0,0)
(0,0,0)
(0,0,0)
(0,0,0)
(0,0,0)
(0,0,0)
(704.123538101502,-90.3099351414384,-175.807553678124)
(684.966228283201,-133.558479821359,-337.761364882442)
(620.964209481925,-118.379461564542,-473.647281786315)
(553.552997955099,-76.3679832157822,-590.255982662257)
(481.246426720957,-56.7671051974249,-679.657381888629)
(319.722151268611,-83.1931528284117,-724.061202700611)
(98.694311451848,-140.547328720507,-744.044229333209)
(-62.3614853187545,-18.7648665461713,-882.551418062581)
(-148.781968267572,36.6991479320073,-1121.10660369016)
(-141.59232155564,34.516898836459,-1337.28566926103)
(0,0,0)
(0,0,0)
(0,0,0)
(0,0,0)
(0,0,0)
(0,0,0)
(680.98771673973,-164.072578623649,-169.559220487016)
(629.362995008559,-171.295618775744,-322.807682374327)
(516.451317483825,-142.388878299366,-451.80598423088)
(419.251304937396,-114.613692652485,-542.51764093922)
(351.933798231936,-91.9218638408827,-646.249487166159)
(219.636488877283,-171.520675398333,-708.520164216796)
(49.7895772868246,-448.510625047759,-546.733290326765)
(-52.1522762926764,51.9850055011172,-759.996901377796)
(-109.001942378452,191.366090088419,-1133.34311693665)
(-99.5392400492262,89.6850848007742,-1398.61988384799)
(0,0,0)
(0,0,0)
(0,0,0)
(0,0,0)
(0,0,0)
(0,0,0)
(644.863386003373,-246.475593601814,-158.508261072268)
(559.372079044565,-231.864205589828,-291.416048769863)
(391.463602882597,-190.585068533744,-409.800494871031)
(271.064505076038,-150.867168714822,-514.517574491151)
(221.582184129839,-86.4000451546373,-673.589209323629)
(148.06631705545,-65.6121444909671,-916.625717864171)
(6.21505094008916e-07,-3.22682320293053e-06,2.36123153903829e-06)
(-83.6362318168314,184.56749226587,-551.209530486772)
(-99.5095812791816,797.165374813532,-1256.29934873585)
(-76.3965434920254,202.327320848449,-1546.33884770544)
(0,0,0)
(0,0,0)
(0,0,0)
(0,0,0)
(0,0,0)
(0,0,0)
(538.667030066621,-312.553342555247,-171.078301929745)
(452.128031931058,-311.647780074795,-296.08775799682)
(297.497999382706,-281.331764494661,-390.694875165709)
(168.374290364221,-217.653837742714,-485.414341455855)
(96.9269285741975,-111.609729902356,-619.522040768217)
(54.0490850700137,-54.7714355816342,-753.169925838535)
(-7.17969943410628e-07,-3.72276052645321e-07,-2.70736518283459e-06)
(3.99183454265845e-06,-3.80934761822123e-06,2.07693443942134e-06)
(-109.79967128675,-78.5943698565587,-1904.73455592914)
(-97.1374817034068,-13.9419861196558,-1783.10555513428)
(0,0,0)
(0,0,0)
(0,0,0)
(0,0,0)
(0,0,0)
(0,0,0)
(401.42202776387,-404.492328803595,-134.55185902318)
(292.176917033252,-403.225329232674,-252.92934478883)
(142.2638801075,-386.507566941754,-343.041785006609)
(32.7024744287551,-315.437872114681,-412.602650506705)
(-31.8013664618135,-188.543528628057,-492.128002537944)
(-28.618201280612,-97.841427533229,-571.752701372645)
(-2.69179989898317e-07,-1.35832979308324e-07,-1.15335663058434e-14)
(2.82603561213787e-06,-3.08704399712611e-06,-9.00383728949352e-07)
(-164.606906415152,64.0600894081534,-1813.9499280444)
(-117.020008968628,-81.7523221044879,-1772.64805043723)
(0,0,0)
(0,0,0)
(0,0,0)
(0,0,0)
(0,0,0)
(0,0,0)
(232.699271281228,-511.689598329476,-105.328025006366)
(134.488385467698,-508.494694738329,-205.711541696227)
(-12.2851991196385,-503.255955267041,-278.897495678716)
(-111.286064021491,-448.303625260819,-313.371933142774)
(-146.815094364608,-333.34413910507,-335.432393938215)
(-101.944617540673,-214.657637019446,-351.860785699545)
(4.6225687510636e-07,2.45540840207574e-07,-1.21637849879783e-14)
(6.38185620386439e-06,-2.17579888326304e-06,-1.35363675900586e-06)
(-586.660169683939,-1024.30391790894,-1972.35526139186)
(-200.250048847898,-338.645593103567,-1739.30770028614)
(0,0,0)
(0,0,0)
(0,0,0)
(0,0,0)
(0,0,0)
(0,0,0)
(55.5390296546343,-626.166737944819,-103.580153014386)
(-17.7649937481116,-655.250015391542,-171.81062522628)
(-142.287621876819,-681.704054437166,-194.233865144512)
(-240.389033640872,-661.786289435196,-175.893473194104)
(-250.881796772841,-619.202208624241,-100.060021817426)
(-191.514360312847,-510.973857315075,21.1369849149542)
(1.02400946226154e-05,-2.11554219662219e-06,1.70888870915824e-06)
(-349.673177998202,-901.955567052059,-927.305001029376)
(-305.521208764023,-726.36770829437,-1265.9239050158)
(-175.378294643381,-345.089086032693,-1402.39830282715)
(0,0,0)
(0,0,0)
(0,0,0)
(0,0,0)
(0,0,0)
(0,0,0)
(-50.2473256878976,-798.85870545204,-68.2042448267419)
(-115.201810912323,-846.053899771469,-120.255470321872)
(-210.924793790409,-921.984547298648,-118.546489337389)
(-298.17195860059,-941.026825976787,-70.5569476255154)
(-312.035994173256,-1046.30613347007,122.261801677975)
(-355.826780988763,-1273.21107648138,693.695196025987)
(-658.499537880134,-1949.89676994339,-981.048230400939)
(-363.622174531424,-1230.41812620358,-776.781276255905)
(-267.345374867278,-825.064769715959,-893.881104241874)
(-169.923756361638,-425.291513632396,-1019.38926050291)
(0,0,0)
(0,0,0)
(0,0,0)
(0,0,0)
(0,0,0)
(0,0,0)
(-58.1190290287438,-964.331084266962,-33.0156236573969)
(-109.626154471051,-1038.53320672369,-42.1285950064132)
(-161.180110664695,-1148.19721541865,-22.6228066759629)
(-206.500588805655,-1167.77738165151,-6.33366811357219)
(-219.546856020486,-1318.56578380878,56.2806720539816)
(-230.22784753769,-1525.15443540781,112.558243454136)
(-291.044869482393,-1681.4523099371,-293.700846604768)
(-219.723063289851,-1327.00812547233,-364.534876524704)
(-156.260941259066,-932.090970074372,-463.401141891734)
(-96.8073445521967,-499.427852864411,-560.766140980234)
(0,0,0)
(0,0,0)
(0,0,0)
(0,0,0)
(0,0,0)
(0,0,0)
(0,0,0)
(0,0,0)
(0,0,0)
(0,0,0)
(0,0,0)
(0,0,0)
(0,0,0)
(0,0,0)
(0,0,0)
(0,0,0)
(0,0,0)
(0,0,0)
(0,0,0)
(0,0,0)
(0,0,0)
(0,0,0)
(0,0,0)
(0,0,0)
(0,0,0)
(0,0,0)
(0,0,0)
(0,0,0)
(0,0,0)
(0,0,0)
(0,0,0)
(0,0,0)
(0,0,0)
(0,0,0)
(0,0,0)
(0,0,0)
(0,0,0)
(0,0,0)
(0,0,0)
(0,0,0)
(0,0,0)
(0,0,0)
(0,0,0)
(0,0,0)
(0,0,0)
(0,0,0)
(0,0,0)
(0,0,0)
(0,0,0)
(0,0,0)
(0,0,0)
(0,0,0)
(0,0,0)
(0,0,0)
(0,0,0)
(0,0,0)
(0,0,0)
(0,0,0)
(0,0,0)
(0,0,0)
(0,0,0)
(0,0,0)
(0,0,0)
(0,0,0)
(0,0,0)
(0,0,0)
(0,0,0)
(0,0,0)
(0,0,0)
(0,0,0)
(0,0,0)
(0,0,0)
(0,0,0)
(0,0,0)
(0,0,0)
(0,0,0)
(0,0,0)
(0,0,0)
(0,0,0)
(0,0,0)
(0,0,0)
(0,0,0)
(0,0,0)
(0,0,0)
(0,0,0)
(0,0,0)
(0,0,0)
(0,0,0)
(0,0,0)
(0,0,0)
(0,0,0)
(0,0,0)
(0,0,0)
(0,0,0)
(0,0,0)
(0,0,0)
(0,0,0)
(0,0,0)
(0,0,0)
(0,0,0)
(0,0,0)
(0,0,0)
(895.248992992663,-19.5694538490679,-192.560388748536)
(880.922998597464,-49.346694258296,-352.130021773968)
(806.954870719943,-63.1445585241283,-474.259252331752)
(751.734143003865,-35.9233439670647,-603.510590204777)
(633.679581957772,-8.23932274846067,-713.766989877793)
(436.792827704352,9.9625446470279,-815.883192817927)
(176.042543597191,-30.9722725798748,-863.410577314993)
(-32.3089626904131,-38.1473140965309,-894.896580327786)
(-80.1196477429335,-25.4258906742795,-992.250479236077)
(-89.9236566736093,-2.62649776129637,-1076.7515836768)
(0,0,0)
(0,0,0)
(0,0,0)
(0,0,0)
(0,0,0)
(0,0,0)
(915.95803385447,-63.3078564454156,-168.096093155858)
(872.688635477738,-78.0228218358197,-327.142372771731)
(776.338541358399,-77.0396122161956,-468.621650956391)
(702.505212435882,-47.368967448854,-606.128241957783)
(610.671678327097,-24.4081907862101,-719.384625530356)
(452.173234898734,-50.9585331644413,-790.914631352218)
(228.024318034399,-158.130353112627,-793.086557411829)
(43.9435779679866,-72.5405257060933,-864.998409099888)
(-31.9891949962331,-14.4354087834283,-992.78166426266)
(-59.0116388821975,12.9464439239966,-1090.93528862633)
(0,0,0)
(0,0,0)
(0,0,0)
(0,0,0)
(0,0,0)
(0,0,0)
(897.981781378027,-126.551936435594,-153.749984649606)
(819.274368462786,-117.449494552256,-304.234685390156)
(677.52141890675,-92.619792207461,-449.724606823931)
(573.83923456417,-71.1813690043856,-580.500134892778)
(521.35596443117,-47.1208201832769,-727.209671696744)
(402.084910619015,-153.39919544958,-807.217431149792)
(212.173947472791,-549.287386190156,-578.444768266184)
(84.1044834752151,-60.6285728480599,-726.613480897902)
(6.2680619459183,137.911743966448,-994.230637949072)
(-10.4830880078748,75.0617389929586,-1145.40208507014)
(0,0,0)
(0,0,0)
(0,0,0)
(0,0,0)
(0,0,0)
(0,0,0)
(850.55315377976,-206.185191614638,-126.056512599299)
(755.162252539272,-175.504779206702,-263.791401442679)
(588.291449739923,-135.406865422061,-417.832175087142)
(460.820141146681,-110.900192576696,-567.868987582908)
(438.991903033539,-50.4738229049045,-781.925703757321)
(339.201310397933,-42.988099341599,-1083.47179320839)
(4.81541787274508e-06,-9.22078355153526e-06,3.89757440081033e-06)
(28.1651462404351,174.347054800345,-474.378692920072)
(-89.6569503647913,746.876836828005,-1093.1964166953)
(-17.6439247653128,194.255233295505,-1271.14252971585)
(0,0,0)
(0,0,0)
(0,0,0)
(0,0,0)
(0,0,0)
(0,0,0)
(750.318027529156,-263.284571772261,-154.551617310777)
(659.119615348812,-243.462655458967,-293.585324471153)
(503.055365371791,-217.110857136741,-417.438698745547)
(362.847855824272,-188.725778370412,-534.086678410606)
(314.887857951059,-78.8262797073969,-723.695150989065)
(229.800441322176,-33.8666203282924,-908.567986252127)
(-5.542889323696e-06,-9.88777574040814e-07,-3.59973319910699e-06)
(2.72399772647654e-06,-7.35608342957624e-06,5.48090459164307e-06)
(-648.752590353644,-145.113968064083,-1681.87189679022)
(-120.912685846537,-24.911866558408,-1438.92959279606)
(0,0,0)
(0,0,0)
(0,0,0)
(0,0,0)
(0,0,0)
(0,0,0)
(604.829664271151,-328.642480739485,-138.049727539585)
(503.613047205809,-322.963919864241,-269.984593301602)
(348.933214406293,-318.022503858971,-375.742280879962)
(221.63028492524,-286.385490460235,-467.010379284423)
(176.549904415441,-158.54782350584,-595.640106359544)
(141.357188041239,-77.2333612984123,-722.248754711485)
(-5.03383347432727e-07,-7.82130014609229e-07,-1.62363286255386e-14)
(2.24309351643803e-06,-5.59310925930104e-06,-1.18003209081169e-06)
(-563.654922302969,-323.474369509444,-1515.11427829895)
(-141.017269528829,-134.784039449722,-1381.24484486492)
(0,0,0)
(0,0,0)
(0,0,0)
(0,0,0)
(0,0,0)
(0,0,0)
(401.181592602518,-404.192916567544,-92.9318854859479)
(319.876223359895,-395.883324753212,-205.400318490106)
(178.616135531147,-406.711195201787,-307.612961797434)
(72.2511716932542,-386.348868818751,-391.186819154122)
(47.5648080102423,-279.946284581079,-464.168260451736)
(55.7561069949495,-164.196357341918,-534.905988947759)
(1.21509112818967e-07,-3.61518976126961e-07,-1.26589955027263e-14)
(2.97438072953194e-06,-2.25652678544164e-06,7.08929878141329e-08)
(-416.428166396031,-550.810373660239,-1238.3665575535)
(-131.038241865807,-209.992984508754,-1232.3694194721)
(0,0,0)
(0,0,0)
(0,0,0)
(0,0,0)
(0,0,0)
(0,0,0)
(191.0548800228,-461.425977811118,-78.2827891189101)
(135.058194589289,-472.079241042746,-154.910061163486)
(21.5068305276261,-519.025691224881,-206.390017544677)
(-66.876519848799,-515.994940452924,-250.256459703818)
(-62.0616587887716,-465.603075470812,-253.419806800762)
(-31.0689510040965,-355.73767742519,-222.323896026317)
(7.29104905587003e-06,5.73103426609763e-07,2.09014417462119e-06)
(-206.550496708987,-499.937913326782,-563.995515955444)
(-155.371321495213,-419.922091290917,-845.033685600069)
(-78.8817697045642,-200.869693677944,-950.65350136632)
(0,0,0)
(0,0,0)
(0,0,0)
(0,0,0)
(0,0,0)
(0,0,0)
(64.9645312583255,-529.101229978697,-47.5366047809244)
(16.7288092032942,-566.505237947201,-85.0412279901931)
(-49.2137331200831,-649.926619537756,-115.851360350599)
(-126.343579744101,-666.730495140138,-136.944184526729)
(-141.695387036125,-723.093657592261,-49.7942095393743)
(-189.711858478742,-835.759602019248,264.112792538362)
(-523.52008957472,-1181.93702594233,-612.141573950454)
(-198.32589496328,-751.620332870347,-525.755433974445)
(-123.573553520759,-489.073191377312,-600.376155244105)
(-74.1729810155808,-237.653987973303,-659.342636288368)
(0,0,0)
(0,0,0)
(0,0,0)
(0,0,0)
(0,0,0)
(0,0,0)
(44.9364715474738,-615.219273714089,-16.937456838516)
(2.74934591537786,-681.478130322267,-14.3400648460966)
(-25.765711761554,-772.017218259477,-27.6638650286015)
(-67.7090346396294,-772.56487204797,-60.62104228372)
(-96.9635525050173,-865.030824752315,-41.2671786448115)
(-117.791978318289,-993.118366457865,3.65571657832583)
(-181.83983737068,-1072.39095782976,-215.095383646574)
(-111.510054064212,-810.039946545166,-264.888779200807)
(-73.1742742366655,-527.844200574376,-309.20443703314)
(-42.0508034100481,-256.083111413322,-345.531854729188)
(0,0,0)
(0,0,0)
(0,0,0)
(0,0,0)
(0,0,0)
(0,0,0)
(0,0,0)
(0,0,0)
(0,0,0)
(0,0,0)
(0,0,0)
(0,0,0)
(0,0,0)
(0,0,0)
(0,0,0)
(0,0,0)
(0,0,0)
(0,0,0)
(0,0,0)
(0,0,0)
(0,0,0)
(0,0,0)
(0,0,0)
(0,0,0)
(0,0,0)
(0,0,0)
(0,0,0)
(0,0,0)
(0,0,0)
(0,0,0)
(0,0,0)
(0,0,0)
(0,0,0)
(0,0,0)
(0,0,0)
(0,0,0)
(0,0,0)
(0,0,0)
(0,0,0)
(0,0,0)
(0,0,0)
(0,0,0)
(0,0,0)
(0,0,0)
(0,0,0)
(0,0,0)
(0,0,0)
(0,0,0)
(0,0,0)
(0,0,0)
(0,0,0)
(0,0,0)
(0,0,0)
(0,0,0)
(0,0,0)
(0,0,0)
(0,0,0)
(0,0,0)
(0,0,0)
(0,0,0)
(0,0,0)
(0,0,0)
(0,0,0)
(0,0,0)
(0,0,0)
(0,0,0)
(0,0,0)
(0,0,0)
(0,0,0)
(0,0,0)
(0,0,0)
(0,0,0)
(0,0,0)
(0,0,0)
(0,0,0)
(0,0,0)
(0,0,0)
(0,0,0)
(0,0,0)
(0,0,0)
(0,0,0)
(0,0,0)
(0,0,0)
(0,0,0)
(0,0,0)
(0,0,0)
(0,0,0)
(0,0,0)
(0,0,0)
(0,0,0)
(0,0,0)
(0,0,0)
(0,0,0)
(0,0,0)
(0,0,0)
(0,0,0)
(0,0,0)
(0,0,0)
(0,0,0)
(0,0,0)
(0,0,0)
(0,0,0)
(1073.95826777201,-27.6057927257387,-151.103482048061)
(1034.87514794602,-25.7420475279834,-279.313583870664)
(953.300522632122,-39.2200910131747,-386.439144776365)
(889.37457092314,-10.088358684722,-513.991214012225)
(761.601045043202,8.58195611726244,-650.49463321398)
(550.931260817471,-4.30119370100828,-760.331872629349)
(263.161306786868,-64.5951283048282,-782.855507513048)
(37.5438842765863,-59.5363792584474,-793.171975217037)
(-16.5421879921867,-20.4094016309142,-836.34003334428)
(-37.1115609773516,13.3213432022969,-902.473472234426)
(0,0,0)
(0,0,0)
(0,0,0)
(0,0,0)
(0,0,0)
(0,0,0)
(1076.87305674888,-57.2931004729136,-131.227715151192)
(1017.92747125939,-46.6374553987623,-255.571143057443)
(918.747525651613,-49.7469803598207,-387.45323800268)
(861.668995335251,-26.4534741702976,-530.251905415681)
(756.10926726899,-8.62518214354324,-658.482356094957)
(599.005964479614,-55.287563887607,-754.328715487998)
(379.382381786023,-211.082762177658,-759.199145367172)
(151.748392052396,-124.963307765476,-801.577030938818)
(33.2701314136225,-48.7916156447965,-838.454143333596)
(-12.3188809366833,3.03203488162363,-874.857592959014)
(0,0,0)
(0,0,0)
(0,0,0)
(0,0,0)
(0,0,0)
(0,0,0)
(1072.46592898969,-110.174003492776,-121.603244591818)
(985.492044542719,-91.0376524703503,-243.420723600449)
(840.503252209833,-80.4001642989001,-375.749372960034)
(775.298940886822,-65.6988251854836,-537.963728266638)
(729.673292085607,-52.7180220634538,-702.188215995623)
(644.433644416717,-189.482673355054,-810.341840327678)
(548.826184032228,-804.083412557462,-553.993426500674)
(289.6404282859,-223.43552834163,-661.057150733346)
(126.883710843698,-24.3491081148347,-806.115307160202)
(55.337065373723,16.4435842632129,-885.347009920165)
(0,0,0)
(0,0,0)
(0,0,0)
(0,0,0)
(0,0,0)
(0,0,0)
(1030.74299997006,-177.046321363131,-113.317528316118)
(936.082811820252,-152.060760944606,-233.21497911342)
(783.509422045257,-136.837030978766,-371.996084736416)
(705.154850385368,-112.675264001773,-569.354355166441)
(711.985948255588,-75.0366324620148,-820.029789993661)
(712.598487399101,-87.655536559959,-1295.25410379232)
(1000.32884821463,23.0078120383319,130.355547332514)
(389.90261449288,-50.7095385304359,-404.107910736762)
(150.617427477884,107.228536302282,-775.959932996299)
(86.4357054876762,56.8918533388851,-920.487832318993)
(0,0,0)
(0,0,0)
(0,0,0)
(0,0,0)
(0,0,0)
(0,0,0)
(935.775841577226,-243.795786083142,-118.708349324369)
(840.098804176431,-219.490654586485,-232.257644514887)
(692.771964661962,-204.399860469973,-354.411414318252)
(594.178818961074,-168.660856270154,-529.756785191102)
(578.887653876947,-81.7832892688416,-787.009924304923)
(504.362431985215,-53.689999859474,-1095.53745167502)
(3.40331694963358e-06,-8.11317325415191e-06,-6.99469888679178e-07)
(247.719774859664,-81.2132148597143,-265.499123716408)
(58.6493071054237,-46.7446937299453,-818.927791141191)
(67.2584181397535,-12.5538440796194,-937.653197709072)
(0,0,0)
(0,0,0)
(0,0,0)
(0,0,0)
(0,0,0)
(0,0,0)
(750.533929569423,-280.142273873667,-109.357777506613)
(659.72552671609,-276.789372041767,-208.171539561527)
(530.718220258945,-274.253045567197,-320.103360310432)
(439.235722422923,-243.806551185931,-462.563102892647)
(427.348921747913,-138.386484448997,-656.758925045734)
(392.553733500022,-65.6218528988198,-896.023617466752)
(1.57477986048576e-06,-8.46449389172614e-06,-1.90619150617054e-06)
(272.854172957198,-90.8172468466698,-159.920274461575)
(75.7473862088763,-111.188824616626,-734.878452079646)
(54.7334970536269,-51.1700512173134,-892.013011527532)
(0,0,0)
(0,0,0)
(0,0,0)
(0,0,0)
(0,0,0)
(0,0,0)
(509.991166437614,-305.666066300268,-83.2857814117268)
(450.308806443227,-317.567631774694,-172.940104766765)
(345.564158915167,-334.07055831654,-280.070615401264)
(268.720929761555,-317.602723623315,-402.744201038248)
(270.234812582426,-228.920135841445,-534.880554222779)
(283.980430836105,-100.869212683213,-727.857518270524)
(1.4237496897104e-06,-6.69088641603088e-06,-3.10855896400048e-06)
(333.998677695004,20.1633366147119,-85.6420128531669)
(119.744639489161,-136.914382414633,-596.089260939088)
(50.2319712545591,-71.8952601975996,-756.634265085647)
(0,0,0)
(0,0,0)
(0,0,0)
(0,0,0)
(0,0,0)
(0,0,0)
(279.077707484731,-340.573025100477,-53.1158686653799)
(247.863231090014,-364.491141612366,-118.997395326209)
(165.052405788535,-421.502794601661,-175.110734308328)
(103.535060989369,-408.790947540593,-254.334091227258)
(140.365270372335,-342.004270449208,-343.676885771452)
(225.440288863098,-211.562505810647,-489.492832503097)
(411.640689748079,47.5802399464494,42.584790600888)
(253.77853701204,-170.971207804789,-226.609698695736)
(127.320963255617,-180.867493156332,-465.34887269333)
(46.7472945198401,-96.2652218009518,-566.60797532409)
(0,0,0)
(0,0,0)
(0,0,0)
(0,0,0)
(0,0,0)
(0,0,0)
(129.594700472717,-374.894636602618,-30.3085577137238)
(101.762194041871,-415.620965107326,-64.212119054923)
(59.666776554514,-502.85358303036,-91.7418402958176)
(8.08790115670469,-494.499724714437,-140.464544018893)
(25.2272689192111,-485.171238606838,-164.220231816527)
(57.8041199982549,-485.902706827145,-137.396009278747)
(67.8523193924404,-483.885082516722,-197.303095776846)
(93.9631469014932,-386.113312798867,-274.450032657642)
(42.4432936189051,-262.842803627133,-358.491569322565)
(13.7509204553861,-134.92834033711,-407.752352252159)
(0,0,0)
(0,0,0)
(0,0,0)
(0,0,0)
(0,0,0)
(0,0,0)
(94.4787983305608,-427.228789573083,2.79182618825303)
(57.6669390973861,-465.135166120375,-2.61156598247099)
(30.910009547032,-534.531226371092,-27.6096439522692)
(-6.57360089018253,-512.75820835446,-70.4865940594967)
(-20.5852349181724,-547.990299105557,-84.0458511448845)
(-12.9095167142473,-617.224524096304,-57.6064954764747)
(-1.32165959159624,-616.43845720444,-105.571298578807)
(16.8083046150311,-460.055210096003,-159.947759962299)
(-3.09117629600221,-292.372484843209,-200.50117668832)
(-3.50953304011738,-147.044218396384,-226.926569000446)
(0,0,0)
(0,0,0)
(0,0,0)
(0,0,0)
(0,0,0)
(0,0,0)
(0,0,0)
(0,0,0)
(0,0,0)
(0,0,0)
(0,0,0)
(0,0,0)
(0,0,0)
(0,0,0)
(0,0,0)
(0,0,0)
(0,0,0)
(0,0,0)
(0,0,0)
(0,0,0)
(0,0,0)
(0,0,0)
(0,0,0)
(0,0,0)
(0,0,0)
(0,0,0)
(0,0,0)
(0,0,0)
(0,0,0)
(0,0,0)
(0,0,0)
(0,0,0)
(0,0,0)
(0,0,0)
(0,0,0)
(0,0,0)
(0,0,0)
(0,0,0)
(0,0,0)
(0,0,0)
(0,0,0)
(0,0,0)
(0,0,0)
(0,0,0)
(0,0,0)
(0,0,0)
(0,0,0)
(0,0,0)
(0,0,0)
(0,0,0)
(0,0,0)
(0,0,0)
(0,0,0)
(0,0,0)
(0,0,0)
(0,0,0)
(0,0,0)
(0,0,0)
(0,0,0)
(0,0,0)
(0,0,0)
(0,0,0)
(0,0,0)
(0,0,0)
(0,0,0)
(0,0,0)
(0,0,0)
(0,0,0)
(0,0,0)
(0,0,0)
(0,0,0)
(0,0,0)
(0,0,0)
(0,0,0)
(0,0,0)
(0,0,0)
(0,0,0)
(0,0,0)
(0,0,0)
(0,0,0)
(0,0,0)
(0,0,0)
(0,0,0)
(0,0,0)
(0,0,0)
(0,0,0)
(0,0,0)
(0,0,0)
(0,0,0)
(0,0,0)
(0,0,0)
(0,0,0)
(0,0,0)
(0,0,0)
(0,0,0)
(0,0,0)
(0,0,0)
(0,0,0)
(0,0,0)
(0,0,0)
(0,0,0)
(0,0,0)
(1169.61685998982,17.2082310210764,-112.866823242599)
(1109.95034228509,32.4215978803185,-220.363615461246)
(1050.35702111549,9.32726604782405,-326.747379983202)
(967.909816854561,18.0349740646024,-423.317599984678)
(825.633632745495,28.9400685668489,-516.290256256005)
(601.673587764925,4.91602521645239,-571.94860841572)
(308.998057685245,-48.0299852010512,-569.755374115728)
(73.0687642448691,-34.673633920251,-570.606620158065)
(-12.8996158440244,4.31248741318618,-578.561679727282)
(-39.1084769757883,17.1387423393671,-593.703506065914)
(0,0,0)
(0,0,0)
(0,0,0)
(0,0,0)
(0,0,0)
(0,0,0)
(1196.39418951336,4.12035667076579,-106.433258411929)
(1134.14734095873,14.248063964169,-204.479594202597)
(1066.73706468389,-8.61664975654052,-334.525217429129)
(997.170392016945,-7.96411021616782,-444.027529827352)
(861.991259538923,9.55571433707764,-530.525167866886)
(694.970369880862,-28.3604760099125,-593.213072040772)
(457.598407596909,-125.724475311505,-593.734607740731)
(216.236541934416,-85.4270245015204,-607.469367045699)
(68.9593046445584,-39.769930791346,-599.076122068432)
(2.31243051777854,-9.13346937355862,-587.435221811702)
(0,0,0)
(0,0,0)
(0,0,0)
(0,0,0)
(0,0,0)
(0,0,0)
(1222.45368964806,-60.1445113120768,-85.722892675309)
(1134.41710050884,-50.4249330426192,-169.974951634332)
(1024.04172637086,-66.8390728363018,-295.291002716094)
(973.16568345532,-66.9424259022663,-434.179429602027)
(907.491554773358,-54.3832149159284,-548.05876304228)
(821.4891533955,-140.859062608755,-612.615685424356)
(689.156114754018,-398.671279366835,-479.998812086266)
(431.700797387178,-191.872069478503,-515.614136215844)
(207.10451985906,-63.3985657823851,-572.206310238043)
(79.2039204780376,-17.6601705822431,-587.546464128867)
(0,0,0)
(0,0,0)
(0,0,0)
(0,0,0)
(0,0,0)
(0,0,0)
(1174.79253138307,-128.82442658964,-75.3696161339707)
(1099.80752280261,-131.865719300391,-157.653540862486)
(984.588899933687,-147.506469204982,-278.065622385245)
(936.643496018127,-124.476296877195,-452.020397036162)
(941.735245238576,-118.102578454092,-618.050330479399)
(969.485913241222,-258.848908042704,-756.947910879201)
(1042.75005328639,-1027.00017658876,-171.040218730846)
(631.516553363951,-267.005977116328,-337.520249961119)
(309.732104877249,-54.4365127626314,-505.596980386856)
(137.331392588089,-11.6794685808198,-562.473369487489)
(0,0,0)
(0,0,0)
(0,0,0)
(0,0,0)
(0,0,0)
(0,0,0)
(1056.52596993319,-187.346959001992,-62.2275959440921)
(983.850003980817,-193.791013566093,-144.053501480314)
(865.693410193361,-206.505765832463,-257.975650379606)
(811.030655610669,-157.283511144873,-442.02027276153)
(850.349993507198,-93.0424212165719,-738.542769628925)
(1051.25848081745,-72.6827823845322,-1471.60494411456)
(1831.17087808849,73.9323209033976,629.099278100796)
(807.187799107852,-77.1582881405341,-120.216435114442)
(365.934645370234,-38.1432604018629,-443.795025746699)
(165.160703676503,-18.4218415558669,-534.954938315024)
(0,0,0)
(0,0,0)
(0,0,0)
(0,0,0)
(0,0,0)
(0,0,0)
(835.571599052119,-204.819277867778,-67.5653506169837)
(761.902040691481,-223.493071193516,-140.03980696665)
(667.857581617812,-232.716695607914,-250.968238552145)
(623.581617339008,-186.916224391209,-405.681420222814)
(679.149662878531,-106.085090794763,-644.439491780228)
(924.050439315481,-28.2041826982825,-1220.41479727954)
(1638.96410155922,76.0060251694454,587.6054761066)
(818.968578677272,-23.0070751475281,-12.6601425952)
(405.038094041968,-22.2672308745736,-357.826879963959)
(180.995399540962,-11.8242255836958,-490.686398421517)
(0,0,0)
(0,0,0)
(0,0,0)
(0,0,0)
(0,0,0)
(0,0,0)
(613.955317325998,-235.544217980369,-73.2392107730611)
(547.315599771888,-249.08271188874,-144.656363404004)
(469.981844381242,-257.075219417981,-244.7155250604)
(425.391986124779,-219.644868971561,-368.657936837193)
(488.819698691206,-152.781761895317,-540.546151847214)
(732.482751709616,38.7938646106938,-1056.04652002112)
(1435.8652622966,660.692394981999,533.741586786595)
(750.566833380832,94.4909961934441,-0.324640244826645)
(384.749532054132,-6.31553429426139,-281.281229391252)
(164.1674324716,-12.0745478003399,-394.966368386937)
(0,0,0)
(0,0,0)
(0,0,0)
(0,0,0)
(0,0,0)
(0,0,0)
(336.462565927468,-245.767591996307,-47.1614844272897)
(313.265004762086,-257.161723578822,-104.48424641191)
(260.415731097622,-298.422357034804,-158.500434101965)
(221.896839452226,-264.65335022725,-231.853731308737)
(285.954127088339,-214.23994996644,-315.984399955894)
(430.29638838362,-95.0061808487485,-387.040454024047)
(635.676660394921,67.4302215149205,-17.8142511956956)
(491.119420495487,-44.7166975360518,-115.947440953955)
(293.825867836042,-48.4498149077256,-240.318064931015)
(131.900947018645,-34.5447982045657,-303.0014670139)
(0,0,0)
(0,0,0)
(0,0,0)
(0,0,0)
(0,0,0)
(0,0,0)
(143.453810289683,-218.153146768031,-41.4735550434274)
(145.655960788438,-262.394648620312,-80.1343967500397)
(115.683717655245,-336.208708153118,-98.3649867324904)
(73.5383500633787,-296.821920112351,-131.646865755899)
(115.742283573538,-268.037100673835,-168.364729704748)
(200.920450058745,-240.083815859446,-166.40342475548)
(275.125971116816,-200.895972011644,-105.350882961565)
(244.135054788347,-166.812870635127,-133.426617744405)
(141.104990159507,-96.0812017800454,-184.456927405278)
(70.4534317001148,-55.5655301031474,-220.138706752511)
(0,0,0)
(0,0,0)
(0,0,0)
(0,0,0)
(0,0,0)
(0,0,0)
(73.4978572855187,-195.929043730774,-1.24316199167622)
(74.786230028824,-259.835558555058,-20.9215429888426)
(49.7214101450381,-332.416200134081,-43.5254516048078)
(3.92536105893659,-283.870302843242,-66.9760308254172)
(10.9020442901307,-283.262638957229,-83.2377717522487)
(56.3940984199036,-327.874454098559,-64.7507486509264)
(112.604489263439,-327.301647092299,-52.2712224247954)
(114.2266955397,-239.068856611281,-77.4336273718032)
(55.0033104032852,-123.486738958915,-108.122576892683)
(28.1776641044918,-67.2999516048847,-128.075352535479)
(0,0,0)
(0,0,0)
(0,0,0)
(0,0,0)
(0,0,0)
(0,0,0)
(0,0,0)
(0,0,0)
(0,0,0)
(0,0,0)
(0,0,0)
(0,0,0)
(0,0,0)
(0,0,0)
(0,0,0)
(0,0,0)
(0,0,0)
(0,0,0)
(0,0,0)
(0,0,0)
(0,0,0)
(0,0,0)
(0,0,0)
(0,0,0)
(0,0,0)
(0,0,0)
(0,0,0)
(0,0,0)
(0,0,0)
(0,0,0)
(0,0,0)
(0,0,0)
(0,0,0)
(0,0,0)
(0,0,0)
(0,0,0)
(0,0,0)
(0,0,0)
(0,0,0)
(0,0,0)
(0,0,0)
(0,0,0)
(0,0,0)
(0,0,0)
(0,0,0)
(0,0,0)
(0,0,0)
(0,0,0)
(0,0,0)
(0,0,0)
(0,0,0)
(0,0,0)
(0,0,0)
(0,0,0)
(0,0,0)
(0,0,0)
(0,0,0)
(0,0,0)
(0,0,0)
(0,0,0)
(0,0,0)
(0,0,0)
(0,0,0)
(0,0,0)
(0,0,0)
(0,0,0)
(0,0,0)
(0,0,0)
(0,0,0)
(0,0,0)
(0,0,0)
(0,0,0)
(0,0,0)
(0,0,0)
(0,0,0)
(0,0,0)
(0,0,0)
(0,0,0)
(0,0,0)
(0,0,0)
(0,0,0)
(0,0,0)
(0,0,0)
(0,0,0)
(0,0,0)
(0,0,0)
(0,0,0)
(0,0,0)
(0,0,0)
(0,0,0)
(0,0,0)
(0,0,0)
(0,0,0)
(0,0,0)
(0,0,0)
(0,0,0)
(0,0,0)
(0,0,0)
(0,0,0)
(0,0,0)
(0,0,0)
(0,0,0)
(1194.2904395162,2.06499828871352,-26.7385778164414)
(1137.45388638709,45.1445075422043,-99.3866294552317)
(1092.39445173149,29.6847318816701,-171.108791954679)
(1015.03515478874,11.9700122019006,-230.204142090331)
(862.679982304259,18.2348460511306,-285.485337696348)
(623.581871092438,19.6631869842963,-327.056808009001)
(334.232357579367,-13.5116429109079,-338.779464997519)
(85.2135804119938,-28.0121745582064,-322.912106608006)
(-3.29751702708871,-14.1652334467744,-318.348971972291)
(-28.0196567279131,-2.49777495886666,-326.940017266688)
(0,0,0)
(0,0,0)
(0,0,0)
(0,0,0)
(0,0,0)
(0,0,0)
(1205.77082943618,23.2240779476777,-30.5357195801039)
(1186.64479991092,49.4903852375429,-87.379056224623)
(1150.10585996281,28.9733526389523,-170.036472261871)
(1071.46044446228,0.506152657207221,-232.86266516661)
(928.623578572916,9.01171023736403,-290.271848387311)
(754.870855677897,3.94758827322683,-334.456735473848)
(495.487345126224,-43.9157005688326,-341.941615342395)
(233.692833129433,-55.8091665176559,-331.600914575983)
(91.8556405419862,-43.3850423436321,-325.277441573406)
(33.3117789964413,-20.6027427153981,-338.171822292818)
(0,0,0)
(0,0,0)
(0,0,0)
(0,0,0)
(0,0,0)
(0,0,0)
(1275.58021645799,9.37708421875104,-39.2795330817863)
(1224.93097512226,9.34614451701064,-89.6491669724717)
(1140.7066960343,-13.0462040826484,-164.294579913212)
(1077.92497348241,-32.8343440336218,-235.713373246043)
(1008.5865498417,-31.1574476224045,-296.63921044862)
(917.10039357517,-62.4993359506858,-325.803526402472)
(744.047609295224,-145.442295138848,-279.168426375295)
(486.881944462205,-107.848426068979,-282.310313895531)
(249.879047091404,-59.6792048426413,-308.790678632944)
(115.625461453133,-23.4828059616055,-342.332156361027)
(0,0,0)
(0,0,0)
(0,0,0)
(0,0,0)
(0,0,0)
(0,0,0)
(1258.50023567681,-23.8743232193361,-50.4562968565863)
(1220.03648828642,-55.681518046084,-105.657599778862)
(1115.6367193525,-87.9731320500138,-161.778491227543)
(1066.91357235918,-83.640783464193,-241.242128140448)
(1071.51584969906,-87.9088768257789,-314.271303398962)
(1074.21184210956,-142.238434944601,-339.258133272878)
(1004.16532177491,-269.302002976367,-176.813693923778)
(699.298768244597,-143.913938849699,-208.530396021363)
(366.859550891359,-68.6103526043751,-256.726694280816)
(174.349420960645,-30.9604460320545,-286.267082581634)
(0,0,0)
(0,0,0)
(0,0,0)
(0,0,0)
(0,0,0)
(0,0,0)
(1143.43664844966,-70.8111876655573,-39.9738140694781)
(1096.89118379321,-104.734124418232,-103.962387510605)
(974.208384435511,-139.88762055762,-160.562873241697)
(942.526343717467,-127.468387944745,-248.230956870584)
(983.456185639568,-102.222988840654,-367.02303699048)
(1096.17665115515,-96.8470239174488,-457.332618354994)
(1208.83405437242,-73.4986156774251,-30.7991819431155)
(821.60816562121,-71.6441751206591,-117.48931216828)
(434.718772607676,-49.5901650553539,-205.293626956624)
(202.225220510814,-30.8849652850372,-242.43362452997)
(0,0,0)
(0,0,0)
(0,0,0)
(0,0,0)
(0,0,0)
(0,0,0)
(905.420500877407,-105.786526089287,-34.8735634028426)
(844.901725494923,-132.586863329244,-90.0205092943441)
(739.30553693035,-155.737732265553,-145.618352903202)
(716.93839348989,-144.892615806258,-221.550901195564)
(781.110249943494,-112.90893928949,-312.825537811511)
(951.549595251834,-69.0906552854197,-368.081062380965)
(1157.3802684904,-11.5259419465408,51.5300969672154)
(854.161736946346,-23.9854790622946,-31.3217573567116)
(488.251314397098,-14.6073962730685,-149.517746500771)
(226.199117505956,-8.62887609847563,-216.977553656065)
(0,0,0)
(0,0,0)
(0,0,0)
(0,0,0)
(0,0,0)
(0,0,0)
(692.746193224664,-144.879855972043,-39.697546018601)
(607.794220696151,-149.086524823106,-83.6765054485601)
(521.057182502904,-157.244240917361,-133.245334919839)
(488.125275728949,-140.243946102801,-200.627294225791)
(564.101935682273,-126.617112887164,-262.201357620975)
(752.46476957944,-51.5825602971568,-299.69147048689)
(988.722334915941,96.4004126540873,39.5251023199329)
(766.563841190089,27.0502109462539,-27.507595502246)
(447.25414209489,12.4893392452966,-117.10894106517)
(207.394951327284,7.02495087267484,-175.990286894087)
(0,0,0)
(0,0,0)
(0,0,0)
(0,0,0)
(0,0,0)
(0,0,0)
(394.369378264808,-162.850801907268,-39.9358664011698)
(344.80050866724,-152.711469057519,-67.8464260699525)
(301.244615217709,-175.199892672868,-90.7196584332473)
(280.614837329031,-150.1496000716,-139.532002340532)
(343.763778807177,-136.892225640235,-187.066541300119)
(479.331966783767,-86.5287542909598,-201.155925708159)
(612.412669003342,-6.45992801638297,-75.0315936449458)
(525.67344388582,-14.8627874938166,-67.6726185814972)
(338.014740385997,4.43865159263748,-103.810803483132)
(170.895277006081,7.78002608027132,-143.56020867647)
(0,0,0)
(0,0,0)
(0,0,0)
(0,0,0)
(0,0,0)
(0,0,0)
(148.968629432605,-117.604294973315,-50.761326080092)
(154.573156636875,-140.662608349141,-71.7273826349695)
(131.359804158829,-190.230668803274,-72.3726930097374)
(98.5434199354448,-157.275457960351,-90.2519049944135)
(134.985198212506,-130.511350453018,-115.875694820644)
(246.861119298696,-118.393374594786,-129.951743757636)
(321.369039748329,-94.0145169872698,-88.6402234182665)
(270.488060927919,-65.7902079770795,-64.0658090765127)
(165.386552329987,-10.852605489049,-73.056114166044)
(91.5646540546386,1.37202703429988,-87.7593374758794)
(0,0,0)
(0,0,0)
(0,0,0)
(0,0,0)
(0,0,0)
(0,0,0)
(48.6944170952306,-73.7403233136126,-19.0605314698348)
(72.0653870598912,-125.294959912409,-31.7073369374651)
(51.6766279158394,-185.59839926014,-38.294824253161)
(10.5746550320685,-156.822668231494,-45.3969079544949)
(15.1195924646826,-122.87831565011,-57.2474909324848)
(83.9471408461997,-138.283031311004,-64.9108766411616)
(151.196451415786,-149.981454319268,-47.5359014613647)
(152.090456846751,-110.149493868139,-41.0403768776986)
(89.6562220889872,-37.7330352804331,-48.812858772071)
(48.4405440673593,-16.9258070033585,-50.7779046967289)
(0,0,0)
(0,0,0)
(0,0,0)
(0,0,0)
(0,0,0)
(0,0,0)
(0,0,0)
(0,0,0)
(0,0,0)
(0,0,0)
(0,0,0)
(0,0,0)
(0,0,0)
(0,0,0)
(0,0,0)
(0,0,0)
(0,0,0)
(0,0,0)
(0,0,0)
(0,0,0)
(0,0,0)
(0,0,0)
(0,0,0)
(0,0,0)
(0,0,0)
(0,0,0)
(0,0,0)
(0,0,0)
(0,0,0)
(0,0,0)
(0,0,0)
(0,0,0)
(0,0,0)
(0,0,0)
(0,0,0)
(0,0,0)
(0,0,0)
(0,0,0)
(0,0,0)
(0,0,0)
(0,0,0)
(0,0,0)
(0,0,0)
(0,0,0)
(0,0,0)
(0,0,0)
(0,0,0)
(0,0,0)
(0,0,0)
(0,0,0)
(0,0,0)
(0,0,0)
(0,0,0)
(0,0,0)
(0,0,0)
(0,0,0)
(0,0,0)
(0,0,0)
(0,0,0)
(0,0,0)
(0,0,0)
(0,0,0)
(0,0,0)
(0,0,0)
(0,0,0)
(0,0,0)
(0,0,0)
(0,0,0)
(0,0,0)
(0,0,0)
(0,0,0)
(0,0,0)
(0,0,0)
(0,0,0)
(0,0,0)
(0,0,0)
(0,0,0)
(0,0,0)
(0,0,0)
(0,0,0)
(0,0,0)
(0,0,0)
(0,0,0)
(0,0,0)
(0,0,0)
(0,0,0)
(0,0,0)
(0,0,0)
(0,0,0)
(0,0,0)
(0,0,0)
(0,0,0)
(0,0,0)
(0,0,0)
(0,0,0)
(0,0,0)
(0,0,0)
(0,0,0)
(0,0,0)
(0,0,0)
(0,0,0)
(0,0,0)
(0,0,0)
(0,0,0)
(0,0,0)
(0,0,0)
(0,0,0)
(0,0,0)
(0,0,0)
(0,0,0)
(0,0,0)
(0,0,0)
(0,0,0)
(0,0,0)
(0,0,0)
(0,0,0)
(0,0,0)
(0,0,0)
(0,0,0)
(0,0,0)
(0,0,0)
(0,0,0)
(0,0,0)
(0,0,0)
(0,0,0)
(0,0,0)
(0,0,0)
(0,0,0)
(0,0,0)
(0,0,0)
(0,0,0)
(0,0,0)
(0,0,0)
(0,0,0)
(0,0,0)
(0,0,0)
(0,0,0)
(0,0,0)
(0,0,0)
(0,0,0)
(0,0,0)
(0,0,0)
(0,0,0)
(0,0,0)
(0,0,0)
(0,0,0)
(0,0,0)
(0,0,0)
(0,0,0)
(0,0,0)
(0,0,0)
(0,0,0)
(0,0,0)
(0,0,0)
(0,0,0)
(0,0,0)
(0,0,0)
(0,0,0)
(0,0,0)
(0,0,0)
(0,0,0)
(0,0,0)
(0,0,0)
(0,0,0)
(0,0,0)
(0,0,0)
(0,0,0)
(0,0,0)
(0,0,0)
(0,0,0)
(0,0,0)
(0,0,0)
(0,0,0)
(0,0,0)
(0,0,0)
(0,0,0)
(0,0,0)
(0,0,0)
(0,0,0)
(0,0,0)
(0,0,0)
(0,0,0)
(0,0,0)
(0,0,0)
(0,0,0)
(0,0,0)
(0,0,0)
(0,0,0)
(0,0,0)
(0,0,0)
(0,0,0)
(0,0,0)
(0,0,0)
(0,0,0)
(0,0,0)
(0,0,0)
(0,0,0)
(0,0,0)
(0,0,0)
(0,0,0)
(0,0,0)
(0,0,0)
(0,0,0)
(0,0,0)
(0,0,0)
(0,0,0)
(0,0,0)
(0,0,0)
(0,0,0)
(0,0,0)
(0,0,0)
(0,0,0)
(0,0,0)
(0,0,0)
(0,0,0)
(0,0,0)
(0,0,0)
(0,0,0)
(0,0,0)
(0,0,0)
(0,0,0)
(0,0,0)
(0,0,0)
(0,0,0)
(0,0,0)
(0,0,0)
(0,0,0)
(0,0,0)
(0,0,0)
(0,0,0)
(0,0,0)
(0,0,0)
(0,0,0)
(0,0,0)
(0,0,0)
(0,0,0)
(0,0,0)
(0,0,0)
(0,0,0)
(0,0,0)
(0,0,0)
(0,0,0)
(0,0,0)
(0,0,0)
(0,0,0)
(0,0,0)
(0,0,0)
(0,0,0)
(0,0,0)
(0,0,0)
(0,0,0)
(0,0,0)
(0,0,0)
(0,0,0)
(0,0,0)
(0,0,0)
(0,0,0)
(0,0,0)
(0,0,0)
(0,0,0)
(0,0,0)
(0,0,0)
(0,0,0)
(0,0,0)
(0,0,0)
(0,0,0)
(0,0,0)
(0,0,0)
(0,0,0)
(0,0,0)
(0,0,0)
(0,0,0)
(0,0,0)
(0,0,0)
(0,0,0)
(0,0,0)
(0,0,0)
(0,0,0)
(0,0,0)
(0,0,0)
(0,0,0)
(0,0,0)
(0,0,0)
(0,0,0)
(0,0,0)
(0,0,0)
(0,0,0)
(0,0,0)
(0,0,0)
(0,0,0)
(0,0,0)
(0,0,0)
(0,0,0)
(0,0,0)
(0,0,0)
(0,0,0)
(0,0,0)
(0,0,0)
(0,0,0)
(0,0,0)
(0,0,0)
(0,0,0)
(0,0,0)
(0,0,0)
(0,0,0)
(0,0,0)
(0,0,0)
(0,0,0)
(0,0,0)
(0,0,0)
(0,0,0)
(0,0,0)
(0,0,0)
(0,0,0)
(0,0,0)
(0,0,0)
(0,0,0)
(0,0,0)
(0,0,0)
(0,0,0)
(0,0,0)
(0,0,0)
(0,0,0)
(0,0,0)
(0,0,0)
(0,0,0)
(0,0,0)
(0,0,0)
(0,0,0)
(0,0,0)
(0,0,0)
(0,0,0)
(0,0,0)
(0,0,0)
(0,0,0)
(0,0,0)
(0,0,0)
(0,0,0)
(0,0,0)
(0,0,0)
(0,0,0)
(0,0,0)
(0,0,0)
(0,0,0)
(0,0,0)
(0,0,0)
(0,0,0)
(0,0,0)
(0,0,0)
(0,0,0)
(0,0,0)
(0,0,0)
(0,0,0)
(0,0,0)
(0,0,0)
(0,0,0)
(0,0,0)
(0,0,0)
(0,0,0)
(0,0,0)
(0,0,0)
(0,0,0)
(0,0,0)
(0,0,0)
(0,0,0)
(0,0,0)
(0,0,0)
(0,0,0)
(0,0,0)
(0,0,0)
(0,0,0)
(0,0,0)
(0,0,0)
(0,0,0)
(0,0,0)
(0,0,0)
(0,0,0)
(0,0,0)
(0,0,0)
(0,0,0)
(0,0,0)
(0,0,0)
(0,0,0)
(0,0,0)
(0,0,0)
(0,0,0)
(0,0,0)
(0,0,0)
(0,0,0)
(0,0,0)
(0,0,0)
(0,0,0)
(0,0,0)
(0,0,0)
(0,0,0)
(0,0,0)
(0,0,0)
(0,0,0)
(0,0,0)
(0,0,0)
(0,0,0)
(0,0,0)
(0,0,0)
(0,0,0)
(0,0,0)
(0,0,0)
(0,0,0)
(0,0,0)
(0,0,0)
(0,0,0)
(0,0,0)
(0,0,0)
(0,0,0)
(0,0,0)
(0,0,0)
(0,0,0)
(0,0,0)
(0,0,0)
(0,0,0)
(0,0,0)
(0,0,0)
(0,0,0)
(0,0,0)
(0,0,0)
(0,0,0)
(0,0,0)
(0,0,0)
(0,0,0)
(0,0,0)
(0,0,0)
(0,0,0)
(0,0,0)
(0,0,0)
(0,0,0)
(0,0,0)
(0,0,0)
(0,0,0)
(0,0,0)
(0,0,0)
(0,0,0)
(0,0,0)
(0,0,0)
(0,0,0)
(0,0,0)
(0,0,0)
(0,0,0)
(0,0,0)
(0,0,0)
(0,0,0)
(0,0,0)
(0,0,0)
(0,0,0)
(0,0,0)
(0,0,0)
(0,0,0)
(0,0,0)
(0,0,0)
(0,0,0)
(0,0,0)
(0,0,0)
(0,0,0)
(0,0,0)
(0,0,0)
(0,0,0)
(0,0,0)
(0,0,0)
(0,0,0)
(0,0,0)
(0,0,0)
(0,0,0)
(0,0,0)
(0,0,0)
(0,0,0)
(0,0,0)
(0,0,0)
(0,0,0)
(0,0,0)
(0,0,0)
(0,0,0)
(0,0,0)
(0,0,0)
(0,0,0)
(0,0,0)
(0,0,0)
(0,0,0)
(0,0,0)
(0,0,0)
(0,0,0)
(0,0,0)
(0,0,0)
(0,0,0)
(0,0,0)
(0,0,0)
(0,0,0)
(0,0,0)
(0,0,0)
(0,0,0)
(0,0,0)
(0,0,0)
(0,0,0)
(0,0,0)
(0,0,0)
(0,0,0)
(0,0,0)
(0,0,0)
(0,0,0)
(0,0,0)
(0,0,0)
(0,0,0)
(0,0,0)
(0,0,0)
(0,0,0)
(0,0,0)
(0,0,0)
(0,0,0)
(0,0,0)
(0,0,0)
(0,0,0)
(0,0,0)
(0,0,0)
(0,0,0)
(0,0,0)
(0,0,0)
(0,0,0)
(0,0,0)
(0,0,0)
(0,0,0)
(0,0,0)
(0,0,0)
(0,0,0)
(0,0,0)
(0,0,0)
(0,0,0)
(0,0,0)
(0,0,0)
(0,0,0)
(0,0,0)
(0,0,0)
(0,0,0)
(0,0,0)
(0,0,0)
(0,0,0)
(0,0,0)
(0,0,0)
(0,0,0)
(0,0,0)
(0,0,0)
(0,0,0)
(0,0,0)
(0,0,0)
(0,0,0)
(0,0,0)
(0,0,0)
(0,0,0)
(0,0,0)
(0,0,0)
(0,0,0)
(0,0,0)
(0,0,0)
(0,0,0)
(0,0,0)
(0,0,0)
(0,0,0)
(0,0,0)
(0,0,0)
(0,0,0)
(0,0,0)
(0,0,0)
(0,0,0)
(0,0,0)
(0,0,0)
(0,0,0)
(0,0,0)
(0,0,0)
(0,0,0)
(0,0,0)
(0,0,0)
(0,0,0)
(0,0,0)
(0,0,0)
(0,0,0)
(0,0,0)
(0,0,0)
(0,0,0)
(0,0,0)
(0,0,0)
(0,0,0)
(0,0,0)
(0,0,0)
(0,0,0)
(0,0,0)
(0,0,0)
(0,0,0)
(0,0,0)
(0,0,0)
(0,0,0)
(0,0,0)
(0,0,0)
(0,0,0)
(0,0,0)
(0,0,0)
(0,0,0)
(0,0,0)
(0,0,0)
(0,0,0)
(0,0,0)
(0,0,0)
(0,0,0)
(0,0,0)
(0,0,0)
(0,0,0)
(0,0,0)
(0,0,0)
(0,0,0)
(0,0,0)
(0,0,0)
(0,0,0)
(0,0,0)
(0,0,0)
(0,0,0)
(0,0,0)
(0,0,0)
(0,0,0)
(0,0,0)
(0,0,0)
(0,0,0)
(0,0,0)
(0,0,0)
(0,0,0)
(0,0,0)
(0,0,0)
(0,0,0)
(0,0,0)
(0,0,0)
(0,0,0)
(0,0,0)
(0,0,0)
(0,0,0)
(0,0,0)
(0,0,0)
(0,0,0)
(0,0,0)
(0,0,0)
(0,0,0)
(0,0,0)
(0,0,0)
(0,0,0)
(0,0,0)
(0,0,0)
(0,0,0)
(0,0,0)
(0,0,0)
(0,0,0)
(0,0,0)
(0,0,0)
(0,0,0)
(0,0,0)
(0,0,0)
(0,0,0)
(0,0,0)
(0,0,0)
(0,0,0)
(0,0,0)
(0,0,0)
(0,0,0)
(0,0,0)
(0,0,0)
(0,0,0)
(0,0,0)
(0,0,0)
(0,0,0)
(0,0,0)
(0,0,0)
(0,0,0)
(0,0,0)
(0,0,0)
(0,0,0)
(0,0,0)
(0,0,0)
(0,0,0)
(0,0,0)
(0,0,0)
(0,0,0)
(0,0,0)
(0,0,0)
(0,0,0)
(0,0,0)
(0,0,0)
(0,0,0)
(0,0,0)
(0,0,0)
(0,0,0)
(0,0,0)
(0,0,0)
(0,0,0)
(0,0,0)
(0,0,0)
(0,0,0)
(0,0,0)
(0,0,0)
(0,0,0)
(0,0,0)
(0,0,0)
(0,0,0)
(0,0,0)
(0,0,0)
(0,0,0)
(0,0,0)
(0,0,0)
(0,0,0)
(0,0,0)
(0,0,0)
(0,0,0)
(0,0,0)
(0,0,0)
(0,0,0)
(0,0,0)
(0,0,0)
(0,0,0)
(0,0,0)
(0,0,0)
(0,0,0)
(0,0,0)
(0,0,0)
(0,0,0)
(0,0,0)
(0,0,0)
(0,0,0)
(0,0,0)
(0,0,0)
(0,0,0)
(0,0,0)
(0,0,0)
(0,0,0)
(0,0,0)
(0,0,0)
(0,0,0)
(0,0,0)
(0,0,0)
(0,0,0)
(0,0,0)
(0,0,0)
(0,0,0)
(0,0,0)
(0,0,0)
(0,0,0)
(0,0,0)
(0,0,0)
(0,0,0)
(0,0,0)
(0,0,0)
(0,0,0)
(0,0,0)
(0,0,0)
(0,0,0)
(0,0,0)
(0,0,0)
(0,0,0)
(0,0,0)
(0,0,0)
(0,0,0)
(0,0,0)
(0,0,0)
(0,0,0)
(0,0,0)
(0,0,0)
(0,0,0)
(0,0,0)
(0,0,0)
(0,0,0)
(0,0,0)
(0,0,0)
(0,0,0)
(0,0,0)
(0,0,0)
(0,0,0)
(0,0,0)
(0,0,0)
(0,0,0)
(0,0,0)
(0,0,0)
(0,0,0)
(0,0,0)
(0,0,0)
(0,0,0)
(0,0,0)
(0,0,0)
(0,0,0)
(0,0,0)
(0,0,0)
(0,0,0)
(0,0,0)
(0,0,0)
(0,0,0)
(0,0,0)
(0,0,0)
(0,0,0)
(0,0,0)
(0,0,0)
(0,0,0)
(0,0,0)
(0,0,0)
(0,0,0)
(0,0,0)
(0,0,0)
(0,0,0)
(0,0,0)
(0,0,0)
(0,0,0)
(0,0,0)
(0,0,0)
(0,0,0)
(0,0,0)
(0,0,0)
(0,0,0)
(0,0,0)
(0,0,0)
(0,0,0)
(0,0,0)
)
;

boundaryField
{
    fuel
    {
        type            fixedValue;
        value           uniform (0.1 0 0);
    }
    air
    {
        type            fixedValue;
        value           uniform (-0.1 0 0);
    }
    outlet
    {
        type            zeroGradient;
    }
    frontAndBack
    {
        type            empty;
    }
}


// ************************************************************************* //
 