/*--------------------------------*- C++ -*----------------------------------*\
| =========                 |                                                 |
| \\      /  F ield         | foam-extend: Open Source Cstd::filesystem::create_directory();FD                    |
|  \\    /   O peration     | Version:     4.0                                |
|   \\  /    A nd           | Web:         http://www.foam-extend.org         |
|    \\/     M anipulation  |                                                 |
\*---------------------------------------------------------------------------*/
FoamFile
{
    version 2.0;
    format ascii;
    class volVectorField;
    location "Data/480";
    object      H;
}
// * * * * * * * * * * * * * * * * * * * * * * * * * * * * * * * * * * * * * //

dimensions      [0 1 -1 0 0 0 0];

internalField   nonuniform List<vector>
4096
(
(0,0,0)
(0,0,0)
(0,0,0)
(0,0,0)
(0,0,0)
(0,0,0)
(0,0,0)
(0,0,0)
(0,0,0)
(0,0,0)
(0,0,0)
(0,0,0)
(0,0,0)
(0,0,0)
(0,0,0)
(0,0,0)
(0,0,0)
(0,0,0)
(0,0,0)
(0,0,0)
(0,0,0)
(0,0,0)
(0,0,0)
(0,0,0)
(0,0,0)
(0,0,0)
(0,0,0)
(0,0,0)
(0,0,0)
(0,0,0)
(0,0,0)
(0,0,0)
(0,0,0)
(0,0,0)
(0,0,0)
(0,0,0)
(0,0,0)
(0,0,0)
(0,0,0)
(0,0,0)
(0,0,0)
(0,0,0)
(0,0,0)
(0,0,0)
(0,0,0)
(0,0,0)
(0,0,0)
(0,0,0)
(0,0,0)
(0,0,0)
(0,0,0)
(0,0,0)
(0,0,0)
(0,0,0)
(0,0,0)
(0,0,0)
(0,0,0)
(0,0,0)
(0,0,0)
(0,0,0)
(0,0,0)
(0,0,0)
(0,0,0)
(0,0,0)
(0,0,0)
(0,0,0)
(0,0,0)
(0,0,0)
(0,0,0)
(0,0,0)
(0,0,0)
(0,0,0)
(0,0,0)
(0,0,0)
(0,0,0)
(0,0,0)
(0,0,0)
(0,0,0)
(0,0,0)
(0,0,0)
(0,0,0)
(0,0,0)
(0,0,0)
(0,0,0)
(0,0,0)
(0,0,0)
(0,0,0)
(0,0,0)
(0,0,0)
(0,0,0)
(0,0,0)
(0,0,0)
(0,0,0)
(0,0,0)
(0,0,0)
(0,0,0)
(0,0,0)
(0,0,0)
(0,0,0)
(0,0,0)
(0,0,0)
(0,0,0)
(0,0,0)
(0,0,0)
(0,0,0)
(0,0,0)
(0,0,0)
(0,0,0)
(0,0,0)
(0,0,0)
(0,0,0)
(0,0,0)
(0,0,0)
(0,0,0)
(0,0,0)
(0,0,0)
(0,0,0)
(0,0,0)
(0,0,0)
(0,0,0)
(0,0,0)
(0,0,0)
(0,0,0)
(0,0,0)
(0,0,0)
(0,0,0)
(0,0,0)
(0,0,0)
(0,0,0)
(0,0,0)
(0,0,0)
(0,0,0)
(0,0,0)
(0,0,0)
(0,0,0)
(0,0,0)
(0,0,0)
(0,0,0)
(0,0,0)
(0,0,0)
(0,0,0)
(0,0,0)
(0,0,0)
(0,0,0)
(0,0,0)
(0,0,0)
(0,0,0)
(0,0,0)
(0,0,0)
(0,0,0)
(0,0,0)
(0,0,0)
(0,0,0)
(0,0,0)
(0,0,0)
(0,0,0)
(0,0,0)
(0,0,0)
(0,0,0)
(0,0,0)
(0,0,0)
(0,0,0)
(0,0,0)
(0,0,0)
(0,0,0)
(0,0,0)
(0,0,0)
(0,0,0)
(0,0,0)
(0,0,0)
(0,0,0)
(0,0,0)
(0,0,0)
(0,0,0)
(0,0,0)
(0,0,0)
(0,0,0)
(0,0,0)
(0,0,0)
(0,0,0)
(0,0,0)
(0,0,0)
(0,0,0)
(0,0,0)
(0,0,0)
(0,0,0)
(0,0,0)
(0,0,0)
(0,0,0)
(0,0,0)
(0,0,0)
(0,0,0)
(0,0,0)
(0,0,0)
(0,0,0)
(0,0,0)
(0,0,0)
(0,0,0)
(0,0,0)
(0,0,0)
(0,0,0)
(0,0,0)
(0,0,0)
(0,0,0)
(0,0,0)
(0,0,0)
(0,0,0)
(0,0,0)
(0,0,0)
(0,0,0)
(0,0,0)
(0,0,0)
(0,0,0)
(0,0,0)
(0,0,0)
(0,0,0)
(0,0,0)
(0,0,0)
(0,0,0)
(0,0,0)
(0,0,0)
(0,0,0)
(0,0,0)
(0,0,0)
(0,0,0)
(0,0,0)
(0,0,0)
(0,0,0)
(0,0,0)
(0,0,0)
(0,0,0)
(0,0,0)
(0,0,0)
(0,0,0)
(0,0,0)
(0,0,0)
(0,0,0)
(0,0,0)
(0,0,0)
(0,0,0)
(0,0,0)
(0,0,0)
(0,0,0)
(0,0,0)
(0,0,0)
(0,0,0)
(0,0,0)
(0,0,0)
(0,0,0)
(0,0,0)
(0,0,0)
(0,0,0)
(0,0,0)
(0,0,0)
(0,0,0)
(0,0,0)
(0,0,0)
(0,0,0)
(0,0,0)
(0,0,0)
(0,0,0)
(0,0,0)
(0,0,0)
(0,0,0)
(0,0,0)
(0,0,0)
(0,0,0)
(0,0,0)
(0,0,0)
(0,0,0)
(0,0,0)
(0,0,0)
(0,0,0)
(0,0,0)
(0,0,0)
(0,0,0)
(0,0,0)
(0,0,0)
(0,0,0)
(0,0,0)
(0,0,0)
(0,0,0)
(0,0,0)
(0,0,0)
(0,0,0)
(0,0,0)
(0,0,0)
(0,0,0)
(0,0,0)
(0,0,0)
(0,0,0)
(0,0,0)
(0,0,0)
(0,0,0)
(0,0,0)
(0,0,0)
(0,0,0)
(0,0,0)
(0,0,0)
(0,0,0)
(0,0,0)
(0,0,0)
(0,0,0)
(0,0,0)
(0,0,0)
(0,0,0)
(0,0,0)
(0,0,0)
(0,0,0)
(0,0,0)
(0,0,0)
(0,0,0)
(0,0,0)
(0,0,0)
(0,0,0)
(0,0,0)
(0,0,0)
(0,0,0)
(0,0,0)
(0,0,0)
(0,0,0)
(0,0,0)
(0,0,0)
(0,0,0)
(0,0,0)
(0,0,0)
(0,0,0)
(0,0,0)
(0,0,0)
(0,0,0)
(0,0,0)
(0,0,0)
(0,0,0)
(0,0,0)
(0,0,0)
(0,0,0)
(0,0,0)
(0,0,0)
(0,0,0)
(0,0,0)
(0,0,0)
(0,0,0)
(0,0,0)
(0,0,0)
(0,0,0)
(0,0,0)
(0,0,0)
(0,0,0)
(0,0,0)
(0,0,0)
(0,0,0)
(0,0,0)
(0,0,0)
(0,0,0)
(0,0,0)
(0,0,0)
(0,0,0)
(0,0,0)
(0,0,0)
(0,0,0)
(0,0,0)
(0,0,0)
(0,0,0)
(0,0,0)
(0,0,0)
(0,0,0)
(0,0,0)
(0,0,0)
(0,0,0)
(0,0,0)
(0,0,0)
(0,0,0)
(0,0,0)
(0,0,0)
(0,0,0)
(0,0,0)
(0,0,0)
(0,0,0)
(0,0,0)
(0,0,0)
(0,0,0)
(0,0,0)
(0,0,0)
(0,0,0)
(0,0,0)
(0,0,0)
(0,0,0)
(0,0,0)
(0,0,0)
(0,0,0)
(0,0,0)
(0,0,0)
(0,0,0)
(0,0,0)
(0,0,0)
(0,0,0)
(0,0,0)
(0,0,0)
(0,0,0)
(0,0,0)
(0,0,0)
(0,0,0)
(0,0,0)
(0,0,0)
(0,0,0)
(0,0,0)
(0,0,0)
(0,0,0)
(0,0,0)
(0,0,0)
(0,0,0)
(0,0,0)
(0,0,0)
(0,0,0)
(0,0,0)
(0,0,0)
(0,0,0)
(0,0,0)
(0,0,0)
(0,0,0)
(0,0,0)
(0,0,0)
(0,0,0)
(0,0,0)
(0,0,0)
(0,0,0)
(0,0,0)
(0,0,0)
(0,0,0)
(0,0,0)
(0,0,0)
(0,0,0)
(0,0,0)
(0,0,0)
(0,0,0)
(0,0,0)
(0,0,0)
(0,0,0)
(0,0,0)
(0,0,0)
(0,0,0)
(0,0,0)
(0,0,0)
(0,0,0)
(0,0,0)
(0,0,0)
(0,0,0)
(0,0,0)
(0,0,0)
(0,0,0)
(0,0,0)
(0,0,0)
(0,0,0)
(0,0,0)
(0,0,0)
(0,0,0)
(0,0,0)
(0,0,0)
(0,0,0)
(0,0,0)
(0,0,0)
(0,0,0)
(0,0,0)
(0,0,0)
(0,0,0)
(0,0,0)
(0,0,0)
(0,0,0)
(0,0,0)
(0,0,0)
(0,0,0)
(0,0,0)
(0,0,0)
(0,0,0)
(0,0,0)
(0,0,0)
(0,0,0)
(0,0,0)
(0,0,0)
(0,0,0)
(0,0,0)
(0,0,0)
(0,0,0)
(0,0,0)
(0,0,0)
(0,0,0)
(0,0,0)
(0,0,0)
(0,0,0)
(0,0,0)
(0,0,0)
(0,0,0)
(0,0,0)
(0,0,0)
(0,0,0)
(0,0,0)
(0,0,0)
(0,0,0)
(0,0,0)
(0,0,0)
(0,0,0)
(0,0,0)
(0,0,0)
(0,0,0)
(0,0,0)
(0,0,0)
(0,0,0)
(0,0,0)
(0,0,0)
(0,0,0)
(0,0,0)
(0,0,0)
(0,0,0)
(0,0,0)
(0,0,0)
(0,0,0)
(0,0,0)
(0,0,0)
(0,0,0)
(0,0,0)
(0,0,0)
(0,0,0)
(0,0,0)
(0,0,0)
(0,0,0)
(0,0,0)
(0,0,0)
(0,0,0)
(0,0,0)
(0,0,0)
(0,0,0)
(0,0,0)
(0,0,0)
(0,0,0)
(0,0,0)
(0,0,0)
(0,0,0)
(0,0,0)
(0,0,0)
(0,0,0)
(0,0,0)
(0,0,0)
(0,0,0)
(0,0,0)
(0,0,0)
(0,0,0)
(0,0,0)
(0,0,0)
(0,0,0)
(0,0,0)
(0,0,0)
(0,0,0)
(0,0,0)
(0,0,0)
(0,0,0)
(0,0,0)
(0,0,0)
(0,0,0)
(0,0,0)
(0,0,0)
(0,0,0)
(0,0,0)
(0,0,0)
(0,0,0)
(0,0,0)
(0,0,0)
(0,0,0)
(0,0,0)
(0,0,0)
(0,0,0)
(0,0,0)
(0,0,0)
(0,0,0)
(0,0,0)
(0,0,0)
(0,0,0)
(0,0,0)
(0,0,0)
(0,0,0)
(0,0,0)
(0,0,0)
(0,0,0)
(0,0,0)
(0,0,0)
(0,0,0)
(0,0,0)
(0,0,0)
(0,0,0)
(0,0,0)
(0,0,0)
(0,0,0)
(0,0,0)
(0,0,0)
(0,0,0)
(0,0,0)
(0,0,0)
(0,0,0)
(0,0,0)
(0,0,0)
(0,0,0)
(0,0,0)
(0,0,0)
(0,0,0)
(0,0,0)
(0,0,0)
(0,0,0)
(0,0,0)
(0,0,0)
(0,0,0)
(0,0,0)
(0,0,0)
(0,0,0)
(0,0,0)
(0,0,0)
(0,0,0)
(0,0,0)
(0,0,0)
(0,0,0)
(0,0,0)
(0,0,0)
(0,0,0)
(0,0,0)
(0,0,0)
(0,0,0)
(0,0,0)
(0,0,0)
(0,0,0)
(0,0,0)
(0,0,0)
(0,0,0)
(0,0,0)
(0,0,0)
(0,0,0)
(0,0,0)
(0,0,0)
(0,0,0)
(0,0,0)
(0,0,0)
(0,0,0)
(0,0,0)
(0,0,0)
(0,0,0)
(0,0,0)
(0,0,0)
(0,0,0)
(0,0,0)
(0,0,0)
(0,0,0)
(0,0,0)
(0,0,0)
(0,0,0)
(0,0,0)
(0,0,0)
(0,0,0)
(0,0,0)
(0,0,0)
(0,0,0)
(0,0,0)
(0,0,0)
(0,0,0)
(0,0,0)
(0,0,0)
(0,0,0)
(0,0,0)
(0,0,0)
(0,0,0)
(0,0,0)
(0,0,0)
(0,0,0)
(0,0,0)
(0,0,0)
(0,0,0)
(0,0,0)
(0,0,0)
(0,0,0)
(0,0,0)
(0,0,0)
(0,0,0)
(0,0,0)
(0,0,0)
(0,0,0)
(0,0,0)
(0,0,0)
(0,0,0)
(0,0,0)
(0,0,0)
(0,0,0)
(0,0,0)
(0,0,0)
(0,0,0)
(0,0,0)
(0,0,0)
(0,0,0)
(0,0,0)
(0,0,0)
(0,0,0)
(0,0,0)
(0,0,0)
(0,0,0)
(0,0,0)
(0,0,0)
(0,0,0)
(0,0,0)
(0,0,0)
(0,0,0)
(0,0,0)
(0,0,0)
(0,0,0)
(0,0,0)
(0,0,0)
(0,0,0)
(0,0,0)
(0,0,0)
(0,0,0)
(0,0,0)
(0,0,0)
(0,0,0)
(0,0,0)
(0,0,0)
(0,0,0)
(0,0,0)
(0,0,0)
(0,0,0)
(0,0,0)
(0,0,0)
(0,0,0)
(0,0,0)
(0,0,0)
(0,0,0)
(0,0,0)
(0,0,0)
(0,0,0)
(0,0,0)
(0,0,0)
(0,0,0)
(0,0,0)
(0,0,0)
(0,0,0)
(0,0,0)
(0,0,0)
(0,0,0)
(0,0,0)
(0,0,0)
(0,0,0)
(0,0,0)
(0,0,0)
(0,0,0)
(0,0,0)
(0,0,0)
(0,0,0)
(0,0,0)
(0,0,0)
(0,0,0)
(0,0,0)
(0,0,0)
(0,0,0)
(0,0,0)
(0,0,0)
(0,0,0)
(0,0,0)
(0,0,0)
(0,0,0)
(0,0,0)
(0,0,0)
(0,0,0)
(0,0,0)
(0,0,0)
(0,0,0)
(0,0,0)
(0,0,0)
(0,0,0)
(0,0,0)
(0,0,0)
(0,0,0)
(0,0,0)
(0,0,0)
(0,0,0)
(0,0,0)
(0,0,0)
(0,0,0)
(0,0,0)
(0,0,0)
(0,0,0)
(0,0,0)
(0,0,0)
(0,0,0)
(0,0,0)
(0,0,0)
(0,0,0)
(0,0,0)
(0,0,0)
(0,0,0)
(0,0,0)
(0,0,0)
(0,0,0)
(0,0,0)
(0,0,0)
(0,0,0)
(0,0,0)
(0,0,0)
(0,0,0)
(0,0,0)
(0,0,0)
(0,0,0)
(0,0,0)
(0,0,0)
(0,0,0)
(0,0,0)
(0,0,0)
(0,0,0)
(0,0,0)
(0,0,0)
(0,0,0)
(0,0,0)
(0,0,0)
(0,0,0)
(0,0,0)
(0,0,0)
(0,0,0)
(-1.85131035292067e-13,2.31163384545143e-12,-2.25103245508672e-12)
(-9.62196476858218e-13,4.49605124910549e-12,-1.84820074577291e-12)
(-1.51536303246254e-12,9.11248674412307e-12,-1.76285447278584e-12)
(-6.09458250993553e-13,1.59834515280364e-11,-1.90237559548408e-12)
(2.77044950971294e-13,2.78285959433914e-11,-1.58729203861509e-12)
(6.3814467562625e-13,4.49981316652368e-11,-5.72612351999528e-13)
(1.7819659612185e-12,7.14379999429974e-11,5.22576963406955e-14)
(1.76642351948076e-12,1.15553851579852e-10,2.6332615937248e-13)
(8.12476513429445e-13,1.88569535702482e-10,6.02824555436529e-13)
(5.48383089543559e-13,2.89696348952624e-10,3.98071256033058e-13)
(0,0,0)
(0,0,0)
(0,0,0)
(0,0,0)
(0,0,0)
(0,0,0)
(-1.31573327884938e-12,2.17186603712556e-12,-5.53900796927474e-12)
(-2.58579709424504e-12,4.47636658717845e-12,-5.44971769824137e-12)
(-3.24377569559861e-12,9.03605472488974e-12,-5.54069693513088e-12)
(-2.19538115628595e-12,1.59250863100131e-11,-5.36273461891243e-12)
(-1.09916782633523e-12,2.72708745913522e-11,-4.50116803113445e-12)
(3.86235988605177e-13,4.45272059021472e-11,-2.95317327901803e-12)
(2.42540176398407e-12,7.1370612382557e-11,-1.58117747934719e-12)
(2.38287595562883e-12,1.15405757297529e-10,-6.40324976494455e-13)
(1.05782546739915e-12,1.88587508678504e-10,1.66586806883401e-13)
(4.14474652511202e-13,2.89904588965148e-10,3.5009396984179e-13)
(0,0,0)
(0,0,0)
(0,0,0)
(0,0,0)
(0,0,0)
(0,0,0)
(-2.61068187812958e-12,1.91350471789053e-12,-1.03209700388643e-11)
(-3.45712929987551e-12,3.9965149564336e-12,-1.04822448827088e-11)
(-3.48577710012212e-12,8.22514716512202e-12,-1.05226251873074e-11)
(-2.7188644695287e-12,1.50344702270082e-11,-9.84373126318483e-12)
(-1.69118638521127e-12,2.60237319238324e-11,-8.28625276019273e-12)
(-7.15769569640984e-14,4.34134040582225e-11,-6.29804638146885e-12)
(1.30683655665891e-12,7.0780797099432e-11,-4.2643385001704e-12)
(2.89455947417091e-13,1.15293165201572e-10,-2.61816178962845e-12)
(-1.44078969429228e-12,1.88682547979857e-10,-1.33680195524375e-12)
(-1.90072954792828e-12,2.90375905423193e-10,-3.04461397788964e-13)
(0,0,0)
(0,0,0)
(0,0,0)
(0,0,0)
(0,0,0)
(0,0,0)
(-2.96723437406728e-12,1.49323164075366e-12,-1.76343746471663e-11)
(-3.46534179345527e-12,3.28926875596305e-12,-1.78747355561616e-11)
(-3.23920197348455e-12,6.91358473071711e-12,-1.79262604112361e-11)
(-2.71988919456348e-12,1.33110107193438e-11,-1.72566928676306e-11)
(-2.23929130252594e-12,2.41776546012276e-11,-1.53130680422024e-11)
(-1.55434549844478e-12,4.15891375807725e-11,-1.26698277680977e-11)
(-1.25173650089769e-12,6.94092855835276e-11,-1.01467357596238e-11)
(-2.79628386194779e-12,1.14419371351641e-10,-7.87965578353908e-12)
(-4.66582465781571e-12,1.8770610525653e-10,-5.57960169535858e-12)
(-4.90418635676681e-12,2.89783508552818e-10,-2.94077049241408e-12)
(0,0,0)
(0,0,0)
(0,0,0)
(0,0,0)
(0,0,0)
(0,0,0)
(-2.34041297581235e-12,1.13273930892701e-12,-2.87949751779702e-11)
(-2.35639995969535e-12,2.66777165416212e-12,-2.91828702345153e-11)
(-2.37623557889031e-12,5.77105189876143e-12,-2.92537415976076e-11)
(-2.30527264875357e-12,1.12192936583549e-11,-2.84947244125682e-11)
(-1.70854926265527e-12,2.13985631730014e-11,-2.65924090206158e-11)
(-1.7357557795437e-12,3.87227463796218e-11,-2.39824238038884e-11)
(-2.61330336628802e-12,6.71115072407873e-11,-2.09562114051611e-11)
(-3.87420831486092e-12,1.12302994126608e-10,-1.69955246772201e-11)
(-4.66064036091593e-12,1.84984462563593e-10,-1.24654610277949e-11)
(-4.54520750786254e-12,2.86574362529239e-10,-6.86435862448302e-12)
(0,0,0)
(0,0,0)
(0,0,0)
(0,0,0)
(0,0,0)
(0,0,0)
(-1.0512117028107e-12,1.11592827755446e-12,-4.59408096570887e-11)
(-7.58167575737689e-13,2.24916434739785e-12,-4.59435481277867e-11)
(-4.54419544874701e-13,4.64102266496489e-12,-4.56777730654966e-11)
(-6.42220408067738e-13,9.17663933346342e-12,-4.48388555913445e-11)
(-7.37889455992423e-13,1.85623651502728e-11,-4.33533826855822e-11)
(-1.37960898459561e-12,3.52720228718149e-11,-4.05810330596103e-11)
(-1.74806728751212e-12,6.38951271247297e-11,-3.6096243285928e-11)
(-1.96498942366614e-12,1.08309073632309e-10,-2.99492706388053e-11)
(-2.26251518389308e-12,1.79710166552844e-10,-2.17503398877347e-11)
(-2.16600647660293e-12,2.80080229855923e-10,-1.15759155567468e-11)
(0,0,0)
(0,0,0)
(0,0,0)
(0,0,0)
(0,0,0)
(0,0,0)
(-1.40589199062056e-12,1.09124436707167e-12,-7.12380381722755e-11)
(-1.27858868168561e-12,1.78372887186492e-12,-7.11753721957476e-11)
(-7.48224679154454e-13,3.72320092414498e-12,-7.10045841375718e-11)
(-6.08037740431347e-13,7.68406667442878e-12,-7.02867024657114e-11)
(-2.80481472277483e-13,1.57664399872271e-11,-6.9362667973334e-11)
(-5.50591943187954e-13,3.09194725038391e-11,-6.64244319289694e-11)
(5.83279591073207e-13,5.81271442913611e-11,-6.03970183713819e-11)
(8.76478965541973e-13,1.0063013964684e-10,-5.17088517276251e-11)
(-1.49335852499608e-13,1.69994428513332e-10,-3.83579375016564e-11)
(-1.16957627320993e-12,2.68900162811359e-10,-2.05690391962783e-11)
(0,0,0)
(0,0,0)
(0,0,0)
(0,0,0)
(0,0,0)
(0,0,0)
(-5.21163638921129e-13,9.6079691025097e-13,-1.14013661840794e-10)
(-4.49790040526834e-13,1.39625557167639e-12,-1.13879852035261e-10)
(-2.74544516979452e-13,2.98299471419664e-12,-1.13538385582418e-10)
(3.53132424753686e-14,6.64893587197258e-12,-1.13006173212088e-10)
(1.68546170097111e-12,1.32838584072545e-11,-1.1202873508936e-10)
(1.9927234543211e-12,2.6293144548652e-11,-1.08393539952928e-10)
(2.6449430889258e-12,4.98917913015996e-11,-1.00975844022356e-10)
(2.60764820936219e-12,8.78047960142339e-11,-8.83031174697741e-11)
(1.55962813566335e-12,1.52518394907212e-10,-6.8088842611341e-11)
(7.60331713273748e-13,2.47752922930923e-10,-3.84403032022818e-11)
(0,0,0)
(0,0,0)
(0,0,0)
(0,0,0)
(0,0,0)
(0,0,0)
(-4.63038106409981e-14,1.33747589148357e-12,-1.87156430746014e-10)
(-1.87399553356665e-13,1.62244337150414e-12,-1.86438677980019e-10)
(5.22811500927308e-15,2.71609951725002e-12,-1.85434770205903e-10)
(1.11098985754083e-12,5.27052359248857e-12,-1.84363568399968e-10)
(4.0926513339256e-12,1.00208975898209e-11,-1.82730381950372e-10)
(5.8598277393039e-12,1.96854083045757e-11,-1.78169458958081e-10)
(6.58754681069075e-12,3.72099571869749e-11,-1.68599948895086e-10)
(6.4455782839934e-12,6.74818521479896e-11,-1.51496727238987e-10)
(4.55193855432921e-12,1.22632879863461e-10,-1.22119562728503e-10)
(3.11087807855674e-12,2.08329675293343e-10,-7.33247623327677e-11)
(0,0,0)
(0,0,0)
(0,0,0)
(0,0,0)
(0,0,0)
(0,0,0)
(-3.61420320147482e-13,1.24863920704977e-12,-2.8953675020843e-10)
(-9.57078587037756e-13,1.18896326662906e-12,-2.87858016759671e-10)
(-2.33388801146595e-13,1.63739279077613e-12,-2.86443530346704e-10)
(2.29275561987485e-12,2.77084850206922e-12,-2.84987751975226e-10)
(5.9069233660453e-12,5.34047391414165e-12,-2.8298241637833e-10)
(9.03042247490979e-12,1.06848126930404e-11,-2.78035933601767e-10)
(9.26575949247513e-12,2.04276960667895e-11,-2.66762594316968e-10)
(8.23537846696282e-12,3.83283083233168e-11,-2.45795683149602e-10)
(5.71299542878599e-12,7.36420249010544e-11,-2.07029093211468e-10)
(3.39570379101589e-12,1.34117725155403e-10,-1.33365447385064e-10)
(0,0,0)
(0,0,0)
(0,0,0)
(0,0,0)
(0,0,0)
(0,0,0)
(0,0,0)
(0,0,0)
(0,0,0)
(0,0,0)
(0,0,0)
(0,0,0)
(0,0,0)
(0,0,0)
(0,0,0)
(0,0,0)
(0,0,0)
(0,0,0)
(0,0,0)
(0,0,0)
(0,0,0)
(0,0,0)
(0,0,0)
(0,0,0)
(0,0,0)
(0,0,0)
(0,0,0)
(0,0,0)
(0,0,0)
(0,0,0)
(0,0,0)
(0,0,0)
(0,0,0)
(0,0,0)
(0,0,0)
(0,0,0)
(0,0,0)
(0,0,0)
(0,0,0)
(0,0,0)
(0,0,0)
(0,0,0)
(0,0,0)
(0,0,0)
(0,0,0)
(0,0,0)
(0,0,0)
(0,0,0)
(0,0,0)
(0,0,0)
(0,0,0)
(0,0,0)
(0,0,0)
(0,0,0)
(0,0,0)
(0,0,0)
(0,0,0)
(0,0,0)
(0,0,0)
(0,0,0)
(0,0,0)
(0,0,0)
(0,0,0)
(0,0,0)
(0,0,0)
(0,0,0)
(0,0,0)
(0,0,0)
(0,0,0)
(0,0,0)
(0,0,0)
(0,0,0)
(0,0,0)
(0,0,0)
(0,0,0)
(0,0,0)
(0,0,0)
(0,0,0)
(0,0,0)
(0,0,0)
(0,0,0)
(0,0,0)
(0,0,0)
(0,0,0)
(0,0,0)
(0,0,0)
(0,0,0)
(0,0,0)
(0,0,0)
(0,0,0)
(0,0,0)
(0,0,0)
(0,0,0)
(0,0,0)
(0,0,0)
(0,0,0)
(0,0,0)
(0,0,0)
(0,0,0)
(0,0,0)
(0,0,0)
(0,0,0)
(-4.48194936279007e-13,4.51396916945352e-12,-4.71215331007178e-12)
(-1.02785808791724e-12,9.62802846629894e-12,-4.12420203085659e-12)
(-1.29940989054217e-12,1.81132370448759e-11,-3.62413743625577e-12)
(-8.66176589846386e-13,3.09670329699664e-11,-3.32885184518778e-12)
(-1.79913383641949e-13,5.16309998961857e-11,-2.50791095289487e-12)
(4.84200390447556e-13,8.16761475366939e-11,-9.26375342051796e-13)
(1.63828505869281e-12,1.27840134522049e-10,3.606671281617e-13)
(1.57501940554378e-12,2.05081978126159e-10,1.04029884021189e-12)
(9.99256836747325e-13,3.50964979351441e-10,1.39555151975339e-12)
(7.38214332832952e-13,6.82300823123758e-10,9.25863739752649e-13)
(0,0,0)
(0,0,0)
(0,0,0)
(0,0,0)
(0,0,0)
(0,0,0)
(-1.14666223064906e-12,4.18322976434197e-12,-1.20399694822693e-11)
(-2.01496622660854e-12,9.23252085470747e-12,-1.13243286030075e-11)
(-2.61083045203895e-12,1.7537777517342e-11,-1.05575262576352e-11)
(-2.16633166105723e-12,3.02989070735009e-11,-9.47753569462511e-12)
(-1.40001991092672e-12,5.04846684960955e-11,-7.32359442614166e-12)
(1.28042032830745e-13,8.0839179782424e-11,-4.42964522813484e-12)
(2.07436454422268e-12,1.27674254683612e-10,-1.67235898664329e-12)
(1.68855626835534e-12,2.05085272060235e-10,1.59509965939408e-13)
(7.79279003347923e-13,3.51497857120204e-10,1.01770880681885e-12)
(2.93252164519215e-13,6.83114641804059e-10,9.5783616174817e-13)
(0,0,0)
(0,0,0)
(0,0,0)
(0,0,0)
(0,0,0)
(0,0,0)
(-2.02913395714781e-12,3.54354223191867e-12,-2.19357426416307e-11)
(-2.70950279480776e-12,8.31242157805108e-12,-2.13051700789876e-11)
(-2.85310858983884e-12,1.60829614971506e-11,-2.03625893338869e-11)
(-2.55288346485134e-12,2.82511480026914e-11,-1.84601740187501e-11)
(-1.83331544133837e-12,4.7809206598953e-11,-1.48607428215245e-11)
(-2.81018360856793e-13,7.83665308319283e-11,-1.05240977045617e-11)
(1.03217136199658e-12,1.26231947156452e-10,-5.75040068477178e-12)
(-1.18110037017961e-13,2.04835007843378e-10,-2.91247418670093e-12)
(-1.49668752841794e-12,3.51931584801811e-10,-1.48175594784873e-12)
(-1.61279407561486e-12,6.84361986774913e-10,-4.46910510973862e-13)
(0,0,0)
(0,0,0)
(0,0,0)
(0,0,0)
(0,0,0)
(0,0,0)
(-2.36638113324571e-12,2.80459658440753e-12,-3.52124492507126e-11)
(-2.79231983657936e-12,6.99520741071227e-12,-3.47269721814078e-11)
(-2.76623668513394e-12,1.37277380968449e-11,-3.35102536735039e-11)
(-2.57179695900093e-12,2.46832176832657e-11,-3.12791817986352e-11)
(-2.10344014840856e-12,4.34036615570567e-11,-2.70361424292138e-11)
(-1.21104630576243e-12,7.33313196323784e-11,-2.13670527691256e-11)
(-1.22103813426418e-12,1.22882380714988e-10,-1.51997883552571e-11)
(-2.97996072509134e-12,2.03814764232599e-10,-1.15102684932448e-11)
(-4.58301316757205e-12,3.51151350830757e-10,-8.36308520056359e-12)
(-4.63581082542441e-12,6.84273231963029e-10,-4.60915307758767e-12)
(0,0,0)
(0,0,0)
(0,0,0)
(0,0,0)
(0,0,0)
(0,0,0)
(-1.93570688789459e-12,2.20254881555725e-12,-5.42213125965058e-11)
(-1.86692128983718e-12,5.37976045425999e-12,-5.40390984638472e-11)
(-2.00522353013713e-12,1.08181115752152e-11,-5.27654007695197e-11)
(-2.16493371581239e-12,2.01333792018708e-11,-5.0636218790535e-11)
(-1.48233645665187e-12,3.71015284926964e-11,-4.69493556245585e-11)
(-1.31124467047766e-12,6.57237499783946e-11,-4.21000911603079e-11)
(-3.35760997814641e-12,1.16819275841371e-10,-3.74472256449485e-11)
(-4.41035146990492e-12,2.01241831211247e-10,-2.92126656787781e-11)
(-4.98744675353544e-12,3.47621454111905e-10,-2.07230065610878e-11)
(-4.91543345915779e-12,6.79788394781311e-10,-1.12043584698801e-11)
(0,0,0)
(0,0,0)
(0,0,0)
(0,0,0)
(0,0,0)
(0,0,0)
(-1.02378932163062e-12,1.91301006834711e-12,-8.25586173687798e-11)
(-5.58507162495764e-13,3.7739468729101e-12,-8.2370015901573e-11)
(-3.75515278206514e-13,7.9362082138903e-12,-8.13349081448762e-11)
(-6.35120654796888e-13,1.5764233899602e-11,-7.97738234601404e-11)
(-7.14313918913493e-13,3.09651511766105e-11,-7.67530277430466e-11)
(-1.51184839031358e-12,5.86884765167363e-11,-7.14621578143243e-11)
(-2.12705710123756e-12,1.13063512266291e-10,-6.39919374509291e-11)
(-2.48498618922317e-12,1.95519326616458e-10,-5.30248004256086e-11)
(-2.72120147544147e-12,3.38911358014476e-10,-3.80717072955303e-11)
(-2.56185498856269e-12,6.68749458879249e-10,-2.02534304252954e-11)
(0,0,0)
(0,0,0)
(0,0,0)
(0,0,0)
(0,0,0)
(0,0,0)
(-1.33811051032721e-12,1.76775637180341e-12,-1.25786155332869e-10)
(-1.06190343967339e-12,2.77186421748681e-12,-1.25875190094733e-10)
(-7.2590014106771e-13,6.15907997389249e-12,-1.25645374995262e-10)
(-4.96941430352385e-13,1.22470717329903e-11,-1.24519587762017e-10)
(-7.36135936671512e-13,2.4725701016902e-11,-1.22622748468155e-10)
(-1.95167754559382e-12,4.93635107671836e-11,-1.1785175016698e-10)
(1.30465937056668e-13,1.02612012969099e-10,-1.06383073666866e-10)
(3.50908372164485e-13,1.81839626405982e-10,-9.27126886773268e-11)
(-4.62200551883034e-13,3.21539838469567e-10,-6.83987529488446e-11)
(-5.91375588806437e-13,6.48731069578616e-10,-3.6946423453546e-11)
(0,0,0)
(0,0,0)
(0,0,0)
(0,0,0)
(0,0,0)
(0,0,0)
(-1.03165242568686e-12,1.46084525527864e-12,-2.00095113116193e-10)
(-1.01744429319727e-12,2.05423084943919e-12,-2.00271175082677e-10)
(-5.3986169036132e-13,4.71016383008806e-12,-2.00234661206187e-10)
(4.3628739923171e-13,9.85906254621537e-12,-1.99296498183927e-10)
(1.31322738197281e-12,2.06853810367975e-11,-1.97422325437428e-10)
(1.18276376783138e-12,4.33069899777212e-11,-1.92256777545377e-10)
(2.65405065097007e-12,8.85441095475194e-11,-1.80456424362366e-10)
(2.71631721712067e-12,1.57338800618501e-10,-1.57667183856925e-10)
(1.79660377037332e-12,2.89442450014188e-10,-1.21279994153377e-10)
(1.7432761484549e-12,6.10848199026025e-10,-6.91241184653292e-11)
(0,0,0)
(0,0,0)
(0,0,0)
(0,0,0)
(0,0,0)
(0,0,0)
(-6.7521989220312e-13,1.40582168428844e-12,-3.44820475031102e-10)
(-7.5782722259731e-13,1.72561846581831e-12,-3.44310777131911e-10)
(1.27330355483156e-14,3.55604066507164e-12,-3.43341507897086e-10)
(1.97747849836455e-12,7.39099014849563e-12,-3.41818625780075e-10)
(4.21215201731574e-12,1.56123094853598e-11,-3.39062554058529e-10)
(5.29091328784496e-12,3.28003434712195e-11,-3.32104513778646e-10)
(6.26658627477303e-12,6.54776599949136e-11,-3.16545855930797e-10)
(6.22195759819466e-12,1.20367004294173e-10,-2.86466716820403e-10)
(4.74799312093688e-12,2.36282068874636e-10,-2.34932282114896e-10)
(3.99806588380445e-12,5.40457622019948e-10,-1.47049769032473e-10)
(0,0,0)
(0,0,0)
(0,0,0)
(0,0,0)
(0,0,0)
(0,0,0)
(-7.91514561856195e-13,9.6040565498412e-13,-6.76007837763473e-10)
(-1.18260173337577e-12,9.08191581377573e-13,-6.7491476667741e-10)
(-5.1774381849217e-14,1.9250938477908e-12,-6.73691283118861e-10)
(3.05826852504939e-12,4.01634495508307e-12,-6.71766482641041e-10)
(6.30091450362278e-12,8.58054274597172e-12,-6.68481138461015e-10)
(8.44189588314788e-12,1.7835225736821e-11,-6.6048726299346e-10)
(8.72654439189715e-12,3.57029066676922e-11,-6.42382834215202e-10)
(7.79709685213843e-12,6.87483825739597e-11,-6.06524817720769e-10)
(5.69137450343887e-12,1.47542443336459e-10,-5.37976111559209e-10)
(4.14798156136491e-12,3.92165799637604e-10,-3.91072377448434e-10)
(0,0,0)
(0,0,0)
(0,0,0)
(0,0,0)
(0,0,0)
(0,0,0)
(0,0,0)
(0,0,0)
(0,0,0)
(0,0,0)
(0,0,0)
(0,0,0)
(0,0,0)
(0,0,0)
(0,0,0)
(0,0,0)
(0,0,0)
(0,0,0)
(0,0,0)
(0,0,0)
(0,0,0)
(0,0,0)
(0,0,0)
(0,0,0)
(0,0,0)
(0,0,0)
(0,0,0)
(0,0,0)
(0,0,0)
(0,0,0)
(0,0,0)
(0,0,0)
(0,0,0)
(0,0,0)
(0,0,0)
(0,0,0)
(0,0,0)
(0,0,0)
(0,0,0)
(0,0,0)
(0,0,0)
(0,0,0)
(0,0,0)
(0,0,0)
(0,0,0)
(0,0,0)
(0,0,0)
(0,0,0)
(0,0,0)
(0,0,0)
(0,0,0)
(0,0,0)
(0,0,0)
(0,0,0)
(0,0,0)
(0,0,0)
(0,0,0)
(0,0,0)
(0,0,0)
(0,0,0)
(0,0,0)
(0,0,0)
(0,0,0)
(0,0,0)
(0,0,0)
(0,0,0)
(0,0,0)
(0,0,0)
(0,0,0)
(0,0,0)
(0,0,0)
(0,0,0)
(0,0,0)
(0,0,0)
(0,0,0)
(0,0,0)
(0,0,0)
(0,0,0)
(0,0,0)
(0,0,0)
(0,0,0)
(0,0,0)
(0,0,0)
(0,0,0)
(0,0,0)
(0,0,0)
(0,0,0)
(0,0,0)
(0,0,0)
(0,0,0)
(0,0,0)
(0,0,0)
(0,0,0)
(0,0,0)
(0,0,0)
(0,0,0)
(0,0,0)
(0,0,0)
(0,0,0)
(0,0,0)
(0,0,0)
(0,0,0)
(-7.05406810771859e-13,7.11436679623614e-12,-8.48064826525593e-12)
(-1.13241507086142e-12,1.52249802063178e-11,-8.07816974191786e-12)
(-1.0192359544887e-12,2.68481783768383e-11,-7.51304325626076e-12)
(-1.01899158500121e-12,4.40819949821143e-11,-6.38989663954567e-12)
(-6.15117594611751e-13,7.05002746826313e-11,-4.32288541754318e-12)
(3.41256746659191e-14,1.06195303056738e-10,-1.39588810679512e-12)
(1.12453318484168e-12,1.55695908466283e-10,1.25701438960781e-12)
(1.21647279185446e-12,2.25890512477139e-10,2.38603916276948e-12)
(9.36066847790311e-13,3.25850789587014e-10,2.05006588353505e-12)
(8.50259392420224e-13,4.47944804335393e-10,1.0281745310587e-12)
(0,0,0)
(0,0,0)
(0,0,0)
(0,0,0)
(0,0,0)
(0,0,0)
(-1.22261557775439e-12,6.60218087970595e-12,-1.85915661582861e-11)
(-1.86166929495174e-12,1.42702911670441e-11,-1.77188184104276e-11)
(-2.23600499523757e-12,2.53365710074503e-11,-1.61877799063845e-11)
(-2.27251385854071e-12,4.20653768785155e-11,-1.3615725249593e-11)
(-1.61850721167795e-12,6.77604480382736e-11,-9.34190635442664e-12)
(-1.56595258189091e-13,1.03838892751955e-10,-3.81282838606552e-12)
(1.68480311844915e-12,1.55019612297214e-10,1.73747687109432e-12)
(1.08062164499347e-12,2.26503920616205e-10,3.72112284515241e-12)
(4.05423966355776e-13,3.27187930309275e-10,2.87991895768936e-12)
(3.74335555166555e-15,4.49329806239048e-10,1.3960089619154e-12)
(0,0,0)
(0,0,0)
(0,0,0)
(0,0,0)
(0,0,0)
(0,0,0)
(-1.92076087238934e-12,5.68433799612437e-12,-3.16277757503159e-11)
(-2.33486937251989e-12,1.25082004434449e-11,-3.05529023234064e-11)
(-2.40030050446342e-12,2.24346632817222e-11,-2.82786283529e-11)
(-2.58438434261716e-12,3.7866864890221e-11,-2.42770663323233e-11)
(-1.7644155164935e-12,6.22682227412847e-11,-1.77437094672315e-11)
(-1.95041813475862e-14,9.85325298671706e-11,-8.9607549728502e-12)
(1.54381130585428e-12,1.5333856680351e-10,1.47289682729603e-12)
(-5.28584665226404e-13,2.27759119069564e-10,3.11391224098783e-12)
(-1.75129899406386e-12,3.29218013462326e-10,1.53202725660333e-12)
(-1.97094977481445e-12,4.51542533871509e-10,3.72793825260013e-13)
(0,0,0)
(0,0,0)
(0,0,0)
(0,0,0)
(0,0,0)
(0,0,0)
(-2.2498104337379e-12,4.36281197787146e-12,-4.91060686072633e-11)
(-2.39359138815709e-12,9.94054924154358e-12,-4.81232197218496e-11)
(-2.08768203837877e-12,1.83065972726086e-11,-4.54183575783229e-11)
(-2.26499784721426e-12,3.16484417533717e-11,-4.06075998630431e-11)
(-1.47039674376455e-12,5.37156988682019e-11,-3.27041462402027e-11)
(2.2925893456616e-13,8.81362628679169e-11,-2.04959576611392e-11)
(1.1525468768605e-12,1.49724183544731e-10,-4.24887011770557e-12)
(-3.55421099654943e-12,2.30113820411996e-10,-4.42710704957593e-12)
(-4.80704857158959e-12,3.31186356958925e-10,-5.61619770722307e-12)
(-4.76012672111419e-12,4.52948287288156e-10,-3.98651598946228e-12)
(0,0,0)
(0,0,0)
(0,0,0)
(0,0,0)
(0,0,0)
(0,0,0)
(-1.82838227325555e-12,2.95292307039969e-12,-7.30144562983335e-11)
(-1.53480540305416e-12,7.0239296146141e-12,-7.21827835359253e-11)
(-1.25250214732147e-12,1.35058769702853e-11,-6.9447216145039e-11)
(-1.48265158015579e-12,2.38004734750655e-11,-6.50948374915188e-11)
(-1.9522360402283e-13,4.12700106532073e-11,-5.84832216298386e-11)
(1.07116327536674e-12,6.95169520533078e-11,-4.99908427625381e-11)
(-7.83640636926158e-12,1.31544360623876e-10,-5.15756427871511e-11)
(-7.17750599302819e-12,2.32877347380552e-10,-3.33873154222537e-11)
(-5.79599874687233e-12,3.31072336012862e-10,-2.31669269834385e-11)
(-5.08085602709349e-12,4.50200393660656e-10,-1.25836796217816e-11)
(0,0,0)
(0,0,0)
(0,0,0)
(0,0,0)
(0,0,0)
(0,0,0)
(-1.06713709227692e-12,1.81929188210715e-12,-1.05063707932706e-10)
(-5.91532263548569e-13,4.2816582762024e-12,-1.04729592910231e-10)
(-1.59471723030492e-13,8.85235483963763e-12,-1.02756591457998e-10)
(-1.38754205386853e-13,1.58670518018576e-11,-9.97735369772701e-11)
(2.34266312043937e-13,2.93544877337663e-11,-9.49005660974349e-11)
(3.42896995673497e-13,5.66031803548667e-11,-8.70519523764489e-11)
(-2.64269482897333e-12,1.38991062629894e-10,-8.10018949645012e-11)
(-3.75837910918103e-12,2.30318532990157e-10,-6.61503805450626e-11)
(-3.16795880048228e-12,3.22678624349485e-10,-4.70701014749184e-11)
(-2.79689611372676e-12,4.38359747674011e-10,-2.48010443646879e-11)
(0,0,0)
(0,0,0)
(0,0,0)
(0,0,0)
(0,0,0)
(0,0,0)
(-9.42164631502936e-13,1.40412967582175e-12,-1.50617423484996e-10)
(-5.74085171236189e-13,2.63391076261614e-12,-1.50565532710921e-10)
(-4.02771230929443e-13,5.53060002024151e-12,-1.49798753607527e-10)
(-5.7715366952025e-15,9.12085277232573e-12,-1.48639044071639e-10)
(-1.46681425763568e-12,1.72331893144522e-11,-1.47970351893614e-10)
(-7.36383325697137e-12,3.4755400522427e-11,-1.46684176268436e-10)
(5.27984369423873e-13,1.22932792568842e-10,-1.22408859435133e-10)
(5.3779843064839e-13,2.13666650641344e-10,-1.19295538306748e-10)
(1.82858408926166e-13,3.01021038651027e-10,-8.40046835244245e-11)
(3.45071510082911e-13,4.13287069764283e-10,-4.36069707703192e-11)
(0,0,0)
(0,0,0)
(0,0,0)
(0,0,0)
(0,0,0)
(0,0,0)
(-8.00566888101757e-13,9.77370430486695e-13,-2.1765076142078e-10)
(-7.25345786355057e-13,1.40929651459227e-12,-2.17842085339103e-10)
(-3.23901547560462e-13,3.39460051828905e-12,-2.18166026135678e-10)
(1.03018705089946e-12,6.65774317572029e-12,-2.17920826099223e-10)
(1.22075104072733e-12,1.6583212751603e-11,-2.17778011197086e-10)
(-1.10942908598431e-13,4.16777613962251e-11,-2.16687464841971e-10)
(2.93125969861209e-12,1.10904395732805e-10,-2.08351721422781e-10)
(3.30092383751288e-12,1.76742838747627e-10,-1.77296943321378e-10)
(2.80110922162804e-12,2.59445288531696e-10,-1.29517644731837e-10)
(3.00973468955601e-12,3.68120740240871e-10,-6.99718507996618e-11)
(0,0,0)
(0,0,0)
(0,0,0)
(0,0,0)
(0,0,0)
(0,0,0)
(-7.3950176237972e-13,8.39611182824427e-13,-3.16219970774355e-10)
(-9.09669572767889e-13,7.0942804493872e-13,-3.15806896679295e-10)
(1.20797735499145e-13,1.94146322856965e-12,-3.15846904529889e-10)
(2.59605197064502e-12,5.1639389866404e-12,-3.15403997201096e-10)
(4.28587847681681e-12,1.47212320788741e-11,-3.13535100091333e-10)
(4.69737317475972e-12,3.56113790676072e-11,-3.07665146615992e-10)
(5.96220049117812e-12,7.77098245152837e-11,-2.9232092751688e-10)
(6.30614461303928e-12,1.27667838630029e-10,-2.55767924109387e-10)
(5.60510557645407e-12,1.98634240624663e-10,-1.97601645417029e-10)
(5.2401192336372e-12,2.96623231131442e-10,-1.13450974867485e-10)
(0,0,0)
(0,0,0)
(0,0,0)
(0,0,0)
(0,0,0)
(0,0,0)
(-9.24179993354708e-13,5.64205859147351e-13,-4.37628056441527e-10)
(-1.49789371072121e-12,3.36605818857514e-13,-4.36775132998111e-10)
(-5.14810116309747e-14,1.1299274121158e-12,-4.36462010769237e-10)
(3.78926929965334e-12,3.21910370686451e-12,-4.35543972165357e-10)
(6.88758178227888e-12,8.91762179941832e-12,-4.32407884099444e-10)
(8.17269284163378e-12,2.0124241868273e-11,-4.23324556664385e-10)
(8.57143456567419e-12,4.06338294031592e-11,-4.03389269186458e-10)
(7.99677326373908e-12,6.91372829251778e-11,-3.6308350649049e-10)
(6.33008372951249e-12,1.13887172732406e-10,-2.94362650506704e-10)
(5.24140375053376e-12,1.82349550781259e-10,-1.81183594519728e-10)
(0,0,0)
(0,0,0)
(0,0,0)
(0,0,0)
(0,0,0)
(0,0,0)
(0,0,0)
(0,0,0)
(0,0,0)
(0,0,0)
(0,0,0)
(0,0,0)
(0,0,0)
(0,0,0)
(0,0,0)
(0,0,0)
(0,0,0)
(0,0,0)
(0,0,0)
(0,0,0)
(0,0,0)
(0,0,0)
(0,0,0)
(0,0,0)
(0,0,0)
(0,0,0)
(0,0,0)
(0,0,0)
(0,0,0)
(0,0,0)
(0,0,0)
(0,0,0)
(0,0,0)
(0,0,0)
(0,0,0)
(0,0,0)
(0,0,0)
(0,0,0)
(0,0,0)
(0,0,0)
(0,0,0)
(0,0,0)
(0,0,0)
(0,0,0)
(0,0,0)
(0,0,0)
(0,0,0)
(0,0,0)
(0,0,0)
(0,0,0)
(0,0,0)
(0,0,0)
(0,0,0)
(0,0,0)
(0,0,0)
(0,0,0)
(0,0,0)
(0,0,0)
(0,0,0)
(0,0,0)
(0,0,0)
(0,0,0)
(0,0,0)
(0,0,0)
(0,0,0)
(0,0,0)
(0,0,0)
(0,0,0)
(0,0,0)
(0,0,0)
(0,0,0)
(0,0,0)
(0,0,0)
(0,0,0)
(0,0,0)
(0,0,0)
(0,0,0)
(0,0,0)
(0,0,0)
(0,0,0)
(0,0,0)
(0,0,0)
(0,0,0)
(0,0,0)
(0,0,0)
(0,0,0)
(0,0,0)
(0,0,0)
(0,0,0)
(0,0,0)
(0,0,0)
(0,0,0)
(0,0,0)
(0,0,0)
(0,0,0)
(0,0,0)
(0,0,0)
(0,0,0)
(0,0,0)
(0,0,0)
(0,0,0)
(0,0,0)
(-5.95699417585609e-13,1.06538928584433e-11,-1.26174966855143e-11)
(-7.42852517249438e-13,2.07235620847765e-11,-1.18477533666451e-11)
(-6.30775201805522e-13,3.35138736045505e-11,-1.06802971620826e-11)
(-1.06938470341551e-12,5.25942908769193e-11,-8.67579513360714e-12)
(-8.02288260984881e-13,8.03129348084026e-11,-5.58032689560627e-12)
(-2.62366516974632e-13,1.16342196885486e-10,-1.55756364053684e-12)
(6.7180458077216e-13,1.6253400188985e-10,2.50100490003024e-12)
(9.39037932016813e-13,2.18130014877856e-10,3.74991604509048e-12)
(6.20817477972546e-13,2.80575014346195e-10,2.9185631778421e-12)
(4.9343201983139e-13,3.34586293152865e-10,1.61001781446866e-12)
(0,0,0)
(0,0,0)
(0,0,0)
(0,0,0)
(0,0,0)
(0,0,0)
(-1.17752044203913e-12,9.60665871397579e-12,-2.5632818185692e-11)
(-1.63061707537928e-12,1.92736730456596e-11,-2.43672310049343e-11)
(-1.90615192631078e-12,3.15881402144298e-11,-2.186668412468e-11)
(-2.34782076539388e-12,4.97732444516519e-11,-1.78092820593006e-11)
(-1.6553598830579e-12,7.65012031784453e-11,-1.14555016353567e-11)
(-4.00537630576676e-13,1.12733080990115e-10,-2.59439755189996e-12)
(1.38220263810668e-12,1.61872348838961e-10,7.53613992457172e-12)
(6.6662707911403e-13,2.19420151845327e-10,8.75176222916897e-12)
(-1.4074919092891e-13,2.82147731479596e-10,5.59318552182276e-12)
(-8.12975314867269e-13,3.36256194452087e-10,2.4800687750384e-12)
(0,0,0)
(0,0,0)
(0,0,0)
(0,0,0)
(0,0,0)
(0,0,0)
(-1.67410828105428e-12,8.07331946479089e-12,-4.05426131552614e-11)
(-2.04149214113036e-12,1.65850843466921e-11,-3.86626792184342e-11)
(-2.27379651590921e-12,2.75775849718108e-11,-3.5146981665546e-11)
(-2.89931807085411e-12,4.36570448621455e-11,-2.91680336520484e-11)
(-1.99484613781603e-12,6.80852743768053e-11,-1.91824030817244e-11)
(-5.68889822512098e-14,1.04075983430734e-10,-2.85947578111847e-12)
(3.51717915096957e-12,1.62525992407149e-10,2.24207754155717e-11)
(-1.30140102326525e-12,2.23638495895241e-10,1.80013026375698e-11)
(-2.56040905938955e-12,2.85635162068505e-10,8.7205907361761e-12)
(-3.00390936624085e-12,3.38801696403035e-10,3.03616065499399e-12)
(0,0,0)
(0,0,0)
(0,0,0)
(0,0,0)
(0,0,0)
(0,0,0)
(-1.82277041166528e-12,5.95452198240473e-12,-5.93590583160931e-11)
(-2.1818339047486e-12,1.26683647818631e-11,-5.74203478461648e-11)
(-2.0977194513327e-12,2.13850882787744e-11,-5.35044992507783e-11)
(-2.32048319176698e-12,3.38783989497673e-11,-4.64647736072349e-11)
(-1.23289710781565e-12,5.32084415776295e-11,-3.38393367117263e-11)
(2.60148220573018e-12,8.36756570483195e-11,-7.90254859473332e-12)
(1.95106067296093e-11,1.73303249731796e-10,6.36263568441039e-11)
(-5.12864730754694e-12,2.37085197152155e-10,2.605365107403e-11)
(-6.32270934319799e-12,2.92664319962441e-10,5.7494182866483e-12)
(-5.9987490830309e-12,3.42182674497349e-10,-1.90157598208571e-13)
(0,0,0)
(0,0,0)
(0,0,0)
(0,0,0)
(0,0,0)
(0,0,0)
(-1.52642384737463e-12,3.76609247816857e-12,-8.44209174617547e-11)
(-1.52810145550611e-12,8.4152867275347e-12,-8.26638513787303e-11)
(-9.51358670211268e-13,1.43912560455572e-11,-7.88641305737167e-11)
(-1.60845768634545e-13,2.17268146580913e-11,-7.18324408871784e-11)
(3.22792044816832e-12,3.07635038771255e-11,-5.97097164264333e-11)
(1.55697349983776e-11,3.07492279643104e-11,-3.83266260193776e-11)
(-3.3471435740172e-11,3.21996061174456e-10,-5.51974551898825e-17)
(-1.48390800414993e-11,2.73308850672244e-10,-2.32343328363689e-11)
(-7.98553444511743e-12,3.02146549028608e-10,-1.79217298158085e-11)
(-5.82388966213495e-12,3.42871603141439e-10,-1.08038391768805e-11)
(0,0,0)
(0,0,0)
(0,0,0)
(0,0,0)
(0,0,0)
(0,0,0)
(-9.86089908467607e-13,1.99639475816718e-12,-1.15331039229418e-10)
(-9.16786202188488e-13,4.70202420106492e-12,-1.14292250660493e-10)
(1.79228615642994e-13,7.66543175989602e-12,-1.11235947909554e-10)
(1.73447394430324e-12,9.78129230008833e-12,-1.05873904264857e-10)
(4.5069510103817e-12,1.11491153655597e-11,-9.70885493942298e-11)
(1.61406194161681e-11,4.07579099914962e-12,-7.83257277775753e-11)
(-1.43593918733455e-12,3.11759045565337e-10,-7.02779092356405e-16)
(-6.18677583049632e-12,2.78056072713235e-10,-6.49608432637695e-11)
(-3.77943021228652e-12,2.97582013113055e-10,-4.76634711594338e-11)
(-2.5252625686391e-12,3.32578270429287e-10,-2.54129104592018e-11)
(0,0,0)
(0,0,0)
(0,0,0)
(0,0,0)
(0,0,0)
(0,0,0)
(-5.67296160225769e-13,1.32792667351825e-12,-1.56158868911769e-10)
(-1.16250026616655e-13,1.99001894706692e-12,-1.55307099923945e-10)
(5.73518735141285e-13,2.30147357639979e-12,-1.53391217490891e-10)
(1.78864588187972e-12,-3.57745291125405e-13,-1.51743718848627e-10)
(-2.10301331997175e-12,-1.20365967103854e-11,-1.55212582255745e-10)
(-3.8561510964132e-11,-8.17180111268014e-11,-1.87469396585689e-10)
(9.44306007712398e-12,3.7528324972175e-10,-4.03043728441809e-10)
(2.17075554199285e-12,2.70293507638718e-10,-1.7441443031957e-10)
(1.36089577426402e-12,2.76160521255184e-10,-9.62864366200337e-11)
(1.90443026302131e-12,3.06409554950909e-10,-4.58594518132766e-11)
(0,0,0)
(0,0,0)
(0,0,0)
(0,0,0)
(0,0,0)
(0,0,0)
(-4.71483722078657e-13,6.35105749435835e-13,-2.07090457520608e-10)
(2.98463479864734e-13,7.64752111794354e-14,-2.06985666442524e-10)
(8.84035705712061e-13,-7.85233441262004e-14,-2.06696906796495e-10)
(2.38117633783973e-12,-1.09200212682772e-12,-2.06907181048733e-10)
(1.99218535828018e-12,-1.3497988895147e-12,-2.11051873112653e-10)
(-2.38030399921766e-12,7.85064936362335e-12,-2.26383288795954e-10)
(5.07105281475744e-12,1.56096901203387e-10,-2.59797057569261e-10)
(4.59662536564721e-12,1.92178051534692e-10,-1.93332168626623e-10)
(4.06636319648146e-12,2.24178874699742e-10,-1.27252673587822e-10)
(4.53539299953221e-12,2.58931804208481e-10,-6.43274102378745e-11)
(0,0,0)
(0,0,0)
(0,0,0)
(0,0,0)
(0,0,0)
(0,0,0)
(-8.77170533754014e-13,6.35651240858529e-13,-2.66425739845471e-10)
(-4.9683949608149e-13,-4.69441344309406e-13,-2.66186544258983e-10)
(4.89426223235976e-13,-6.57821776382737e-13,-2.66618980367912e-10)
(2.67199014059726e-12,8.76529640106422e-13,-2.6721548076814e-10)
(4.21953528092369e-12,7.22435252435143e-12,-2.67983990694389e-10)
(4.84029127500647e-12,2.65368693801934e-11,-2.68628256958885e-10)
(6.48519219581958e-12,8.53676741403838e-11,-2.62940758570082e-10)
(6.6704216254824e-12,1.24031862812845e-10,-2.19398174822728e-10)
(6.20150291918025e-12,1.59456298695634e-10,-1.58565459412222e-10)
(6.06282471628716e-12,1.9280323181359e-10,-8.48257460143381e-11)
(0,0,0)
(0,0,0)
(0,0,0)
(0,0,0)
(0,0,0)
(0,0,0)
(-1.21289757762324e-12,5.39326409954209e-13,-3.19322997638899e-10)
(-1.47441012073839e-12,-1.93387611268843e-13,-3.18616856265675e-10)
(1.60407796609037e-13,-3.49332199678905e-13,-3.18927829680845e-10)
(3.87228494059998e-12,1.22701690328514e-12,-3.19347220916413e-10)
(6.72187614664785e-12,6.43679825025321e-12,-3.1776173156258e-10)
(8.36164723196169e-12,1.77247484247908e-11,-3.10750512068531e-10)
(8.89950127292598e-12,4.04826540371994e-11,-2.93096858978224e-10)
(8.41320020513485e-12,6.23039482682657e-11,-2.52709811611875e-10)
(7.03820047478437e-12,8.48846068153395e-11,-1.90629707307654e-10)
(6.40736001206928e-12,1.06888686417262e-10,-1.06098780292458e-10)
(0,0,0)
(0,0,0)
(0,0,0)
(0,0,0)
(0,0,0)
(0,0,0)
(0,0,0)
(0,0,0)
(0,0,0)
(0,0,0)
(0,0,0)
(0,0,0)
(0,0,0)
(0,0,0)
(0,0,0)
(0,0,0)
(0,0,0)
(0,0,0)
(0,0,0)
(0,0,0)
(0,0,0)
(0,0,0)
(0,0,0)
(0,0,0)
(0,0,0)
(0,0,0)
(0,0,0)
(0,0,0)
(0,0,0)
(0,0,0)
(0,0,0)
(0,0,0)
(0,0,0)
(0,0,0)
(0,0,0)
(0,0,0)
(0,0,0)
(0,0,0)
(0,0,0)
(0,0,0)
(0,0,0)
(0,0,0)
(0,0,0)
(0,0,0)
(0,0,0)
(0,0,0)
(0,0,0)
(0,0,0)
(0,0,0)
(0,0,0)
(0,0,0)
(0,0,0)
(0,0,0)
(0,0,0)
(0,0,0)
(0,0,0)
(0,0,0)
(0,0,0)
(0,0,0)
(0,0,0)
(0,0,0)
(0,0,0)
(0,0,0)
(0,0,0)
(0,0,0)
(0,0,0)
(0,0,0)
(0,0,0)
(0,0,0)
(0,0,0)
(0,0,0)
(0,0,0)
(0,0,0)
(0,0,0)
(0,0,0)
(0,0,0)
(0,0,0)
(0,0,0)
(0,0,0)
(0,0,0)
(0,0,0)
(0,0,0)
(0,0,0)
(0,0,0)
(0,0,0)
(0,0,0)
(0,0,0)
(0,0,0)
(0,0,0)
(0,0,0)
(0,0,0)
(0,0,0)
(0,0,0)
(0,0,0)
(0,0,0)
(0,0,0)
(0,0,0)
(0,0,0)
(0,0,0)
(0,0,0)
(0,0,0)
(0,0,0)
(-3.18208591993851e-13,1.24639593919018e-11,-1.47424934473834e-11)
(-4.60419682687597e-13,2.4699987952796e-11,-1.37961309869386e-11)
(-7.09543840161989e-13,3.88092861296375e-11,-1.2234462664938e-11)
(-1.34380651613264e-12,5.80297753273714e-11,-1.00542809011516e-11)
(-1.01331988611012e-12,8.41440633174231e-11,-6.70479085002963e-12)
(-7.11819162145029e-13,1.16907301466376e-10,-1.96431491842327e-12)
(8.45464865954918e-14,1.57725606829181e-10,3.2716142795263e-12)
(4.8025383179307e-13,2.01402052461506e-10,4.69762178766575e-12)
(3.56645707939443e-13,2.41966398090722e-10,3.63263452423125e-12)
(4.3354853514352e-13,2.691783672558e-10,2.09500458747359e-12)
(0,0,0)
(0,0,0)
(0,0,0)
(0,0,0)
(0,0,0)
(0,0,0)
(-9.09768373605032e-13,1.11934855788961e-11,-2.95518384729577e-11)
(-1.44257525665711e-12,2.30527069859795e-11,-2.81116639626826e-11)
(-1.95299874907619e-12,3.66695893095202e-11,-2.51044581819378e-11)
(-2.58540159984126e-12,5.46592930164771e-11,-2.0504773312117e-11)
(-2.10053516487107e-12,7.93398621234048e-11,-1.30119927612099e-11)
(-1.87397754765034e-12,1.11959005189098e-10,-1.67562721547826e-12)
(-4.87063234688783e-13,1.56579495166535e-10,1.32731753991511e-11)
(-3.93140263457511e-13,2.02602083787051e-10,1.41532513939529e-11)
(-5.1506303304674e-13,2.43436808867373e-10,8.66437622426914e-12)
(-8.7840849082215e-13,2.71518151911147e-10,3.82686707723981e-12)
(0,0,0)
(0,0,0)
(0,0,0)
(0,0,0)
(0,0,0)
(0,0,0)
(-1.4352447354966e-12,9.06045681543677e-12,-4.56680326279656e-11)
(-1.64047012919012e-12,1.9483312803253e-11,-4.40267229983779e-11)
(-2.06024783635992e-12,3.18126598345252e-11,-4.00389329437553e-11)
(-3.1063027288162e-12,4.69391219074606e-11,-3.2931701528912e-11)
(-3.44094063924386e-12,6.7840452269969e-11,-2.08349034909408e-11)
(-4.93681379653304e-12,9.75003956552219e-11,4.22281196332303e-13)
(-2.8406053956366e-12,1.57042812054443e-10,4.7609358553729e-11)
(-5.46739037879917e-12,2.08473958910601e-10,3.87821682756739e-11)
(-3.90513687217142e-12,2.47941382259831e-10,1.74718329093857e-11)
(-3.34872680551187e-12,2.74868682574398e-10,5.90512621649565e-12)
(0,0,0)
(0,0,0)
(0,0,0)
(0,0,0)
(0,0,0)
(0,0,0)
(-1.57305137735066e-12,6.67163730789081e-12,-6.50415908072584e-11)
(-1.84460444579656e-12,1.46354102250062e-11,-6.35389473650591e-11)
(-2.14361286166098e-12,2.42073218062639e-11,-5.90804982689822e-11)
(-2.79433579559742e-12,3.45798395378844e-11,-5.0752598670803e-11)
(-4.724747524307e-12,4.66015549155927e-11,-3.72040829266439e-11)
(-1.60009941490988e-11,5.11183314193456e-11,-1.68497073905857e-11)
(-9.1609498942952e-11,1.72905455997668e-10,2.10324189771351e-16)
(-2.10480680402536e-11,2.30449634977215e-10,9.68530000896065e-11)
(-9.86536252452675e-12,2.58795327403849e-10,2.34710018622296e-11)
(-6.87783532554177e-12,2.79726515055989e-10,4.24189805677498e-12)
(0,0,0)
(0,0,0)
(0,0,0)
(0,0,0)
(0,0,0)
(0,0,0)
(-1.51379221040791e-12,4.68094940486379e-12,-8.94336950407144e-11)
(-1.61455973404022e-12,9.70176536047573e-12,-8.7761708977885e-11)
(-1.25722407109561e-12,1.56691964075616e-11,-8.34863941846373e-11)
(-3.38047871377512e-13,2.10393110668956e-11,-7.46990953908634e-11)
(1.45921855267906e-12,2.61822812498131e-11,-5.9796058779771e-11)
(3.91660114163618e-12,2.76724839664031e-11,-3.56167655348769e-11)
(-1.42492138518227e-16,8.70120459277407e-16,-3.53165671657225e-17)
(-2.48989051030194e-11,3.0029005277018e-10,7.17345649930011e-17)
(-1.0538889168499e-11,2.76257565008205e-10,-7.25210969793563e-12)
(-6.3343961268249e-12,2.82558762775782e-10,-7.35392300481134e-12)
(0,0,0)
(0,0,0)
(0,0,0)
(0,0,0)
(0,0,0)
(0,0,0)
(-1.35641039273639e-12,2.84104789403259e-12,-1.172073210898e-10)
(-1.26108369913002e-12,5.4735541133646e-12,-1.15901455277786e-10)
(1.81143154473288e-13,7.43349724557201e-12,-1.12197763533849e-10)
(3.0881566648438e-12,7.5688470669277e-12,-1.048454742576e-10)
(8.92984146968425e-12,5.58803011229578e-12,-9.12751922167478e-11)
(2.36093965436139e-11,-6.14920212044566e-13,-6.30694101044268e-11)
(-2.85907040147271e-18,6.58699978784778e-16,-6.45671301323378e-17)
(-1.57215828603199e-11,3.01962680719361e-10,-3.20874999070507e-16)
(-4.60849905463553e-12,2.73814886741939e-10,-3.42974567676333e-11)
(-1.76945754939484e-12,2.7370154259078e-10,-2.19320286138183e-11)
(0,0,0)
(0,0,0)
(0,0,0)
(0,0,0)
(0,0,0)
(0,0,0)
(-7.26244223957376e-13,1.55488019605968e-12,-1.51221360653884e-10)
(-1.18588723807949e-13,1.83179177246726e-12,-1.50040923592205e-10)
(1.30601701342828e-12,7.28764638103756e-13,-1.47387508240447e-10)
(5.99176612471104e-12,-3.97715857936508e-12,-1.43511627723339e-10)
(1.94670031890883e-11,-1.62663071234685e-11,-1.37120527896903e-10)
(8.74441604016248e-11,-4.57959213229626e-11,-1.16493415208554e-10)
(1.1047327283683e-16,9.06340691934205e-16,-1.11922526036529e-15)
(2.15821794641434e-12,3.23899285250329e-10,-2.02512945403642e-10)
(2.91555752297389e-12,2.57122673741355e-10,-9.7697983595557e-11)
(3.52272919203763e-12,2.49612127416355e-10,-4.38674159573359e-11)
(0,0,0)
(0,0,0)
(0,0,0)
(0,0,0)
(0,0,0)
(0,0,0)
(-5.76820291600098e-13,4.18999273842938e-13,-1.88569842601852e-10)
(5.55620389333756e-13,-4.81559104132164e-13,-1.88488388333301e-10)
(1.67360839021576e-12,-2.40505084756269e-12,-1.87767038451457e-10)
(4.55733663481285e-12,-8.13359884714942e-12,-1.8753161715651e-10)
(8.74944962771573e-12,-2.6230954113158e-11,-1.91656805845407e-10)
(1.23472447574312e-11,-9.69837112581467e-11,-2.13464744387501e-10)
(9.33539093519636e-12,2.02512802281525e-10,-3.20915840179702e-10)
(6.66331904865177e-12,2.01714827446315e-10,-2.02305917538318e-10)
(5.86367585069277e-12,1.98245179520626e-10,-1.21011834140179e-10)
(6.33655515649503e-12,2.03258046995397e-10,-5.79144806255716e-11)
(0,0,0)
(0,0,0)
(0,0,0)
(0,0,0)
(0,0,0)
(0,0,0)
(-1.02004128935164e-12,4.09377417283653e-13,-2.25196838492532e-10)
(-3.40457120193509e-13,-7.15402261998317e-13,-2.25213962095238e-10)
(7.77437046789949e-13,-2.13723337454086e-12,-2.25658372895208e-10)
(3.09001280364e-12,-3.42443326761321e-12,-2.26659356342049e-10)
(5.65135581952519e-12,-4.08310272227892e-12,-2.29119415756945e-10)
(7.96491384158252e-12,3.57905688397243e-12,-2.3539510813723e-10)
(7.82762855163948e-12,8.72139668827018e-11,-2.44461656351967e-10)
(7.56562075959343e-12,1.17294597220407e-10,-1.9439539439218e-10)
(7.03348140154353e-12,1.32798880037515e-10,-1.32791481615611e-10)
(7.15162409836703e-12,1.43316853374852e-10,-6.76635854388437e-11)
(0,0,0)
(0,0,0)
(0,0,0)
(0,0,0)
(0,0,0)
(0,0,0)
(-1.37971254089299e-12,5.20611165841703e-13,-2.5262206175027e-10)
(-1.35682431683759e-12,-2.52011531369442e-13,-2.51928307775961e-10)
(2.30466832498194e-13,-1.18191029623199e-12,-2.52515069264811e-10)
(3.51381249005285e-12,-8.56077941088981e-13,-2.53745532709871e-10)
(6.14745490285123e-12,2.24212078552486e-12,-2.53798263661639e-10)
(8.43274256644514e-12,1.16963415554973e-11,-2.50175359697599e-10)
(8.99510794377696e-12,3.78184595625511e-11,-2.37208685404701e-10)
(8.63704416917675e-12,5.53189456213563e-11,-1.98217178401671e-10)
(7.39188027494046e-12,6.70004146149273e-11,-1.42266670046128e-10)
(7.19726613689834e-12,7.47696903452633e-11,-7.50478661935264e-11)
(0,0,0)
(0,0,0)
(0,0,0)
(0,0,0)
(0,0,0)
(0,0,0)
(0,0,0)
(0,0,0)
(0,0,0)
(0,0,0)
(0,0,0)
(0,0,0)
(0,0,0)
(0,0,0)
(0,0,0)
(0,0,0)
(0,0,0)
(0,0,0)
(0,0,0)
(0,0,0)
(0,0,0)
(0,0,0)
(0,0,0)
(0,0,0)
(0,0,0)
(0,0,0)
(0,0,0)
(0,0,0)
(0,0,0)
(0,0,0)
(0,0,0)
(0,0,0)
(0,0,0)
(0,0,0)
(0,0,0)
(0,0,0)
(0,0,0)
(0,0,0)
(0,0,0)
(0,0,0)
(0,0,0)
(0,0,0)
(0,0,0)
(0,0,0)
(0,0,0)
(0,0,0)
(0,0,0)
(0,0,0)
(0,0,0)
(0,0,0)
(0,0,0)
(0,0,0)
(0,0,0)
(0,0,0)
(0,0,0)
(0,0,0)
(0,0,0)
(0,0,0)
(0,0,0)
(0,0,0)
(0,0,0)
(0,0,0)
(0,0,0)
(0,0,0)
(0,0,0)
(0,0,0)
(0,0,0)
(0,0,0)
(0,0,0)
(0,0,0)
(0,0,0)
(0,0,0)
(0,0,0)
(0,0,0)
(0,0,0)
(0,0,0)
(0,0,0)
(0,0,0)
(0,0,0)
(0,0,0)
(0,0,0)
(0,0,0)
(0,0,0)
(0,0,0)
(0,0,0)
(0,0,0)
(0,0,0)
(0,0,0)
(0,0,0)
(0,0,0)
(0,0,0)
(0,0,0)
(0,0,0)
(0,0,0)
(0,0,0)
(0,0,0)
(0,0,0)
(0,0,0)
(0,0,0)
(0,0,0)
(0,0,0)
(0,0,0)
(5.902760553706e-15,1.40992632780533e-11,-1.74668178449251e-11)
(-3.74807037864214e-13,2.8326766666673e-11,-1.66083767362659e-11)
(-7.50028783838981e-13,4.25488376785079e-11,-1.47556191866808e-11)
(-1.32281425635806e-12,6.12129228257721e-11,-1.23013021292564e-11)
(-9.4959462370173e-13,8.63807335349754e-11,-8.74245044469313e-12)
(-9.99452082810064e-13,1.15191167894167e-10,-3.40349477001318e-12)
(-1.95349358898103e-13,1.49834342316831e-10,2.45385721460968e-12)
(3.45209769676109e-13,1.84424231196649e-10,4.43637512508949e-12)
(4.23864868061625e-13,2.11720626148571e-10,3.47879589994969e-12)
(1.88768467314085e-13,2.27103278026917e-10,1.93983118070109e-12)
(0,0,0)
(0,0,0)
(0,0,0)
(0,0,0)
(0,0,0)
(0,0,0)
(-2.16914120408283e-13,1.28649332885926e-11,-3.40653342145223e-11)
(-8.80386854681834e-13,2.61129916076428e-11,-3.21537748212241e-11)
(-1.69575414388638e-12,3.9585297992859e-11,-2.86694390895888e-11)
(-2.358011041736e-12,5.70316775675982e-11,-2.39213408344264e-11)
(-1.9374908571739e-12,8.04235738345579e-11,-1.63069645483694e-11)
(-2.36417062840205e-12,1.0881437420916e-10,-4.13583230352697e-12)
(-1.83045611740043e-12,1.47017580058093e-10,1.17939292561934e-11)
(-7.76140217320759e-13,1.84231349005729e-10,1.40915823327297e-11)
(-1.82127278461667e-13,2.12432043448528e-10,8.72863672087033e-12)
(-4.02072076814215e-13,2.28636163927413e-10,3.79144566753248e-12)
(0,0,0)
(0,0,0)
(0,0,0)
(0,0,0)
(0,0,0)
(0,0,0)
(-6.8773485752275e-13,1.04236343035897e-11,-5.11737082914939e-11)
(-7.80357605572547e-13,2.18514339846452e-11,-4.90458442645875e-11)
(-1.5621412229479e-12,3.40118735287569e-11,-4.46133303026068e-11)
(-2.8438183971937e-12,4.84296354310024e-11,-3.74836429735975e-11)
(-3.45922797215461e-12,6.72180330696115e-11,-2.53019760251318e-11)
(-5.74182691805698e-12,9.16798075775684e-11,-3.48681833957792e-12)
(-9.87605906078653e-12,1.42954021121417e-10,4.3605240420418e-11)
(-6.13273107915039e-12,1.87676219342078e-10,3.92367524787777e-11)
(-3.19237532333205e-12,2.15825966330433e-10,1.7664233712048e-11)
(-2.30143307063257e-12,2.3129748428373e-10,5.76383223743056e-12)
(0,0,0)
(0,0,0)
(0,0,0)
(0,0,0)
(0,0,0)
(0,0,0)
(-1.08500691653197e-12,7.99037261682242e-12,-7.01407999222791e-11)
(-1.36940867734287e-12,1.70122553157325e-11,-6.87227114234521e-11)
(-1.93338706112258e-12,2.65499270060302e-11,-6.39975264134131e-11)
(-2.80232306876768e-12,3.56675842193438e-11,-5.54613958071986e-11)
(-4.65984939459948e-12,4.46172674415503e-11,-4.19030369082761e-11)
(-9.4050644109428e-12,4.34711829686818e-11,-2.20942045292579e-11)
(-1.55577028311596e-11,1.44210723901484e-10,1.18769587804326e-16)
(-1.75064876058292e-11,2.05391224260458e-10,9.77938942234133e-11)
(-8.09849632340644e-12,2.25041824083496e-10,2.4606829731963e-11)
(-5.46818498860075e-12,2.35458479469254e-10,4.45085948267403e-12)
(0,0,0)
(0,0,0)
(0,0,0)
(0,0,0)
(0,0,0)
(0,0,0)
(-1.34587676241506e-12,6.19738615604034e-12,-9.20112481930525e-11)
(-1.66166328015043e-12,1.21275689700641e-11,-9.06963958129236e-11)
(-1.80882370289837e-12,1.7990251763279e-11,-8.6474870153284e-11)
(-1.77062048249728e-12,2.23947955877581e-11,-7.72676956681344e-11)
(-2.12582355470728e-12,2.58897167868216e-11,-6.1760341375733e-11)
(-3.41272489823697e-12,2.64516924908425e-11,-3.67320927590644e-11)
(-3.8122790184322e-17,4.3917009913201e-16,-3.31385877385476e-17)
(-1.93193516196976e-11,2.70981420608356e-10,8.27531090401122e-17)
(-7.99439759535763e-12,2.40703566443979e-10,-5.84747890666243e-12)
(-4.83109894666259e-12,2.37656972122247e-10,-6.57236383218874e-12)
(0,0,0)
(0,0,0)
(0,0,0)
(0,0,0)
(0,0,0)
(0,0,0)
(-1.37610850676586e-12,4.11194405150288e-12,-1.15873629606211e-10)
(-1.32301310217126e-12,7.42047065654177e-12,-1.14765871872478e-10)
(-4.66413514295219e-13,8.89755758415825e-12,-1.11115508353056e-10)
(1.06388027026601e-12,8.56839059779806e-12,-1.0316854248709e-10)
(2.57839659315048e-12,5.64130358194506e-12,-8.78022992617363e-11)
(5.72105211723846e-12,-4.75849080740378e-13,-5.76317649664864e-11)
(5.80808538727054e-18,2.59890852192149e-16,-5.48881258440962e-17)
(-3.36105149865479e-12,2.57113647923958e-10,-2.37268668658513e-16)
(-2.81714207857207e-13,2.34598481816689e-10,-3.11234003812916e-11)
(3.87929011163511e-13,2.28137806692978e-10,-2.00887790642023e-11)
(0,0,0)
(0,0,0)
(0,0,0)
(0,0,0)
(0,0,0)
(0,0,0)
(-7.7080036343395e-13,2.29935849125607e-12,-1.43381467952688e-10)
(-4.58653198939295e-13,3.29806373731493e-12,-1.42112113058287e-10)
(5.63951981966347e-13,1.67824560386746e-12,-1.39102009786091e-10)
(3.75710656606363e-12,-3.36713345544293e-12,-1.33863194812909e-10)
(8.80453749042419e-12,-1.53811845209482e-11,-1.23676641126809e-10)
(2.21396543535063e-11,-3.90346069987555e-11,-9.66630627409511e-11)
(4.07108217518518e-17,4.18157808495524e-16,-5.61711941611284e-16)
(1.95277139423318e-11,2.68595891126848e-10,-1.76749528904172e-10)
(7.96248410547734e-12,2.17693896959207e-10,-8.81063799176976e-11)
(6.00939365570004e-12,2.05890640479658e-10,-3.96888490444623e-11)
(0,0,0)
(0,0,0)
(0,0,0)
(0,0,0)
(0,0,0)
(0,0,0)
(-6.4865270358629e-13,7.97315724376623e-13,-1.71252919169676e-10)
(6.81136653417296e-14,4.01051291833245e-13,-1.7068253701709e-10)
(1.17036962222436e-12,-2.26510423480306e-12,-1.69344159223655e-10)
(3.97335974420872e-12,-9.28686745093108e-12,-1.68233794789235e-10)
(8.40953677893504e-12,-3.08929599481921e-11,-1.70432211792971e-10)
(1.92355724075139e-11,-1.07950478760631e-10,-1.89501308278973e-10)
(6.02430369263067e-12,1.76749403327266e-10,-2.95919252446497e-10)
(9.78946587640409e-12,1.74371679957658e-10,-1.82018274835391e-10)
(8.21262181922266e-12,1.66959533762823e-10,-1.073095707421e-10)
(8.36326815144932e-12,1.64898013418162e-10,-5.06113748564142e-11)
(0,0,0)
(0,0,0)
(0,0,0)
(0,0,0)
(0,0,0)
(0,0,0)
(-1.11415143520095e-12,1.7452712283507e-13,-1.96172371164823e-10)
(-3.59437050843966e-13,-4.17243883844436e-13,-1.96013821622164e-10)
(8.23097415288273e-13,-2.07921912283344e-12,-1.95909744614891e-10)
(2.98171689202439e-12,-4.54535700374018e-12,-1.9625758711767e-10)
(5.60182469200011e-12,-8.04138687248455e-12,-1.98137409442801e-10)
(8.91417738480093e-12,-5.19746953638406e-12,-2.03898875019085e-10)
(7.15687391200581e-12,7.5091228912885e-11,-2.14311878508504e-10)
(7.93735958207003e-12,1.01026067508547e-10,-1.67565105723923e-10)
(7.70405064736347e-12,1.10084138464664e-10,-1.11832019224253e-10)
(8.03520168914526e-12,1.13628148099493e-10,-5.56972636930635e-11)
(0,0,0)
(0,0,0)
(0,0,0)
(0,0,0)
(0,0,0)
(0,0,0)
(-1.55285534936041e-12,-4.32669373637575e-14,-2.12540897669145e-10)
(-1.02207435935639e-12,-3.71445994434973e-13,-2.12430499820493e-10)
(2.79019981326295e-13,-1.02001760677681e-12,-2.1281929087268e-10)
(2.71046550073212e-12,-1.3216288056147e-12,-2.13151044680549e-10)
(4.76667172433576e-12,2.05918005882305e-13,-2.12975503936531e-10)
(7.16240982904411e-12,7.73273942088518e-12,-2.09985244575531e-10)
(7.82206050329855e-12,3.23884488813711e-11,-1.98658676747656e-10)
(8.00548143498995e-12,4.70677867252555e-11,-1.63143448502439e-10)
(7.17349103727459e-12,5.4664040527204e-11,-1.14270850642161e-10)
(6.91909028862821e-12,5.80552071482168e-11,-5.86880239572237e-11)
(0,0,0)
(0,0,0)
(0,0,0)
(0,0,0)
(0,0,0)
(0,0,0)
(0,0,0)
(0,0,0)
(0,0,0)
(0,0,0)
(0,0,0)
(0,0,0)
(0,0,0)
(0,0,0)
(0,0,0)
(0,0,0)
(0,0,0)
(0,0,0)
(0,0,0)
(0,0,0)
(0,0,0)
(0,0,0)
(0,0,0)
(0,0,0)
(0,0,0)
(0,0,0)
(0,0,0)
(0,0,0)
(0,0,0)
(0,0,0)
(0,0,0)
(0,0,0)
(0,0,0)
(0,0,0)
(0,0,0)
(0,0,0)
(0,0,0)
(0,0,0)
(0,0,0)
(0,0,0)
(0,0,0)
(0,0,0)
(0,0,0)
(0,0,0)
(0,0,0)
(0,0,0)
(0,0,0)
(0,0,0)
(0,0,0)
(0,0,0)
(0,0,0)
(0,0,0)
(0,0,0)
(0,0,0)
(0,0,0)
(0,0,0)
(0,0,0)
(0,0,0)
(0,0,0)
(0,0,0)
(0,0,0)
(0,0,0)
(0,0,0)
(0,0,0)
(0,0,0)
(0,0,0)
(0,0,0)
(0,0,0)
(0,0,0)
(0,0,0)
(0,0,0)
(0,0,0)
(0,0,0)
(0,0,0)
(0,0,0)
(0,0,0)
(0,0,0)
(0,0,0)
(0,0,0)
(0,0,0)
(0,0,0)
(0,0,0)
(0,0,0)
(0,0,0)
(0,0,0)
(0,0,0)
(0,0,0)
(0,0,0)
(0,0,0)
(0,0,0)
(0,0,0)
(0,0,0)
(0,0,0)
(0,0,0)
(0,0,0)
(0,0,0)
(0,0,0)
(0,0,0)
(0,0,0)
(0,0,0)
(0,0,0)
(0,0,0)
(3.81791641367634e-13,1.5176125410816e-11,-1.99080805258234e-11)
(-1.37895284222976e-14,3.02542468132586e-11,-1.8921976933903e-11)
(-2.40806155616074e-13,4.58924770941704e-11,-1.66974259736874e-11)
(-7.00420682748952e-13,6.37323630483017e-11,-1.40123123588789e-11)
(-3.31390597970009e-13,8.63219930020258e-11,-1.06998463368662e-11)
(-4.80010382417944e-13,1.123964192899e-10,-5.83065610609191e-12)
(6.38894989339769e-13,1.41563566844659e-10,-4.64472689866124e-13)
(1.49567118574691e-12,1.69458391462304e-10,1.88338871682795e-12)
(1.25141228734401e-12,1.89958754723378e-10,1.99580328630491e-12)
(5.95713747511562e-13,2.0032090624873e-10,1.45494016475291e-12)
(0,0,0)
(0,0,0)
(0,0,0)
(0,0,0)
(0,0,0)
(0,0,0)
(3.12825471293418e-13,1.40418987071183e-11,-3.91693670924028e-11)
(-1.03164963318372e-13,2.79979211604629e-11,-3.69806820371823e-11)
(-8.70427934954775e-13,4.2792947805164e-11,-3.29934578094949e-11)
(-1.37034519118715e-12,5.97671530448382e-11,-2.79391571172763e-11)
(-9.03082337071941e-13,8.07387140394758e-11,-2.08681868525309e-11)
(-1.15936555653518e-12,1.06146103864262e-10,-1.00389223538616e-11)
(-6.45502572575008e-14,1.38062944284388e-10,3.73697621168172e-12)
(1.14193505819495e-12,1.68279238731821e-10,7.27822980103093e-12)
(1.36114089297414e-12,1.90036177008472e-10,4.81741743484265e-12)
(7.28053234373475e-13,2.01160115902739e-10,2.53231032166402e-12)
(0,0,0)
(0,0,0)
(0,0,0)
(0,0,0)
(0,0,0)
(0,0,0)
(-3.82337197649193e-13,1.17771083454342e-11,-5.6536304191072e-11)
(-3.73692898636252e-13,2.39065357715619e-11,-5.43381289588382e-11)
(-1.22988202924234e-12,3.71140265277203e-11,-4.96589692393828e-11)
(-2.26343413399231e-12,5.16719646921972e-11,-4.26654425737913e-11)
(-2.67362002964209e-12,6.85432074324278e-11,-3.1769638716722e-11)
(-4.62526106917744e-12,8.9818400628348e-11,-1.35557795842324e-11)
(-6.76427389921434e-12,1.30500341893817e-10,2.3835600221509e-11)
(-2.27521723080308e-12,1.68168896627215e-10,2.31167663341418e-11)
(-5.07831601743641e-13,1.9128988380648e-10,9.84383825512178e-12)
(-6.98596018753211e-13,2.02687743566622e-10,3.20048381119272e-12)
(0,0,0)
(0,0,0)
(0,0,0)
(0,0,0)
(0,0,0)
(0,0,0)
(-7.10108954567171e-13,9.43871409697824e-12,-7.46437263343202e-11)
(-1.20990734170898e-12,1.9153575958563e-11,-7.29828622517522e-11)
(-1.90984242460044e-12,2.9700416946186e-11,-6.81401497741533e-11)
(-3.08789333609206e-12,3.96290199852218e-11,-5.99354329455251e-11)
(-5.74113111889922e-12,4.7922043667105e-11,-4.80029629789168e-11)
(-1.44798972319454e-11,4.57274782732019e-11,-3.38914409144728e-11)
(3.08588064463994e-11,1.14515381133854e-10,-3.97776828488778e-11)
(-9.90961946227909e-12,1.7378020311066e-10,5.91063363380525e-11)
(-3.60426843455804e-12,1.9513255190707e-10,1.28036754306525e-11)
(-3.21581815891499e-12,2.04344143796251e-10,1.45188906549832e-12)
(0,0,0)
(0,0,0)
(0,0,0)
(0,0,0)
(0,0,0)
(0,0,0)
(-5.75287038018372e-13,7.52932966877799e-12,-9.47407584548051e-11)
(-1.17609062626594e-12,1.43247553119102e-11,-9.2979035327671e-11)
(-1.92330400891733e-12,2.12857589422047e-11,-8.84325683400189e-11)
(-3.45156978493389e-12,2.69185559455513e-11,-7.97755054439999e-11)
(-6.90565896651225e-12,3.09485482983426e-11,-6.62331062657488e-11)
(-1.32172429471331e-11,3.60450423485678e-11,-4.39370877371854e-11)
(2.52647599768794e-17,4.45545368212052e-16,-1.21743094152638e-16)
(3.95982724472789e-13,1.99681083896062e-10,-2.17636939957096e-11)
(-1.16442804257465e-12,2.00784371302577e-10,-1.35800601017082e-11)
(-1.88429734953225e-12,2.03029051047406e-10,-8.31738486941272e-12)
(0,0,0)
(0,0,0)
(0,0,0)
(0,0,0)
(0,0,0)
(0,0,0)
(-6.71280680256645e-13,5.49593849387374e-12,-1.15144844729088e-10)
(-8.50969702363544e-13,9.93860806303032e-12,-1.13788025646061e-10)
(-1.1940673999823e-12,1.2906587362513e-11,-1.097832933616e-10)
(-2.36683890183469e-12,1.41700242071489e-11,-1.02275718315224e-10)
(-6.56964959921269e-12,1.20614592465306e-11,-8.90262585384485e-11)
(-1.33519000430996e-11,7.20971938019562e-12,-6.26855770113144e-11)
(2.99216718983124e-17,2.98990520168859e-16,-1.62196085731478e-16)
(1.62798684110783e-11,1.81955549250501e-10,-4.39685337572208e-11)
(5.58824933256646e-12,1.90956627358615e-10,-3.80000763370914e-11)
(2.54631616028865e-12,1.92025181263487e-10,-2.04622713108643e-11)
(0,0,0)
(0,0,0)
(0,0,0)
(0,0,0)
(0,0,0)
(0,0,0)
(-5.38112490981836e-13,3.59382727695859e-12,-1.37165840138096e-10)
(-5.71744025652604e-13,5.9993812818453e-12,-1.36026027415207e-10)
(-7.31513152549677e-13,6.30109747703716e-12,-1.32745905355963e-10)
(-5.09713124556807e-13,3.69218764874258e-12,-1.27219584500318e-10)
(-2.69726546817602e-12,-5.29899702364365e-12,-1.1737502577099e-10)
(-5.60697491363145e-12,-2.23640913562318e-11,-9.313774724131e-11)
(2.27335950588752e-17,3.73679042555946e-16,-5.12915070958261e-16)
(2.51087761250466e-11,1.75788938025256e-10,-1.32437461402359e-10)
(1.02793164286156e-11,1.72407912713109e-10,-7.54958528648161e-11)
(7.31317167272494e-12,1.70747278107739e-10,-3.54258218491334e-11)
(0,0,0)
(0,0,0)
(0,0,0)
(0,0,0)
(0,0,0)
(0,0,0)
(-5.96246254631897e-13,1.94656227640552e-12,-1.5757793584966e-10)
(-4.51968952421549e-13,2.82177688716951e-12,-1.57078488787192e-10)
(-1.25879924153629e-13,1.96420174069305e-12,-1.5539627760304e-10)
(1.43026630074811e-12,-2.18617022763946e-12,-1.53278885155281e-10)
(4.62706018922967e-12,-1.6991384888631e-11,-1.52079303414761e-10)
(2.29005073507772e-11,-6.71875368248308e-11,-1.57807779287826e-10)
(-6.21849950410785e-12,1.1963332619784e-10,-1.96478791990882e-10)
(8.4263742322228e-12,1.31398941780406e-10,-1.42754745061026e-10)
(8.38982123170193e-12,1.34702327458985e-10,-9.02300121726953e-11)
(9.0217586136756e-12,1.36044102629497e-10,-4.3988887279873e-11)
(0,0,0)
(0,0,0)
(0,0,0)
(0,0,0)
(0,0,0)
(0,0,0)
(-1.05490691767506e-12,1.05954510574074e-12,-1.75976343316598e-10)
(-5.09311947508259e-13,1.46138162466893e-12,-1.7560480003862e-10)
(1.11738401996377e-13,1.17173818387008e-12,-1.74502976754624e-10)
(1.63781101902945e-12,9.17025268203397e-15,-1.73287836464349e-10)
(3.11598538991923e-12,-2.13788952641024e-12,-1.72359137941574e-10)
(6.39697191695151e-12,1.64903652856691e-12,-1.72490634699118e-10)
(3.11288115894474e-12,5.88351515394913e-11,-1.71953257540896e-10)
(6.16255386568917e-12,8.10740751114655e-11,-1.38268721701624e-10)
(6.98939305361253e-12,9.01599832507567e-11,-9.38377795366227e-11)
(7.91087894736021e-12,9.35157128103937e-11,-4.71967696488898e-11)
(0,0,0)
(0,0,0)
(0,0,0)
(0,0,0)
(0,0,0)
(0,0,0)
(-1.70652013537691e-12,4.21853166921962e-13,-1.86546177388538e-10)
(-1.00472930160406e-12,6.71501565455405e-13,-1.86758485598429e-10)
(-4.09243817581338e-13,9.576284860402e-13,-1.86294855415278e-10)
(1.21329595109957e-12,1.0898299602181e-12,-1.84782327568802e-10)
(1.98233036921814e-12,2.20462554705259e-12,-1.82381485423916e-10)
(3.56858142205412e-12,8.48375774469493e-12,-1.7763825430248e-10)
(4.69528113945251e-12,2.69861804529234e-11,-1.65771476319252e-10)
(6.2006702999679e-12,3.88405904737032e-11,-1.36233739191969e-10)
(6.25470487953762e-12,4.53882523288424e-11,-9.52405150585359e-11)
(6.2862734796166e-12,4.78627623634311e-11,-4.84669012523983e-11)
(0,0,0)
(0,0,0)
(0,0,0)
(0,0,0)
(0,0,0)
(0,0,0)
(0,0,0)
(0,0,0)
(0,0,0)
(0,0,0)
(0,0,0)
(0,0,0)
(0,0,0)
(0,0,0)
(0,0,0)
(0,0,0)
(0,0,0)
(0,0,0)
(0,0,0)
(0,0,0)
(0,0,0)
(0,0,0)
(0,0,0)
(0,0,0)
(0,0,0)
(0,0,0)
(0,0,0)
(0,0,0)
(0,0,0)
(0,0,0)
(0,0,0)
(0,0,0)
(0,0,0)
(0,0,0)
(0,0,0)
(0,0,0)
(0,0,0)
(0,0,0)
(0,0,0)
(0,0,0)
(0,0,0)
(0,0,0)
(0,0,0)
(0,0,0)
(0,0,0)
(0,0,0)
(0,0,0)
(0,0,0)
(0,0,0)
(0,0,0)
(0,0,0)
(0,0,0)
(0,0,0)
(0,0,0)
(0,0,0)
(0,0,0)
(0,0,0)
(0,0,0)
(0,0,0)
(0,0,0)
(0,0,0)
(0,0,0)
(0,0,0)
(0,0,0)
(0,0,0)
(0,0,0)
(0,0,0)
(0,0,0)
(0,0,0)
(0,0,0)
(0,0,0)
(0,0,0)
(0,0,0)
(0,0,0)
(0,0,0)
(0,0,0)
(0,0,0)
(0,0,0)
(0,0,0)
(0,0,0)
(0,0,0)
(0,0,0)
(0,0,0)
(0,0,0)
(0,0,0)
(0,0,0)
(0,0,0)
(0,0,0)
(0,0,0)
(0,0,0)
(0,0,0)
(0,0,0)
(0,0,0)
(0,0,0)
(0,0,0)
(0,0,0)
(0,0,0)
(0,0,0)
(0,0,0)
(0,0,0)
(0,0,0)
(0,0,0)
(5.29914753159614e-13,1.5014308490746e-11,-2.12412067130918e-11)
(1.79851641455426e-14,3.09846014457223e-11,-2.01826226253139e-11)
(1.73609518592695e-13,4.87442636910781e-11,-1.85168871590705e-11)
(-4.76767012949332e-14,6.72170334373758e-11,-1.61632863590531e-11)
(3.82698133805769e-13,8.74749379986359e-11,-1.32292026923843e-11)
(4.04121626985358e-13,1.1124273253219e-10,-9.37739599466854e-12)
(1.79165614290905e-12,1.3568597554826e-10,-5.02091029958524e-12)
(2.56240934677623e-12,1.59070495502995e-10,-2.20044847224014e-12)
(1.71485312380984e-12,1.76155921800622e-10,-5.39395189680496e-13)
(1.21144425825253e-12,1.85043198864288e-10,6.22805550492033e-14)
(0,0,0)
(0,0,0)
(0,0,0)
(0,0,0)
(0,0,0)
(0,0,0)
(3.88930777755287e-13,1.41535509526605e-11,-4.13709828457144e-11)
(9.96197905832259e-16,2.96630246312133e-11,-3.94009553628159e-11)
(-2.45807349742143e-13,4.63883470374424e-11,-3.59817962694555e-11)
(-3.46127103301972e-13,6.38173322866742e-11,-3.12953614476878e-11)
(4.63159771318588e-13,8.30198648551286e-11,-2.49937072937684e-11)
(1.39243911383327e-12,1.06489212336873e-10,-1.67442995509504e-11)
(3.95679854397784e-12,1.32998080514065e-10,-7.24332233862552e-12)
(3.71308952897094e-12,1.57647435894592e-10,-2.65186353369893e-12)
(2.39254120813798e-12,1.75457181399012e-10,-1.00166718988114e-12)
(1.73273589216944e-12,1.84313651551569e-10,-1.68690309809245e-14)
(0,0,0)
(0,0,0)
(0,0,0)
(0,0,0)
(0,0,0)
(0,0,0)
(-2.42118181407494e-13,1.22042559665926e-11,-5.96356871918785e-11)
(-2.99892805104196e-13,2.6276955590851e-11,-5.78164090403347e-11)
(-8.09799113291095e-13,4.12161032063056e-11,-5.34698692096207e-11)
(-1.1162932840689e-12,5.67000688075995e-11,-4.71047198134899e-11)
(-2.66315396824795e-13,7.38920902529104e-11,-3.7858636029475e-11)
(2.07428148020963e-12,9.63749256456173e-11,-2.41862159162164e-11)
(9.93952074811549e-12,1.28740502421578e-10,-4.48831000470611e-12)
(5.38640436478769e-12,1.56162043938078e-10,-8.29640277893457e-14)
(2.29285474157665e-12,1.74406951505063e-10,-1.02312473791762e-12)
(8.45487562812068e-13,1.83478588657255e-10,-6.87377098226623e-13)
(0,0,0)
(0,0,0)
(0,0,0)
(0,0,0)
(0,0,0)
(0,0,0)
(-4.61588608932509e-13,1.01075187595763e-11,-7.84287017910848e-11)
(-1.22379917264759e-12,2.15131041339379e-11,-7.65326198810038e-11)
(-1.69990124925418e-12,3.40127206986728e-11,-7.19887306491606e-11)
(-2.30989926302809e-12,4.64272029398775e-11,-6.48583746349139e-11)
(-2.87915781458184e-12,5.89483358859207e-11,-5.40454174350255e-11)
(1.08878062708595e-12,7.58906496524473e-11,-3.67357709420245e-11)
(4.64897228479646e-11,1.27760508403152e-10,4.32957109991542e-12)
(1.04921606597358e-11,1.57339701776835e-10,6.59145952800388e-13)
(2.09569853504711e-12,1.73769729455139e-10,-3.91607786293481e-12)
(-4.48836344569066e-13,1.81791360544154e-10,-3.0352619773109e-12)
(0,0,0)
(0,0,0)
(0,0,0)
(0,0,0)
(0,0,0)
(0,0,0)
(-3.03618990238054e-13,8.2867800910896e-12,-9.76110006263367e-11)
(-1.33641036503728e-12,1.66921662105776e-11,-9.5638636399577e-11)
(-2.20119532524115e-12,2.61126019254181e-11,-9.15162736145496e-11)
(-4.2454372247828e-12,3.42362447903855e-11,-8.44350373697744e-11)
(-1.03145884432631e-11,3.92131416344335e-11,-7.47566859894219e-11)
(-2.83188859728459e-11,3.37912320171348e-11,-6.46151327424512e-11)
(2.17637440722234e-11,1.6551286758328e-10,-6.92135795269803e-11)
(9.93788347604543e-12,1.65556659998481e-10,-3.63531556367046e-11)
(3.40064066907666e-12,1.72624452523647e-10,-2.17781212519884e-11)
(8.02187564986261e-13,1.77004764147904e-10,-1.07876842674175e-11)
(0,0,0)
(0,0,0)
(0,0,0)
(0,0,0)
(0,0,0)
(0,0,0)
(-1.2598854638467e-13,6.56061573124199e-12,-1.1584175501722e-10)
(-9.16475205640046e-13,1.25652300388338e-11,-1.14183128405009e-10)
(-2.09615256086389e-12,1.85276923840958e-11,-1.10764076423003e-10)
(-5.13846212022606e-12,2.27748337680869e-11,-1.05036478994738e-10)
(-1.55498748561628e-11,2.3345822530074e-11,-9.7533350908839e-11)
(-4.64635041218891e-11,1.59621563361899e-11,-9.23490576780353e-11)
(4.39683267942848e-11,1.46688621952809e-10,-1.0916957062649e-10)
(1.64780222161868e-11,1.54488047212219e-10,-6.77248880611989e-11)
(6.59915895188575e-12,1.62232199964704e-10,-4.28879048752385e-11)
(3.3619480051333e-12,1.65611603667069e-10,-2.11148904823329e-11)
(0,0,0)
(0,0,0)
(0,0,0)
(0,0,0)
(0,0,0)
(0,0,0)
(-3.06602133100828e-14,5.03300308633832e-12,-1.34314137525311e-10)
(-6.74261690224572e-13,9.0119057782683e-12,-1.32763262745368e-10)
(-1.92093827184307e-12,1.20822810986283e-11,-1.29935001680159e-10)
(-4.47591397751456e-12,1.32535764951304e-11,-1.25777430062622e-10)
(-1.52421561328602e-11,1.04678621163123e-11,-1.21295886918554e-10)
(-5.39207637712621e-11,-1.99643207095236e-12,-1.24397856399953e-10)
(1.28040187020925e-11,1.40535993758119e-10,-1.77875272464714e-10)
(1.25571638323622e-11,1.38814731446762e-10,-1.08352213090506e-10)
(7.91487066703703e-12,1.43181550726819e-10,-6.59177439788127e-11)
(6.59052530185163e-12,1.4559952828677e-10,-3.18159155253896e-11)
(0,0,0)
(0,0,0)
(0,0,0)
(0,0,0)
(0,0,0)
(0,0,0)
(-2.08676146443603e-13,3.63927386647525e-12,-1.49374104260855e-10)
(-7.7378487408042e-13,6.06608510783182e-12,-1.48214443646768e-10)
(-1.45080881508627e-12,7.22517065656271e-12,-1.46414836075189e-10)
(-1.96465592008809e-12,7.41005535547526e-12,-1.44228908512988e-10)
(-4.49795929992566e-12,6.49756044914837e-12,-1.42017859331489e-10)
(-7.26505329956642e-12,1.16680710096546e-11,-1.43200708866399e-10)
(8.55628224410038e-13,8.18860441478071e-11,-1.50537871914537e-10)
(6.22650801284036e-12,1.03440214230622e-10,-1.15917103524642e-10)
(6.69104054710072e-12,1.12164200680881e-10,-7.64940677262204e-11)
(7.56126115291128e-12,1.15923858695956e-10,-3.83393747466069e-11)
(0,0,0)
(0,0,0)
(0,0,0)
(0,0,0)
(0,0,0)
(0,0,0)
(-7.88758256815739e-13,2.58525004249753e-12,-1.630886262042e-10)
(-8.21255172297879e-13,4.19746810048383e-12,-1.62148534967299e-10)
(-8.89292190444411e-13,4.75674451099084e-12,-1.60034408442227e-10)
(-3.71547211283305e-13,5.5961772983887e-12,-1.57741616656528e-10)
(-1.09503292599651e-12,7.75725685390418e-12,-1.54634563955267e-10)
(-9.75126457444466e-13,1.7567002144069e-11,-1.50976273212536e-10)
(1.27731640626553e-12,4.84913096756723e-11,-1.4331564605281e-10)
(3.96509633844372e-12,6.70586611296628e-11,-1.16815455773707e-10)
(5.12011408779523e-12,7.64752016475051e-11,-8.05427357133689e-11)
(6.36705974542412e-12,8.01359979744092e-11,-4.10591153822924e-11)
(0,0,0)
(0,0,0)
(0,0,0)
(0,0,0)
(0,0,0)
(0,0,0)
(-1.07235875856418e-12,1.56635775947066e-12,-1.71637343203901e-10)
(-7.9685791929979e-13,2.22816755677158e-12,-1.70624869996936e-10)
(-9.6414317801687e-13,2.60533090528672e-12,-1.68421728291005e-10)
(-9.7716233568768e-14,3.40465437694003e-12,-1.65579748756346e-10)
(-5.562752051645e-13,5.27327577900012e-12,-1.61246046021663e-10)
(1.85561183522538e-13,1.1281612307751e-11,-1.54833113846902e-10)
(2.14372446509074e-12,2.33878167054537e-11,-1.42304165985487e-10)
(4.0480366402418e-12,3.30015308007704e-11,-1.17393157926631e-10)
(4.86934340224309e-12,3.89776211251313e-11,-8.24171078817104e-11)
(5.682134590651e-12,4.09570557817587e-11,-4.19444439375373e-11)
(0,0,0)
(0,0,0)
(0,0,0)
(0,0,0)
(0,0,0)
(0,0,0)
(0,0,0)
(0,0,0)
(0,0,0)
(0,0,0)
(0,0,0)
(0,0,0)
(0,0,0)
(0,0,0)
(0,0,0)
(0,0,0)
(0,0,0)
(0,0,0)
(0,0,0)
(0,0,0)
(0,0,0)
(0,0,0)
(0,0,0)
(0,0,0)
(0,0,0)
(0,0,0)
(0,0,0)
(0,0,0)
(0,0,0)
(0,0,0)
(0,0,0)
(0,0,0)
(0,0,0)
(0,0,0)
(0,0,0)
(0,0,0)
(0,0,0)
(0,0,0)
(0,0,0)
(0,0,0)
(0,0,0)
(0,0,0)
(0,0,0)
(0,0,0)
(0,0,0)
(0,0,0)
(0,0,0)
(0,0,0)
(0,0,0)
(0,0,0)
(0,0,0)
(0,0,0)
(0,0,0)
(0,0,0)
(0,0,0)
(0,0,0)
(0,0,0)
(0,0,0)
(0,0,0)
(0,0,0)
(0,0,0)
(0,0,0)
(0,0,0)
(0,0,0)
(0,0,0)
(0,0,0)
(0,0,0)
(0,0,0)
(0,0,0)
(0,0,0)
(0,0,0)
(0,0,0)
(0,0,0)
(0,0,0)
(0,0,0)
(0,0,0)
(0,0,0)
(0,0,0)
(0,0,0)
(0,0,0)
(0,0,0)
(0,0,0)
(0,0,0)
(0,0,0)
(0,0,0)
(0,0,0)
(0,0,0)
(0,0,0)
(0,0,0)
(0,0,0)
(0,0,0)
(0,0,0)
(0,0,0)
(0,0,0)
(0,0,0)
(0,0,0)
(0,0,0)
(0,0,0)
(0,0,0)
(0,0,0)
(0,0,0)
(0,0,0)
(3.32088203476858e-13,1.53080500784883e-11,-2.21390143090857e-11)
(-3.26173487591698e-13,3.16822940167203e-11,-2.08051571959676e-11)
(1.75925372213202e-13,4.9750754244317e-11,-1.93218597841953e-11)
(4.1794078274076e-13,6.9325562548023e-11,-1.73739921965032e-11)
(9.85964579593667e-13,8.97693407178489e-11,-1.506458634842e-11)
(8.01156127228442e-13,1.11385882897315e-10,-1.19335769312827e-11)
(1.65908934975115e-12,1.32358983017886e-10,-8.52785467921093e-12)
(2.32441567260335e-12,1.52226358602173e-10,-5.64096321727608e-12)
(1.81191778070109e-12,1.67859876807408e-10,-3.31998272387448e-12)
(2.00327212602491e-12,1.76231997691598e-10,-1.72501775419707e-12)
(0,0,0)
(0,0,0)
(0,0,0)
(0,0,0)
(0,0,0)
(0,0,0)
(3.68198280939479e-13,1.44106357361301e-11,-4.39217214477007e-11)
(-3.20938551081011e-14,3.03497678887679e-11,-4.18281631021971e-11)
(2.40001659630091e-13,4.7828420211958e-11,-3.88574820765691e-11)
(4.69482221853984e-13,6.68995887721869e-11,-3.47866768039595e-11)
(1.34152663072032e-12,8.67003162208174e-11,-2.95476272496263e-11)
(2.00574859277193e-12,1.08020829547945e-10,-2.2925451641889e-11)
(3.62291783154259e-12,1.30042920553254e-10,-1.59311445337304e-11)
(3.54828514165898e-12,1.51041120743188e-10,-1.08900347514452e-11)
(2.45797294319374e-12,1.67120504805681e-10,-6.99727750598848e-12)
(2.55092975549594e-12,1.75283086077708e-10,-3.46693036594858e-12)
(0,0,0)
(0,0,0)
(0,0,0)
(0,0,0)
(0,0,0)
(0,0,0)
(3.53408740595246e-14,1.27619574431955e-11,-6.33578689113152e-11)
(1.17418821106862e-13,2.76760280583042e-11,-6.17663352554517e-11)
(2.84339982094056e-14,4.36536447618186e-11,-5.78254032821856e-11)
(-8.95112003601325e-14,6.13210584976345e-11,-5.1962240591184e-11)
(1.00501885689303e-12,8.008425705755e-11,-4.40236895715177e-11)
(2.86065156188605e-12,1.01478020143348e-10,-3.36020401262005e-11)
(6.5141687895812e-12,1.26455655586293e-10,-2.19393145123332e-11)
(5.14890723617658e-12,1.48828738613064e-10,-1.51206327163094e-11)
(2.59432915183607e-12,1.64746848167817e-10,-1.02408458833557e-11)
(1.84533857767666e-12,1.72787472995002e-10,-5.29404158186893e-12)
(0,0,0)
(0,0,0)
(0,0,0)
(0,0,0)
(0,0,0)
(0,0,0)
(-5.36931850527882e-13,1.11741192742664e-11,-8.21561534326564e-11)
(-9.46750481121744e-13,2.38213015049e-11,-8.05147959297989e-11)
(-9.30138490240364e-13,3.74399677906574e-11,-7.62678929483861e-11)
(-9.31898313433462e-13,5.27106740356996e-11,-6.96956048496938e-11)
(-4.53610056104102e-13,6.94361776083065e-11,-6.02296069903791e-11)
(2.12285622045094e-12,9.07141925598983e-11,-4.74671398364318e-11)
(1.24077888149584e-11,1.22869514540349e-10,-3.11877942912267e-11)
(6.85042625379676e-12,1.46345896369644e-10,-2.21167071840449e-11)
(2.36015958088933e-12,1.61110639985613e-10,-1.49703293919603e-11)
(1.30249807437201e-12,1.68335898977793e-10,-7.82808142240884e-12)
(0,0,0)
(0,0,0)
(0,0,0)
(0,0,0)
(0,0,0)
(0,0,0)
(-5.49818857145108e-13,9.27294874400747e-12,-9.96605107103147e-11)
(-1.33183697833046e-12,1.91402616355919e-11,-9.80110660574652e-11)
(-1.69752202867975e-12,3.01005688859562e-11,-9.42382088332822e-11)
(-2.46237758284647e-12,4.21062781714262e-11,-8.79036678500211e-11)
(-4.58882258588004e-12,5.56500422420486e-11,-7.94186923026613e-11)
(-5.89136350736623e-12,7.51333807405201e-11,-6.96578590135873e-11)
(7.72756581241199e-12,1.22245802474602e-10,-5.97881202219814e-11)
(6.43146187759779e-12,1.43078992486844e-10,-4.23307673984198e-11)
(2.80245624346317e-12,1.5529179223519e-10,-2.70466417154431e-11)
(1.40766377838586e-12,1.60752047008593e-10,-1.33382819176118e-11)
(0,0,0)
(0,0,0)
(0,0,0)
(0,0,0)
(0,0,0)
(0,0,0)
(-2.57002513686508e-13,7.38226680126171e-12,-1.16471515351139e-10)
(-7.8220292706484e-13,1.47323041910189e-11,-1.14993272466669e-10)
(-1.37833870367457e-12,2.27132179928976e-11,-1.12124031525353e-10)
(-3.12033293317204e-12,3.17170119270298e-11,-1.07176566680601e-10)
(-7.85620767319458e-12,4.24817951274857e-11,-1.00390676919921e-10)
(-1.16844027662798e-11,6.03208196900304e-11,-9.3573939871879e-11)
(8.67627242372229e-12,1.09691366244199e-10,-8.78677095994465e-11)
(7.31435479565959e-12,1.3146699442708e-10,-6.54495889954723e-11)
(3.87679379686458e-12,1.4334339999764e-10,-4.2757125760148e-11)
(2.2591329030922e-12,1.48261455352354e-10,-2.09469277515883e-11)
(0,0,0)
(0,0,0)
(0,0,0)
(0,0,0)
(0,0,0)
(0,0,0)
(-1.87805773408748e-13,5.91593829732333e-12,-1.32167592126682e-10)
(-5.56702084980275e-13,1.14139119266395e-11,-1.30974308496978e-10)
(-1.22139944731017e-12,1.66404458860328e-11,-1.28702863863458e-10)
(-3.11393598193361e-12,2.26283111423982e-11,-1.25005559111964e-10)
(-8.16988498428699e-12,3.06035083340912e-11,-1.20042528001183e-10)
(-1.41078507871234e-11,4.5997576300181e-11,-1.16088174824778e-10)
(1.93090893821066e-12,9.39146146220244e-11,-1.15612982746719e-10)
(5.49721193678656e-12,1.13619381362455e-10,-8.74958631872946e-11)
(4.83039225954105e-12,1.24088739336564e-10,-5.74575190431773e-11)
(4.45027936728404e-12,1.28834208361712e-10,-2.82433111586561e-11)
(0,0,0)
(0,0,0)
(0,0,0)
(0,0,0)
(0,0,0)
(0,0,0)
(-3.14312936558349e-13,4.66333130213704e-12,-1.45079762668417e-10)
(-7.04775438308621e-13,8.74079174352324e-12,-1.44027420030808e-10)
(-1.16831023172469e-12,1.20142934928203e-11,-1.41911093113569e-10)
(-2.36182704450337e-12,1.58093863869926e-11,-1.38677642187622e-10)
(-4.57480616974835e-12,2.18261002022794e-11,-1.34647707092066e-10)
(-5.82682138584859e-12,3.56628125729518e-11,-1.29964372306409e-10)
(-3.70405693350669e-13,6.76951129641793e-11,-1.22264580837871e-10)
(3.18502531537861e-12,8.71807903876405e-11,-9.78368924976886e-11)
(4.2253466008684e-12,9.75235295265028e-11,-6.67600052180914e-11)
(5.00974712785032e-12,1.02853378729575e-10,-3.39679753389021e-11)
(0,0,0)
(0,0,0)
(0,0,0)
(0,0,0)
(0,0,0)
(0,0,0)
(-7.09957210681225e-13,3.45499907758184e-12,-1.55519421283501e-10)
(-9.66081153663495e-13,6.3700705573473e-12,-1.54358780472443e-10)
(-1.03067037043267e-12,8.38302121839334e-12,-1.51527495481351e-10)
(-1.28707699109944e-12,1.10329391692666e-11,-1.47750107768445e-10)
(-2.26934259384018e-12,1.51467373283097e-11,-1.42955285307906e-10)
(-2.35036378085209e-12,2.50400075556363e-11,-1.36636070606084e-10)
(-1.1938090259577e-13,4.3609715779811e-11,-1.2526451768713e-10)
(1.74950660698892e-12,5.82122315363748e-11,-1.02477438195276e-10)
(3.13407427910466e-12,6.68984944281413e-11,-7.16453974582309e-11)
(4.48688655578522e-12,7.13097145632313e-11,-3.7029688108383e-11)
(0,0,0)
(0,0,0)
(0,0,0)
(0,0,0)
(0,0,0)
(0,0,0)
(-5.18474206059586e-13,2.17112604263524e-12,-1.61150172228268e-10)
(-7.71832068459045e-13,3.4391111038596e-12,-1.59237008096308e-10)
(-1.20079180738844e-12,4.37693024829214e-12,-1.56105174503607e-10)
(-1.02676459131237e-12,5.99573622474338e-12,-1.52367546047799e-10)
(-1.69593160092476e-12,8.08332651182964e-12,-1.46788662044063e-10)
(-1.06177437014137e-12,1.29120715942845e-11,-1.39152859556908e-10)
(6.20533111685409e-13,2.13094626824191e-11,-1.26312904851598e-10)
(2.07351739609084e-12,2.88574550375183e-11,-1.04238446693412e-10)
(3.374300583197e-12,3.40099300111897e-11,-7.389966899585e-11)
(4.69474643486602e-12,3.62567222424562e-11,-3.81189095454446e-11)
(0,0,0)
(0,0,0)
(0,0,0)
(0,0,0)
(0,0,0)
(0,0,0)
(0,0,0)
(0,0,0)
(0,0,0)
(0,0,0)
(0,0,0)
(0,0,0)
(0,0,0)
(0,0,0)
(0,0,0)
(0,0,0)
(0,0,0)
(0,0,0)
(0,0,0)
(0,0,0)
(0,0,0)
(0,0,0)
(0,0,0)
(0,0,0)
(0,0,0)
(0,0,0)
(0,0,0)
(0,0,0)
(0,0,0)
(0,0,0)
(0,0,0)
(0,0,0)
(0,0,0)
(0,0,0)
(0,0,0)
(0,0,0)
(0,0,0)
(0,0,0)
(0,0,0)
(0,0,0)
(0,0,0)
(0,0,0)
(0,0,0)
(0,0,0)
(0,0,0)
(0,0,0)
(0,0,0)
(0,0,0)
(0,0,0)
(0,0,0)
(0,0,0)
(0,0,0)
(0,0,0)
(0,0,0)
(0,0,0)
(0,0,0)
(0,0,0)
(0,0,0)
(0,0,0)
(0,0,0)
(0,0,0)
(0,0,0)
(0,0,0)
(0,0,0)
(0,0,0)
(0,0,0)
(0,0,0)
(0,0,0)
(0,0,0)
(0,0,0)
(0,0,0)
(0,0,0)
(0,0,0)
(0,0,0)
(0,0,0)
(0,0,0)
(0,0,0)
(0,0,0)
(0,0,0)
(0,0,0)
(0,0,0)
(0,0,0)
(0,0,0)
(0,0,0)
(0,0,0)
(0,0,0)
(0,0,0)
(0,0,0)
(0,0,0)
(0,0,0)
(0,0,0)
(0,0,0)
(0,0,0)
(0,0,0)
(0,0,0)
(0,0,0)
(0,0,0)
(0,0,0)
(0,0,0)
(0,0,0)
(0,0,0)
(0,0,0)
(-1.04354567274718e-13,1.53451597577678e-11,-2.18706528415201e-11)
(-4.76944771423107e-13,3.15950757804376e-11,-2.08162515224793e-11)
(1.50391816874082e-13,4.92731639019653e-11,-1.95286772441814e-11)
(5.34508710490381e-13,6.83021014215937e-11,-1.76654148285642e-11)
(9.23979659503306e-13,8.95402533728854e-11,-1.60083846222925e-11)
(7.60487224525724e-13,1.10932396911867e-10,-1.34629305105927e-11)
(1.08826035244782e-12,1.3157797802489e-10,-1.04974531591854e-11)
(1.18867303818496e-12,1.50943084859424e-10,-7.28829470607155e-12)
(9.56324812752307e-13,1.66377006429717e-10,-4.25274334403101e-12)
(1.22716598572334e-12,1.74099304783453e-10,-1.82732749817322e-12)
(0,0,0)
(0,0,0)
(0,0,0)
(0,0,0)
(0,0,0)
(0,0,0)
(-7.66817716279969e-14,1.41864038714447e-11,-4.47769013144779e-11)
(-3.29035050261842e-13,2.98305567307187e-11,-4.28638648026008e-11)
(3.43971837164483e-13,4.75602933032177e-11,-4.03880188049614e-11)
(8.08962942065787e-13,6.71795799258206e-11,-3.66196848549274e-11)
(1.33541018625268e-12,8.79187789206683e-11,-3.22076951459829e-11)
(1.55425088919783e-12,1.08727406785003e-10,-2.62511524609118e-11)
(2.1690730162274e-12,1.29457079924227e-10,-2.00218825500178e-11)
(1.86791002632194e-12,1.49096206535569e-10,-1.44647815282385e-11)
(1.30128244102323e-12,1.64907915396611e-10,-9.69407515445077e-12)
(1.57961247225352e-12,1.73499143271003e-10,-4.93932478487676e-12)
(0,0,0)
(0,0,0)
(0,0,0)
(0,0,0)
(0,0,0)
(0,0,0)
(3.16453871204666e-14,1.21966855879518e-11,-6.60135158359906e-11)
(3.12134012505753e-14,2.70256756828006e-11,-6.44342453902562e-11)
(3.78948278371912e-13,4.41359311903604e-11,-6.10679381803987e-11)
(5.82322241897625e-13,6.35765531589424e-11,-5.55919488607723e-11)
(1.23144886081105e-12,8.3297646421859e-11,-4.81997980158747e-11)
(1.96175353147659e-12,1.0405238776329e-10,-3.85990758584404e-11)
(3.28162803952369e-12,1.26069051918679e-10,-2.8967359004079e-11)
(2.75196264662274e-12,1.46193410188103e-10,-2.12071121930275e-11)
(1.28373303254301e-12,1.61454447468062e-10,-1.44949316115588e-11)
(1.00287101301657e-12,1.70139430958378e-10,-7.69684039572291e-12)
(0,0,0)
(0,0,0)
(0,0,0)
(0,0,0)
(0,0,0)
(0,0,0)
(-2.77118823129051e-13,1.06490605293258e-11,-8.49831215333663e-11)
(-5.12613593240162e-13,2.36905818742039e-11,-8.35893891714404e-11)
(-1.63027684227242e-13,3.90388901491032e-11,-8.00487062594021e-11)
(2.06499691533957e-13,5.67667245559396e-11,-7.3632265144982e-11)
(5.70058156192065e-13,7.49283731252328e-11,-6.42103699001156e-11)
(1.42432249463637e-12,9.63824244404149e-11,-5.26240997365467e-11)
(3.96041377356234e-12,1.21590433147146e-10,-4.02115559839438e-11)
(2.97095234448013e-12,1.42233192253259e-10,-2.92636225247996e-11)
(1.03675936176086e-12,1.55940089284768e-10,-1.93932365897207e-11)
(1.05826862115613e-12,1.63445461575671e-10,-1.0284351487462e-11)
(0,0,0)
(0,0,0)
(0,0,0)
(0,0,0)
(0,0,0)
(0,0,0)
(-3.08581567229913e-13,8.97820934427821e-12,-1.02296697080183e-10)
(-6.96736757941385e-13,1.96372853689304e-11,-1.0078921640865e-10)
(-6.44712118883701e-13,3.24594213504374e-11,-9.74320612145366e-11)
(-5.58086885804998e-13,4.75513290026092e-11,-9.113481409078e-11)
(-1.18140876038094e-12,6.3912161117853e-11,-8.23020969738261e-11)
(-9.48541248484492e-13,8.5394203182455e-11,-7.19579782148092e-11)
(2.82464921920535e-12,1.14602913461552e-10,-5.95982014046985e-11)
(2.7593342543764e-12,1.35333758662672e-10,-4.39119772315599e-11)
(1.04248868319065e-12,1.47867963544278e-10,-2.84238561945265e-11)
(5.59973517028066e-13,1.54219378709364e-10,-1.41690103495844e-11)
(0,0,0)
(0,0,0)
(0,0,0)
(0,0,0)
(0,0,0)
(0,0,0)
(-2.68916894213361e-13,7.16214710551221e-12,-1.17107491076776e-10)
(-3.33051604003923e-13,1.55833934168812e-11,-1.16352942558286e-10)
(-2.53031441553436e-13,2.55174621077872e-11,-1.14189122172082e-10)
(-8.17521909225742e-13,3.8160524999856e-11,-1.09028046400397e-10)
(-2.79465792784076e-12,5.23866335984532e-11,-1.01281520109844e-10)
(-3.06738964885541e-12,7.20858851238827e-11,-9.26021114647769e-11)
(2.03490344192225e-12,1.017413385076e-10,-8.1488100722069e-11)
(2.46950462499158e-12,1.22604971880005e-10,-6.24584802676612e-11)
(1.32125644936333e-12,1.34655606382544e-10,-4.13807513949012e-11)
(7.39452142146991e-13,1.40610341876806e-10,-2.05731092332519e-11)
(0,0,0)
(0,0,0)
(0,0,0)
(0,0,0)
(0,0,0)
(0,0,0)
(-1.28482407925767e-13,6.13868169280245e-12,-1.30932409908683e-10)
(-1.55026535375025e-13,1.30865214266758e-11,-1.30516507425226e-10)
(-2.92551805573232e-13,2.01033548945503e-11,-1.28627441598556e-10)
(-1.25804233733137e-12,2.9596476800071e-11,-1.24595044478769e-10)
(-3.34683002888086e-12,4.09125670255598e-11,-1.18288520973339e-10)
(-4.24827913794105e-12,5.79044847323201e-11,-1.10348435042806e-10)
(3.32910366313529e-14,8.47466214951099e-11,-9.96607398295024e-11)
(1.89745876748811e-12,1.03996747632223e-10,-7.84119481080978e-11)
(2.18139418508917e-12,1.15169220670271e-10,-5.30358734763376e-11)
(2.18779784076002e-12,1.20776684785701e-10,-2.65854635754795e-11)
(0,0,0)
(0,0,0)
(0,0,0)
(0,0,0)
(0,0,0)
(0,0,0)
(-1.58323349609652e-13,5.59429680142799e-12,-1.43692765544484e-10)
(-4.50381169374945e-13,1.1042429064634e-11,-1.42710115115825e-10)
(-7.70488883235759e-13,1.57784059691839e-11,-1.4041792945712e-10)
(-1.61531492233505e-12,2.20319109573217e-11,-1.36459702139303e-10)
(-2.57877808144237e-12,2.96256510661383e-11,-1.30830587414635e-10)
(-2.90380783705962e-12,4.29685103810641e-11,-1.22926955783729e-10)
(-7.12696849173378e-13,6.35311208103431e-11,-1.10686981387618e-10)
(1.07669688704329e-12,8.05181317679574e-11,-8.96547250372347e-11)
(2.05835182004195e-12,9.0900204954496e-11,-6.26710926785091e-11)
(2.58543595528896e-12,9.63790190509827e-11,-3.23801811965598e-11)
(0,0,0)
(0,0,0)
(0,0,0)
(0,0,0)
(0,0,0)
(0,0,0)
(-5.86724986793212e-13,4.45332302315975e-12,-1.52334446469407e-10)
(-8.66406691263054e-13,8.29986223656125e-12,-1.51044348287025e-10)
(-8.01967113243321e-13,1.10496897681199e-11,-1.48014593776571e-10)
(-1.04469650711137e-12,1.47874813103449e-11,-1.43272945024798e-10)
(-1.52514647918207e-12,1.91432413537632e-11,-1.37047784663558e-10)
(-1.5939807384605e-12,2.78247281479012e-11,-1.29035319329901e-10)
(-6.06207297050358e-13,4.17861676107773e-11,-1.16366808057533e-10)
(2.72242368796855e-13,5.46111962962805e-11,-9.55500542991937e-11)
(1.40692934620941e-12,6.26676452925854e-11,-6.77817580508869e-11)
(2.51019076818504e-12,6.65842738097155e-11,-3.54542516663283e-11)
(0,0,0)
(0,0,0)
(0,0,0)
(0,0,0)
(0,0,0)
(0,0,0)
(-2.60512295384613e-13,2.57649985398785e-12,-1.56786623402403e-10)
(-4.64554557300883e-13,4.4037010348419e-12,-1.54470635843799e-10)
(-5.61490014903863e-13,5.50607390311021e-12,-1.50531489366259e-10)
(-6.09912370306419e-13,7.51762444198865e-12,-1.45586905478052e-10)
(-1.24840757624821e-12,9.60562954091993e-12,-1.3867919340637e-10)
(-9.89657481169803e-13,1.35622361370697e-11,-1.30321971441698e-10)
(-1.44462364078706e-13,2.03632065553977e-11,-1.17749392785798e-10)
(5.92194736048349e-13,2.71151424167682e-11,-9.75306485944792e-11)
(1.60347114397962e-12,3.1747068254234e-11,-6.98233114416626e-11)
(2.83255913187623e-12,3.36402129115728e-11,-3.6472772043449e-11)
(0,0,0)
(0,0,0)
(0,0,0)
(0,0,0)
(0,0,0)
(0,0,0)
(0,0,0)
(0,0,0)
(0,0,0)
(0,0,0)
(0,0,0)
(0,0,0)
(0,0,0)
(0,0,0)
(0,0,0)
(0,0,0)
(0,0,0)
(0,0,0)
(0,0,0)
(0,0,0)
(0,0,0)
(0,0,0)
(0,0,0)
(0,0,0)
(0,0,0)
(0,0,0)
(0,0,0)
(0,0,0)
(0,0,0)
(0,0,0)
(0,0,0)
(0,0,0)
(0,0,0)
(0,0,0)
(0,0,0)
(0,0,0)
(0,0,0)
(0,0,0)
(0,0,0)
(0,0,0)
(0,0,0)
(0,0,0)
(0,0,0)
(0,0,0)
(0,0,0)
(0,0,0)
(0,0,0)
(0,0,0)
(0,0,0)
(0,0,0)
(0,0,0)
(0,0,0)
(0,0,0)
(0,0,0)
(0,0,0)
(0,0,0)
(0,0,0)
(0,0,0)
(0,0,0)
(0,0,0)
(0,0,0)
(0,0,0)
(0,0,0)
(0,0,0)
(0,0,0)
(0,0,0)
(0,0,0)
(0,0,0)
(0,0,0)
(0,0,0)
(0,0,0)
(0,0,0)
(0,0,0)
(0,0,0)
(0,0,0)
(0,0,0)
(0,0,0)
(0,0,0)
(0,0,0)
(0,0,0)
(0,0,0)
(0,0,0)
(0,0,0)
(0,0,0)
(0,0,0)
(0,0,0)
(0,0,0)
(0,0,0)
(0,0,0)
(0,0,0)
(0,0,0)
(0,0,0)
(0,0,0)
(0,0,0)
(0,0,0)
(0,0,0)
(0,0,0)
(0,0,0)
(0,0,0)
(0,0,0)
(0,0,0)
(0,0,0)
(0,0,0)
(0,0,0)
(0,0,0)
(0,0,0)
(0,0,0)
(0,0,0)
(0,0,0)
(0,0,0)
(0,0,0)
(0,0,0)
(0,0,0)
(0,0,0)
(0,0,0)
(0,0,0)
(0,0,0)
(0,0,0)
(0,0,0)
(0,0,0)
(0,0,0)
(0,0,0)
(0,0,0)
(0,0,0)
(0,0,0)
(0,0,0)
(0,0,0)
(0,0,0)
(0,0,0)
(0,0,0)
(0,0,0)
(0,0,0)
(0,0,0)
(0,0,0)
(0,0,0)
(0,0,0)
(0,0,0)
(0,0,0)
(0,0,0)
(0,0,0)
(0,0,0)
(0,0,0)
(0,0,0)
(0,0,0)
(0,0,0)
(0,0,0)
(0,0,0)
(0,0,0)
(0,0,0)
(0,0,0)
(0,0,0)
(0,0,0)
(0,0,0)
(0,0,0)
(0,0,0)
(0,0,0)
(0,0,0)
(0,0,0)
(0,0,0)
(0,0,0)
(0,0,0)
(0,0,0)
(0,0,0)
(0,0,0)
(0,0,0)
(0,0,0)
(0,0,0)
(0,0,0)
(0,0,0)
(0,0,0)
(0,0,0)
(0,0,0)
(0,0,0)
(0,0,0)
(0,0,0)
(0,0,0)
(0,0,0)
(0,0,0)
(0,0,0)
(0,0,0)
(0,0,0)
(0,0,0)
(0,0,0)
(0,0,0)
(0,0,0)
(0,0,0)
(0,0,0)
(0,0,0)
(0,0,0)
(0,0,0)
(0,0,0)
(0,0,0)
(0,0,0)
(0,0,0)
(0,0,0)
(0,0,0)
(0,0,0)
(0,0,0)
(0,0,0)
(0,0,0)
(0,0,0)
(0,0,0)
(0,0,0)
(0,0,0)
(0,0,0)
(0,0,0)
(0,0,0)
(0,0,0)
(0,0,0)
(0,0,0)
(0,0,0)
(0,0,0)
(0,0,0)
(0,0,0)
(0,0,0)
(0,0,0)
(0,0,0)
(0,0,0)
(0,0,0)
(0,0,0)
(0,0,0)
(0,0,0)
(0,0,0)
(0,0,0)
(0,0,0)
(0,0,0)
(0,0,0)
(0,0,0)
(0,0,0)
(0,0,0)
(0,0,0)
(0,0,0)
(0,0,0)
(0,0,0)
(0,0,0)
(0,0,0)
(0,0,0)
(0,0,0)
(0,0,0)
(0,0,0)
(0,0,0)
(0,0,0)
(0,0,0)
(0,0,0)
(0,0,0)
(0,0,0)
(0,0,0)
(0,0,0)
(0,0,0)
(0,0,0)
(0,0,0)
(0,0,0)
(0,0,0)
(0,0,0)
(0,0,0)
(0,0,0)
(0,0,0)
(0,0,0)
(0,0,0)
(0,0,0)
(0,0,0)
(0,0,0)
(0,0,0)
(0,0,0)
(0,0,0)
(0,0,0)
(0,0,0)
(0,0,0)
(0,0,0)
(0,0,0)
(0,0,0)
(0,0,0)
(0,0,0)
(0,0,0)
(0,0,0)
(0,0,0)
(0,0,0)
(0,0,0)
(0,0,0)
(0,0,0)
(0,0,0)
(0,0,0)
(0,0,0)
(0,0,0)
(0,0,0)
(0,0,0)
(0,0,0)
(0,0,0)
(0,0,0)
(0,0,0)
(0,0,0)
(0,0,0)
(0,0,0)
(0,0,0)
(0,0,0)
(0,0,0)
(0,0,0)
(0,0,0)
(0,0,0)
(0,0,0)
(0,0,0)
(0,0,0)
(0,0,0)
(0,0,0)
(0,0,0)
(0,0,0)
(0,0,0)
(0,0,0)
(0,0,0)
(0,0,0)
(0,0,0)
(0,0,0)
(0,0,0)
(0,0,0)
(0,0,0)
(0,0,0)
(0,0,0)
(0,0,0)
(0,0,0)
(0,0,0)
(0,0,0)
(0,0,0)
(0,0,0)
(0,0,0)
(0,0,0)
(0,0,0)
(0,0,0)
(0,0,0)
(0,0,0)
(0,0,0)
(0,0,0)
(0,0,0)
(0,0,0)
(0,0,0)
(0,0,0)
(0,0,0)
(0,0,0)
(0,0,0)
(0,0,0)
(0,0,0)
(0,0,0)
(0,0,0)
(0,0,0)
(0,0,0)
(0,0,0)
(0,0,0)
(0,0,0)
(0,0,0)
(0,0,0)
(0,0,0)
(0,0,0)
(0,0,0)
(0,0,0)
(0,0,0)
(0,0,0)
(0,0,0)
(0,0,0)
(0,0,0)
(0,0,0)
(0,0,0)
(0,0,0)
(0,0,0)
(0,0,0)
(0,0,0)
(0,0,0)
(0,0,0)
(0,0,0)
(0,0,0)
(0,0,0)
(0,0,0)
(0,0,0)
(0,0,0)
(0,0,0)
(0,0,0)
(0,0,0)
(0,0,0)
(0,0,0)
(0,0,0)
(0,0,0)
(0,0,0)
(0,0,0)
(0,0,0)
(0,0,0)
(0,0,0)
(0,0,0)
(0,0,0)
(0,0,0)
(0,0,0)
(0,0,0)
(0,0,0)
(0,0,0)
(0,0,0)
(0,0,0)
(0,0,0)
(0,0,0)
(0,0,0)
(0,0,0)
(0,0,0)
(0,0,0)
(0,0,0)
(0,0,0)
(0,0,0)
(0,0,0)
(0,0,0)
(0,0,0)
(0,0,0)
(0,0,0)
(0,0,0)
(0,0,0)
(0,0,0)
(0,0,0)
(0,0,0)
(0,0,0)
(0,0,0)
(0,0,0)
(0,0,0)
(0,0,0)
(0,0,0)
(0,0,0)
(0,0,0)
(0,0,0)
(0,0,0)
(0,0,0)
(0,0,0)
(0,0,0)
(0,0,0)
(0,0,0)
(0,0,0)
(0,0,0)
(0,0,0)
(0,0,0)
(0,0,0)
(0,0,0)
(0,0,0)
(0,0,0)
(0,0,0)
(0,0,0)
(0,0,0)
(0,0,0)
(0,0,0)
(0,0,0)
(0,0,0)
(0,0,0)
(0,0,0)
(0,0,0)
(0,0,0)
(0,0,0)
(0,0,0)
(0,0,0)
(0,0,0)
(0,0,0)
(0,0,0)
(0,0,0)
(0,0,0)
(0,0,0)
(0,0,0)
(0,0,0)
(0,0,0)
(0,0,0)
(0,0,0)
(0,0,0)
(0,0,0)
(0,0,0)
(0,0,0)
(0,0,0)
(0,0,0)
(0,0,0)
(0,0,0)
(0,0,0)
(0,0,0)
(0,0,0)
(0,0,0)
(0,0,0)
(0,0,0)
(0,0,0)
(0,0,0)
(0,0,0)
(0,0,0)
(0,0,0)
(0,0,0)
(0,0,0)
(0,0,0)
(0,0,0)
(0,0,0)
(0,0,0)
(0,0,0)
(0,0,0)
(0,0,0)
(0,0,0)
(0,0,0)
(0,0,0)
(0,0,0)
(0,0,0)
(0,0,0)
(0,0,0)
(0,0,0)
(0,0,0)
(0,0,0)
(0,0,0)
(0,0,0)
(0,0,0)
(0,0,0)
(0,0,0)
(0,0,0)
(0,0,0)
(0,0,0)
(0,0,0)
(0,0,0)
(0,0,0)
(0,0,0)
(0,0,0)
(0,0,0)
(0,0,0)
(0,0,0)
(0,0,0)
(0,0,0)
(0,0,0)
(0,0,0)
(0,0,0)
(0,0,0)
(0,0,0)
(0,0,0)
(0,0,0)
(0,0,0)
(0,0,0)
(0,0,0)
(0,0,0)
(0,0,0)
(0,0,0)
(0,0,0)
(0,0,0)
(0,0,0)
(0,0,0)
(0,0,0)
(0,0,0)
(0,0,0)
(0,0,0)
(0,0,0)
(0,0,0)
(0,0,0)
(0,0,0)
(0,0,0)
(0,0,0)
(0,0,0)
(0,0,0)
(0,0,0)
(0,0,0)
(0,0,0)
(0,0,0)
(0,0,0)
(0,0,0)
(0,0,0)
(0,0,0)
(0,0,0)
(0,0,0)
(0,0,0)
(0,0,0)
(0,0,0)
(0,0,0)
(0,0,0)
(0,0,0)
(0,0,0)
(0,0,0)
(0,0,0)
(0,0,0)
(0,0,0)
(0,0,0)
(0,0,0)
(0,0,0)
(0,0,0)
(0,0,0)
(0,0,0)
(0,0,0)
(0,0,0)
(0,0,0)
(0,0,0)
(0,0,0)
(0,0,0)
(0,0,0)
(0,0,0)
(0,0,0)
(0,0,0)
(0,0,0)
(0,0,0)
(0,0,0)
(0,0,0)
(0,0,0)
(0,0,0)
(0,0,0)
(0,0,0)
(0,0,0)
(0,0,0)
(0,0,0)
(0,0,0)
(0,0,0)
(0,0,0)
(0,0,0)
(0,0,0)
(0,0,0)
(0,0,0)
(0,0,0)
(0,0,0)
(0,0,0)
(0,0,0)
(0,0,0)
(0,0,0)
(0,0,0)
(0,0,0)
(0,0,0)
(0,0,0)
(0,0,0)
(0,0,0)
(0,0,0)
(0,0,0)
(0,0,0)
(0,0,0)
(0,0,0)
(0,0,0)
(0,0,0)
(0,0,0)
(0,0,0)
(0,0,0)
(0,0,0)
(0,0,0)
(0,0,0)
(0,0,0)
(0,0,0)
(0,0,0)
(0,0,0)
(0,0,0)
(0,0,0)
(0,0,0)
(0,0,0)
(0,0,0)
(0,0,0)
(0,0,0)
(0,0,0)
(0,0,0)
(0,0,0)
(0,0,0)
(0,0,0)
(0,0,0)
(0,0,0)
(0,0,0)
(0,0,0)
(0,0,0)
(0,0,0)
(0,0,0)
(0,0,0)
(0,0,0)
(0,0,0)
(0,0,0)
(0,0,0)
(0,0,0)
(0,0,0)
(0,0,0)
(0,0,0)
(0,0,0)
(0,0,0)
(0,0,0)
(0,0,0)
(0,0,0)
(0,0,0)
(0,0,0)
(0,0,0)
(0,0,0)
(0,0,0)
(0,0,0)
(0,0,0)
(0,0,0)
(0,0,0)
(0,0,0)
(0,0,0)
(0,0,0)
(0,0,0)
(0,0,0)
(0,0,0)
(0,0,0)
(0,0,0)
(0,0,0)
(0,0,0)
(0,0,0)
(0,0,0)
(0,0,0)
(0,0,0)
(0,0,0)
(0,0,0)
(0,0,0)
(0,0,0)
(0,0,0)
(0,0,0)
(0,0,0)
(0,0,0)
(0,0,0)
(0,0,0)
(0,0,0)
(0,0,0)
(0,0,0)
(0,0,0)
(0,0,0)
(0,0,0)
(0,0,0)
(0,0,0)
(0,0,0)
(0,0,0)
(0,0,0)
(0,0,0)
(0,0,0)
(0,0,0)
(0,0,0)
(0,0,0)
(0,0,0)
(0,0,0)
(0,0,0)
(0,0,0)
(0,0,0)
(0,0,0)
(0,0,0)
(0,0,0)
(0,0,0)
(0,0,0)
(0,0,0)
(0,0,0)
(0,0,0)
(0,0,0)
(0,0,0)
(0,0,0)
(0,0,0)
(0,0,0)
(0,0,0)
(0,0,0)
(0,0,0)
(0,0,0)
(0,0,0)
(0,0,0)
(0,0,0)
(0,0,0)
(0,0,0)
(0,0,0)
(0,0,0)
(0,0,0)
(0,0,0)
(0,0,0)
(0,0,0)
(0,0,0)
(0,0,0)
(0,0,0)
(0,0,0)
(0,0,0)
(0,0,0)
(0,0,0)
(0,0,0)
(0,0,0)
(0,0,0)
(0,0,0)
(0,0,0)
(0,0,0)
(0,0,0)
(0,0,0)
(0,0,0)
(0,0,0)
(0,0,0)
(0,0,0)
(0,0,0)
(0,0,0)
(0,0,0)
(0,0,0)
(0,0,0)
(0,0,0)
(0,0,0)
(0,0,0)
(0,0,0)
(0,0,0)
(0,0,0)
(0,0,0)
(0,0,0)
(0,0,0)
(0,0,0)
(0,0,0)
(0,0,0)
(0,0,0)
(0,0,0)
(0,0,0)
(0,0,0)
(0,0,0)
(0,0,0)
(0,0,0)
(0,0,0)
(0,0,0)
(0,0,0)
(0,0,0)
(0,0,0)
(0,0,0)
(0,0,0)
(0,0,0)
(0,0,0)
(0,0,0)
(0,0,0)
(0,0,0)
(0,0,0)
(0,0,0)
(0,0,0)
(0,0,0)
(0,0,0)
(0,0,0)
(0,0,0)
(0,0,0)
(0,0,0)
(0,0,0)
(0,0,0)
(0,0,0)
(0,0,0)
(0,0,0)
(0,0,0)
(0,0,0)
(0,0,0)
(0,0,0)
(0,0,0)
(0,0,0)
)
;

boundaryField
{
    fuel
    {
        type            fixedValue;
        value           uniform (0.1 0 0);
    }
    air
    {
        type            fixedValue;
        value           uniform (-0.1 0 0);
    }
    outlet
    {
        type            zeroGradient;
    }
    frontAndBack
    {
        type            empty;
    }
}


// ************************************************************************* //
 