/*--------------------------------*- C++ -*----------------------------------*\
| =========                 |                                                 |
| \\      /  F ield         | foam-extend: Open Source CFD                    |
|  \\    /   O peration     | Version:     4.0                                |
|   \\  /    A nd           | Web:         http://www.foam-extend.org         |
|    \\/     M anipulation  |                                                 |
\*---------------------------------------------------------------------------*/
FoamFile
{
    version 2.0;
    format ascii;
    class volVectorField;
    location "2333";
    object      H;
}
// * * * * * * * * * * * * * * * * * * * * * * * * * * * * * * * * * * * * * //

dimensions      [0 1 -1 0 0 0 0];

internalField   nonuniform List<vector>
4096
(
(0,0,0)
(0,0,0)
(0,0,0)
(0,0,0)
(0,0,0)
(0,0,0)
(0,0,0)
(0,0,0)
(0,0,0)
(0,0,0)
(0,0,0)
(0,0,0)
(0,0,0)
(0,0,0)
(0,0,0)
(0,0,0)
(0,0,0)
(0,0,0)
(0,0,0)
(0,0,0)
(0,0,0)
(0,0,0)
(0,0,0)
(0,0,0)
(0,0,0)
(0,0,0)
(0,0,0)
(0,0,0)
(0,0,0)
(0,0,0)
(0,0,0)
(0,0,0)
(0,0,0)
(0,0,0)
(0,0,0)
(0,0,0)
(0,0,0)
(0,0,0)
(0,0,0)
(0,0,0)
(0,0,0)
(0,0,0)
(0,0,0)
(0,0,0)
(0,0,0)
(0,0,0)
(0,0,0)
(0,0,0)
(0,0,0)
(0,0,0)
(0,0,0)
(0,0,0)
(0,0,0)
(0,0,0)
(0,0,0)
(0,0,0)
(0,0,0)
(0,0,0)
(0,0,0)
(0,0,0)
(0,0,0)
(0,0,0)
(0,0,0)
(0,0,0)
(0,0,0)
(0,0,0)
(0,0,0)
(0,0,0)
(0,0,0)
(0,0,0)
(0,0,0)
(0,0,0)
(0,0,0)
(0,0,0)
(0,0,0)
(0,0,0)
(0,0,0)
(0,0,0)
(0,0,0)
(0,0,0)
(0,0,0)
(0,0,0)
(0,0,0)
(0,0,0)
(0,0,0)
(0,0,0)
(0,0,0)
(0,0,0)
(0,0,0)
(0,0,0)
(0,0,0)
(0,0,0)
(0,0,0)
(0,0,0)
(0,0,0)
(0,0,0)
(0,0,0)
(0,0,0)
(0,0,0)
(0,0,0)
(0,0,0)
(0,0,0)
(0,0,0)
(0,0,0)
(0,0,0)
(0,0,0)
(0,0,0)
(0,0,0)
(0,0,0)
(0,0,0)
(0,0,0)
(0,0,0)
(0,0,0)
(0,0,0)
(0,0,0)
(0,0,0)
(0,0,0)
(0,0,0)
(0,0,0)
(0,0,0)
(0,0,0)
(0,0,0)
(0,0,0)
(0,0,0)
(0,0,0)
(0,0,0)
(0,0,0)
(0,0,0)
(0,0,0)
(0,0,0)
(0,0,0)
(0,0,0)
(0,0,0)
(0,0,0)
(0,0,0)
(0,0,0)
(0,0,0)
(0,0,0)
(0,0,0)
(0,0,0)
(0,0,0)
(0,0,0)
(0,0,0)
(0,0,0)
(0,0,0)
(0,0,0)
(0,0,0)
(0,0,0)
(0,0,0)
(0,0,0)
(0,0,0)
(0,0,0)
(0,0,0)
(0,0,0)
(0,0,0)
(0,0,0)
(0,0,0)
(0,0,0)
(0,0,0)
(0,0,0)
(0,0,0)
(0,0,0)
(0,0,0)
(0,0,0)
(0,0,0)
(0,0,0)
(0,0,0)
(0,0,0)
(0,0,0)
(0,0,0)
(0,0,0)
(0,0,0)
(0,0,0)
(0,0,0)
(0,0,0)
(0,0,0)
(0,0,0)
(0,0,0)
(0,0,0)
(0,0,0)
(0,0,0)
(0,0,0)
(0,0,0)
(0,0,0)
(0,0,0)
(0,0,0)
(0,0,0)
(0,0,0)
(0,0,0)
(0,0,0)
(0,0,0)
(0,0,0)
(0,0,0)
(0,0,0)
(0,0,0)
(0,0,0)
(0,0,0)
(0,0,0)
(0,0,0)
(0,0,0)
(0,0,0)
(0,0,0)
(0,0,0)
(0,0,0)
(0,0,0)
(0,0,0)
(0,0,0)
(0,0,0)
(0,0,0)
(0,0,0)
(0,0,0)
(0,0,0)
(0,0,0)
(0,0,0)
(0,0,0)
(0,0,0)
(0,0,0)
(0,0,0)
(0,0,0)
(0,0,0)
(0,0,0)
(0,0,0)
(0,0,0)
(0,0,0)
(0,0,0)
(0,0,0)
(0,0,0)
(0,0,0)
(0,0,0)
(0,0,0)
(0,0,0)
(0,0,0)
(0,0,0)
(0,0,0)
(0,0,0)
(0,0,0)
(0,0,0)
(0,0,0)
(0,0,0)
(0,0,0)
(0,0,0)
(0,0,0)
(0,0,0)
(0,0,0)
(0,0,0)
(0,0,0)
(0,0,0)
(0,0,0)
(0,0,0)
(0,0,0)
(0,0,0)
(0,0,0)
(0,0,0)
(0,0,0)
(0,0,0)
(0,0,0)
(0,0,0)
(0,0,0)
(0,0,0)
(0,0,0)
(0,0,0)
(0,0,0)
(0,0,0)
(0,0,0)
(0,0,0)
(0,0,0)
(0,0,0)
(0,0,0)
(0,0,0)
(0,0,0)
(0,0,0)
(0,0,0)
(0,0,0)
(0,0,0)
(0,0,0)
(0,0,0)
(0,0,0)
(0,0,0)
(0,0,0)
(0,0,0)
(0,0,0)
(0,0,0)
(0,0,0)
(0,0,0)
(0,0,0)
(0,0,0)
(0,0,0)
(0,0,0)
(0,0,0)
(0,0,0)
(0,0,0)
(0,0,0)
(0,0,0)
(0,0,0)
(0,0,0)
(0,0,0)
(0,0,0)
(0,0,0)
(0,0,0)
(0,0,0)
(0,0,0)
(0,0,0)
(0,0,0)
(0,0,0)
(0,0,0)
(0,0,0)
(0,0,0)
(0,0,0)
(0,0,0)
(0,0,0)
(0,0,0)
(0,0,0)
(0,0,0)
(0,0,0)
(0,0,0)
(0,0,0)
(0,0,0)
(0,0,0)
(0,0,0)
(0,0,0)
(0,0,0)
(0,0,0)
(0,0,0)
(0,0,0)
(0,0,0)
(0,0,0)
(0,0,0)
(0,0,0)
(0,0,0)
(0,0,0)
(0,0,0)
(0,0,0)
(0,0,0)
(0,0,0)
(0,0,0)
(0,0,0)
(0,0,0)
(0,0,0)
(0,0,0)
(0,0,0)
(0,0,0)
(0,0,0)
(0,0,0)
(0,0,0)
(0,0,0)
(0,0,0)
(0,0,0)
(0,0,0)
(0,0,0)
(0,0,0)
(0,0,0)
(0,0,0)
(0,0,0)
(0,0,0)
(0,0,0)
(0,0,0)
(0,0,0)
(0,0,0)
(0,0,0)
(0,0,0)
(0,0,0)
(0,0,0)
(0,0,0)
(0,0,0)
(0,0,0)
(0,0,0)
(0,0,0)
(0,0,0)
(0,0,0)
(0,0,0)
(0,0,0)
(0,0,0)
(0,0,0)
(0,0,0)
(0,0,0)
(0,0,0)
(0,0,0)
(0,0,0)
(0,0,0)
(0,0,0)
(0,0,0)
(0,0,0)
(0,0,0)
(0,0,0)
(0,0,0)
(0,0,0)
(0,0,0)
(0,0,0)
(0,0,0)
(0,0,0)
(0,0,0)
(0,0,0)
(0,0,0)
(0,0,0)
(0,0,0)
(0,0,0)
(0,0,0)
(0,0,0)
(0,0,0)
(0,0,0)
(0,0,0)
(0,0,0)
(0,0,0)
(0,0,0)
(0,0,0)
(0,0,0)
(0,0,0)
(0,0,0)
(0,0,0)
(0,0,0)
(0,0,0)
(0,0,0)
(0,0,0)
(0,0,0)
(0,0,0)
(0,0,0)
(0,0,0)
(0,0,0)
(0,0,0)
(0,0,0)
(0,0,0)
(0,0,0)
(0,0,0)
(0,0,0)
(0,0,0)
(0,0,0)
(0,0,0)
(0,0,0)
(0,0,0)
(0,0,0)
(0,0,0)
(0,0,0)
(0,0,0)
(0,0,0)
(0,0,0)
(0,0,0)
(0,0,0)
(0,0,0)
(0,0,0)
(0,0,0)
(0,0,0)
(0,0,0)
(0,0,0)
(0,0,0)
(0,0,0)
(0,0,0)
(0,0,0)
(0,0,0)
(0,0,0)
(0,0,0)
(0,0,0)
(0,0,0)
(0,0,0)
(0,0,0)
(0,0,0)
(0,0,0)
(0,0,0)
(0,0,0)
(0,0,0)
(0,0,0)
(0,0,0)
(0,0,0)
(0,0,0)
(0,0,0)
(0,0,0)
(0,0,0)
(0,0,0)
(0,0,0)
(0,0,0)
(0,0,0)
(0,0,0)
(0,0,0)
(0,0,0)
(0,0,0)
(0,0,0)
(0,0,0)
(0,0,0)
(0,0,0)
(0,0,0)
(0,0,0)
(0,0,0)
(0,0,0)
(0,0,0)
(0,0,0)
(0,0,0)
(0,0,0)
(0,0,0)
(0,0,0)
(0,0,0)
(0,0,0)
(0,0,0)
(0,0,0)
(0,0,0)
(0,0,0)
(0,0,0)
(0,0,0)
(0,0,0)
(0,0,0)
(0,0,0)
(0,0,0)
(0,0,0)
(0,0,0)
(0,0,0)
(0,0,0)
(0,0,0)
(0,0,0)
(0,0,0)
(0,0,0)
(0,0,0)
(0,0,0)
(0,0,0)
(0,0,0)
(0,0,0)
(0,0,0)
(0,0,0)
(0,0,0)
(0,0,0)
(0,0,0)
(0,0,0)
(0,0,0)
(0,0,0)
(0,0,0)
(0,0,0)
(0,0,0)
(0,0,0)
(0,0,0)
(0,0,0)
(0,0,0)
(0,0,0)
(0,0,0)
(0,0,0)
(0,0,0)
(0,0,0)
(0,0,0)
(0,0,0)
(0,0,0)
(0,0,0)
(0,0,0)
(0,0,0)
(0,0,0)
(0,0,0)
(0,0,0)
(0,0,0)
(0,0,0)
(0,0,0)
(0,0,0)
(0,0,0)
(0,0,0)
(0,0,0)
(0,0,0)
(0,0,0)
(0,0,0)
(0,0,0)
(0,0,0)
(0,0,0)
(0,0,0)
(0,0,0)
(0,0,0)
(0,0,0)
(0,0,0)
(0,0,0)
(0,0,0)
(0,0,0)
(0,0,0)
(0,0,0)
(0,0,0)
(0,0,0)
(0,0,0)
(0,0,0)
(0,0,0)
(0,0,0)
(0,0,0)
(0,0,0)
(0,0,0)
(0,0,0)
(0,0,0)
(0,0,0)
(0,0,0)
(0,0,0)
(0,0,0)
(0,0,0)
(0,0,0)
(0,0,0)
(0,0,0)
(0,0,0)
(0,0,0)
(0,0,0)
(0,0,0)
(0,0,0)
(0,0,0)
(0,0,0)
(0,0,0)
(0,0,0)
(0,0,0)
(0,0,0)
(0,0,0)
(0,0,0)
(0,0,0)
(0,0,0)
(0,0,0)
(0,0,0)
(0,0,0)
(0,0,0)
(0,0,0)
(0,0,0)
(0,0,0)
(0,0,0)
(0,0,0)
(0,0,0)
(0,0,0)
(0,0,0)
(0,0,0)
(0,0,0)
(0,0,0)
(0,0,0)
(0,0,0)
(0,0,0)
(0,0,0)
(0,0,0)
(0,0,0)
(0,0,0)
(0,0,0)
(0,0,0)
(0,0,0)
(0,0,0)
(0,0,0)
(0,0,0)
(0,0,0)
(0,0,0)
(0,0,0)
(0,0,0)
(0,0,0)
(0,0,0)
(0,0,0)
(0,0,0)
(0,0,0)
(0,0,0)
(0,0,0)
(0,0,0)
(0,0,0)
(0,0,0)
(0,0,0)
(0,0,0)
(0,0,0)
(0,0,0)
(0,0,0)
(0,0,0)
(0,0,0)
(0,0,0)
(0,0,0)
(0,0,0)
(0,0,0)
(0,0,0)
(0,0,0)
(0,0,0)
(0,0,0)
(0,0,0)
(0,0,0)
(0,0,0)
(0,0,0)
(0,0,0)
(0,0,0)
(0,0,0)
(0,0,0)
(0,0,0)
(0,0,0)
(0,0,0)
(0,0,0)
(0,0,0)
(0,0,0)
(0,0,0)
(0,0,0)
(0,0,0)
(0,0,0)
(0,0,0)
(0,0,0)
(0,0,0)
(0,0,0)
(0,0,0)
(0,0,0)
(0,0,0)
(0,0,0)
(0,0,0)
(0,0,0)
(0,0,0)
(0,0,0)
(0,0,0)
(0,0,0)
(0,0,0)
(0,0,0)
(0,0,0)
(0,0,0)
(0,0,0)
(0,0,0)
(0,0,0)
(0,0,0)
(0,0,0)
(0,0,0)
(0,0,0)
(0,0,0)
(0,0,0)
(0,0,0)
(0,0,0)
(0,0,0)
(0,0,0)
(0,0,0)
(0,0,0)
(0,0,0)
(0,0,0)
(0,0,0)
(0,0,0)
(0,0,0)
(0,0,0)
(0,0,0)
(0,0,0)
(0,0,0)
(0,0,0)
(0,0,0)
(0,0,0)
(0,0,0)
(0,0,0)
(0,0,0)
(0,0,0)
(0,0,0)
(0,0,0)
(0,0,0)
(0,0,0)
(0,0,0)
(0,0,0)
(0,0,0)
(0,0,0)
(0,0,0)
(0,0,0)
(0,0,0)
(0,0,0)
(0,0,0)
(0,0,0)
(0,0,0)
(0,0,0)
(0,0,0)
(0,0,0)
(0,0,0)
(0,0,0)
(0,0,0)
(0,0,0)
(0,0,0)
(0,0,0)
(0,0,0)
(0,0,0)
(0,0,0)
(0,0,0)
(0,0,0)
(0,0,0)
(0,0,0)
(0,0,0)
(0,0,0)
(0,0,0)
(0,0,0)
(0,0,0)
(0,0,0)
(0,0,0)
(0,0,0)
(0,0,0)
(0,0,0)
(0,0,0)
(0,0,0)
(0,0,0)
(0,0,0)
(0,0,0)
(0,0,0)
(0,0,0)
(0,0,0)
(0,0,0)
(0,0,0)
(0,0,0)
(0,0,0)
(0,0,0)
(0,0,0)
(0,0,0)
(0,0,0)
(0,0,0)
(0,0,0)
(0,0,0)
(0,0,0)
(0,0,0)
(0,0,0)
(0,0,0)
(0,0,0)
(0,0,0)
(0,0,0)
(0,0,0)
(0,0,0)
(0,0,0)
(0,0,0)
(0,0,0)
(0,0,0)
(0,0,0)
(0,0,0)
(0,0,0)
(0,0,0)
(0,0,0)
(0,0,0)
(0,0,0)
(0,0,0)
(0,0,0)
(0,0,0)
(0,0,0)
(0,0,0)
(0,0,0)
(0,0,0)
(0,0,0)
(0,0,0)
(0,0,0)
(0,0,0)
(0,0,0)
(0,0,0)
(0,0,0)
(0,0,0)
(0,0,0)
(1.14488315671958e-13,1.31487201846312e-11,-1.21019689217744e-11)
(7.10063326380393e-13,2.79658358304338e-11,-1.14718013160517e-11)
(9.55304593081689e-13,4.82108700394797e-11,-1.05809447617927e-11)
(9.41118729220937e-13,7.79006232752606e-11,-9.24636764368463e-12)
(3.86069923651096e-13,1.22105640004225e-10,-6.4891391617977e-12)
(-1.69048559846315e-13,1.89739630042581e-10,-3.65512680623265e-12)
(-1.7101611959596e-12,3.003246223815e-10,-1.53645328426079e-12)
(-2.7163095495195e-12,4.86264124649425e-10,-5.66876979998172e-13)
(-3.43125933065703e-12,7.92941493016928e-10,-8.55801696898977e-14)
(-4.26481023592806e-12,1.22157125663767e-09,-1.57401096579758e-13)
(0,0,0)
(0,0,0)
(0,0,0)
(0,0,0)
(0,0,0)
(0,0,0)
(1.09295226832865e-12,1.23695536446102e-11,-2.77980774251356e-11)
(2.18353268990384e-12,2.66703538603684e-11,-2.65859401867836e-11)
(2.00427532781483e-12,4.62523328604278e-11,-2.46007348890334e-11)
(1.0942704191468e-12,7.52080794961751e-11,-2.13770054959846e-11)
(1.00949111541444e-14,1.19430264862832e-10,-1.62741978272443e-11)
(-9.49857905271767e-13,1.88045588607065e-10,-1.09135220290489e-11)
(-4.19685421112377e-12,2.99755718514824e-10,-6.34897013805436e-12)
(-7.35775630756166e-12,4.86767617703875e-10,-4.16190002616721e-12)
(-9.40293141896534e-12,7.94213872266132e-10,-2.4691688128274e-12)
(-1.0673837543644e-11,1.22232416720791e-09,-1.18853461489212e-12)
(0,0,0)
(0,0,0)
(0,0,0)
(0,0,0)
(0,0,0)
(0,0,0)
(9.95929712016946e-13,1.11249423715029e-11,-4.81826018775783e-11)
(1.27352703128847e-12,2.47523874101628e-11,-4.66463996254412e-11)
(-5.01585562347891e-13,4.29519055118919e-11,-4.36501020064301e-11)
(-2.35312266261074e-12,7.01059103825651e-11,-3.89119666272389e-11)
(-2.99617386251268e-12,1.13692869204318e-10,-3.25145195538052e-11)
(-4.33759211591717e-12,1.83411010657498e-10,-2.51876242862567e-11)
(-9.25522706586519e-12,2.9761430958601e-10,-1.78522388394149e-11)
(-1.48032856482323e-11,4.86727623494951e-10,-1.29644642092599e-11)
(-1.83230762550726e-11,7.95448232606422e-10,-8.53703805900662e-12)
(-1.96992447226976e-11,1.22340588917725e-09,-4.17466265769002e-12)
(0,0,0)
(0,0,0)
(0,0,0)
(0,0,0)
(0,0,0)
(0,0,0)
(-5.25246704044882e-13,9.5772461778017e-12,-7.82943613861763e-11)
(-1.59544682116763e-12,2.18119967331469e-11,-7.67298089482565e-11)
(-3.83133789127072e-12,3.78074619030594e-11,-7.33413227951447e-11)
(-5.60189246251724e-12,6.24780042442083e-11,-6.7960799961277e-11)
(-7.26769131130652e-12,1.04593489543402e-10,-6.05935183754775e-11)
(-1.03668035443601e-11,1.74586352330628e-10,-5.16439328860088e-11)
(-1.63153001903385e-11,2.91945259645458e-10,-4.19439026216417e-11)
(-2.38502168431965e-11,4.84170910722426e-10,-3.24740621612125e-11)
(-2.93125276311574e-11,7.93868227546827e-10,-2.23407005694858e-11)
(-3.09896147894461e-11,1.22181804074589e-09,-1.14174060928664e-11)
(0,0,0)
(0,0,0)
(0,0,0)
(0,0,0)
(0,0,0)
(0,0,0)
(-1.11224067871973e-12,7.60691234060807e-12,-1.2133475090646e-10)
(-3.03759805813553e-12,1.75673622188025e-11,-1.19927842010489e-10)
(-5.0943449710496e-12,3.11821905537825e-11,-1.16876178659227e-10)
(-6.65490588189438e-12,5.315491272475e-11,-1.12199000211479e-10)
(-1.02276705879321e-11,9.23963015875532e-11,-1.0534525881685e-10)
(-1.6098903459103e-11,1.60829839837591e-10,-9.67667290919396e-11)
(-2.38199999484546e-11,2.80151257589028e-10,-8.65017110025619e-11)
(-3.16599261537997e-11,4.75819827850473e-10,-7.0023207143979e-11)
(-3.77311606151724e-11,7.85287263907416e-10,-4.92055103962849e-11)
(-4.03733018771082e-11,1.2122351709617e-09,-2.55393093022111e-11)
(0,0,0)
(0,0,0)
(0,0,0)
(0,0,0)
(0,0,0)
(0,0,0)
(-1.64496249502087e-12,5.35554989778947e-12,-1.85819864015134e-10)
(-3.97765666239326e-12,1.28726108989917e-11,-1.84643304815895e-10)
(-6.43267643916078e-12,2.44811320321945e-11,-1.82434582209395e-10)
(-8.09881985637101e-12,4.38633544585653e-11,-1.79451867537606e-10)
(-1.26222886358113e-11,7.95423951404717e-11,-1.73986704504856e-10)
(-1.98625500394491e-11,1.45234818888987e-10,-1.65513756247938e-10)
(-2.80899607659015e-11,2.64851385109643e-10,-1.52129882417794e-10)
(-3.5766787994092e-11,4.58602317963655e-10,-1.28028086007041e-10)
(-4.17268896865201e-11,7.64412591192274e-10,-9.26686854725959e-11)
(-4.46436976411998e-11,1.18864531582788e-09,-4.90423618853058e-11)
(0,0,0)
(0,0,0)
(0,0,0)
(0,0,0)
(0,0,0)
(0,0,0)
(-2.5160804918616e-12,3.60727876889676e-12,-2.92532299808167e-10)
(-3.96639033139958e-12,9.27319518392179e-12,-2.9212398908435e-10)
(-6.01464455831202e-12,1.8872765356145e-11,-2.90868117928135e-10)
(-8.2464537093398e-12,3.52589384722406e-11,-2.88696646057923e-10)
(-1.34125855262046e-11,6.68611050468506e-11,-2.83798818306164e-10)
(-2.14713430953811e-11,1.27508608278648e-10,-2.73985909016141e-10)
(-2.95379232474408e-11,2.41945675811647e-10,-2.53761108048853e-10)
(-3.7570669906466e-11,4.2689616616236e-10,-2.19329490039468e-10)
(-4.31539764817888e-11,7.23766629622926e-10,-1.63632242264777e-10)
(-4.6049239564253e-11,1.1419412961243e-09,-8.9035025036338e-11)
(0,0,0)
(0,0,0)
(0,0,0)
(0,0,0)
(0,0,0)
(0,0,0)
(-2.82027578581699e-12,2.31633216843694e-12,-4.73878213884184e-10)
(-4.00234890576023e-12,6.50003542717129e-12,-4.74129986314504e-10)
(-5.62557269163794e-12,1.38869163463192e-11,-4.73552440673705e-10)
(-8.02703306671171e-12,2.75322448150464e-11,-4.71266709021176e-10)
(-1.24670703836684e-11,5.53693236282193e-11,-4.65851335584351e-10)
(-2.01952750124102e-11,1.08818881189323e-10,-4.5337332189461e-10)
(-2.87442302742112e-11,2.08158876538733e-10,-4.26167252131942e-10)
(-3.7570673581786e-11,3.729849651091e-10,-3.74674906693577e-10)
(-4.39866966547082e-11,6.50750267306436e-10,-2.89712164795445e-10)
(-4.83742202690362e-11,1.05452374332626e-09,-1.64138954183795e-10)
(0,0,0)
(0,0,0)
(0,0,0)
(0,0,0)
(0,0,0)
(0,0,0)
(-2.53664030188338e-12,1.48131122926261e-12,-7.78802784332949e-10)
(-3.60532820181266e-12,4.2794908202714e-12,-7.79045248025e-10)
(-5.08208347065366e-12,9.18690941022772e-12,-7.78308590235348e-10)
(-7.35794458927215e-12,1.94257641077996e-11,-7.75329524367711e-10)
(-1.1969919265752e-11,4.10244052223533e-11,-7.683676073229e-10)
(-1.97060296002121e-11,8.13863892031483e-11,-7.51738939893944e-10)
(-2.77932174709297e-11,1.56291498028416e-10,-7.15851563427392e-10)
(-3.69730287382854e-11,2.88222471740103e-10,-6.46270422621429e-10)
(-4.5470077679124e-11,5.25249495295653e-10,-5.22474451238766e-10)
(-5.06090863867348e-11,8.90345281331319e-10,-3.14018991542372e-10)
(0,0,0)
(0,0,0)
(0,0,0)
(0,0,0)
(0,0,0)
(0,0,0)
(-3.02354882775858e-12,1.12025331892193e-12,-1.2070884780453e-09)
(-4.16798503730881e-12,2.42911173650305e-12,-1.20666846333894e-09)
(-5.43174636247188e-12,4.5960373539216e-12,-1.20534675489607e-09)
(-7.57049567466662e-12,1.02472639532322e-11,-1.20220211268757e-09)
(-1.27181393499681e-11,2.24140463479311e-11,-1.19395727891508e-09)
(-1.9903191984613e-11,4.43224565137637e-11,-1.17367330572009e-09)
(-2.84593519090298e-11,8.56769517466532e-11,-1.13142895015082e-09)
(-3.75275941526914e-11,1.63548449428598e-10,-1.04797752134921e-09)
(-4.65339540916142e-11,3.1541325705243e-10,-8.86334669621603e-10)
(-5.23002668342245e-11,5.74901663622443e-10,-5.73116100751352e-10)
(0,0,0)
(0,0,0)
(0,0,0)
(0,0,0)
(0,0,0)
(0,0,0)
(0,0,0)
(0,0,0)
(0,0,0)
(0,0,0)
(0,0,0)
(0,0,0)
(0,0,0)
(0,0,0)
(0,0,0)
(0,0,0)
(0,0,0)
(0,0,0)
(0,0,0)
(0,0,0)
(0,0,0)
(0,0,0)
(0,0,0)
(0,0,0)
(0,0,0)
(0,0,0)
(0,0,0)
(0,0,0)
(0,0,0)
(0,0,0)
(0,0,0)
(0,0,0)
(0,0,0)
(0,0,0)
(0,0,0)
(0,0,0)
(0,0,0)
(0,0,0)
(0,0,0)
(0,0,0)
(0,0,0)
(0,0,0)
(0,0,0)
(0,0,0)
(0,0,0)
(0,0,0)
(0,0,0)
(0,0,0)
(0,0,0)
(0,0,0)
(0,0,0)
(0,0,0)
(0,0,0)
(0,0,0)
(0,0,0)
(0,0,0)
(0,0,0)
(0,0,0)
(0,0,0)
(0,0,0)
(0,0,0)
(0,0,0)
(0,0,0)
(0,0,0)
(0,0,0)
(0,0,0)
(0,0,0)
(0,0,0)
(0,0,0)
(0,0,0)
(0,0,0)
(0,0,0)
(0,0,0)
(0,0,0)
(0,0,0)
(0,0,0)
(0,0,0)
(0,0,0)
(0,0,0)
(0,0,0)
(0,0,0)
(0,0,0)
(0,0,0)
(0,0,0)
(0,0,0)
(0,0,0)
(0,0,0)
(0,0,0)
(0,0,0)
(0,0,0)
(0,0,0)
(0,0,0)
(0,0,0)
(0,0,0)
(0,0,0)
(0,0,0)
(0,0,0)
(0,0,0)
(0,0,0)
(0,0,0)
(0,0,0)
(0,0,0)
(2.63487249966938e-13,2.51771120008556e-11,-2.46931167868478e-11)
(1.1146887421835e-12,5.39854366921956e-11,-2.33842048246082e-11)
(1.57926465400346e-12,9.06714973135557e-11,-2.06957532503232e-11)
(8.76434026418969e-13,1.43217915171641e-10,-1.6992709911692e-11)
(2.27432709426085e-13,2.2169391366366e-10,-1.17156404126668e-11)
(-5.93680646278018e-13,3.40207101089428e-10,-5.91712353385912e-12)
(-2.11083363347546e-12,5.29461292855445e-10,-1.29001219541854e-12)
(-3.701099414411e-12,8.51500595635767e-10,7.63812148987247e-13)
(-4.63181765333623e-12,1.46498065767461e-09,1.03147617803977e-12)
(-5.1751219032495e-12,2.87139658070246e-09,3.35276460629073e-13)
(0,0,0)
(0,0,0)
(0,0,0)
(0,0,0)
(0,0,0)
(0,0,0)
(1.12542630308515e-12,2.34875213563035e-11,-5.48038809255567e-11)
(2.11629384236317e-12,5.09917183834704e-11,-5.1812713190495e-11)
(2.0809732833082e-12,8.6671864990505e-11,-4.65179894198837e-11)
(1.09363186401035e-12,1.37638902388927e-10,-3.8892508701876e-11)
(3.86814771473599e-13,2.15922530028449e-10,-2.87439551286341e-11)
(-8.79831846716073e-13,3.36363372345803e-10,-1.68885068566831e-11)
(-4.24251539431092e-12,5.28503430408838e-10,-6.29121026394078e-12)
(-9.01049331173042e-12,8.53063169368636e-10,-1.87460578400213e-12)
(-1.19179259568184e-11,1.46792779119478e-09,-8.86497550268461e-13)
(-1.29440941276338e-11,2.87375800715862e-09,-8.35618361295647e-13)
(0,0,0)
(0,0,0)
(0,0,0)
(0,0,0)
(0,0,0)
(0,0,0)
(1.00742365358191e-12,2.0694421072218e-11,-9.30387567969398e-11)
(1.21762008929891e-12,4.58914998023849e-11,-8.90280626273492e-11)
(-9.52773326926456e-14,7.91590765929336e-11,-8.19004177376569e-11)
(-1.12266359768008e-12,1.27156686449626e-10,-7.14927866665296e-11)
(-1.22368946920027e-12,2.03835961335215e-10,-5.74118199221798e-11)
(-2.84831923589188e-12,3.26231975721013e-10,-3.92344742199856e-11)
(-8.47395175544572e-12,5.25001969345264e-10,-2.14408372851776e-11)
(-1.66739990261464e-11,8.55208088013887e-10,-1.34256059979894e-11)
(-2.11054465970377e-11,1.47219650302128e-09,-9.56907912106535e-12)
(-2.22860589491995e-11,2.8774602817778e-09,-5.49134752580053e-12)
(0,0,0)
(0,0,0)
(0,0,0)
(0,0,0)
(0,0,0)
(0,0,0)
(-1.19465304771941e-13,1.73262927953278e-11,-1.46098432258716e-10)
(-7.39298459938284e-13,3.91424145198772e-11,-1.4223522200342e-10)
(-2.58658937586954e-12,6.83178603134382e-11,-1.34669344669771e-10)
(-3.64608252885392e-12,1.11574040349747e-10,-1.23072256942524e-10)
(-4.02008884493894e-12,1.83810142996429e-10,-1.0664256550707e-10)
(-6.31032131566412e-12,3.0594414248825e-10,-8.49206492457152e-11)
(-1.39911385943589e-11,5.1437681691002e-10,-6.17534239898934e-11)
(-2.56324955628607e-11,8.54629812048249e-10,-4.71375257561386e-11)
(-3.16548584679177e-11,1.47301887409934e-09,-3.41153633759192e-11)
(-3.28241510972877e-11,2.87728532550748e-09,-1.82792890670751e-11)
(0,0,0)
(0,0,0)
(0,0,0)
(0,0,0)
(0,0,0)
(0,0,0)
(-2.67787131871952e-13,1.33728299477757e-11,-2.21375216859505e-10)
(-1.39451008958948e-12,3.06962699074681e-11,-2.18244482572106e-10)
(-3.07046489720949e-12,5.45911004325784e-11,-2.11757905870749e-10)
(-4.21708901034573e-12,9.13025473021253e-11,-2.01621837539125e-10)
(-5.95229386575192e-12,1.55620493501448e-10,-1.87486302738343e-10)
(-1.0768900599878e-11,2.71912962135194e-10,-1.70810336909545e-10)
(-2.49986313276588e-11,4.87007911096868e-10,-1.5636134135868e-10)
(-3.5260113014481e-11,8.45119062781455e-10,-1.22710226775437e-10)
(-4.05226889941618e-11,1.46280684504785e-09,-8.56020426187122e-11)
(-4.23227560459613e-11,2.86393031700986e-09,-4.43893081587976e-11)
(0,0,0)
(0,0,0)
(0,0,0)
(0,0,0)
(0,0,0)
(0,0,0)
(-1.07325056536684e-12,9.57058158179985e-12,-3.32628350640656e-10)
(-2.5869635538245e-12,2.22964349586929e-11,-3.30395484097203e-10)
(-3.80702443490415e-12,4.10635465514891e-11,-3.26163776863523e-10)
(-4.95956690278421e-12,7.113026412812e-11,-3.19767447699395e-10)
(-8.41394679909653e-12,1.27284373513331e-10,-3.10014196751202e-10)
(-1.55202132592873e-11,2.38582966724153e-10,-2.96469406181431e-10)
(-2.9286047878591e-11,4.63604635274148e-10,-2.7741612520201e-10)
(-3.94200367272224e-11,8.19487900911446e-10,-2.314439204644e-10)
(-4.47072517045667e-11,1.42922959346675e-09,-1.65568567138045e-10)
(-4.69820398226933e-11,2.8244588833326e-09,-8.67999158115825e-11)
(0,0,0)
(0,0,0)
(0,0,0)
(0,0,0)
(0,0,0)
(0,0,0)
(-1.63344461521995e-12,6.50297153450121e-12,-5.13753129559547e-10)
(-2.44910173086329e-12,1.56377649189202e-11,-5.1240897807209e-10)
(-3.20026741869721e-12,3.02281374345856e-11,-5.10006791575329e-10)
(-5.41758780391232e-12,5.40778057632771e-11,-5.06707639410904e-10)
(-1.17337133975746e-11,1.01308896547089e-10,-5.01465290547088e-10)
(-2.30064169733199e-11,2.01375025356427e-10,-4.89782764652511e-10)
(-3.01827419838671e-11,4.24353544036604e-10,-4.52973035208556e-10)
(-3.93567166280341e-11,7.64356659162692e-10,-3.96523317904186e-10)
(-4.47348313940425e-11,1.35742732154924e-09,-2.92015653040872e-10)
(-4.76667118020224e-11,2.74182949539711e-09,-1.57154771208498e-10)
(0,0,0)
(0,0,0)
(0,0,0)
(0,0,0)
(0,0,0)
(0,0,0)
(-1.733482416323e-12,4.05209976325054e-12,-8.2789028350822e-10)
(-2.3593499396589e-12,1.07128515568809e-11,-8.2710089876629e-10)
(-3.21129740807173e-12,2.2357955318159e-11,-8.25591677674134e-10)
(-5.3359257962885e-12,4.29696523790312e-11,-8.23040636333717e-10)
(-1.06001656675692e-11,8.64907537817584e-11,-8.17768882339997e-10)
(-1.99688527888784e-11,1.79200947010696e-10,-8.02960264887329e-10)
(-2.83691972022213e-11,3.68022926283513e-10,-7.61477753561705e-10)
(-3.77709221110977e-11,6.63270975542748e-10,-6.68754008816124e-10)
(-4.40591352554219e-11,1.22554934047193e-09,-5.14719018593753e-10)
(-4.83347124584792e-11,2.58678511702859e-09,-2.92656782094096e-10)
(0,0,0)
(0,0,0)
(0,0,0)
(0,0,0)
(0,0,0)
(0,0,0)
(-1.93311869949152e-12,2.34774909239863e-12,-1.43749420471844e-09)
(-2.49160690769535e-12,7.1151194159419e-12,-1.437146642722e-09)
(-3.47027728198296e-12,1.57439683371745e-11,-1.43550465078981e-09)
(-5.14136147951214e-12,3.22311582239588e-11,-1.43143370582877e-09)
(-9.98822782027278e-12,6.7227367191769e-11,-1.42184809253627e-09)
(-1.8529473377398e-11,1.38123985001656e-10,-1.39747412178264e-09)
(-2.67598119951321e-11,2.74081519397826e-10,-1.33929763873319e-09)
(-3.60949778094527e-11,5.09208043595998e-10,-1.21715563244827e-09)
(-4.408929913231e-11,1.00356421540533e-09,-9.99782915818874e-10)
(-4.91844602201293e-11,2.29409551124289e-09,-6.24993544069359e-10)
(0,0,0)
(0,0,0)
(0,0,0)
(0,0,0)
(0,0,0)
(0,0,0)
(-2.32331021519445e-12,1.45313934572616e-12,-2.84268636622598e-09)
(-3.06058174368012e-12,3.99116997950178e-12,-2.84207083950001e-09)
(-3.98035121704604e-12,8.46212371698466e-12,-2.83980380761321e-09)
(-5.56806549392721e-12,1.7922439163158e-11,-2.83466622950856e-09)
(-1.05880661970399e-11,3.77608735773879e-11,-2.82150782201162e-09)
(-1.78250910401269e-11,7.60950449680396e-11,-2.78936327528815e-09)
(-2.62338289639959e-11,1.49358273995795e-10,-2.71850227223113e-09)
(-3.56219964516573e-11,2.8987344694949e-10,-2.57332482495559e-09)
(-4.43392659094323e-11,6.26645453922169e-10,-2.28722774280389e-09)
(-5.0514703963048e-11,1.66741352904058e-09,-1.66446189477814e-09)
(0,0,0)
(0,0,0)
(0,0,0)
(0,0,0)
(0,0,0)
(0,0,0)
(0,0,0)
(0,0,0)
(0,0,0)
(0,0,0)
(0,0,0)
(0,0,0)
(0,0,0)
(0,0,0)
(0,0,0)
(0,0,0)
(0,0,0)
(0,0,0)
(0,0,0)
(0,0,0)
(0,0,0)
(0,0,0)
(0,0,0)
(0,0,0)
(0,0,0)
(0,0,0)
(0,0,0)
(0,0,0)
(0,0,0)
(0,0,0)
(0,0,0)
(0,0,0)
(0,0,0)
(0,0,0)
(0,0,0)
(0,0,0)
(0,0,0)
(0,0,0)
(0,0,0)
(0,0,0)
(0,0,0)
(0,0,0)
(0,0,0)
(0,0,0)
(0,0,0)
(0,0,0)
(0,0,0)
(0,0,0)
(0,0,0)
(0,0,0)
(0,0,0)
(0,0,0)
(0,0,0)
(0,0,0)
(0,0,0)
(0,0,0)
(0,0,0)
(0,0,0)
(0,0,0)
(0,0,0)
(0,0,0)
(0,0,0)
(0,0,0)
(0,0,0)
(0,0,0)
(0,0,0)
(0,0,0)
(0,0,0)
(0,0,0)
(0,0,0)
(0,0,0)
(0,0,0)
(0,0,0)
(0,0,0)
(0,0,0)
(0,0,0)
(0,0,0)
(0,0,0)
(0,0,0)
(0,0,0)
(0,0,0)
(0,0,0)
(0,0,0)
(0,0,0)
(0,0,0)
(0,0,0)
(0,0,0)
(0,0,0)
(0,0,0)
(0,0,0)
(0,0,0)
(0,0,0)
(0,0,0)
(0,0,0)
(0,0,0)
(0,0,0)
(0,0,0)
(0,0,0)
(0,0,0)
(0,0,0)
(0,0,0)
(0,0,0)
(6.44165932259414e-13,3.42526196037994e-11,-3.52918831457326e-11)
(1.41995547631485e-12,7.32412380896003e-11,-3.32408052845832e-11)
(1.87585363909559e-12,1.21989172411208e-10,-2.88674443709965e-11)
(1.17837731046831e-12,1.9030893591027e-10,-2.27163771902577e-11)
(2.00299465466142e-13,2.86781441232051e-10,-1.42700305456676e-11)
(-1.37706324110924e-12,4.25586845518112e-10,-4.31502518385432e-12)
(-3.20679553160102e-12,6.2917266941129e-10,4.03690305954429e-12)
(-5.53133717635494e-12,9.24207045546673e-10,6.49695469516493e-12)
(-6.88275145601938e-12,1.3434248932761e-09,5.0130774682756e-12)
(-7.2012718990779e-12,1.85463177272521e-09,2.26666657971503e-12)
(0,0,0)
(0,0,0)
(0,0,0)
(0,0,0)
(0,0,0)
(0,0,0)
(9.27358851654031e-13,3.23289902449412e-11,-7.65822243781555e-11)
(1.92178865228476e-12,6.93555002819908e-11,-7.22663692891706e-11)
(1.9682809619485e-12,1.16287693192289e-10,-6.3944649490406e-11)
(1.42729423076352e-12,1.81774885095457e-10,-5.14297061680266e-11)
(6.17935192862766e-13,2.77171134534642e-10,-3.41114998739464e-11)
(-1.34573181463123e-12,4.18330216241092e-10,-1.24769340780354e-11)
(-5.15765881190428e-12,6.28300684901905e-10,7.70722540731223e-12)
(-1.21435201892147e-11,9.28158019463406e-10,1.21624117433625e-11)
(-1.62375169724621e-11,1.34901772421177e-09,8.20599784112859e-12)
(-1.74819871078708e-11,1.85976051673262e-09,3.12783315799815e-12)
(0,0,0)
(0,0,0)
(0,0,0)
(0,0,0)
(0,0,0)
(0,0,0)
(3.64857758882574e-13,2.83080229073454e-11,-1.27462806540521e-10)
(8.39060483329649e-13,6.15150188390686e-11,-1.21721426134753e-10)
(3.3830787626712e-13,1.04327331719604e-10,-1.10712417157095e-10)
(3.79015757095308e-13,1.64668668292712e-10,-9.35745531007045e-11)
(6.24783167512567e-13,2.56380796959948e-10,-6.77913559020225e-11)
(-3.54122937995449e-13,4.00065776440371e-10,-3.13828679055899e-11)
(-5.86403060653678e-12,6.265798774433e-10,7.98688431441946e-12)
(-1.9952249938485e-11,9.37465150441066e-10,1.14595626448805e-11)
(-2.60055492692234e-11,1.35950506098187e-09,3.94373179815241e-12)
(-2.76024502054239e-11,1.86817372566063e-09,-3.18036092721137e-13)
(0,0,0)
(0,0,0)
(0,0,0)
(0,0,0)
(0,0,0)
(0,0,0)
(-2.92127132704561e-14,2.29018995226343e-11,-1.93975472491e-10)
(1.40968820076217e-13,5.08775654335253e-11,-1.88265019724264e-10)
(-4.56917222910009e-13,8.70098655092598e-11,-1.7644084876329e-10)
(1.95719082534916e-13,1.38381848695394e-10,-1.57423676102333e-10)
(2.44764438929221e-12,2.19698946806609e-10,-1.27628683573497e-10)
(4.55363378110784e-12,3.59762524231821e-10,-8.16735807409387e-11)
(-1.23813101472985e-12,6.17811330773102e-10,-2.00838360777902e-11)
(-2.9143908675865e-11,9.53104045089334e-10,-1.98177298755174e-11)
(-3.72789037248801e-11,1.37168902496673e-09,-2.30865207079747e-11)
(-3.77484316675224e-11,1.87469544897292e-09,-1.53036223349123e-11)
(0,0,0)
(0,0,0)
(0,0,0)
(0,0,0)
(0,0,0)
(0,0,0)
(4.0372694633183e-13,1.70247601857318e-11,-2.85409219519415e-10)
(5.18748158724182e-13,3.87131785380399e-11,-2.80728032978128e-10)
(3.2102065111969e-13,6.62580732387496e-11,-2.70307786425564e-10)
(1.81965936308547e-12,1.0502765617019e-10,-2.53864440497484e-10)
(5.70786029453581e-12,1.6712510071277e-10,-2.30259422779243e-10)
(8.11209925928634e-12,2.80523431591817e-10,-2.02854883782112e-10)
(-3.5246470089023e-11,5.43732733669411e-10,-2.18235813826052e-10)
(-4.67371353012583e-11,9.67907428920216e-10,-1.4529311247075e-10)
(-4.81581718712161e-11,1.37589479703442e-09,-9.82477994192096e-11)
(-4.72406305280725e-11,1.86758487709103e-09,-5.10044090406899e-11)
(0,0,0)
(0,0,0)
(0,0,0)
(0,0,0)
(0,0,0)
(0,0,0)
(-2.38507061172706e-13,1.19855519143648e-11,-4.14042012538647e-10)
(-1.60000748029253e-13,2.70730308518107e-11,-4.10953029219106e-10)
(6.32055517675843e-13,4.59940249616452e-11,-4.04314137394378e-10)
(2.33964051518066e-12,7.24337491302604e-11,-3.94319442901278e-10)
(4.01673959632784e-12,1.17460278614766e-10,-3.80580343972419e-10)
(2.6344471290149e-12,2.20529247328105e-10,-3.6397109019361e-10)
(-3.60071613781473e-11,5.45124601458497e-10,-3.72876407782839e-10)
(-5.01641483054442e-11,9.54166553471875e-10,-2.97373372476115e-10)
(-5.16736311128902e-11,1.34451682886374e-09,-2.05282752497134e-10)
(-5.11525676996841e-11,1.82518129925986e-09,-1.05143295737666e-10)
(0,0,0)
(0,0,0)
(0,0,0)
(0,0,0)
(0,0,0)
(0,0,0)
(-5.2672433077023e-13,7.86448386917105e-12,-6.043092703028e-10)
(7.36251337808719e-14,1.74977630747776e-11,-6.02930163350195e-10)
(1.37076253345898e-12,2.98590643260676e-11,-6.00299902943182e-10)
(4.48216716461053e-13,4.57828884240302e-11,-5.98092843720799e-10)
(-8.59809652651571e-12,7.1029880669618e-11,-6.00734691128773e-10)
(-3.76420680717049e-11,1.35979343618414e-10,-6.10750499846572e-10)
(-3.03018415349174e-11,5.05120099818487e-10,-5.38717133977296e-10)
(-4.27786978720984e-11,8.9356477819773e-10,-5.16609714230891e-10)
(-4.77177321485141e-11,1.25835440423705e-09,-3.57672038663518e-10)
(-4.97771046416406e-11,1.72650802203777e-09,-1.83562347299887e-10)
(0,0,0)
(0,0,0)
(0,0,0)
(0,0,0)
(0,0,0)
(0,0,0)
(-8.18516487132564e-13,4.97867058005883e-12,-8.86914542861952e-10)
(-2.70838890737638e-13,1.1392246052858e-11,-8.86316932580017e-10)
(8.51648231714674e-13,2.10037390184733e-11,-8.85728933144543e-10)
(1.30814366201254e-13,3.68798434741728e-11,-8.8622523218124e-10)
(-6.14539653097591e-12,7.21179439282102e-11,-8.90137400916618e-10)
(-2.03744021052038e-11,1.71151351040942e-10,-8.96891206224657e-10)
(-2.71515350620083e-11,4.5823456057484e-10,-8.78163615266551e-10)
(-3.77429803878541e-11,7.38574083659208e-10,-7.48499627696853e-10)
(-4.41362466881257e-11,1.08829469061058e-09,-5.45602340472367e-10)
(-4.83018887662947e-11,1.54507759721494e-09,-2.94167298954426e-10)
(0,0,0)
(0,0,0)
(0,0,0)
(0,0,0)
(0,0,0)
(0,0,0)
(-1.38607094939421e-12,2.9506188801004e-12,-1.3002938328102e-09)
(-1.00964940346661e-12,7.72577617994082e-12,-1.30043011788076e-09)
(-2.59377622223293e-13,1.55935504098231e-11,-1.29981219284545e-09)
(-4.1825571124368e-13,3.10169357265365e-11,-1.2979343823683e-09)
(-4.89570495911354e-12,6.58954565175432e-11,-1.292779771687e-09)
(-1.46770163935778e-11,1.49099734370633e-10,-1.27644191677719e-09)
(-2.41785728780771e-11,3.23032481826252e-10,-1.22217866581349e-09)
(-3.41330977934217e-11,5.3450553971404e-10,-1.07439870695734e-09)
(-4.19599093979025e-11,8.36417613745754e-10,-8.31880445308558e-10)
(-4.74960220873163e-11,1.249946961591e-09,-4.77698974411445e-10)
(0,0,0)
(0,0,0)
(0,0,0)
(0,0,0)
(0,0,0)
(0,0,0)
(-1.48569759602702e-12,1.58832265337979e-12,-1.81009163592149e-09)
(-1.33644365124249e-12,4.25917871886984e-12,-1.81008848570855e-09)
(-6.55805604307087e-13,8.87832691445139e-12,-1.80885527256239e-09)
(-8.04033827918362e-13,1.85531006133535e-11,-1.80473114903177e-09)
(-4.9717393429062e-12,3.94353808967202e-11,-1.79256142542212e-09)
(-1.25910491296457e-11,8.46324972597502e-11,-1.76127499375624e-09)
(-2.20530022433847e-11,1.6918040326381e-10,-1.68522879658051e-09)
(-3.18456316550253e-11,2.88476161926086e-10,-1.52282340413146e-09)
(-4.04596600124949e-11,4.79361475920065e-10,-1.23943199540431e-09)
(-4.75630696999296e-11,7.69063524734779e-10,-7.64369434557212e-10)
(0,0,0)
(0,0,0)
(0,0,0)
(0,0,0)
(0,0,0)
(0,0,0)
(0,0,0)
(0,0,0)
(0,0,0)
(0,0,0)
(0,0,0)
(0,0,0)
(0,0,0)
(0,0,0)
(0,0,0)
(0,0,0)
(0,0,0)
(0,0,0)
(0,0,0)
(0,0,0)
(0,0,0)
(0,0,0)
(0,0,0)
(0,0,0)
(0,0,0)
(0,0,0)
(0,0,0)
(0,0,0)
(0,0,0)
(0,0,0)
(0,0,0)
(0,0,0)
(0,0,0)
(0,0,0)
(0,0,0)
(0,0,0)
(0,0,0)
(0,0,0)
(0,0,0)
(0,0,0)
(0,0,0)
(0,0,0)
(0,0,0)
(0,0,0)
(0,0,0)
(0,0,0)
(0,0,0)
(0,0,0)
(0,0,0)
(0,0,0)
(0,0,0)
(0,0,0)
(0,0,0)
(0,0,0)
(0,0,0)
(0,0,0)
(0,0,0)
(0,0,0)
(0,0,0)
(0,0,0)
(0,0,0)
(0,0,0)
(0,0,0)
(0,0,0)
(0,0,0)
(0,0,0)
(0,0,0)
(0,0,0)
(0,0,0)
(0,0,0)
(0,0,0)
(0,0,0)
(0,0,0)
(0,0,0)
(0,0,0)
(0,0,0)
(0,0,0)
(0,0,0)
(0,0,0)
(0,0,0)
(0,0,0)
(0,0,0)
(0,0,0)
(0,0,0)
(0,0,0)
(0,0,0)
(0,0,0)
(0,0,0)
(0,0,0)
(0,0,0)
(0,0,0)
(0,0,0)
(0,0,0)
(0,0,0)
(0,0,0)
(0,0,0)
(0,0,0)
(0,0,0)
(0,0,0)
(0,0,0)
(0,0,0)
(0,0,0)
(5.16717429982706e-13,4.01258719623334e-11,-4.26355534836125e-11)
(9.32332370317023e-13,8.59118297729265e-11,-4.01863929872706e-11)
(1.42626567729178e-12,1.41856458067033e-10,-3.45631033197028e-11)
(1.2660814807014e-12,2.16577885517194e-10,-2.62641673394863e-11)
(-1.44399198932264e-13,3.16241125606581e-10,-1.42139223148368e-11)
(-2.47236220746943e-12,4.52554900300404e-10,9.38924639340865e-13)
(-4.79486265785658e-12,6.36671783001507e-10,1.46797465737948e-11)
(-7.99843386620319e-12,8.66027759626116e-10,1.7037922486236e-11)
(-9.72917150316767e-12,1.12484865069607e-09,1.20649383315594e-11)
(-1.0063349326694e-11,1.34526197496127e-09,5.81603694312661e-12)
(0,0,0)
(0,0,0)
(0,0,0)
(0,0,0)
(0,0,0)
(0,0,0)
(6.32471100267239e-13,3.7879660198893e-11,-9.09584570512347e-11)
(1.44055029645321e-12,8.09806945173377e-11,-8.57499541663904e-11)
(1.4136991122304e-12,1.34123149143902e-10,-7.49213312570322e-11)
(1.21530473947357e-12,2.04919285563655e-10,-5.80524316512113e-11)
(-2.26293028380035e-13,3.02073386580433e-10,-3.29099828865823e-11)
(-3.26545149923155e-12,4.40835621966792e-10,2.18398559489501e-12)
(-7.89203768936071e-12,6.37609725143925e-10,4.00760211614079e-11)
(-1.74942372645905e-11,8.74212544131147e-10,4.09576201455961e-11)
(-2.16466890593948e-11,1.13354288763512e-09,2.54128310967039e-11)
(-2.27673628780539e-11,1.35306963098079e-09,1.07788201795295e-11)
(0,0,0)
(0,0,0)
(0,0,0)
(0,0,0)
(0,0,0)
(0,0,0)
(2.96007378216705e-14,3.30524210930749e-11,-1.47788827851051e-10)
(4.67504911202837e-13,7.08854446952641e-11,-1.40975789150304e-10)
(5.17910030216708e-13,1.1785436882393e-10,-1.26867902674742e-10)
(8.826381557493e-13,1.80549335632817e-10,-1.03128084150008e-10)
(8.98145324422818e-13,2.6953001582871e-10,-6.37957549190357e-11)
(5.79377050438577e-13,4.09511021028979e-10,1.58507267895207e-12)
(-5.68162266668631e-13,6.47707608735931e-10,9.96765637411943e-11)
(-2.80753137401664e-11,8.99062584440975e-10,7.75310745357377e-11)
(-3.39277453633077e-11,1.15377289095195e-09,3.66763976456097e-11)
(-3.4442209609992e-11,1.36754172336857e-09,1.21098678268464e-11)
(0,0,0)
(0,0,0)
(0,0,0)
(0,0,0)
(0,0,0)
(0,0,0)
(1.37473856935924e-13,2.63561694098414e-11,-2.19952883307384e-10)
(4.8118475458913e-13,5.71189294894701e-11,-2.12913430479045e-10)
(1.27770238663607e-12,9.45338899205154e-11,-1.9773688481296e-10)
(3.75491907888148e-12,1.42546690799231e-10,-1.70748673955073e-10)
(9.06638765058723e-12,2.09557906482836e-10,-1.23113132458488e-10)
(2.22029817579409e-11,3.2990423597426e-10,-2.57214333369591e-11)
(7.25743598867232e-11,7.04962967739486e-10,2.512879595865e-10)
(-4.06785016744205e-11,9.66846548864412e-10,1.04151557572619e-10)
(-4.92675741655363e-11,1.19057138034397e-09,2.38247293704066e-11)
(-4.59414821208291e-11,1.38627673856197e-09,-2.62907704786391e-13)
(0,0,0)
(0,0,0)
(0,0,0)
(0,0,0)
(0,0,0)
(0,0,0)
(7.61748676410323e-13,1.93405096203836e-11,-3.14473300830744e-10)
(1.73864929239893e-12,4.2179664960609e-11,-3.08598490797882e-10)
(4.14172300013003e-12,6.76866727955412e-11,-2.94697711264824e-10)
(1.08085486847575e-11,9.60931034552363e-11,-2.70243123864518e-10)
(2.79681433954403e-11,1.22547235262408e-10,-2.28711717821738e-10)
(8.3487213566883e-11,1.16356001124416e-10,-1.50992440378099e-10)
(-1.09581039233378e-10,1.35291799858028e-09,-2.73218103996962e-17)
(-8.00415729045029e-11,1.13391360039137e-09,-1.13064286146181e-10)
(-6.40235940790953e-11,1.23794997741273e-09,-7.70064111078222e-11)
(-5.58414617372655e-11,1.3952990738697e-09,-4.29782823190666e-11)
(0,0,0)
(0,0,0)
(0,0,0)
(0,0,0)
(0,0,0)
(0,0,0)
(7.93577664500061e-13,1.32806157546517e-11,-4.40017434399964e-10)
(2.77637520427186e-12,2.78140575506946e-11,-4.36002198897988e-10)
(6.77232166018482e-12,4.16691439291941e-11,-4.26239723522359e-10)
(1.52514022925237e-11,5.15448020308118e-11,-4.10217240456002e-10)
(3.38378837626291e-11,4.54334836256324e-11,-3.83341947448853e-10)
(9.60896684279216e-11,3.1645931308088e-12,-3.18456709127935e-10)
(-7.15056950448588e-11,1.35640128868801e-09,-3.48471306700164e-16)
(-8.1652993010208e-11,1.15293404259494e-09,-3.10434040788035e-10)
(-6.56506632456426e-11,1.22137785615412e-09,-2.05745880419508e-10)
(-5.76225862155015e-11,1.35935978538801e-09,-1.04017634592493e-10)
(0,0,0)
(0,0,0)
(0,0,0)
(0,0,0)
(0,0,0)
(0,0,0)
(9.79982005791386e-13,8.18422349144295e-12,-6.05743574627127e-10)
(3.54888174864628e-12,1.59007660228539e-11,-6.04078354618531e-10)
(8.01902861869563e-12,2.10996999185301e-11,-6.00566155284583e-10)
(1.19931090742999e-11,1.35475033536156e-11,-5.99373895692656e-10)
(3.29648932582607e-13,-4.68406300198088e-11,-6.20596934261533e-10)
(-1.44847441363489e-10,-3.5476492229295e-10,-7.72492262660386e-10)
(-5.52372203748807e-12,1.59532928720031e-09,-1.71028896304751e-09)
(-4.67256789010442e-11,1.13758971669904e-09,-7.6120519370067e-10)
(-5.17677098857453e-11,1.13714643802206e-09,-4.03343868667623e-10)
(-5.19090271185524e-11,1.25905740161824e-09,-1.87497784043519e-10)
(0,0,0)
(0,0,0)
(0,0,0)
(0,0,0)
(0,0,0)
(0,0,0)
(6.11924930914457e-13,4.89207896028687e-12,-8.18603969304831e-10)
(2.80763154669118e-12,9.28559505132971e-12,-8.18110843809814e-10)
(6.75813587708214e-12,1.2578585452711e-11,-8.18122726854451e-10)
(9.9058908490773e-12,1.1002264532235e-11,-8.2247339190184e-10)
(6.83089618787911e-12,1.90402212534988e-12,-8.44526773008369e-10)
(-1.70503763932114e-11,3.17418441635124e-11,-9.22236782318462e-10)
(-2.16134438829299e-11,6.40721740669161e-10,-1.10038513315462e-09)
(-3.65717236672586e-11,7.91161265550048e-10,-8.06410729440378e-10)
(-4.36942113410295e-11,9.22547285393056e-10,-5.25202605690771e-10)
(-4.73385520970651e-11,1.06991184968668e-09,-2.64564459197198e-10)
(0,0,0)
(0,0,0)
(0,0,0)
(0,0,0)
(0,0,0)
(0,0,0)
(1.12510347746482e-13,2.60925327422777e-12,-1.06840212025608e-09)
(1.83902302231001e-12,6.00131415559044e-12,-1.06858698894079e-09)
(4.57803539611313e-12,1.01943676349345e-11,-1.06881600305356e-09)
(6.89096872054795e-12,1.69750881635924e-11,-1.07035220832173e-09)
(5.22651575186099e-12,3.61038485804485e-11,-1.07600500161824e-09)
(-4.47303024645712e-12,1.09680594496802e-10,-1.0873782664764e-09)
(-1.81064531718437e-11,3.49123726967054e-10,-1.07825034654875e-09)
(-3.06219816540943e-11,5.0905653793881e-10,-9.03004324080244e-10)
(-3.9085242469386e-11,6.59066334260705e-10,-6.54318718015322e-10)
(-4.43115596425459e-11,8.01660106718346e-10,-3.51216431137533e-10)
(0,0,0)
(0,0,0)
(0,0,0)
(0,0,0)
(0,0,0)
(0,0,0)
(9.94748444108074e-14,1.31053123382008e-12,-1.28581153196463e-09)
(1.68952192146557e-12,3.38934974427166e-12,-1.28605412533412e-09)
(4.09839777953221e-12,6.43550974254556e-12,-1.28543515868483e-09)
(5.57934317578341e-12,1.29813236022855e-11,-1.28366601082744e-09)
(3.17720988793919e-12,2.92933111041994e-11,-1.27795946487086e-09)
(-4.0047490455601e-12,7.30423800071887e-11,-1.25929364716956e-09)
(-1.52779914287752e-11,1.6646223158006e-10,-1.19849376615371e-09)
(-2.67608784559231e-11,2.559219906327e-10,-1.03918035974219e-09)
(-3.61607449397059e-11,3.51820765561177e-10,-7.88258896640657e-10)
(-4.28689795222627e-11,4.45708209505662e-10,-4.40659912487239e-10)
(0,0,0)
(0,0,0)
(0,0,0)
(0,0,0)
(0,0,0)
(0,0,0)
(0,0,0)
(0,0,0)
(0,0,0)
(0,0,0)
(0,0,0)
(0,0,0)
(0,0,0)
(0,0,0)
(0,0,0)
(0,0,0)
(0,0,0)
(0,0,0)
(0,0,0)
(0,0,0)
(0,0,0)
(0,0,0)
(0,0,0)
(0,0,0)
(0,0,0)
(0,0,0)
(0,0,0)
(0,0,0)
(0,0,0)
(0,0,0)
(0,0,0)
(0,0,0)
(0,0,0)
(0,0,0)
(0,0,0)
(0,0,0)
(0,0,0)
(0,0,0)
(0,0,0)
(0,0,0)
(0,0,0)
(0,0,0)
(0,0,0)
(0,0,0)
(0,0,0)
(0,0,0)
(0,0,0)
(0,0,0)
(0,0,0)
(0,0,0)
(0,0,0)
(0,0,0)
(0,0,0)
(0,0,0)
(0,0,0)
(0,0,0)
(0,0,0)
(0,0,0)
(0,0,0)
(0,0,0)
(0,0,0)
(0,0,0)
(0,0,0)
(0,0,0)
(0,0,0)
(0,0,0)
(0,0,0)
(0,0,0)
(0,0,0)
(0,0,0)
(0,0,0)
(0,0,0)
(0,0,0)
(0,0,0)
(0,0,0)
(0,0,0)
(0,0,0)
(0,0,0)
(0,0,0)
(0,0,0)
(0,0,0)
(0,0,0)
(0,0,0)
(0,0,0)
(0,0,0)
(0,0,0)
(0,0,0)
(0,0,0)
(0,0,0)
(0,0,0)
(0,0,0)
(0,0,0)
(0,0,0)
(0,0,0)
(0,0,0)
(0,0,0)
(0,0,0)
(0,0,0)
(0,0,0)
(0,0,0)
(0,0,0)
(0,0,0)
(3.13768697089273e-13,4.39752178994901e-11,-4.79511086228922e-11)
(2.40177958344347e-13,9.29168186195007e-11,-4.4655198541677e-11)
(8.60638620206993e-13,1.5044251994791e-10,-3.82032446075643e-11)
(8.74436409598851e-13,2.23439105472921e-10,-2.83527353959873e-11)
(-1.1295071269701e-12,3.17748640441462e-10,-1.39226129716245e-11)
(-4.49390580829249e-12,4.41268885390386e-10,5.01049467671962e-12)
(-8.09098071273954e-12,5.97348977654512e-10,2.37034760187137e-11)
(-1.12102342165665e-11,7.69575138603185e-10,2.62923002825081e-11)
(-1.21745070537907e-11,9.34422766595234e-10,1.81461043080306e-11)
(-1.20549684030137e-11,1.04695870199081e-09,8.59981324260235e-12)
(0,0,0)
(0,0,0)
(0,0,0)
(0,0,0)
(0,0,0)
(0,0,0)
(2.51207321278078e-13,4.10555887975609e-11,-9.92988905247453e-11)
(7.07177209151247e-13,8.7041015614912e-11,-9.30703878949107e-11)
(8.13579826391765e-13,1.41302202386101e-10,-8.06863505404935e-11)
(4.42805905643073e-13,2.09671876823225e-10,-6.11769558850291e-11)
(-2.77689075808487e-12,2.99412200993025e-10,-3.10394250378911e-11)
(-9.83288612792447e-12,4.23389979476834e-10,1.44913888261783e-11)
(-1.88715202655234e-11,5.96779790064033e-10,7.31459512884745e-11)
(-2.67994885256315e-11,7.79169624479484e-10,7.15077198192049e-11)
(-2.7242681458985e-11,9.44416149497677e-10,4.26593495595501e-11)
(-2.64606350862652e-11,1.05578322852084e-09,1.78409193487257e-11)
(0,0,0)
(0,0,0)
(0,0,0)
(0,0,0)
(0,0,0)
(0,0,0)
(-8.71862797238031e-14,3.55727979448888e-11,-1.57752618127711e-10)
(1.26133641466972e-13,7.56761617811509e-11,-1.50172500410661e-10)
(9.85704089065351e-14,1.22769678524603e-10,-1.33931236221769e-10)
(-4.47046241689896e-13,1.80470054297907e-10,-1.06239371571446e-10)
(-4.5105729277153e-12,2.55261697353535e-10,-6.00150450173471e-11)
(-1.79053289570313e-11,3.67471034183721e-10,2.39789568696017e-11)
(-3.56780320646839e-11,6.06641243662645e-10,2.15997486064767e-10)
(-5.50046012735088e-11,8.12895663023975e-10,1.70821557561084e-10)
(-4.61597049366175e-11,9.70907181712256e-10,7.75830244678735e-11)
(-4.10673569764275e-11,1.07402753204496e-09,2.66059547543242e-11)
(0,0,0)
(0,0,0)
(0,0,0)
(0,0,0)
(0,0,0)
(0,0,0)
(1.13680818043345e-13,2.85677716311275e-11,-2.29502696460517e-10)
(2.43903617377994e-13,6.02375398585015e-11,-2.21352264957176e-10)
(1.13670865373912e-12,9.61441916842952e-11,-2.03959597422582e-10)
(2.57296492630607e-12,1.35221006140507e-10,-1.73115070074055e-10)
(-1.31464025051414e-12,1.72346046309236e-10,-1.23621240230096e-10)
(-4.12581763157293e-11,1.77897565797896e-10,-5.15187459662432e-11)
(-4.28244268940174e-10,6.83981786009567e-10,1.04322822270772e-16)
(-1.2741872499915e-10,9.19300760068139e-10,4.05194453347588e-10)
(-7.25585341591605e-11,1.02546907438279e-09,1.03837532900983e-10)
(-5.52267251336114e-11,1.10114463306273e-09,2.2821951178129e-11)
(0,0,0)
(0,0,0)
(0,0,0)
(0,0,0)
(0,0,0)
(0,0,0)
(9.4683250926941e-13,2.06905472143696e-11,-3.17471646692024e-10)
(2.20347716925578e-12,4.31510322208255e-11,-3.10664141778356e-10)
(5.70466446617373e-12,6.61130858577555e-11,-2.94378113077642e-10)
(1.38254440663853e-11,8.66044441849207e-11,-2.64546503008478e-10)
(2.73626175885929e-11,9.81585631604318e-11,-2.13906307314776e-10)
(4.56862085042747e-11,9.25611835080346e-11,-1.28608051398895e-10)
(-7.05167424384773e-17,4.31208715539021e-16,-1.75031171786171e-17)
(-1.351198901464e-10,1.24123931391978e-09,3.5590783112611e-17)
(-8.14796016092718e-11,1.1087739995103e-09,-2.26391179133711e-11)
(-6.28804555745177e-11,1.1220906357094e-09,-2.29579989797842e-11)
(0,0,0)
(0,0,0)
(0,0,0)
(0,0,0)
(0,0,0)
(0,0,0)
(1.87473442572817e-12,1.3910897612109e-11,-4.28770480399733e-10)
(4.92719135649679e-12,2.71657489570694e-11,-4.23584606717843e-10)
(1.13192826044714e-11,3.76020958981334e-11,-4.10494302758381e-10)
(2.63734079625953e-11,3.94886964736308e-11,-3.86588684263626e-10)
(6.12267590871275e-11,2.23521714478312e-11,-3.40552102653074e-10)
(1.35562823195125e-10,-1.4908377092871e-11,-2.39233629442499e-10)
(-1.24043522084185e-18,3.26450569913833e-16,-3.20135340909478e-17)
(-1.70996827482927e-10,1.21404744624663e-09,-1.59078094444248e-16)
(-8.31474909405439e-11,1.09462999033736e-09,-1.32897915344213e-10)
(-6.13378370383615e-11,1.09140630780553e-09,-8.2448351206146e-11)
(0,0,0)
(0,0,0)
(0,0,0)
(0,0,0)
(0,0,0)
(0,0,0)
(2.60690652834134e-12,8.31405942014935e-12,-5.63196219198749e-10)
(6.65185338624909e-12,1.42390601992651e-11,-5.60097931572531e-10)
(1.53478834925863e-11,1.50639613947449e-11,-5.53207823955267e-10)
(3.57613864645282e-11,-1.11106390957489e-12,-5.41981516924431e-10)
(1.03480325186293e-10,-5.90826230060566e-11,-5.21543305899388e-10)
(4.06442492567081e-10,-1.88742529666598e-10,-4.5174183379186e-10)
(5.51469361877092e-17,4.49278433303105e-16,-5.55091257224843e-16)
(-5.81585527851196e-11,1.27470899745557e-09,-7.97980303170389e-10)
(-5.30146418808066e-11,1.02236904812319e-09,-3.83328899741434e-10)
(-5.02612592305594e-11,9.97871922443674e-10,-1.70303774443206e-10)
(0,0,0)
(0,0,0)
(0,0,0)
(0,0,0)
(0,0,0)
(0,0,0)
(2.40162512186991e-12,4.45775896313088e-12,-7.17061322205946e-10)
(6.10379548714512e-12,6.82135859557624e-12,-7.15498991083755e-10)
(1.34930187421863e-11,4.16676456917124e-12,-7.13984507636191e-10)
(2.59864483242984e-11,-1.66656031126841e-11,-7.15642023747839e-10)
(5.03410790428482e-11,-9.3485389134464e-11,-7.35294261605329e-10)
(8.31592241096658e-11,-3.7877170983016e-10,-8.3213989589814e-10)
(-2.39898338949931e-11,7.97980232094393e-10,-1.28346744313395e-09)
(-3.5675119805725e-11,7.97467909601231e-10,-7.99839596063161e-10)
(-4.08514067022471e-11,7.88775070768807e-10,-4.76183179691188e-10)
(-4.36512683258483e-11,8.16235210517251e-10,-2.28062219898077e-10)
(0,0,0)
(0,0,0)
(0,0,0)
(0,0,0)
(0,0,0)
(0,0,0)
(1.59610107288727e-12,1.95880953286416e-12,-8.70224829689178e-10)
(4.68000154633938e-12,3.82774726126332e-12,-8.69890213842007e-10)
(9.87309855673399e-12,3.79955118437315e-12,-8.69825908859895e-10)
(1.65375265783136e-11,-7.61492136596055e-13,-8.71880726163828e-10)
(2.34103180862821e-11,-7.48849662086603e-12,-8.82144397083908e-10)
(2.30372643155025e-11,1.84250167816591e-11,-9.1209423249846e-10)
(-1.06909802533634e-11,3.44679430292474e-10,-9.58520133425536e-10)
(-2.61730404128957e-11,4.64552712638565e-10,-7.64666458206926e-10)
(-3.49419606476332e-11,5.31310970299076e-10,-5.24875392472738e-10)
(-3.95760935673635e-11,5.79951762522172e-10,-2.69300494805913e-10)
(0,0,0)
(0,0,0)
(0,0,0)
(0,0,0)
(0,0,0)
(0,0,0)
(1.65259944772956e-12,8.97038999166209e-13,-9.79268598433868e-10)
(4.45990501644261e-12,2.15589848877944e-12,-9.79257387067509e-10)
(8.76475966468379e-12,3.06967708427311e-12,-9.78612749014085e-10)
(1.28541208214958e-11,5.04924557447791e-12,-9.78044578306198e-10)
(1.38047032908349e-11,1.37821714950945e-11,-9.76584550517786e-10)
(8.23774994577643e-12,4.84087830650852e-11,-9.68568597656079e-10)
(-8.12916626023565e-12,1.50627399912379e-10,-9.28003462461682e-10)
(-2.17603509247518e-11,2.20052207851595e-10,-7.81268996566982e-10)
(-3.19389635319233e-11,2.70007463230699e-10,-5.65316491295246e-10)
(-3.78206825038803e-11,3.04580106247895e-10,-2.99819483641061e-10)
(0,0,0)
(0,0,0)
(0,0,0)
(0,0,0)
(0,0,0)
(0,0,0)
(0,0,0)
(0,0,0)
(0,0,0)
(0,0,0)
(0,0,0)
(0,0,0)
(0,0,0)
(0,0,0)
(0,0,0)
(0,0,0)
(0,0,0)
(0,0,0)
(0,0,0)
(0,0,0)
(0,0,0)
(0,0,0)
(0,0,0)
(0,0,0)
(0,0,0)
(0,0,0)
(0,0,0)
(0,0,0)
(0,0,0)
(0,0,0)
(0,0,0)
(0,0,0)
(0,0,0)
(0,0,0)
(0,0,0)
(0,0,0)
(0,0,0)
(0,0,0)
(0,0,0)
(0,0,0)
(0,0,0)
(0,0,0)
(0,0,0)
(0,0,0)
(0,0,0)
(0,0,0)
(0,0,0)
(0,0,0)
(0,0,0)
(0,0,0)
(0,0,0)
(0,0,0)
(0,0,0)
(0,0,0)
(0,0,0)
(0,0,0)
(0,0,0)
(0,0,0)
(0,0,0)
(0,0,0)
(0,0,0)
(0,0,0)
(0,0,0)
(0,0,0)
(0,0,0)
(0,0,0)
(0,0,0)
(0,0,0)
(0,0,0)
(0,0,0)
(0,0,0)
(0,0,0)
(0,0,0)
(0,0,0)
(0,0,0)
(0,0,0)
(0,0,0)
(0,0,0)
(0,0,0)
(0,0,0)
(0,0,0)
(0,0,0)
(0,0,0)
(0,0,0)
(0,0,0)
(0,0,0)
(0,0,0)
(0,0,0)
(0,0,0)
(0,0,0)
(0,0,0)
(0,0,0)
(0,0,0)
(0,0,0)
(0,0,0)
(0,0,0)
(0,0,0)
(0,0,0)
(0,0,0)
(0,0,0)
(0,0,0)
(0,0,0)
(-6.25122821927292e-14,4.57401226921981e-11,-5.00020143062875e-11)
(-3.359729711793e-13,9.53560735000047e-11,-4.67044611145768e-11)
(1.50446970442717e-13,1.52669942387046e-10,-4.06358157556604e-11)
(2.11542634926644e-13,2.21951708819809e-10,-3.03588794253399e-11)
(-1.72617532687081e-12,3.07283356309845e-10,-1.51664130072262e-11)
(-5.3079812367613e-12,4.13243717093971e-10,4.57858017549839e-12)
(-1.0110617385995e-11,5.40641807391016e-10,2.4114369964765e-11)
(-1.26585241184737e-11,6.70646658045497e-10,2.76438836448871e-11)
(-1.26215988907278e-11,7.81983085478747e-10,1.96758885469403e-11)
(-1.22796816903797e-11,8.48692666316628e-10,9.52410329834332e-12)
(0,0,0)
(0,0,0)
(0,0,0)
(0,0,0)
(0,0,0)
(0,0,0)
(-4.94504455869429e-13,4.25621007931374e-11,-1.01519460334629e-10)
(-3.12006311517533e-13,8.90683674006298e-11,-9.54715635776962e-11)
(-1.63290967566123e-13,1.42620393915772e-10,-8.35798553705059e-11)
(-4.92902416195122e-13,2.07116239517308e-10,-6.37505382960809e-11)
(-4.15720098265609e-12,2.86835719875718e-10,-3.27543595988751e-11)
(-1.25685032971298e-11,3.92157818203321e-10,1.33025567920438e-11)
(-2.70947423948976e-11,5.35402307956286e-10,7.26324788198245e-11)
(-3.16771568104346e-11,6.7673205997106e-10,7.46002445293884e-11)
(-2.89152834628376e-11,7.90234934752745e-10,4.60413048500899e-11)
(-2.68640192616398e-11,8.56532080496465e-10,1.9793510824397e-11)
(0,0,0)
(0,0,0)
(0,0,0)
(0,0,0)
(0,0,0)
(0,0,0)
(-6.62277683010511e-13,3.66528314779436e-11,-1.59464714953699e-10)
(-6.76508624767638e-13,7.70456987208767e-11,-1.52160203934795e-10)
(-9.67807401119846e-13,1.23030863467564e-10,-1.36178285515766e-10)
(-1.42232463838756e-12,1.7639236255346e-10,-1.08327088432108e-10)
(-5.58892377040992e-12,2.39703064465868e-10,-6.20949226891476e-11)
(-2.03503897663592e-11,3.29831682007541e-10,2.006381976092e-11)
(-6.7842645907915e-11,5.29869588743302e-10,2.04228448452214e-10)
(-6.81711652245447e-11,7.00425082329365e-10,1.7606320735049e-10)
(-4.97445278936101e-11,8.11711423598516e-10,8.41547802560749e-11)
(-4.1578503240043e-11,8.71929060564265e-10,3.02092851058198e-11)
(0,0,0)
(0,0,0)
(0,0,0)
(0,0,0)
(0,0,0)
(0,0,0)
(-1.59526268521833e-13,2.94649435651787e-11,-2.27339080498466e-10)
(-6.22562795401767e-14,6.10162385505655e-11,-2.19297399362522e-10)
(3.23287131783704e-13,9.55101504717133e-11,-2.01860650914693e-10)
(1.6956970379267e-12,1.30349592006075e-10,-1.71024468006061e-10)
(7.70348634439915e-13,1.56295161796532e-10,-1.22416657293632e-10)
(-7.4406443149381e-12,1.41307951773898e-10,-5.54358752016265e-11)
(-1.49457263164087e-10,5.5596782569468e-10,5.9083934583095e-17)
(-1.48000358404178e-10,7.82524290116641e-10,4.02838223009382e-10)
(-7.48478775637957e-11,8.56435200343952e-10,1.14356961959496e-10)
(-5.33507766021095e-11,8.94327141405891e-10,2.87311287871122e-11)
(0,0,0)
(0,0,0)
(0,0,0)
(0,0,0)
(0,0,0)
(0,0,0)
(9.18977197838466e-13,2.13694378164322e-11,-3.0550628137601e-10)
(1.90273173231362e-12,4.35439129449176e-11,-2.98759386739422e-10)
(4.38404435661046e-12,6.55625056251913e-11,-2.81979679176727e-10)
(1.03009960839998e-11,8.36069024787803e-11,-2.50986640580309e-10)
(1.78707533852849e-11,9.09155931543033e-11,-1.99021459780454e-10)
(2.45477352094019e-11,8.34381426039066e-11,-1.16386053788449e-10)
(-1.88524971045162e-17,2.17571773020388e-16,-1.6420381343046e-17)
(-8.52888689691008e-11,1.05531159332804e-09,4.1051793537953e-17)
(-6.70167113698915e-11,9.26079977915292e-10,-8.15612282665662e-12)
(-5.51541266504117e-11,9.10989909084918e-10,-1.40998021732512e-11)
(0,0,0)
(0,0,0)
(0,0,0)
(0,0,0)
(0,0,0)
(0,0,0)
(2.28569893581825e-12,1.44731259539291e-11,-3.99400759677774e-10)
(4.76357615480482e-12,2.75174044147443e-11,-3.93839634871385e-10)
(9.951798613156e-12,3.74760210968918e-11,-3.7927253542946e-10)
(2.09365867351703e-11,3.88712636165168e-11,-3.51932612425753e-10)
(4.1343080330458e-11,2.36875233266542e-11,-3.0045813922316e-10)
(7.01633783398875e-11,-4.54202240965443e-12,-1.98064147868554e-10)
(2.99626174318679e-18,1.28737952084222e-16,-2.72129313866079e-17)
(-9.87606224257446e-11,1.00906335500139e-09,-1.17650798824852e-16)
(-6.13361128644591e-11,9.06935857410248e-10,-1.05137909622323e-10)
(-5.02518028826846e-11,8.81095908898522e-10,-6.67537055839788e-11)
(0,0,0)
(0,0,0)
(0,0,0)
(0,0,0)
(0,0,0)
(0,0,0)
(3.36491935911469e-12,9.16579398814212e-12,-5.0713613878172e-10)
(7.17944737270001e-12,1.49248692741322e-11,-5.02780921927924e-10)
(1.50187732873432e-11,1.51802072352466e-11,-4.92981727255993e-10)
(3.0877714642596e-11,-2.93263793984345e-14,-4.75729693837663e-10)
(6.80816192071485e-11,-4.79498521646274e-11,-4.40968311410663e-10)
(1.44730394030014e-10,-1.38511628713618e-10,-3.46530592178224e-10)
(2.04101086215421e-17,2.07259434747356e-16,-2.78661084067451e-16)
(4.43113164023812e-12,1.05346043365141e-09,-6.67924434918606e-10)
(-3.24457898246374e-11,8.41470062472089e-10,-3.22163201639872e-10)
(-3.89283217473522e-11,7.97899819814803e-10,-1.42891075072677e-10)
(0,0,0)
(0,0,0)
(0,0,0)
(0,0,0)
(0,0,0)
(0,0,0)
(3.33824342995462e-12,5.34082089681332e-12,-6.19258201401737e-10)
(7.58292337386799e-12,7.15860756055802e-12,-6.16394345445937e-10)
(1.55177482386372e-11,3.01469485275495e-12,-6.12195781277821e-10)
(2.97345752057161e-11,-2.07158845182238e-11,-6.08993869321071e-10)
(6.11898208220604e-11,-1.02060185509246e-10,-6.17829777684821e-10)
(1.37290044733706e-10,-3.81840172578256e-10,-6.89031012360099e-10)
(-5.43168791638629e-11,6.67924372462894e-10,-1.07412758051583e-09)
(-2.64163392150484e-11,6.69779150712609e-10,-6.70547349240993e-10)
(-3.15082660255758e-11,6.4389089196171e-10,-3.95903852672534e-10)
(-3.54300402288759e-11,6.42212106626505e-10,-1.87317995430802e-10)
(0,0,0)
(0,0,0)
(0,0,0)
(0,0,0)
(0,0,0)
(0,0,0)
(2.32325575948583e-12,2.70648487186964e-12,-7.17731931413242e-10)
(6.28754533671825e-12,3.9784212485292e-12,-7.16802913587668e-10)
(1.2657789960672e-11,2.45986993708177e-12,-7.15347966105716e-10)
(2.09904597873259e-11,-5.41212720125068e-12,-7.14695328911679e-10)
(3.20894853848848e-11,-1.93223393631659e-11,-7.20138157452859e-10)
(3.94793989591277e-11,-7.74456331674033e-12,-7.42621845105755e-10)
(-1.04926250918597e-11,2.87792375819398e-10,-7.83288310654453e-10)
(-2.14636013601159e-11,3.87326225425238e-10,-6.18768658931418e-10)
(-2.92133512460824e-11,4.25823745988317e-10,-4.17224556069457e-10)
(-3.35049320989433e-11,4.45721142526602e-10,-2.09960821860945e-10)
(0,0,0)
(0,0,0)
(0,0,0)
(0,0,0)
(0,0,0)
(0,0,0)
(2.53842708053693e-12,1.20640863886633e-12,-7.80834346786408e-10)
(5.97116545179726e-12,2.12579187069671e-12,-7.80384448071342e-10)
(1.12662660410716e-11,2.20250262236746e-12,-7.78871901703954e-10)
(1.64433386075613e-11,2.19700487632141e-12,-7.76738149025359e-10)
(1.95709219242226e-11,7.10326874591148e-12,-7.73628321900764e-10)
(1.60813978164635e-11,3.41837352798709e-11,-7.65158249809376e-10)
(-4.2362322425569e-12,1.25104098509668e-10,-7.30761119469118e-10)
(-1.76606483448926e-11,1.81229390179748e-10,-6.07005373471745e-10)
(-2.74285079554057e-11,2.12252546238343e-10,-4.29472566612409e-10)
(-3.30600598970641e-11,2.28402902017012e-10,-2.22275373885822e-10)
(0,0,0)
(0,0,0)
(0,0,0)
(0,0,0)
(0,0,0)
(0,0,0)
(0,0,0)
(0,0,0)
(0,0,0)
(0,0,0)
(0,0,0)
(0,0,0)
(0,0,0)
(0,0,0)
(0,0,0)
(0,0,0)
(0,0,0)
(0,0,0)
(0,0,0)
(0,0,0)
(0,0,0)
(0,0,0)
(0,0,0)
(0,0,0)
(0,0,0)
(0,0,0)
(0,0,0)
(0,0,0)
(0,0,0)
(0,0,0)
(0,0,0)
(0,0,0)
(0,0,0)
(0,0,0)
(0,0,0)
(0,0,0)
(0,0,0)
(0,0,0)
(0,0,0)
(0,0,0)
(0,0,0)
(0,0,0)
(0,0,0)
(0,0,0)
(0,0,0)
(0,0,0)
(0,0,0)
(0,0,0)
(0,0,0)
(0,0,0)
(0,0,0)
(0,0,0)
(0,0,0)
(0,0,0)
(0,0,0)
(0,0,0)
(0,0,0)
(0,0,0)
(0,0,0)
(0,0,0)
(0,0,0)
(0,0,0)
(0,0,0)
(0,0,0)
(0,0,0)
(0,0,0)
(0,0,0)
(0,0,0)
(0,0,0)
(0,0,0)
(0,0,0)
(0,0,0)
(0,0,0)
(0,0,0)
(0,0,0)
(0,0,0)
(0,0,0)
(0,0,0)
(0,0,0)
(0,0,0)
(0,0,0)
(0,0,0)
(0,0,0)
(0,0,0)
(0,0,0)
(0,0,0)
(0,0,0)
(0,0,0)
(0,0,0)
(0,0,0)
(0,0,0)
(0,0,0)
(0,0,0)
(0,0,0)
(0,0,0)
(0,0,0)
(0,0,0)
(0,0,0)
(0,0,0)
(0,0,0)
(0,0,0)
(0,0,0)
(-1.8204357478093e-13,4.56697942968321e-11,-5.12811297324012e-11)
(-1.16912230750219e-13,9.47769677310581e-11,-4.84182930299688e-11)
(-7.69408886033087e-14,1.50554565865873e-10,-4.30240127273928e-11)
(-1.45454480694767e-13,2.15564234270221e-10,-3.33508007566404e-11)
(-1.02353207546759e-12,2.9141708363134e-10,-1.92724509592039e-11)
(-3.75787213538123e-12,3.80802225476494e-10,-1.46775388050846e-12)
(-8.4006316314116e-12,4.83033624139197e-10,1.57529438504858e-11)
(-1.07759309460703e-11,5.83498667583261e-10,2.02194301102691e-11)
(-1.07216629160866e-11,6.64759209581624e-10,1.50878675474144e-11)
(-1.05949925718325e-11,7.10123333009643e-10,7.53479246294172e-12)
(0,0,0)
(0,0,0)
(0,0,0)
(0,0,0)
(0,0,0)
(0,0,0)
(-6.3313189760266e-13,4.31625273393815e-11,-1.02727722704171e-10)
(-1.81045838976159e-13,8.94676146242342e-11,-9.74660659705664e-11)
(-4.03077593761112e-13,1.41244877369017e-10,-8.65579927276728e-11)
(-7.65204149548427e-13,2.01818653731343e-10,-6.79700086572569e-11)
(-3.08146196374187e-12,2.72601390720621e-10,-3.99116923196829e-11)
(-9.57228912915701e-12,3.61029278638416e-10,-9.83963113995062e-13)
(-2.35297888914711e-11,4.73716936407817e-10,4.6105640977675e-11)
(-2.68112394894517e-11,5.83730483461804e-10,5.3038044307867e-11)
(-2.41439782829142e-11,6.68294673700136e-10,3.45089071346578e-11)
(-2.24674885051967e-11,7.14248578304573e-10,1.51566342579505e-11)
(0,0,0)
(0,0,0)
(0,0,0)
(0,0,0)
(0,0,0)
(0,0,0)
(-7.78900789161848e-13,3.77292319925922e-11,-1.5792961178528e-10)
(-6.28966873480112e-13,7.82559198433677e-11,-1.51243758056672e-10)
(-1.29829148892192e-12,1.22742309547403e-10,-1.36704575450902e-10)
(-1.6117198339711e-12,1.73496644374798e-10,-1.11356861745538e-10)
(-4.33976355110979e-12,2.30807029328359e-10,-7.06400542191691e-11)
(-1.59912882240507e-11,3.06242799702947e-10,-4.58304245432178e-12)
(-6.57756417575473e-11,4.49157082919798e-10,1.23250387856303e-10)
(-5.83619459174029e-11,5.87547070877785e-10,1.18845276997584e-10)
(-4.05228094887043e-11,6.77102888351405e-10,5.94207042133132e-11)
(-3.37672989758389e-11,7.21289202450014e-10,2.16170322039444e-11)
(0,0,0)
(0,0,0)
(0,0,0)
(0,0,0)
(0,0,0)
(0,0,0)
(-1.05701655722583e-13,3.06728921297885e-11,-2.20207805729057e-10)
(-2.66791217030458e-14,6.32692617509823e-11,-2.12986987378838e-10)
(-5.65250930364417e-13,9.71174896055127e-11,-1.97111757551268e-10)
(-1.69424147175375e-13,1.31952330289766e-10,-1.68988659473241e-10)
(-8.30864815355542e-13,1.60145590153708e-10,-1.24636174078066e-10)
(-5.00676943052603e-12,1.60691996783579e-10,-6.39334942740876e-11)
(3.67218103337167e-12,3.82626556259521e-10,-1.46544462099836e-11)
(-1.32306400565696e-10,6.05294300123737e-10,2.60651196653668e-10)
(-5.88668219627582e-11,6.94134638050693e-10,7.41622790285134e-11)
(-4.12824154940652e-11,7.29741498634955e-10,1.78982374054208e-11)
(0,0,0)
(0,0,0)
(0,0,0)
(0,0,0)
(0,0,0)
(0,0,0)
(1.06839442371484e-12,2.31010280472221e-11,-2.89072403319123e-10)
(1.14953269982226e-12,4.71697213309408e-11,-2.82550642079352e-10)
(1.47749028850318e-12,6.96991754070477e-11,-2.67071583796936e-10)
(3.07145414640446e-12,8.91960707704437e-11,-2.3899103056323e-10)
(2.46341722092961e-12,9.9138535970147e-11,-1.92493410119648e-10)
(-3.85813714508518e-12,9.54729713212103e-11,-1.19363107891054e-10)
(1.25091489506511e-17,2.20629976411252e-16,-6.00988327702239e-17)
(-3.08844667639876e-11,6.70417699432305e-10,-3.1405482853998e-11)
(-4.19289115181911e-11,7.14767563725373e-10,-2.14998030813494e-11)
(-3.93599286371757e-11,7.30458308457983e-10,-1.67683095251518e-11)
(0,0,0)
(0,0,0)
(0,0,0)
(0,0,0)
(0,0,0)
(0,0,0)
(2.0319060951966e-12,1.64497178147411e-11,-3.68256446973714e-10)
(2.78901185351139e-12,3.19621824409416e-11,-3.62668022273649e-10)
(4.90768947106447e-12,4.38765381897305e-11,-3.48558743506909e-10)
(8.36270352853475e-12,4.93310936612714e-11,-3.22651669468167e-10)
(1.05864644671186e-11,4.17836203445092e-11,-2.76647986432931e-10)
(6.06886398822271e-12,2.27688007637675e-11,-1.88995291803246e-10)
(1.49126465182963e-17,1.48082981998702e-16,-8.0326209810554e-17)
(-3.80199091042454e-11,6.34164681347041e-10,-8.08368721674846e-11)
(-3.42545219645779e-11,6.87934802719632e-10,-1.02433011037593e-10)
(-3.3809419382977e-11,6.98005026194698e-10,-5.88773395979356e-11)
(0,0,0)
(0,0,0)
(0,0,0)
(0,0,0)
(0,0,0)
(0,0,0)
(2.83467559661561e-12,1.10431349242712e-11,-4.54821153205612e-10)
(5.14651441434412e-12,1.91463497257676e-11,-4.50088125643581e-10)
(9.93225225152455e-12,2.25838779142123e-11,-4.39019784412307e-10)
(1.68028903544006e-11,1.51035586798105e-11,-4.19882648408206e-10)
(2.77542333193454e-11,-1.44489021539877e-11,-3.85112986651719e-10)
(4.15286243774975e-11,-7.21954817250973e-11,-3.00553684737305e-10)
(1.14641676691124e-17,1.85140096054784e-16,-2.54377421489197e-16)
(4.23511813003212e-11,6.13131493090706e-10,-4.18538538617046e-10)
(-1.41387458815282e-11,6.25177831552346e-10,-2.40900877878572e-10)
(-2.61316836317532e-11,6.25308796673303e-10,-1.13471743955965e-10)
(0,0,0)
(0,0,0)
(0,0,0)
(0,0,0)
(0,0,0)
(0,0,0)
(3.1087234990932e-12,6.76627984130321e-12,-5.39067996325743e-10)
(6.56454551776922e-12,1.04161662717776e-11,-5.35643812380834e-10)
(1.28706611975823e-11,9.89152721277692e-12,-5.28923452059007e-10)
(2.32667262524638e-11,-3.85598546782632e-12,-5.19674540170475e-10)
(4.96532093512724e-11,-5.22477830003828e-11,-5.12633041398651e-10)
(1.4829100362792e-10,-2.11468537817313e-10,-5.21707709538016e-10)
(-7.77651137951934e-11,4.08892719333985e-10,-6.03055120709651e-10)
(-1.86069104961524e-11,4.72169566936925e-10,-4.69265399534192e-10)
(-2.20269772939539e-11,4.94662798772379e-10,-3.0187571483908e-10)
(-2.62570715598414e-11,5.0334028815716e-10,-1.47248520181373e-10)
(0,0,0)
(0,0,0)
(0,0,0)
(0,0,0)
(0,0,0)
(0,0,0)
(2.89431416690952e-12,3.7781202836151e-12,-6.07667488870947e-10)
(6.68522723261601e-12,5.94553282190506e-12,-6.056710779911e-10)
(1.22625200813319e-11,6.33235500117048e-12,-6.01532835586925e-10)
(1.88241562509211e-11,2.67529374493288e-12,-5.95143934851055e-10)
(2.81475649287225e-11,-3.23224323756139e-12,-5.89332263432203e-10)
(3.82175659112092e-11,1.32487218283307e-11,-5.86685376308421e-10)
(-1.23239995052125e-11,2.11331158828177e-10,-5.77367508027617e-10)
(-1.69108689765889e-11,2.960437340641e-10,-4.71277527899275e-10)
(-2.29058857046253e-11,3.33112512584445e-10,-3.23569772057703e-10)
(-2.61475134502647e-11,3.484429386422e-10,-1.63547696902192e-10)
(0,0,0)
(0,0,0)
(0,0,0)
(0,0,0)
(0,0,0)
(0,0,0)
(3.29493700433698e-12,1.66044167083137e-12,-6.48946882312919e-10)
(6.58441095510686e-12,3.01608318714246e-12,-6.46844614712094e-10)
(1.13350159848435e-11,3.77161618409457e-12,-6.42669405310358e-10)
(1.55305163592877e-11,4.56882454515491e-12,-6.35864841491378e-10)
(1.82041185787463e-11,9.64118200685365e-12,-6.26146974081662e-10)
(1.58680027560767e-11,3.21812364892934e-11,-6.09522331694003e-10)
(-2.88787973026318e-12,9.85039095761619e-11,-5.69419317304348e-10)
(-1.39640650244782e-11,1.42703213376281e-10,-4.71369795951566e-10)
(-2.23731544436661e-11,1.66713211401229e-10,-3.3211603444457e-10)
(-2.69325317658808e-11,1.77520807694349e-10,-1.70816836531303e-10)
(0,0,0)
(0,0,0)
(0,0,0)
(0,0,0)
(0,0,0)
(0,0,0)
(0,0,0)
(0,0,0)
(0,0,0)
(0,0,0)
(0,0,0)
(0,0,0)
(0,0,0)
(0,0,0)
(0,0,0)
(0,0,0)
(0,0,0)
(0,0,0)
(0,0,0)
(0,0,0)
(0,0,0)
(0,0,0)
(0,0,0)
(0,0,0)
(0,0,0)
(0,0,0)
(0,0,0)
(0,0,0)
(0,0,0)
(0,0,0)
(0,0,0)
(0,0,0)
(0,0,0)
(0,0,0)
(0,0,0)
(0,0,0)
(0,0,0)
(0,0,0)
(0,0,0)
(0,0,0)
(0,0,0)
(0,0,0)
(0,0,0)
(0,0,0)
(0,0,0)
(0,0,0)
(0,0,0)
(0,0,0)
(0,0,0)
(0,0,0)
(0,0,0)
(0,0,0)
(0,0,0)
(0,0,0)
(0,0,0)
(0,0,0)
(0,0,0)
(0,0,0)
(0,0,0)
(0,0,0)
(0,0,0)
(0,0,0)
(0,0,0)
(0,0,0)
(0,0,0)
(0,0,0)
(0,0,0)
(0,0,0)
(0,0,0)
(0,0,0)
(0,0,0)
(0,0,0)
(0,0,0)
(0,0,0)
(0,0,0)
(0,0,0)
(0,0,0)
(0,0,0)
(0,0,0)
(0,0,0)
(0,0,0)
(0,0,0)
(0,0,0)
(0,0,0)
(0,0,0)
(0,0,0)
(0,0,0)
(0,0,0)
(0,0,0)
(0,0,0)
(0,0,0)
(0,0,0)
(0,0,0)
(0,0,0)
(0,0,0)
(0,0,0)
(0,0,0)
(0,0,0)
(0,0,0)
(0,0,0)
(0,0,0)
(0,0,0)
(-5.37613319710387e-13,4.59947009302992e-11,-5.13553149378986e-11)
(-2.01839426550683e-13,9.49421794010788e-11,-4.88509710908258e-11)
(-4.40464362459201e-13,1.48648416540102e-10,-4.3715297950878e-11)
(-4.78223739271524e-13,2.0896434417096e-10,-3.50602856199218e-11)
(-1.25362434476686e-14,2.76947047835985e-10,-2.33532183672515e-11)
(-1.20562302830202e-12,3.54321614813506e-10,-9.25571439722889e-12)
(-3.55043015983929e-12,4.37933607953038e-10,3.72729053839869e-12)
(-5.87618426171884e-12,5.16551783913744e-10,8.62163550279545e-12)
(-6.70405195016454e-12,5.78192921117561e-10,7.55258362919057e-12)
(-7.18544540382806e-12,6.1193772238165e-10,3.97617517478825e-12)
(0,0,0)
(0,0,0)
(0,0,0)
(0,0,0)
(0,0,0)
(0,0,0)
(-4.61493284399661e-13,4.35587479424967e-11,-1.02665193604156e-10)
(1.22575699007067e-13,8.97151408537963e-11,-9.7952022018054e-11)
(-4.88493842595893e-13,1.39886796503993e-10,-8.81453090890417e-11)
(-5.01511130567313e-13,1.97138699516778e-10,-7.2147239872278e-11)
(-2.14829777155383e-13,2.62239104814299e-10,-4.93163221632814e-11)
(-1.87541428537512e-12,3.39959081090733e-10,-1.96612834748907e-11)
(-5.90233873362784e-12,4.30316606071243e-10,1.20171965449783e-11)
(-1.20986897322331e-11,5.14137600073673e-10,2.152662387165e-11)
(-1.3599920057442e-11,5.7828256897199e-10,1.57295943930524e-11)
(-1.43514783926637e-11,6.12748981100484e-10,7.06724903686064e-12)
(0,0,0)
(0,0,0)
(0,0,0)
(0,0,0)
(0,0,0)
(0,0,0)
(-4.08414654959402e-13,3.86949969099922e-11,-1.56340384792848e-10)
(-1.81491386866234e-13,7.97080605384615e-11,-1.49982652255844e-10)
(-1.02118525237315e-12,1.23699587127416e-10,-1.37005107678059e-10)
(-7.84213275283842e-13,1.73839534356224e-10,-1.15725533101186e-10)
(2.64663858660928e-13,2.31174797299555e-10,-8.30462729878153e-11)
(1.72608438467972e-12,3.05538150902933e-10,-3.485479586612e-11)
(5.15999576146065e-12,4.15487077968037e-10,3.15885537269007e-11)
(-1.66846023790908e-11,5.11927810057155e-10,3.90125842447127e-11)
(-1.97508871786182e-11,5.79336784079873e-10,2.1264122724351e-11)
(-2.06025629568627e-11,6.13371055597994e-10,7.34699996606864e-12)
(0,0,0)
(0,0,0)
(0,0,0)
(0,0,0)
(0,0,0)
(0,0,0)
(2.45344076616719e-13,3.21008913123449e-11,-2.13933571831139e-10)
(1.97631470748657e-13,6.6378935675009e-11,-2.07191066206348e-10)
(-1.27003480990262e-12,1.01724488908993e-10,-1.92889690754677e-10)
(-1.76565002305175e-12,1.40032307015553e-10,-1.68716843610377e-10)
(-5.2649043575821e-13,1.81115453363525e-10,-1.3075386669691e-10)
(1.09332079677395e-11,2.37022961488777e-10,-6.87659241008715e-11)
(1.10992873799318e-10,4.08160520749412e-10,7.489010365001e-11)
(-1.09408822490863e-11,5.16769934882322e-10,4.8002678453738e-11)
(-2.32357060143704e-11,5.81501855857203e-10,1.24378954064695e-11)
(-2.41009879117194e-11,6.11379672386136e-10,-1.50026312180608e-13)
(0,0,0)
(0,0,0)
(0,0,0)
(0,0,0)
(0,0,0)
(0,0,0)
(1.19794341643284e-12,2.5089402235121e-11,-2.75378424007102e-10)
(8.78013307387228e-13,5.1725662865656e-11,-2.69249960672169e-10)
(-7.80425727887728e-13,7.71900905107582e-11,-2.55369207690627e-10)
(-3.56118918800858e-12,1.01622177658329e-10,-2.31914973882945e-10)
(-1.33119693820175e-11,1.18595041246163e-10,-1.97595394810093e-10)
(-5.05170143798432e-11,9.95041711102255e-11,-1.57043933018499e-10)
(3.14055078113084e-11,5.23466543371944e-10,-1.50127143496012e-10)
(-4.53712845142497e-12,5.41214160135906e-10,-7.16975432267408e-11)
(-1.98276440687597e-11,5.7974516966736e-10,-4.6020105310054e-11)
(-2.36749558990227e-11,6.000685488866e-10,-2.49169015333697e-11)
(0,0,0)
(0,0,0)
(0,0,0)
(0,0,0)
(0,0,0)
(0,0,0)
(1.8500642855577e-12,1.88102741668935e-11,-3.4378617640717e-10)
(1.49556580197558e-12,3.76166315816571e-11,-3.38204822690077e-10)
(2.93275707845133e-13,5.39906635493277e-11,-3.2532146885377e-10)
(-3.41344452523377e-12,6.72798785893417e-11,-3.04172543381044e-10)
(-2.08337076640719e-11,7.21109580253434e-11,-2.74566281170116e-10)
(-8.79620649999252e-11,5.38778626428205e-11,-2.42349751590692e-10)
(8.08367696968072e-11,4.67545605804665e-10,-2.35682152198461e-10)
(4.60941802219311e-12,5.11628356008428e-10,-1.60800520301693e-10)
(-1.50532222368806e-11,5.48241272751931e-10,-1.10015042531633e-10)
(-1.99905294594946e-11,5.64705407366143e-10,-5.62717356881891e-11)
(0,0,0)
(0,0,0)
(0,0,0)
(0,0,0)
(0,0,0)
(0,0,0)
(2.37850311755622e-12,1.33990113594174e-11,-4.145619095896e-10)
(2.80835663699125e-12,2.52874269694247e-11,-4.09484246573832e-10)
(3.48746694890363e-12,3.44287842950821e-11,-3.98329305607855e-10)
(9.92772745543696e-13,3.84613159555042e-11,-3.8173660954943e-10)
(-1.90061877486531e-11,3.07177100172559e-11,-3.63153896927841e-10)
(-1.19751749890167e-10,-1.8155373337466e-11,-3.62485499408845e-10)
(9.64576150991244e-12,4.62896551326346e-10,-5.12126353314211e-10)
(5.67544671559561e-12,4.64932984758032e-10,-3.11124473377278e-10)
(-1.10528470241646e-11,4.87604082921038e-10,-1.9003261208039e-10)
(-1.76349190715964e-11,4.9974572297918e-10,-9.20656486829854e-11)
(0,0,0)
(0,0,0)
(0,0,0)
(0,0,0)
(0,0,0)
(0,0,0)
(2.67269911188701e-12,8.89621700970545e-12,-4.79152551723238e-10)
(4.31481864575975e-12,1.58577492850286e-11,-4.7499636014191e-10)
(7.18092152070247e-12,2.13450875705983e-11,-4.6664949222297e-10)
(9.69394826785417e-12,2.28577869978505e-11,-4.54607786529791e-10)
(9.7123377278227e-12,2.16888266828168e-11,-4.4269366723846e-10)
(4.92115515390552e-12,3.94957126502363e-11,-4.38524188877247e-10)
(-1.39932744648064e-11,2.74353922842704e-10,-4.50658211587034e-10)
(-9.8707623184413e-12,3.51602094479639e-10,-3.51608140705748e-10)
(-1.51038857637131e-11,3.86521776400862e-10,-2.33832533449844e-10)
(-1.86082422262339e-11,4.0097093194617e-10,-1.16357963245476e-10)
(0,0,0)
(0,0,0)
(0,0,0)
(0,0,0)
(0,0,0)
(0,0,0)
(3.01558189987523e-12,5.34991851739287e-12,-5.29314512043319e-10)
(5.47643446320376e-12,9.61292634977129e-12,-5.25896147804896e-10)
(8.43435816254122e-12,1.3791901385956e-11,-5.19368506911885e-10)
(1.11189540318455e-11,1.78249040919439e-11,-5.09166047439152e-10)
(1.26272525605122e-11,2.69985520947299e-11,-4.96181365364534e-10)
(9.96718296941071e-12,6.11457722718502e-11,-4.79951728576949e-10)
(-5.58673038149528e-12,1.66971947280824e-10,-4.50229411026203e-10)
(-1.12781041303312e-11,2.30402461329566e-10,-3.66780294567721e-10)
(-1.65286596769305e-11,2.63677475200413e-10,-2.53898347408803e-10)
(-1.87730794046034e-11,2.7763130645226e-10,-1.29089228930477e-10)
(0,0,0)
(0,0,0)
(0,0,0)
(0,0,0)
(0,0,0)
(0,0,0)
(2.85311107434371e-12,2.34614255689538e-12,-5.57837165949941e-10)
(5.42528474051414e-12,4.76745232277973e-12,-5.54875020017029e-10)
(8.30206834995684e-12,7.30566587024787e-12,-5.48625937636101e-10)
(1.03814734947276e-11,1.05987909842912e-11,-5.38253967149958e-10)
(1.12206581979401e-11,1.84526396733022e-11,-5.23083893701907e-10)
(7.94622485571017e-12,3.95418784161904e-11,-4.99377917143435e-10)
(-2.43349150688549e-12,8.17890997508121e-11,-4.55338346373622e-10)
(-1.05146131551985e-11,1.13929700060647e-10,-3.73574630199741e-10)
(-1.69591409557172e-11,1.33098354418438e-10,-2.62596994360562e-10)
(-2.02285606028379e-11,1.41619155576866e-10,-1.34885344127194e-10)
(0,0,0)
(0,0,0)
(0,0,0)
(0,0,0)
(0,0,0)
(0,0,0)
(0,0,0)
(0,0,0)
(0,0,0)
(0,0,0)
(0,0,0)
(0,0,0)
(0,0,0)
(0,0,0)
(0,0,0)
(0,0,0)
(0,0,0)
(0,0,0)
(0,0,0)
(0,0,0)
(0,0,0)
(0,0,0)
(0,0,0)
(0,0,0)
(0,0,0)
(0,0,0)
(0,0,0)
(0,0,0)
(0,0,0)
(0,0,0)
(0,0,0)
(0,0,0)
(0,0,0)
(0,0,0)
(0,0,0)
(0,0,0)
(0,0,0)
(0,0,0)
(0,0,0)
(0,0,0)
(0,0,0)
(0,0,0)
(0,0,0)
(0,0,0)
(0,0,0)
(0,0,0)
(0,0,0)
(0,0,0)
(0,0,0)
(0,0,0)
(0,0,0)
(0,0,0)
(0,0,0)
(0,0,0)
(0,0,0)
(0,0,0)
(0,0,0)
(0,0,0)
(0,0,0)
(0,0,0)
(0,0,0)
(0,0,0)
(0,0,0)
(0,0,0)
(0,0,0)
(0,0,0)
(0,0,0)
(0,0,0)
(0,0,0)
(0,0,0)
(0,0,0)
(0,0,0)
(0,0,0)
(0,0,0)
(0,0,0)
(0,0,0)
(0,0,0)
(0,0,0)
(0,0,0)
(0,0,0)
(0,0,0)
(0,0,0)
(0,0,0)
(0,0,0)
(0,0,0)
(0,0,0)
(0,0,0)
(0,0,0)
(0,0,0)
(0,0,0)
(0,0,0)
(0,0,0)
(0,0,0)
(0,0,0)
(0,0,0)
(0,0,0)
(0,0,0)
(0,0,0)
(0,0,0)
(0,0,0)
(0,0,0)
(0,0,0)
(-6.06004178958905e-13,4.61417539522388e-11,-5.09084420395577e-11)
(-1.10474019210109e-13,9.45977263273335e-11,-4.87676318383446e-11)
(-3.33856657321682e-13,1.47940056019972e-10,-4.39665611379667e-11)
(-3.59646337745079e-13,2.04854660309081e-10,-3.60999675269249e-11)
(5.97902808189738e-13,2.66808618447776e-10,-2.63822752401996e-11)
(1.7390575889075e-13,3.35783941768024e-10,-1.54987118542842e-11)
(-8.27773242445855e-13,4.07568435094814e-10,-5.7937656416351e-12)
(-2.39294854808848e-12,4.73128805109696e-10,-4.95104065406684e-13)
(-3.2172913501729e-12,5.22919626285357e-10,1.34725704813368e-12)
(-4.02052894784245e-12,5.49875480278806e-10,1.14687259874924e-12)
(0,0,0)
(0,0,0)
(0,0,0)
(0,0,0)
(0,0,0)
(0,0,0)
(-3.10913838001761e-13,4.37137712563228e-11,-1.02077485898308e-10)
(3.22943085309108e-13,8.94673205779594e-11,-9.78542353533156e-11)
(-2.99353682778647e-13,1.39583968241108e-10,-8.89597778650802e-11)
(-3.32636789812711e-14,1.94841761475161e-10,-7.50546024063406e-11)
(1.19443904918392e-12,2.56119254078258e-10,-5.65380606802489e-11)
(8.6703588253094e-13,3.26090026526682e-10,-3.41320801114278e-11)
(-5.82237957044776e-13,4.01623413552576e-10,-1.23146682271689e-11)
(-4.09187023713488e-12,4.6962341949668e-10,-1.13846829227218e-12)
(-5.99178980913667e-12,5.21003927032963e-10,1.24431256466342e-12)
(-7.90630385328347e-12,5.48602435864605e-10,7.92102818236349e-13)
(0,0,0)
(0,0,0)
(0,0,0)
(0,0,0)
(0,0,0)
(0,0,0)
(-1.72041594321807e-13,3.929685996259e-11,-1.55071932338725e-10)
(1.70088898804021e-13,8.04392853895505e-11,-1.49196131898039e-10)
(-3.2566161081544e-13,1.25273143937972e-10,-1.37467430247119e-10)
(3.43753952006084e-13,1.76041714604172e-10,-1.19381893528031e-10)
(2.13253067298981e-12,2.33837646018156e-10,-9.36180158395614e-11)
(3.79792420584917e-12,3.04301075174926e-10,-6.01910447345059e-11)
(5.06252246216339e-12,3.89577018024661e-10,-2.3700346615935e-11)
(-3.77826568383918e-12,4.64046542999678e-10,-7.42899628025352e-12)
(-7.99883619767114e-12,5.17451286927711e-10,-4.11537578585844e-12)
(-1.12641797789519e-11,5.44938926054683e-10,-2.59209216747378e-12)
(0,0,0)
(0,0,0)
(0,0,0)
(0,0,0)
(0,0,0)
(0,0,0)
(5.14327529029261e-13,3.31491805743659e-11,-2.09949096203729e-10)
(5.49528828440269e-13,6.84235260276309e-11,-2.03568267088749e-10)
(-9.08483555938802e-13,1.06583519405816e-10,-1.90523827479425e-10)
(-1.31849757928797e-12,1.49858133304911e-10,-1.7019061743263e-10)
(5.97908553245501e-15,2.00671334483818e-10,-1.40610842117319e-10)
(4.79597059539211e-12,2.69162887379529e-10,-1.00373552090837e-10)
(2.25742763730638e-11,3.75925796381181e-10,-4.90727601033538e-11)
(1.79675544580227e-13,4.57180908943482e-10,-2.97611953812324e-11)
(-8.89109810591993e-12,5.10422899033775e-10,-2.17827762791247e-11)
(-1.29398907243356e-11,5.36068550013761e-10,-1.20934248630481e-11)
(0,0,0)
(0,0,0)
(0,0,0)
(0,0,0)
(0,0,0)
(0,0,0)
(1.34860814972067e-12,2.66964365131082e-11,-2.67401766068146e-10)
(1.10629160984184e-12,5.52842332509056e-11,-2.61393313387116e-10)
(-1.035232574127e-12,8.54777382584286e-11,-2.4844177610911e-10)
(-3.53846919188507e-12,1.19292476161323e-10,-2.28273358182685e-10)
(-7.37934795279025e-12,1.60080542143588e-10,-2.00367646701983e-10)
(-1.18074954348863e-11,2.20844709053188e-10,-1.67148386408113e-10)
(8.89684510927843e-12,3.7396419026744e-10,-1.35187270694874e-10)
(-6.28762240604349e-13,4.4859780935345e-10,-9.36379825728459e-11)
(-9.42695092990784e-12,4.94820544079454e-10,-6.12612414683029e-11)
(-1.32287159119546e-11,5.16669143061642e-10,-3.09572279531766e-11)
(0,0,0)
(0,0,0)
(0,0,0)
(0,0,0)
(0,0,0)
(0,0,0)
(1.67997337597179e-12,2.10925572271199e-11,-3.28799579928608e-10)
(9.41416577900217e-13,4.26374018807271e-11,-3.22789034552087e-10)
(-1.29377051063934e-12,6.4813515812669e-11,-3.10517242283357e-10)
(-4.20114410231501e-12,8.97081269795475e-11,-2.92152203889184e-10)
(-1.16569892354086e-11,1.22423734652805e-10,-2.67820497594917e-10)
(-2.25964284118624e-11,1.80086116209806e-10,-2.40681064984862e-10)
(1.06041922783876e-11,3.39275070016162e-10,-2.14235543914481e-10)
(5.19311502462706e-13,4.15863436466815e-10,-1.61182383279642e-10)
(-8.15933924941081e-12,4.59194437307561e-10,-1.07500790162249e-10)
(-1.1302580760681e-11,4.78558728694982e-10,-5.38357286612739e-11)
(0,0,0)
(0,0,0)
(0,0,0)
(0,0,0)
(0,0,0)
(0,0,0)
(1.80363445146117e-12,1.57088549595355e-11,-3.89455915721656e-10)
(1.08309335542226e-12,3.08943293468797e-11,-3.83954294983459e-10)
(-2.15323850526957e-14,4.62681336722385e-11,-3.72700604567989e-10)
(-1.98641091839824e-12,6.35290574940549e-11,-3.56753571521337e-10)
(-1.06457019331802e-11,8.81653972106205e-11,-3.37867589790242e-10)
(-2.77619819725171e-11,1.37400040794079e-10,-3.21779855669406e-10)
(-2.81348994330911e-12,2.96448793411788e-10,-3.16660353732243e-10)
(-2.08552430287118e-12,3.63643337456076e-10,-2.38495086141703e-10)
(-7.93750390139743e-12,4.01565593428021e-10,-1.56986545921394e-10)
(-1.09257767215934e-11,4.19002118831982e-10,-7.78937584597528e-11)
(0,0,0)
(0,0,0)
(0,0,0)
(0,0,0)
(0,0,0)
(0,0,0)
(2.06280602288949e-12,1.09109884535181e-11,-4.41766599054145e-10)
(2.21277366206652e-12,2.04692827971529e-11,-4.36690141979709e-10)
(2.69240201218455e-12,3.10857624495828e-11,-4.27101566308124e-10)
(2.81271188242387e-12,4.40500065227772e-11,-4.13336019921914e-10)
(2.33133954695287e-13,6.5421528392304e-11,-3.96416066098404e-10)
(-4.59488175783202e-12,1.11687880529729e-10,-3.77189845677882e-10)
(-5.66136978430566e-12,2.17938696626764e-10,-3.50291320939442e-10)
(-6.44673642425443e-12,2.82401576432905e-10,-2.79539924588784e-10)
(-9.73415476762518e-12,3.19037934638065e-10,-1.90988076854984e-10)
(-1.16265799778042e-11,3.35865316030468e-10,-9.65611210537281e-11)
(0,0,0)
(0,0,0)
(0,0,0)
(0,0,0)
(0,0,0)
(0,0,0)
(2.60099362194108e-12,6.76658505486261e-12,-4.80467418713332e-10)
(3.79426759719825e-12,1.23135362253049e-11,-4.75356254145206e-10)
(4.71813420552295e-12,1.94560508276933e-11,-4.66762760600083e-10)
(5.36038506488689e-12,2.95148674491821e-11,-4.54306244271436e-10)
(4.94352819431273e-12,4.71495950305808e-11,-4.36800217044496e-10)
(1.84875927430838e-12,8.24027480429433e-11,-4.11635081859527e-10)
(-3.85299930990891e-12,1.44191575640188e-10,-3.71616149439386e-10)
(-7.68729002034762e-12,1.91033125186269e-10,-3.01247492792202e-10)
(-1.07586573732587e-11,2.19819952024258e-10,-2.09801237321062e-10)
(-1.18501574596843e-11,2.33275241332805e-10,-1.07370860776502e-10)
(0,0,0)
(0,0,0)
(0,0,0)
(0,0,0)
(0,0,0)
(0,0,0)
(2.23710769832634e-12,2.95670530579873e-12,-5.00541565950664e-10)
(3.94365468236608e-12,5.79647820302206e-12,-4.96450034066072e-10)
(5.23576373406159e-12,9.67438274309904e-12,-4.8863770191567e-10)
(5.81019103096964e-12,1.5146251440475e-11,-4.76196198321091e-10)
(5.96732131277054e-12,2.50578614609731e-11,-4.57776123933294e-10)
(3.44853250209047e-12,4.38034237337182e-11,-4.29060120819709e-10)
(-2.40810792995968e-12,7.21354143644547e-11,-3.83050760702947e-10)
(-7.56254893372453e-12,9.61645934924548e-11,-3.11846800809991e-10)
(-1.15724367706565e-11,1.11916410840494e-10,-2.19038931969061e-10)
(-1.34947491531805e-11,1.1953979641088e-10,-1.12644851969637e-10)
(0,0,0)
(0,0,0)
(0,0,0)
(0,0,0)
(0,0,0)
(0,0,0)
(0,0,0)
(0,0,0)
(0,0,0)
(0,0,0)
(0,0,0)
(0,0,0)
(0,0,0)
(0,0,0)
(0,0,0)
(0,0,0)
(0,0,0)
(0,0,0)
(0,0,0)
(0,0,0)
(0,0,0)
(0,0,0)
(0,0,0)
(0,0,0)
(0,0,0)
(0,0,0)
(0,0,0)
(0,0,0)
(0,0,0)
(0,0,0)
(0,0,0)
(0,0,0)
(0,0,0)
(0,0,0)
(0,0,0)
(0,0,0)
(0,0,0)
(0,0,0)
(0,0,0)
(0,0,0)
(0,0,0)
(0,0,0)
(0,0,0)
(0,0,0)
(0,0,0)
(0,0,0)
(0,0,0)
(0,0,0)
(0,0,0)
(0,0,0)
(0,0,0)
(0,0,0)
(0,0,0)
(0,0,0)
(0,0,0)
(0,0,0)
(0,0,0)
(0,0,0)
(0,0,0)
(0,0,0)
(0,0,0)
(0,0,0)
(0,0,0)
(0,0,0)
(0,0,0)
(0,0,0)
(0,0,0)
(0,0,0)
(0,0,0)
(0,0,0)
(0,0,0)
(0,0,0)
(0,0,0)
(0,0,0)
(0,0,0)
(0,0,0)
(0,0,0)
(0,0,0)
(0,0,0)
(0,0,0)
(0,0,0)
(0,0,0)
(0,0,0)
(0,0,0)
(0,0,0)
(0,0,0)
(0,0,0)
(0,0,0)
(0,0,0)
(0,0,0)
(0,0,0)
(0,0,0)
(0,0,0)
(0,0,0)
(0,0,0)
(0,0,0)
(0,0,0)
(0,0,0)
(0,0,0)
(0,0,0)
(0,0,0)
(0,0,0)
(-3.18831684221546e-13,4.62337436843726e-11,-5.23448565256006e-11)
(2.18861029768081e-13,9.42032671719562e-11,-5.00222872191274e-11)
(1.55637510495897e-13,1.47643133966958e-10,-4.49648962075644e-11)
(-6.44397905304082e-14,2.02812133977001e-10,-3.69825875327983e-11)
(4.03703791769788e-13,2.61479749425526e-10,-2.80979476850432e-11)
(1.62874787597071e-13,3.26092124047097e-10,-1.87229141375974e-11)
(-1.81413276452117e-13,3.91682290656672e-10,-1.02758929667531e-11)
(-7.299240486017e-13,4.50526658753655e-10,-4.65811965183627e-12)
(-1.10120764841625e-12,4.95150824975595e-10,-1.49757197688196e-12)
(-1.60061193489958e-12,5.1993813807883e-10,-2.09282228461186e-13)
(0,0,0)
(0,0,0)
(0,0,0)
(0,0,0)
(0,0,0)
(0,0,0)
(-1.17253089261622e-13,4.35923426936903e-11,-1.04809582379302e-10)
(4.56520785510619e-13,8.93647371901612e-11,-1.00416475400095e-10)
(1.06295161640227e-13,1.39816462802645e-10,-9.13951265373522e-11)
(2.50241465873907e-13,1.93863054338742e-10,-7.78820623256533e-11)
(1.07006654047221e-12,2.5250841966986e-10,-6.1227987118302e-11)
(8.38575350022325e-13,3.17807977663879e-10,-4.19131490603632e-11)
(2.87957635957383e-13,3.85883104065273e-10,-2.39039071680392e-11)
(-8.97774597065011e-13,4.46636187030104e-10,-1.21126957745673e-11)
(-1.98693995746451e-12,4.9276132757876e-10,-5.97852003677936e-12)
(-3.45069122511192e-12,5.1812824391547e-10,-2.37988587838745e-12)
(0,0,0)
(0,0,0)
(0,0,0)
(0,0,0)
(0,0,0)
(0,0,0)
(9.98373532508513e-14,3.9081982625217e-11,-1.56871836216006e-10)
(4.5714660979702e-13,8.07999091129382e-11,-1.51064036982033e-10)
(2.78426202211468e-13,1.26409693752595e-10,-1.39552031370438e-10)
(7.63457562807827e-13,1.77459220597267e-10,-1.22384677966152e-10)
(1.87187110228102e-12,2.34263648152397e-10,-9.96345501437507e-11)
(2.44541388267177e-12,3.00637311121559e-10,-7.26024379188369e-11)
(2.44239376998527e-12,3.74379850307754e-10,-4.56545817796106e-11)
(-2.26252122062368e-13,4.3960423669526e-10,-2.69336144312847e-11)
(-2.49373192212439e-12,4.87175753462908e-10,-1.55303775355125e-11)
(-4.9858959055062e-12,5.12297666811968e-10,-6.99780699711032e-12)
(0,0,0)
(0,0,0)
(0,0,0)
(0,0,0)
(0,0,0)
(0,0,0)
(5.86242475321605e-13,3.3374020744486e-11,-2.0968538912098e-10)
(6.44381995823592e-13,6.97450501111535e-11,-2.03468238443394e-10)
(-1.35912455322168e-13,1.09520766550509e-10,-1.90893562206674e-10)
(-3.32615751004402e-13,1.55472550337681e-10,-1.72210808340116e-10)
(3.5948139928724e-13,2.09103407029758e-10,-1.46525206301849e-10)
(1.81335693427218e-12,2.76134868865018e-10,-1.14895652764703e-10)
(5.22431776474424e-12,3.58101276729403e-10,-8.09372364707017e-11)
(7.84356032439864e-13,4.27974747677427e-10,-5.52618030259104e-11)
(-2.9780945676578e-12,4.76149451002378e-10,-3.54701488144257e-11)
(-5.63390863526484e-12,5.00313963909346e-10,-1.73419334334798e-11)
(0,0,0)
(0,0,0)
(0,0,0)
(0,0,0)
(0,0,0)
(0,0,0)
(9.44034754715667e-13,2.77431125422263e-11,-2.64053922255869e-10)
(8.01585702026858e-13,5.78147558702614e-11,-2.57942821450127e-10)
(-5.3942805483878e-13,9.07021002286153e-11,-2.45224747737113e-10)
(-1.85983149079453e-12,1.29454332548422e-10,-2.26420654359746e-10)
(-2.94180075587186e-12,1.77833334891906e-10,-2.01083685734091e-10)
(-3.01001830474213e-12,2.43989809505286e-10,-1.70822131464424e-10)
(2.03667723853898e-12,3.37650161049327e-10,-1.38020340371807e-10)
(-2.71130458580126e-13,4.08967449498422e-10,-1.02090189256943e-10)
(-4.10485767314437e-12,4.5504314105376e-10,-6.72294308895022e-11)
(-6.07552949846429e-12,4.77338121840595e-10,-3.36311509104654e-11)
(0,0,0)
(0,0,0)
(0,0,0)
(0,0,0)
(0,0,0)
(0,0,0)
(1.05313026703694e-12,2.25760464911937e-11,-3.20850669364331e-10)
(4.1269684302343e-13,4.58982678592645e-11,-3.14360592781493e-10)
(-1.11342676436952e-12,7.13585787964107e-11,-3.02265900729146e-10)
(-2.35378091110577e-12,1.02257532431993e-10,-2.84938700311114e-10)
(-4.53808440329495e-12,1.44629979866342e-10,-2.61624178938757e-10)
(-6.35587406653127e-12,2.08178000107962e-10,-2.33456779989535e-10)
(3.77308247945392e-13,3.03756687172993e-10,-2.00456538232685e-10)
(-9.42182604153586e-13,3.73835560672385e-10,-1.5468174981294e-10)
(-4.19555687087035e-12,4.17340003401594e-10,-1.03750667038758e-10)
(-5.58169955900609e-12,4.37631441431666e-10,-5.20795793323136e-11)
(0,0,0)
(0,0,0)
(0,0,0)
(0,0,0)
(0,0,0)
(0,0,0)
(1.09988021929721e-12,1.71391001753849e-11,-3.7589567758719e-10)
(2.54449489677322e-13,3.42162726499536e-11,-3.69885740782845e-10)
(-7.86194209009965e-13,5.29179516139979e-11,-3.58737397337444e-10)
(-1.3933416782538e-12,7.65892301485193e-11,-3.42945383733804e-10)
(-3.98956723569636e-12,1.1192449651387e-10,-3.22153099147702e-10)
(-7.16932364527526e-12,1.68821884284547e-10,-2.97275940521604e-10)
(-2.46866074891621e-12,2.58359207001217e-10,-2.65378329828379e-10)
(-2.35230350001937e-12,3.21962295294027e-10,-2.08214040338699e-10)
(-4.50263257304293e-12,3.61473358824287e-10,-1.40745940766872e-10)
(-5.68273237983119e-12,3.79970162540349e-10,-7.06085666364756e-11)
(0,0,0)
(0,0,0)
(0,0,0)
(0,0,0)
(0,0,0)
(0,0,0)
(1.13075234714623e-12,1.2229043590343e-11,-4.22490189880738e-10)
(7.79944562305734e-13,2.33223786942345e-11,-4.16920461752912e-10)
(5.56567247868691e-13,3.63397438013556e-11,-4.06936483418263e-10)
(4.27897132512174e-13,5.4403603884168e-11,-3.9236346214379e-10)
(-7.21153104119416e-13,8.30577706520937e-11,-3.72590643995699e-10)
(-2.20827400949847e-12,1.29754949945996e-10,-3.46284757961266e-10)
(-2.66564514835932e-12,1.98726256762635e-10,-3.07743660068658e-10)
(-3.63013291144768e-12,2.52141892222187e-10,-2.46101768306095e-10)
(-4.94312795507008e-12,2.8683335212086e-10,-1.70236161231678e-10)
(-5.5976263338823e-12,3.03678863524046e-10,-8.66932785346776e-11)
(0,0,0)
(0,0,0)
(0,0,0)
(0,0,0)
(0,0,0)
(0,0,0)
(1.29970880287532e-12,7.79006780967261e-12,-4.55161200352436e-10)
(1.71783207436638e-12,1.41183449218656e-11,-4.49582296928806e-10)
(2.04328596146889e-12,2.2323289774768e-11,-4.40266254286291e-10)
(2.22297384664215e-12,3.50586828685882e-11,-4.26704633350795e-10)
(1.87012657894684e-12,5.60307315135384e-11,-4.06881374860518e-10)
(4.2915116340889e-13,8.90055780438875e-11,-3.77717034510943e-10)
(-2.1654946813646e-12,1.34418719851699e-10,-3.33926068985296e-10)
(-4.26501379766416e-12,1.72646152236333e-10,-2.69287760007039e-10)
(-5.28549273405199e-12,1.98347341468787e-10,-1.88438804321698e-10)
(-5.48557331425944e-12,2.1138795865549e-10,-9.69032019039909e-11)
(0,0,0)
(0,0,0)
(0,0,0)
(0,0,0)
(0,0,0)
(0,0,0)
(1.10228111953255e-12,3.51087318893274e-12,-4.71601650910333e-10)
(1.92780073498534e-12,6.52013435371828e-12,-4.66988496601868e-10)
(2.46864288258273e-12,1.08049548007425e-11,-4.58540561513164e-10)
(2.53636808364808e-12,1.74583982249518e-11,-4.45266963829839e-10)
(2.30917966016236e-12,2.87365177428925e-11,-4.25272197521239e-10)
(1.24259611903826e-12,4.56437636816684e-11,-3.94226500118184e-10)
(-1.47665345845229e-12,6.76149161920702e-11,-3.47340140317478e-10)
(-4.20582428220081e-12,8.75321827533268e-11,-2.8120187758386e-10)
(-6.05010592958933e-12,1.01526246317029e-10,-1.97875519112734e-10)
(-6.59980471194113e-12,1.08999183437236e-10,-1.02399378725295e-10)
(0,0,0)
(0,0,0)
(0,0,0)
(0,0,0)
(0,0,0)
(0,0,0)
(0,0,0)
(0,0,0)
(0,0,0)
(0,0,0)
(0,0,0)
(0,0,0)
(0,0,0)
(0,0,0)
(0,0,0)
(0,0,0)
(0,0,0)
(0,0,0)
(0,0,0)
(0,0,0)
(0,0,0)
(0,0,0)
(0,0,0)
(0,0,0)
(0,0,0)
(0,0,0)
(0,0,0)
(0,0,0)
(0,0,0)
(0,0,0)
(0,0,0)
(0,0,0)
(0,0,0)
(0,0,0)
(0,0,0)
(0,0,0)
(0,0,0)
(0,0,0)
(0,0,0)
(0,0,0)
(0,0,0)
(0,0,0)
(0,0,0)
(0,0,0)
(0,0,0)
(0,0,0)
(0,0,0)
(0,0,0)
(0,0,0)
(0,0,0)
(0,0,0)
(0,0,0)
(0,0,0)
(0,0,0)
(0,0,0)
(0,0,0)
(0,0,0)
(0,0,0)
(0,0,0)
(0,0,0)
(0,0,0)
(0,0,0)
(0,0,0)
(0,0,0)
(0,0,0)
(0,0,0)
(0,0,0)
(0,0,0)
(0,0,0)
(0,0,0)
(0,0,0)
(0,0,0)
(0,0,0)
(0,0,0)
(0,0,0)
(0,0,0)
(0,0,0)
(0,0,0)
(0,0,0)
(0,0,0)
(0,0,0)
(0,0,0)
(0,0,0)
(0,0,0)
(0,0,0)
(0,0,0)
(0,0,0)
(0,0,0)
(0,0,0)
(0,0,0)
(0,0,0)
(0,0,0)
(0,0,0)
(0,0,0)
(0,0,0)
(0,0,0)
(0,0,0)
(0,0,0)
(0,0,0)
(0,0,0)
(0,0,0)
(0,0,0)
(0,0,0)
(0,0,0)
(0,0,0)
(0,0,0)
(0,0,0)
(0,0,0)
(0,0,0)
(0,0,0)
(0,0,0)
(0,0,0)
(0,0,0)
(0,0,0)
(0,0,0)
(0,0,0)
(0,0,0)
(0,0,0)
(0,0,0)
(0,0,0)
(0,0,0)
(0,0,0)
(0,0,0)
(0,0,0)
(0,0,0)
(0,0,0)
(0,0,0)
(0,0,0)
(0,0,0)
(0,0,0)
(0,0,0)
(0,0,0)
(0,0,0)
(0,0,0)
(0,0,0)
(0,0,0)
(0,0,0)
(0,0,0)
(0,0,0)
(0,0,0)
(0,0,0)
(0,0,0)
(0,0,0)
(0,0,0)
(0,0,0)
(0,0,0)
(0,0,0)
(0,0,0)
(0,0,0)
(0,0,0)
(0,0,0)
(0,0,0)
(0,0,0)
(0,0,0)
(0,0,0)
(0,0,0)
(0,0,0)
(0,0,0)
(0,0,0)
(0,0,0)
(0,0,0)
(0,0,0)
(0,0,0)
(0,0,0)
(0,0,0)
(0,0,0)
(0,0,0)
(0,0,0)
(0,0,0)
(0,0,0)
(0,0,0)
(0,0,0)
(0,0,0)
(0,0,0)
(0,0,0)
(0,0,0)
(0,0,0)
(0,0,0)
(0,0,0)
(0,0,0)
(0,0,0)
(0,0,0)
(0,0,0)
(0,0,0)
(0,0,0)
(0,0,0)
(0,0,0)
(0,0,0)
(0,0,0)
(0,0,0)
(0,0,0)
(0,0,0)
(0,0,0)
(0,0,0)
(0,0,0)
(0,0,0)
(0,0,0)
(0,0,0)
(0,0,0)
(0,0,0)
(0,0,0)
(0,0,0)
(0,0,0)
(0,0,0)
(0,0,0)
(0,0,0)
(0,0,0)
(0,0,0)
(0,0,0)
(0,0,0)
(0,0,0)
(0,0,0)
(0,0,0)
(0,0,0)
(0,0,0)
(0,0,0)
(0,0,0)
(0,0,0)
(0,0,0)
(0,0,0)
(0,0,0)
(0,0,0)
(0,0,0)
(0,0,0)
(0,0,0)
(0,0,0)
(0,0,0)
(0,0,0)
(0,0,0)
(0,0,0)
(0,0,0)
(0,0,0)
(0,0,0)
(0,0,0)
(0,0,0)
(0,0,0)
(0,0,0)
(0,0,0)
(0,0,0)
(0,0,0)
(0,0,0)
(0,0,0)
(0,0,0)
(0,0,0)
(0,0,0)
(0,0,0)
(0,0,0)
(0,0,0)
(0,0,0)
(0,0,0)
(0,0,0)
(0,0,0)
(0,0,0)
(0,0,0)
(0,0,0)
(0,0,0)
(0,0,0)
(0,0,0)
(0,0,0)
(0,0,0)
(0,0,0)
(0,0,0)
(0,0,0)
(0,0,0)
(0,0,0)
(0,0,0)
(0,0,0)
(0,0,0)
(0,0,0)
(0,0,0)
(0,0,0)
(0,0,0)
(0,0,0)
(0,0,0)
(0,0,0)
(0,0,0)
(0,0,0)
(0,0,0)
(0,0,0)
(0,0,0)
(0,0,0)
(0,0,0)
(0,0,0)
(0,0,0)
(0,0,0)
(0,0,0)
(0,0,0)
(0,0,0)
(0,0,0)
(0,0,0)
(0,0,0)
(0,0,0)
(0,0,0)
(0,0,0)
(0,0,0)
(0,0,0)
(0,0,0)
(0,0,0)
(0,0,0)
(0,0,0)
(0,0,0)
(0,0,0)
(0,0,0)
(0,0,0)
(0,0,0)
(0,0,0)
(0,0,0)
(0,0,0)
(0,0,0)
(0,0,0)
(0,0,0)
(0,0,0)
(0,0,0)
(0,0,0)
(0,0,0)
(0,0,0)
(0,0,0)
(0,0,0)
(0,0,0)
(0,0,0)
(0,0,0)
(0,0,0)
(0,0,0)
(0,0,0)
(0,0,0)
(0,0,0)
(0,0,0)
(0,0,0)
(0,0,0)
(0,0,0)
(0,0,0)
(0,0,0)
(0,0,0)
(0,0,0)
(0,0,0)
(0,0,0)
(0,0,0)
(0,0,0)
(0,0,0)
(0,0,0)
(0,0,0)
(0,0,0)
(0,0,0)
(0,0,0)
(0,0,0)
(0,0,0)
(0,0,0)
(0,0,0)
(0,0,0)
(0,0,0)
(0,0,0)
(0,0,0)
(0,0,0)
(0,0,0)
(0,0,0)
(0,0,0)
(0,0,0)
(0,0,0)
(0,0,0)
(0,0,0)
(0,0,0)
(0,0,0)
(0,0,0)
(0,0,0)
(0,0,0)
(0,0,0)
(0,0,0)
(0,0,0)
(0,0,0)
(0,0,0)
(0,0,0)
(0,0,0)
(0,0,0)
(0,0,0)
(0,0,0)
(0,0,0)
(0,0,0)
(0,0,0)
(0,0,0)
(0,0,0)
(0,0,0)
(0,0,0)
(0,0,0)
(0,0,0)
(0,0,0)
(0,0,0)
(0,0,0)
(0,0,0)
(0,0,0)
(0,0,0)
(0,0,0)
(0,0,0)
(0,0,0)
(0,0,0)
(0,0,0)
(0,0,0)
(0,0,0)
(0,0,0)
(0,0,0)
(0,0,0)
(0,0,0)
(0,0,0)
(0,0,0)
(0,0,0)
(0,0,0)
(0,0,0)
(0,0,0)
(0,0,0)
(0,0,0)
(0,0,0)
(0,0,0)
(0,0,0)
(0,0,0)
(0,0,0)
(0,0,0)
(0,0,0)
(0,0,0)
(0,0,0)
(0,0,0)
(0,0,0)
(0,0,0)
(0,0,0)
(0,0,0)
(0,0,0)
(0,0,0)
(0,0,0)
(0,0,0)
(0,0,0)
(0,0,0)
(0,0,0)
(0,0,0)
(0,0,0)
(0,0,0)
(0,0,0)
(0,0,0)
(0,0,0)
(0,0,0)
(0,0,0)
(0,0,0)
(0,0,0)
(0,0,0)
(0,0,0)
(0,0,0)
(0,0,0)
(0,0,0)
(0,0,0)
(0,0,0)
(0,0,0)
(0,0,0)
(0,0,0)
(0,0,0)
(0,0,0)
(0,0,0)
(0,0,0)
(0,0,0)
(0,0,0)
(0,0,0)
(0,0,0)
(0,0,0)
(0,0,0)
(0,0,0)
(0,0,0)
(0,0,0)
(0,0,0)
(0,0,0)
(0,0,0)
(0,0,0)
(0,0,0)
(0,0,0)
(0,0,0)
(0,0,0)
(0,0,0)
(0,0,0)
(0,0,0)
(0,0,0)
(0,0,0)
(0,0,0)
(0,0,0)
(0,0,0)
(0,0,0)
(0,0,0)
(0,0,0)
(0,0,0)
(0,0,0)
(0,0,0)
(0,0,0)
(0,0,0)
(0,0,0)
(0,0,0)
(0,0,0)
(0,0,0)
(0,0,0)
(0,0,0)
(0,0,0)
(0,0,0)
(0,0,0)
(0,0,0)
(0,0,0)
(0,0,0)
(0,0,0)
(0,0,0)
(0,0,0)
(0,0,0)
(0,0,0)
(0,0,0)
(0,0,0)
(0,0,0)
(0,0,0)
(0,0,0)
(0,0,0)
(0,0,0)
(0,0,0)
(0,0,0)
(0,0,0)
(0,0,0)
(0,0,0)
(0,0,0)
(0,0,0)
(0,0,0)
(0,0,0)
(0,0,0)
(0,0,0)
(0,0,0)
(0,0,0)
(0,0,0)
(0,0,0)
(0,0,0)
(0,0,0)
(0,0,0)
(0,0,0)
(0,0,0)
(0,0,0)
(0,0,0)
(0,0,0)
(0,0,0)
(0,0,0)
(0,0,0)
(0,0,0)
(0,0,0)
(0,0,0)
(0,0,0)
(0,0,0)
(0,0,0)
(0,0,0)
(0,0,0)
(0,0,0)
(0,0,0)
(0,0,0)
(0,0,0)
(0,0,0)
(0,0,0)
(0,0,0)
(0,0,0)
(0,0,0)
(0,0,0)
(0,0,0)
(0,0,0)
(0,0,0)
(0,0,0)
(0,0,0)
(0,0,0)
(0,0,0)
(0,0,0)
(0,0,0)
(0,0,0)
(0,0,0)
(0,0,0)
(0,0,0)
(0,0,0)
(0,0,0)
(0,0,0)
(0,0,0)
(0,0,0)
(0,0,0)
(0,0,0)
(0,0,0)
(0,0,0)
(0,0,0)
(0,0,0)
(0,0,0)
(0,0,0)
(0,0,0)
(0,0,0)
(0,0,0)
(0,0,0)
(0,0,0)
(0,0,0)
(0,0,0)
(0,0,0)
(0,0,0)
(0,0,0)
(0,0,0)
(0,0,0)
(0,0,0)
(0,0,0)
(0,0,0)
(0,0,0)
(0,0,0)
(0,0,0)
(0,0,0)
(0,0,0)
(0,0,0)
(0,0,0)
(0,0,0)
(0,0,0)
(0,0,0)
(0,0,0)
(0,0,0)
(0,0,0)
(0,0,0)
(0,0,0)
(0,0,0)
(0,0,0)
(0,0,0)
(0,0,0)
(0,0,0)
(0,0,0)
(0,0,0)
(0,0,0)
(0,0,0)
(0,0,0)
(0,0,0)
(0,0,0)
(0,0,0)
(0,0,0)
(0,0,0)
(0,0,0)
(0,0,0)
(0,0,0)
(0,0,0)
(0,0,0)
(0,0,0)
(0,0,0)
(0,0,0)
(0,0,0)
(0,0,0)
(0,0,0)
(0,0,0)
(0,0,0)
(0,0,0)
(0,0,0)
(0,0,0)
(0,0,0)
(0,0,0)
(0,0,0)
(0,0,0)
(0,0,0)
(0,0,0)
(0,0,0)
(0,0,0)
(0,0,0)
(0,0,0)
(0,0,0)
(0,0,0)
(0,0,0)
(0,0,0)
(0,0,0)
(0,0,0)
(0,0,0)
(0,0,0)
(0,0,0)
(0,0,0)
(0,0,0)
(0,0,0)
(0,0,0)
(0,0,0)
(0,0,0)
(0,0,0)
(0,0,0)
(0,0,0)
(0,0,0)
(0,0,0)
(0,0,0)
(0,0,0)
(0,0,0)
(0,0,0)
(0,0,0)
(0,0,0)
(0,0,0)
(0,0,0)
(0,0,0)
(0,0,0)
(0,0,0)
(0,0,0)
(0,0,0)
(0,0,0)
(0,0,0)
(0,0,0)
(0,0,0)
(0,0,0)
(0,0,0)
(0,0,0)
(0,0,0)
(0,0,0)
(0,0,0)
(0,0,0)
(0,0,0)
(0,0,0)
(0,0,0)
(0,0,0)
(0,0,0)
(0,0,0)
(0,0,0)
(0,0,0)
(0,0,0)
(0,0,0)
(0,0,0)
(0,0,0)
(0,0,0)
(0,0,0)
(0,0,0)
(0,0,0)
(0,0,0)
(0,0,0)
(0,0,0)
(0,0,0)
(0,0,0)
(0,0,0)
(0,0,0)
(0,0,0)
(0,0,0)
(0,0,0)
(0,0,0)
(0,0,0)
(0,0,0)
(0,0,0)
(0,0,0)
(0,0,0)
(0,0,0)
(0,0,0)
(0,0,0)
(0,0,0)
(0,0,0)
(0,0,0)
(0,0,0)
(0,0,0)
(0,0,0)
(0,0,0)
(0,0,0)
(0,0,0)
(0,0,0)
(0,0,0)
(0,0,0)
(0,0,0)
(0,0,0)
(0,0,0)
(0,0,0)
(0,0,0)
(0,0,0)
(0,0,0)
(0,0,0)
(0,0,0)
(0,0,0)
(0,0,0)
(0,0,0)
(0,0,0)
(0,0,0)
(0,0,0)
(0,0,0)
(0,0,0)
(0,0,0)
(0,0,0)
(0,0,0)
(0,0,0)
(0,0,0)
(0,0,0)
(0,0,0)
(0,0,0)
(0,0,0)
(0,0,0)
(0,0,0)
(0,0,0)
(0,0,0)
(0,0,0)
(0,0,0)
(0,0,0)
(0,0,0)
(0,0,0)
(0,0,0)
(0,0,0)
(0,0,0)
(0,0,0)
(0,0,0)
(0,0,0)
(0,0,0)
(0,0,0)
(0,0,0)
(0,0,0)
(0,0,0)
(0,0,0)
(0,0,0)
(0,0,0)
(0,0,0)
(0,0,0)
(0,0,0)
(0,0,0)
(0,0,0)
(0,0,0)
(0,0,0)
(0,0,0)
(0,0,0)
(0,0,0)
(0,0,0)
(0,0,0)
(0,0,0)
(0,0,0)
(0,0,0)
(0,0,0)
(0,0,0)
(0,0,0)
(0,0,0)
(0,0,0)
(0,0,0)
(0,0,0)
(0,0,0)
(0,0,0)
(0,0,0)
(0,0,0)
(0,0,0)
)
;

boundaryField
{
    fuel
    {
        type            fixedValue;
        value           uniform (0.1 0 0);
    }
    air
    {
        type            fixedValue;
        value           uniform (-0.1 0 0);
    }
    outlet
    {
        type            zeroGradient;
    }
    frontAndBack
    {
        type            empty;
    }
}


// ************************************************************************* //
 