/*--------------------------------*- C++ -*----------------------------------*\
| =========                 |                                                 |
| \\      /  F ield         | foam-extend: Open Source CFD                    |
|  \\    /   O peration     | Version:     4.0                                |
|   \\  /    A nd           | Web:         http://www.foam-extend.org         |
|    \\/     M anipulation  |                                                 |
\*---------------------------------------------------------------------------*/
FoamFile
{
    version 2.0;
    format ascii;
    class volVectorField;
    location "745";
    object      E;
}
// * * * * * * * * * * * * * * * * * * * * * * * * * * * * * * * * * * * * * //

dimensions      [0 1 -1 0 0 0 0];

internalField   nonuniform List<vector>
4096
(
(0,0,0)
(0,0,0)
(0,0,0)
(0,0,0)
(0,0,0)
(0,0,0)
(0,0,0)
(0,0,0)
(0,0,0)
(0,0,0)
(0,0,0)
(0,0,0)
(0,0,0)
(0,0,0)
(0,0,0)
(0,0,0)
(0,0,0)
(0,0,0)
(0,0,0)
(0,0,0)
(0,0,0)
(0,0,0)
(0,0,0)
(0,0,0)
(0,0,0)
(0,0,0)
(0,0,0)
(0,0,0)
(0,0,0)
(0,0,0)
(0,0,0)
(0,0,0)
(0,0,0)
(0,0,0)
(0,0,0)
(0,0,0)
(0,0,0)
(0,0,0)
(0,0,0)
(0,0,0)
(0,0,0)
(0,0,0)
(0,0,0)
(0,0,0)
(0,0,0)
(0,0,0)
(0,0,0)
(0,0,0)
(0,0,0)
(0,0,0)
(0,0,0)
(0,0,0)
(0,0,0)
(0,0,0)
(0,0,0)
(0,0,0)
(0,0,0)
(0,0,0)
(0,0,0)
(0,0,0)
(0,0,0)
(0,0,0)
(0,0,0)
(0,0,0)
(0,0,0)
(0,0,0)
(0,0,0)
(0,0,0)
(0,0,0)
(0,0,0)
(0,0,0)
(0,0,0)
(0,0,0)
(0,0,0)
(0,0,0)
(0,0,0)
(0,0,0)
(0,0,0)
(0,0,0)
(0,0,0)
(0,0,0)
(0,0,0)
(0,0,0)
(0,0,0)
(0,0,0)
(0,0,0)
(0,0,0)
(0,0,0)
(0,0,0)
(0,0,0)
(0,0,0)
(0,0,0)
(0,0,0)
(0,0,0)
(0,0,0)
(0,0,0)
(0,0,0)
(0,0,0)
(0,0,0)
(0,0,0)
(0,0,0)
(0,0,0)
(0,0,0)
(0,0,0)
(0,0,0)
(0,0,0)
(0,0,0)
(0,0,0)
(0,0,0)
(0,0,0)
(0,0,0)
(0,0,0)
(0,0,0)
(0,0,0)
(0,0,0)
(0,0,0)
(0,0,0)
(0,0,0)
(0,0,0)
(0,0,0)
(0,0,0)
(0,0,0)
(0,0,0)
(0,0,0)
(0,0,0)
(0,0,0)
(0,0,0)
(0,0,0)
(0,0,0)
(0,0,0)
(0,0,0)
(0,0,0)
(0,0,0)
(0,0,0)
(0,0,0)
(0,0,0)
(0,0,0)
(0,0,0)
(0,0,0)
(0,0,0)
(0,0,0)
(0,0,0)
(0,0,0)
(0,0,0)
(0,0,0)
(0,0,0)
(0,0,0)
(0,0,0)
(0,0,0)
(0,0,0)
(0,0,0)
(0,0,0)
(0,0,0)
(0,0,0)
(0,0,0)
(0,0,0)
(0,0,0)
(0,0,0)
(0,0,0)
(0,0,0)
(0,0,0)
(0,0,0)
(0,0,0)
(0,0,0)
(0,0,0)
(0,0,0)
(0,0,0)
(0,0,0)
(0,0,0)
(0,0,0)
(0,0,0)
(0,0,0)
(0,0,0)
(0,0,0)
(0,0,0)
(0,0,0)
(0,0,0)
(0,0,0)
(0,0,0)
(0,0,0)
(0,0,0)
(0,0,0)
(0,0,0)
(0,0,0)
(0,0,0)
(0,0,0)
(0,0,0)
(0,0,0)
(0,0,0)
(0,0,0)
(0,0,0)
(0,0,0)
(0,0,0)
(0,0,0)
(0,0,0)
(0,0,0)
(0,0,0)
(0,0,0)
(0,0,0)
(0,0,0)
(0,0,0)
(0,0,0)
(0,0,0)
(0,0,0)
(0,0,0)
(0,0,0)
(0,0,0)
(0,0,0)
(0,0,0)
(0,0,0)
(0,0,0)
(0,0,0)
(0,0,0)
(0,0,0)
(0,0,0)
(0,0,0)
(0,0,0)
(0,0,0)
(0,0,0)
(0,0,0)
(0,0,0)
(0,0,0)
(0,0,0)
(0,0,0)
(0,0,0)
(0,0,0)
(0,0,0)
(0,0,0)
(0,0,0)
(0,0,0)
(0,0,0)
(0,0,0)
(0,0,0)
(0,0,0)
(0,0,0)
(0,0,0)
(0,0,0)
(0,0,0)
(0,0,0)
(0,0,0)
(0,0,0)
(0,0,0)
(0,0,0)
(0,0,0)
(0,0,0)
(0,0,0)
(0,0,0)
(0,0,0)
(0,0,0)
(0,0,0)
(0,0,0)
(0,0,0)
(0,0,0)
(0,0,0)
(0,0,0)
(0,0,0)
(0,0,0)
(0,0,0)
(0,0,0)
(0,0,0)
(0,0,0)
(0,0,0)
(0,0,0)
(0,0,0)
(0,0,0)
(0,0,0)
(0,0,0)
(0,0,0)
(0,0,0)
(0,0,0)
(0,0,0)
(0,0,0)
(0,0,0)
(0,0,0)
(0,0,0)
(0,0,0)
(0,0,0)
(0,0,0)
(0,0,0)
(0,0,0)
(0,0,0)
(0,0,0)
(0,0,0)
(0,0,0)
(0,0,0)
(0,0,0)
(0,0,0)
(0,0,0)
(0,0,0)
(0,0,0)
(0,0,0)
(0,0,0)
(0,0,0)
(0,0,0)
(0,0,0)
(0,0,0)
(0,0,0)
(0,0,0)
(0,0,0)
(0,0,0)
(0,0,0)
(0,0,0)
(0,0,0)
(0,0,0)
(0,0,0)
(0,0,0)
(0,0,0)
(0,0,0)
(0,0,0)
(0,0,0)
(0,0,0)
(0,0,0)
(0,0,0)
(0,0,0)
(0,0,0)
(0,0,0)
(0,0,0)
(0,0,0)
(0,0,0)
(0,0,0)
(0,0,0)
(0,0,0)
(0,0,0)
(0,0,0)
(0,0,0)
(0,0,0)
(0,0,0)
(0,0,0)
(0,0,0)
(0,0,0)
(0,0,0)
(0,0,0)
(0,0,0)
(0,0,0)
(0,0,0)
(0,0,0)
(0,0,0)
(0,0,0)
(0,0,0)
(0,0,0)
(0,0,0)
(0,0,0)
(0,0,0)
(0,0,0)
(0,0,0)
(0,0,0)
(0,0,0)
(0,0,0)
(0,0,0)
(0,0,0)
(0,0,0)
(0,0,0)
(0,0,0)
(0,0,0)
(0,0,0)
(0,0,0)
(0,0,0)
(0,0,0)
(0,0,0)
(0,0,0)
(0,0,0)
(0,0,0)
(0,0,0)
(0,0,0)
(0,0,0)
(0,0,0)
(0,0,0)
(0,0,0)
(0,0,0)
(0,0,0)
(0,0,0)
(0,0,0)
(0,0,0)
(0,0,0)
(0,0,0)
(0,0,0)
(0,0,0)
(0,0,0)
(0,0,0)
(0,0,0)
(0,0,0)
(0,0,0)
(0,0,0)
(0,0,0)
(0,0,0)
(0,0,0)
(0,0,0)
(0,0,0)
(0,0,0)
(0,0,0)
(0,0,0)
(0,0,0)
(0,0,0)
(0,0,0)
(0,0,0)
(0,0,0)
(0,0,0)
(0,0,0)
(0,0,0)
(0,0,0)
(0,0,0)
(0,0,0)
(0,0,0)
(0,0,0)
(0,0,0)
(0,0,0)
(0,0,0)
(0,0,0)
(0,0,0)
(0,0,0)
(0,0,0)
(0,0,0)
(0,0,0)
(0,0,0)
(0,0,0)
(0,0,0)
(0,0,0)
(0,0,0)
(0,0,0)
(0,0,0)
(0,0,0)
(0,0,0)
(0,0,0)
(0,0,0)
(0,0,0)
(0,0,0)
(0,0,0)
(0,0,0)
(0,0,0)
(0,0,0)
(0,0,0)
(0,0,0)
(0,0,0)
(0,0,0)
(0,0,0)
(0,0,0)
(0,0,0)
(0,0,0)
(0,0,0)
(0,0,0)
(0,0,0)
(0,0,0)
(0,0,0)
(0,0,0)
(0,0,0)
(0,0,0)
(0,0,0)
(0,0,0)
(0,0,0)
(0,0,0)
(0,0,0)
(0,0,0)
(0,0,0)
(0,0,0)
(0,0,0)
(0,0,0)
(0,0,0)
(0,0,0)
(0,0,0)
(0,0,0)
(0,0,0)
(0,0,0)
(0,0,0)
(0,0,0)
(0,0,0)
(0,0,0)
(0,0,0)
(0,0,0)
(0,0,0)
(0,0,0)
(0,0,0)
(0,0,0)
(0,0,0)
(0,0,0)
(0,0,0)
(0,0,0)
(0,0,0)
(0,0,0)
(0,0,0)
(0,0,0)
(0,0,0)
(0,0,0)
(0,0,0)
(0,0,0)
(0,0,0)
(0,0,0)
(0,0,0)
(0,0,0)
(0,0,0)
(0,0,0)
(0,0,0)
(0,0,0)
(0,0,0)
(0,0,0)
(0,0,0)
(0,0,0)
(0,0,0)
(0,0,0)
(0,0,0)
(0,0,0)
(0,0,0)
(0,0,0)
(0,0,0)
(0,0,0)
(0,0,0)
(0,0,0)
(0,0,0)
(0,0,0)
(0,0,0)
(0,0,0)
(0,0,0)
(0,0,0)
(0,0,0)
(0,0,0)
(0,0,0)
(0,0,0)
(0,0,0)
(0,0,0)
(0,0,0)
(0,0,0)
(0,0,0)
(0,0,0)
(0,0,0)
(0,0,0)
(0,0,0)
(0,0,0)
(0,0,0)
(0,0,0)
(0,0,0)
(0,0,0)
(0,0,0)
(0,0,0)
(0,0,0)
(0,0,0)
(0,0,0)
(0,0,0)
(0,0,0)
(0,0,0)
(0,0,0)
(0,0,0)
(0,0,0)
(0,0,0)
(0,0,0)
(0,0,0)
(0,0,0)
(0,0,0)
(0,0,0)
(0,0,0)
(0,0,0)
(0,0,0)
(0,0,0)
(0,0,0)
(0,0,0)
(0,0,0)
(0,0,0)
(0,0,0)
(0,0,0)
(0,0,0)
(0,0,0)
(0,0,0)
(0,0,0)
(0,0,0)
(0,0,0)
(0,0,0)
(0,0,0)
(0,0,0)
(0,0,0)
(0,0,0)
(0,0,0)
(0,0,0)
(0,0,0)
(0,0,0)
(0,0,0)
(0,0,0)
(0,0,0)
(0,0,0)
(0,0,0)
(0,0,0)
(0,0,0)
(0,0,0)
(0,0,0)
(0,0,0)
(0,0,0)
(0,0,0)
(0,0,0)
(0,0,0)
(0,0,0)
(0,0,0)
(0,0,0)
(0,0,0)
(0,0,0)
(0,0,0)
(0,0,0)
(0,0,0)
(0,0,0)
(0,0,0)
(0,0,0)
(0,0,0)
(0,0,0)
(0,0,0)
(0,0,0)
(0,0,0)
(0,0,0)
(0,0,0)
(0,0,0)
(0,0,0)
(0,0,0)
(0,0,0)
(0,0,0)
(0,0,0)
(0,0,0)
(0,0,0)
(0,0,0)
(0,0,0)
(0,0,0)
(0,0,0)
(0,0,0)
(0,0,0)
(0,0,0)
(0,0,0)
(0,0,0)
(0,0,0)
(0,0,0)
(0,0,0)
(0,0,0)
(0,0,0)
(0,0,0)
(0,0,0)
(0,0,0)
(0,0,0)
(0,0,0)
(0,0,0)
(0,0,0)
(0,0,0)
(0,0,0)
(0,0,0)
(0,0,0)
(0,0,0)
(0,0,0)
(0,0,0)
(0,0,0)
(0,0,0)
(0,0,0)
(0,0,0)
(0,0,0)
(0,0,0)
(0,0,0)
(0,0,0)
(0,0,0)
(0,0,0)
(0,0,0)
(0,0,0)
(0,0,0)
(0,0,0)
(0,0,0)
(0,0,0)
(0,0,0)
(0,0,0)
(0,0,0)
(0,0,0)
(0,0,0)
(0,0,0)
(0,0,0)
(0,0,0)
(0,0,0)
(0,0,0)
(0,0,0)
(0,0,0)
(0,0,0)
(0,0,0)
(0,0,0)
(0,0,0)
(0,0,0)
(0,0,0)
(0,0,0)
(0,0,0)
(0,0,0)
(0,0,0)
(0,0,0)
(0,0,0)
(0,0,0)
(0,0,0)
(0,0,0)
(0,0,0)
(0,0,0)
(0,0,0)
(0,0,0)
(0,0,0)
(0,0,0)
(0,0,0)
(0,0,0)
(0,0,0)
(0,0,0)
(0,0,0)
(0,0,0)
(0,0,0)
(0,0,0)
(0,0,0)
(0,0,0)
(0,0,0)
(0,0,0)
(0,0,0)
(0,0,0)
(0,0,0)
(0,0,0)
(0,0,0)
(0,0,0)
(0,0,0)
(0,0,0)
(0,0,0)
(0,0,0)
(0,0,0)
(0,0,0)
(0,0,0)
(0,0,0)
(0,0,0)
(0,0,0)
(0,0,0)
(0,0,0)
(0,0,0)
(0,0,0)
(0,0,0)
(0,0,0)
(0,0,0)
(0,0,0)
(0,0,0)
(0,0,0)
(0,0,0)
(0,0,0)
(0,0,0)
(0,0,0)
(0,0,0)
(0,0,0)
(0,0,0)
(0,0,0)
(0,0,0)
(0,0,0)
(0,0,0)
(0,0,0)
(0,0,0)
(0,0,0)
(0,0,0)
(0,0,0)
(0,0,0)
(0,0,0)
(0,0,0)
(0,0,0)
(0,0,0)
(0,0,0)
(0,0,0)
(0,0,0)
(0,0,0)
(0,0,0)
(0,0,0)
(0,0,0)
(0,0,0)
(0,0,0)
(0,0,0)
(0,0,0)
(0,0,0)
(0,0,0)
(0,0,0)
(0,0,0)
(0,0,0)
(0,0,0)
(0,0,0)
(0,0,0)
(0,0,0)
(0,0,0)
(0,0,0)
(0,0,0)
(0,0,0)
(0,0,0)
(0,0,0)
(0,0,0)
(0,0,0)
(0,0,0)
(0,0,0)
(0,0,0)
(0,0,0)
(0,0,0)
(0,0,0)
(0,0,0)
(0,0,0)
(0,0,0)
(0,0,0)
(0,0,0)
(0,0,0)
(0,0,0)
(0,0,0)
(0,0,0)
(0,0,0)
(0,0,0)
(0,0,0)
(0,0,0)
(0,0,0)
(0,0,0)
(0,0,0)
(0,0,0)
(0,0,0)
(0,0,0)
(0,0,0)
(0,0,0)
(0,0,0)
(0,0,0)
(0,0,0)
(0,0,0)
(0,0,0)
(0,0,0)
(0,0,0)
(0,0,0)
(0,0,0)
(0,0,0)
(0,0,0)
(0,0,0)
(0,0,0)
(0,0,0)
(0,0,0)
(0,0,0)
(-132494.12112529,70241.3726855206,62252.7484397691)
(-140127.082175278,67339.0963826978,135040.734232349)
(-157804.084267224,61315.1649903553,231529.653509217)
(-191205.186833974,51850.0813078667,370884.759035327)
(-251448.285890181,39065.6660600649,583267.378865449)
(-359523.291281495,24421.7652569793,918368.90488995)
(-555255.318640229,11088.6679526427,1462535.55557757)
(-909080.856759624,2894.21054181747,2368722.20179537)
(-1499460.911939,136.083444293278,3868047.03029014)
(-2089281.15405377,-164.212384866342,5957492.39672877)
(0,0,0)
(0,0,0)
(0,0,0)
(0,0,0)
(0,0,0)
(0,0,0)
(-140096.741214862,150983.651516652,59354.4623837295)
(-147809.741411637,145536.609403416,128966.690774652)
(-165769.800908817,134081.040615185,221970.616058637)
(-199970.550322578,115792.638760994,357998.608928091)
(-261898.922234806,90547.9532977723,568415.243925186)
(-372576.780361683,60562.6932040497,904851.096339805)
(-570469.408095024,32154.2245256355,1454254.94786181)
(-922937.968224074,14120.4218350744,2365966.7047926)
(-1508680.67435149,6966.00045848994,3867817.46212997)
(-2093566.88293668,3543.27313489489,5957676.85954677)
(0,0,0)
(0,0,0)
(0,0,0)
(0,0,0)
(0,0,0)
(0,0,0)
(-157569.712917628,254680.262517079,53873.1019172019)
(-165423.771397513,247408.677292777,117424.805425354)
(-183945.206024531,231901.320384784,203549.731680289)
(-219851.456309209,206649.235666274,332544.591084221)
(-285733.473434858,170696.956428676,538129.061388174)
(-403279.369647009,125763.412074083,876207.71216515)
(-607977.888905511,80200.1752339331,1436139.65036236)
(-957476.432647781,48872.2547789255,2358864.25006627)
(-1530924.11098993,32248.9218656223,3864505.43964913)
(-2103640.1055596,17486.44067,5954202.37767361)
(0,0,0)
(0,0,0)
(0,0,0)
(0,0,0)
(0,0,0)
(0,0,0)
(-190182.927387366,398366.271712773,46496.9181916724)
(-198185.361001247,390285.081611188,101805.874874509)
(-217417.992729817,372929.37408773,178195.813901375)
(-255776.086181103,344267.379221947,296353.756526801)
(-328153.920455604,302314.493359909,492890.140051176)
(-458857.624818111,247102.501050226,830408.675893139)
(-679789.986537662,185703.385416971,1404695.45224777)
(-1024266.23605802,135562.237999946,2342271.70508474)
(-1571666.67585478,96369.5053885044,3849817.79741661)
(-2121414.79702703,51875.3560304627,5936843.67908328)
(0,0,0)
(0,0,0)
(0,0,0)
(0,0,0)
(0,0,0)
(0,0,0)
(-248626.096501837,608704.496582204,38287.8716324058)
(-256582.321320399,600836.37171538,84318.9028486115)
(-276181.358768095,583991.893309316,149437.74239512)
(-316585.438652364,556109.126622682,254181.433646754)
(-395666.95668575,514748.405839931,437414.477852487)
(-542685.474017907,458403.411075009,768799.041845594)
(-789183.720110089,389282.29129036,1354403.8560823)
(-1125981.34081055,312847.750762316,2303099.6841305)
(-1630878.50136205,224928.096500702,3805419.5943804)
(-2147089.70746368,119231.663121704,5885152.99475287)
(0,0,0)
(0,0,0)
(0,0,0)
(0,0,0)
(0,0,0)
(0,0,0)
(-354038.151393298,932445.051852319,30297.5961231811)
(-361595.670384759,925479.678568882,67249.9596544372)
(-380562.382201348,910490.677790289,121313.557374812)
(-420558.993069889,885397.182438268,212584.494629114)
(-500456.464411034,846904.868430002,380884.496450079)
(-650282.318532246,790063.212056271,699507.01400107)
(-897541.133044206,708552.471546948,1277777.96678872)
(-1219064.45120972,594499.658883137,2215190.50987759)
(-1695046.2950111,435352.070181101,3699812.83120832)
(-2179413.42808045,232404.970137819,5766052.95227258)
(0,0,0)
(0,0,0)
(0,0,0)
(0,0,0)
(0,0,0)
(0,0,0)
(-547604.789208378,1456907.69901718,23142.1420435227)
(-554285.210205516,1450892.49243138,52014.5383865401)
(-571313.468756458,1437821.97632493,95996.7086083552)
(-607862.812849352,1415419.53088898,173837.173006993)
(-682070.221020463,1378989.4058817,323822.856575762)
(-822845.801529451,1318912.82335868,617819.046802801)
(-1054876.80774036,1217718.54563172,1163529.7804584)
(-1347249.43993844,1049285.11588203,2055993.76339793)
(-1790725.4683948,785156.927339613,3496914.37463418)
(-2232213.24832624,427794.759558484,5533737.83353979)
(0,0,0)
(0,0,0)
(0,0,0)
(0,0,0)
(0,0,0)
(0,0,0)
(-901548.655910601,2341530.51449438,16925.8404333844)
(-906909.772085277,2336038.37535292,38689.7295971201)
(-920645.649020593,2323884.35595239,73272.9989902654)
(-950391.994302506,2302092.68453619,136991.839645549)
(-1011364.54146504,2263923.32706927,263422.459923009)
(-1128380.56682762,2194317.29654725,516398.553562046)
(-1322693.88096645,2061930.14120481,994880.838955381)
(-1559403.44041226,1811819.05493416,1791750.34031553)
(-1964411.16218415,1401781.36670856,3139537.06313073)
(-2333148.83786671,794561.445382121,5105919.21517374)
(0,0,0)
(0,0,0)
(0,0,0)
(0,0,0)
(0,0,0)
(0,0,0)
(-1494285.94431955,3824502.43373213,11314.0250818005)
(-1497955.09028331,3818997.13482299,26310.3558950629)
(-1507299.16147207,3806330.38912125,51163.4841982326)
(-1527329.0796808,3782137.37547745,98447.8729377862)
(-1567608.15409275,3736438.86698546,193540.487114366)
(-1643306.11899112,3647418.02064112,383745.882011603)
(-1770499.03240088,3471702.25775841,744472.797858878)
(-1959569.96489839,3134378.96046775,1381482.85722367)
(-2284751.0040138,2535841.73571792,2532173.49222809)
(-2509157.13445495,1524709.02782698,4311183.04423817)
(0,0,0)
(0,0,0)
(0,0,0)
(0,0,0)
(0,0,0)
(0,0,0)
(-2086850.95907978,5905606.93754565,5746.45526624909)
(-2088701.49344232,5899895.37108835,13549.7124432023)
(-2093360.90468171,5886410.63250193,26830.3737442658)
(-2103217.84621497,5859665.22766228,52520.3677744152)
(-2122716.41571002,5807308.27873533,104367.371734575)
(-2159156.28978918,5703071.41839192,207870.263772956)
(-2222810.35721897,5495434.76116774,406948.117582594)
(-2330129.60506499,5088739.62279845,782717.060316857)
(-2508579.50503139,4306308.05037603,1520830.25069014)
(-2526417.22800164,2785779.57747903,2786176.92903974)
(0,0,0)
(0,0,0)
(0,0,0)
(0,0,0)
(0,0,0)
(0,0,0)
(0,0,0)
(0,0,0)
(0,0,0)
(0,0,0)
(0,0,0)
(0,0,0)
(0,0,0)
(0,0,0)
(0,0,0)
(0,0,0)
(0,0,0)
(0,0,0)
(0,0,0)
(0,0,0)
(0,0,0)
(0,0,0)
(0,0,0)
(0,0,0)
(0,0,0)
(0,0,0)
(0,0,0)
(0,0,0)
(0,0,0)
(0,0,0)
(0,0,0)
(0,0,0)
(0,0,0)
(0,0,0)
(0,0,0)
(0,0,0)
(0,0,0)
(0,0,0)
(0,0,0)
(0,0,0)
(0,0,0)
(0,0,0)
(0,0,0)
(0,0,0)
(0,0,0)
(0,0,0)
(0,0,0)
(0,0,0)
(0,0,0)
(0,0,0)
(0,0,0)
(0,0,0)
(0,0,0)
(0,0,0)
(0,0,0)
(0,0,0)
(0,0,0)
(0,0,0)
(0,0,0)
(0,0,0)
(0,0,0)
(0,0,0)
(0,0,0)
(0,0,0)
(0,0,0)
(0,0,0)
(0,0,0)
(0,0,0)
(0,0,0)
(0,0,0)
(0,0,0)
(0,0,0)
(0,0,0)
(0,0,0)
(0,0,0)
(0,0,0)
(0,0,0)
(0,0,0)
(0,0,0)
(0,0,0)
(0,0,0)
(0,0,0)
(0,0,0)
(0,0,0)
(0,0,0)
(0,0,0)
(0,0,0)
(0,0,0)
(0,0,0)
(0,0,0)
(0,0,0)
(0,0,0)
(0,0,0)
(0,0,0)
(0,0,0)
(0,0,0)
(0,0,0)
(0,0,0)
(0,0,0)
(0,0,0)
(0,0,0)
(0,0,0)
(19594359.1164828,62608.4786891675,54631.0041187293)
(19581583.5525982,59632.5417251587,117380.548036018)
(19552212.0902881,53312.5178538621,198144.576042725)
(19497341.3292905,43052.6569527331,310638.12338141)
(19399592.9215504,28598.5630420746,475091.073314683)
(19225784.5662782,11366.9954549293,722508.940715892)
(18906814.1515338,-4127.05351711786,1108659.2444749)
(18276352.8516329,-10988.9537607018,1778307.21025896)
(16853886.1301095,-9125.35880390281,3278178.24743025)
(12990823.1940841,-4473.48111290272,8046640.10082123)
(0,0,0)
(0,0,0)
(0,0,0)
(0,0,0)
(0,0,0)
(0,0,0)
(19581413.5294715,133548.073556011,51642.8548628013)
(19568586.1500381,127953.442877109,111018.782677058)
(19538932.0381632,115908.505656519,187813.676218332)
(19482981.5865542,95906.91829793,296099.998412305)
(19382531.9238906,66691.4495314011,457668.986213545)
(19203840.2468763,29851.5228943411,706860.151952091)
(18879994.2244243,-5371.55140532165,1101733.73773704)
(18252188.6752828,-20451.8308685354,1780162.69175396)
(16838889.6066895,-15295.5828489718,3282855.35517391)
(12984284.7311788,-6517.74345675378,8051140.72381811)
(0,0,0)
(0,0,0)
(0,0,0)
(0,0,0)
(0,0,0)
(0,0,0)
(19551876.1140525,222163.907200955,46031.0598008764)
(19538999.5524507,214733.464134487,98920.4351112929)
(19508775.31397,198493.016599737,167708.124589483)
(19450371.4666043,170773.81828147,266711.022108449)
(19342952.7268985,128273.303373655,420535.688348702)
(19149604.4040032,70147.6938584734,671448.464150318)
(18807232.2257936,8325.41580019437,1086634.10266158)
(18185424.5397981,-17996.0938558606,1785370.11361911)
(16800064.9688431,-8545.51045252358,3291723.68180557)
(12968178.7726457,-299.569789467944,8057779.35034896)
(0,0,0)
(0,0,0)
(0,0,0)
(0,0,0)
(0,0,0)
(0,0,0)
(19497521.4897452,340024.583986632,38527.6264977085)
(19484640.1667135,331938.990658664,82589.2926747765)
(19453697.4691276,314181.568059787,139877.999773278)
(19391509.0772571,283456.602418623,224002.77261393)
(19271314.0375515,234760.329641109,362140.508755343)
(19044869.3768949,163226.599461527,609427.321855206)
(18645579.9314182,76249.7932419089,1060225.74687356)
(18033451.9308977,33757.2558671497,1794846.95061077)
(16721610.2650227,37087.2587989271,3300029.96089771)
(12938041.6745196,26158.7484264835,8058207.89155118)
(0,0,0)
(0,0,0)
(0,0,0)
(0,0,0)
(0,0,0)
(0,0,0)
(19401843.5838671,503315.416743038,30332.2072905673)
(19389266.7533674,495819.819752588,64695.0239247095)
(19358191.2364906,479586.982737308,109009.734404465)
(19292786.2145782,452104.100520959,175083.303487506)
(19157976.1930717,409920.399610451,290372.804176624)
(18881895.8262407,350804.276906687,522306.54688878)
(18354948.4366931,280895.272730331,1017621.63101312)
(17751628.6731657,219688.642040859,1798172.95127915)
(16598614.7577503,160708.54956509,3289151.12181644)
(12893233.1945967,86882.3422961272,8032197.34630244)
(0,0,0)
(0,0,0)
(0,0,0)
(0,0,0)
(0,0,0)
(0,0,0)
(19231679.1350652,738954.924415991,22735.9262845029)
(19219962.3971568,732810.596019661,48279.8028917731)
(19190362.8197389,719736.699808347,81297.6042964627)
(19126163.7346471,698120.512069641,132651.185446776)
(18989834.6971091,665325.293898977,231047.850053996)
(18705840.7568476,617541.429561783,452280.342434969)
(18172226.284938,551215.779584666,956285.138014355)
(17595512.4607951,466291.669671402,1739197.91879492)
(16493860.750708,339691.189517329,3215400.95353951)
(12841856.4538644,179655.767477824,7945450.36682893)
(0,0,0)
(0,0,0)
(0,0,0)
(0,0,0)
(0,0,0)
(0,0,0)
(18916016.9574869,1102964.62218303,16461.275953615)
(18905815.6366652,1098260.71910589,35003.0264125557)
(18879578.8045823,1088483.25352889,59456.9197692166)
(18821299.1920506,1072914.75513895,99593.3922159156)
(18694228.5464123,1049687.75533143,183024.883766615)
(18422669.8833635,1013361.29698306,385782.051868376)
(17905149.5445966,949897.657219884,871166.542312079)
(17384654.8930261,837124.764211712,1612521.8352232)
(16338689.9232148,611482.288734193,3055408.06481269)
(12754133.8573126,326905.930576306,7765903.51649137)
(0,0,0)
(0,0,0)
(0,0,0)
(0,0,0)
(0,0,0)
(0,0,0)
(18285111.4434799,1748802.43470259,11594.8085058895)
(18277042.2300359,1744999.4612369,24996.7846696774)
(18256118.0449222,1737224.54965142,43584.5150202787)
(18209023.8336347,1725167.84353704,76008.3191010374)
(18104355.3674435,1707677.71711808,146391.168821721)
(17874025.0691322,1679372.52519615,322067.025064767)
(17421097.436249,1614109.33999647,758156.7454886)
(17081602.4487572,1411632.7298094,1386735.61113733)
(16025680.615266,1081424.04269916,2770794.80013804)
(12551089.3499951,618557.414552101,7438997.84871638)
(0,0,0)
(0,0,0)
(0,0,0)
(0,0,0)
(0,0,0)
(0,0,0)
(16858994.6063873,3231953.0072757,7661.5971359202)
(16853559.4889736,3228244.4079191,16994.7916127793)
(16839561.0697005,3220251.41145043,31200.4190570874)
(16808724.0147827,3206230.34595707,58177.5425894652)
(16743219.0595571,3181300.42351087,117820.342962703)
(16609889.9264077,3131551.57752347,256537.965652495)
(16369442.6393509,3019393.24121048,555405.113102626)
(16031447.2264423,2763816.95963407,1056296.4123532)
(15077330.962045,2311991.64469347,2307739.56471608)
(11933525.0816347,1507444.57828036,6820262.90531406)
(0,0,0)
(0,0,0)
(0,0,0)
(0,0,0)
(0,0,0)
(0,0,0)
(12992737.9532629,7992558.84195315,3897.9733957878)
(12990024.1528837,7988614.72165293,8894.73375188171)
(12983132.6618289,7979740.83074996,17004.4683576263)
(12968302.8205389,7962794.6896751,33012.1783017132)
(12937863.7676075,7929936.60904479,67888.5298662519)
(12877971.2951599,7862212.80748202,144192.43537467)
(12766991.3081042,7718247.92986604,299628.801811803)
(12554318.0352299,7418834.0441476,604256.797419338)
(11934025.9511105,6814800.36280934,1502935.34357755)
(9703403.86376063,5312146.36261667,5312505.18789486)
(0,0,0)
(0,0,0)
(0,0,0)
(0,0,0)
(0,0,0)
(0,0,0)
(0,0,0)
(0,0,0)
(0,0,0)
(0,0,0)
(0,0,0)
(0,0,0)
(0,0,0)
(0,0,0)
(0,0,0)
(0,0,0)
(0,0,0)
(0,0,0)
(0,0,0)
(0,0,0)
(0,0,0)
(0,0,0)
(0,0,0)
(0,0,0)
(0,0,0)
(0,0,0)
(0,0,0)
(0,0,0)
(0,0,0)
(0,0,0)
(0,0,0)
(0,0,0)
(0,0,0)
(0,0,0)
(0,0,0)
(0,0,0)
(0,0,0)
(0,0,0)
(0,0,0)
(0,0,0)
(0,0,0)
(0,0,0)
(0,0,0)
(0,0,0)
(0,0,0)
(0,0,0)
(0,0,0)
(0,0,0)
(0,0,0)
(0,0,0)
(0,0,0)
(0,0,0)
(0,0,0)
(0,0,0)
(0,0,0)
(0,0,0)
(0,0,0)
(0,0,0)
(0,0,0)
(0,0,0)
(0,0,0)
(0,0,0)
(0,0,0)
(0,0,0)
(0,0,0)
(0,0,0)
(0,0,0)
(0,0,0)
(0,0,0)
(0,0,0)
(0,0,0)
(0,0,0)
(0,0,0)
(0,0,0)
(0,0,0)
(0,0,0)
(0,0,0)
(0,0,0)
(0,0,0)
(0,0,0)
(0,0,0)
(0,0,0)
(0,0,0)
(0,0,0)
(0,0,0)
(0,0,0)
(0,0,0)
(0,0,0)
(0,0,0)
(0,0,0)
(0,0,0)
(0,0,0)
(0,0,0)
(0,0,0)
(0,0,0)
(0,0,0)
(0,0,0)
(0,0,0)
(0,0,0)
(0,0,0)
(0,0,0)
(0,0,0)
(-341145.927205635,49562.4373256177,41849.8859468316)
(-355232.24148464,46581.6181192806,87991.3414944636)
(-387074.264935874,39982.8595386181,143202.116763926)
(-445039.801340393,28691.3160590579,212799.21091987)
(-544345.851081843,11560.2342696366,301085.028866553)
(-710030.339078985,-10575.002802001,403382.21660989)
(-981069.129395365,-30967.2605558681,478140.03767899)
(-1410115.65249439,-35208.3620016107,355724.183392001)
(-2025262.84465171,-24196.5016800655,-585023.060582666)
(-2482803.35273226,-11073.1857518826,-4944416.04843036)
(0,0,0)
(0,0,0)
(0,0,0)
(0,0,0)
(0,0,0)
(0,0,0)
(-355954.214498575,103996.512148262,38840.9487314244)
(-369827.317304005,98364.2808605035,81379.0329163631)
(-401374.731442628,85717.2929382302,131858.648706629)
(-459466.545990949,63285.3905390686,195619.986355819)
(-560324.028362978,27112.2663419855,278831.186121084)
(-730506.852928837,-24389.8771357433,382900.439844012)
(-1007870.39806711,-78162.768098788,473867.849462283)
(-1432715.47656208,-87289.3525055591,366760.271395151)
(-2036583.39992472,-54181.7775675373,-571874.166519023)
(-2486780.60164777,-22644.0601410036,-4933330.67971927)
(0,0,0)
(0,0,0)
(0,0,0)
(0,0,0)
(0,0,0)
(0,0,0)
(-389262.095005273,167849.227388982,33192.7734011028)
(-402672.587294759,160421.69746031,68714.7761307478)
(-433647.53970389,143428.229413453,109333.972913473)
(-492312.581903218,111901.683815912,159309.007728132)
(-598398.822593569,56579.4290028636,227100.674143451)
(-786114.218432739,-34666.1211054016,329002.820133086)
(-1097370.95117503,-153419.131319657,464769.639906698)
(-1511016.38377195,-170090.795911242,399919.286466354)
(-2070930.40506333,-87100.4870209146,-540259.350589764)
(-2497788.4081326,-30472.6063607311,-4910556.34400766)
(0,0,0)
(0,0,0)
(0,0,0)
(0,0,0)
(0,0,0)
(0,0,0)
(-448834.255983154,244385.107795847,25727.1449055375)
(-461558.960067594,236581.308563409,51673.9401675421)
(-491645.491033335,218645.981200038,77706.4281259245)
(-551464.72616053,184670.031578724,103819.163364734)
(-669321.073541472,121299.874342579,135641.108702017)
(-908480.135052497,126.389256625405,210105.38987147)
(-1375404.96114483,-214495.4503317,448073.881030623)
(-1767417.34109541,-248192.528202422,482952.164898969)
(-2157038.62106665,-86006.554720854,-483585.601727628)
(-2521414.14031135,-18707.2200287509,-4879987.89364468)
(0,0,0)
(0,0,0)
(0,0,0)
(0,0,0)
(0,0,0)
(0,0,0)
(-548809.598025034,333133.785706623,17811.7835654455)
(-560515.896778016,326484.049573319,33598.9722850821)
(-588927.37478299,311708.948697095,43561.8956456403)
(-648714.386333301,285411.146518483,40228.6612014427)
(-780476.91281467,241664.345134382,14224.5758801006)
(-1117858.18480953,174677.106618071,-4664.85084702866)
(-2220739.37705742,98132.2472356818,414302.544920147)
(-2634985.41651755,63516.7412065601,645114.644778429)
(-2325993.69592542,55922.0086666776,-416298.185349225)
(-2560147.31830801,35481.3512919027,-4861198.96418107)
(0,0,0)
(0,0,0)
(0,0,0)
(0,0,0)
(0,0,0)
(0,0,0)
(-713638.776265928,423308.737896533,11050.2387252654)
(-723897.11061955,418643.382810098,18657.692848939)
(-749354.758625177,408937.714267968,17053.7852261665)
(-804949.571956833,393253.851846867,-3768.33391426711)
(-933015.538372323,369674.337394287,-53020.8111086257)
(-1269581.3331284,334357.762613662,-81372.0975441268)
(-2318850.71561352,284173.995689189,379570.434137929)
(-2698424.90792465,255443.322513225,637488.501135089)
(-2404649.47450319,184532.956187819,-436704.941590836)
(-2598851.57687226,91958.0562443411,-4896566.33622247)
(0,0,0)
(0,0,0)
(0,0,0)
(0,0,0)
(0,0,0)
(0,0,0)
(-983102.062568788,472034.867004324,6300.17053195482)
(-991554.293895087,469448.735884978,8772.02760147492)
(-1012974.78333201,465019.617220921,1150.992146869)
(-1061447.35962901,460657.121507749,-27598.4462503702)
(-1179003.47413848,459805.04202106,-88589.8507422744)
(-1508621.09405132,464733.907799821,-131767.738929592)
(-2603125.43062379,465912.842480041,350675.669084076)
(-2953906.57007622,534093.525086664,566494.209197009)
(-2523583.32843353,298473.247342621,-529265.550725429)
(-2662747.73659085,123903.923367616,-4988422.54436122)
(0,0,0)
(0,0,0)
(0,0,0)
(0,0,0)
(0,0,0)
(0,0,0)
(-1413221.72119127,322675.782970023,3599.52828952899)
(-1419601.35202373,321479.359435004,4119.76638316181)
(-1435983.06586762,320641.479595739,-3493.70561775619)
(-1474028.57477579,324875.621914255,-28752.5180298209)
(-1571310.10826478,346584.575037145,-83959.2957535125)
(-1873714.75949365,415284.16250399,-130862.442247751)
(-3069101.40105759,562498.081414449,418658.435708571)
(-2501994.59551543,361483.532910523,330772.751741429)
(-2618346.80431222,133062.889193916,-703882.190947467)
(-2761662.04896578,1006.156371549,-5112325.7454064)
(0,0,0)
(0,0,0)
(0,0,0)
(0,0,0)
(0,0,0)
(0,0,0)
(-2030359.35593238,-634346.83024715,2283.85512097812)
(-2034490.31114117,-635344.707262014,3065.00151677952)
(-2045017.08576035,-636233.743124487,425.659281944861)
(-2068441.00401754,-634258.550874043,-7367.86954544641)
(-2122012.20609554,-624099.545065037,-15545.2042065031)
(-2250195.7471887,-600356.885962198,16088.797440122)
(-2530431.21350065,-583056.12087108,217424.132161278)
(-2622569.31880283,-713340.681350669,102172.171251677)
(-2864052.2962017,-831348.522500291,-836125.879223423)
(-2909506.93436897,-722698.067196281,-5113482.36006782)
(0,0,0)
(0,0,0)
(0,0,0)
(0,0,0)
(0,0,0)
(0,0,0)
(-2486699.23639271,-5000232.00314862,1229.64214113839)
(-2488720.61568546,-5001537.26139314,2074.24442545645)
(-2493777.47235579,-5003584.54691035,2242.46198016349)
(-2504601.38304507,-5005757.85672999,2553.25100410056)
(-2527598.48168383,-5008128.20039734,7951.43521180172)
(-2575873.5052957,-5015843.67778413,33190.3070733411)
(-2665109.33564209,-5048819.10099018,86961.2105228851)
(-2764535.50296815,-5135591.78641168,-16026.8666340279)
(-2910346.46961215,-5119367.58423618,-727728.104591447)
(-2808675.78078774,-4391385.66399026,-4391053.58366498)
(0,0,0)
(0,0,0)
(0,0,0)
(0,0,0)
(0,0,0)
(0,0,0)
(0,0,0)
(0,0,0)
(0,0,0)
(0,0,0)
(0,0,0)
(0,0,0)
(0,0,0)
(0,0,0)
(0,0,0)
(0,0,0)
(0,0,0)
(0,0,0)
(0,0,0)
(0,0,0)
(0,0,0)
(0,0,0)
(0,0,0)
(0,0,0)
(0,0,0)
(0,0,0)
(0,0,0)
(0,0,0)
(0,0,0)
(0,0,0)
(0,0,0)
(0,0,0)
(0,0,0)
(0,0,0)
(0,0,0)
(0,0,0)
(0,0,0)
(0,0,0)
(0,0,0)
(0,0,0)
(0,0,0)
(0,0,0)
(0,0,0)
(0,0,0)
(0,0,0)
(0,0,0)
(0,0,0)
(0,0,0)
(0,0,0)
(0,0,0)
(0,0,0)
(0,0,0)
(0,0,0)
(0,0,0)
(0,0,0)
(0,0,0)
(0,0,0)
(0,0,0)
(0,0,0)
(0,0,0)
(0,0,0)
(0,0,0)
(0,0,0)
(0,0,0)
(0,0,0)
(0,0,0)
(0,0,0)
(0,0,0)
(0,0,0)
(0,0,0)
(0,0,0)
(0,0,0)
(0,0,0)
(0,0,0)
(0,0,0)
(0,0,0)
(0,0,0)
(0,0,0)
(0,0,0)
(0,0,0)
(0,0,0)
(0,0,0)
(0,0,0)
(0,0,0)
(0,0,0)
(0,0,0)
(0,0,0)
(0,0,0)
(0,0,0)
(0,0,0)
(0,0,0)
(0,0,0)
(0,0,0)
(0,0,0)
(0,0,0)
(0,0,0)
(0,0,0)
(0,0,0)
(0,0,0)
(0,0,0)
(0,0,0)
(0,0,0)
(-403484.087001419,34616.620175424,27721.5396203604)
(-415424.052877781,31882.8728881581,56030.4781253432)
(-441713.519167083,25621.2922516285,85048.4401049259)
(-487619.132250272,14302.2365766102,113325.534438193)
(-561835.128393264,-4331.93176274377,135146.743512359)
(-676015.626139946,-30982.6683820897,132114.698955413)
(-840182.34116356,-57741.7309306185,48969.6416542277)
(-1043779.62414038,-57835.3131948796,-259531.073504896)
(-1206607.31989514,-35546.9548957394,-1042639.64336572)
(-1048581.39797312,-15081.8162160301,-2461779.78190884)
(0,0,0)
(0,0,0)
(0,0,0)
(0,0,0)
(0,0,0)
(0,0,0)
(-416981.056959902,70673.4931607803,24969.9694759707)
(-428258.724798668,65504.8703836236,49779.3794751644)
(-453112.240006971,53449.7866902938,73688.3936008427)
(-496643.036230474,30489.5564925687,94677.5639244076)
(-567525.910370087,-10900.1564906604,108447.670659433)
(-678407.917258432,-79950.1252719988,105316.191878945)
(-841470.705780577,-167662.72955578,48837.4982175838)
(-1038829.24651709,-165637.85951692,-237246.185505362)
(-1198612.05754016,-88579.1960737051,-1022185.28671196)
(-1043652.40949637,-33680.8969966305,-2446714.39808278)
(0,0,0)
(0,0,0)
(0,0,0)
(0,0,0)
(0,0,0)
(0,0,0)
(-446712.254675465,108330.157871371,19793.4949596044)
(-456684.975656893,101605.209632017,37705.5440733408)
(-478633.126475505,85500.4599343679,50640.4576008784)
(-517164.163955967,52783.6344599696,53197.9616862291)
(-580988.069456259,-14352.010491269,39239.0625495244)
(-687298.166799784,-157056.012542167,17528.8981867287)
(-866902.040472625,-431488.662263987,50885.9201925368)
(-1039093.56458567,-426527.07912962,-160147.679381051)
(-1179180.21850324,-173261.635526989,-967215.426487862)
(-1031654.46571243,-54142.9208324185,-2412887.34507227)
(0,0,0)
(0,0,0)
(0,0,0)
(0,0,0)
(0,0,0)
(0,0,0)
(-497964.304481627,144400.813853981,13059.3925158669)
(-506121.307254557,137643.819749208,21583.1295856417)
(-523792.013488824,121376.572365643,17853.5396098566)
(-554140.783552933,87382.9033754362,-14069.6719132092)
(-604146.106129936,10034.5387268852,-103631.188542895)
(-702801.361739048,-209379.170139728,-256986.80425879)
(-1059825.15947793,-1059916.07602113,55860.8078314525)
(-1115424.18829491,-1115836.01454004,93176.5904413885)
(-1134058.63617818,-255030.604936274,-848034.425037791)
(-1007436.96778006,-57508.666987019,-2358645.85141447)
(0,0,0)
(0,0,0)
(0,0,0)
(0,0,0)
(0,0,0)
(0,0,0)
(-578913.212604046,168304.030421268,6200.39801172455)
(-584982.085246041,163107.324927398,5203.08130155834)
(-597351.086922763,151287.408295542,-16284.0424885651)
(-615189.563615049,129175.361587214,-91601.3234185941)
(-627849.442528003,89057.0745231763,-323251.329501554)
(-565722.562522594,22878.3258274196,-1107644.44775564)
(8.32115690585353e-05,2.26230517071567e-05,-5.42774485563788e-05)
(168.843462237081,42.1428353768698,954007.603559362)
(-953746.263306922,-22749.6484767865,-650520.785518636)
(-963849.978338921,-3247.09286460086,-2301079.69961016)
(0,0,0)
(0,0,0)
(0,0,0)
(0,0,0)
(0,0,0)
(0,0,0)
(-700013.14095507,153808.859116474,869.535993937869)
(-704057.562887907,150931.250391113,-6793.93720141966)
(-711540.145076994,145282.620898823,-38603.7633528822)
(-719195.638029349,136750.908120586,-131933.243813739)
(-709898.596367654,123648.125756183,-389641.237051414)
(-600967.56109793,95305.7555518414,-1130682.4388063)
(7.59473483524225e-05,2.85349651702343e-05,-4.12372498690136e-05)
(191.113010317612,-19.6657786632307,931169.646564775)
(-930816.409963192,65603.3876759985,-631016.45412801)
(-963407.980563685,28064.5546819221,-2297771.69798307)
(0,0,0)
(0,0,0)
(0,0,0)
(0,0,0)
(0,0,0)
(0,0,0)
(-869055.023436931,41863.8107221653,-2101.99073754764)
(-871388.884843065,41312.8687696758,-12649.0181681383)
(-874923.43916536,41952.3181353181,-47370.0595712773)
(-874859.852472088,48058.9060725971,-145265.564680206)
(-849918.594654884,67504.205776703,-418206.524184326)
(-704965.785687289,99678.2628968271,-1226234.33989334)
(0.000208900947933878,-7.78752865552428e-05,-5.73372734981849e-05)
(266.274546214641,985965.368327451,996755.387154669)
(-996356.494610094,203669.700894703,-668537.759887477)
(-1002469.70354271,25002.5577689662,-2325753.79602264)
(0,0,0)
(0,0,0)
(0,0,0)
(0,0,0)
(0,0,0)
(0,0,0)
(-1074263.99590445,-294371.771316967,-2722.14324768893)
(-1075396.16972539,-293388.677662488,-12225.77911386)
(-1076352.89161764,-288368.618456034,-41535.0167724875)
(-1071909.7606969,-269502.070192794,-126092.854585993)
(-1039544.8347059,-204051.87864031,-386302.043727859)
(-873008.267604095,38866.9493369783,-1326197.22205757)
(219.898931161863,1101197.86592662,985787.905591979)
(-985539.943717254,240910.927235693,214387.694885564)
(-1240390.33877789,-112650.5815285,-847248.488225561)
(-1086311.39613405,-146832.890685359,-2350763.69260294)
(0,0,0)
(0,0,0)
(0,0,0)
(0,0,0)
(0,0,0)
(0,0,0)
(-1232311.57835899,-1090617.64180916,-1801.90708119217)
(-1232780.28202239,-1089523.84912161,-7376.76474084704)
(-1232842.48751521,-1084973.89240378,-22946.0890382257)
(-1229490.9938852,-1070436.1896764,-60961.9796869503)
(-1213632.33173541,-1029702.36219031,-143691.37049707)
(-1164875.12768549,-926026.979461208,-264118.061202097)
(-1100897.26048854,-717730.220339553,125276.072051967)
(-1261754.78872241,-855298.50690561,-139329.02388715)
(-1356788.47896016,-877641.012951477,-881602.409705706)
(-1111974.97475029,-621878.362271875,-2204088.89773787)
(0,0,0)
(0,0,0)
(0,0,0)
(0,0,0)
(0,0,0)
(0,0,0)
(-1063057.15801003,-2513515.64360569,-744.076586147688)
(-1063239.91780542,-2512844.23393829,-2904.38964951213)
(-1063204.91062153,-2509901.87547597,-8548.96831157841)
(-1061873.38988912,-2501246.35619225,-20466.794951674)
(-1056876.66698837,-2480578.13492472,-40312.8369127219)
(-1046181.78377475,-2439994.32256911,-56037.2153257755)
(-1042646.09861392,-2383739.53138038,-12491.1413130944)
(-1099415.05144437,-2371052.0936083,-161858.006134183)
(-1114738.66199935,-2209028.85093991,-626077.975758535)
(-891434.283566964,-1582735.8063652,-1582462.02888597)
(0,0,0)
(0,0,0)
(0,0,0)
(0,0,0)
(0,0,0)
(0,0,0)
(0,0,0)
(0,0,0)
(0,0,0)
(0,0,0)
(0,0,0)
(0,0,0)
(0,0,0)
(0,0,0)
(0,0,0)
(0,0,0)
(0,0,0)
(0,0,0)
(0,0,0)
(0,0,0)
(0,0,0)
(0,0,0)
(0,0,0)
(0,0,0)
(0,0,0)
(0,0,0)
(0,0,0)
(0,0,0)
(0,0,0)
(0,0,0)
(0,0,0)
(0,0,0)
(0,0,0)
(0,0,0)
(0,0,0)
(0,0,0)
(0,0,0)
(0,0,0)
(0,0,0)
(0,0,0)
(0,0,0)
(0,0,0)
(0,0,0)
(0,0,0)
(0,0,0)
(0,0,0)
(0,0,0)
(0,0,0)
(0,0,0)
(0,0,0)
(0,0,0)
(0,0,0)
(0,0,0)
(0,0,0)
(0,0,0)
(0,0,0)
(0,0,0)
(0,0,0)
(0,0,0)
(0,0,0)
(0,0,0)
(0,0,0)
(0,0,0)
(0,0,0)
(0,0,0)
(0,0,0)
(0,0,0)
(0,0,0)
(0,0,0)
(0,0,0)
(0,0,0)
(0,0,0)
(0,0,0)
(0,0,0)
(0,0,0)
(0,0,0)
(0,0,0)
(0,0,0)
(0,0,0)
(0,0,0)
(0,0,0)
(0,0,0)
(0,0,0)
(0,0,0)
(0,0,0)
(0,0,0)
(0,0,0)
(0,0,0)
(0,0,0)
(0,0,0)
(0,0,0)
(0,0,0)
(0,0,0)
(0,0,0)
(0,0,0)
(0,0,0)
(0,0,0)
(0,0,0)
(0,0,0)
(0,0,0)
(0,0,0)
(0,0,0)
(-440310.248654839,21089.2964300951,15736.8652233239)
(-448303.850862167,19014.5248155648,29602.1383921468)
(-465268.53534385,14220.3560085993,38936.7985603137)
(-492976.421279242,5355.51104472402,38938.5765445627)
(-533825.934222582,-9883.81987064981,20813.2022445228)
(-589756.669670653,-33253.223421334,-32192.5308034371)
(-658682.423484643,-58964.0629812468,-154728.385501106)
(-723151.29624959,-52891.9916685513,-422464.721723346)
(-716863.395184385,-27544.7251029022,-884663.9213312)
(-509816.373355425,-10148.4931995529,-1413280.45274931)
(0,0,0)
(0,0,0)
(0,0,0)
(0,0,0)
(0,0,0)
(0,0,0)
(-450577.114314754,41039.7262041285,13645.6275808159)
(-457579.70492654,37168.227547865,24812.9049763895)
(-472118.337295622,28007.3511533966,30032.0071202447)
(-495002.693183231,10051.2825725002,23695.8925452273)
(-526875.223920974,-24266.2248118112,-2572.38896272679)
(-567557.958903501,-88788.0525037715,-57887.5182352191)
(-616563.903758152,-193091.825609826,-148666.557629071)
(-677326.361479115,-165930.404569445,-397131.029766152)
(-686814.066049887,-69181.3242677893,-867292.42209154)
(-496284.243488727,-21679.0317300734,-1403130.04956864)
(0,0,0)
(0,0,0)
(0,0,0)
(0,0,0)
(0,0,0)
(0,0,0)
(-472620.261790026,57200.1709637543,9747.56235493453)
(-477706.463369943,52302.4352017322,15634.842414121)
(-487454.554758316,40447.6110722885,12016.0107780394)
(-500258.578007911,15847.6684344378,-10685.9610319546)
(-511208.228705223,-37513.6205457795,-67218.4060490208)
(-508475.699310312,-172581.985365389,-162246.940676867)
(-476313.730270057,-624425.735903021,-121501.340586244)
(-523323.479572694,-502860.979338321,-300340.85083034)
(-600794.418678669,-128172.793663931,-819735.181258775)
(-461814.618066573,-29950.2582766039,-1381303.80235811)
(0,0,0)
(0,0,0)
(0,0,0)
(0,0,0)
(0,0,0)
(0,0,0)
(-509046.067255178,63448.2476483924,4833.6860889113)
(-511601.546864628,58837.5230830873,3778.83781762586)
(-514859.202472158,47899.1554139053,-12605.5175406556)
(-513110.753375979,26360.1131996486,-64147.9924828188)
(-489665.431326678,-13715.4454127907,-202426.84241907)
(-391255.081183313,-72361.5210462685,-614193.587293926)
(4.01333865760168e-05,7.5036110746432e-06,-2.00256282214948e-05)
(210.284599970258,-238.742870316865,74397.7727451991)
(-391611.743858974,-74747.5224225948,-721474.390815341)
(-393625.828986613,-13965.1034550258,-1351270.68443037)
(0,0,0)
(0,0,0)
(0,0,0)
(0,0,0)
(0,0,0)
(0,0,0)
(-562749.782878029,47144.4700352871,140.347887089383)
(-562766.583257502,44001.2806558098,-7238.9116741727)
(-559570.68056976,37094.7864667593,-34214.9490800321)
(-543858.802603794,25147.9791055958,-104333.575997234)
(-491586.675670567,6918.39189521329,-261230.180162673)
(-344824.816081434,-12455.5670836417,-542033.880566454)
(-5.14256086548586e-06,2.56167955539151e-06,0.000100071731507976)
(9.22604191510789e-05,1.29536418877639e-05,-4.67802905919326e-06)
(224.66452749392,144.06656452143,-660685.51331402)
(-298437.389147912,-2829.87450787528,-1337233.33145215)
(0,0,0)
(0,0,0)
(0,0,0)
(0,0,0)
(0,0,0)
(0,0,0)
(-634387.093966751,-15350.4941940414,-3131.08275898844)
(-632364.716502103,-16508.4288774504,-14314.2196115329)
(-624243.937114559,-18188.0159945488,-46327.6251126602)
(-598705.310874162,-18959.4221963267,-122710.550965923)
(-528498.980400722,-16443.6494268547,-280748.125610782)
(-355659.633889402,-8753.25248744786,-529758.367415504)
(9.65819539177461e-07,7.99257620828341e-06,7.60556445495197e-05)
(6.7753507496116e-05,2.40419688652249e-05,-2.46971496322266e-06)
(-88.4274360085191,30.7514331879101,-663696.675253872)
(-284558.300816626,-11018.493890416,-1334357.7356184)
(0,0,0)
(0,0,0)
(0,0,0)
(0,0,0)
(0,0,0)
(0,0,0)
(-716485.079836261,-163499.472056558,-4420.96573814967)
(-713254.611383164,-162844.794978043,-16218.8730974493)
(-702421.25995253,-159586.844441782,-47322.2238630553)
(-671744.073070147,-149022.500953521,-120374.924507805)
(-591379.114113936,-122133.717202979,-273224.337272633)
(-397336.248432807,-68402.9081458385,-521204.218868728)
(1.09814586560777e-05,0.000121735798152723,9.04284231845499e-05)
(0.000116892697723336,-2.13886398578709e-06,-3.00728165102749e-07)
(53.6099646999653,-40455.9383940903,-674754.791156937)
(-306077.599240126,-58866.4518707585,-1323298.93747917)
(0,0,0)
(0,0,0)
(0,0,0)
(0,0,0)
(0,0,0)
(0,0,0)
(-781473.171205846,-452445.574172145,-3844.72258301573)
(-778065.414154975,-450823.016442799,-13197.2566886826)
(-767191.498959041,-444882.483092787,-37063.0106962775)
(-737194.647385327,-427055.144801373,-93745.4801599952)
(-657643.528748048,-378081.942694479,-219698.560626341)
(-455176.512775092,-252999.508833415,-452933.714767772)
(0.000141226183373473,-6.93845373539517e-06,-7.43832689613436e-06)
(58.0395051530381,-35348.3285442228,-40524.7509796241)
(-399069.905689194,-229088.105512055,-693213.016950361)
(-401410.186390676,-172523.419214376,-1264457.25935012)
(0,0,0)
(0,0,0)
(0,0,0)
(0,0,0)
(0,0,0)
(0,0,0)
(-761184.484920959,-921309.812428786,-2262.85518138922)
(-758526.689285161,-919919.141183171,-7420.32317824046)
(-750307.637513167,-915302.106968908,-19535.5493041682)
(-728162.640232772,-902812.223633844,-45106.8241241308)
(-669008.387194578,-872910.631734721,-94902.0796247181)
(-505328.684429737,-807320.010856217,-200128.020857669)
(19.1189707845296,-659459.887744908,-35601.9289979748)
(-405394.975221305,-692913.485818796,-234396.585224508)
(-547915.734129984,-635569.548620607,-636787.886946129)
(-427822.322621602,-401351.499405242,-1092112.45888395)
(0,0,0)
(0,0,0)
(0,0,0)
(0,0,0)
(0,0,0)
(0,0,0)
(-533011.842450591,-1450439.83530194,-915.292686293113)
(-531636.446859399,-1449573.71270064,-2864.19211485416)
(-527489.072244118,-1446692.99608787,-7189.14137332695)
(-517032.959889618,-1439379.97630064,-15461.8187060362)
(-491972.912383703,-1423673.17564102,-29603.0294043979)
(-436811.938135217,-1393800.20174618,-52492.6841539632)
(-344247.495662826,-1341072.35994914,-69278.8149008364)
(-412830.146321366,-1271566.05941065,-177211.146431993)
(-430518.302056702,-1094227.08824864,-402773.966746623)
(-313252.807916408,-691278.63383226,-691028.307970169)
(0,0,0)
(0,0,0)
(0,0,0)
(0,0,0)
(0,0,0)
(0,0,0)
(0,0,0)
(0,0,0)
(0,0,0)
(0,0,0)
(0,0,0)
(0,0,0)
(0,0,0)
(0,0,0)
(0,0,0)
(0,0,0)
(0,0,0)
(0,0,0)
(0,0,0)
(0,0,0)
(0,0,0)
(0,0,0)
(0,0,0)
(0,0,0)
(0,0,0)
(0,0,0)
(0,0,0)
(0,0,0)
(0,0,0)
(0,0,0)
(0,0,0)
(0,0,0)
(0,0,0)
(0,0,0)
(0,0,0)
(0,0,0)
(0,0,0)
(0,0,0)
(0,0,0)
(0,0,0)
(0,0,0)
(0,0,0)
(0,0,0)
(0,0,0)
(0,0,0)
(0,0,0)
(0,0,0)
(0,0,0)
(0,0,0)
(0,0,0)
(0,0,0)
(0,0,0)
(0,0,0)
(0,0,0)
(0,0,0)
(0,0,0)
(0,0,0)
(0,0,0)
(0,0,0)
(0,0,0)
(0,0,0)
(0,0,0)
(0,0,0)
(0,0,0)
(0,0,0)
(0,0,0)
(0,0,0)
(0,0,0)
(0,0,0)
(0,0,0)
(0,0,0)
(0,0,0)
(0,0,0)
(0,0,0)
(0,0,0)
(0,0,0)
(0,0,0)
(0,0,0)
(0,0,0)
(0,0,0)
(0,0,0)
(0,0,0)
(0,0,0)
(0,0,0)
(0,0,0)
(0,0,0)
(0,0,0)
(0,0,0)
(0,0,0)
(0,0,0)
(0,0,0)
(0,0,0)
(0,0,0)
(0,0,0)
(0,0,0)
(0,0,0)
(0,0,0)
(0,0,0)
(0,0,0)
(0,0,0)
(0,0,0)
(0,0,0)
(-458750.959901718,10839.9058997075,7600.80534717381)
(-462946.217110667,9786.96229968127,12456.2092959923)
(-471278.320935217,7436.38003433698,11029.6148530215)
(-483280.722758252,3402.86182410652,-2068.94549207573)
(-497846.698913483,-2850.02329248491,-35198.1575086895)
(-512783.542549467,-11013.7636908152,-101157.520939058)
(-523821.934669491,-16840.5404768236,-219177.469277388)
(-519018.418338749,-7109.30274536453,-416201.044442864)
(-457879.060999305,2477.44033595986,-677662.818963893)
(-287354.618726599,3358.25774440087,-903482.83133714)
(0,0,0)
(0,0,0)
(0,0,0)
(0,0,0)
(0,0,0)
(0,0,0)
(-465331.730202131,19055.8104058217,6538.71138126711)
(-468518.818685263,17148.1846290963,10116.6028105741)
(-474329.864326173,12782.8428804303,6981.66699503263)
(-481207.557239582,4897.79816783756,-8308.40529234926)
(-486162.439358649,-8503.78465225135,-43367.4284949054)
(-485250.864069012,-29700.7940160201,-106987.493004192)
(-478016.342834079,-52890.1856815586,-209485.408723525)
(-475304.048861085,-11986.8236812954,-406630.200405624)
(-430965.024110391,16788.4243081641,-676790.226317316)
(-275620.832620497,12771.8932530376,-906867.272694186)
(0,0,0)
(0,0,0)
(0,0,0)
(0,0,0)
(0,0,0)
(0,0,0)
(-478997.814048665,20864.1195152908,4569.24314917108)
(-480253.923548435,18536.1552761154,5728.7326806438)
(-481185.069195774,13165.4709579435,-923.380959407979)
(-477602.657791845,3063.90926116543,-21745.4122688051)
(-460860.320232846,-15954.7071407143,-64642.398252718)
(-417171.138745551,-55419.1929726104,-130228.559860895)
(-342597.523022432,-148203.154621713,-168631.798168363)
(-346737.988522035,20637.8136285097,-377841.926528826)
(-362062.71557022,80981.2435005086,-680766.448829626)
(-248483.809382253,38215.6328131713,-919540.997074072)
(0,0,0)
(0,0,0)
(0,0,0)
(0,0,0)
(0,0,0)
(0,0,0)
(-500220.207729518,9844.99241882441,2193.26757080497)
(-499044.252355407,7820.10250632998,352.025831371374)
(-493688.608520465,3363.22002593438,-11016.317188313)
(-475946.730096233,-4272.95356913894,-40843.4776377564)
(-426683.850523695,-15591.6938531901,-104188.071728263)
(-301816.988471512,-25945.2080307572,-223100.149381918)
(3.39669577705795e-05,7.21167385048295e-06,4.05811175750885e-06)
(-388.028495307497,-416.307021290479,-317509.476679578)
(-221704.839022906,317095.692827651,-723530.830842791)
(-202433.260945593,81199.6280250993,-957707.394095747)
(0,0,0)
(0,0,0)
(0,0,0)
(0,0,0)
(0,0,0)
(0,0,0)
(-528576.436903417,-24423.6267761638,95.2732203787043)
(-525162.920963049,-25524.9766270531,-4163.30994069069)
(-514182.275338079,-27525.3266373848,-18663.1685090514)
(-484881.863908171,-29698.1835947508,-52214.8771790614)
(-414765.926530466,-30017.1200235753,-114610.200148776)
(-264793.573110818,-23291.4401109618,-197295.211039188)
(-4.55057753407962e-06,1.0549863987427e-06,8.40117155390183e-06)
(8.02779951362861e-05,3.58820851096718e-06,1.66355743631544e-05)
(-279.27080251486,-178.969342549241,-959432.371336678)
(-148873.378920421,11030.9476582743,-1038827.70119735)
(0,0,0)
(0,0,0)
(0,0,0)
(0,0,0)
(0,0,0)
(0,0,0)
(-560261.499448951,-97431.13831276,-1118.08298120727)
(-555319.228376748,-97392.1230736557,-6296.42465996244)
(-540724.788325598,-96397.562651699,-20943.337434614)
(-504693.100120121,-92008.0076643315,-52645.7241190741)
(-423887.876614718,-79298.1640884716,-107975.78384018)
(-262417.796060844,-50383.0748023948,-174125.986977305)
(4.92608767298919e-07,4.04831169967438e-06,-1.60200564480489e-11)
(5.58135570311021e-05,3.38797838121952e-06,1.21401645747052e-05)
(-105.903664630073,174.598771760899,-948221.984425417)
(-139377.988935314,-32545.598483211,-1049825.75016524)
(0,0,0)
(0,0,0)
(0,0,0)
(0,0,0)
(0,0,0)
(0,0,0)
(-584227.674109554,-228470.553293888,-1217.99074558591)
(-578785.126997233,-227606.846830238,-5472.75137494003)
(-563244.757291898,-224325.638455832,-16721.1782314377)
(-525952.282908174,-214422.870948685,-40098.1051090576)
(-443230.030225482,-188339.003303115,-79206.3497828665)
(-276837.215908119,-126198.041470818,-123890.41563913)
(8.25194092833269e-06,8.58806905416176e-06,-1.89237080460934e-11)
(9.69897662690576e-05,4.83642104335998e-06,1.84544698684295e-05)
(210.140607719894,-439606.82074979,-980999.551583026)
(-148099.835763493,-154215.102074479,-1017307.81146841)
(0,0,0)
(0,0,0)
(0,0,0)
(0,0,0)
(0,0,0)
(0,0,0)
(-577338.730489859,-432147.94127895,-457.052730926335)
(-572488.651993679,-431254.232441632,-2386.42928082339)
(-558866.017259067,-427956.943983881,-7080.60545275046)
(-526491.058958648,-417960.87777114,-14246.1870569712)
(-453606.311604269,-389376.812320428,-17245.5951834381)
(-297713.441820691,-303107.038383324,2200.33077466489)
(0.000122160800129091,2.1519020798159e-05,6.31854457088328e-06)
(-98.16643901651,-440823.280869331,-439718.096841285)
(-204774.601714299,-377956.341126047,-695663.880439922)
(-189206.864160334,-198949.100984678,-863133.203760066)
(0,0,0)
(0,0,0)
(0,0,0)
(0,0,0)
(0,0,0)
(0,0,0)
(-500614.57225729,-693110.176980679,392.323038056998)
(-497173.380642837,-692980.140287836,764.922241930417)
(-487734.336797357,-692412.326467964,2647.00401020454)
(-465906.865706857,-691612.841144601,14043.1928577506)
(-417324.945220411,-695789.51807622,68772.4566393725)
(-306112.850455816,-738741.905701249,305191.489983375)
(-352.037194145126,-1003685.38600961,-441043.507568759)
(-209956.871414475,-700335.593412073,-376969.298832847)
(-267905.535237924,-518175.089135181,-516760.74971578)
(-192403.95787456,-286793.92756035,-664334.287887146)
(0,0,0)
(0,0,0)
(0,0,0)
(0,0,0)
(0,0,0)
(0,0,0)
(-309202.592263412,-917397.640811616,478.213643764944)
(-307496.3193347,-917888.214770227,1246.16060145639)
(-302889.327710555,-919065.35271587,3299.44231580113)
(-292769.730310638,-922212.664834998,9636.03642721819)
(-272108.372130584,-931588.72640317,25570.7045010611)
(-233143.246851469,-956901.247360491,40061.3548765524)
(-173227.56348836,-996757.437327042,-137886.525980484)
(-197418.915285102,-858693.200213788,-194940.150215036)
(-194422.574271603,-663672.093298216,-285538.873837091)
(-129798.935535304,-378005.009810945,-377781.663967608)
(0,0,0)
(0,0,0)
(0,0,0)
(0,0,0)
(0,0,0)
(0,0,0)
(0,0,0)
(0,0,0)
(0,0,0)
(0,0,0)
(0,0,0)
(0,0,0)
(0,0,0)
(0,0,0)
(0,0,0)
(0,0,0)
(0,0,0)
(0,0,0)
(0,0,0)
(0,0,0)
(0,0,0)
(0,0,0)
(0,0,0)
(0,0,0)
(0,0,0)
(0,0,0)
(0,0,0)
(0,0,0)
(0,0,0)
(0,0,0)
(0,0,0)
(0,0,0)
(0,0,0)
(0,0,0)
(0,0,0)
(0,0,0)
(0,0,0)
(0,0,0)
(0,0,0)
(0,0,0)
(0,0,0)
(0,0,0)
(0,0,0)
(0,0,0)
(0,0,0)
(0,0,0)
(0,0,0)
(0,0,0)
(0,0,0)
(0,0,0)
(0,0,0)
(0,0,0)
(0,0,0)
(0,0,0)
(0,0,0)
(0,0,0)
(0,0,0)
(0,0,0)
(0,0,0)
(0,0,0)
(0,0,0)
(0,0,0)
(0,0,0)
(0,0,0)
(0,0,0)
(0,0,0)
(0,0,0)
(0,0,0)
(0,0,0)
(0,0,0)
(0,0,0)
(0,0,0)
(0,0,0)
(0,0,0)
(0,0,0)
(0,0,0)
(0,0,0)
(0,0,0)
(0,0,0)
(0,0,0)
(0,0,0)
(0,0,0)
(0,0,0)
(0,0,0)
(0,0,0)
(0,0,0)
(0,0,0)
(0,0,0)
(0,0,0)
(0,0,0)
(0,0,0)
(0,0,0)
(0,0,0)
(0,0,0)
(0,0,0)
(0,0,0)
(0,0,0)
(0,0,0)
(0,0,0)
(0,0,0)
(0,0,0)
(0,0,0)
(-466203.167381487,4261.70299562817,3190.50448413748)
(-467879.469092244,4246.51897455434,3877.23749115929)
(-470655.41273817,4431.74685315666,-1177.41755904504)
(-473212.386204407,5515.5562786503,-16761.3103915376)
(-473273.322641669,8873.4734913826,-50208.1601547329)
(-467324.157741556,16544.889487914,-112212.434450556)
(-450646.355259074,28960.6238401994,-214348.63770117)
(-414850.68765647,36552.0858074911,-355068.454190942)
(-335096.122077848,29339.8191753873,-507191.212287787)
(-193413.157551545,15065.8995912988,-616198.573054148)
(0,0,0)
(0,0,0)
(0,0,0)
(0,0,0)
(0,0,0)
(0,0,0)
(-469673.48805519,5439.9685729048,3163.49227577985)
(-470656.665739677,5479.36826718835,4068.49003756131)
(-471748.132629695,5999.46288523508,-80.9576909956175)
(-470951.347011379,8565.69363855665,-13387.305279104)
(-464969.105420313,16851.1268278764,-42558.2925539365)
(-449778.425874954,38353.3160262041,-99839.1572862848)
(-424505.434207054,82429.8094094185,-206819.251482533)
(-399786.513932217,116500.595038922,-362285.295642842)
(-328111.812197693,85644.9739315886,-521443.662311748)
(-190615.917874041,39897.4242381784,-631280.101705085)
(0,0,0)
(0,0,0)
(0,0,0)
(0,0,0)
(0,0,0)
(0,0,0)
(-476353.428193809,-343.685135714354,3139.26785376149)
(-476015.082722886,-215.071015713299,4594.86631111185)
(-473843.04610995,719.104833244144,2533.20127727796)
(-466151.985281871,4740.11576898439,-5091.89336312087)
(-446182.614543504,18166.6537400268,-21085.1259646122)
(-403889.301144246,59770.6398361443,-55784.2873758558)
(-337235.426904208,194063.815341173,-172780.389425835)
(-376693.202188591,366829.078318303,-393153.659038661)
(-323689.252358657,221277.279010462,-567159.427329091)
(-188885.054801872,84244.1101918811,-671104.867863186)
(0,0,0)
(0,0,0)
(0,0,0)
(0,0,0)
(0,0,0)
(0,0,0)
(-485326.369392186,-18468.4082212718,3230.88474822499)
(-483351.153307515,-18225.4417586592,5548.15644327592)
(-476968.801826655,-17056.5591078859,6604.0136905943)
(-459708.656377276,-13188.9878601288,8295.04360075263)
(-416984.762175841,-3716.61032011367,20479.2193130445)
(-311045.038188486,10993.9451089733,78483.963757191)
(2.25039283221034e-05,-4.2907187889642e-06,1.35420991512956e-05)
(-436688.86247014,-199.829118200728,-538710.779721619)
(-373384.316011419,538467.70403741,-704221.727760063)
(-201781.179096708,134719.106191411,-755348.805608458)
(0,0,0)
(0,0,0)
(0,0,0)
(0,0,0)
(0,0,0)
(0,0,0)
(-494454.173236934,-56026.2847242779,3435.61283652074)
(-491046.171074431,-55609.8074994005,6703.22868864502)
(-480983.969069364,-54042.6128516064,10490.9761636504)
(-455760.195210196,-49542.1451396663,17722.4647452094)
(-396705.212814006,-39185.8566444132,35130.9973530484)
(-265085.921070305,-20918.1810467018,67335.471468212)
(-7.89810411279566e-06,-9.64879820422895e-07,-1.73813714835411e-07)
(5.28671490247395e-05,-2.25453071332001e-06,2.87212820408411e-05)
(-680441.283407336,-33.7097466695701,-1107978.06760661)
(-252590.853936214,20490.1568457124,-890031.643245123)
(0,0,0)
(0,0,0)
(0,0,0)
(0,0,0)
(0,0,0)
(0,0,0)
(-498676.473096952,-121389.503291445,3778.19221516823)
(-494481.53480486,-120854.243325055,8184.93446893848)
(-482581.411508763,-118938.475718929,14937.4205194288)
(-454020.330536918,-113280.462585833,28002.9683823928)
(-389757.952152209,-98632.7100736101,53319.8973490816)
(-253416.713538395,-64764.4492548342,88165.083034764)
(-1.00428295301278e-06,3.05730838496347e-08,1.23683146830398e-12)
(3.7999492598208e-05,-5.5160406032649e-06,2.10755755596707e-05)
(-644414.657162725,506.766589702337,-1087490.26493122)
(-254559.38170992,-41266.7045153718,-910552.010795533)
(0,0,0)
(0,0,0)
(0,0,0)
(0,0,0)
(0,0,0)
(0,0,0)
(-488277.292462971,-221543.800455833,4203.91551780797)
(-484174.409554537,-221249.734679044,9988.68942909904)
(-472804.867339165,-219884.317878067,20494.6416355023)
(-446339.653734495,-214926.142149216,42527.6920252071)
(-387698.352118414,-198700.685771146,87063.9896156736)
(-260327.915735971,-147043.275413528,152833.515602215)
(4.48360011329903e-06,2.4313627530836e-06,-1.35526170643178e-12)
(5.27070224548449e-05,8.80786936303178e-06,2.99588324926552e-05)
(-706802.564705542,-644555.291786598,-1129378.13734562)
(-254056.5464441,-195336.219329774,-869351.911850617)
(0,0,0)
(0,0,0)
(0,0,0)
(0,0,0)
(0,0,0)
(0,0,0)
(-447951.27433207,-355324.844381025,4393.58776740518)
(-444702.812245362,-355838.224751961,11196.2380920045)
(-436098.183573856,-356717.845753689,25261.9322824152)
(-417428.230097384,-357283.648320901,58556.6095928348)
(-379277.78397466,-352998.94750904,138526.343701121)
(-294605.337769194,-311364.374851984,299739.33908808)
(7.10720784826035e-05,3.74083958687186e-05,1.28294079147038e-05)
(-519982.040220586,-650565.894612081,-644444.993040416)
(-372577.026568155,-441047.434080511,-680150.425892658)
(-188531.414292991,-202156.073350983,-674006.021738785)
(0,0,0)
(0,0,0)
(0,0,0)
(0,0,0)
(0,0,0)
(0,0,0)
(-358215.829344127,-501568.392004932,3844.80471074037)
(-356175.26194031,-503183.671484202,10192.1327404547)
(-351285.123979642,-507454.008316988,24479.0824860354)
(-342974.257760787,-518338.518791723,62601.3450107829)
(-337231.804131407,-550407.678238407,179916.934651145)
(-382847.296682443,-665595.965629479,610882.971655266)
(-791865.538692112,-1176363.18133094,-650683.943201254)
(-388560.694964237,-687678.380218964,-434967.634044604)
(-258006.319407714,-444629.796056387,-441284.487898947)
(-139754.349395256,-224172.105968498,-471918.063760731)
(0,0,0)
(0,0,0)
(0,0,0)
(0,0,0)
(0,0,0)
(0,0,0)
(-205037.563877378,-607953.137647957,2219.71725699072)
(-204109.897042644,-610182.661938838,5832.28541957251)
(-201986.029958325,-615947.01364093,13421.9929912844)
(-198807.281525872,-629197.695172307,30318.7205871062)
(-197466.217932311,-659251.190381387,64520.0785318102)
(-210626.834310248,-723541.923815138,99949.6241762482)
(-264154.235597159,-823360.00684015,-162126.87820575)
(-194063.459100008,-661170.755125992,-191989.959483817)
(-140948.292337925,-469169.015823236,-220925.021650642)
(-78814.0503388702,-248146.114624112,-247935.898191463)
(0,0,0)
(0,0,0)
(0,0,0)
(0,0,0)
(0,0,0)
(0,0,0)
(0,0,0)
(0,0,0)
(0,0,0)
(0,0,0)
(0,0,0)
(0,0,0)
(0,0,0)
(0,0,0)
(0,0,0)
(0,0,0)
(0,0,0)
(0,0,0)
(0,0,0)
(0,0,0)
(0,0,0)
(0,0,0)
(0,0,0)
(0,0,0)
(0,0,0)
(0,0,0)
(0,0,0)
(0,0,0)
(0,0,0)
(0,0,0)
(0,0,0)
(0,0,0)
(0,0,0)
(0,0,0)
(0,0,0)
(0,0,0)
(0,0,0)
(0,0,0)
(0,0,0)
(0,0,0)
(0,0,0)
(0,0,0)
(0,0,0)
(0,0,0)
(0,0,0)
(0,0,0)
(0,0,0)
(0,0,0)
(0,0,0)
(0,0,0)
(0,0,0)
(0,0,0)
(0,0,0)
(0,0,0)
(0,0,0)
(0,0,0)
(0,0,0)
(0,0,0)
(0,0,0)
(0,0,0)
(0,0,0)
(0,0,0)
(0,0,0)
(0,0,0)
(0,0,0)
(0,0,0)
(0,0,0)
(0,0,0)
(0,0,0)
(0,0,0)
(0,0,0)
(0,0,0)
(0,0,0)
(0,0,0)
(0,0,0)
(0,0,0)
(0,0,0)
(0,0,0)
(0,0,0)
(0,0,0)
(0,0,0)
(0,0,0)
(0,0,0)
(0,0,0)
(0,0,0)
(0,0,0)
(0,0,0)
(0,0,0)
(0,0,0)
(0,0,0)
(0,0,0)
(0,0,0)
(0,0,0)
(0,0,0)
(0,0,0)
(0,0,0)
(0,0,0)
(0,0,0)
(0,0,0)
(0,0,0)
(0,0,0)
(0,0,0)
(-468350.633349932,784.228882651519,1363.23708579725)
(-468851.753346455,1492.48675855481,843.034581454268)
(-469228.210599178,3389.59349345135,-3973.76105099365)
(-468092.399329881,7826.4401946222,-16920.1881201447)
(-463068.324236812,17194.4448223236,-44319.6313473235)
(-450134.030247747,34085.5876408848,-95595.3464820197)
(-422771.363131683,55082.6344789879,-178552.973088399)
(-369719.89437029,51569.3969781945,-275253.163352775)
(-281084.892784945,36284.396541165,-365548.789186846)
(-153930.982399298,17849.8040920123,-422880.768431101)
(0,0,0)
(0,0,0)
(0,0,0)
(0,0,0)
(0,0,0)
(0,0,0)
(-469653.372759603,-1274.63050342987,2038.74409049445)
(-469979.322930995,101.420255125231,2752.46778524382)
(-470020.07954218,3907.7339356625,506.274255517243)
(-468471.508374481,13374.5122068055,-7521.63639356501)
(-463478.634825862,35637.8823463194,-27455.5445120094)
(-452655.007217607,84186.9382881589,-74680.31381663)
(-431541.496390592,169599.154601783,-182160.771755888)
(-379357.233883123,139545.569908745,-290566.22473553)
(-288486.457259266,90049.6381274375,-383956.821260227)
(-157639.919943667,41625.3812841521,-440708.39638274)
(0,0,0)
(0,0,0)
(0,0,0)
(0,0,0)
(0,0,0)
(0,0,0)
(-471483.141266725,-9464.22286141304,3319.30543090036)
(-471482.697068388,-7681.52304825088,6569.86307977926)
(-470890.032368109,-2513.09685900996,10037.6801326127)
(-468560.984106738,11082.6300411738,14738.5611231094)
(-464076.042955758,47211.1763763203,21058.6955053608)
(-461700.407084262,152366.483025686,10690.2567078482)
(-475611.627742317,530974.370685423,-212308.758537679)
(-415992.34332711,306661.084465427,-340125.131955836)
(-312927.405090231,171505.277904274,-432342.619001096)
(-168673.510377046,71320.5836737533,-482249.365815518)
(0,0,0)
(0,0,0)
(0,0,0)
(0,0,0)
(0,0,0)
(0,0,0)
(-472103.93601364,-27744.6582372685,5058.00199731124)
(-471707.057146449,-26030.661695849,11763.0444838472)
(-470218.982880007,-21176.3789303616,23676.5076085537)
(-466433.150642138,-9346.1849431846,50829.8168577684)
(-461516.252976388,16398.7301457092,126173.753888923)
(-478492.044727641,56708.4607451091,389278.782708654)
(-705689.24759501,-432.020470503469,-436686.061627759)
(-527667.975009274,436297.827599768,-475343.692222971)
(-376007.976231218,231352.383490801,-532567.137589693)
(-193343.670061506,83891.1337476053,-553575.196698751)
(0,0,0)
(0,0,0)
(0,0,0)
(0,0,0)
(0,0,0)
(0,0,0)
(-468553.431492402,-60384.5409641841,6739.14098238483)
(-467799.628434178,-59159.8366738982,16621.7733201807)
(-465289.304444672,-55761.5607304629,35512.2904955865)
(-458188.976724357,-47929.3123942657,76524.1994608274)
(-437847.268516032,-32359.8506636257,166424.835972189)
(-364728.837019699,-9310.16680610004,332086.379472789)
(3.73434592570551e-05,-1.71512715735606e-05,-3.16800787871987e-05)
(-697439.513664907,63.0049875222412,-680345.235509519)
(-485313.347126388,35959.9796659115,-680080.767965573)
(-229768.59529464,18487.5749328457,-637499.467792386)
(0,0,0)
(0,0,0)
(0,0,0)
(0,0,0)
(0,0,0)
(0,0,0)
(-455858.293299091,-111139.723765538,7937.00300349356)
(-455030.804921731,-110664.855148153,19991.2915946189)
(-452410.052125344,-109267.276944052,43325.6484247887)
(-444989.675750613,-105685.412677448,92051.0939216641)
(-422838.070972091,-96627.7343564958,189399.096434416)
(-343012.534789234,-71685.501909495,341370.252788646)
(2.80219999713099e-05,-2.72830248057413e-05,-2.2394307849745e-05)
(-655825.797361089,9.23573964317335,-644517.533492469)
(-493449.852620893,-61894.2755008807,-697628.082867517)
(-236829.062122673,-40779.2149319039,-656091.612590014)
(0,0,0)
(0,0,0)
(0,0,0)
(0,0,0)
(0,0,0)
(0,0,0)
(-426562.31621281,-181195.112850687,8340.41283498906)
(-426056.254049924,-181757.451834614,21314.8540168376)
(-424464.032465161,-183146.384912227,46853.1271110112)
(-420224.47203052,-185984.647353196,101037.180082782)
(-407297.214621555,-190246.233422242,214254.541651668)
(-349471.315460421,-181281.337680569,412993.777147199)
(4.11766600193994e-05,-3.9435293231102e-05,-2.8959621901621e-05)
(-722515.888261232,-519906.184282172,-706550.965884114)
(-488362.236636871,-310314.027597566,-676571.5418561)
(-226194.099872862,-129830.230422017,-615382.972937223)
(0,0,0)
(0,0,0)
(0,0,0)
(0,0,0)
(0,0,0)
(0,0,0)
(-371388.599745374,-265456.766436565,7698.97899917659)
(-371367.011809539,-267199.508200864,19805.2349296047)
(-371526.792918109,-271792.021519785,43879.4808814129)
(-373433.847088566,-282712.678262649,96613.1287820478)
(-385133.802334943,-310827.989052124,223050.902772216)
(-447550.291430378,-399452.716126379,594167.234879214)
(-808526.973292871,-791636.786109934,-519914.648366598)
(-543766.434170473,-519051.733904421,-496984.704794454)
(-357339.357698358,-326432.012932539,-496104.388329271)
(-175543.889963661,-153380.03996043,-485542.103120198)
(0,0,0)
(0,0,0)
(0,0,0)
(0,0,0)
(0,0,0)
(0,0,0)
(-281368.469072971,-348216.226655812,5912.09994809054)
(-281641.788823266,-350925.155162109,15104.273792294)
(-282792.718506021,-357969.435593775,32789.2823926664)
(-287229.468011597,-373992.188661703,68324.0030425333)
(-303472.854025056,-410493.518420493,134230.582304551)
(-356662.759841888,-493207.532379921,201800.861717535)
(-485841.369896117,-648434.069044276,-247426.024144117)
(-357576.851494486,-493030.363775863,-304431.237742433)
(-238358.991105625,-327450.014925359,-323060.564051702)
(-120860.225532345,-163171.456633975,-332163.271241064)
(0,0,0)
(0,0,0)
(0,0,0)
(0,0,0)
(0,0,0)
(0,0,0)
(-153819.871470426,-402613.535451377,3179.61638861737)
(-154066.591418146,-405760.424023574,7971.57962558134)
(-154938.84665331,-413658.873458798,16613.8341855875)
(-157749.057129854,-430122.389494329,31685.8106221983)
(-166004.780502907,-461619.161855382,51350.0166276847)
(-186132.623845419,-512757.597095408,46405.8708783424)
(-215051.939118641,-559035.196876984,-92095.2977674746)
(-173325.879819276,-466956.443319772,-138906.7975043)
(-120416.411681509,-328064.450940574,-158824.2421455)
(-62506.594191973,-169207.307923966,-169095.847002407)
(0,0,0)
(0,0,0)
(0,0,0)
(0,0,0)
(0,0,0)
(0,0,0)
(0,0,0)
(0,0,0)
(0,0,0)
(0,0,0)
(0,0,0)
(0,0,0)
(0,0,0)
(0,0,0)
(0,0,0)
(0,0,0)
(0,0,0)
(0,0,0)
(0,0,0)
(0,0,0)
(0,0,0)
(0,0,0)
(0,0,0)
(0,0,0)
(0,0,0)
(0,0,0)
(0,0,0)
(0,0,0)
(0,0,0)
(0,0,0)
(0,0,0)
(0,0,0)
(0,0,0)
(0,0,0)
(0,0,0)
(0,0,0)
(0,0,0)
(0,0,0)
(0,0,0)
(0,0,0)
(0,0,0)
(0,0,0)
(0,0,0)
(0,0,0)
(0,0,0)
(0,0,0)
(0,0,0)
(0,0,0)
(0,0,0)
(0,0,0)
(0,0,0)
(0,0,0)
(0,0,0)
(0,0,0)
(0,0,0)
(0,0,0)
(0,0,0)
(0,0,0)
(0,0,0)
(0,0,0)
(0,0,0)
(0,0,0)
(0,0,0)
(0,0,0)
(0,0,0)
(0,0,0)
(0,0,0)
(0,0,0)
(0,0,0)
(0,0,0)
(0,0,0)
(0,0,0)
(0,0,0)
(0,0,0)
(0,0,0)
(0,0,0)
(0,0,0)
(0,0,0)
(0,0,0)
(0,0,0)
(0,0,0)
(0,0,0)
(0,0,0)
(0,0,0)
(0,0,0)
(0,0,0)
(0,0,0)
(0,0,0)
(0,0,0)
(0,0,0)
(0,0,0)
(0,0,0)
(0,0,0)
(0,0,0)
(0,0,0)
(0,0,0)
(0,0,0)
(0,0,0)
(0,0,0)
(0,0,0)
(0,0,0)
(0,0,0)
(-468499.660174457,-553.704195546944,702.731020067645)
(-468694.984936796,346.549482891516,199.413127517346)
(-468527.147622747,2613.83838747636,-3115.48823638434)
(-466615.059398603,7497.45007988343,-12090.2782475467)
(-460416.673111521,16839.3787571765,-31581.3081300174)
(-444975.791170967,31626.8735318016,-68366.4207385975)
(-411990.047029578,46359.4267581684,-125507.16359887)
(-350645.307474241,41915.5237629194,-186497.274257833)
(-258030.64278478,28833.599093862,-238385.123351865)
(-137476.008747478,14118.0486891222,-268958.145692805)
(0,0,0)
(0,0,0)
(0,0,0)
(0,0,0)
(0,0,0)
(0,0,0)
(-468566.526661053,-3200.86723559964,1560.31694150287)
(-469067.703032984,-1483.07362943444,2478.32015581406)
(-469750.685003933,3017.98095609701,1804.783048946)
(-469783.468320866,13323.0965282835,-2708.90345306702)
(-467621.822431564,35084.4843936914,-16810.8214838808)
(-459298.024499315,75180.8327363372,-53721.7634067094)
(-434430.306705221,125561.592407445,-130035.118741355)
(-370785.678997675,102935.552497717,-199626.702361601)
(-271761.368864631,65588.3504869628,-253106.542149341)
(-144158.935155422,30581.0788600825,-283050.557108549)
(0,0,0)
(0,0,0)
(0,0,0)
(0,0,0)
(0,0,0)
(0,0,0)
(-467572.998109691,-10287.0062938209,3175.99590118473)
(-468675.643695346,-8084.98612683356,6970.85502554084)
(-471076.842492121,-1966.18477738268,12141.8308830322)
(-475310.865576762,13150.2752586238,19064.5336227155)
(-482913.574999313,49699.5186725638,23287.0313873978)
(-495310.259106943,135465.668727937,-3387.9525815202)
(-501453.985604146,300769.365375633,-152753.367687877)
(-423699.113665588,194918.304707015,-237029.349558705)
(-304672.446318473,108387.195169265,-288083.15301276)
(-159259.871983132,46648.5316435433,-313564.244190134)
(0,0,0)
(0,0,0)
(0,0,0)
(0,0,0)
(0,0,0)
(0,0,0)
(-463319.803187319,-24401.8378554296,5330.69873528901)
(-465225.24387989,-22307.6137964629,13071.5131383582)
(-469969.240865542,-16382.4842856203,27238.0706321295)
(-480452.924598895,-1167.86848108763,55575.9883286036)
(-505243.283392835,39970.9682161553,109031.569201461)
(-566219.419386368,170326.944099009,161897.668489115)
(-689348.186896568,704993.282804183,-258667.309637869)
(-534241.379684494,266443.796315916,-323619.396571544)
(-363382.166473221,121997.57593816,-349855.587098436)
(-183806.777856213,47460.9754565545,-360204.92311674)
(0,0,0)
(0,0,0)
(0,0,0)
(0,0,0)
(0,0,0)
(0,0,0)
(-452506.240116521,-47840.5990687662,7391.56983745522)
(-455179.944825333,-46510.7461918887,18975.0186240366)
(-462179.149280622,-42939.709375651,42422.0885500194)
(-478872.326319451,-34739.2266342178,96676.7962982438)
(-523170.822129258,-17360.9081580375,239332.226285664)
(-664024.530188432,12440.0233322126,696514.8402212)
(-1225217.80230707,324.562355379394,-697280.023268247)
(-701872.398004264,41736.4937303466,-468139.836343317)
(-434759.262218936,27783.1680919528,-424479.513404563)
(-210441.165068445,11391.7890309885,-407737.757205196)
(0,0,0)
(0,0,0)
(0,0,0)
(0,0,0)
(0,0,0)
(0,0,0)
(-430461.18218421,-81940.9676645648,8703.25748092074)
(-433653.485541499,-81714.8997366614,22530.0916454621)
(-442134.042834011,-81299.3901322986,50613.7631107768)
(-462287.938753263,-80883.6750617308,114056.474540937)
(-514157.576530165,-81062.2172551394,269077.289196111)
(-667671.964592498,-78145.2732238236,684322.015555419)
(-1200149.70655661,-83.5142839702311,-655942.476348079)
(-721189.70731301,-66674.6873927827,-482167.385273022)
(-450048.823652606,-56826.1321364704,-440959.114012882)
(-216966.868382573,-30171.5891889647,-419257.929533022)
(0,0,0)
(0,0,0)
(0,0,0)
(0,0,0)
(0,0,0)
(0,0,0)
(-391430.181133816,-125927.208786605,8854.10604304603)
(-394834.264754063,-126961.467595705,22878.6846062305)
(-403795.190137929,-130096.298349439,51006.7504961409)
(-424869.808045665,-139093.948278405,113862.359727962)
(-478408.869965217,-168026.100280651,271937.898097134)
(-638647.557286382,-279341.213020636,762310.079719912)
(-1248049.6329006,-808496.918860114,-722572.273295394)
(-698270.813313135,-341123.007053953,-472369.028582329)
(-423952.602587573,-179281.233668833,-414323.561099263)
(-202342.108744701,-79208.3589200836,-389138.782496304)
(0,0,0)
(0,0,0)
(0,0,0)
(0,0,0)
(0,0,0)
(0,0,0)
(-329812.409015175,-175259.986022716,7756.5865059122)
(-332928.764875534,-177313.542290787,19670.4142669881)
(-340991.631376451,-182908.17069031,41947.1250662024)
(-359078.249279753,-196351.785999012,84849.3649779961)
(-399785.296570686,-229026.226174616,160500.985107703)
(-490972.479810385,-308447.550585911,233029.511052986)
(-659909.313112087,-468835.798982045,-255249.269005867)
(-496779.230916923,-332804.543861189,-310554.935452185)
(-325485.773305964,-207447.624820392,-314242.128693024)
(-160326.185201328,-98737.0359928853,-309931.156382547)
(0,0,0)
(0,0,0)
(0,0,0)
(0,0,0)
(0,0,0)
(0,0,0)
(-241833.759341658,-220448.602019674,5653.90626564781)
(-244189.367991524,-223114.694121853,14002.6372649723)
(-250168.210203302,-229923.629676188,28393.5879481305)
(-262910.754599975,-244350.727048349,52073.8155858438)
(-288481.613546601,-272894.628789859,80950.9777226302)
(-334098.048939555,-322559.089444449,72497.8056788349)
(-385373.625683126,-377518.814179925,-119286.923336278)
(-315770.418846637,-308666.091291632,-185231.808553681)
(-216085.72188949,-209436.480409145,-205516.222181058)
(-109073.336702328,-104813.472268142,-211226.674735819)
(0,0,0)
(0,0,0)
(0,0,0)
(0,0,0)
(0,0,0)
(0,0,0)
(-128817.778634833,-248390.957124565,2940.26226929709)
(-130072.23624435,-251299.269433546,7130.4824071934)
(-133192.954222212,-258396.130736656,13857.0910365656)
(-139550.709828625,-272152.272978055,23460.2896650407)
(-151122.024719838,-295505.625986414,31188.5310785261)
(-168379.989585363,-326548.324662071,17425.13203609)
(-180801.737002131,-343898.18955301,-50445.6947073366)
(-152939.258818859,-293504.05931124,-85994.3476881445)
(-107407.563936808,-207542.441492465,-100897.234349526)
(-55061.7937189493,-106627.017921918,-106528.489168773)
(0,0,0)
(0,0,0)
(0,0,0)
(0,0,0)
(0,0,0)
(0,0,0)
(0,0,0)
(0,0,0)
(0,0,0)
(0,0,0)
(0,0,0)
(0,0,0)
(0,0,0)
(0,0,0)
(0,0,0)
(0,0,0)
(0,0,0)
(0,0,0)
(0,0,0)
(0,0,0)
(0,0,0)
(0,0,0)
(0,0,0)
(0,0,0)
(0,0,0)
(0,0,0)
(0,0,0)
(0,0,0)
(0,0,0)
(0,0,0)
(0,0,0)
(0,0,0)
(0,0,0)
(0,0,0)
(0,0,0)
(0,0,0)
(0,0,0)
(0,0,0)
(0,0,0)
(0,0,0)
(0,0,0)
(0,0,0)
(0,0,0)
(0,0,0)
(0,0,0)
(0,0,0)
(0,0,0)
(0,0,0)
(0,0,0)
(0,0,0)
(0,0,0)
(0,0,0)
(0,0,0)
(0,0,0)
(0,0,0)
(0,0,0)
(0,0,0)
(0,0,0)
(0,0,0)
(0,0,0)
(0,0,0)
(0,0,0)
(0,0,0)
(0,0,0)
(0,0,0)
(0,0,0)
(0,0,0)
(0,0,0)
(0,0,0)
(0,0,0)
(0,0,0)
(0,0,0)
(0,0,0)
(0,0,0)
(0,0,0)
(0,0,0)
(0,0,0)
(0,0,0)
(0,0,0)
(0,0,0)
(0,0,0)
(0,0,0)
(0,0,0)
(0,0,0)
(0,0,0)
(0,0,0)
(0,0,0)
(0,0,0)
(0,0,0)
(0,0,0)
(0,0,0)
(0,0,0)
(0,0,0)
(0,0,0)
(0,0,0)
(0,0,0)
(0,0,0)
(0,0,0)
(0,0,0)
(0,0,0)
(0,0,0)
(0,0,0)
(-468291.471472547,-574.443422240857,366.254720330707)
(-468468.625865003,6.73509659619931,133.16055194269)
(-468317.10768349,1448.31417349278,-1525.19356080599)
(-466409.541733571,4426.71927653617,-6157.43050237542)
(-459924.513326689,9765.59399915881,-16415.1842863641)
(-443197.785235772,17454.1983707823,-35647.388592341)
(-407362.077280683,24063.2584868997,-64338.616828139)
(-342976.200831711,21869.3513123372,-93877.0747830049)
(-249161.454055066,15131.5248714714,-117877.78838419)
(-131339.530953987,7451.85737506029,-131466.123552744)
(0,0,0)
(0,0,0)
(0,0,0)
(0,0,0)
(0,0,0)
(0,0,0)
(-467811.747228172,-2251.88332242936,922.660467306665)
(-468569.101976223,-1145.24255508471,1576.03706222641)
(-469869.917586386,1688.21676819016,1455.36704998406)
(-470950.636746197,7867.50954155418,-818.254789703817)
(-469815.14368957,19890.8392738348,-8750.17880637292)
(-460801.435411793,39290.6425706005,-29083.2120937124)
(-431563.458577664,58656.1872966484,-66542.9890310191)
(-364953.001987122,50102.0066824922,-100608.321411724)
(-264358.645876804,32672.8896954375,-125552.409223512)
(-138820.599195225,15468.4751798555,-138907.362988501)
(0,0,0)
(0,0,0)
(0,0,0)
(0,0,0)
(0,0,0)
(0,0,0)
(-465551.756697196,-6246.35413271821,1973.2293977949)
(-467412.389183774,-4837.55998900035,4402.29232014097)
(-471611.033181934,-1009.14778650742,7633.84756465192)
(-478943.13974987,7929.1996056152,11204.4316737014)
(-489808.650885761,27334.9346108965,10655.4122230894)
(-500197.655575206,64566.5535368943,-9733.10227493992)
(-490312.072656012,112897.569933207,-75116.3978596328)
(-415099.038998917,84404.6138665901,-118019.079710401)
(-297029.520716049,49710.7357715231,-142699.851388915)
(-154292.213476691,22123.44055276,-154322.475268259)
(0,0,0)
(0,0,0)
(0,0,0)
(0,0,0)
(0,0,0)
(0,0,0)
(-459106.354482548,-13831.1142507984,3371.31141330977)
(-462413.05740549,-12491.6420840426,8213.20703395105)
(-470519.031681294,-8778.60594635633,16532.456009553)
(-486846.074034317,275.892092582912,30578.9129580045)
(-517138.422432483,21931.578236482,47877.4083720697)
(-564808.876260904,72440.5457796676,38592.8730038304)
(-603286.097159208,169074.898958354,-103646.545758678)
(-499556.484535319,98813.6278559152,-152740.454897178)
(-346770.401322181,50640.2438934421,-170281.72817014)
(-176421.853450259,20855.9723110416,-176399.184334375)
(0,0,0)
(0,0,0)
(0,0,0)
(0,0,0)
(0,0,0)
(0,0,0)
(-445041.623321996,-25990.3779289066,4694.64688358298)
(-449708.93161567,-25172.1411654976,11904.1327553746)
(-461589.014962803,-23029.6759816978,25565.0684728976)
(-487009.899990564,-18242.8421245717,52221.3763611644)
(-538988.416776021,-8393.70210888188,98364.2513532914)
(-637219.994869747,8785.90910004803,135214.352714224)
(-772401.826755415,25427.0218549712,-173953.745734054)
(-598447.956732726,22421.5540088887,-200986.113158559)
(-397456.057448817,12482.2936697594,-200131.367705001)
(-197291.760475546,4861.29633524742,-197286.096322104)
(0,0,0)
(0,0,0)
(0,0,0)
(0,0,0)
(0,0,0)
(0,0,0)
(-418901.047243068,-43047.0708354483,5496.5579653968)
(-424388.936251413,-42987.4253914889,14047.2929013017)
(-438483.662351245,-43002.975495316,30370.211932153)
(-468786.027883386,-43459.5703840304,62085.0293217342)
(-530702.342341002,-45260.9879762149,115497.080999905)
(-646123.662216624,-49068.3779491713,151803.065673245)
(-797924.769398554,-47990.1607273235,-177004.688902504)
(-620972.379952857,-43797.2064075183,-211003.255846248)
(-409980.632994523,-30761.1098281351,-207828.04300644)
(-202158.562331432,-15549.2310851564,-202225.82163718)
(0,0,0)
(0,0,0)
(0,0,0)
(0,0,0)
(0,0,0)
(0,0,0)
(-375768.076781894,-64221.4013369138,5512.22614954365)
(-381364.138648212,-64965.3292879643,14020.0039401682)
(-395519.508883446,-67204.8083409793,29946.1555313459)
(-425476.641852387,-73200.2154007306,60293.63435477)
(-485698.708101167,-89309.1518074132,111631.636321918)
(-597281.093169152,-131609.889263639,152806.683519151)
(-750053.360482462,-220326.568640556,-172853.180985739)
(-577252.746049628,-139633.185415791,-198035.269240978)
(-379279.41386049,-80807.1812818884,-192662.386514304)
(-186660.320951076,-37173.1623327273,-186720.24306036)
(0,0,0)
(0,0,0)
(0,0,0)
(0,0,0)
(0,0,0)
(0,0,0)
(-311746.280272064,-87015.6400460035,4728.10996597908)
(-316597.573810644,-88330.5230205567,11762.112633682)
(-328515.824247141,-91870.5125618717,23952.009725265)
(-352520.788620715,-99968.4307858032,44162.7644512997)
(-396661.332299123,-117534.533463768,69264.1818360921)
(-465876.536826584,-151436.752675869,63995.1022645191)
(-529831.909484877,-194201.295795171,-92207.5742080725)
(-437648.468022762,-151727.687804809,-139243.834713209)
(-298494.912290286,-98010.019089458,-149031.857921321)
(-149525.911244038,-47454.2552528324,-149551.038958505)
(0,0,0)
(0,0,0)
(0,0,0)
(0,0,0)
(0,0,0)
(0,0,0)
(-225132.788168279,-107091.840347597,3375.2291282136)
(-228627.582911014,-108691.820788094,8174.74181524037)
(-236944.775460459,-112703.391048949,15784.185559474)
(-252835.972224071,-120798.755686434,26539.7280841999)
(-279395.684847914,-135380.322318064,35299.5882398086)
(-314658.219146777,-156731.080845145,21154.0866163052)
(-335773.060360272,-172870.277273872,-49777.4972278486)
(-285993.042933083,-145731.823149253,-85550.7377969615)
(-200504.781304165,-100670.236093376,-98471.4613783693)
(-102105.188142561,-50759.4417853305,-102134.423405638)
(0,0,0)
(0,0,0)
(0,0,0)
(0,0,0)
(0,0,0)
(0,0,0)
(-118524.190700562,-119108.783785647,1723.35550377898)
(-120331.019250378,-120806.009331065,4096.32705277842)
(-124532.107082925,-124870.138699105,7602.22756364748)
(-132251.687380193,-132414.199694614,11918.6491233961)
(-144192.758764679,-144292.375543032,13901.4363932048)
(-158057.568830823,-158118.815628059,4966.75042158146)
(-163003.266327043,-163067.377647171,-22634.6198802072)
(-140373.031511638,-140473.304619371,-40459.365717311)
(-99936.3214463422,-100052.315930807,-48548.5283703452)
(-51415.0748622605,-51502.897395119,-51451.7916172458)
(0,0,0)
(0,0,0)
(0,0,0)
(0,0,0)
(0,0,0)
(0,0,0)
(0,0,0)
(0,0,0)
(0,0,0)
(0,0,0)
(0,0,0)
(0,0,0)
(0,0,0)
(0,0,0)
(0,0,0)
(0,0,0)
(0,0,0)
(0,0,0)
(0,0,0)
(0,0,0)
(0,0,0)
(0,0,0)
(0,0,0)
(0,0,0)
(0,0,0)
(0,0,0)
(0,0,0)
(0,0,0)
(0,0,0)
(0,0,0)
(0,0,0)
(0,0,0)
(0,0,0)
(0,0,0)
(0,0,0)
(0,0,0)
(0,0,0)
(0,0,0)
(0,0,0)
(0,0,0)
(0,0,0)
(0,0,0)
(0,0,0)
(0,0,0)
(0,0,0)
(0,0,0)
(0,0,0)
(0,0,0)
(0,0,0)
(0,0,0)
(0,0,0)
(0,0,0)
(0,0,0)
(0,0,0)
(0,0,0)
(0,0,0)
(0,0,0)
(0,0,0)
(0,0,0)
(0,0,0)
(0,0,0)
(0,0,0)
(0,0,0)
(0,0,0)
(0,0,0)
(0,0,0)
(0,0,0)
(0,0,0)
(0,0,0)
(0,0,0)
(0,0,0)
(0,0,0)
(0,0,0)
(0,0,0)
(0,0,0)
(0,0,0)
(0,0,0)
(0,0,0)
(0,0,0)
(0,0,0)
(0,0,0)
(0,0,0)
(0,0,0)
(0,0,0)
(0,0,0)
(0,0,0)
(0,0,0)
(0,0,0)
(0,0,0)
(0,0,0)
(0,0,0)
(0,0,0)
(0,0,0)
(0,0,0)
(0,0,0)
(0,0,0)
(0,0,0)
(0,0,0)
(0,0,0)
(0,0,0)
(0,0,0)
(0,0,0)
(0,0,0)
(0,0,0)
(0,0,0)
(0,0,0)
(0,0,0)
(0,0,0)
(0,0,0)
(0,0,0)
(0,0,0)
(0,0,0)
(0,0,0)
(0,0,0)
(0,0,0)
(0,0,0)
(0,0,0)
(0,0,0)
(0,0,0)
(0,0,0)
(0,0,0)
(0,0,0)
(0,0,0)
(0,0,0)
(0,0,0)
(0,0,0)
(0,0,0)
(0,0,0)
(0,0,0)
(0,0,0)
(0,0,0)
(0,0,0)
(0,0,0)
(0,0,0)
(0,0,0)
(0,0,0)
(0,0,0)
(0,0,0)
(0,0,0)
(0,0,0)
(0,0,0)
(0,0,0)
(0,0,0)
(0,0,0)
(0,0,0)
(0,0,0)
(0,0,0)
(0,0,0)
(0,0,0)
(0,0,0)
(0,0,0)
(0,0,0)
(0,0,0)
(0,0,0)
(0,0,0)
(0,0,0)
(0,0,0)
(0,0,0)
(0,0,0)
(0,0,0)
(0,0,0)
(0,0,0)
(0,0,0)
(0,0,0)
(0,0,0)
(0,0,0)
(0,0,0)
(0,0,0)
(0,0,0)
(0,0,0)
(0,0,0)
(0,0,0)
(0,0,0)
(0,0,0)
(0,0,0)
(0,0,0)
(0,0,0)
(0,0,0)
(0,0,0)
(0,0,0)
(0,0,0)
(0,0,0)
(0,0,0)
(0,0,0)
(0,0,0)
(0,0,0)
(0,0,0)
(0,0,0)
(0,0,0)
(0,0,0)
(0,0,0)
(0,0,0)
(0,0,0)
(0,0,0)
(0,0,0)
(0,0,0)
(0,0,0)
(0,0,0)
(0,0,0)
(0,0,0)
(0,0,0)
(0,0,0)
(0,0,0)
(0,0,0)
(0,0,0)
(0,0,0)
(0,0,0)
(0,0,0)
(0,0,0)
(0,0,0)
(0,0,0)
(0,0,0)
(0,0,0)
(0,0,0)
(0,0,0)
(0,0,0)
(0,0,0)
(0,0,0)
(0,0,0)
(0,0,0)
(0,0,0)
(0,0,0)
(0,0,0)
(0,0,0)
(0,0,0)
(0,0,0)
(0,0,0)
(0,0,0)
(0,0,0)
(0,0,0)
(0,0,0)
(0,0,0)
(0,0,0)
(0,0,0)
(0,0,0)
(0,0,0)
(0,0,0)
(0,0,0)
(0,0,0)
(0,0,0)
(0,0,0)
(0,0,0)
(0,0,0)
(0,0,0)
(0,0,0)
(0,0,0)
(0,0,0)
(0,0,0)
(0,0,0)
(0,0,0)
(0,0,0)
(0,0,0)
(0,0,0)
(0,0,0)
(0,0,0)
(0,0,0)
(0,0,0)
(0,0,0)
(0,0,0)
(0,0,0)
(0,0,0)
(0,0,0)
(0,0,0)
(0,0,0)
(0,0,0)
(0,0,0)
(0,0,0)
(0,0,0)
(0,0,0)
(0,0,0)
(0,0,0)
(0,0,0)
(0,0,0)
(0,0,0)
(0,0,0)
(0,0,0)
(0,0,0)
(0,0,0)
(0,0,0)
(0,0,0)
(0,0,0)
(0,0,0)
(0,0,0)
(0,0,0)
(0,0,0)
(0,0,0)
(0,0,0)
(0,0,0)
(0,0,0)
(0,0,0)
(0,0,0)
(0,0,0)
(0,0,0)
(0,0,0)
(0,0,0)
(0,0,0)
(0,0,0)
(0,0,0)
(0,0,0)
(0,0,0)
(0,0,0)
(0,0,0)
(0,0,0)
(0,0,0)
(0,0,0)
(0,0,0)
(0,0,0)
(0,0,0)
(0,0,0)
(0,0,0)
(0,0,0)
(0,0,0)
(0,0,0)
(0,0,0)
(0,0,0)
(0,0,0)
(0,0,0)
(0,0,0)
(0,0,0)
(0,0,0)
(0,0,0)
(0,0,0)
(0,0,0)
(0,0,0)
(0,0,0)
(0,0,0)
(0,0,0)
(0,0,0)
(0,0,0)
(0,0,0)
(0,0,0)
(0,0,0)
(0,0,0)
(0,0,0)
(0,0,0)
(0,0,0)
(0,0,0)
(0,0,0)
(0,0,0)
(0,0,0)
(0,0,0)
(0,0,0)
(0,0,0)
(0,0,0)
(0,0,0)
(0,0,0)
(0,0,0)
(0,0,0)
(0,0,0)
(0,0,0)
(0,0,0)
(0,0,0)
(0,0,0)
(0,0,0)
(0,0,0)
(0,0,0)
(0,0,0)
(0,0,0)
(0,0,0)
(0,0,0)
(0,0,0)
(0,0,0)
(0,0,0)
(0,0,0)
(0,0,0)
(0,0,0)
(0,0,0)
(0,0,0)
(0,0,0)
(0,0,0)
(0,0,0)
(0,0,0)
(0,0,0)
(0,0,0)
(0,0,0)
(0,0,0)
(0,0,0)
(0,0,0)
(0,0,0)
(0,0,0)
(0,0,0)
(0,0,0)
(0,0,0)
(0,0,0)
(0,0,0)
(0,0,0)
(0,0,0)
(0,0,0)
(0,0,0)
(0,0,0)
(0,0,0)
(0,0,0)
(0,0,0)
(0,0,0)
(0,0,0)
(0,0,0)
(0,0,0)
(0,0,0)
(0,0,0)
(0,0,0)
(0,0,0)
(0,0,0)
(0,0,0)
(0,0,0)
(0,0,0)
(0,0,0)
(0,0,0)
(0,0,0)
(0,0,0)
(0,0,0)
(0,0,0)
(0,0,0)
(0,0,0)
(0,0,0)
(0,0,0)
(0,0,0)
(0,0,0)
(0,0,0)
(0,0,0)
(0,0,0)
(0,0,0)
(0,0,0)
(0,0,0)
(0,0,0)
(0,0,0)
(0,0,0)
(0,0,0)
(0,0,0)
(0,0,0)
(0,0,0)
(0,0,0)
(0,0,0)
(0,0,0)
(0,0,0)
(0,0,0)
(0,0,0)
(0,0,0)
(0,0,0)
(0,0,0)
(0,0,0)
(0,0,0)
(0,0,0)
(0,0,0)
(0,0,0)
(0,0,0)
(0,0,0)
(0,0,0)
(0,0,0)
(0,0,0)
(0,0,0)
(0,0,0)
(0,0,0)
(0,0,0)
(0,0,0)
(0,0,0)
(0,0,0)
(0,0,0)
(0,0,0)
(0,0,0)
(0,0,0)
(0,0,0)
(0,0,0)
(0,0,0)
(0,0,0)
(0,0,0)
(0,0,0)
(0,0,0)
(0,0,0)
(0,0,0)
(0,0,0)
(0,0,0)
(0,0,0)
(0,0,0)
(0,0,0)
(0,0,0)
(0,0,0)
(0,0,0)
(0,0,0)
(0,0,0)
(0,0,0)
(0,0,0)
(0,0,0)
(0,0,0)
(0,0,0)
(0,0,0)
(0,0,0)
(0,0,0)
(0,0,0)
(0,0,0)
(0,0,0)
(0,0,0)
(0,0,0)
(0,0,0)
(0,0,0)
(0,0,0)
(0,0,0)
(0,0,0)
(0,0,0)
(0,0,0)
(0,0,0)
(0,0,0)
(0,0,0)
(0,0,0)
(0,0,0)
(0,0,0)
(0,0,0)
(0,0,0)
(0,0,0)
(0,0,0)
(0,0,0)
(0,0,0)
(0,0,0)
(0,0,0)
(0,0,0)
(0,0,0)
(0,0,0)
(0,0,0)
(0,0,0)
(0,0,0)
(0,0,0)
(0,0,0)
(0,0,0)
(0,0,0)
(0,0,0)
(0,0,0)
(0,0,0)
(0,0,0)
(0,0,0)
(0,0,0)
(0,0,0)
(0,0,0)
(0,0,0)
(0,0,0)
(0,0,0)
(0,0,0)
(0,0,0)
(0,0,0)
(0,0,0)
(0,0,0)
(0,0,0)
(0,0,0)
(0,0,0)
(0,0,0)
(0,0,0)
(0,0,0)
(0,0,0)
(0,0,0)
(0,0,0)
(0,0,0)
(0,0,0)
(0,0,0)
(0,0,0)
(0,0,0)
(0,0,0)
(0,0,0)
(0,0,0)
(0,0,0)
(0,0,0)
(0,0,0)
(0,0,0)
(0,0,0)
(0,0,0)
(0,0,0)
(0,0,0)
(0,0,0)
(0,0,0)
(0,0,0)
(0,0,0)
(0,0,0)
(0,0,0)
(0,0,0)
(0,0,0)
(0,0,0)
(0,0,0)
(0,0,0)
(0,0,0)
(0,0,0)
(0,0,0)
(0,0,0)
(0,0,0)
(0,0,0)
(0,0,0)
(0,0,0)
(0,0,0)
(0,0,0)
(0,0,0)
(0,0,0)
(0,0,0)
(0,0,0)
(0,0,0)
(0,0,0)
(0,0,0)
(0,0,0)
(0,0,0)
(0,0,0)
(0,0,0)
(0,0,0)
(0,0,0)
(0,0,0)
(0,0,0)
(0,0,0)
(0,0,0)
(0,0,0)
(0,0,0)
(0,0,0)
(0,0,0)
(0,0,0)
(0,0,0)
(0,0,0)
(0,0,0)
(0,0,0)
(0,0,0)
(0,0,0)
(0,0,0)
(0,0,0)
(0,0,0)
(0,0,0)
(0,0,0)
(0,0,0)
(0,0,0)
(0,0,0)
(0,0,0)
(0,0,0)
(0,0,0)
(0,0,0)
(0,0,0)
(0,0,0)
(0,0,0)
(0,0,0)
(0,0,0)
(0,0,0)
(0,0,0)
(0,0,0)
(0,0,0)
(0,0,0)
(0,0,0)
(0,0,0)
(0,0,0)
(0,0,0)
(0,0,0)
(0,0,0)
(0,0,0)
(0,0,0)
(0,0,0)
(0,0,0)
(0,0,0)
(0,0,0)
(0,0,0)
(0,0,0)
(0,0,0)
(0,0,0)
(0,0,0)
(0,0,0)
(0,0,0)
(0,0,0)
(0,0,0)
(0,0,0)
(0,0,0)
(0,0,0)
(0,0,0)
(0,0,0)
(0,0,0)
(0,0,0)
(0,0,0)
(0,0,0)
(0,0,0)
(0,0,0)
(0,0,0)
(0,0,0)
(0,0,0)
(0,0,0)
(0,0,0)
(0,0,0)
(0,0,0)
(0,0,0)
(0,0,0)
(0,0,0)
(0,0,0)
(0,0,0)
(0,0,0)
(0,0,0)
(0,0,0)
(0,0,0)
(0,0,0)
(0,0,0)
(0,0,0)
(0,0,0)
(0,0,0)
(0,0,0)
(0,0,0)
(0,0,0)
(0,0,0)
(0,0,0)
(0,0,0)
(0,0,0)
(0,0,0)
(0,0,0)
(0,0,0)
(0,0,0)
(0,0,0)
(0,0,0)
(0,0,0)
(0,0,0)
(0,0,0)
(0,0,0)
(0,0,0)
(0,0,0)
(0,0,0)
(0,0,0)
(0,0,0)
(0,0,0)
(0,0,0)
(0,0,0)
(0,0,0)
(0,0,0)
(0,0,0)
(0,0,0)
(0,0,0)
(0,0,0)
(0,0,0)
(0,0,0)
(0,0,0)
(0,0,0)
(0,0,0)
(0,0,0)
(0,0,0)
(0,0,0)
(0,0,0)
(0,0,0)
(0,0,0)
(0,0,0)
(0,0,0)
(0,0,0)
(0,0,0)
(0,0,0)
(0,0,0)
(0,0,0)
(0,0,0)
(0,0,0)
(0,0,0)
(0,0,0)
(0,0,0)
(0,0,0)
(0,0,0)
(0,0,0)
(0,0,0)
(0,0,0)
(0,0,0)
(0,0,0)
(0,0,0)
(0,0,0)
(0,0,0)
(0,0,0)
(0,0,0)
(0,0,0)
(0,0,0)
(0,0,0)
(0,0,0)
(0,0,0)
(0,0,0)
(0,0,0)
(0,0,0)
(0,0,0)
(0,0,0)
(0,0,0)
(0,0,0)
(0,0,0)
(0,0,0)
(0,0,0)
(0,0,0)
(0,0,0)
(0,0,0)
(0,0,0)
(0,0,0)
(0,0,0)
(0,0,0)
(0,0,0)
(0,0,0)
(0,0,0)
(0,0,0)
(0,0,0)
(0,0,0)
(0,0,0)
(0,0,0)
(0,0,0)
(0,0,0)
(0,0,0)
(0,0,0)
(0,0,0)
(0,0,0)
(0,0,0)
(0,0,0)
(0,0,0)
(0,0,0)
(0,0,0)
(0,0,0)
(0,0,0)
(0,0,0)
(0,0,0)
(0,0,0)
(0,0,0)
(0,0,0)
(0,0,0)
(0,0,0)
(0,0,0)
(0,0,0)
(0,0,0)
(0,0,0)
(0,0,0)
(0,0,0)
(0,0,0)
(0,0,0)
(0,0,0)
(0,0,0)
(0,0,0)
(0,0,0)
(0,0,0)
(0,0,0)
(0,0,0)
)
;

boundaryField
{
    fuel
    {
        type            fixedValue;
        value           uniform (0.1 0 0);
    }
    air
    {
        type            fixedValue;
        value           uniform (-0.1 0 0);
    }
    outlet
    {
        type            zeroGradient;
    }
    frontAndBack
    {
        type            empty;
    }
}


// ************************************************************************* //
 