/*--------------------------------*- C++ -*----------------------------------*\
| =========                 |                                                 |
| \\      /  F ield         | foam-extend: Open Source Cstd::filesystem::create_directory();FD                    |
|  \\    /   O peration     | Version:     4.0                                |
|   \\  /    A nd           | Web:         http://www.foam-extend.org         |
|    \\/     M anipulation  |                                                 |
\*---------------------------------------------------------------------------*/
FoamFile
{
    version 2.0;
    format ascii;
    class volVectorField;
    location "Data/174";
    object      H;
}
// * * * * * * * * * * * * * * * * * * * * * * * * * * * * * * * * * * * * * //

dimensions      [0 1 -1 0 0 0 0];

internalField   nonuniform List<vector>
4096
(
(0,0,0)
(0,0,0)
(0,0,0)
(0,0,0)
(0,0,0)
(0,0,0)
(0,0,0)
(0,0,0)
(0,0,0)
(0,0,0)
(0,0,0)
(0,0,0)
(0,0,0)
(0,0,0)
(0,0,0)
(0,0,0)
(0,0,0)
(0,0,0)
(0,0,0)
(0,0,0)
(0,0,0)
(0,0,0)
(0,0,0)
(0,0,0)
(0,0,0)
(0,0,0)
(0,0,0)
(0,0,0)
(0,0,0)
(0,0,0)
(0,0,0)
(0,0,0)
(0,0,0)
(0,0,0)
(0,0,0)
(0,0,0)
(0,0,0)
(0,0,0)
(0,0,0)
(0,0,0)
(0,0,0)
(0,0,0)
(0,0,0)
(0,0,0)
(0,0,0)
(0,0,0)
(0,0,0)
(0,0,0)
(0,0,0)
(0,0,0)
(0,0,0)
(0,0,0)
(0,0,0)
(0,0,0)
(0,0,0)
(0,0,0)
(0,0,0)
(0,0,0)
(0,0,0)
(0,0,0)
(0,0,0)
(0,0,0)
(0,0,0)
(0,0,0)
(0,0,0)
(0,0,0)
(0,0,0)
(0,0,0)
(0,0,0)
(0,0,0)
(0,0,0)
(0,0,0)
(0,0,0)
(0,0,0)
(0,0,0)
(0,0,0)
(0,0,0)
(0,0,0)
(0,0,0)
(0,0,0)
(0,0,0)
(0,0,0)
(0,0,0)
(0,0,0)
(0,0,0)
(0,0,0)
(0,0,0)
(0,0,0)
(0,0,0)
(0,0,0)
(0,0,0)
(0,0,0)
(0,0,0)
(0,0,0)
(0,0,0)
(0,0,0)
(0,0,0)
(0,0,0)
(0,0,0)
(0,0,0)
(0,0,0)
(0,0,0)
(0,0,0)
(0,0,0)
(0,0,0)
(0,0,0)
(0,0,0)
(0,0,0)
(0,0,0)
(0,0,0)
(0,0,0)
(0,0,0)
(0,0,0)
(0,0,0)
(0,0,0)
(0,0,0)
(0,0,0)
(0,0,0)
(0,0,0)
(0,0,0)
(0,0,0)
(0,0,0)
(0,0,0)
(0,0,0)
(0,0,0)
(0,0,0)
(0,0,0)
(0,0,0)
(0,0,0)
(0,0,0)
(0,0,0)
(0,0,0)
(0,0,0)
(0,0,0)
(0,0,0)
(0,0,0)
(0,0,0)
(0,0,0)
(0,0,0)
(0,0,0)
(0,0,0)
(0,0,0)
(0,0,0)
(0,0,0)
(0,0,0)
(0,0,0)
(0,0,0)
(0,0,0)
(0,0,0)
(0,0,0)
(0,0,0)
(0,0,0)
(0,0,0)
(0,0,0)
(0,0,0)
(0,0,0)
(0,0,0)
(0,0,0)
(0,0,0)
(0,0,0)
(0,0,0)
(0,0,0)
(0,0,0)
(0,0,0)
(0,0,0)
(0,0,0)
(0,0,0)
(0,0,0)
(0,0,0)
(0,0,0)
(0,0,0)
(0,0,0)
(0,0,0)
(0,0,0)
(0,0,0)
(0,0,0)
(0,0,0)
(0,0,0)
(0,0,0)
(0,0,0)
(0,0,0)
(0,0,0)
(0,0,0)
(0,0,0)
(0,0,0)
(0,0,0)
(0,0,0)
(0,0,0)
(0,0,0)
(0,0,0)
(0,0,0)
(0,0,0)
(0,0,0)
(0,0,0)
(0,0,0)
(0,0,0)
(0,0,0)
(0,0,0)
(0,0,0)
(0,0,0)
(0,0,0)
(0,0,0)
(0,0,0)
(0,0,0)
(0,0,0)
(0,0,0)
(0,0,0)
(0,0,0)
(0,0,0)
(0,0,0)
(0,0,0)
(0,0,0)
(0,0,0)
(0,0,0)
(0,0,0)
(0,0,0)
(0,0,0)
(0,0,0)
(0,0,0)
(0,0,0)
(0,0,0)
(0,0,0)
(0,0,0)
(0,0,0)
(0,0,0)
(0,0,0)
(0,0,0)
(0,0,0)
(0,0,0)
(0,0,0)
(0,0,0)
(0,0,0)
(0,0,0)
(0,0,0)
(0,0,0)
(0,0,0)
(0,0,0)
(0,0,0)
(0,0,0)
(0,0,0)
(0,0,0)
(0,0,0)
(0,0,0)
(0,0,0)
(0,0,0)
(0,0,0)
(0,0,0)
(0,0,0)
(0,0,0)
(0,0,0)
(0,0,0)
(0,0,0)
(0,0,0)
(0,0,0)
(0,0,0)
(0,0,0)
(0,0,0)
(0,0,0)
(0,0,0)
(0,0,0)
(0,0,0)
(0,0,0)
(0,0,0)
(0,0,0)
(0,0,0)
(0,0,0)
(0,0,0)
(0,0,0)
(0,0,0)
(0,0,0)
(0,0,0)
(0,0,0)
(0,0,0)
(0,0,0)
(0,0,0)
(0,0,0)
(0,0,0)
(0,0,0)
(0,0,0)
(0,0,0)
(0,0,0)
(0,0,0)
(0,0,0)
(0,0,0)
(0,0,0)
(0,0,0)
(0,0,0)
(0,0,0)
(0,0,0)
(0,0,0)
(0,0,0)
(0,0,0)
(0,0,0)
(0,0,0)
(0,0,0)
(0,0,0)
(0,0,0)
(0,0,0)
(0,0,0)
(0,0,0)
(0,0,0)
(0,0,0)
(0,0,0)
(0,0,0)
(0,0,0)
(0,0,0)
(0,0,0)
(0,0,0)
(0,0,0)
(0,0,0)
(0,0,0)
(0,0,0)
(0,0,0)
(0,0,0)
(0,0,0)
(0,0,0)
(0,0,0)
(0,0,0)
(0,0,0)
(0,0,0)
(0,0,0)
(0,0,0)
(0,0,0)
(0,0,0)
(0,0,0)
(0,0,0)
(0,0,0)
(0,0,0)
(0,0,0)
(0,0,0)
(0,0,0)
(0,0,0)
(0,0,0)
(0,0,0)
(0,0,0)
(0,0,0)
(0,0,0)
(0,0,0)
(0,0,0)
(0,0,0)
(0,0,0)
(0,0,0)
(0,0,0)
(0,0,0)
(0,0,0)
(0,0,0)
(0,0,0)
(0,0,0)
(0,0,0)
(0,0,0)
(0,0,0)
(0,0,0)
(0,0,0)
(0,0,0)
(0,0,0)
(0,0,0)
(0,0,0)
(0,0,0)
(0,0,0)
(0,0,0)
(0,0,0)
(0,0,0)
(0,0,0)
(0,0,0)
(0,0,0)
(0,0,0)
(0,0,0)
(0,0,0)
(0,0,0)
(0,0,0)
(0,0,0)
(0,0,0)
(0,0,0)
(0,0,0)
(0,0,0)
(0,0,0)
(0,0,0)
(0,0,0)
(0,0,0)
(0,0,0)
(0,0,0)
(0,0,0)
(0,0,0)
(0,0,0)
(0,0,0)
(0,0,0)
(0,0,0)
(0,0,0)
(0,0,0)
(0,0,0)
(0,0,0)
(0,0,0)
(0,0,0)
(0,0,0)
(0,0,0)
(0,0,0)
(0,0,0)
(0,0,0)
(0,0,0)
(0,0,0)
(0,0,0)
(0,0,0)
(0,0,0)
(0,0,0)
(0,0,0)
(0,0,0)
(0,0,0)
(0,0,0)
(0,0,0)
(0,0,0)
(0,0,0)
(0,0,0)
(0,0,0)
(0,0,0)
(0,0,0)
(0,0,0)
(0,0,0)
(0,0,0)
(0,0,0)
(0,0,0)
(0,0,0)
(0,0,0)
(0,0,0)
(0,0,0)
(0,0,0)
(0,0,0)
(0,0,0)
(0,0,0)
(0,0,0)
(0,0,0)
(0,0,0)
(0,0,0)
(0,0,0)
(0,0,0)
(0,0,0)
(0,0,0)
(0,0,0)
(0,0,0)
(0,0,0)
(0,0,0)
(0,0,0)
(0,0,0)
(0,0,0)
(0,0,0)
(0,0,0)
(0,0,0)
(0,0,0)
(0,0,0)
(0,0,0)
(0,0,0)
(0,0,0)
(0,0,0)
(0,0,0)
(0,0,0)
(0,0,0)
(0,0,0)
(0,0,0)
(0,0,0)
(0,0,0)
(0,0,0)
(0,0,0)
(0,0,0)
(0,0,0)
(0,0,0)
(0,0,0)
(0,0,0)
(0,0,0)
(0,0,0)
(0,0,0)
(0,0,0)
(0,0,0)
(0,0,0)
(0,0,0)
(0,0,0)
(0,0,0)
(0,0,0)
(0,0,0)
(0,0,0)
(0,0,0)
(0,0,0)
(0,0,0)
(0,0,0)
(0,0,0)
(0,0,0)
(0,0,0)
(0,0,0)
(0,0,0)
(0,0,0)
(0,0,0)
(0,0,0)
(0,0,0)
(0,0,0)
(0,0,0)
(0,0,0)
(0,0,0)
(0,0,0)
(0,0,0)
(0,0,0)
(0,0,0)
(0,0,0)
(0,0,0)
(0,0,0)
(0,0,0)
(0,0,0)
(0,0,0)
(0,0,0)
(0,0,0)
(0,0,0)
(0,0,0)
(0,0,0)
(0,0,0)
(0,0,0)
(0,0,0)
(0,0,0)
(0,0,0)
(0,0,0)
(0,0,0)
(0,0,0)
(0,0,0)
(0,0,0)
(0,0,0)
(0,0,0)
(0,0,0)
(0,0,0)
(0,0,0)
(0,0,0)
(0,0,0)
(0,0,0)
(0,0,0)
(0,0,0)
(0,0,0)
(0,0,0)
(0,0,0)
(0,0,0)
(0,0,0)
(0,0,0)
(0,0,0)
(0,0,0)
(0,0,0)
(0,0,0)
(0,0,0)
(0,0,0)
(0,0,0)
(0,0,0)
(0,0,0)
(0,0,0)
(0,0,0)
(0,0,0)
(0,0,0)
(0,0,0)
(0,0,0)
(0,0,0)
(0,0,0)
(0,0,0)
(0,0,0)
(0,0,0)
(0,0,0)
(0,0,0)
(0,0,0)
(0,0,0)
(0,0,0)
(0,0,0)
(0,0,0)
(0,0,0)
(0,0,0)
(0,0,0)
(0,0,0)
(0,0,0)
(0,0,0)
(0,0,0)
(0,0,0)
(0,0,0)
(0,0,0)
(0,0,0)
(0,0,0)
(0,0,0)
(0,0,0)
(0,0,0)
(0,0,0)
(0,0,0)
(0,0,0)
(0,0,0)
(0,0,0)
(0,0,0)
(0,0,0)
(0,0,0)
(0,0,0)
(0,0,0)
(0,0,0)
(0,0,0)
(0,0,0)
(0,0,0)
(0,0,0)
(0,0,0)
(0,0,0)
(0,0,0)
(0,0,0)
(0,0,0)
(0,0,0)
(0,0,0)
(0,0,0)
(0,0,0)
(0,0,0)
(0,0,0)
(0,0,0)
(0,0,0)
(0,0,0)
(0,0,0)
(0,0,0)
(0,0,0)
(0,0,0)
(0,0,0)
(0,0,0)
(0,0,0)
(0,0,0)
(0,0,0)
(0,0,0)
(0,0,0)
(0,0,0)
(0,0,0)
(0,0,0)
(0,0,0)
(0,0,0)
(0,0,0)
(0,0,0)
(0,0,0)
(0,0,0)
(0,0,0)
(0,0,0)
(0,0,0)
(0,0,0)
(0,0,0)
(0,0,0)
(0,0,0)
(0,0,0)
(0,0,0)
(0,0,0)
(0,0,0)
(0,0,0)
(0,0,0)
(0,0,0)
(0,0,0)
(0,0,0)
(0,0,0)
(0,0,0)
(0,0,0)
(0,0,0)
(0,0,0)
(0,0,0)
(0,0,0)
(0,0,0)
(0,0,0)
(0,0,0)
(0,0,0)
(0,0,0)
(0,0,0)
(0,0,0)
(0,0,0)
(0,0,0)
(0,0,0)
(0,0,0)
(0,0,0)
(0,0,0)
(0,0,0)
(0,0,0)
(0,0,0)
(0,0,0)
(0,0,0)
(0,0,0)
(0,0,0)
(0,0,0)
(0,0,0)
(0,0,0)
(0,0,0)
(0,0,0)
(0,0,0)
(0,0,0)
(0,0,0)
(0,0,0)
(0,0,0)
(0,0,0)
(0,0,0)
(0,0,0)
(0,0,0)
(0,0,0)
(0,0,0)
(0,0,0)
(0,0,0)
(0,0,0)
(0,0,0)
(0,0,0)
(0,0,0)
(0,0,0)
(0,0,0)
(0,0,0)
(0,0,0)
(0,0,0)
(0,0,0)
(0,0,0)
(0,0,0)
(0,0,0)
(0,0,0)
(0,0,0)
(0,0,0)
(0,0,0)
(0,0,0)
(0,0,0)
(0,0,0)
(0,0,0)
(0,0,0)
(0,0,0)
(0,0,0)
(0,0,0)
(0,0,0)
(0,0,0)
(0,0,0)
(0,0,0)
(0,0,0)
(0,0,0)
(0,0,0)
(0,0,0)
(0,0,0)
(0,0,0)
(0,0,0)
(0,0,0)
(0,0,0)
(0,0,0)
(0,0,0)
(0,0,0)
(0,0,0)
(0,0,0)
(0,0,0)
(0,0,0)
(0,0,0)
(0,0,0)
(0,0,0)
(0,0,0)
(0,0,0)
(0,0,0)
(0,0,0)
(0,0,0)
(0,0,0)
(0,0,0)
(0,0,0)
(0,0,0)
(0,0,0)
(0,0,0)
(0,0,0)
(0,0,0)
(0,0,0)
(0,0,0)
(0,0,0)
(0,0,0)
(0,0,0)
(0,0,0)
(0,0,0)
(0,0,0)
(0,0,0)
(0,0,0)
(0,0,0)
(0,0,0)
(0,0,0)
(0,0,0)
(0,0,0)
(0,0,0)
(0,0,0)
(0,0,0)
(0,0,0)
(0,0,0)
(0,0,0)
(0,0,0)
(0,0,0)
(0,0,0)
(0,0,0)
(0,0,0)
(0,0,0)
(0,0,0)
(0,0,0)
(0,0,0)
(0,0,0)
(0,0,0)
(0,0,0)
(0,0,0)
(0,0,0)
(0,0,0)
(0,0,0)
(0,0,0)
(0,0,0)
(0,0,0)
(0,0,0)
(0,0,0)
(0,0,0)
(0,0,0)
(0,0,0)
(0,0,0)
(0,0,0)
(0,0,0)
(0,0,0)
(0,0,0)
(0,0,0)
(0,0,0)
(0,0,0)
(0,0,0)
(0,0,0)
(0,0,0)
(0,0,0)
(0,0,0)
(0,0,0)
(0,0,0)
(0,0,0)
(0,0,0)
(0,0,0)
(0,0,0)
(0,0,0)
(0,0,0)
(0,0,0)
(0,0,0)
(0,0,0)
(0,0,0)
(1.33128606093742e-12,1.26015928024952e-11,-1.43134175024404e-11)
(2.18924960720712e-12,2.60505809018219e-11,-1.36008856104935e-11)
(3.49900801177357e-12,4.34634276585562e-11,-1.25093165821319e-11)
(4.82576393640797e-12,6.92188818533829e-11,-1.06270971430402e-11)
(5.80432595819435e-12,1.0816106899398e-10,-8.20277007341185e-12)
(5.44797879214514e-12,1.68110789956041e-10,-5.2577086135096e-12)
(4.33791643719806e-12,2.63597468527532e-10,-2.67046914503718e-12)
(2.51987150471972e-12,4.23175978007592e-10,-1.27124894362795e-12)
(4.30911046728565e-13,6.88956547956433e-10,-6.63100378015427e-13)
(-2.86193673323183e-13,1.06080598086441e-09,-5.43755542697201e-13)
(0,0,0)
(0,0,0)
(0,0,0)
(0,0,0)
(0,0,0)
(0,0,0)
(1.93852866988482e-12,1.20271652454531e-11,-2.97860849609252e-11)
(4.32184292782172e-12,2.51071759810696e-11,-2.88876627495523e-11)
(6.30770192797685e-12,4.20749731318229e-11,-2.67307697637417e-11)
(8.23083577833371e-12,6.77389885365204e-11,-2.31694814292454e-11)
(9.68733353640786e-12,1.06197891841338e-10,-1.82130271600564e-11)
(9.25685167070094e-12,1.66094370212233e-10,-1.23893380947095e-11)
(7.41808441112948e-12,2.62579761480759e-10,-7.33984283074214e-12)
(4.28397615314685e-12,4.22835229809142e-10,-4.12015841265353e-12)
(9.7309587266798e-13,6.89169934322117e-10,-2.24389390221662e-12)
(-8.09337682382614e-13,1.06097777786948e-09,-9.9713602497227e-13)
(0,0,0)
(0,0,0)
(0,0,0)
(0,0,0)
(0,0,0)
(0,0,0)
(2.77549643473874e-12,1.10456086839215e-11,-4.93516501327381e-11)
(6.18346644535698e-12,2.30360108420075e-11,-4.84501366878221e-11)
(8.31560936505087e-12,3.90586614321515e-11,-4.54504733459768e-11)
(1.03158969181104e-11,6.39606695352707e-11,-4.08043935891229e-11)
(1.23794785468405e-11,1.01568523470744e-10,-3.3776880174447e-11)
(1.19022817679024e-11,1.61549775260043e-10,-2.48666630347109e-11)
(9.46309598015206e-12,2.59733254955255e-10,-1.66761740697719e-11)
(4.5931155101126e-12,4.21718263677889e-10,-1.11005991729378e-11)
(2.57927645627412e-13,6.8903363432316e-10,-7.17679172016627e-12)
(-1.91358482977589e-12,1.06135534508998e-09,-3.38321506400189e-12)
(0,0,0)
(0,0,0)
(0,0,0)
(0,0,0)
(0,0,0)
(0,0,0)
(3.33970660634039e-12,9.86061299503605e-12,-7.68345933191622e-11)
(7.49781325636068e-12,2.00138953550864e-11,-7.54479594824128e-11)
(1.05374601714367e-11,3.46889858234186e-11,-7.20508911624961e-11)
(1.24196510080975e-11,5.77355218193302e-11,-6.65535788136377e-11)
(1.39904831276057e-11,9.3550868607706e-11,-5.82251825588388e-11)
(1.21835083598682e-11,1.53365401697637e-10,-4.74679437809038e-11)
(9.03162926535165e-12,2.54030851290914e-10,-3.68017599572259e-11)
(4.32480150036191e-12,4.18770536310123e-10,-2.7784072294192e-11)
(2.88246108998709e-13,6.86790170559571e-10,-1.93164817337465e-11)
(-1.74383793859678e-12,1.05949322369259e-09,-1.01397357694931e-11)
(0,0,0)
(0,0,0)
(0,0,0)
(0,0,0)
(0,0,0)
(0,0,0)
(3.1813749296163e-12,8.3344130116155e-12,-1.15158900974678e-10)
(7.36449050937068e-12,1.66547427995228e-11,-1.13353279884128e-10)
(1.0915837105796e-11,2.93153229084838e-11,-1.10000498383879e-10)
(1.28539864803216e-11,4.94651924793991e-11,-1.04435447379803e-10)
(1.41120529337014e-11,8.23682889435143e-11,-9.64129978925239e-11)
(1.12518555152494e-11,1.40878163139401e-10,-8.59654856513464e-11)
(6.02643366628897e-12,2.43606571931016e-10,-7.43998403215289e-11)
(1.73650247608422e-12,4.11563785798334e-10,-5.92138507870567e-11)
(-1.16327884308866e-12,6.79605030243142e-10,-4.18758209503862e-11)
(-2.62825063516811e-12,1.05124507518937e-09,-2.22086977365298e-11)
(0,0,0)
(0,0,0)
(0,0,0)
(0,0,0)
(0,0,0)
(0,0,0)
(2.45839869936727e-12,6.42934763859519e-12,-1.72973428713887e-10)
(5.95042011671114e-12,1.30191402648229e-11,-1.71682609933677e-10)
(9.2941454451918e-12,2.33396220939534e-11,-1.69036148023884e-10)
(1.15010195480969e-11,4.06480757438305e-11,-1.6420252889797e-10)
(1.24497010712937e-11,7.03506780773337e-11,-1.566912794433e-10)
(9.10065014616792e-12,1.26616066623622e-10,-1.46093585998578e-10)
(3.5713719768614e-12,2.29861348861573e-10,-1.31660505457853e-10)
(-2.79055849647751e-13,3.96787595504086e-10,-1.09869664854898e-10)
(-2.34321392529898e-12,6.62242221079003e-10,-8.00919657774383e-11)
(-2.93200038848678e-12,1.03119539303653e-09,-4.27335238332458e-11)
(0,0,0)
(0,0,0)
(0,0,0)
(0,0,0)
(0,0,0)
(0,0,0)
(1.47770978121949e-12,4.59099150040716e-12,-2.65951201991752e-10)
(3.85960045199955e-12,9.59858241220315e-12,-2.65181771389521e-10)
(6.71984149385728e-12,1.76963264891081e-11,-2.63188845708113e-10)
(8.91865976600948e-12,3.21132362022295e-11,-2.59133931083428e-10)
(9.15340374268243e-12,5.84177878842541e-11,-2.52400539601934e-10)
(6.06440753120637e-12,1.10333946958741e-10,-2.41389005900708e-10)
(2.46362593715971e-12,2.09361079063486e-10,-2.21923998007017e-10)
(-7.25913454308498e-13,3.69282973504048e-10,-1.91173021576104e-10)
(-2.41562006402001e-12,6.26782087360874e-10,-1.42993481419653e-10)
(-2.69495396784121e-12,9.90186895222275e-10,-7.77936948754223e-11)
(0,0,0)
(0,0,0)
(0,0,0)
(0,0,0)
(0,0,0)
(0,0,0)
(1.03722070666319e-12,3.06375949500432e-12,-4.21504814450781e-10)
(2.62509718247853e-12,6.5092630096295e-12,-4.21037775285146e-10)
(4.78308374648128e-12,1.26686154514005e-11,-4.19687681416717e-10)
(7.01199421672002e-12,2.46235884114135e-11,-4.16265546776256e-10)
(7.27386722836328e-12,4.78113487863268e-11,-4.09864369358086e-10)
(4.88510205622997e-12,9.38137075135389e-11,-3.97580280176926e-10)
(1.96413337272885e-12,1.79849880681616e-10,-3.72991080930709e-10)
(-6.42909229178305e-13,3.22456245222571e-10,-3.27424488404616e-10)
(-2.04087213883118e-12,5.62743362673685e-10,-2.52927211610277e-10)
(-2.27662963379249e-12,9.13382888233974e-10,-1.43223321746793e-10)
(0,0,0)
(0,0,0)
(0,0,0)
(0,0,0)
(0,0,0)
(0,0,0)
(6.2607814668895e-13,1.79272689175711e-12,-6.84292191315213e-10)
(1.98404450606281e-12,3.99593233936487e-12,-6.83905003950385e-10)
(3.89081598830323e-12,8.18383094315032e-12,-6.82842269817032e-10)
(6.47059370101455e-12,1.72088067194971e-11,-6.79854914135234e-10)
(7.01306199863077e-12,3.51910911248878e-11,-6.72806791371594e-10)
(5.44970590729476e-12,7.01177114534067e-11,-6.57295602712082e-10)
(2.96472234459809e-12,1.34793956847311e-10,-6.25131041284768e-10)
(7.98588265933251e-13,2.48495351835631e-10,-5.63672414379638e-10)
(-7.22833702356265e-13,4.53568554978914e-10,-4.55268871518791e-10)
(-1.27122718889196e-12,7.70616402515191e-10,-2.73329820775733e-10)
(0,0,0)
(0,0,0)
(0,0,0)
(0,0,0)
(0,0,0)
(0,0,0)
(4.42096282151758e-13,7.3359920916172e-13,-1.05452027019971e-09)
(1.56307034768323e-12,1.87915044237145e-12,-1.05442899952096e-09)
(3.40393995525575e-12,4.13571426900268e-12,-1.0534994055581e-09)
(5.998785211112e-12,9.18015580848378e-12,-1.05016146858881e-09)
(6.8246873145938e-12,1.89382416975184e-11,-1.04171897328534e-09)
(5.98613712115941e-12,3.77533650667055e-11,-1.02359969286306e-09)
(3.97065271830798e-12,7.3454542530295e-11,-9.86270981994324e-10)
(2.0578056607011e-12,1.4061410751828e-10,-9.12659202696176e-10)
(3.98257158044002e-13,2.72275538116078e-10,-7.71332707080897e-10)
(2.67993935271942e-13,4.97717517120538e-10,-4.98219472194645e-10)
(0,0,0)
(0,0,0)
(0,0,0)
(0,0,0)
(0,0,0)
(0,0,0)
(0,0,0)
(0,0,0)
(0,0,0)
(0,0,0)
(0,0,0)
(0,0,0)
(0,0,0)
(0,0,0)
(0,0,0)
(0,0,0)
(0,0,0)
(0,0,0)
(0,0,0)
(0,0,0)
(0,0,0)
(0,0,0)
(0,0,0)
(0,0,0)
(0,0,0)
(0,0,0)
(0,0,0)
(0,0,0)
(0,0,0)
(0,0,0)
(0,0,0)
(0,0,0)
(0,0,0)
(0,0,0)
(0,0,0)
(0,0,0)
(0,0,0)
(0,0,0)
(0,0,0)
(0,0,0)
(0,0,0)
(0,0,0)
(0,0,0)
(0,0,0)
(0,0,0)
(0,0,0)
(0,0,0)
(0,0,0)
(0,0,0)
(0,0,0)
(0,0,0)
(0,0,0)
(0,0,0)
(0,0,0)
(0,0,0)
(0,0,0)
(0,0,0)
(0,0,0)
(0,0,0)
(0,0,0)
(0,0,0)
(0,0,0)
(0,0,0)
(0,0,0)
(0,0,0)
(0,0,0)
(0,0,0)
(0,0,0)
(0,0,0)
(0,0,0)
(0,0,0)
(0,0,0)
(0,0,0)
(0,0,0)
(0,0,0)
(0,0,0)
(0,0,0)
(0,0,0)
(0,0,0)
(0,0,0)
(0,0,0)
(0,0,0)
(0,0,0)
(0,0,0)
(0,0,0)
(0,0,0)
(0,0,0)
(0,0,0)
(0,0,0)
(0,0,0)
(0,0,0)
(0,0,0)
(0,0,0)
(0,0,0)
(0,0,0)
(0,0,0)
(0,0,0)
(0,0,0)
(0,0,0)
(0,0,0)
(0,0,0)
(0,0,0)
(1.1931817260328e-12,2.18432374838669e-11,-2.60206312388728e-11)
(2.04108549959816e-12,4.79844644373622e-11,-2.48691124448657e-11)
(3.00524309941477e-12,8.18969005482733e-11,-2.25679082597562e-11)
(3.88133018364369e-12,1.28674454826636e-10,-1.86455573694611e-11)
(4.82244165093599e-12,1.97062309462213e-10,-1.35467245952125e-11)
(4.87715906748195e-12,2.99908602975499e-10,-7.38280490141063e-12)
(3.95640328255731e-12,4.62736055340046e-10,-2.13495237024039e-12)
(2.25247113756574e-12,7.40496213298513e-10,3.2421299982513e-13)
(9.81798457146998e-14,1.27282681348385e-09,9.0019752860868e-13)
(-1.00174622112604e-12,2.49497805376371e-09,4.84053581618827e-13)
(0,0,0)
(0,0,0)
(0,0,0)
(0,0,0)
(0,0,0)
(0,0,0)
(2.02166302004362e-12,2.10861785360505e-11,-5.54636026538846e-11)
(4.23611508107354e-12,4.62030529718853e-11,-5.34140621739061e-11)
(5.76272529315076e-12,7.87313793975186e-11,-4.89859360293921e-11)
(7.05270051039332e-12,1.24708185852256e-10,-4.16816412304391e-11)
(8.49301284165233e-12,1.92197705342459e-10,-3.11132626608923e-11)
(8.75195135891859e-12,2.95595684979105e-10,-1.84166117365267e-11)
(7.04490651854373e-12,4.61064924988538e-10,-7.1111688848916e-12)
(3.52467777395904e-12,7.40930435732045e-10,-1.67616006842169e-12)
(-1.37362005610961e-13,1.27411036212433e-09,-5.20879376896534e-14)
(-2.18404092785156e-12,2.49601169319467e-09,1.87632472148081e-13)
(0,0,0)
(0,0,0)
(0,0,0)
(0,0,0)
(0,0,0)
(0,0,0)
(3.05897867870815e-12,1.93786026975611e-11,-9.21934659750436e-11)
(6.2059185904325e-12,4.25510210022269e-11,-8.96024086178416e-11)
(8.03920521692989e-12,7.2705105818657e-11,-8.34160076362497e-11)
(9.5135312193739e-12,1.16023781038269e-10,-7.3288404095723e-11)
(1.14869162701439e-11,1.81375061808616e-10,-5.79088200114364e-11)
(1.18961663653642e-11,2.85559405658869e-10,-3.84568846192629e-11)
(9.58992474766247e-12,4.5653725526458e-10,-1.97247823337048e-11)
(3.61703542512745e-12,7.41243490968368e-10,-1.08911679144358e-11)
(-1.29218524695057e-12,1.27587737685988e-09,-7.05953032002775e-12)
(-3.43467849640596e-12,2.49777888326895e-09,-3.70533687754092e-12)
(0,0,0)
(0,0,0)
(0,0,0)
(0,0,0)
(0,0,0)
(0,0,0)
(3.47927275301153e-12,1.70569439685244e-11,-1.40895684568869e-10)
(7.45989749200756e-12,3.71600433642266e-11,-1.37940420897379e-10)
(1.04138107375133e-11,6.3596449776548e-11,-1.30835331031665e-10)
(1.23615840932301e-11,1.01963181401248e-10,-1.18823496886707e-10)
(1.44158240138647e-11,1.62929706183396e-10,-1.00721788974029e-10)
(1.40045630944269e-11,2.66644861141893e-10,-7.72801456727309e-11)
(1.04382209622105e-11,4.46179398185472e-10,-5.29544738076544e-11)
(3.06396145170785e-12,7.39600897983934e-10,-3.91589980370964e-11)
(-1.70335953882439e-12,1.27526775358693e-09,-2.80808048356944e-11)
(-3.6354252048596e-12,2.49648393612408e-09,-1.52995602768051e-11)
(0,0,0)
(0,0,0)
(0,0,0)
(0,0,0)
(0,0,0)
(0,0,0)
(3.28081921208687e-12,1.40694347956327e-11,-2.09386342145045e-10)
(7.64731154382115e-12,3.0447566693229e-11,-2.06187734549295e-10)
(1.13264869162508e-11,5.2115254000506e-11,-1.99255076333624e-10)
(1.36486537286106e-11,8.40109219570525e-11,-1.87919875827868e-10)
(1.56821515587066e-11,1.37967912543053e-10,-1.71736940060647e-10)
(1.39483067012083e-11,2.37023200387944e-10,-1.51777248675546e-10)
(4.58566720126738e-12,4.2298418102559e-10,-1.33548140450254e-10)
(-8.25337066338323e-13,7.31301181759344e-10,-1.02837517599824e-10)
(-3.46759289278681e-12,1.26674613766164e-09,-7.16564106146766e-11)
(-4.78726621891356e-12,2.48497249306961e-09,-3.7601969388066e-11)
(0,0,0)
(0,0,0)
(0,0,0)
(0,0,0)
(0,0,0)
(0,0,0)
(3.00593605734468e-12,1.05964924378482e-11,-3.10186630429135e-10)
(6.72451605953861e-12,2.33254799735616e-11,-3.07836986968466e-10)
(1.01038219241221e-11,4.03866871161631e-11,-3.02325573523524e-10)
(1.25246096350282e-11,6.61877617892353e-11,-2.93225435023194e-10)
(1.37848978196507e-11,1.12742670708535e-10,-2.80130038819984e-10)
(1.09496892703266e-11,2.07722348987047e-10,-2.62320260683795e-10)
(2.28080117198772e-12,4.02711777638126e-10,-2.39349571425865e-10)
(-2.55213292707006e-12,7.09612245058348e-10,-1.98084908499877e-10)
(-4.24152215137003e-12,1.23896717635907e-09,-1.42061487943235e-10)
(-4.65702640747359e-12,2.45175356506843e-09,-7.47579358355583e-11)
(0,0,0)
(0,0,0)
(0,0,0)
(0,0,0)
(0,0,0)
(0,0,0)
(2.23551118439147e-12,7.65257942863539e-12,-4.67838126000906e-10)
(4.95599417316507e-12,1.69710972313965e-11,-4.66348343266927e-10)
(7.69263790687969e-12,2.98329014108409e-11,-4.62692912670968e-10)
(9.67491607533079e-12,5.03534542595941e-11,-4.56537940099088e-10)
(8.74830913938423e-12,8.91394427228809e-11,-4.47505920891701e-10)
(3.11963908271828e-12,1.74178410019098e-10,-4.32456203496147e-10)
(1.2238478881158e-12,3.67691333690443e-10,-3.95674170045233e-10)
(-2.07872532927992e-12,6.6197322733434e-10,-3.45748225295691e-10)
(-3.57668192105772e-12,1.17726664449361e-09,-2.55004733740692e-10)
(-3.68464185493355e-12,2.38049058197597e-09,-1.37053982533049e-10)
(0,0,0)
(0,0,0)
(0,0,0)
(0,0,0)
(0,0,0)
(0,0,0)
(1.84121414427523e-12,5.07633710081122e-12,-7.37196040947698e-10)
(3.78833398431431e-12,1.17151271736026e-11,-7.36459777764889e-10)
(5.84573361427104e-12,2.15609667069882e-11,-7.34369561852594e-10)
(8.02559849046595e-12,3.93020960147367e-11,-7.29957667538974e-10)
(7.6100357086426e-12,7.54771988778441e-11,-7.22031611671484e-10)
(3.99189887014441e-12,1.55010254098058e-10,-7.06021130591083e-10)
(1.45346468094532e-12,3.19284803954899e-10,-6.67100227465695e-10)
(-1.17929263657842e-12,5.74868375191474e-10,-5.84873874405909e-10)
(-2.56995430754808e-12,1.06248215092104e-09,-4.49513090868604e-10)
(-2.73346566182193e-12,2.24529699069852e-09,-2.55123662507255e-10)
(0,0,0)
(0,0,0)
(0,0,0)
(0,0,0)
(0,0,0)
(0,0,0)
(1.29801846445721e-12,2.93993788850075e-12,-1.26218886076905e-09)
(3.03809226970284e-12,7.5294619540745e-12,-1.26230893974998e-09)
(4.95157698065248e-12,1.46110386144774e-11,-1.26114098009158e-09)
(7.45112184838879e-12,2.88613371314533e-11,-1.25701325381184e-09)
(7.75472276648742e-12,5.81456314963738e-11,-1.24658894463703e-09)
(5.64949086668263e-12,1.19218641769303e-10,-1.22279914398813e-09)
(2.84550975648207e-12,2.37484613379231e-10,-1.16987664601717e-09)
(2.76289722437169e-13,4.40707853609903e-10,-1.0619660064764e-09)
(-1.36886758258193e-12,8.69486822958905e-10,-8.71458863936251e-10)
(-1.70216256994526e-12,1.99099826934799e-09,-5.441089953344e-10)
(0,0,0)
(0,0,0)
(0,0,0)
(0,0,0)
(0,0,0)
(0,0,0)
(1.08442481256319e-12,1.25694464172335e-12,-2.48024782870952e-09)
(2.51262682718909e-12,3.70196567374221e-12,-2.48087995915167e-09)
(4.20171725496814e-12,7.66767016847687e-12,-2.48016736176091e-09)
(6.7364457161314e-12,1.58352757246404e-11,-2.47543843096847e-09)
(7.64364858983175e-12,3.20866961186082e-11,-2.46211149346433e-09)
(6.41079131912593e-12,6.51638941433253e-11,-2.4322639507798e-09)
(3.81341595045471e-12,1.28929721491343e-10,-2.3687752840035e-09)
(1.34541756370055e-12,2.5038357091441e-10,-2.24059710144157e-09)
(-4.39439612129147e-13,5.42576432162352e-10,-1.99009153596178e-09)
(-2.3396113882878e-13,1.44716100915754e-09,-1.44733357309459e-09)
(0,0,0)
(0,0,0)
(0,0,0)
(0,0,0)
(0,0,0)
(0,0,0)
(0,0,0)
(0,0,0)
(0,0,0)
(0,0,0)
(0,0,0)
(0,0,0)
(0,0,0)
(0,0,0)
(0,0,0)
(0,0,0)
(0,0,0)
(0,0,0)
(0,0,0)
(0,0,0)
(0,0,0)
(0,0,0)
(0,0,0)
(0,0,0)
(0,0,0)
(0,0,0)
(0,0,0)
(0,0,0)
(0,0,0)
(0,0,0)
(0,0,0)
(0,0,0)
(0,0,0)
(0,0,0)
(0,0,0)
(0,0,0)
(0,0,0)
(0,0,0)
(0,0,0)
(0,0,0)
(0,0,0)
(0,0,0)
(0,0,0)
(0,0,0)
(0,0,0)
(0,0,0)
(0,0,0)
(0,0,0)
(0,0,0)
(0,0,0)
(0,0,0)
(0,0,0)
(0,0,0)
(0,0,0)
(0,0,0)
(0,0,0)
(0,0,0)
(0,0,0)
(0,0,0)
(0,0,0)
(0,0,0)
(0,0,0)
(0,0,0)
(0,0,0)
(0,0,0)
(0,0,0)
(0,0,0)
(0,0,0)
(0,0,0)
(0,0,0)
(0,0,0)
(0,0,0)
(0,0,0)
(0,0,0)
(0,0,0)
(0,0,0)
(0,0,0)
(0,0,0)
(0,0,0)
(0,0,0)
(0,0,0)
(0,0,0)
(0,0,0)
(0,0,0)
(0,0,0)
(0,0,0)
(0,0,0)
(0,0,0)
(0,0,0)
(0,0,0)
(0,0,0)
(0,0,0)
(0,0,0)
(0,0,0)
(0,0,0)
(0,0,0)
(0,0,0)
(0,0,0)
(0,0,0)
(0,0,0)
(0,0,0)
(0,0,0)
(7.98721879852918e-13,3.11086632307629e-11,-3.60959528953623e-11)
(1.5212927799339e-12,6.62384410887037e-11,-3.42532444335322e-11)
(2.24841335987639e-12,1.10101763208907e-10,-3.0547709917893e-11)
(2.74876638382746e-12,1.69627372435503e-10,-2.47807756751314e-11)
(3.52312607685749e-12,2.52981765012069e-10,-1.65291098556509e-11)
(3.94222453259673e-12,3.73046937186533e-10,-6.14854748333862e-12)
(3.16836826408925e-12,5.47817317097916e-10,2.90075585153427e-12)
(1.24226417527279e-12,8.02593587465348e-10,5.70877452178967e-12)
(-7.69224847760678e-13,1.16727451704255e-09,4.37896313912306e-12)
(-1.55133207044513e-12,1.61235854500843e-09,2.01331039903416e-12)
(0,0,0)
(0,0,0)
(0,0,0)
(0,0,0)
(0,0,0)
(0,0,0)
(1.67969837850998e-12,2.94732198690133e-11,-7.53317366805349e-11)
(3.46002090621442e-12,6.29856874165537e-11,-7.20563793714414e-11)
(4.48470407304471e-12,1.05246101976902e-10,-6.49699190200091e-11)
(5.1687267548355e-12,1.62779030862709e-10,-5.33609700951168e-11)
(6.61900545117799e-12,2.44530469567055e-10,-3.63418026053223e-11)
(7.48278782747864e-12,3.66204383320243e-10,-1.4422171139484e-11)
(6.13756742604907e-12,5.4709713816453e-10,6.37137868802613e-12)
(1.58755040689042e-12,8.06161657034836e-10,1.16085340566936e-11)
(-2.14409715098872e-12,1.17127871090219e-09,8.3453632953843e-12)
(-3.7635985299743e-12,1.61527883140465e-09,3.73987027871585e-12)
(0,0,0)
(0,0,0)
(0,0,0)
(0,0,0)
(0,0,0)
(0,0,0)
(2.78958005056836e-12,2.64981723293924e-11,-1.22546590234057e-10)
(5.41049524684451e-12,5.69004390562753e-11,-1.18507363467716e-10)
(7.02025771844074e-12,9.53913248497179e-11,-1.08856768887987e-10)
(8.19454677220209e-12,1.4812742746905e-10,-9.24091951275923e-11)
(1.04803365032039e-11,2.25705310123832e-10,-6.70271796667384e-11)
(1.20786085967716e-11,3.48992573814668e-10,-3.13672947018998e-11)
(1.11141674074806e-11,5.44638487853328e-10,7.68704229064608e-12)
(1.42799081515916e-12,8.13660974340078e-10,1.22943247100605e-11)
(-4.03675541652388e-12,1.17930403013267e-09,5.84174838212354e-12)
(-5.84506822907409e-12,1.62141101679357e-09,1.30160072131418e-12)
(0,0,0)
(0,0,0)
(0,0,0)
(0,0,0)
(0,0,0)
(0,0,0)
(3.51151825442815e-12,2.28116944986319e-11,-1.84294430802907e-10)
(7.06728429725622e-12,4.84761453223775e-11,-1.80139757857802e-10)
(9.88317236858266e-12,8.08871046710558e-11,-1.69372769774581e-10)
(1.22121356247938e-11,1.251374973463e-10,-1.5026774819096e-10)
(1.59359743529281e-11,1.93081007720433e-10,-1.19863153763264e-10)
(1.93005519833221e-11,3.12633601443833e-10,-7.3812399165209e-11)
(1.98379623514901e-11,5.3637366390241e-10,-1.24979670614808e-11)
(2.85484474922266e-13,8.26645696449479e-10,-1.23597736761991e-11)
(-5.96298817243828e-12,1.1896556537322e-09,-1.67373361783757e-11)
(-7.42354242717166e-12,1.62697490221738e-09,-1.17437603953477e-11)
(0,0,0)
(0,0,0)
(0,0,0)
(0,0,0)
(0,0,0)
(0,0,0)
(3.55515397410536e-12,1.8495875782421e-11,-2.68598383506492e-10)
(7.83674004781935e-12,3.84547982977936e-11,-2.64073109726696e-10)
(1.17198532948505e-11,6.32042392611042e-11,-2.53591792144216e-10)
(1.5288878129242e-11,9.57183275776069e-11,-2.36130960667635e-10)
(2.09477020081322e-11,1.46567852190869e-10,-2.10524849131042e-10)
(2.50200498767682e-11,2.42644341830083e-10,-1.79279610693978e-10)
(-5.85255226172253e-12,4.72894166034399e-10,-1.81385403475091e-10)
(-1.03175073504614e-11,8.39214481753876e-10,-1.17646950466967e-10)
(-9.74307281680748e-12,1.19325030582815e-09,-8.01699810094343e-11)
(-9.17030760581811e-12,1.62066235957775e-09,-4.22325297304026e-11)
(0,0,0)
(0,0,0)
(0,0,0)
(0,0,0)
(0,0,0)
(0,0,0)
(3.60020560584819e-12,1.35589240399921e-11,-3.85666093421484e-10)
(7.56748535684998e-12,2.79268724042356e-11,-3.81829778080123e-10)
(1.15574691291004e-11,4.55205048123793e-11,-3.73564060386112e-10)
(1.52635209614793e-11,6.70212051589948e-11,-3.60745798183637e-10)
(1.95783476690666e-11,1.0253591007284e-10,-3.43449695650318e-10)
(2.1522938980343e-11,1.89821588742984e-10,-3.21191749917853e-10)
(-3.96341780633596e-12,4.7446185610932e-10,-3.15293923022795e-10)
(-1.09365357596952e-11,8.27558883057815e-10,-2.50404407210154e-10)
(-9.84454239352685e-12,1.1662686854559e-09,-1.74319249199746e-10)
(-8.15197915062946e-12,1.58356935877807e-09,-9.00117564587338e-11)
(0,0,0)
(0,0,0)
(0,0,0)
(0,0,0)
(0,0,0)
(0,0,0)
(3.32197077824698e-12,9.10198218572278e-12,-5.51944131339415e-10)
(6.55653363501939e-12,1.86458698411727e-11,-5.49620688468327e-10)
(9.80960003885687e-12,3.04669190841557e-11,-5.45053719967832e-10)
(1.16942551128051e-11,4.31035155262374e-11,-5.39258376772739e-10)
(7.36083558882485e-12,6.0987490753599e-11,-5.3648790026787e-10)
(-1.44942384471417e-11,1.14017593280969e-10,-5.39243573799804e-10)
(-2.95567125864624e-13,4.36071999615784e-10,-4.65449867000999e-10)
(-5.71736474144686e-12,7.73443019786246e-10,-4.48998883462677e-10)
(-6.74293955607883e-12,1.09152909840816e-09,-3.11977421247111e-10)
(-5.54503311054127e-12,1.49802748488565e-09,-1.60403674326623e-10)
(0,0,0)
(0,0,0)
(0,0,0)
(0,0,0)
(0,0,0)
(0,0,0)
(3.24135017376746e-12,5.623592967904e-12,-7.96348233545148e-10)
(5.88378329161709e-12,1.21654018467045e-11,-7.95057601470111e-10)
(8.38376739312286e-12,2.12801480032219e-11,-7.9270029621609e-10)
(1.05403015062895e-11,3.41418182730922e-11,-7.90029205441472e-10)
(8.93112200968392e-12,6.19588022252845e-11,-7.89638460891096e-10)
(8.6260807351287e-13,1.46570408148203e-10,-7.91946549896721e-10)
(1.02730219681642e-12,3.98434079912995e-10,-7.70935747981436e-10)
(-2.37955459230165e-12,6.40953074674662e-10,-6.56358071882175e-10)
(-3.96405470676593e-12,9.44072506304962e-10,-4.78116855695812e-10)
(-3.55840681854675e-12,1.34023276430266e-09,-2.57573920949617e-10)
(0,0,0)
(0,0,0)
(0,0,0)
(0,0,0)
(0,0,0)
(0,0,0)
(3.10109069220482e-12,3.05960526749101e-12,-1.15195006261784e-09)
(5.6976288916295e-12,7.61888637795982e-12,-1.15166301920584e-09)
(7.76721914694657e-12,1.48969508688429e-11,-1.15029003838917e-09)
(1.00528740803644e-11,2.7846129806598e-11,-1.1470139881387e-09)
(1.00238574953711e-11,5.67046817454665e-11,-1.14016892952386e-09)
(6.78174052165613e-12,1.28126213520278e-10,-1.1234300672607e-09)
(3.48976210362165e-12,2.8045368072346e-10,-1.07327289254634e-09)
(9.34298777596844e-14,4.63725579622404e-10,-9.42098617814001e-10)
(-1.808345387854e-12,7.25049918008762e-10,-7.28558260102095e-10)
(-1.97389771389402e-12,1.08394711325262e-09,-4.18015062602263e-10)
(0,0,0)
(0,0,0)
(0,0,0)
(0,0,0)
(0,0,0)
(0,0,0)
(2.97349989637808e-12,1.29939941278964e-12,-1.59145258443821e-09)
(5.50199511016616e-12,3.8732761560896e-12,-1.59181141239049e-09)
(7.14045663100762e-12,8.10346072512119e-12,-1.59060254088838e-09)
(9.24478393669107e-12,1.63740116466701e-11,-1.58589252826338e-09)
(9.88280202386894e-12,3.40073903819917e-11,-1.57344773318851e-09)
(8.08601868616425e-12,7.29337298157773e-11,-1.54404967916855e-09)
(4.56495487984545e-12,1.46749048063401e-10,-1.47566847490359e-09)
(1.2234229982989e-12,2.50046209244467e-10,-1.33175381840883e-09)
(-6.20970316953104e-13,4.15097369884329e-10,-1.08248885416204e-09)
(-4.06525075875577e-13,6.66847783535192e-10,-6.67415981921307e-10)
(0,0,0)
(0,0,0)
(0,0,0)
(0,0,0)
(0,0,0)
(0,0,0)
(0,0,0)
(0,0,0)
(0,0,0)
(0,0,0)
(0,0,0)
(0,0,0)
(0,0,0)
(0,0,0)
(0,0,0)
(0,0,0)
(0,0,0)
(0,0,0)
(0,0,0)
(0,0,0)
(0,0,0)
(0,0,0)
(0,0,0)
(0,0,0)
(0,0,0)
(0,0,0)
(0,0,0)
(0,0,0)
(0,0,0)
(0,0,0)
(0,0,0)
(0,0,0)
(0,0,0)
(0,0,0)
(0,0,0)
(0,0,0)
(0,0,0)
(0,0,0)
(0,0,0)
(0,0,0)
(0,0,0)
(0,0,0)
(0,0,0)
(0,0,0)
(0,0,0)
(0,0,0)
(0,0,0)
(0,0,0)
(0,0,0)
(0,0,0)
(0,0,0)
(0,0,0)
(0,0,0)
(0,0,0)
(0,0,0)
(0,0,0)
(0,0,0)
(0,0,0)
(0,0,0)
(0,0,0)
(0,0,0)
(0,0,0)
(0,0,0)
(0,0,0)
(0,0,0)
(0,0,0)
(0,0,0)
(0,0,0)
(0,0,0)
(0,0,0)
(0,0,0)
(0,0,0)
(0,0,0)
(0,0,0)
(0,0,0)
(0,0,0)
(0,0,0)
(0,0,0)
(0,0,0)
(0,0,0)
(0,0,0)
(0,0,0)
(0,0,0)
(0,0,0)
(0,0,0)
(0,0,0)
(0,0,0)
(0,0,0)
(0,0,0)
(0,0,0)
(0,0,0)
(0,0,0)
(0,0,0)
(0,0,0)
(0,0,0)
(0,0,0)
(0,0,0)
(0,0,0)
(0,0,0)
(0,0,0)
(0,0,0)
(0,0,0)
(5.91456779771657e-13,3.60368332712367e-11,-4.17399387151361e-11)
(1.06851193644497e-12,7.64488381312728e-11,-3.93438530267183e-11)
(1.33714034911839e-12,1.25368219727679e-10,-3.45809646288323e-11)
(1.34544213714084e-12,1.89981398804417e-10,-2.69726770812208e-11)
(1.59385914956232e-12,2.77065285621192e-10,-1.52778294725879e-11)
(1.7354750640107e-12,3.96469206740349e-10,-7.53423140560682e-13)
(1.08052852722702e-12,5.55995605576995e-10,1.24956853450675e-11)
(-9.95994011547933e-13,7.54739181707567e-10,1.4958628892502e-11)
(-2.40776596731951e-12,9.78985079070718e-10,1.04046902279823e-11)
(-2.45830806765679e-12,1.17102483330914e-09,4.76999914761263e-12)
(0,0,0)
(0,0,0)
(0,0,0)
(0,0,0)
(0,0,0)
(0,0,0)
(1.37938860903749e-12,3.40848832142477e-11,-8.6408135462099e-11)
(2.45880891506102e-12,7.26934333934517e-11,-8.24565773296294e-11)
(2.73053227533674e-12,1.19231405492468e-10,-7.38048446452365e-11)
(2.80116265870112e-12,1.80029760542974e-10,-5.86004014681107e-11)
(3.52453342856291e-12,2.64646203321412e-10,-3.46503688349039e-11)
(3.90104750554289e-12,3.86180500291301e-10,-1.37131809919927e-12)
(3.35906236857742e-12,5.56937264508476e-10,3.45099798998656e-11)
(-2.64859613703786e-12,7.62246310627881e-10,3.62420528371485e-11)
(-5.56392336479256e-12,9.86623553418198e-10,2.2612485213706e-11)
(-6.15591364017247e-12,1.17710579666392e-09,9.65933487493002e-12)
(0,0,0)
(0,0,0)
(0,0,0)
(0,0,0)
(0,0,0)
(0,0,0)
(2.4368311149882e-12,3.09088899903525e-11,-1.40310854299384e-10)
(4.18419440101223e-12,6.57456413456707e-11,-1.34921926789135e-10)
(5.07690413670863e-12,1.0650788202713e-10,-1.22918995331254e-10)
(5.80246143409738e-12,1.59266110852734e-10,-1.01099599630302e-10)
(7.44475394176474e-12,2.36131504029577e-10,-6.41918047725691e-11)
(9.38324397506081e-12,3.58315114894809e-10,-2.77366088582401e-12)
(1.47717089389799e-11,5.65694311000444e-10,8.90077696244511e-11)
(-5.10415496629872e-12,7.84270208850815e-10,7.03470993609656e-11)
(-9.84823135524184e-12,1.00425529739704e-09,3.39461382893396e-11)
(-1.0107352931585e-11,1.18925321864286e-09,1.16399170394905e-11)
(0,0,0)
(0,0,0)
(0,0,0)
(0,0,0)
(0,0,0)
(0,0,0)
(3.67266402553483e-12,2.62604495325474e-11,-2.08336522428849e-10)
(6.32164323862242e-12,5.54726696085539e-11,-2.02360168794539e-10)
(8.46101619490876e-12,8.76138288501329e-11,-1.88323140099092e-10)
(1.12267109657909e-11,1.26862110297357e-10,-1.62633230952252e-10)
(1.63983752844374e-11,1.83846996194347e-10,-1.17089283250273e-10)
(2.79753794933391e-11,2.87795479682823e-10,-2.4267946080899e-11)
(8.31792668342228e-11,6.16890867581309e-10,2.34611750328532e-10)
(-7.90573832729058e-12,8.43697412116463e-10,9.99081418770963e-11)
(-1.45512160514429e-11,1.0364989809279e-09,2.51774363421746e-11)
(-1.28547601828651e-11,1.20536678056632e-09,1.81032917800151e-12)
(0,0,0)
(0,0,0)
(0,0,0)
(0,0,0)
(0,0,0)
(0,0,0)
(3.96683193673938e-12,2.06918926928579e-11,-2.96575769818334e-10)
(7.88334835889689e-12,4.28187453410793e-11,-2.90610297719685e-10)
(1.19427562669957e-11,6.45852065429566e-11,-2.76891091076703e-10)
(1.83798890112614e-11,8.61016576348253e-11,-2.52567591687572e-10)
(3.37344056890972e-11,1.06259177334116e-10,-2.11660162273389e-10)
(7.99485957449763e-11,9.60699281178489e-11,-1.37146975047349e-10)
(-7.11586953447657e-11,1.16762740298352e-09,-1.4170842196421e-17)
(-3.61388781119304e-11,9.86809635331621e-10,-8.08320330328277e-11)
(-2.06989037235934e-11,1.07773102522149e-09,-6.09318165789738e-11)
(-1.43098365365149e-11,1.21308723102006e-09,-3.51699572187121e-11)
(0,0,0)
(0,0,0)
(0,0,0)
(0,0,0)
(0,0,0)
(0,0,0)
(4.22083211875331e-12,1.48614309042211e-11,-4.11310362904949e-10)
(8.58277022590194e-12,2.9881929926584e-11,-4.06447404037752e-10)
(1.37927926548471e-11,4.16702995061482e-11,-3.9547502827117e-10)
(2.18851080609191e-11,4.67617012609685e-11,-3.77505399706927e-10)
(3.8868821255844e-11,3.81913039063445e-11,-3.49552292628844e-10)
(9.1429107547296e-11,-1.89441185164047e-12,-2.86756211777136e-10)
(-3.04630771254328e-11,1.17730076315832e-09,-1.79968232592337e-16)
(-3.29058304985451e-11,1.0050248750923e-09,-2.51693134965006e-10)
(-1.94124480867939e-11,1.06362812670249e-09,-1.74821344762023e-10)
(-1.26218617169334e-11,1.18156602607443e-09,-8.98187924794586e-11)
(0,0,0)
(0,0,0)
(0,0,0)
(0,0,0)
(0,0,0)
(0,0,0)
(4.47691712498372e-12,9.58491663899528e-12,-5.58752708337554e-10)
(8.47003312899354e-12,1.84208348253852e-11,-5.55832383548402e-10)
(1.3201027924697e-11,2.25177277634208e-11,-5.50224909599758e-10)
(1.78854758610773e-11,1.29322618510124e-11,-5.4547166174123e-10)
(9.14519764907284e-12,-4.35222562607916e-11,-5.60055459101848e-10)
(-1.20840760113181e-10,-3.19521548600655e-10,-6.89766440750296e-10)
(2.0891369038596e-11,1.39853064182886e-09,-1.51745207995698e-09)
(-1.02488818454156e-11,9.84225797421223e-10,-6.63518233918946e-10)
(-1.08600943733735e-11,9.89539595101734e-10,-3.54135481737958e-10)
(-8.15398685417139e-12,1.09392780817141e-09,-1.65230510208689e-10)
(0,0,0)
(0,0,0)
(0,0,0)
(0,0,0)
(0,0,0)
(0,0,0)
(4.51470579914002e-12,5.73003065692635e-12,-7.44415853659989e-10)
(8.07299350634733e-12,1.11001927186819e-11,-7.42782378074554e-10)
(1.20958737528812e-11,1.35148311602584e-11,-7.40502660909866e-10)
(1.64452454224043e-11,9.66740450172941e-12,-7.41463110329155e-10)
(1.64933314951294e-11,-5.78417773518048e-13,-7.57903903454318e-10)
(-1.70399921384723e-12,2.38173000656632e-11,-8.22614564476309e-10)
(4.43002528708681e-12,5.65488136471271e-10,-9.71248425145922e-10)
(-3.39327572639069e-12,6.91645854259737e-10,-7.12424794158632e-10)
(-5.48440115675536e-12,8.0397936434358e-10,-4.6408937586234e-10)
(-4.84667671812472e-12,9.29484492991809e-10,-2.33611487733754e-10)
(0,0,0)
(0,0,0)
(0,0,0)
(0,0,0)
(0,0,0)
(0,0,0)
(4.57425313490701e-12,3.07330816836366e-12,-9.5825065064539e-10)
(8.07025829682256e-12,6.71893044043591e-12,-9.57467943481454e-10)
(1.12846590402029e-11,1.02300833232731e-11,-9.56460343900237e-10)
(1.46799336254525e-11,1.4711296250483e-11,-9.56279531028946e-10)
(1.59822865956886e-11,3.04541342139122e-11,-9.59371322509771e-10)
(1.18170495117924e-11,9.45422612328645e-11,-9.67203602127221e-10)
(6.02012003134661e-12,3.06784085433296e-10,-9.56075061767741e-10)
(2.32442543778275e-13,4.45663275116514e-10,-7.98989933760371e-10)
(-2.39899476324114e-12,5.74125462174786e-10,-5.777230952885e-10)
(-2.88963059876766e-12,6.96424532176212e-10,-3.09790044253231e-10)
(0,0,0)
(0,0,0)
(0,0,0)
(0,0,0)
(0,0,0)
(0,0,0)
(4.63172726144869e-12,1.30228200903442e-12,-1.14434403158533e-09)
(8.1663997641418e-12,3.63127509306417e-12,-1.14437220016684e-09)
(1.05339047311329e-11,6.42459185256133e-12,-1.1432507962759e-09)
(1.31740005084927e-11,1.12373313311032e-11,-1.14039088332232e-09)
(1.44921383858942e-11,2.51628185406529e-11,-1.13393057780029e-09)
(1.2638544236985e-11,6.36368077004804e-11,-1.11579678971301e-09)
(7.39934644849107e-12,1.46036609525969e-10,-1.05995352029777e-09)
(2.00466799597506e-12,2.23908337093185e-10,-9.16936722949131e-10)
(-5.96472673358567e-13,3.06164199373172e-10,-6.93804895264537e-10)
(-9.74723461989403e-13,3.87327700592457e-10,-3.8782128034415e-10)
(0,0,0)
(0,0,0)
(0,0,0)
(0,0,0)
(0,0,0)
(0,0,0)
(0,0,0)
(0,0,0)
(0,0,0)
(0,0,0)
(0,0,0)
(0,0,0)
(0,0,0)
(0,0,0)
(0,0,0)
(0,0,0)
(0,0,0)
(0,0,0)
(0,0,0)
(0,0,0)
(0,0,0)
(0,0,0)
(0,0,0)
(0,0,0)
(0,0,0)
(0,0,0)
(0,0,0)
(0,0,0)
(0,0,0)
(0,0,0)
(0,0,0)
(0,0,0)
(0,0,0)
(0,0,0)
(0,0,0)
(0,0,0)
(0,0,0)
(0,0,0)
(0,0,0)
(0,0,0)
(0,0,0)
(0,0,0)
(0,0,0)
(0,0,0)
(0,0,0)
(0,0,0)
(0,0,0)
(0,0,0)
(0,0,0)
(0,0,0)
(0,0,0)
(0,0,0)
(0,0,0)
(0,0,0)
(0,0,0)
(0,0,0)
(0,0,0)
(0,0,0)
(0,0,0)
(0,0,0)
(0,0,0)
(0,0,0)
(0,0,0)
(0,0,0)
(0,0,0)
(0,0,0)
(0,0,0)
(0,0,0)
(0,0,0)
(0,0,0)
(0,0,0)
(0,0,0)
(0,0,0)
(0,0,0)
(0,0,0)
(0,0,0)
(0,0,0)
(0,0,0)
(0,0,0)
(0,0,0)
(0,0,0)
(0,0,0)
(0,0,0)
(0,0,0)
(0,0,0)
(0,0,0)
(0,0,0)
(0,0,0)
(0,0,0)
(0,0,0)
(0,0,0)
(0,0,0)
(0,0,0)
(0,0,0)
(0,0,0)
(0,0,0)
(0,0,0)
(0,0,0)
(0,0,0)
(0,0,0)
(0,0,0)
(0,0,0)
(1.47321148343509e-13,3.84250776256724e-11,-4.49674841995002e-11)
(6.10282763798592e-14,8.14198216317385e-11,-4.25046570732214e-11)
(-1.34332963282607e-13,1.3271468341814e-10,-3.71308563849392e-11)
(-3.97767210050329e-13,1.96340665193178e-10,-2.84215654258879e-11)
(-5.11464882683495e-13,2.78191216845465e-10,-1.48829610146346e-11)
(-1.22492697256794e-12,3.87098245766792e-10,2.48415713505666e-12)
(-2.32407395169034e-12,5.23947492402985e-10,1.9889079314026e-11)
(-3.94918426733858e-12,6.75026751650908e-10,2.26062852352563e-11)
(-4.41154923442975e-12,8.18733529117397e-10,1.5633947458665e-11)
(-3.76927227481126e-12,9.17145993307563e-10,7.35725491731841e-12)
(0,0,0)
(0,0,0)
(0,0,0)
(0,0,0)
(0,0,0)
(0,0,0)
(6.0382370046237e-13,3.66037768679828e-11,-9.29260394347463e-11)
(7.54868278447796e-13,7.70410355016351e-11,-8.84364288117028e-11)
(2.49612563550949e-13,1.24941717009248e-10,-7.86910211314273e-11)
(-3.85220284268644e-13,1.84016200714094e-10,-6.15364521779927e-11)
(-1.23981801530394e-12,2.6248967780887e-10,-3.3640084273575e-11)
(-4.11486509703122e-12,3.71907018634021e-10,8.06143043798048e-12)
(-7.13005706067619e-12,5.2406505010223e-10,6.17464671153651e-11)
(-1.10429267365305e-11,6.8407340601294e-10,6.15316399269054e-11)
(-1.02425170048625e-11,8.27965120961096e-10,3.67458165508532e-11)
(-8.64400074419683e-12,9.25000735947423e-10,1.54586633892927e-11)
(0,0,0)
(0,0,0)
(0,0,0)
(0,0,0)
(0,0,0)
(0,0,0)
(1.69634406254436e-12,3.29023491693035e-11,-1.4897807625806e-10)
(2.45423468024909e-12,6.84677925001695e-11,-1.42459663788392e-10)
(2.15156161275293e-12,1.09267316910296e-10,-1.29080672974225e-10)
(1.2986671317419e-12,1.58383569943199e-10,-1.04954441280589e-10)
(-1.68888210975096e-12,2.24293166683669e-10,-6.28360044718347e-11)
(-1.18785513232244e-11,3.23566379301779e-10,1.41257830045032e-11)
(-1.77641773784018e-11,5.33826364647952e-10,1.87145033455311e-10)
(-2.81303971603164e-11,7.14794010648648e-10,1.49566946975496e-10)
(-1.97856936362464e-11,8.51557127645222e-10,6.74244777144745e-11)
(-1.45809978155533e-11,9.41184303032191e-10,2.29289775854763e-11)
(0,0,0)
(0,0,0)
(0,0,0)
(0,0,0)
(0,0,0)
(0,0,0)
(3.26486723091312e-12,2.73837757877312e-11,-2.17268389246537e-10)
(4.93853881064928e-12,5.66221292800293e-11,-2.09710914572911e-10)
(5.79972935524594e-12,8.74957956680028e-11,-1.94112697422692e-10)
(6.44321592634457e-12,1.19745672758802e-10,-1.66617637002807e-10)
(1.1648569752947e-12,1.52226364995623e-10,-1.20984778615202e-10)
(-3.91787653511172e-11,1.57489029218949e-10,-5.24616003572425e-11)
(-3.32853660116554e-10,6.02479677230734e-10,5.38704639620743e-17)
(-7.62872560075337e-11,8.10377848258274e-10,3.59304879438867e-10)
(-3.24161531808579e-11,9.00052872763922e-10,9.14561494275575e-11)
(-1.87648814586179e-11,9.64782668522579e-10,1.95856194607897e-11)
(0,0,0)
(0,0,0)
(0,0,0)
(0,0,0)
(0,0,0)
(0,0,0)
(3.83182162672778e-12,2.10469640327963e-11,-3.01814686545931e-10)
(7.1009571304132e-12,4.29739876504047e-11,-2.94480168124423e-10)
(1.05341639146715e-11,6.31721773955001e-11,-2.78912439114453e-10)
(1.68124159709347e-11,7.86789391794342e-11,-2.51141263787423e-10)
(2.72890918908303e-11,8.73171066271868e-11,-2.03350112734524e-10)
(4.07659748379616e-11,8.13846999281145e-11,-1.21979448749755e-10)
(-3.66575789083925e-17,2.22775902462032e-16,-9.04160130665323e-18)
(-7.42543343264699e-11,1.09921194425208e-09,1.83579378131761e-17)
(-3.23578645648532e-11,9.74765289842943e-10,-2.04686394043197e-11)
(-1.79585888095932e-11,9.83255976404865e-10,-2.12285248418385e-11)
(0,0,0)
(0,0,0)
(0,0,0)
(0,0,0)
(0,0,0)
(0,0,0)
(4.63438751678104e-12,1.47519141986079e-11,-4.05265777052935e-10)
(9.07148956052029e-12,2.93634582596729e-11,-3.99328031366955e-10)
(1.49757358333295e-11,3.89411122844207e-11,-3.85961081769242e-10)
(2.77614403927914e-11,3.77999420575332e-11,-3.62057682309422e-10)
(5.77863005712736e-11,2.01414322858462e-11,-3.17859041471917e-10)
(1.22300212487401e-10,-1.43608376107798e-11,-2.21914535694406e-10)
(-7.99197953144637e-19,1.68606267961281e-16,-1.65314258166567e-17)
(-8.8978543030442e-11,1.07089244882712e-09,-8.21777138006253e-17)
(-3.0326468768606e-11,9.62490893415242e-10,-1.19031986872199e-10)
(-1.48024362933781e-11,9.56126626017263e-10,-7.45743032162021e-11)
(0,0,0)
(0,0,0)
(0,0,0)
(0,0,0)
(0,0,0)
(0,0,0)
(5.41147831790104e-12,9.29829814258199e-12,-5.27515730081776e-10)
(1.0183201287051e-11,1.71405840488288e-11,-5.23248834902526e-10)
(1.74506766693314e-11,1.77675663930641e-11,-5.14660341628342e-10)
(3.57341305709794e-11,1.11569549962858e-12,-5.01418147392661e-10)
(9.59123408102479e-11,-5.32329512811104e-11,-4.79593271063083e-10)
(3.63506030427187e-10,-1.71259483896458e-10,-4.11636508990515e-10)
(2.83581525784931e-17,2.31984679056036e-16,-2.86586173458723e-16)
(-2.7051690864923e-11,1.12806636574933e-09,-7.12308324233282e-10)
(-1.42048351444933e-11,8.99753025136201e-10,-3.43372266124917e-10)
(-8.94118188325086e-12,8.73437278221823e-10,-1.52945831046652e-10)
(0,0,0)
(0,0,0)
(0,0,0)
(0,0,0)
(0,0,0)
(0,0,0)
(5.53795270226764e-12,5.37559104497729e-12,-6.63412060594408e-10)
(1.01745386199116e-11,9.11973496945655e-12,-6.60656465594596e-10)
(1.63410710091494e-11,6.21700876372323e-12,-6.56660257337323e-10)
(2.78421467988194e-11,-1.41153751853919e-11,-6.55325951518882e-10)
(5.01714405296888e-11,-8.54596956724263e-11,-6.70198080048944e-10)
(7.62049002885602e-11,-3.4447691871436e-10,-7.53515167828797e-10)
(4.31044533776816e-12,7.12308287525593e-10,-1.15463470719401e-09)
(-5.74611487945908e-12,7.07093442460382e-10,-7.1737466756582e-10)
(-6.10838711654469e-12,6.93628496204006e-10,-4.26202434718598e-10)
(-5.39820363629115e-12,7.13628447980489e-10,-2.03658018543271e-10)
(0,0,0)
(0,0,0)
(0,0,0)
(0,0,0)
(0,0,0)
(0,0,0)
(5.56257213029818e-12,2.82132796331219e-12,-7.95495023195672e-10)
(1.01503140629785e-11,5.09236996725455e-12,-7.93698017787253e-10)
(1.49093376396232e-11,4.77691346407962e-12,-7.91694713403621e-10)
(2.12456900256595e-11,-1.61440187693645e-13,-7.91497036663411e-10)
(2.91058818863936e-11,-7.75150245559419e-12,-7.9855315047204e-10)
(3.15939626847024e-11,1.43071060618732e-11,-8.23094763537772e-10)
(9.68246793130174e-12,3.07030473070193e-10,-8.62085075006587e-10)
(7.20542095232627e-13,4.11985073640358e-10,-6.85088235653177e-10)
(-2.37078299689792e-12,4.66589528401369e-10,-4.68230311145916e-10)
(-3.58284326824505e-12,5.07082976677627e-10,-2.39550684650846e-10)
(0,0,0)
(0,0,0)
(0,0,0)
(0,0,0)
(0,0,0)
(0,0,0)
(5.96217785199731e-12,1.09143566536496e-12,-8.88575691367636e-10)
(1.06762709662668e-11,2.5846943926543e-12,-8.87450731480281e-10)
(1.40985836301072e-11,3.55585963350704e-12,-8.85497002503885e-10)
(1.79510263175701e-11,4.72675008520858e-12,-8.83240382272221e-10)
(2.15211688392628e-11,1.18749687042523e-11,-8.80617748429917e-10)
(2.04320825222272e-11,4.28665242165203e-11,-8.71867043061302e-10)
(1.04191586258232e-11,1.34419165326831e-10,-8.32766255696715e-10)
(2.7811774045661e-12,1.95242670343477e-10,-6.98038332766786e-10)
(-4.15888220571434e-13,2.36827552124691e-10,-5.02644792249064e-10)
(-1.46830321368386e-12,2.6655993207361e-10,-2.66122579183474e-10)
(0,0,0)
(0,0,0)
(0,0,0)
(0,0,0)
(0,0,0)
(0,0,0)
(0,0,0)
(0,0,0)
(0,0,0)
(0,0,0)
(0,0,0)
(0,0,0)
(0,0,0)
(0,0,0)
(0,0,0)
(0,0,0)
(0,0,0)
(0,0,0)
(0,0,0)
(0,0,0)
(0,0,0)
(0,0,0)
(0,0,0)
(0,0,0)
(0,0,0)
(0,0,0)
(0,0,0)
(0,0,0)
(0,0,0)
(0,0,0)
(0,0,0)
(0,0,0)
(0,0,0)
(0,0,0)
(0,0,0)
(0,0,0)
(0,0,0)
(0,0,0)
(0,0,0)
(0,0,0)
(0,0,0)
(0,0,0)
(0,0,0)
(0,0,0)
(0,0,0)
(0,0,0)
(0,0,0)
(0,0,0)
(0,0,0)
(0,0,0)
(0,0,0)
(0,0,0)
(0,0,0)
(0,0,0)
(0,0,0)
(0,0,0)
(0,0,0)
(0,0,0)
(0,0,0)
(0,0,0)
(0,0,0)
(0,0,0)
(0,0,0)
(0,0,0)
(0,0,0)
(0,0,0)
(0,0,0)
(0,0,0)
(0,0,0)
(0,0,0)
(0,0,0)
(0,0,0)
(0,0,0)
(0,0,0)
(0,0,0)
(0,0,0)
(0,0,0)
(0,0,0)
(0,0,0)
(0,0,0)
(0,0,0)
(0,0,0)
(0,0,0)
(0,0,0)
(0,0,0)
(0,0,0)
(0,0,0)
(0,0,0)
(0,0,0)
(0,0,0)
(0,0,0)
(0,0,0)
(0,0,0)
(0,0,0)
(0,0,0)
(0,0,0)
(0,0,0)
(0,0,0)
(0,0,0)
(0,0,0)
(0,0,0)
(0,0,0)
(-4.94205220246045e-13,4.03030627180311e-11,-4.74712382380811e-11)
(-9.33986281798995e-13,8.41771192534792e-11,-4.48091648380699e-11)
(-1.07065751344227e-12,1.33695356154403e-10,-3.90481682910759e-11)
(-1.61190714221884e-12,1.93929133403917e-10,-3.02408706080585e-11)
(-2.17704399578155e-12,2.69260066360376e-10,-1.72073033660424e-11)
(-3.43862201876578e-12,3.64028344628653e-10,5.10087668381332e-13)
(-5.15883757216543e-12,4.77323365836586e-10,1.87941189798188e-11)
(-6.02350085278112e-12,5.93258643661207e-10,2.23764278431339e-11)
(-5.3664485367827e-12,6.9267840419725e-10,1.55773824150226e-11)
(-4.26675999734972e-12,7.52613871027067e-10,7.28285012218941e-12)
(0,0,0)
(0,0,0)
(0,0,0)
(0,0,0)
(0,0,0)
(0,0,0)
(-1.8435922390293e-13,3.76184131221416e-11,-9.67321284578853e-11)
(-4.17296400361338e-13,7.85138141249094e-11,-9.20759591930384e-11)
(-1.23055629093135e-12,1.25078209297994e-10,-8.15722676234249e-11)
(-2.64895741779345e-12,1.81074641763545e-10,-6.41618697564376e-11)
(-4.74482160165771e-12,2.52114193685259e-10,-3.67826791651242e-11)
(-9.45926244217137e-12,3.46103966537828e-10,5.09677901079252e-12)
(-1.6676544417938e-11,4.73644302511457e-10,5.99000586135055e-11)
(-1.69777079961888e-11,5.99374091918415e-10,6.23233276379405e-11)
(-1.25473705274264e-11,7.00324479700135e-10,3.76235798023906e-11)
(-9.36890443966718e-12,7.59509647999001e-10,1.58762589494067e-11)
(0,0,0)
(0,0,0)
(0,0,0)
(0,0,0)
(0,0,0)
(0,0,0)
(6.96504974447563e-13,3.32358174493732e-11,-1.51166753256938e-10)
(9.20907086222556e-13,6.85133563184935e-11,-1.44564428917737e-10)
(-2.03148838589566e-13,1.08192455789065e-10,-1.30639289617797e-10)
(-2.18187249261467e-12,1.5418126825154e-10,-1.06651909887973e-10)
(-6.58386789804365e-12,2.11268554447211e-10,-6.57908937738682e-11)
(-1.88204516912022e-11,2.91954522815583e-10,9.04178980674007e-12)
(-4.88394034813675e-11,4.71155820460436e-10,1.77406488620436e-10)
(-4.15717655089216e-11,6.2188374920142e-10,1.51035386996277e-10)
(-2.3785938625949e-11,7.19841798646425e-10,6.99019892212884e-11)
(-1.52503857204603e-11,7.73652015914597e-10,2.40531454591807e-11)
(0,0,0)
(0,0,0)
(0,0,0)
(0,0,0)
(0,0,0)
(0,0,0)
(2.0442043122221e-12,2.7584849360179e-11,-2.16341964298761e-10)
(2.98846329005585e-12,5.60296903221347e-11,-2.0868051087714e-10)
(2.62828720786227e-12,8.56971889366097e-11,-1.92848228321372e-10)
(1.87709111810665e-12,1.1508634024263e-10,-1.65956699252085e-10)
(-2.44906291422658e-12,1.38698736741924e-10,-1.22697057297186e-10)
(-1.55360902879927e-11,1.25495365433743e-10,-6.06654093637036e-11)
(-8.96790312301262e-11,5.0116154889217e-10,3.05595524134608e-17)
(-9.72726219900255e-11,6.96815773805784e-10,3.50403192612581e-10)
(-3.5258040293108e-11,7.60142518144907e-10,9.54580873967849e-11)
(-1.76525698801183e-11,7.93569812815735e-10,2.18213244574148e-11)
(0,0,0)
(0,0,0)
(0,0,0)
(0,0,0)
(0,0,0)
(0,0,0)
(2.79235303940825e-12,2.14968067640384e-11,-2.9427693939071e-10)
(5.1437575111751e-12,4.24139817838059e-11,-2.86415256236385e-10)
(6.9940536987213e-12,6.15966176081396e-11,-2.70230161253616e-10)
(9.9002620399348e-12,7.64068997812632e-11,-2.42194564079865e-10)
(1.30941022474023e-11,8.35246158888993e-11,-1.943893140485e-10)
(1.45320726687036e-11,7.86177107932363e-11,-1.15523739160591e-10)
(-9.88748352747096e-18,1.12442688986573e-16,-8.48263417281337e-18)
(-2.54661811392551e-11,9.36729064785479e-10,2.12488540556564e-17)
(-1.93235826996289e-11,8.22232557199846e-10,-1.30897481540754e-11)
(-1.20577632638321e-11,8.07622755808696e-10,-1.66176459395308e-11)
(0,0,0)
(0,0,0)
(0,0,0)
(0,0,0)
(0,0,0)
(0,0,0)
(4.15025788682835e-12,1.51569923061156e-11,-3.84179107924673e-10)
(7.92741417365183e-12,2.88537456806846e-11,-3.77296434851365e-10)
(1.22458822648645e-11,3.79413597521074e-11,-3.62475904496303e-10)
(2.02470461131908e-11,3.7835859650204e-11,-3.3641481261036e-10)
(3.5216178360719e-11,2.35275646254509e-11,-2.87809036549991e-10)
(5.72843396100998e-11,-2.00835568441382e-12,-1.89786972237758e-10)
(1.46867893606982e-18,6.65298656853565e-17,-1.40555903175797e-17)
(-2.71205552581677e-11,9.01596487549156e-10,-6.07532421002814e-17)
(-1.20462841455617e-11,8.06610971301426e-10,-1.0065303964898e-10)
(-6.68739171414586e-12,7.80439717129913e-10,-6.43003573511802e-11)
(0,0,0)
(0,0,0)
(0,0,0)
(0,0,0)
(0,0,0)
(0,0,0)
(5.06729023625621e-12,9.64590370752048e-12,-4.83192901834236e-10)
(9.61555709224099e-12,1.66637551449891e-11,-4.7732383138659e-10)
(1.57590400629892e-11,1.71574300651165e-11,-4.65997617246397e-10)
(2.91403249264225e-11,2.46961484572419e-12,-4.4794041743755e-10)
(6.01823231289931e-11,-4.23727119966224e-11,-4.13573562008963e-10)
(1.25087242840748e-10,-1.25486944719809e-10,-3.23130416142603e-10)
(1.04643471120843e-17,1.07046592663761e-16,-1.43856874813109e-16)
(2.49851743156615e-11,9.53213151138021e-10,-6.08493694708363e-10)
(1.49325870943604e-12,7.50313612850327e-10,-2.96021206838444e-10)
(-2.07818268856872e-12,7.05479711503441e-10,-1.31925392522699e-10)
(0,0,0)
(0,0,0)
(0,0,0)
(0,0,0)
(0,0,0)
(0,0,0)
(5.33662078411924e-12,5.30487187116079e-12,-5.84113599234e-10)
(1.02056953648418e-11,8.10262852408056e-12,-5.79607874731432e-10)
(1.64468604903511e-11,4.66269624405849e-12,-5.7296771901526e-10)
(2.87603403311847e-11,-1.75289434130592e-11,-5.67396319802145e-10)
(5.57803350927118e-11,-9.34045644638166e-11,-5.73038378830293e-10)
(1.1854041487754e-10,-3.51056098044316e-10,-6.36203681907536e-10)
(-2.76717798350228e-11,6.08493662489723e-10,-9.90812728134481e-10)
(-1.80997890665968e-12,6.03578939703553e-10,-6.13612796297926e-10)
(-1.61383548923058e-12,5.71957732812815e-10,-3.60856602221806e-10)
(-2.5107508767029e-12,5.65608281942027e-10,-1.70274115399094e-10)
(0,0,0)
(0,0,0)
(0,0,0)
(0,0,0)
(0,0,0)
(0,0,0)
(5.49545901982666e-12,2.23917960328919e-12,-6.71979051709416e-10)
(1.0654685253948e-11,3.80477696915175e-12,-6.68965719822279e-10)
(1.5932714729987e-11,2.98531836080763e-12,-6.64816492252463e-10)
(2.34136135613845e-11,-4.35781944135026e-12,-6.61588644643744e-10)
(3.40210237922795e-11,-1.81407226116429e-11,-6.64230151091058e-10)
(4.20248559988704e-11,-7.96979271498354e-12,-6.82718987367872e-10)
(5.29693632125426e-12,2.60910905917501e-10,-7.18203974202417e-10)
(6.0502088485189e-13,3.47669953323837e-10,-5.64282742202989e-10)
(-1.28843321529276e-12,3.76450245588273e-10,-3.78411354666602e-10)
(-2.61048331506909e-12,3.91263874974132e-10,-1.89776484072964e-10)
(0,0,0)
(0,0,0)
(0,0,0)
(0,0,0)
(0,0,0)
(0,0,0)
(5.92865363000779e-12,4.63021101484441e-13,-7.26455412838957e-10)
(1.13072363825246e-11,1.50747073225328e-12,-7.24700003416536e-10)
(1.53978230319506e-11,2.35180290541363e-12,-7.21337661199881e-10)
(2.00551425604743e-11,2.35408223018046e-12,-7.16928259745139e-10)
(2.46454321749002e-11,6.19178788913634e-12,-7.11827200282196e-10)
(2.41978193741607e-11,3.11013987379901e-11,-7.01960026609047e-10)
(1.01104010227249e-11,1.13501427598198e-10,-6.67507726682225e-10)
(2.63030723032127e-12,1.6222000093357e-10,-5.51123507314917e-10)
(-1.1054916146921e-13,1.86745351621369e-10,-3.87897107670313e-10)
(-1.03095032354989e-12,2.00079021613484e-10,-2.00530609626079e-10)
(0,0,0)
(0,0,0)
(0,0,0)
(0,0,0)
(0,0,0)
(0,0,0)
(0,0,0)
(0,0,0)
(0,0,0)
(0,0,0)
(0,0,0)
(0,0,0)
(0,0,0)
(0,0,0)
(0,0,0)
(0,0,0)
(0,0,0)
(0,0,0)
(0,0,0)
(0,0,0)
(0,0,0)
(0,0,0)
(0,0,0)
(0,0,0)
(0,0,0)
(0,0,0)
(0,0,0)
(0,0,0)
(0,0,0)
(0,0,0)
(0,0,0)
(0,0,0)
(0,0,0)
(0,0,0)
(0,0,0)
(0,0,0)
(0,0,0)
(0,0,0)
(0,0,0)
(0,0,0)
(0,0,0)
(0,0,0)
(0,0,0)
(0,0,0)
(0,0,0)
(0,0,0)
(0,0,0)
(0,0,0)
(0,0,0)
(0,0,0)
(0,0,0)
(0,0,0)
(0,0,0)
(0,0,0)
(0,0,0)
(0,0,0)
(0,0,0)
(0,0,0)
(0,0,0)
(0,0,0)
(0,0,0)
(0,0,0)
(0,0,0)
(0,0,0)
(0,0,0)
(0,0,0)
(0,0,0)
(0,0,0)
(0,0,0)
(0,0,0)
(0,0,0)
(0,0,0)
(0,0,0)
(0,0,0)
(0,0,0)
(0,0,0)
(0,0,0)
(0,0,0)
(0,0,0)
(0,0,0)
(0,0,0)
(0,0,0)
(0,0,0)
(0,0,0)
(0,0,0)
(0,0,0)
(0,0,0)
(0,0,0)
(0,0,0)
(0,0,0)
(0,0,0)
(0,0,0)
(0,0,0)
(0,0,0)
(0,0,0)
(0,0,0)
(0,0,0)
(0,0,0)
(0,0,0)
(0,0,0)
(0,0,0)
(0,0,0)
(-4.71629024367165e-13,4.00129554292249e-11,-4.8249718066913e-11)
(-1.0316777002243e-12,8.27071950698433e-11,-4.55203864277404e-11)
(-1.26080834004988e-12,1.30818974252035e-10,-3.99981393078367e-11)
(-1.79098274386219e-12,1.87793511209634e-10,-3.16173048901708e-11)
(-2.74856235508778e-12,2.5612281330918e-10,-2.01024327923718e-11)
(-3.79827523937688e-12,3.37870983437496e-10,-5.19252326977411e-12)
(-5.0620831103533e-12,4.31382281302002e-10,1.00328285876001e-11)
(-5.33990368187585e-12,5.22678605666713e-10,1.430979676414e-11)
(-4.71799174683729e-12,5.96283010589417e-10,1.03578239778342e-11)
(-3.87968684709662e-12,6.37879443488007e-10,4.76000227615126e-12)
(0,0,0)
(0,0,0)
(0,0,0)
(0,0,0)
(0,0,0)
(0,0,0)
(-4.57932815981581e-13,3.74597573762946e-11,-9.70850085655773e-11)
(-9.20530163558863e-13,7.75795857811846e-11,-9.27731726845053e-11)
(-1.75520064899059e-12,1.22929152666764e-10,-8.29919473949067e-11)
(-3.13477449709881e-12,1.76146018995603e-10,-6.68378559192755e-11)
(-5.77864053952855e-12,2.40538950642289e-10,-4.29687122255479e-11)
(-1.01130983226401e-11,3.21045311097021e-10,-8.87183848750845e-12)
(-1.66113313913519e-11,4.24012073138831e-10,3.36840670411548e-11)
(-1.47876174436453e-11,5.23824618329948e-10,3.95329277316529e-11)
(-1.03173686207296e-11,5.99816975518296e-10,2.44553412882813e-11)
(-7.63501340585337e-12,6.40992213479152e-10,1.01876098681479e-11)
(0,0,0)
(0,0,0)
(0,0,0)
(0,0,0)
(0,0,0)
(0,0,0)
(-2.54851275559855e-13,3.36942672617489e-11,-1.49590325160246e-10)
(-5.20566217358595e-13,6.88587691877777e-11,-1.43529088204482e-10)
(-1.69526171595877e-12,1.07841842547124e-10,-1.30702080308573e-10)
(-3.94796059780881e-12,1.52334355566491e-10,-1.09101524732469e-10)
(-8.84673377336359e-12,2.04659736013337e-10,-7.47079936692803e-11)
(-2.07259931230607e-11,2.72452295922221e-10,-1.68995971359314e-11)
(-5.24740302889441e-11,4.04104911808335e-10,1.02154957127357e-10)
(-3.53703923382943e-11,5.28906540134253e-10,9.37403261136317e-11)
(-1.82378143623291e-11,6.08530785276329e-10,4.34493001568331e-11)
(-1.11150371624201e-11,6.47792726355424e-10,1.43380868659739e-11)
(0,0,0)
(0,0,0)
(0,0,0)
(0,0,0)
(0,0,0)
(0,0,0)
(4.70793486741928e-13,2.84947034153732e-11,-2.10471592527096e-10)
(7.71889272615107e-13,5.74498366490424e-11,-2.03211737455406e-10)
(-1.62670532952061e-13,8.74717834579029e-11,-1.88634412886456e-10)
(-2.70311037542737e-12,1.18183651359384e-10,-1.64815081541397e-10)
(-9.30658999468351e-12,1.43388114912199e-10,-1.28716178104766e-10)
(-2.932387557074e-11,1.35949355497573e-10,-8.30865392033048e-11)
(6.10792431663267e-11,3.49000365388625e-10,-8.2088581466399e-11)
(-8.2240807753926e-11,5.46871220951316e-10,2.07882127116786e-10)
(-2.37113164086808e-11,6.24353110280823e-10,5.24001309186499e-11)
(-9.88418841565977e-12,6.55519913327355e-10,9.42463374891568e-12)
(0,0,0)
(0,0,0)
(0,0,0)
(0,0,0)
(0,0,0)
(0,0,0)
(1.27048434300774e-12,2.24939568199493e-11,-2.80860933497303e-10)
(2.51889863152711e-12,4.44561648631235e-11,-2.73566555885427e-10)
(2.61371438100058e-12,6.51587152810229e-11,-2.58800655543686e-10)
(6.6605213963064e-13,8.38630667686881e-11,-2.3377808238475e-10)
(-5.77442137705819e-12,9.59453633249836e-11,-1.92627576352415e-10)
(-2.03655915316054e-11,1.04040668404985e-10,-1.25178754832033e-10)
(6.29385154527614e-18,1.14080039746947e-16,-3.09805338777972e-17)
(2.27561654999977e-11,6.07175070345953e-10,-6.34039754888429e-11)
(-1.7409901575757e-13,6.42948897841027e-10,-3.63782209893297e-11)
(-1.49237052457782e-12,6.55281225494041e-10,-2.27515427008947e-11)
(0,0,0)
(0,0,0)
(0,0,0)
(0,0,0)
(0,0,0)
(0,0,0)
(2.77867341211523e-12,1.65226396579113e-11,-3.5886001098014e-10)
(5.29687435428513e-12,3.16587496479998e-11,-3.52296969754585e-10)
(6.96872006590987e-12,4.3410427063009e-11,-3.385912267701e-10)
(7.00751485730346e-12,4.97622298924266e-11,-3.14481152355247e-10)
(3.0943906705595e-12,4.48763197050543e-11,-2.71421811788433e-10)
(-9.02402953667118e-12,2.97596151610851e-11,-1.87836647681522e-10)
(7.6496037403673e-18,7.6544335403956e-17,-4.15347498053316e-17)
(2.19157600487049e-11,5.75628243441161e-10,-1.10609588187499e-10)
(7.89839200773843e-12,6.18441437492879e-10,-1.10776317674755e-10)
(3.97225656114262e-12,6.24677765042914e-10,-6.17108251728167e-11)
(0,0,0)
(0,0,0)
(0,0,0)
(0,0,0)
(0,0,0)
(0,0,0)
(3.53925162496824e-12,1.14371820155258e-11,-4.39897933553382e-10)
(6.85046957295728e-12,2.052427678473e-11,-4.341169056035e-10)
(1.01965740752014e-11,2.45517836086213e-11,-4.22818049110538e-10)
(1.47720277566181e-11,1.91231765926205e-11,-4.04263244108246e-10)
(2.07710297298279e-11,-6.45139211847428e-12,-3.69971349953838e-10)
(2.75261238795259e-11,-5.76318538708927e-11,-2.87996876708337e-10)
(5.87270623512626e-18,9.56588575492955e-17,-1.31425128772687e-16)
(6.21468978802106e-11,5.61402931878118e-10,-4.00518482917341e-10)
(1.57533244312038e-11,5.61904273503403e-10,-2.3152837949032e-10)
(5.86785435015094e-12,5.57292274474732e-10,-1.09191887245972e-10)
(0,0,0)
(0,0,0)
(0,0,0)
(0,0,0)
(0,0,0)
(0,0,0)
(3.89658854942223e-12,6.98605033077298e-12,-5.16796958078341e-10)
(7.86339120360019e-12,1.19020818399813e-11,-5.1215287764111e-10)
(1.25528391604851e-11,1.20767447740334e-11,-5.04280988308014e-10)
(2.12312753876245e-11,4.59959065280625e-13,-4.94452361944148e-10)
(4.36817963177804e-11,-4.35937276497273e-11,-4.85745932239334e-10)
(1.30063155775155e-10,-1.91720931356279e-10,-4.92097718340949e-10)
(-5.72889550993544e-11,3.78301892001093e-10,-5.70578991138158e-10)
(1.34281339693532e-12,4.30055950089303e-10,-4.40004380905509e-10)
(3.31116491259819e-12,4.42287688577533e-10,-2.82002392671208e-10)
(1.55954069209773e-12,4.45894662472621e-10,-1.37182587070571e-10)
(0,0,0)
(0,0,0)
(0,0,0)
(0,0,0)
(0,0,0)
(0,0,0)
(4.25828563449365e-12,3.29577779040119e-12,-5.79285132734464e-10)
(8.80276392103278e-12,6.16790400799529e-12,-5.75749973589763e-10)
(1.33383825766608e-11,7.28217565194471e-12,-5.69494681014305e-10)
(1.93432183371677e-11,4.82948487120758e-12,-5.61912298822557e-10)
(2.81773495683138e-11,3.36475785534049e-14,-5.54638587604427e-10)
(3.84386513804434e-11,1.55579078223722e-11,-5.49504843855914e-10)
(-1.21481735887231e-12,1.95973228963056e-10,-5.38497979762185e-10)
(1.83585738732155e-13,2.68884766009494e-10,-4.36883291525851e-10)
(-2.18409842027024e-13,2.96174253016613e-10,-2.98313059134516e-10)
(-1.20211402738751e-12,3.07102268299572e-10,-1.5039193456021e-10)
(0,0,0)
(0,0,0)
(0,0,0)
(0,0,0)
(0,0,0)
(0,0,0)
(4.63626530907028e-12,9.34449034315109e-13,-6.15585894203677e-10)
(9.4523648981228e-12,2.32946156664575e-12,-6.12999471383188e-10)
(1.33402244826228e-11,3.81812396045337e-12,-6.0736960729484e-10)
(1.7308165327712e-11,5.48792911551068e-12,-5.99294987776746e-10)
(2.09700463908871e-11,1.06144591004491e-11,-5.88065585341609e-10)
(2.08469181853288e-11,3.18035583858957e-11,-5.69366034160337e-10)
(7.22760925361495e-12,9.16653015317187e-11,-5.2814254624905e-10)
(1.62390851928685e-12,1.29314631640242e-10,-4.33897020567922e-10)
(-7.31695584333364e-13,1.47462290589918e-10,-3.03927678522452e-10)
(-1.48253833614446e-12,1.55912137450505e-10,-1.56254477244844e-10)
(0,0,0)
(0,0,0)
(0,0,0)
(0,0,0)
(0,0,0)
(0,0,0)
(0,0,0)
(0,0,0)
(0,0,0)
(0,0,0)
(0,0,0)
(0,0,0)
(0,0,0)
(0,0,0)
(0,0,0)
(0,0,0)
(0,0,0)
(0,0,0)
(0,0,0)
(0,0,0)
(0,0,0)
(0,0,0)
(0,0,0)
(0,0,0)
(0,0,0)
(0,0,0)
(0,0,0)
(0,0,0)
(0,0,0)
(0,0,0)
(0,0,0)
(0,0,0)
(0,0,0)
(0,0,0)
(0,0,0)
(0,0,0)
(0,0,0)
(0,0,0)
(0,0,0)
(0,0,0)
(0,0,0)
(0,0,0)
(0,0,0)
(0,0,0)
(0,0,0)
(0,0,0)
(0,0,0)
(0,0,0)
(0,0,0)
(0,0,0)
(0,0,0)
(0,0,0)
(0,0,0)
(0,0,0)
(0,0,0)
(0,0,0)
(0,0,0)
(0,0,0)
(0,0,0)
(0,0,0)
(0,0,0)
(0,0,0)
(0,0,0)
(0,0,0)
(0,0,0)
(0,0,0)
(0,0,0)
(0,0,0)
(0,0,0)
(0,0,0)
(0,0,0)
(0,0,0)
(0,0,0)
(0,0,0)
(0,0,0)
(0,0,0)
(0,0,0)
(0,0,0)
(0,0,0)
(0,0,0)
(0,0,0)
(0,0,0)
(0,0,0)
(0,0,0)
(0,0,0)
(0,0,0)
(0,0,0)
(0,0,0)
(0,0,0)
(0,0,0)
(0,0,0)
(0,0,0)
(0,0,0)
(0,0,0)
(0,0,0)
(0,0,0)
(0,0,0)
(0,0,0)
(0,0,0)
(0,0,0)
(0,0,0)
(0,0,0)
(-6.47762610610565e-13,4.02182702983185e-11,-4.66306498841309e-11)
(-1.42631553146992e-12,8.25602430263533e-11,-4.46831879915849e-11)
(-1.75182117244477e-12,1.2991831062777e-10,-4.04450981391896e-11)
(-1.65836262762934e-12,1.84278219247402e-10,-3.32502788988198e-11)
(-2.07460921079554e-12,2.45159333525419e-10,-2.31632831686937e-11)
(-2.19795475627405e-12,3.16191607906256e-10,-1.18379313074371e-11)
(-1.96884312372374e-12,3.93816069672668e-10,-9.98148144733795e-13)
(-2.53394355880381e-12,4.67480586942047e-10,3.57968757306162e-12)
(-2.65413497403531e-12,5.2470895289318e-10,3.11135519681956e-12)
(-2.23245456208591e-12,5.56093605076895e-10,1.24682952177498e-12)
(0,0,0)
(0,0,0)
(0,0,0)
(0,0,0)
(0,0,0)
(0,0,0)
(-1.00427858250869e-12,3.79890136760762e-11,-9.44990494194621e-11)
(-1.9809388597496e-12,7.82069538040581e-11,-9.11589887324937e-11)
(-2.82198200498317e-12,1.2284698555539e-10,-8.32015696219108e-11)
(-3.19225476171458e-12,1.74131607516391e-10,-6.93993220696312e-11)
(-3.99629964861509e-12,2.33037255300736e-10,-4.9621120104957e-11)
(-4.07598867650547e-12,3.04118599389685e-10,-2.51041857784173e-11)
(-2.55303075135391e-12,3.8780914744539e-10,1.24470252301945e-12)
(-4.79195280458108e-12,4.66377362593121e-10,9.60030491160992e-12)
(-4.76344695862663e-12,5.25164012838645e-10,6.6487710033322e-12)
(-4.2479164139789e-12,5.55976461628693e-10,2.64916077061923e-12)
(0,0,0)
(0,0,0)
(0,0,0)
(0,0,0)
(0,0,0)
(0,0,0)
(-1.11652438494747e-12,3.44144176453502e-11,-1.46227838161429e-10)
(-1.93864157453157e-12,7.03686774154845e-11,-1.41103314146025e-10)
(-2.92575820284104e-12,1.09282711096432e-10,-1.29815542383032e-10)
(-4.19078745388922e-12,1.54076588309395e-10,-1.11371120978015e-10)
(-5.38350920557624e-12,2.06716514249672e-10,-8.42170108471608e-11)
(-3.27760696170276e-12,2.74847951752934e-10,-4.44403204110504e-11)
(1.10451471444916e-11,3.76395459737412e-10,1.24579756818099e-11)
(-3.04404719856038e-12,4.65379592153203e-10,1.96772320118498e-11)
(-4.94892607596124e-12,5.25994354134193e-10,8.58723552714898e-12)
(-4.50413726837368e-12,5.56009838812957e-10,1.72792691441725e-12)
(0,0,0)
(0,0,0)
(0,0,0)
(0,0,0)
(0,0,0)
(0,0,0)
(-7.88314989524387e-13,2.94562968513291e-11,-2.04129461263687e-10)
(-8.11763510416428e-13,5.95462418359227e-11,-1.97433568387301e-10)
(-1.66893370113063e-12,9.10950624123853e-11,-1.84017552031393e-10)
(-4.48142922136347e-12,1.26242307297305e-10,-1.63514822063551e-10)
(-7.49347730892887e-12,1.64465630347929e-10,-1.33715049050342e-10)
(1.5868537849431e-12,2.14783972933998e-10,-8.47333340161607e-11)
(1.20108785891727e-10,3.72962580503602e-10,3.64300342217814e-11)
(1.29373390495747e-11,4.70769680527775e-10,1.85561493730288e-11)
(6.68393200853782e-13,5.27637527722156e-10,-4.09716899514488e-12)
(-2.20866833434088e-13,5.53692721319864e-10,-7.34472707964819e-12)
(0,0,0)
(0,0,0)
(0,0,0)
(0,0,0)
(0,0,0)
(0,0,0)
(-5.25761068289155e-14,2.346115417096e-11,-2.67055239668911e-10)
(5.50413504907615e-13,4.7132576964102e-11,-2.6028791441848e-10)
(-6.60570559919098e-13,7.11391461812158e-11,-2.47109932087927e-10)
(-6.38361701644217e-12,9.56954928602925e-11,-2.26928951865737e-10)
(-2.21541992775126e-11,1.12565971816909e-10,-1.99594712292848e-10)
(-7.12632621392024e-11,9.38807157097205e-11,-1.71383175785319e-10)
(6.34039883378648e-11,4.82868628539884e-10,-1.89499364972036e-10)
(2.72772379052763e-11,4.94355729636767e-10,-9.86438208260882e-11)
(1.07066830439525e-11,5.26059341998209e-10,-6.12173304340036e-11)
(6.35954722565564e-12,5.42661454179985e-10,-3.17646727237735e-11)
(0,0,0)
(0,0,0)
(0,0,0)
(0,0,0)
(0,0,0)
(0,0,0)
(1.30108982894618e-12,1.7768295546184e-11,-3.34488972064041e-10)
(2.72560423306881e-12,3.54933031258566e-11,-3.2825678496383e-10)
(1.71728910544672e-12,5.21994182127747e-11,-3.16127260305371e-10)
(-5.41277240970692e-12,6.73208387109201e-11,-2.97517018256305e-10)
(-2.91630616128209e-11,7.35878548686527e-11,-2.72826104798705e-10)
(-1.09469166651466e-10,5.59612714420175e-11,-2.52228914649164e-10)
(1.10609535187831e-10,4.35308464356008e-10,-2.83009180864376e-10)
(3.63078010990051e-11,4.68334011914661e-10,-1.83351588407182e-10)
(1.53700634952713e-11,4.96990712586941e-10,-1.21440344998604e-10)
(9.6469219565082e-12,5.09326283753839e-10,-6.1464901543994e-11)
(0,0,0)
(0,0,0)
(0,0,0)
(0,0,0)
(0,0,0)
(0,0,0)
(2.20935535983765e-12,1.28286187034276e-11,-4.02660393486569e-10)
(4.17380802474578e-12,2.53441945022049e-11,-3.97318050901907e-10)
(4.11680790749676e-12,3.56612952955294e-11,-3.86789408182069e-10)
(-8.56648870449711e-13,4.24251758436193e-11,-3.71719666221675e-10)
(-2.40611079844197e-11,3.88085262230198e-11,-3.5425979650286e-10)
(-1.26381543918295e-10,2.68654910078379e-12,-3.54379663373929e-10)
(2.22165610226803e-11,4.24326532681841e-10,-4.94431786735468e-10)
(2.45037762420028e-11,4.25671248993857e-10,-3.07745512538851e-10)
(1.30334171127255e-11,4.40725027496121e-10,-1.89988286988684e-10)
(8.07357910629476e-12,4.47935968757331e-10,-9.22689326264857e-11)
(0,0,0)
(0,0,0)
(0,0,0)
(0,0,0)
(0,0,0)
(0,0,0)
(2.9427806525626e-12,8.59713627561895e-12,-4.64584806248091e-10)
(5.72567970249077e-12,1.69521214010478e-11,-4.60075235101637e-10)
(7.51878191870874e-12,2.3443168954537e-11,-4.51433810494777e-10)
(8.15531987688369e-12,2.69139453327791e-11,-4.39641753333322e-10)
(6.406207191114e-12,2.78208570333851e-11,-4.27162921556528e-10)
(1.26558939371e-12,4.56454715212935e-11,-4.21626724776904e-10)
(-5.5349022939672e-12,2.5628282465487e-10,-4.31837592274286e-10)
(4.51200924244851e-12,3.22607699677694e-10,-3.37244513858332e-10)
(4.60479487288228e-12,3.47565648669268e-10,-2.24460341731625e-10)
(3.1693477945751e-12,3.56581615749391e-10,-1.11520322722464e-10)
(0,0,0)
(0,0,0)
(0,0,0)
(0,0,0)
(0,0,0)
(0,0,0)
(3.08445524587945e-12,4.87097888738876e-12,-5.13276674829579e-10)
(6.38591378692464e-12,1.018475247733e-11,-5.09204896246991e-10)
(9.22005207640323e-12,1.51017223396742e-11,-5.01226030454207e-10)
(1.1411062874734e-11,2.00473686445771e-11,-4.89935996424056e-10)
(1.24627942979055e-11,2.9891331775206e-11,-4.75887025299191e-10)
(1.11861367231912e-11,6.27010042471535e-11,-4.57957811247186e-10)
(1.47842183613001e-12,1.57681162772668e-10,-4.26640724830287e-10)
(1.18348771664956e-12,2.11642225896239e-10,-3.45646852756848e-10)
(5.7242801036273e-13,2.35686138865438e-10,-2.38134868611088e-10)
(-4.03917738530877e-13,2.45096217187989e-10,-1.20662869903429e-10)
(0,0,0)
(0,0,0)
(0,0,0)
(0,0,0)
(0,0,0)
(0,0,0)
(2.98429152289742e-12,1.96859410171733e-12,-5.40357189951258e-10)
(6.15196237642015e-12,4.62306330518359e-12,-5.36873328638246e-10)
(9.08372892498188e-12,7.74252621444796e-12,-5.29145005864635e-10)
(1.15666920080856e-11,1.17429561021686e-11,-5.16970352280865e-10)
(1.28849543100642e-11,1.97221484490077e-11,-4.9991621316874e-10)
(1.14269886599373e-11,3.99146050118229e-11,-4.74171736657384e-10)
(4.64738510420585e-12,7.7684754558487e-11,-4.28414986419834e-10)
(9.69198114059007e-13,1.04683249046238e-10,-3.48321497004453e-10)
(-9.42606272023836e-13,1.18216236035494e-10,-2.42758176760312e-10)
(-1.8248781304829e-12,1.24031554572262e-10,-1.24245336149512e-10)
(0,0,0)
(0,0,0)
(0,0,0)
(0,0,0)
(0,0,0)
(0,0,0)
(0,0,0)
(0,0,0)
(0,0,0)
(0,0,0)
(0,0,0)
(0,0,0)
(0,0,0)
(0,0,0)
(0,0,0)
(0,0,0)
(0,0,0)
(0,0,0)
(0,0,0)
(0,0,0)
(0,0,0)
(0,0,0)
(0,0,0)
(0,0,0)
(0,0,0)
(0,0,0)
(0,0,0)
(0,0,0)
(0,0,0)
(0,0,0)
(0,0,0)
(0,0,0)
(0,0,0)
(0,0,0)
(0,0,0)
(0,0,0)
(0,0,0)
(0,0,0)
(0,0,0)
(0,0,0)
(0,0,0)
(0,0,0)
(0,0,0)
(0,0,0)
(0,0,0)
(0,0,0)
(0,0,0)
(0,0,0)
(0,0,0)
(0,0,0)
(0,0,0)
(0,0,0)
(0,0,0)
(0,0,0)
(0,0,0)
(0,0,0)
(0,0,0)
(0,0,0)
(0,0,0)
(0,0,0)
(0,0,0)
(0,0,0)
(0,0,0)
(0,0,0)
(0,0,0)
(0,0,0)
(0,0,0)
(0,0,0)
(0,0,0)
(0,0,0)
(0,0,0)
(0,0,0)
(0,0,0)
(0,0,0)
(0,0,0)
(0,0,0)
(0,0,0)
(0,0,0)
(0,0,0)
(0,0,0)
(0,0,0)
(0,0,0)
(0,0,0)
(0,0,0)
(0,0,0)
(0,0,0)
(0,0,0)
(0,0,0)
(0,0,0)
(0,0,0)
(0,0,0)
(0,0,0)
(0,0,0)
(0,0,0)
(0,0,0)
(0,0,0)
(0,0,0)
(0,0,0)
(0,0,0)
(0,0,0)
(0,0,0)
(0,0,0)
(-3.65967880913984e-13,4.16884050765503e-11,-4.52135016533338e-11)
(-1.31111616156909e-12,8.50234658796776e-11,-4.35420223742195e-11)
(-1.87531534043223e-12,1.31481896145576e-10,-4.02516089898569e-11)
(-1.59874662674747e-12,1.82403585036693e-10,-3.45919011108961e-11)
(-1.27788284736974e-12,2.37863927139558e-10,-2.65875801199825e-11)
(-9.64729402404972e-13,3.01382635000629e-10,-1.80866726161472e-11)
(-5.39756614242221e-13,3.67521996279713e-10,-9.99270548700037e-12)
(-9.62386833635321e-13,4.29650813072235e-10,-4.8893930203519e-12)
(-1.2446692444585e-12,4.77323293962616e-10,-2.71964961925885e-12)
(-8.6848159210619e-13,5.03626993540107e-10,-1.57051759434655e-12)
(0,0,0)
(0,0,0)
(0,0,0)
(0,0,0)
(0,0,0)
(0,0,0)
(-7.69743238752273e-13,3.99831243230787e-11,-9.2481810116429e-11)
(-2.100081581759e-12,8.11993524894049e-11,-8.93049357844686e-11)
(-3.05995509830373e-12,1.25075505749139e-10,-8.25923065322302e-11)
(-2.91543751939334e-12,1.73944883966833e-10,-7.15551841780758e-11)
(-2.19249292409003e-12,2.28940421916861e-10,-5.63856948567113e-11)
(-1.15422934119185e-12,2.92876169043473e-10,-3.88599503190288e-11)
(5.05054568035835e-13,3.62173460246218e-10,-2.12224936386305e-11)
(-8.42648456386461e-13,4.26947412133546e-10,-1.1137279307003e-11)
(-1.59417802146125e-12,4.75401456150849e-10,-6.69804133295921e-12)
(-1.63213282762416e-12,5.01290868169789e-10,-3.56990379433069e-12)
(0,0,0)
(0,0,0)
(0,0,0)
(0,0,0)
(0,0,0)
(0,0,0)
(-1.28292760632967e-12,3.65497244383693e-11,-1.42052623701228e-10)
(-2.40397775796161e-12,7.35462411227591e-11,-1.37545013362946e-10)
(-3.18253092381224e-12,1.12664414026494e-10,-1.27867544587749e-10)
(-3.51061657265333e-12,1.57500490507878e-10,-1.12764547753294e-10)
(-2.90931573994443e-12,2.10203039777558e-10,-9.23363175796707e-11)
(-1.11924235626318e-13,2.74419650122559e-10,-6.62403381514357e-11)
(7.25877004825929e-12,3.52241321723734e-10,-3.66445772822941e-11)
(2.65586091156814e-12,4.21722275636361e-10,-2.17123595163837e-11)
(2.67208948808394e-13,4.70962817954699e-10,-1.46256312787816e-11)
(-4.59092860862767e-13,4.96337506441338e-10,-8.04871267677962e-12)
(0,0,0)
(0,0,0)
(0,0,0)
(0,0,0)
(0,0,0)
(0,0,0)
(-1.48906518554127e-12,3.1602501686952e-11,-1.96369728040903e-10)
(-1.81411499450372e-12,6.296291746005e-11,-1.90797539808925e-10)
(-2.21574743780238e-12,9.61972961498688e-11,-1.79323983402555e-10)
(-3.7343877975613e-12,1.35224289008509e-10,-1.6226888880028e-10)
(-4.57553381209061e-12,1.82289573934345e-10,-1.39709167785106e-10)
(1.32674277127934e-12,2.44688053524311e-10,-1.09050211715956e-10)
(2.80766227041984e-11,3.42099885338891e-10,-6.77381120313776e-11)
(1.20046083087543e-11,4.15700030274354e-10,-4.80190856776865e-11)
(5.49413700930239e-12,4.63691139363848e-10,-3.45435322222439e-11)
(3.46567322679628e-12,4.87055219825821e-10,-1.86974491944846e-11)
(0,0,0)
(0,0,0)
(0,0,0)
(0,0,0)
(0,0,0)
(0,0,0)
(-1.12704273248442e-12,2.55325244406368e-11,-2.55095138653866e-10)
(-9.88294987400946e-13,5.10845130852399e-11,-2.4913048246712e-10)
(-1.90182281366716e-12,7.84318576746942e-11,-2.37557846993929e-10)
(-5.34320243995955e-12,1.10717715717154e-10,-2.20774859566644e-10)
(-1.13876188367857e-11,1.49008169540076e-10,-1.99646647211946e-10)
(-1.52276286847821e-11,2.04413890943054e-10,-1.76489381362557e-10)
(2.01086083757922e-11,3.43428630430516e-10,-1.55199776380721e-10)
(1.58724652352991e-11,4.08968865848466e-10,-1.11868857142448e-10)
(1.03226547449891e-11,4.49622122114599e-10,-7.42793077998949e-11)
(7.93004492802665e-12,4.68624891060154e-10,-3.76416381833431e-11)
(0,0,0)
(0,0,0)
(0,0,0)
(0,0,0)
(0,0,0)
(0,0,0)
(8.57957149134148e-15,1.95141310181135e-11,-3.16200071575543e-10)
(7.45188198263098e-13,3.97864132714332e-11,-3.10461031829788e-10)
(-3.54830026375264e-13,6.1224974587025e-11,-2.99237907132061e-10)
(-5.20802300000625e-12,8.67261138395443e-11,-2.83472644198821e-10)
(-1.49809231167299e-11,1.18592856212196e-10,-2.64357476873266e-10)
(-2.54141780950225e-11,1.71169883660925e-10,-2.46065095858155e-10)
(2.19338744048042e-11,3.14186243161454e-10,-2.31141931230531e-10)
(1.70593206112279e-11,3.80396733686179e-10,-1.75653548458535e-10)
(1.16603051314802e-11,4.17410065931646e-10,-1.1841241255077e-10)
(9.57233540901915e-12,4.33545121085163e-10,-5.97881879972236e-11)
(0,0,0)
(0,0,0)
(0,0,0)
(0,0,0)
(0,0,0)
(0,0,0)
(1.09849520298411e-12,1.43004023425432e-11,-3.75821939857881e-10)
(2.03723840606411e-12,2.96568256140229e-11,-3.70769799156906e-10)
(1.26519228809554e-12,4.57579619932275e-11,-3.60283769623033e-10)
(-2.80528807842354e-12,6.48030130018118e-11,-3.45867407280023e-10)
(-1.29535719237178e-11,9.05149010882367e-11,-3.29398698774599e-10)
(-2.92883429772701e-11,1.36787395763413e-10,-3.16728450222615e-10)
(3.57399485304408e-12,2.75859780762435e-10,-3.14466788050378e-10)
(9.81010000799908e-12,3.33688090091672e-10,-2.4069355010288e-10)
(8.47344157737857e-12,3.64272105132138e-10,-1.6099697612397e-10)
(7.15899948774735e-12,3.77379792197099e-10,-8.06005951714584e-11)
(0,0,0)
(0,0,0)
(0,0,0)
(0,0,0)
(0,0,0)
(0,0,0)
(2.15936689433782e-12,1.01358240673596e-11,-4.29258295626856e-10)
(3.85162401934933e-12,2.0833839488081e-11,-4.24330560072426e-10)
(4.06817137211592e-12,3.25459715469301e-11,-4.1460444591591e-10)
(2.54306478829108e-12,4.70345573009782e-11,-4.01089638521946e-10)
(-1.20046433032959e-12,6.94735052910532e-11,-3.84628133036767e-10)
(-5.57907583476721e-12,1.12505439080713e-10,-3.66066785026687e-10)
(-1.52631882771948e-12,2.05415530691064e-10,-3.40205396588503e-10)
(2.69331089719579e-12,2.60214309996287e-10,-2.72627943639295e-10)
(3.5442856675512e-12,2.8797570543202e-10,-1.86904277148174e-10)
(3.13442363351388e-12,2.99552354920643e-10,-9.43640204989942e-11)
(0,0,0)
(0,0,0)
(0,0,0)
(0,0,0)
(0,0,0)
(0,0,0)
(1.91506144896305e-12,6.3443354144875e-12,-4.70202086677436e-10)
(3.9687371662878e-12,1.33117984355722e-11,-4.65499531411865e-10)
(5.28921417147847e-12,2.15529794989171e-11,-4.5617182097379e-10)
(5.66650429227763e-12,3.2489863948493e-11,-4.42437398552147e-10)
(4.70276357209883e-12,5.08410718883743e-11,-4.23631883546961e-10)
(2.65544954162064e-12,8.39571581942607e-11,-3.97123869992576e-10)
(4.80957976872949e-13,1.37539493991432e-10,-3.55926209037236e-10)
(6.3048042089175e-13,1.76292084292497e-10,-2.87130706607415e-10)
(5.70332132648259e-13,1.97002450317589e-10,-1.99054061606912e-10)
(-2.12502623221928e-15,2.06200615085964e-10,-1.01381422534195e-10)
(0,0,0)
(0,0,0)
(0,0,0)
(0,0,0)
(0,0,0)
(0,0,0)
(1.46902431160263e-12,2.91964697148055e-12,-4.92147797295621e-10)
(3.0467029079929e-12,6.49246157135945e-12,-4.88059521984878e-10)
(4.65160155566042e-12,1.11739391293753e-11,-4.79209947538133e-10)
(6.25550899812936e-12,1.72601029967089e-11,-4.64695568991404e-10)
(6.86262624771505e-12,2.7465855746396e-11,-4.43602291837256e-10)
(5.58484343421081e-12,4.50972036967339e-11,-4.12384548526892e-10)
(2.2386502473114e-12,6.96039455023486e-11,-3.64089241548865e-10)
(8.91269161571895e-14,8.8947020049243e-11,-2.93019275323772e-10)
(-1.23921084732995e-12,9.964972933091e-11,-2.03582458262812e-10)
(-2.03865970773345e-12,1.04623868032011e-10,-1.04081293490745e-10)
(0,0,0)
(0,0,0)
(0,0,0)
(0,0,0)
(0,0,0)
(0,0,0)
(0,0,0)
(0,0,0)
(0,0,0)
(0,0,0)
(0,0,0)
(0,0,0)
(0,0,0)
(0,0,0)
(0,0,0)
(0,0,0)
(0,0,0)
(0,0,0)
(0,0,0)
(0,0,0)
(0,0,0)
(0,0,0)
(0,0,0)
(0,0,0)
(0,0,0)
(0,0,0)
(0,0,0)
(0,0,0)
(0,0,0)
(0,0,0)
(0,0,0)
(0,0,0)
(0,0,0)
(0,0,0)
(0,0,0)
(0,0,0)
(0,0,0)
(0,0,0)
(0,0,0)
(0,0,0)
(0,0,0)
(0,0,0)
(0,0,0)
(0,0,0)
(0,0,0)
(0,0,0)
(0,0,0)
(0,0,0)
(0,0,0)
(0,0,0)
(0,0,0)
(0,0,0)
(0,0,0)
(0,0,0)
(0,0,0)
(0,0,0)
(0,0,0)
(0,0,0)
(0,0,0)
(0,0,0)
(0,0,0)
(0,0,0)
(0,0,0)
(0,0,0)
(0,0,0)
(0,0,0)
(0,0,0)
(0,0,0)
(0,0,0)
(0,0,0)
(0,0,0)
(0,0,0)
(0,0,0)
(0,0,0)
(0,0,0)
(0,0,0)
(0,0,0)
(0,0,0)
(0,0,0)
(0,0,0)
(0,0,0)
(0,0,0)
(0,0,0)
(0,0,0)
(0,0,0)
(0,0,0)
(0,0,0)
(0,0,0)
(0,0,0)
(0,0,0)
(0,0,0)
(0,0,0)
(0,0,0)
(0,0,0)
(0,0,0)
(0,0,0)
(0,0,0)
(0,0,0)
(0,0,0)
(0,0,0)
(0,0,0)
(0,0,0)
(-3.32166406558551e-13,4.24009511751396e-11,-4.35793358659024e-11)
(-7.77416155657826e-13,8.5995896524589e-11,-4.23752865020277e-11)
(-1.12863282295701e-12,1.31719361494219e-10,-3.94976688532237e-11)
(-1.14436654780001e-12,1.80961472342277e-10,-3.45738974441957e-11)
(-8.55285128507158e-13,2.34470173506909e-10,-2.81715306692549e-11)
(-5.52230574396206e-13,2.93380280768853e-10,-2.13575142486096e-11)
(-2.94533047397023e-13,3.53684944316254e-10,-1.48003742503412e-11)
(-4.2872929603988e-13,4.10560715809026e-10,-9.90792718888388e-12)
(-4.71963457603413e-13,4.53643068208696e-10,-6.47084443457149e-12)
(-1.02873816134961e-13,4.76653562349013e-10,-3.23762056013637e-12)
(0,0,0)
(0,0,0)
(0,0,0)
(0,0,0)
(0,0,0)
(0,0,0)
(-5.13217686002447e-13,4.08647354047072e-11,-8.97315878681192e-11)
(-1.15959946735248e-12,8.2340862720127e-11,-8.66012836720175e-11)
(-1.68598572981359e-12,1.25666957262235e-10,-8.03606183946329e-11)
(-1.64053338180168e-12,1.73414739019535e-10,-7.11185465979489e-11)
(-9.80855322469463e-13,2.26800871957757e-10,-5.90037611941586e-11)
(-3.35167100674999e-13,2.86270910196188e-10,-4.50262712070999e-11)
(3.51978758892042e-13,3.484979642074e-10,-3.12067617389724e-11)
(-5.67499332456866e-14,4.06694903758673e-10,-2.12749478050713e-11)
(-2.83677363939657e-13,4.49937880876658e-10,-1.3916605216056e-11)
(-2.48674893504219e-13,4.73313067972741e-10,-6.89930157646017e-12)
(0,0,0)
(0,0,0)
(0,0,0)
(0,0,0)
(0,0,0)
(0,0,0)
(-8.43315193194706e-13,3.72212135226043e-11,-1.3934796668031e-10)
(-1.498122870448e-12,7.49405979753889e-11,-1.35012493052521e-10)
(-1.81840988164181e-12,1.14738899735737e-10,-1.26456499980673e-10)
(-1.66264524690898e-12,1.59659420233944e-10,-1.1379602741261e-10)
(-1.09182932496636e-12,2.11842526648229e-10,-9.69537632746094e-11)
(2.39114934802817e-14,2.72116233627384e-10,-7.62876614177748e-11)
(2.46798866719195e-12,3.38918129032393e-10,-5.48695695746536e-11)
(1.59137803597206e-12,3.99279811236411e-10,-3.88868971014868e-11)
(9.61968937656898e-13,4.42636899873122e-10,-2.61207735843243e-11)
(7.7448107787376e-13,4.66165091502777e-10,-1.36733865121997e-11)
(0,0,0)
(0,0,0)
(0,0,0)
(0,0,0)
(0,0,0)
(0,0,0)
(-9.91276171203637e-13,3.20424247016219e-11,-1.92218620608229e-10)
(-1.40926702606494e-12,6.48864820330913e-11,-1.87291507536372e-10)
(-1.50540356490341e-12,1.00260017286033e-10,-1.77473159404199e-10)
(-1.78753552137835e-12,1.41154510849035e-10,-1.62712053016253e-10)
(-1.95308548697402e-12,1.90084595466427e-10,-1.43071150147169e-10)
(2.88805667959219e-13,2.50722053277743e-10,-1.18981111765471e-10)
(7.02885125888194e-12,3.25403445226418e-10,-9.24326500778969e-11)
(5.26021927919906e-12,3.88105065755222e-10,-6.91847163140331e-11)
(3.71707123079403e-12,4.31151481738654e-10,-4.73813063574032e-11)
(3.19855279797751e-12,4.53266186068452e-10,-2.46643043065492e-11)
(0,0,0)
(0,0,0)
(0,0,0)
(0,0,0)
(0,0,0)
(0,0,0)
(-1.07330549670951e-12,2.61240354585628e-11,-2.47712474798504e-10)
(-1.26283064678286e-12,5.36588668748528e-11,-2.4249876771969e-10)
(-1.47792715328347e-12,8.39935073331818e-11,-2.32484868756872e-10)
(-2.47981291704999e-12,1.19726072458575e-10,-2.17552169571159e-10)
(-4.12957135829173e-12,1.64041471597756e-10,-1.98125320797756e-10)
(-3.27322638448915e-12,2.24462397258128e-10,-1.76120456725974e-10)
(6.02007640658164e-12,3.09184362721436e-10,-1.51039920720101e-10)
(6.8550480550324e-12,3.71561875077789e-10,-1.1655419346029e-10)
(5.89704131139537e-12,4.12151550918594e-10,-7.95534268852727e-11)
(5.3681767196751e-12,4.3180043455988e-10,-4.04789112262977e-11)
(0,0,0)
(0,0,0)
(0,0,0)
(0,0,0)
(0,0,0)
(0,0,0)
(-5.16731498693614e-13,1.98370228830384e-11,-3.04446703126945e-10)
(-3.48348842052476e-13,4.23821372652536e-11,-2.996883041538e-10)
(-6.53080365819483e-13,6.75828809941849e-11,-2.8998499226071e-10)
(-2.40008948782602e-12,9.78194107681217e-11,-2.75827768753052e-10)
(-5.19534900788282e-12,1.37907036167684e-10,-2.57709092238086e-10)
(-5.95485482513345e-12,1.96108634867765e-10,-2.37141732440878e-10)
(4.77195403182447e-12,2.80718711868207e-10,-2.11354127241632e-10)
(6.52682829796874e-12,3.41416156557805e-10,-1.67350852178099e-10)
(6.17404137744177e-12,3.78974076571015e-10,-1.15305299901312e-10)
(5.94947629986065e-12,3.96689700053257e-10,-5.85877933672695e-11)
(0,0,0)
(0,0,0)
(0,0,0)
(0,0,0)
(0,0,0)
(0,0,0)
(2.10932777192175e-13,1.45618924112001e-11,-3.60478374102081e-10)
(3.74194998134453e-13,3.23304765301085e-11,-3.56263723152183e-10)
(6.08203913826969e-14,5.27725771207098e-11,-3.46825884419016e-10)
(-1.5055408830153e-12,7.73006447653296e-11,-3.32805296207353e-10)
(-4.58242467851725e-12,1.12144327362591e-10,-3.15011514904153e-10)
(-7.26804846680978e-12,1.64366174843387e-10,-2.94378416478919e-10)
(2.45006976922019e-13,2.41487390836498e-10,-2.66998673888414e-10)
(3.58730612447501e-12,2.95897432578987e-10,-2.13762343074689e-10)
(4.37346032498403e-12,3.28430611414414e-10,-1.47713485991491e-10)
(4.38584159274531e-12,3.44051382985848e-10,-7.50544247512895e-11)
(0,0,0)
(0,0,0)
(0,0,0)
(0,0,0)
(0,0,0)
(0,0,0)
(1.02311999278003e-12,1.0558174238496e-11,-4.0972136608782e-10)
(1.64755091534202e-12,2.3266832795076e-11,-4.0540607417395e-10)
(1.54635602616477e-12,3.88128093004297e-11,-3.96086940160378e-10)
(6.26252655597393e-13,5.80013225791139e-11,-3.81988647959168e-10)
(-1.12937893773161e-12,8.69288042588384e-11,-3.63085609882123e-10)
(-2.89218338649968e-12,1.29718383786077e-10,-3.38073050737525e-10)
(-1.2277350772932e-12,1.88496066999692e-10,-3.01905218331394e-10)
(8.91870109865412e-13,2.33435881620264e-10,-2.435021737866e-10)
(1.97728413280247e-12,2.60145010499197e-10,-1.69441813463197e-10)
(2.12214296919922e-12,2.73382799827304e-10,-8.64828064758737e-11)
(0,0,0)
(0,0,0)
(0,0,0)
(0,0,0)
(0,0,0)
(0,0,0)
(6.37194626400708e-13,7.26600231740584e-12,-4.46939049351909e-10)
(1.46036359242571e-12,1.55952496968453e-11,-4.42644835918495e-10)
(1.93383211937644e-12,2.62608731253848e-11,-4.33553353591182e-10)
(2.09075023887558e-12,3.97245371576671e-11,-4.18972700422138e-10)
(1.56996615969271e-12,6.07868661765093e-11,-3.97604317367634e-10)
(3.17743083806551e-13,9.06583679934466e-11,-3.6662825221581e-10)
(-3.78995963864041e-13,1.28865287377603e-10,-3.22283881299305e-10)
(-1.01100336357684e-13,1.60267391406725e-10,-2.59299900827989e-10)
(2.50414046608928e-13,1.79163287644677e-10,-1.80629515828767e-10)
(1.93199493525429e-13,1.8902213632063e-10,-9.25340156695981e-11)
(0,0,0)
(0,0,0)
(0,0,0)
(0,0,0)
(0,0,0)
(0,0,0)
(3.00395972339558e-13,3.6089835103929e-12,-4.66650506720137e-10)
(6.89590032607138e-13,7.9641309619582e-12,-4.62741127237404e-10)
(1.3111621383079e-12,1.36140520757169e-11,-4.54087406242839e-10)
(2.42233484068938e-12,2.04469043420387e-11,-4.39162192028814e-10)
(3.11073868374673e-12,3.13807671843786e-11,-4.16292952846086e-10)
(2.38674015291862e-12,4.66317401607463e-11,-3.81801446977961e-10)
(7.72629524566224e-13,6.55023109424243e-11,-3.32782966664296e-10)
(-4.00670095559063e-13,8.1495906071146e-11,-2.66508026197305e-10)
(-1.09064628848771e-12,9.13182015321158e-11,-1.85412790221718e-10)
(-1.49608516646682e-12,9.66813201445572e-11,-9.51852349780903e-11)
(0,0,0)
(0,0,0)
(0,0,0)
(0,0,0)
(0,0,0)
(0,0,0)
(0,0,0)
(0,0,0)
(0,0,0)
(0,0,0)
(0,0,0)
(0,0,0)
(0,0,0)
(0,0,0)
(0,0,0)
(0,0,0)
(0,0,0)
(0,0,0)
(0,0,0)
(0,0,0)
(0,0,0)
(0,0,0)
(0,0,0)
(0,0,0)
(0,0,0)
(0,0,0)
(0,0,0)
(0,0,0)
(0,0,0)
(0,0,0)
(0,0,0)
(0,0,0)
(0,0,0)
(0,0,0)
(0,0,0)
(0,0,0)
(0,0,0)
(0,0,0)
(0,0,0)
(0,0,0)
(0,0,0)
(0,0,0)
(0,0,0)
(0,0,0)
(0,0,0)
(0,0,0)
(0,0,0)
(0,0,0)
(0,0,0)
(0,0,0)
(0,0,0)
(0,0,0)
(0,0,0)
(0,0,0)
(0,0,0)
(0,0,0)
(0,0,0)
(0,0,0)
(0,0,0)
(0,0,0)
(0,0,0)
(0,0,0)
(0,0,0)
(0,0,0)
(0,0,0)
(0,0,0)
(0,0,0)
(0,0,0)
(0,0,0)
(0,0,0)
(0,0,0)
(0,0,0)
(0,0,0)
(0,0,0)
(0,0,0)
(0,0,0)
(0,0,0)
(0,0,0)
(0,0,0)
(0,0,0)
(0,0,0)
(0,0,0)
(0,0,0)
(0,0,0)
(0,0,0)
(0,0,0)
(0,0,0)
(0,0,0)
(0,0,0)
(0,0,0)
(0,0,0)
(0,0,0)
(0,0,0)
(0,0,0)
(0,0,0)
(0,0,0)
(0,0,0)
(0,0,0)
(0,0,0)
(0,0,0)
(0,0,0)
(0,0,0)
(0,0,0)
(0,0,0)
(0,0,0)
(0,0,0)
(0,0,0)
(0,0,0)
(0,0,0)
(0,0,0)
(0,0,0)
(0,0,0)
(0,0,0)
(0,0,0)
(0,0,0)
(0,0,0)
(0,0,0)
(0,0,0)
(0,0,0)
(0,0,0)
(0,0,0)
(0,0,0)
(0,0,0)
(0,0,0)
(0,0,0)
(0,0,0)
(0,0,0)
(0,0,0)
(0,0,0)
(0,0,0)
(0,0,0)
(0,0,0)
(0,0,0)
(0,0,0)
(0,0,0)
(0,0,0)
(0,0,0)
(0,0,0)
(0,0,0)
(0,0,0)
(0,0,0)
(0,0,0)
(0,0,0)
(0,0,0)
(0,0,0)
(0,0,0)
(0,0,0)
(0,0,0)
(0,0,0)
(0,0,0)
(0,0,0)
(0,0,0)
(0,0,0)
(0,0,0)
(0,0,0)
(0,0,0)
(0,0,0)
(0,0,0)
(0,0,0)
(0,0,0)
(0,0,0)
(0,0,0)
(0,0,0)
(0,0,0)
(0,0,0)
(0,0,0)
(0,0,0)
(0,0,0)
(0,0,0)
(0,0,0)
(0,0,0)
(0,0,0)
(0,0,0)
(0,0,0)
(0,0,0)
(0,0,0)
(0,0,0)
(0,0,0)
(0,0,0)
(0,0,0)
(0,0,0)
(0,0,0)
(0,0,0)
(0,0,0)
(0,0,0)
(0,0,0)
(0,0,0)
(0,0,0)
(0,0,0)
(0,0,0)
(0,0,0)
(0,0,0)
(0,0,0)
(0,0,0)
(0,0,0)
(0,0,0)
(0,0,0)
(0,0,0)
(0,0,0)
(0,0,0)
(0,0,0)
(0,0,0)
(0,0,0)
(0,0,0)
(0,0,0)
(0,0,0)
(0,0,0)
(0,0,0)
(0,0,0)
(0,0,0)
(0,0,0)
(0,0,0)
(0,0,0)
(0,0,0)
(0,0,0)
(0,0,0)
(0,0,0)
(0,0,0)
(0,0,0)
(0,0,0)
(0,0,0)
(0,0,0)
(0,0,0)
(0,0,0)
(0,0,0)
(0,0,0)
(0,0,0)
(0,0,0)
(0,0,0)
(0,0,0)
(0,0,0)
(0,0,0)
(0,0,0)
(0,0,0)
(0,0,0)
(0,0,0)
(0,0,0)
(0,0,0)
(0,0,0)
(0,0,0)
(0,0,0)
(0,0,0)
(0,0,0)
(0,0,0)
(0,0,0)
(0,0,0)
(0,0,0)
(0,0,0)
(0,0,0)
(0,0,0)
(0,0,0)
(0,0,0)
(0,0,0)
(0,0,0)
(0,0,0)
(0,0,0)
(0,0,0)
(0,0,0)
(0,0,0)
(0,0,0)
(0,0,0)
(0,0,0)
(0,0,0)
(0,0,0)
(0,0,0)
(0,0,0)
(0,0,0)
(0,0,0)
(0,0,0)
(0,0,0)
(0,0,0)
(0,0,0)
(0,0,0)
(0,0,0)
(0,0,0)
(0,0,0)
(0,0,0)
(0,0,0)
(0,0,0)
(0,0,0)
(0,0,0)
(0,0,0)
(0,0,0)
(0,0,0)
(0,0,0)
(0,0,0)
(0,0,0)
(0,0,0)
(0,0,0)
(0,0,0)
(0,0,0)
(0,0,0)
(0,0,0)
(0,0,0)
(0,0,0)
(0,0,0)
(0,0,0)
(0,0,0)
(0,0,0)
(0,0,0)
(0,0,0)
(0,0,0)
(0,0,0)
(0,0,0)
(0,0,0)
(0,0,0)
(0,0,0)
(0,0,0)
(0,0,0)
(0,0,0)
(0,0,0)
(0,0,0)
(0,0,0)
(0,0,0)
(0,0,0)
(0,0,0)
(0,0,0)
(0,0,0)
(0,0,0)
(0,0,0)
(0,0,0)
(0,0,0)
(0,0,0)
(0,0,0)
(0,0,0)
(0,0,0)
(0,0,0)
(0,0,0)
(0,0,0)
(0,0,0)
(0,0,0)
(0,0,0)
(0,0,0)
(0,0,0)
(0,0,0)
(0,0,0)
(0,0,0)
(0,0,0)
(0,0,0)
(0,0,0)
(0,0,0)
(0,0,0)
(0,0,0)
(0,0,0)
(0,0,0)
(0,0,0)
(0,0,0)
(0,0,0)
(0,0,0)
(0,0,0)
(0,0,0)
(0,0,0)
(0,0,0)
(0,0,0)
(0,0,0)
(0,0,0)
(0,0,0)
(0,0,0)
(0,0,0)
(0,0,0)
(0,0,0)
(0,0,0)
(0,0,0)
(0,0,0)
(0,0,0)
(0,0,0)
(0,0,0)
(0,0,0)
(0,0,0)
(0,0,0)
(0,0,0)
(0,0,0)
(0,0,0)
(0,0,0)
(0,0,0)
(0,0,0)
(0,0,0)
(0,0,0)
(0,0,0)
(0,0,0)
(0,0,0)
(0,0,0)
(0,0,0)
(0,0,0)
(0,0,0)
(0,0,0)
(0,0,0)
(0,0,0)
(0,0,0)
(0,0,0)
(0,0,0)
(0,0,0)
(0,0,0)
(0,0,0)
(0,0,0)
(0,0,0)
(0,0,0)
(0,0,0)
(0,0,0)
(0,0,0)
(0,0,0)
(0,0,0)
(0,0,0)
(0,0,0)
(0,0,0)
(0,0,0)
(0,0,0)
(0,0,0)
(0,0,0)
(0,0,0)
(0,0,0)
(0,0,0)
(0,0,0)
(0,0,0)
(0,0,0)
(0,0,0)
(0,0,0)
(0,0,0)
(0,0,0)
(0,0,0)
(0,0,0)
(0,0,0)
(0,0,0)
(0,0,0)
(0,0,0)
(0,0,0)
(0,0,0)
(0,0,0)
(0,0,0)
(0,0,0)
(0,0,0)
(0,0,0)
(0,0,0)
(0,0,0)
(0,0,0)
(0,0,0)
(0,0,0)
(0,0,0)
(0,0,0)
(0,0,0)
(0,0,0)
(0,0,0)
(0,0,0)
(0,0,0)
(0,0,0)
(0,0,0)
(0,0,0)
(0,0,0)
(0,0,0)
(0,0,0)
(0,0,0)
(0,0,0)
(0,0,0)
(0,0,0)
(0,0,0)
(0,0,0)
(0,0,0)
(0,0,0)
(0,0,0)
(0,0,0)
(0,0,0)
(0,0,0)
(0,0,0)
(0,0,0)
(0,0,0)
(0,0,0)
(0,0,0)
(0,0,0)
(0,0,0)
(0,0,0)
(0,0,0)
(0,0,0)
(0,0,0)
(0,0,0)
(0,0,0)
(0,0,0)
(0,0,0)
(0,0,0)
(0,0,0)
(0,0,0)
(0,0,0)
(0,0,0)
(0,0,0)
(0,0,0)
(0,0,0)
(0,0,0)
(0,0,0)
(0,0,0)
(0,0,0)
(0,0,0)
(0,0,0)
(0,0,0)
(0,0,0)
(0,0,0)
(0,0,0)
(0,0,0)
(0,0,0)
(0,0,0)
(0,0,0)
(0,0,0)
(0,0,0)
(0,0,0)
(0,0,0)
(0,0,0)
(0,0,0)
(0,0,0)
(0,0,0)
(0,0,0)
(0,0,0)
(0,0,0)
(0,0,0)
(0,0,0)
(0,0,0)
(0,0,0)
(0,0,0)
(0,0,0)
(0,0,0)
(0,0,0)
(0,0,0)
(0,0,0)
(0,0,0)
(0,0,0)
(0,0,0)
(0,0,0)
(0,0,0)
(0,0,0)
(0,0,0)
(0,0,0)
(0,0,0)
(0,0,0)
(0,0,0)
(0,0,0)
(0,0,0)
(0,0,0)
(0,0,0)
(0,0,0)
(0,0,0)
(0,0,0)
(0,0,0)
(0,0,0)
(0,0,0)
(0,0,0)
(0,0,0)
(0,0,0)
(0,0,0)
(0,0,0)
(0,0,0)
(0,0,0)
(0,0,0)
(0,0,0)
(0,0,0)
(0,0,0)
(0,0,0)
(0,0,0)
(0,0,0)
(0,0,0)
(0,0,0)
(0,0,0)
(0,0,0)
(0,0,0)
(0,0,0)
(0,0,0)
(0,0,0)
(0,0,0)
(0,0,0)
(0,0,0)
(0,0,0)
(0,0,0)
(0,0,0)
(0,0,0)
(0,0,0)
(0,0,0)
(0,0,0)
(0,0,0)
(0,0,0)
(0,0,0)
(0,0,0)
(0,0,0)
(0,0,0)
(0,0,0)
(0,0,0)
(0,0,0)
(0,0,0)
(0,0,0)
(0,0,0)
(0,0,0)
(0,0,0)
(0,0,0)
(0,0,0)
(0,0,0)
(0,0,0)
(0,0,0)
(0,0,0)
(0,0,0)
(0,0,0)
(0,0,0)
(0,0,0)
(0,0,0)
(0,0,0)
(0,0,0)
(0,0,0)
(0,0,0)
(0,0,0)
(0,0,0)
(0,0,0)
(0,0,0)
(0,0,0)
(0,0,0)
(0,0,0)
(0,0,0)
(0,0,0)
(0,0,0)
(0,0,0)
(0,0,0)
(0,0,0)
(0,0,0)
(0,0,0)
(0,0,0)
(0,0,0)
(0,0,0)
(0,0,0)
(0,0,0)
(0,0,0)
(0,0,0)
(0,0,0)
(0,0,0)
(0,0,0)
(0,0,0)
(0,0,0)
(0,0,0)
(0,0,0)
(0,0,0)
(0,0,0)
(0,0,0)
(0,0,0)
(0,0,0)
(0,0,0)
(0,0,0)
(0,0,0)
(0,0,0)
(0,0,0)
(0,0,0)
(0,0,0)
(0,0,0)
(0,0,0)
(0,0,0)
(0,0,0)
(0,0,0)
(0,0,0)
(0,0,0)
(0,0,0)
(0,0,0)
(0,0,0)
(0,0,0)
(0,0,0)
(0,0,0)
(0,0,0)
(0,0,0)
(0,0,0)
(0,0,0)
(0,0,0)
(0,0,0)
(0,0,0)
(0,0,0)
(0,0,0)
(0,0,0)
(0,0,0)
(0,0,0)
(0,0,0)
(0,0,0)
(0,0,0)
(0,0,0)
(0,0,0)
(0,0,0)
(0,0,0)
(0,0,0)
(0,0,0)
(0,0,0)
(0,0,0)
(0,0,0)
(0,0,0)
(0,0,0)
(0,0,0)
(0,0,0)
(0,0,0)
(0,0,0)
(0,0,0)
(0,0,0)
(0,0,0)
(0,0,0)
(0,0,0)
(0,0,0)
(0,0,0)
(0,0,0)
(0,0,0)
(0,0,0)
(0,0,0)
(0,0,0)
(0,0,0)
(0,0,0)
(0,0,0)
(0,0,0)
(0,0,0)
(0,0,0)
(0,0,0)
(0,0,0)
(0,0,0)
(0,0,0)
(0,0,0)
(0,0,0)
(0,0,0)
(0,0,0)
(0,0,0)
(0,0,0)
(0,0,0)
(0,0,0)
(0,0,0)
(0,0,0)
(0,0,0)
(0,0,0)
(0,0,0)
(0,0,0)
(0,0,0)
(0,0,0)
(0,0,0)
(0,0,0)
(0,0,0)
(0,0,0)
(0,0,0)
(0,0,0)
(0,0,0)
(0,0,0)
(0,0,0)
(0,0,0)
(0,0,0)
(0,0,0)
(0,0,0)
(0,0,0)
(0,0,0)
(0,0,0)
(0,0,0)
(0,0,0)
(0,0,0)
(0,0,0)
(0,0,0)
(0,0,0)
(0,0,0)
(0,0,0)
(0,0,0)
(0,0,0)
(0,0,0)
(0,0,0)
(0,0,0)
(0,0,0)
(0,0,0)
(0,0,0)
(0,0,0)
(0,0,0)
(0,0,0)
(0,0,0)
(0,0,0)
(0,0,0)
(0,0,0)
(0,0,0)
(0,0,0)
(0,0,0)
(0,0,0)
(0,0,0)
(0,0,0)
(0,0,0)
(0,0,0)
(0,0,0)
(0,0,0)
(0,0,0)
(0,0,0)
(0,0,0)
(0,0,0)
(0,0,0)
(0,0,0)
(0,0,0)
(0,0,0)
(0,0,0)
(0,0,0)
(0,0,0)
(0,0,0)
(0,0,0)
(0,0,0)
(0,0,0)
(0,0,0)
(0,0,0)
(0,0,0)
(0,0,0)
(0,0,0)
(0,0,0)
(0,0,0)
(0,0,0)
(0,0,0)
(0,0,0)
(0,0,0)
(0,0,0)
(0,0,0)
(0,0,0)
(0,0,0)
(0,0,0)
(0,0,0)
(0,0,0)
(0,0,0)
(0,0,0)
(0,0,0)
(0,0,0)
(0,0,0)
(0,0,0)
(0,0,0)
(0,0,0)
(0,0,0)
(0,0,0)
(0,0,0)
(0,0,0)
(0,0,0)
)
;

boundaryField
{
    fuel
    {
        type            fixedValue;
        value           uniform (0.1 0 0);
    }
    air
    {
        type            fixedValue;
        value           uniform (-0.1 0 0);
    }
    outlet
    {
        type            zeroGradient;
    }
    frontAndBack
    {
        type            empty;
    }
}


// ************************************************************************* //
 