/*--------------------------------*- C++ -*----------------------------------*\
| =========                 |                                                 |
| \\      /  F ield         | foam-extend: Open Source CFD                    |
|  \\    /   O peration     | Version:     4.0                                |
|   \\  /    A nd           | Web:         http://www.foam-extend.org         |
|    \\/     M anipulation  |                                                 |
\*---------------------------------------------------------------------------*/
FoamFile
{
    version 2.0;
    format ascii;
    class volVectorField;
    location "1891";
    object      E;
}
// * * * * * * * * * * * * * * * * * * * * * * * * * * * * * * * * * * * * * //

dimensions      [0 1 -1 0 0 0 0];

internalField   nonuniform List<vector>
4096
(
(0,0,0)
(0,0,0)
(0,0,0)
(0,0,0)
(0,0,0)
(0,0,0)
(0,0,0)
(0,0,0)
(0,0,0)
(0,0,0)
(0,0,0)
(0,0,0)
(0,0,0)
(0,0,0)
(0,0,0)
(0,0,0)
(0,0,0)
(0,0,0)
(0,0,0)
(0,0,0)
(0,0,0)
(0,0,0)
(0,0,0)
(0,0,0)
(0,0,0)
(0,0,0)
(0,0,0)
(0,0,0)
(0,0,0)
(0,0,0)
(0,0,0)
(0,0,0)
(0,0,0)
(0,0,0)
(0,0,0)
(0,0,0)
(0,0,0)
(0,0,0)
(0,0,0)
(0,0,0)
(0,0,0)
(0,0,0)
(0,0,0)
(0,0,0)
(0,0,0)
(0,0,0)
(0,0,0)
(0,0,0)
(0,0,0)
(0,0,0)
(0,0,0)
(0,0,0)
(0,0,0)
(0,0,0)
(0,0,0)
(0,0,0)
(0,0,0)
(0,0,0)
(0,0,0)
(0,0,0)
(0,0,0)
(0,0,0)
(0,0,0)
(0,0,0)
(0,0,0)
(0,0,0)
(0,0,0)
(0,0,0)
(0,0,0)
(0,0,0)
(0,0,0)
(0,0,0)
(0,0,0)
(0,0,0)
(0,0,0)
(0,0,0)
(0,0,0)
(0,0,0)
(0,0,0)
(0,0,0)
(0,0,0)
(0,0,0)
(0,0,0)
(0,0,0)
(0,0,0)
(0,0,0)
(0,0,0)
(0,0,0)
(0,0,0)
(0,0,0)
(0,0,0)
(0,0,0)
(0,0,0)
(0,0,0)
(0,0,0)
(0,0,0)
(0,0,0)
(0,0,0)
(0,0,0)
(0,0,0)
(0,0,0)
(0,0,0)
(0,0,0)
(0,0,0)
(0,0,0)
(0,0,0)
(0,0,0)
(0,0,0)
(0,0,0)
(0,0,0)
(0,0,0)
(0,0,0)
(0,0,0)
(0,0,0)
(0,0,0)
(0,0,0)
(0,0,0)
(0,0,0)
(0,0,0)
(0,0,0)
(0,0,0)
(0,0,0)
(0,0,0)
(0,0,0)
(0,0,0)
(0,0,0)
(0,0,0)
(0,0,0)
(0,0,0)
(0,0,0)
(0,0,0)
(0,0,0)
(0,0,0)
(0,0,0)
(0,0,0)
(0,0,0)
(0,0,0)
(0,0,0)
(0,0,0)
(0,0,0)
(0,0,0)
(0,0,0)
(0,0,0)
(0,0,0)
(0,0,0)
(0,0,0)
(0,0,0)
(0,0,0)
(0,0,0)
(0,0,0)
(0,0,0)
(0,0,0)
(0,0,0)
(0,0,0)
(0,0,0)
(0,0,0)
(0,0,0)
(0,0,0)
(0,0,0)
(0,0,0)
(0,0,0)
(0,0,0)
(0,0,0)
(0,0,0)
(0,0,0)
(0,0,0)
(0,0,0)
(0,0,0)
(0,0,0)
(0,0,0)
(0,0,0)
(0,0,0)
(0,0,0)
(0,0,0)
(0,0,0)
(0,0,0)
(0,0,0)
(0,0,0)
(0,0,0)
(0,0,0)
(0,0,0)
(0,0,0)
(0,0,0)
(0,0,0)
(0,0,0)
(0,0,0)
(0,0,0)
(0,0,0)
(0,0,0)
(0,0,0)
(0,0,0)
(0,0,0)
(0,0,0)
(0,0,0)
(0,0,0)
(0,0,0)
(0,0,0)
(0,0,0)
(0,0,0)
(0,0,0)
(0,0,0)
(0,0,0)
(0,0,0)
(0,0,0)
(0,0,0)
(0,0,0)
(0,0,0)
(0,0,0)
(0,0,0)
(0,0,0)
(0,0,0)
(0,0,0)
(0,0,0)
(0,0,0)
(0,0,0)
(0,0,0)
(0,0,0)
(0,0,0)
(0,0,0)
(0,0,0)
(0,0,0)
(0,0,0)
(0,0,0)
(0,0,0)
(0,0,0)
(0,0,0)
(0,0,0)
(0,0,0)
(0,0,0)
(0,0,0)
(0,0,0)
(0,0,0)
(0,0,0)
(0,0,0)
(0,0,0)
(0,0,0)
(0,0,0)
(0,0,0)
(0,0,0)
(0,0,0)
(0,0,0)
(0,0,0)
(0,0,0)
(0,0,0)
(0,0,0)
(0,0,0)
(0,0,0)
(0,0,0)
(0,0,0)
(0,0,0)
(0,0,0)
(0,0,0)
(0,0,0)
(0,0,0)
(0,0,0)
(0,0,0)
(0,0,0)
(0,0,0)
(0,0,0)
(0,0,0)
(0,0,0)
(0,0,0)
(0,0,0)
(0,0,0)
(0,0,0)
(0,0,0)
(0,0,0)
(0,0,0)
(0,0,0)
(0,0,0)
(0,0,0)
(0,0,0)
(0,0,0)
(0,0,0)
(0,0,0)
(0,0,0)
(0,0,0)
(0,0,0)
(0,0,0)
(0,0,0)
(0,0,0)
(0,0,0)
(0,0,0)
(0,0,0)
(0,0,0)
(0,0,0)
(0,0,0)
(0,0,0)
(0,0,0)
(0,0,0)
(0,0,0)
(0,0,0)
(0,0,0)
(0,0,0)
(0,0,0)
(0,0,0)
(0,0,0)
(0,0,0)
(0,0,0)
(0,0,0)
(0,0,0)
(0,0,0)
(0,0,0)
(0,0,0)
(0,0,0)
(0,0,0)
(0,0,0)
(0,0,0)
(0,0,0)
(0,0,0)
(0,0,0)
(0,0,0)
(0,0,0)
(0,0,0)
(0,0,0)
(0,0,0)
(0,0,0)
(0,0,0)
(0,0,0)
(0,0,0)
(0,0,0)
(0,0,0)
(0,0,0)
(0,0,0)
(0,0,0)
(0,0,0)
(0,0,0)
(0,0,0)
(0,0,0)
(0,0,0)
(0,0,0)
(0,0,0)
(0,0,0)
(0,0,0)
(0,0,0)
(0,0,0)
(0,0,0)
(0,0,0)
(0,0,0)
(0,0,0)
(0,0,0)
(0,0,0)
(0,0,0)
(0,0,0)
(0,0,0)
(0,0,0)
(0,0,0)
(0,0,0)
(0,0,0)
(0,0,0)
(0,0,0)
(0,0,0)
(0,0,0)
(0,0,0)
(0,0,0)
(0,0,0)
(0,0,0)
(0,0,0)
(0,0,0)
(0,0,0)
(0,0,0)
(0,0,0)
(0,0,0)
(0,0,0)
(0,0,0)
(0,0,0)
(0,0,0)
(0,0,0)
(0,0,0)
(0,0,0)
(0,0,0)
(0,0,0)
(0,0,0)
(0,0,0)
(0,0,0)
(0,0,0)
(0,0,0)
(0,0,0)
(0,0,0)
(0,0,0)
(0,0,0)
(0,0,0)
(0,0,0)
(0,0,0)
(0,0,0)
(0,0,0)
(0,0,0)
(0,0,0)
(0,0,0)
(0,0,0)
(0,0,0)
(0,0,0)
(0,0,0)
(0,0,0)
(0,0,0)
(0,0,0)
(0,0,0)
(0,0,0)
(0,0,0)
(0,0,0)
(0,0,0)
(0,0,0)
(0,0,0)
(0,0,0)
(0,0,0)
(0,0,0)
(0,0,0)
(0,0,0)
(0,0,0)
(0,0,0)
(0,0,0)
(0,0,0)
(0,0,0)
(0,0,0)
(0,0,0)
(0,0,0)
(0,0,0)
(0,0,0)
(0,0,0)
(0,0,0)
(0,0,0)
(0,0,0)
(0,0,0)
(0,0,0)
(0,0,0)
(0,0,0)
(0,0,0)
(0,0,0)
(0,0,0)
(0,0,0)
(0,0,0)
(0,0,0)
(0,0,0)
(0,0,0)
(0,0,0)
(0,0,0)
(0,0,0)
(0,0,0)
(0,0,0)
(0,0,0)
(0,0,0)
(0,0,0)
(0,0,0)
(0,0,0)
(0,0,0)
(0,0,0)
(0,0,0)
(0,0,0)
(0,0,0)
(0,0,0)
(0,0,0)
(0,0,0)
(0,0,0)
(0,0,0)
(0,0,0)
(0,0,0)
(0,0,0)
(0,0,0)
(0,0,0)
(0,0,0)
(0,0,0)
(0,0,0)
(0,0,0)
(0,0,0)
(0,0,0)
(0,0,0)
(0,0,0)
(0,0,0)
(0,0,0)
(0,0,0)
(0,0,0)
(0,0,0)
(0,0,0)
(0,0,0)
(0,0,0)
(0,0,0)
(0,0,0)
(0,0,0)
(0,0,0)
(0,0,0)
(0,0,0)
(0,0,0)
(0,0,0)
(0,0,0)
(0,0,0)
(0,0,0)
(0,0,0)
(0,0,0)
(0,0,0)
(0,0,0)
(0,0,0)
(0,0,0)
(0,0,0)
(0,0,0)
(0,0,0)
(0,0,0)
(0,0,0)
(0,0,0)
(0,0,0)
(0,0,0)
(0,0,0)
(0,0,0)
(0,0,0)
(0,0,0)
(0,0,0)
(0,0,0)
(0,0,0)
(0,0,0)
(0,0,0)
(0,0,0)
(0,0,0)
(0,0,0)
(0,0,0)
(0,0,0)
(0,0,0)
(0,0,0)
(0,0,0)
(0,0,0)
(0,0,0)
(0,0,0)
(0,0,0)
(0,0,0)
(0,0,0)
(0,0,0)
(0,0,0)
(0,0,0)
(0,0,0)
(0,0,0)
(0,0,0)
(0,0,0)
(0,0,0)
(0,0,0)
(0,0,0)
(0,0,0)
(0,0,0)
(0,0,0)
(0,0,0)
(0,0,0)
(0,0,0)
(0,0,0)
(0,0,0)
(0,0,0)
(0,0,0)
(0,0,0)
(0,0,0)
(0,0,0)
(0,0,0)
(0,0,0)
(0,0,0)
(0,0,0)
(0,0,0)
(0,0,0)
(0,0,0)
(0,0,0)
(0,0,0)
(0,0,0)
(0,0,0)
(0,0,0)
(0,0,0)
(0,0,0)
(0,0,0)
(0,0,0)
(0,0,0)
(0,0,0)
(0,0,0)
(0,0,0)
(0,0,0)
(0,0,0)
(0,0,0)
(0,0,0)
(0,0,0)
(0,0,0)
(0,0,0)
(0,0,0)
(0,0,0)
(0,0,0)
(0,0,0)
(0,0,0)
(0,0,0)
(0,0,0)
(0,0,0)
(0,0,0)
(0,0,0)
(0,0,0)
(0,0,0)
(0,0,0)
(0,0,0)
(0,0,0)
(0,0,0)
(0,0,0)
(0,0,0)
(0,0,0)
(0,0,0)
(0,0,0)
(0,0,0)
(0,0,0)
(0,0,0)
(0,0,0)
(0,0,0)
(0,0,0)
(0,0,0)
(0,0,0)
(0,0,0)
(0,0,0)
(0,0,0)
(0,0,0)
(0,0,0)
(0,0,0)
(0,0,0)
(0,0,0)
(0,0,0)
(0,0,0)
(0,0,0)
(0,0,0)
(0,0,0)
(0,0,0)
(0,0,0)
(0,0,0)
(0,0,0)
(0,0,0)
(0,0,0)
(0,0,0)
(0,0,0)
(0,0,0)
(0,0,0)
(0,0,0)
(0,0,0)
(0,0,0)
(0,0,0)
(0,0,0)
(0,0,0)
(0,0,0)
(0,0,0)
(0,0,0)
(0,0,0)
(0,0,0)
(0,0,0)
(0,0,0)
(0,0,0)
(0,0,0)
(0,0,0)
(0,0,0)
(0,0,0)
(0,0,0)
(0,0,0)
(0,0,0)
(0,0,0)
(0,0,0)
(0,0,0)
(0,0,0)
(0,0,0)
(0,0,0)
(0,0,0)
(0,0,0)
(0,0,0)
(0,0,0)
(0,0,0)
(0,0,0)
(0,0,0)
(0,0,0)
(0,0,0)
(0,0,0)
(0,0,0)
(0,0,0)
(0,0,0)
(0,0,0)
(0,0,0)
(0,0,0)
(0,0,0)
(0,0,0)
(0,0,0)
(0,0,0)
(0,0,0)
(0,0,0)
(0,0,0)
(0,0,0)
(0,0,0)
(0,0,0)
(0,0,0)
(0,0,0)
(0,0,0)
(0,0,0)
(0,0,0)
(0,0,0)
(0,0,0)
(0,0,0)
(0,0,0)
(0,0,0)
(0,0,0)
(0,0,0)
(0,0,0)
(0,0,0)
(0,0,0)
(0,0,0)
(0,0,0)
(0,0,0)
(0,0,0)
(0,0,0)
(0,0,0)
(0,0,0)
(0,0,0)
(0,0,0)
(0,0,0)
(0,0,0)
(0,0,0)
(0,0,0)
(0,0,0)
(0,0,0)
(0,0,0)
(0,0,0)
(0,0,0)
(0,0,0)
(0,0,0)
(0,0,0)
(0,0,0)
(0,0,0)
(0,0,0)
(0,0,0)
(0,0,0)
(0,0,0)
(0,0,0)
(0,0,0)
(0,0,0)
(0,0,0)
(0,0,0)
(0,0,0)
(0,0,0)
(0,0,0)
(0,0,0)
(0,0,0)
(0,0,0)
(0,0,0)
(0,0,0)
(0,0,0)
(0,0,0)
(0,0,0)
(0,0,0)
(0,0,0)
(0,0,0)
(0,0,0)
(0,0,0)
(0,0,0)
(0,0,0)
(0,0,0)
(0,0,0)
(0,0,0)
(0,0,0)
(0,0,0)
(0,0,0)
(0,0,0)
(0,0,0)
(0,0,0)
(0,0,0)
(0,0,0)
(0,0,0)
(0,0,0)
(0,0,0)
(0,0,0)
(0,0,0)
(0,0,0)
(0,0,0)
(0,0,0)
(0,0,0)
(0,0,0)
(0,0,0)
(0,0,0)
(0,0,0)
(0,0,0)
(0,0,0)
(0,0,0)
(0,0,0)
(0,0,0)
(0,0,0)
(0,0,0)
(0,0,0)
(0,0,0)
(0,0,0)
(0,0,0)
(0,0,0)
(0,0,0)
(0,0,0)
(0,0,0)
(0,0,0)
(0,0,0)
(0,0,0)
(0,0,0)
(0,0,0)
(0,0,0)
(0,0,0)
(0,0,0)
(0,0,0)
(0,0,0)
(0,0,0)
(0,0,0)
(0,0,0)
(0,0,0)
(0,0,0)
(0,0,0)
(0,0,0)
(0,0,0)
(0,0,0)
(0,0,0)
(0,0,0)
(0,0,0)
(0,0,0)
(0,0,0)
(0,0,0)
(0,0,0)
(0,0,0)
(0,0,0)
(0,0,0)
(0,0,0)
(0,0,0)
(0,0,0)
(0,0,0)
(0,0,0)
(0,0,0)
(0,0,0)
(0,0,0)
(-62415.0817309162,33222.6593706289,29192.4223602855)
(-65984.7003282262,31849.8821084141,63327.2405800977)
(-74318.6109726588,29015.0915535654,108630.759999191)
(-90050.833397413,24472.3180173497,174209.27537926)
(-118455.118072882,18357.152335117,274307.241117034)
(-169496.869206121,11365.1010836017,432439.009239545)
(-261869.196377313,5033.5432645032,689274.662352378)
(-428795.55191503,1156.90742978274,1116913.30683767)
(-707358.83273201,-100.234832104566,1824372.37440175)
(-985711.05385469,-142.292479909223,2810225.72073638)
(0,0,0)
(0,0,0)
(0,0,0)
(0,0,0)
(0,0,0)
(0,0,0)
(-66004.5178601877,71387.6039802119,27839.573250603)
(-69615.9032896973,68812.9460555766,60492.4125931429)
(-78083.908300523,63380.0360348978,104211.37641233)
(-94190.4008026955,54635.9559304952,168238.139301886)
(-123388.136175018,42587.2063529775,267396.221459034)
(-175656.178001322,28320.4677475446,426097.032796412)
(-269050.735026928,14826.4269696737,685354.884118169)
(-435347.190141286,6302.40481497086,1115556.57687419)
(-711725.770929743,3009.41086524128,1824172.70210663)
(-987753.494849105,1561.82623144671,2810222.07824432)
(0,0,0)
(0,0,0)
(0,0,0)
(0,0,0)
(0,0,0)
(0,0,0)
(-74254.50882904,120393.809594001,25248.3032152508)
(-77927.9331379119,116895.993711335,55093.1886974079)
(-86643.160244844,109487.82463795,95628.5603392046)
(-103524.500492698,97436.9374536469,156352.079308754)
(-134601.818717543,80331.281765638,253209.822613624)
(-190105.157079918,59008.5372641445,412626.910176941)
(-286718.248687821,37415.5839094219,676756.00192503)
(-451636.608450029,22608.4312092709,1112086.58398073)
(-722224.996675622,14882.5215524178,1822438.4699692)
(-992507.678580478,8106.24000055539,2808401.73478064)
(0,0,0)
(0,0,0)
(0,0,0)
(0,0,0)
(0,0,0)
(0,0,0)
(-89608.403571903,188196.770925892,21805.4422400129)
(-93355.6061089439,184273.489911544,47783.5521487497)
(-102403.588043667,175953.786477632,83721.1783527268)
(-120436.551287848,162250.993220914,139343.6738733)
(-154593.7418245,142305.510540637,231963.186922808)
(-216309.262986093,116169.04709573,391111.940077319)
(-320560.786269536,87147.8093619314,661940.500894342)
(-483087.090709757,63468.7285637102,1104167.29424959)
(-741405.973973745,45088.2785049231,1815367.5112708)
(-1000870.61446933,24277.3326831804,2800067.03305763)
(0,0,0)
(0,0,0)
(0,0,0)
(0,0,0)
(0,0,0)
(0,0,0)
(-117163.751868876,287412.910999305,17947.6117954594)
(-120896.321867338,283558.944327184,39558.4792471535)
(-130130.313980435,275457.879245023,70184.7004602004)
(-149163.591329734,262095.720115122,119503.564895725)
(-186491.03488765,242426.229540865,205873.880783149)
(-255876.083285422,215796.565599931,362122.445564348)
(-372145.683928684,183136.752782606,638279.186072358)
(-531003.832718589,147052.60759105,1085699.13976362)
(-769296.650636161,105692.137430758,1794391.93147403)
(-1012972.87582984,56007.5194304753,2775634.62055655)
(0,0,0)
(0,0,0)
(0,0,0)
(0,0,0)
(0,0,0)
(0,0,0)
(-166921.159691423,440115.181450177,14218.8892405546)
(-170452.224833558,436635.963614121,31594.0947871702)
(-179371.790124807,429375.277113151,57048.4870438496)
(-198220.437104085,417357.705434849,100006.938828206)
(-235923.868999289,399043.471797938,179313.565570426)
(-306583.794676409,372153.879007317,329540.046839468)
(-423213.581673533,333659.499317009,602230.881978611)
(-574894.069751862,279880.830360921,1044296.7289606)
(-799567.311244417,204942.490886465,1744613.68674938)
(-1028226.34849067,109387.272959377,2719460.28171099)
(0,0,0)
(0,0,0)
(0,0,0)
(0,0,0)
(0,0,0)
(0,0,0)
(-258216.68902164,687446.650334839,10885.2201369769)
(-261352.6872924,684395.995783283,24477.8752602267)
(-269359.743773909,678026.158112086,45186.7380352082)
(-286571.50695419,667283.47003131,81832.4803929406)
(-321575.545966182,649922.275608799,152529.222548257)
(-387953.422456918,621501.762886135,291134.761126352)
(-497413.045087331,573780.56576829,548426.739762411)
(-635361.70979183,494401.766146808,969267.513768359)
(-844702.857742885,369948.437286392,1648964.42511126)
(-1053133.20301042,201574.620415876,2609910.28066529)
(0,0,0)
(0,0,0)
(0,0,0)
(0,0,0)
(0,0,0)
(0,0,0)
(-425257.9140095,1104667.36635794,8037.19798639368)
(-427779.962253369,1101889.48074231,18323.6752807404)
(-434225.105590344,1095956.96804843,34617.9709347556)
(-448226.207239692,1085509.87530554,64617.7729002007)
(-476986.850355082,1067329.29561361,124197.603250469)
(-532145.509507816,1034414.53607988,243430.339564524)
(-623794.338812525,972011.015586153,468994.228559167)
(-735526.167319434,854162.054021338,844760.108004091)
(-926707.300855581,660877.249310431,1480538.59683563)
(-1100778.22128306,374636.327760528,2408255.11077398)
(0,0,0)
(0,0,0)
(0,0,0)
(0,0,0)
(0,0,0)
(0,0,0)
(-704985.541918868,1804218.24047598,5434.6678008035)
(-706704.760693542,1801458.96054582,12569.9486908515)
(-711075.826509441,1795311.98549896,24290.7577497172)
(-720484.487826212,1783743.45805889,46541.6628225736)
(-739461.68343226,1761996.77252691,91335.8693415282)
(-775153.298084245,1719922.36366475,180981.33984091)
(-835161.815288756,1637118.03675157,351036.133964259)
(-924420.973799005,1478203.33232561,651415.829458999)
(-1077902.07152114,1195993.75375564,1194201.39653485)
(-1183855.80064322,719166.632595792,2033526.89234282)
(0,0,0)
(0,0,0)
(0,0,0)
(0,0,0)
(0,0,0)
(0,0,0)
(-984623.320513536,2786060.96223098,2780.59875856026)
(-985486.516997081,2783233.32921967,6492.74708179936)
(-987661.310704349,2776694.29387143,12771.7494137038)
(-992287.455149858,2763928.28404147,24874.3785810184)
(-1001470.17814115,2739051.46947881,49289.8597703083)
(-1018660.2606612,2689821.19498174,98051.2891145027)
(-1048691.88096154,2591961.29088237,191899.915945236)
(-1099350.04004808,2400345.72605876,369107.562260118)
(-1183560.2458944,2031386.69081486,717274.871095243)
(-1192027.18062877,1314214.84600691,1314253.83831293)
(0,0,0)
(0,0,0)
(0,0,0)
(0,0,0)
(0,0,0)
(0,0,0)
(0,0,0)
(0,0,0)
(0,0,0)
(0,0,0)
(0,0,0)
(0,0,0)
(0,0,0)
(0,0,0)
(0,0,0)
(0,0,0)
(0,0,0)
(0,0,0)
(0,0,0)
(0,0,0)
(0,0,0)
(0,0,0)
(0,0,0)
(0,0,0)
(0,0,0)
(0,0,0)
(0,0,0)
(0,0,0)
(0,0,0)
(0,0,0)
(0,0,0)
(0,0,0)
(0,0,0)
(0,0,0)
(0,0,0)
(0,0,0)
(0,0,0)
(0,0,0)
(0,0,0)
(0,0,0)
(0,0,0)
(0,0,0)
(0,0,0)
(0,0,0)
(0,0,0)
(0,0,0)
(0,0,0)
(0,0,0)
(0,0,0)
(0,0,0)
(0,0,0)
(0,0,0)
(0,0,0)
(0,0,0)
(0,0,0)
(0,0,0)
(0,0,0)
(0,0,0)
(0,0,0)
(0,0,0)
(0,0,0)
(0,0,0)
(0,0,0)
(0,0,0)
(0,0,0)
(0,0,0)
(0,0,0)
(0,0,0)
(0,0,0)
(0,0,0)
(0,0,0)
(0,0,0)
(0,0,0)
(0,0,0)
(0,0,0)
(0,0,0)
(0,0,0)
(0,0,0)
(0,0,0)
(0,0,0)
(0,0,0)
(0,0,0)
(0,0,0)
(0,0,0)
(0,0,0)
(0,0,0)
(0,0,0)
(0,0,0)
(0,0,0)
(0,0,0)
(0,0,0)
(0,0,0)
(0,0,0)
(0,0,0)
(0,0,0)
(0,0,0)
(0,0,0)
(0,0,0)
(0,0,0)
(0,0,0)
(0,0,0)
(0,0,0)
(9246057.02882788,29616.6640361833,25580.5272057658)
(9240064.50921979,28207.4273051987,54993.192153371)
(9226230.25322672,25225.5079848376,92888.1217698315)
(9200366.92222075,20333.1426336779,145806.52531872)
(9154263.23117808,13435.4790740682,223321.99879447)
(9072186.65670078,5211.99788385394,340095.776804338)
(8921671.08631752,-2140.23334389299,522365.02925408)
(8624219.02995836,-5373.06598636961,838392.815167829)
(7953016.22375648,-4448.8543207379,1546135.91480087)
(6130137.55736294,-2183.99905117997,3796140.60443516)
(0,0,0)
(0,0,0)
(0,0,0)
(0,0,0)
(0,0,0)
(0,0,0)
(9239942.12937045,63152.396137867,24186.9224684628)
(9233940.37167518,60498.6169828302,52008.7596267543)
(9219990.76909692,54777.8989877649,88050.9930271088)
(9193626.16206145,45246.5612595024,138990.313337873)
(9146234.63702909,31330.7678110601,215141.553197549)
(9061844.38507498,13814.1647071627,332708.125098767)
(8909012.39646541,-2887.62983715406,519061.691900512)
(8612798.96095448,-9979.65900465428,839191.435623815)
(7945909.99931202,-7464.30666464747,1548240.41952652)
(6127018.45199551,-3202.42823366388,3798156.20366509)
(0,0,0)
(0,0,0)
(0,0,0)
(0,0,0)
(0,0,0)
(0,0,0)
(9226001.91312666,105022.149935139,21543.1260477317)
(9219982.19326103,101452.405765084,46348.5126673048)
(9205785.97210285,93702.2626301638,78664.3184780525)
(9178293.9911864,80501.122140636,125260.567718638)
(9127601.12263553,60311.3414595939,197746.354517806)
(9036315.77748333,32756.8587888254,316052.02767368)
(8874726.7859358,3502.19675223806,511886.468261476)
(8581305.65199101,-8896.22038358054,841530.071000238)
(7927585.16454464,-4333.89414021714,1552258.79905626)
(6119417.88531676,-304.510723003683,3801104.61944917)
(0,0,0)
(0,0,0)
(0,0,0)
(0,0,0)
(0,0,0)
(0,0,0)
(9200422.00000854,160623.683710326,18037.3644451231)
(9194392.87373511,156720.397536528,38690.1946304315)
(9179856.88343903,148214.423332775,65586.8642458907)
(9150571.19520677,133562.575949637,105186.96574305)
(9093820.95254709,110459.089779158,170293.824852725)
(8986930.14127813,76600.5916952643,286879.989482876)
(8798526.65394255,35526.2835712621,499437.764252565)
(8509703.66022733,15510.8087763635,845909.28595629)
(7890617.36059181,17167.6543162097,1556053.70473495)
(6105209.87078335,12150.3715446922,3801187.63901546)
(0,0,0)
(0,0,0)
(0,0,0)
(0,0,0)
(0,0,0)
(0,0,0)
(9155308.256651,237627.033422401,14193.9435687887)
(9149420.96191136,233977.203466808,30289.1556605461)
(9134791.88589754,226163.160612408,51087.5203037833)
(9103946.56131019,213014.736485834,82194.5089283955)
(9040304.47476179,192984.334643113,136543.056215837)
(8910040.64952369,165020.063579006,245876.15332378)
(8661497.32819426,132023.284397921,479405.442174958)
(8376939.31753271,103162.705054216,847479.697446643)
(7832677.93872365,75438.3587841186,1550903.70541958)
(6084081.94808381,40762.531094214,3788906.02375714)
(0,0,0)
(0,0,0)
(0,0,0)
(0,0,0)
(0,0,0)
(0,0,0)
(9074986.69084329,348740.312919089,10648.1717693388)
(9069524.28149465,345690.272105164,22627.8986035856)
(9055597.09896211,339349.014374714,38142.4575551107)
(9025318.80159938,328979.341310856,62307.9158274986)
(8960973.18572662,313380.97827478,108683.519270718)
(8827050.0508244,290761.161193106,212977.877956537)
(8575394.70828632,259467.030933882,450595.143261513)
(8303351.60517718,219437.115160507,819744.360026831)
(7783293.89486864,159838.934631873,1516151.87986679)
(6059853.04604884,84517.8417750048,3747986.47644719)
(0,0,0)
(0,0,0)
(0,0,0)
(0,0,0)
(0,0,0)
(0,0,0)
(8926072.19735537,520389.513320696,7731.21502216134)
(8921308.54123062,518002.49018398,16427.070221117)
(8908963.55682393,513220.70098642,27901.3848124648)
(8881495.02372559,505694.791545229,46788.7056990784)
(8821527.30250882,494590.185469397,86145.9518302558)
(8693491.8956469,477377.657225943,181753.4394943)
(8449466.12962157,447443.444428166,410567.153091824)
(8203904.26434383,394307.614732419,760099.981185076)
(7710107.10397066,288028.602009411,1440769.65389457)
(6018473.44237675,153995.764126178,3663354.38795713)
(0,0,0)
(0,0,0)
(0,0,0)
(0,0,0)
(0,0,0)
(0,0,0)
(8628338.14769928,824967.463562454,5495.2898502618)
(8624557.03114134,823028.887226791,11801.201213522)
(8614734.30052739,819194.758014611,20537.039868375)
(8592555.50582095,813324.922017456,35794.4981363076)
(8543158.52045819,804914.654874705,68993.9597183483)
(8434571.84891462,791491.022812311,151832.537510431)
(8221065.30550398,760710.576766016,357375.062656787)
(8060736.32369461,665341.80441886,653747.683756951)
(7562305.514221,509748.394351291,1306684.3781392)
(5922631.62893757,291618.722088854,3509320.87175667)
(0,0,0)
(0,0,0)
(0,0,0)
(0,0,0)
(0,0,0)
(0,0,0)
(7955365.26100102,1524604.63069075,3681.33175262732)
(7952814.52992216,1522744.61939111,8115.61077345056)
(7946268.18395153,1518819.73054773,14815.9295801272)
(7931781.24527121,1512050.91241857,27493.5078823158)
(7900881.88812831,1500140.37663129,55593.5163658962)
(7837990.67213808,1476620.52977432,120989.340982322)
(7724591.58739903,1423755.37873971,261860.438121666)
(7565025.37564882,1303379.29028717,498045.904606364)
(7114726.78280919,1090411.28095637,1088423.46547171)
(5631191.41861584,711055.092300501,3217609.17780174)
(0,0,0)
(0,0,0)
(0,0,0)
(0,0,0)
(0,0,0)
(0,0,0)
(6130977.10968203,3770776.62054181,1896.88175404237)
(6129707.40403203,3768838.65350095,4278.22841577424)
(6126499.43989537,3764478.50960178,8128.00056278222)
(6119548.2752752,3756349.85672538,15662.6276317871)
(6105190.35011239,3740732.07583726,32079.7019731185)
(6076925.61629779,3708762.05409642,68021.6024928398)
(6024559.76378276,3640911.99386176,141282.644427281)
(5924168.94106394,3499870.03365226,284942.221751001)
(5631459.40917443,3215089.12268676,708914.026752564)
(4578851.57654093,2506330.44933315,2506429.21435085)
(0,0,0)
(0,0,0)
(0,0,0)
(0,0,0)
(0,0,0)
(0,0,0)
(0,0,0)
(0,0,0)
(0,0,0)
(0,0,0)
(0,0,0)
(0,0,0)
(0,0,0)
(0,0,0)
(0,0,0)
(0,0,0)
(0,0,0)
(0,0,0)
(0,0,0)
(0,0,0)
(0,0,0)
(0,0,0)
(0,0,0)
(0,0,0)
(0,0,0)
(0,0,0)
(0,0,0)
(0,0,0)
(0,0,0)
(0,0,0)
(0,0,0)
(0,0,0)
(0,0,0)
(0,0,0)
(0,0,0)
(0,0,0)
(0,0,0)
(0,0,0)
(0,0,0)
(0,0,0)
(0,0,0)
(0,0,0)
(0,0,0)
(0,0,0)
(0,0,0)
(0,0,0)
(0,0,0)
(0,0,0)
(0,0,0)
(0,0,0)
(0,0,0)
(0,0,0)
(0,0,0)
(0,0,0)
(0,0,0)
(0,0,0)
(0,0,0)
(0,0,0)
(0,0,0)
(0,0,0)
(0,0,0)
(0,0,0)
(0,0,0)
(0,0,0)
(0,0,0)
(0,0,0)
(0,0,0)
(0,0,0)
(0,0,0)
(0,0,0)
(0,0,0)
(0,0,0)
(0,0,0)
(0,0,0)
(0,0,0)
(0,0,0)
(0,0,0)
(0,0,0)
(0,0,0)
(0,0,0)
(0,0,0)
(0,0,0)
(0,0,0)
(0,0,0)
(0,0,0)
(0,0,0)
(0,0,0)
(0,0,0)
(0,0,0)
(0,0,0)
(0,0,0)
(0,0,0)
(0,0,0)
(0,0,0)
(0,0,0)
(0,0,0)
(0,0,0)
(0,0,0)
(0,0,0)
(0,0,0)
(0,0,0)
(0,0,0)
(-160619.83423076,23476.6201576611,19530.9411002351)
(-167233.212859966,22054.6814547552,41104.6799244116)
(-182206.243605107,18919.5526918389,66952.3222637233)
(-209558.37484141,13558.4807541954,99649.8367709582)
(-256437.977819278,5427.11475508629,141254.629212455)
(-334692.688102663,-5092.63627075966,189557.308486025)
(-462604.614371324,-14750.471120612,224914.178494766)
(-665062.16155314,-16754.5261840668,167280.594389573)
(-955342.217833121,-11516.7649379053,-276513.500883745)
(-1171288.87133689,-5282.94185119725,-2333473.43213331)
(0,0,0)
(0,0,0)
(0,0,0)
(0,0,0)
(0,0,0)
(0,0,0)
(-167567.226751037,49195.0135997653,18121.6608785977)
(-174063.572535567,46519.8040782605,37991.180665037)
(-188889.650167367,40503.3463727494,61618.5044476874)
(-216288.123153573,29857.3439995429,91564.6246166266)
(-263908.059990906,12696.8583912107,130768.276199728)
(-344306.377418544,-11721.4271040425,179878.527725709)
(-475234.293824286,-37155.7940871857,222861.239181178)
(-675740.773521366,-41424.7299324803,172401.875604635)
(-960717.177951839,-25735.7730594403,-270421.240810558)
(-1173209.30071699,-10787.9766580063,-2328357.75509195)
(0,0,0)
(0,0,0)
(0,0,0)
(0,0,0)
(0,0,0)
(0,0,0)
(-183259.83072073,79319.5505964505,15467.9050500035)
(-189529.335434908,75769.3024056419,32060.6336177893)
(-204080.038522257,67682.2986323129,51078.390182487)
(-231722.216621552,52723.9425194934,74558.6976696755)
(-281806.231490109,26525.5603682791,106468.048017464)
(-370471.058939548,-16625.2607615922,154489.416297103)
(-517438.99196009,-72698.273251418,218528.371556423)
(-712689.153395628,-80488.2109858396,187917.356195529)
(-976942.495069611,-41273.5908483434,-255686.468201992)
(-1178421.35099449,-14497.9742681241,-2317806.53608141)
(0,0,0)
(0,0,0)
(0,0,0)
(0,0,0)
(0,0,0)
(0,0,0)
(-211309.409110602,115395.038157873,11986.6197569657)
(-217249.249053612,111652.251717351,24076.4914331746)
(-231386.971659963,103104.401900726,36228.9414629881)
(-259601.890950225,86983.6952790147,48472.9730596786)
(-315277.971227771,57015.5226284669,63412.6327735293)
(-428202.041553021,-232.282550202649,98482.5355924919)
(-648575.82740949,-101465.666339825,210683.108232143)
(-833512.185484301,-117236.143111236,226977.584268438)
(-1017519.55841341,-40744.4664000574,-229083.92297532)
(-1189580.36484608,-8956.25664937573,-2303504.70676549)
(0,0,0)
(0,0,0)
(0,0,0)
(0,0,0)
(0,0,0)
(0,0,0)
(-258485.172327421,157224.516781415,8294.64855413161)
(-263928.835635683,154005.558246251,15621.8377715355)
(-277293.879639466,146917.638130683,20225.0652777336)
(-305520.538906966,134399.146177256,18607.4127959142)
(-367748.444162861,113694.148004788,6312.40454341238)
(-526942.482344443,82034.8715632764,-2640.91950272466)
(-1047125.31465549,45953.0105800944,194893.744626293)
(-1242108.97587536,29628.8832998052,303407.709822531)
(-1097049.62873303,26101.1199623203,-197379.610883862)
(-1207828.9560764,16555.641080347,-2294649.906254)
(0,0,0)
(0,0,0)
(0,0,0)
(0,0,0)
(0,0,0)
(0,0,0)
(-336290.180386918,199690.347885541,5141.73832534668)
(-341039.331749082,197398.416967859,8643.19104666847)
(-353013.5857345,192677.529686453,7824.68238675826)
(-379249.679255239,185146.61824334,-2023.61062558063)
(-439724.910711294,173960.670169902,-25261.3381535697)
(-598461.725103142,157271.018208035,-38655.010671511)
(-1093246.07769345,133642.51887095,178626.965216602)
(-1272033.24312723,120074.556347921,299896.838672183)
(-1134110.33379381,86706.2335507675,-206973.348054626)
(-1226070.69100463,43175.0104757959,-2311338.28219725)
(0,0,0)
(0,0,0)
(0,0,0)
(0,0,0)
(0,0,0)
(0,0,0)
(-463457.032072187,222630.20227928,2920.07323302584)
(-467367.535000724,221303.768513756,4021.496117685)
(-477436.541002034,219052.964275681,376.857553508844)
(-500287.007331614,216816.637669237,-13180.4326159501)
(-555789.83226245,216317.649669306,-41889.5791448673)
(-711191.585148609,218613.24743375,-62217.6293757613)
(-1227089.97219225,219203.439498875,165108.250009438)
(-1392396.22694622,251302.900411352,266511.095435262)
(-1190161.38025426,140367.55119051,-250551.039780142)
(-1256204.82184337,58236.7917854581,-2354603.85867061)
(0,0,0)
(0,0,0)
(0,0,0)
(0,0,0)
(0,0,0)
(0,0,0)
(-666479.005346836,152097.805399072,1680.248125529)
(-669455.43272694,151428.41419839,1898.76450839274)
(-677130.907605159,150854.356204697,-1706.72108885406)
(-695033.077107333,152638.160560841,-13608.962852979)
(-740952.50122626,162722.520579528,-39572.1138793772)
(-883480.781561447,195041.603206998,-61617.1409774231)
(-1446562.38409131,264396.963710883,197147.722605153)
(-1179802.56832296,169830.172532328,155490.040701033)
(-1235094.4443312,62328.143167216,-332739.894524127)
(-1302940.10796432,260.366556670144,-2412861.03419416)
(0,0,0)
(0,0,0)
(0,0,0)
(0,0,0)
(0,0,0)
(0,0,0)
(-957751.530241612,-299558.083169558,1103.37801044758)
(-959697.585232632,-300116.9385683,1491.54413108788)
(-964599.881158551,-300719.96023977,264.623884884466)
(-975582.58199982,-299985.772298394,-3416.91778557685)
(-1000866.03953886,-295363.116653661,-7252.65468595033)
(-1061313.14966417,-284232.197671474,7655.66619398224)
(-1193367.64886797,-276045.901008923,102388.465379973)
(-1237061.20678295,-337231.793950703,47867.7124939318)
(-1351168.53054015,-392661.283463654,-394916.849326608)
(-1372752.28210327,-341181.237459179,-2413200.84639242)
(0,0,0)
(0,0,0)
(0,0,0)
(0,0,0)
(0,0,0)
(0,0,0)
(-1173178.52159943,-2359678.64300204,606.889313223799)
(-1174130.93594025,-2360356.83973525,1015.82865164711)
(-1176474.71901436,-2361528.10116111,1128.82668197869)
(-1181540.09601613,-2362728.00456539,1290.12843940371)
(-1192400.37081501,-2363987.08188498,3835.51279736328)
(-1215174.65315858,-2367662.59110948,15696.8738909514)
(-1257270.66072362,-2383137.72792996,40949.8235176388)
(-1304256.25328966,-2423802.2094697,-7723.86841063511)
(-1373112.73219631,-2415912.9601078,-343569.352196549)
(-1325220.61752672,-2072219.42386308,-2072128.27352571)
(0,0,0)
(0,0,0)
(0,0,0)
(0,0,0)
(0,0,0)
(0,0,0)
(0,0,0)
(0,0,0)
(0,0,0)
(0,0,0)
(0,0,0)
(0,0,0)
(0,0,0)
(0,0,0)
(0,0,0)
(0,0,0)
(0,0,0)
(0,0,0)
(0,0,0)
(0,0,0)
(0,0,0)
(0,0,0)
(0,0,0)
(0,0,0)
(0,0,0)
(0,0,0)
(0,0,0)
(0,0,0)
(0,0,0)
(0,0,0)
(0,0,0)
(0,0,0)
(0,0,0)
(0,0,0)
(0,0,0)
(0,0,0)
(0,0,0)
(0,0,0)
(0,0,0)
(0,0,0)
(0,0,0)
(0,0,0)
(0,0,0)
(0,0,0)
(0,0,0)
(0,0,0)
(0,0,0)
(0,0,0)
(0,0,0)
(0,0,0)
(0,0,0)
(0,0,0)
(0,0,0)
(0,0,0)
(0,0,0)
(0,0,0)
(0,0,0)
(0,0,0)
(0,0,0)
(0,0,0)
(0,0,0)
(0,0,0)
(0,0,0)
(0,0,0)
(0,0,0)
(0,0,0)
(0,0,0)
(0,0,0)
(0,0,0)
(0,0,0)
(0,0,0)
(0,0,0)
(0,0,0)
(0,0,0)
(0,0,0)
(0,0,0)
(0,0,0)
(0,0,0)
(0,0,0)
(0,0,0)
(0,0,0)
(0,0,0)
(0,0,0)
(0,0,0)
(0,0,0)
(0,0,0)
(0,0,0)
(0,0,0)
(0,0,0)
(0,0,0)
(0,0,0)
(0,0,0)
(0,0,0)
(0,0,0)
(0,0,0)
(0,0,0)
(0,0,0)
(0,0,0)
(0,0,0)
(0,0,0)
(0,0,0)
(0,0,0)
(-189843.504370425,16390.481303576,12833.1888360892)
(-195482.290762085,15072.149796828,26010.1169413846)
(-207861.282463963,12105.274311199,39559.8814890432)
(-229552.521071633,6741.1327760234,52812.8949432389)
(-264625.312930707,-2074.80980916833,63075.0398638379)
(-318576.371632775,-14702.386081876,61661.1094758288)
(-396107.541376624,-27348.890369478,22512.9268506088)
(-492227.476713666,-27396.2473697107,-122925.510619162)
(-569095.791170728,-16851.4230638597,-492320.514217669)
(-494603.036633439,-7158.28814310015,-1161848.060778)
(0,0,0)
(0,0,0)
(0,0,0)
(0,0,0)
(0,0,0)
(0,0,0)
(-196118.693014452,33405.4022497388,11536.5453172512)
(-201456.401138901,30941.0607735576,23060.4629438564)
(-213161.698724121,25224.639790893,34213.146020919)
(-233707.694054611,14353.9191144053,44019.930583571)
(-267209.632012398,-5221.8681616425,50468.5609575411)
(-319648.375577,-37895.8782903605,49004.0513244895)
(-396699.664532245,-79321.1435784487,22441.6752414251)
(-489922.94372789,-78321.1579512972,-112451.243970462)
(-565358.531240012,-41923.7471447828,-482737.566601362)
(-492314.034625035,-15972.9549384219,-1154818.16589804)
(0,0,0)
(0,0,0)
(0,0,0)
(0,0,0)
(0,0,0)
(0,0,0)
(-210083.890276927,51109.1989795635,9120.26282637596)
(-214798.00497839,47914.8241074421,17415.1690359693)
(-225138.794100701,40295.8289751792,23402.7354301265)
(-243306.425196853,24815.4363551536,24525.4267646832)
(-273476.276835855,-6905.42172411131,17879.0256728967)
(-323809.579922635,-74298.6814288697,7620.34979448017)
(-408776.712109367,-203786.892421254,23423.8187865643)
(-490135.597496155,-201282.195822752,-76168.6992414645)
(-556243.982664939,-81831.8510250967,-456959.107765808)
(-486677.957123203,-25626.6013525661,-1139048.85522295)
(0,0,0)
(0,0,0)
(0,0,0)
(0,0,0)
(0,0,0)
(0,0,0)
(-234239.429585277,68078.4388515963,5960.78060264907)
(-238078.657055277,64863.4202690272,9841.59244273413)
(-246415.92205138,57179.3627105848,7987.0090987478)
(-260775.150688667,41108.5650077068,-7132.85981536359)
(-284481.193719063,4611.51050379572,-49446.5695519759)
(-331238.212140643,-98901.2341916008,-121807.846201623)
(-500109.575419037,-499962.436203427,25901.4455900912)
(-526259.757725348,-525820.289964159,43187.1119725486)
(-535002.753128168,-120274.259638835,-400887.284698961)
(-475288.754683513,-27190.672027913,-1113614.8241862)
(0,0,0)
(0,0,0)
(0,0,0)
(0,0,0)
(0,0,0)
(0,0,0)
(-272512.760978245,79344.8339029395,2761.1935994792)
(-275327.716904563,76851.5103240473,2171.98481333782)
(-281150.498416668,71226.1529305883,-8018.18662946247)
(-289610.33243009,60742.0644303892,-43561.8925290177)
(-295695.500977569,41824.0894877336,-152827.41469825)
(-266560.629133225,10632.4516384451,-522742.953739522)
(7.74811330071715e-05,1.90568199148514e-05,-4.90242890917693e-05)
(-764.120800799739,-221.943272083747,448722.997380898)
(-449844.577174585,-10912.7757557151,-307843.538060683)
(-454727.180264519,-1644.45723097524,-1086491.52866953)
(0,0,0)
(0,0,0)
(0,0,0)
(0,0,0)
(0,0,0)
(0,0,0)
(-329723.264468273,72491.6969122624,286.221072034156)
(-331571.715948037,71091.4861531326,-3421.37055810051)
(-335088.037842891,68319.8294824634,-18440.595001582)
(-338707.609522259,64214.4583722408,-62455.0586764144)
(-334418.3996235,58035.8415636386,-183973.321840125)
(-283179.503578191,44724.6063064277,-533347.698033059)
(7.04602598830353e-05,2.61212568792664e-05,-3.94749644258762e-05)
(-556.378401828649,-183.153916537638,438086.550774925)
(-439056.253656954,30733.8158677441,-298614.120985379)
(-454516.586795702,13109.954425342,-1084922.63685056)
(0,0,0)
(0,0,0)
(0,0,0)
(0,0,0)
(0,0,0)
(0,0,0)
(-409565.619575702,19695.2456549374,-1094.96123915426)
(-410622.054762269,19388.7073897345,-6137.66271422173)
(-412280.380589159,19540.221281566,-22514.2149261869)
(-412225.282217788,22279.9221615851,-68641.40382935)
(-400536.917313597,31394.5179016511,-197252.995116217)
(-332287.452391096,46617.6261913404,-578050.147758641)
(0.000194020786606692,-7.15818935319979e-05,-5.3791377662457e-05)
(-437.184756637552,464137.312114232,468988.524359728)
(-469741.368796118,95616.8136759271,-316314.484906592)
(-472916.445759307,11617.0535620509,-1098109.96012736)
(0,0,0)
(0,0,0)
(0,0,0)
(0,0,0)
(0,0,0)
(0,0,0)
(-506489.821813948,-138951.057241613,-1342.88063634566)
(-507021.100959753,-138531.470284949,-5857.03472885473)
(-507450.448650102,-136335.83548952,-19661.4369128324)
(-505295.927903307,-127626.733968555,-59491.9299867244)
(-490093.10619794,-96913.7776442842,-182043.02946912)
(-411727.761753806,17488.2551956495,-624666.678281068)
(-649.85320382838,517899.625939892,464008.808474053)
(-464910.601876276,112865.531189389,100388.622952201)
(-585165.490019941,-53540.9096396511,-400382.608043475)
(-512540.089861481,-69428.1236756321,-1109737.44890863)
(0,0,0)
(0,0,0)
(0,0,0)
(0,0,0)
(0,0,0)
(0,0,0)
(-581156.421282412,-514675.938622227,-870.227578576324)
(-581399.954434703,-514201.736120993,-3497.59254045771)
(-581401.678619673,-512230.561975625,-10801.0685932026)
(-579741.924646837,-505573.855537301,-28694.604377438)
(-572282.579803789,-486548.75105931,-67643.0906974716)
(-549319.161192728,-437787.607966722,-124361.216006547)
(-518903.654514727,-339660.397684802,58734.8132649073)
(-595175.599979854,-404151.597045022,-66133.6653037746)
(-640118.935772694,-414381.407527983,-416342.762182887)
(-524662.393350277,-293521.271571656,-1040339.50303986)
(0,0,0)
(0,0,0)
(0,0,0)
(0,0,0)
(0,0,0)
(0,0,0)
(-501405.708409244,-1186096.02280228,-352.72901012379)
(-501507.599717431,-1185798.14344498,-1379.65790894363)
(-501487.905426865,-1184592.56912562,-4004.46434643741)
(-500820.50756852,-1180709.8498415,-9588.05848982741)
(-498473.401584031,-1171137.092191,-18926.686589113)
(-493442.741484256,-1152075.54096699,-26370.66526318)
(-491773.568408624,-1125524.31479012,-6003.84047283128)
(-518641.852344578,-1119247.36807,-76522.4703929179)
(-525926.644701576,-1042529.09150743,-295560.873908193)
(-420614.846190323,-746860.144219845,-746827.772596402)
(0,0,0)
(0,0,0)
(0,0,0)
(0,0,0)
(0,0,0)
(0,0,0)
(0,0,0)
(0,0,0)
(0,0,0)
(0,0,0)
(0,0,0)
(0,0,0)
(0,0,0)
(0,0,0)
(0,0,0)
(0,0,0)
(0,0,0)
(0,0,0)
(0,0,0)
(0,0,0)
(0,0,0)
(0,0,0)
(0,0,0)
(0,0,0)
(0,0,0)
(0,0,0)
(0,0,0)
(0,0,0)
(0,0,0)
(0,0,0)
(0,0,0)
(0,0,0)
(0,0,0)
(0,0,0)
(0,0,0)
(0,0,0)
(0,0,0)
(0,0,0)
(0,0,0)
(0,0,0)
(0,0,0)
(0,0,0)
(0,0,0)
(0,0,0)
(0,0,0)
(0,0,0)
(0,0,0)
(0,0,0)
(0,0,0)
(0,0,0)
(0,0,0)
(0,0,0)
(0,0,0)
(0,0,0)
(0,0,0)
(0,0,0)
(0,0,0)
(0,0,0)
(0,0,0)
(0,0,0)
(0,0,0)
(0,0,0)
(0,0,0)
(0,0,0)
(0,0,0)
(0,0,0)
(0,0,0)
(0,0,0)
(0,0,0)
(0,0,0)
(0,0,0)
(0,0,0)
(0,0,0)
(0,0,0)
(0,0,0)
(0,0,0)
(0,0,0)
(0,0,0)
(0,0,0)
(0,0,0)
(0,0,0)
(0,0,0)
(0,0,0)
(0,0,0)
(0,0,0)
(0,0,0)
(0,0,0)
(0,0,0)
(0,0,0)
(0,0,0)
(0,0,0)
(0,0,0)
(0,0,0)
(0,0,0)
(0,0,0)
(0,0,0)
(0,0,0)
(0,0,0)
(0,0,0)
(0,0,0)
(0,0,0)
(0,0,0)
(-206932.730757227,9937.14465740283,7152.08172940027)
(-210799.565793893,8929.86996159294,13539.4867996154)
(-218867.297148104,6678.57862422476,17866.9228595296)
(-232000.752653245,2470.76994929188,17844.3844918518)
(-251338.380021794,-4748.97911606799,9306.43069900093)
(-277773.566136788,-15799.4587304304,-15696.9160665565)
(-310409.000797136,-27946.4958165118,-73448.9608295366)
(-340897.128513549,-25077.4153912506,-199701.8936384)
(-337969.398718402,-13110.038253693,-417718.247837037)
(-240389.897794394,-4861.44535242281,-667069.941323611)
(0,0,0)
(0,0,0)
(0,0,0)
(0,0,0)
(0,0,0)
(0,0,0)
(-211683.866680642,19321.2066617033,6181.11166188615)
(-215084.716276629,17451.1853650082,11288.111396196)
(-222009.39506503,13134.8439733151,13679.5423880141)
(-232858.613595173,4656.87057309532,10644.361304777)
(-247980.232967665,-11561.0268737288,-1772.98998229928)
(-267287.735329988,-42071.6479681104,-27861.4409916339)
(-290550.332960921,-91367.0963511873,-70590.1720282857)
(-319328.568087373,-78502.8579144582,-187759.105145591)
(-323846.095805641,-32824.7070557121,-409556.871777943)
(-234041.207076649,-10347.5132076814,-662343.631471054)
(0,0,0)
(0,0,0)
(0,0,0)
(0,0,0)
(0,0,0)
(0,0,0)
(-222038.754218716,26874.9345594176,4401.1360440724)
(-224519.915147356,24539.7845634107,7034.44701463996)
(-229191.024772163,18977.2188961977,5244.30276322186)
(-235272.193644751,7401.83634412169,-5534.89455990394)
(-240513.886638663,-17786.5225666486,-32271.7890641762)
(-239411.054766516,-81612.0808777453,-77129.8813106519)
(-224482.463254269,-295072.018741703,-57719.2077752333)
(-246831.853937147,-237387.552224704,-142138.257023998)
(-283362.977982653,-60608.9612663768,-387235.007495636)
(-217814.324204919,-14242.1460002981,-652204.00762132)
(0,0,0)
(0,0,0)
(0,0,0)
(0,0,0)
(0,0,0)
(0,0,0)
(-239286.396266704,29828.8964486249,2093.00479221969)
(-240543.540147279,27627.4507420248,1470.22170560295)
(-242137.782821222,22504.3006665598,-6334.99929491331)
(-241379.569980799,12385.8176570249,-30714.5613156863)
(-230432.818487483,-6492.72730856775,-96056.7318053557)
(-184234.926857237,-34180.3755386229,-290491.722427885)
(3.73647644669336e-05,1.53487137762812e-06,-1.53011029245502e-05)
(-260.106705418875,-383.833846277757,34642.4841596663)
(-184853.223083389,-35148.6970439704,-340967.310107512)
(-185709.225320043,-6638.08942684951,-638150.896044462)
(0,0,0)
(0,0,0)
(0,0,0)
(0,0,0)
(0,0,0)
(0,0,0)
(-264764.184880533,22188.5452331352,-108.224882219109)
(-264767.275472697,20665.4485121492,-3706.66408421346)
(-263260.471643219,17394.1621567048,-16486.5523478084)
(-255894.459028317,11762.3336877207,-49578.9417802792)
(-231362.073007139,3203.69157112014,-123608.788630389)
(-162362.618021085,-5917.33491965648,-256069.840361483)
(-4.96023364901628e-06,2.71526027894355e-06,8.71671705199549e-05)
(8.58365492522385e-05,5.90805353558617e-06,-3.30283379539811e-06)
(-249.293374018846,-114.879057417991,-312453.882783723)
(-140856.535513465,-1412.75518566448,-631549.861775932)
(0,0,0)
(0,0,0)
(0,0,0)
(0,0,0)
(0,0,0)
(0,0,0)
(-298660.041594379,-7238.06377216371,-1636.61386859578)
(-297679.466803948,-7841.87162440637,-7021.54287612941)
(-293833.508027369,-8732.40727239777,-22149.5032625484)
(-281791.852421222,-9133.71079812611,-58169.21587774)
(-248786.321569749,-7908.74198744542,-132688.860372917)
(-167483.058721899,-4231.3782272556,-250071.261921598)
(7.33786693410437e-07,7.76819877408355e-06,7.06675515930234e-05)
(6.37522510926651e-05,1.71548714398894e-05,-3.91232265535583e-06)
(-376.99749098277,123.063634242096,-313756.019912369)
(-134315.538339923,-5228.68515073899,-630141.138403084)
(0,0,0)
(0,0,0)
(0,0,0)
(0,0,0)
(0,0,0)
(0,0,0)
(-337514.251086885,-77083.6593841903,-2205.77287678988)
(-335977.618374183,-76829.0205628751,-7863.0603263983)
(-330859.292149604,-75441.2243219215,-22575.3317164356)
(-316359.234725523,-70566.6604572147,-57008.4295496096)
(-278526.417612853,-57903.0625550103,-129024.608682791)
(-187186.31148358,-32491.3415302015,-245865.78628737)
(1.00546928395229e-05,0.000113601771496517,8.41031831444506e-05)
(0.000109758303455844,-4.4449593202105e-06,-3.58305386842365e-06)
(-503.784843818976,-19590.6119262774,-319181.699191595)
(-144513.33993057,-27889.1281136893,-624924.362057364)
(0,0,0)
(0,0,0)
(0,0,0)
(0,0,0)
(0,0,0)
(0,0,0)
(-368270.51926285,-213429.67346014,-1873.28847515464)
(-366674.859117582,-212703.421604947,-6345.12927525842)
(-361537.079884266,-210058.50545812,-17641.2169048921)
(-347339.339734173,-201810.481857957,-44353.9836732816)
(-309868.007631048,-178809.809032029,-103672.335763148)
(-214528.097403366,-119792.467536216,-213570.874107575)
(0.000131690475527665,-6.69369513481356e-06,-5.91903885716946e-06)
(-333.402474618419,-17131.6671431029,-19593.2613132523)
(-188489.162851687,-108331.824484184,-327528.3759236)
(-189475.911976931,-81468.0979420329,-597013.583979823)
(0,0,0)
(0,0,0)
(0,0,0)
(0,0,0)
(0,0,0)
(0,0,0)
(-358803.70741792,-434683.797430735,-1098.58989389464)
(-357579.95036158,-434070.488384942,-3551.52718701996)
(-353703.702166261,-432034.694462394,-9273.3146361596)
(-343213.901860627,-426307.9128933,-21303.9063870304)
(-315350.338659867,-412367.972236313,-44677.9843266655)
(-238286.453309764,-381588.557398813,-93914.6023470294)
(-318.382654209821,-312253.603722713,-17438.3560173632)
(-191398.872542843,-327423.594602548,-110923.155994941)
(-258585.490395811,-300058.969724308,-300729.456131703)
(-201890.030783546,-189408.938102918,-515560.978537548)
(0,0,0)
(0,0,0)
(0,0,0)
(0,0,0)
(0,0,0)
(0,0,0)
(-251289.446207585,-684366.923525114,-433.13610727598)
(-250668.304512358,-683974.392729583,-1368.52696772375)
(-248734.181002718,-682749.094675906,-3407.85117837377)
(-243784.568870625,-679461.570101345,-7290.13266823271)
(-231975.623850378,-672238.536704179,-13917.3459340158)
(-205997.503928372,-658264.639059644,-24686.5018290746)
(-162423.231037739,-633459.803315929,-32830.639606757)
(-194776.791017344,-600392.675245258,-83726.6202912782)
(-203122.031395559,-516450.159443332,-190140.043878283)
(-147802.630130442,-326212.48118877,-326148.716852323)
(0,0,0)
(0,0,0)
(0,0,0)
(0,0,0)
(0,0,0)
(0,0,0)
(0,0,0)
(0,0,0)
(0,0,0)
(0,0,0)
(0,0,0)
(0,0,0)
(0,0,0)
(0,0,0)
(0,0,0)
(0,0,0)
(0,0,0)
(0,0,0)
(0,0,0)
(0,0,0)
(0,0,0)
(0,0,0)
(0,0,0)
(0,0,0)
(0,0,0)
(0,0,0)
(0,0,0)
(0,0,0)
(0,0,0)
(0,0,0)
(0,0,0)
(0,0,0)
(0,0,0)
(0,0,0)
(0,0,0)
(0,0,0)
(0,0,0)
(0,0,0)
(0,0,0)
(0,0,0)
(0,0,0)
(0,0,0)
(0,0,0)
(0,0,0)
(0,0,0)
(0,0,0)
(0,0,0)
(0,0,0)
(0,0,0)
(0,0,0)
(0,0,0)
(0,0,0)
(0,0,0)
(0,0,0)
(0,0,0)
(0,0,0)
(0,0,0)
(0,0,0)
(0,0,0)
(0,0,0)
(0,0,0)
(0,0,0)
(0,0,0)
(0,0,0)
(0,0,0)
(0,0,0)
(0,0,0)
(0,0,0)
(0,0,0)
(0,0,0)
(0,0,0)
(0,0,0)
(0,0,0)
(0,0,0)
(0,0,0)
(0,0,0)
(0,0,0)
(0,0,0)
(0,0,0)
(0,0,0)
(0,0,0)
(0,0,0)
(0,0,0)
(0,0,0)
(0,0,0)
(0,0,0)
(0,0,0)
(0,0,0)
(0,0,0)
(0,0,0)
(0,0,0)
(0,0,0)
(0,0,0)
(0,0,0)
(0,0,0)
(0,0,0)
(0,0,0)
(0,0,0)
(0,0,0)
(0,0,0)
(0,0,0)
(0,0,0)
(-215352.452830723,5076.03401288116,3343.68806062198)
(-217487.314927337,4543.66825173309,5487.76894233425)
(-221592.073385993,3447.02970561689,4765.51547460572)
(-227361.774812273,1545.02357558371,-1418.48594195006)
(-234305.558410958,-1416.73961476581,-17034.5679380237)
(-241384.334709641,-5282.27992165061,-48141.519443518)
(-246709.367103185,-8067.96391316337,-103773.189224309)
(-244516.219447723,-3482.95444334025,-196671.143846803)
(-215712.212905361,1050.14428349104,-319978.473943315)
(-135392.986635709,1506.96883876539,-426482.3539408)
(0,0,0)
(0,0,0)
(0,0,0)
(0,0,0)
(0,0,0)
(0,0,0)
(-218409.449209445,8922.74723191476,2878.86930977346)
(-220042.010575196,7960.24183626432,4419.59002381042)
(-222941.942735314,5906.93884306564,2892.22855664601)
(-226295.781871376,2226.59451959837,-4352.17411116895)
(-228734.705432661,-4102.29351140687,-20912.1477495299)
(-228398.744869927,-14166.0171710925,-50917.4009601513)
(-225126.268478728,-25234.6204274824,-99174.8089280166)
(-223935.915828633,-5930.44309060303,-192119.972539493)
(-203079.876637585,7704.00782914569,-319540.055253201)
(-129901.562098974,5895.41592794401,-428068.147320054)
(0,0,0)
(0,0,0)
(0,0,0)
(0,0,0)
(0,0,0)
(0,0,0)
(-224825.424318259,9697.32103260221,2012.0962988602)
(-225532.974279273,8562.78025717382,2422.61700986824)
(-226133.447988987,6059.86499005082,-787.88592029189)
(-224544.989513626,1380.99383301821,-10669.4893648432)
(-216740.760607898,-7582.28017294976,-30962.6287340656)
(-196286.944095844,-26315.9971248833,-61936.7594509508)
(-161333.715389009,-70476.2521027986,-79843.8756408932)
(-163370.547554374,9259.29243492817,-178494.917549194)
(-170650.436384383,37942.8999700341,-321446.351288359)
(-117135.319124176,17886.2628626953,-434116.20330383)
(0,0,0)
(0,0,0)
(0,0,0)
(0,0,0)
(0,0,0)
(0,0,0)
(-234960.082884144,4481.0985992005,889.909050839586)
(-234484.377000198,3492.43156832873,-98.9054073951329)
(-232074.801719631,1433.12381840862,-5535.14533734656)
(-223797.157008585,-2067.26201508663,-19669.3024614532)
(-200673.426281628,-7348.87784409441,-49662.0969961609)
(-141992.339714199,-12249.4169703858,-105971.264293695)
(3.15149731320397e-05,1.50542255457412e-06,7.11390412754159e-06)
(-104.618717407772,-193.368914000242,-149748.402827561)
(-104507.286588826,149424.867030804,-341576.306382897)
(-95440.9413306782,38199.4972828482,-452157.82479242)
(0,0,0)
(0,0,0)
(0,0,0)
(0,0,0)
(0,0,0)
(0,0,0)
(-248532.186959398,-11647.747425703,-103.151896227734)
(-246941.381557173,-12206.8184530689,-2229.79579035333)
(-241793.005746245,-13129.902739851,-9134.23512906786)
(-228007.993080929,-14095.9470955837,-24992.0159959594)
(-195052.943455824,-14180.6534955034,-54469.3698958658)
(-124572.628025068,-10992.8224997144,-93515.9543625545)
(-4.70568088427314e-06,8.40941145220404e-07,2.48988219291785e-06)
(7.53400711162929e-05,-6.59957323210922e-07,1.44641735913435e-05)
(-11.828578597993,-272.515456822825,-452827.330180909)
(-70175.3937686061,5115.71563888963,-490424.690281802)
(0,0,0)
(0,0,0)
(0,0,0)
(0,0,0)
(0,0,0)
(0,0,0)
(-263639.329859786,-45993.9477838915,-674.511376404615)
(-261291.873070083,-46033.1451304673,-3235.77843287313)
(-254393.067155341,-45615.1965245569,-10190.925520199)
(-237389.955209093,-43537.8484975956,-25150.9213303156)
(-199369.958708252,-37489.1398578625,-51258.7978294542)
(-123465.243716952,-23823.62139182,-82445.8139422975)
(1.19548357170843e-07,3.48315813199723e-06,-7.54909723649218e-12)
(5.3040839704048e-05,-6.53483406408023e-07,1.07049299227172e-05)
(-22.5256930100797,55.194908941851,-447420.92419505)
(-65714.7448669354,-15365.0332327695,-495540.968796362)
(0,0,0)
(0,0,0)
(0,0,0)
(0,0,0)
(0,0,0)
(0,0,0)
(-275114.152021054,-107709.162572018,-684.884277712839)
(-272536.001302275,-107357.789489379,-2801.85699071509)
(-265191.681205461,-105910.78579685,-8173.87866256564)
(-247569.048397081,-101311.572471993,-19190.3410166123)
(-208590.745526836,-89013.210769336,-37601.9421911583)
(-130309.986097244,-59664.3171192418,-58637.5718500733)
(7.54482481723619e-06,7.66879030915304e-06,-8.91726255864011e-12)
(9.20988381434676e-05,2.14240837096049e-06,1.48635646177466e-05)
(-110.656570186279,-207368.01282594,-462904.276500429)
(-69889.3778831087,-72721.8519834284,-480171.419797257)
(0,0,0)
(0,0,0)
(0,0,0)
(0,0,0)
(0,0,0)
(0,0,0)
(-271972.327890616,-203737.356328266,-269.997615984871)
(-269679.731143601,-203356.129896123,-1266.78518322041)
(-263232.755621081,-201926.403273556,-3555.4919697039)
(-247929.145975376,-197354.539271731,-6922.7189287608)
(-213579.962413105,-183950.148443953,-8273.82647208728)
(-140200.072026171,-143247.284032488,981.115063963561)
(0.000116159127530309,1.72498326499439e-05,6.36069831668555e-06)
(-187.204604351948,-207970.622240511,-207489.726457987)
(-96714.0012015377,-178300.847593953,-328332.053340123)
(-89303.4435843254,-93815.2316830317,-407411.142033119)
(0,0,0)
(0,0,0)
(0,0,0)
(0,0,0)
(0,0,0)
(0,0,0)
(-235887.508554954,-326814.26131088,160.706119646881)
(-234278.181262293,-326798.671042652,301.478166879653)
(-229808.425694659,-326663.664151462,1143.46257318023)
(-219500.96921663,-326449.198621616,6525.18927908051)
(-196632.328784472,-328568.601522912,32425.6324826459)
(-144294.25477497,-348958.374533078,144144.52444844)
(-383.584171435783,-474085.674676389,-208376.890135758)
(-99124.034524374,-330629.186838007,-177993.16355673)
(-126443.09365618,-244500.347035045,-243936.060855264)
(-90796.7153467458,-135260.983223934,-313583.624751173)
(0,0,0)
(0,0,0)
(0,0,0)
(0,0,0)
(0,0,0)
(0,0,0)
(-145735.05247444,-432592.645431324,223.990387305738)
(-144950.443062615,-432859.954618193,567.412513102452)
(-142780.431628907,-433560.483118182,1510.48210601132)
(-138005.959245091,-435215.674204701,4498.34806355858)
(-128285.438030908,-439824.184748613,12063.7454698002)
(-109931.419724472,-451888.248302353,18927.5350351691)
(-81726.8212221161,-470720.443963673,-65134.1054931681)
(-93126.9819090616,-405385.835522654,-92027.265916801)
(-91725.5598506058,-313160.205730968,-134763.878765822)
(-61241.362183978,-178300.813647023,-178285.316289198)
(0,0,0)
(0,0,0)
(0,0,0)
(0,0,0)
(0,0,0)
(0,0,0)
(0,0,0)
(0,0,0)
(0,0,0)
(0,0,0)
(0,0,0)
(0,0,0)
(0,0,0)
(0,0,0)
(0,0,0)
(0,0,0)
(0,0,0)
(0,0,0)
(0,0,0)
(0,0,0)
(0,0,0)
(0,0,0)
(0,0,0)
(0,0,0)
(0,0,0)
(0,0,0)
(0,0,0)
(0,0,0)
(0,0,0)
(0,0,0)
(0,0,0)
(0,0,0)
(0,0,0)
(0,0,0)
(0,0,0)
(0,0,0)
(0,0,0)
(0,0,0)
(0,0,0)
(0,0,0)
(0,0,0)
(0,0,0)
(0,0,0)
(0,0,0)
(0,0,0)
(0,0,0)
(0,0,0)
(0,0,0)
(0,0,0)
(0,0,0)
(0,0,0)
(0,0,0)
(0,0,0)
(0,0,0)
(0,0,0)
(0,0,0)
(0,0,0)
(0,0,0)
(0,0,0)
(0,0,0)
(0,0,0)
(0,0,0)
(0,0,0)
(0,0,0)
(0,0,0)
(0,0,0)
(0,0,0)
(0,0,0)
(0,0,0)
(0,0,0)
(0,0,0)
(0,0,0)
(0,0,0)
(0,0,0)
(0,0,0)
(0,0,0)
(0,0,0)
(0,0,0)
(0,0,0)
(0,0,0)
(0,0,0)
(0,0,0)
(0,0,0)
(0,0,0)
(0,0,0)
(0,0,0)
(0,0,0)
(0,0,0)
(0,0,0)
(0,0,0)
(0,0,0)
(0,0,0)
(0,0,0)
(0,0,0)
(0,0,0)
(0,0,0)
(0,0,0)
(0,0,0)
(0,0,0)
(0,0,0)
(0,0,0)
(0,0,0)
(-218656.782028038,1949.26380203724,1355.06539526646)
(-219618.944460389,1916.86894741471,1569.82598090198)
(-221173.163725377,2018.00482073118,-867.088500443361)
(-222566.359998749,2557.14809189882,-8219.65140586386)
(-222678.16418409,4156.47542024767,-24003.5210529759)
(-219914.812498904,7749.55040397989,-53222.5936676915)
(-212155.602145795,13556.9695396428,-101333.328164722)
(-195325.26805516,17114.260558866,-167638.540116145)
(-157729.360782973,13723.6843937927,-239345.076632326)
(-91048.5679425069,7025.45682105303,-290714.952146577)
(0,0,0)
(0,0,0)
(0,0,0)
(0,0,0)
(0,0,0)
(0,0,0)
(-220257.300070015,2430.01950323784,1367.09515936978)
(-220853.031570441,2413.37895491982,1681.60614711029)
(-221574.874309441,2666.79150653948,-334.248964570835)
(-221382.375402126,3945.92491272861,-6636.43225465263)
(-218683.310015908,7881.9663785495,-20413.3186297111)
(-211613.076251158,17954.0842963041,-47403.5211408069)
(-199819.327993129,38600.6842383135,-97754.1763250864)
(-188242.137778594,54680.1492310152,-171013.843047285)
(-154496.551328917,40182.1679170349,-246055.651879195)
(-89777.0609464543,18680.8516235183,-297835.547834186)
(0,0,0)
(0,0,0)
(0,0,0)
(0,0,0)
(0,0,0)
(0,0,0)
(-223417.65634741,-361.008346895192,1383.25987928231)
(-223371.813313978,-328.368144030713,1963.8460129344)
(-222535.818302045,113.630387287611,919.377445241872)
(-219063.33970239,2119.53336498303,-2735.88081824599)
(-209767.716452531,8500.77235668029,-10327.7309517449)
(-189963.599954433,28015.1698192,-26712.1606160479)
(-158723.021819309,90943.8408053271,-81666.0107527697)
(-177402.836650673,172570.862951196,-185524.435376658)
(-152486.993333857,104129.589967224,-267635.300477349)
(-89003.4238631639,39595.5953738311,-316681.939488685)
(0,0,0)
(0,0,0)
(0,0,0)
(0,0,0)
(0,0,0)
(0,0,0)
(-227824.222717849,-8915.60364292555,1418.73512973356)
(-226973.039772908,-8837.74393710415,2416.77369551359)
(-224099.292423129,-8282.903757127,2837.79854342405)
(-216064.234501898,-6339.96268832365,3564.37209004568)
(-196040.257316938,-1772.34261673372,9204.31809877732)
(-146286.246883042,5183.23582001852,36330.1592668012)
(2.60752933256725e-05,-1.67775109796081e-05,1.77165646857732e-05)
(-205726.785982633,-97.0438665961694,-253964.058890797)
(-176000.773962807,253923.406824171,-332264.388373762)
(-95113.4512335136,63455.2251127191,-356451.508209807)
(0,0,0)
(0,0,0)
(0,0,0)
(0,0,0)
(0,0,0)
(0,0,0)
(-232367.097933117,-26588.9927841921,1508.30011497986)
(-230786.333126954,-26437.4568332461,2952.96458090828)
(-226095.527914054,-25691.2351800636,4663.81817165321)
(-214231.894873143,-23482.961848962,8030.71912450645)
(-186497.948591552,-18488.8824147841,16192.2640582808)
(-124677.287958677,-9838.43185142088,31318.5916633316)
(-1.41386331077265e-05,-1.76020099505639e-06,-6.51537653904292e-06)
(5.24630632729078e-05,-9.29697049922276e-06,2.61832771761997e-05)
(-320953.363288558,-298.147096998661,-522837.86375888)
(-119079.72282659,9550.64524856752,-420028.954836748)
(0,0,0)
(0,0,0)
(0,0,0)
(0,0,0)
(0,0,0)
(0,0,0)
(-234602.136980499,-57293.7161537836,1667.53049030431)
(-232601.524205343,-57095.5097883268,3635.2345806503)
(-226978.511561972,-56220.8979002367,6750.34170745253)
(-213496.444939984,-53506.9548243742,12880.8244137574)
(-183266.483943182,-46510.2313787793,24798.6986126861)
(-119198.606862832,-30519.349059238,41212.9789663825)
(-1.63335730428374e-06,-9.14980155951513e-07,5.74126802632863e-13)
(3.66324107381812e-05,-1.21958868294113e-05,1.93073458701822e-05)
(-303853.144495553,4.64884420606023,-513006.30693145)
(-119992.947251622,-19532.0633288072,-429645.395969406)
(0,0,0)
(0,0,0)
(0,0,0)
(0,0,0)
(0,0,0)
(0,0,0)
(-229933.989228687,-104366.64355879,1892.76461264618)
(-227960.27984804,-104287.486999726,4509.02036980981)
(-222570.56817888,-103714.760727854,9381.77017084732)
(-210042.078656505,-101393.887901416,19741.7335073132)
(-182387.494024256,-93711.9770520267,40740.2276779823)
(-122496.990367857,-69344.1658558411,71752.048745195)
(3.84228627488724e-06,1.35282766794074e-06,-6.4509929022963e-13)
(5.02959451785552e-05,5.075545728121e-06,2.45314597622806e-05)
(-333178.513659318,-303854.267009852,-532569.704039742)
(-119762.286585249,-92091.7386998326,-410137.119966572)
(0,0,0)
(0,0,0)
(0,0,0)
(0,0,0)
(0,0,0)
(0,0,0)
(-211005.832521328,-167363.170619337,2030.03169126483)
(-209446.600714715,-167641.746714657,5151.16097731276)
(-205359.308876205,-168146.54421775,11709.4977223322)
(-196501.063134994,-168503.878713631,27391.4056941636)
(-178491.642767388,-166523.0076122,65114.1166086177)
(-138689.732605441,-146901.368284639,141160.979616685)
(7.07906341950142e-05,3.13213026196426e-05,1.26148821959318e-05)
(-245107.558605422,-306702.281984187,-303852.439616322)
(-175676.435561058,-207945.0934733,-320799.17879336)
(-88908.1115208638,-95297.38485107,-317988.864705581)
(0,0,0)
(0,0,0)
(0,0,0)
(0,0,0)
(0,0,0)
(0,0,0)
(-168758.767973812,-236290.464414119,1798.55321363694)
(-167803.106929168,-237071.273448857,4753.00561471337)
(-165480.114027715,-239167.780904574,11445.930634592)
(-161527.937404268,-244444.950057922,29413.9701665137)
(-158812.021675411,-259704.060586865,84774.7160321204)
(-180401.3189931,-314123.836716825,288104.24868243)
(-373474.804382141,-555056.839375944,-307003.000440783)
(-183243.43669265,-324397.708071572,-205188.172185123)
(-121707.612920592,-209676.834178859,-208191.912215159)
(-65937.0283859836,-105671.848397927,-222677.135629059)
(0,0,0)
(0,0,0)
(0,0,0)
(0,0,0)
(0,0,0)
(0,0,0)
(-96631.1847061827,-286438.887666855,1044.55548448192)
(-96209.4776208392,-287496.855886152,2729.17248000546)
(-95208.0652483904,-290301.702899334,6290.72809424701)
(-93702.0626940786,-296717.015529766,14258.8970150819)
(-93067.9666253773,-311080.443690083,30417.8087127638)
(-99284.1542467695,-341495.960425511,47142.6669437516)
(-124571.725642352,-388573.255254466,-76496.0127574911)
(-91530.834696599,-311927.040574305,-90562.8274672236)
(-66502.9033376759,-221235.780471516,-104226.537687504)
(-37198.4717727084,-116952.097631518,-116989.178865176)
(0,0,0)
(0,0,0)
(0,0,0)
(0,0,0)
(0,0,0)
(0,0,0)
(0,0,0)
(0,0,0)
(0,0,0)
(0,0,0)
(0,0,0)
(0,0,0)
(0,0,0)
(0,0,0)
(0,0,0)
(0,0,0)
(0,0,0)
(0,0,0)
(0,0,0)
(0,0,0)
(0,0,0)
(0,0,0)
(0,0,0)
(0,0,0)
(0,0,0)
(0,0,0)
(0,0,0)
(0,0,0)
(0,0,0)
(0,0,0)
(0,0,0)
(0,0,0)
(0,0,0)
(0,0,0)
(0,0,0)
(0,0,0)
(0,0,0)
(0,0,0)
(0,0,0)
(0,0,0)
(0,0,0)
(0,0,0)
(0,0,0)
(0,0,0)
(0,0,0)
(0,0,0)
(0,0,0)
(0,0,0)
(0,0,0)
(0,0,0)
(0,0,0)
(0,0,0)
(0,0,0)
(0,0,0)
(0,0,0)
(0,0,0)
(0,0,0)
(0,0,0)
(0,0,0)
(0,0,0)
(0,0,0)
(0,0,0)
(0,0,0)
(0,0,0)
(0,0,0)
(0,0,0)
(0,0,0)
(0,0,0)
(0,0,0)
(0,0,0)
(0,0,0)
(0,0,0)
(0,0,0)
(0,0,0)
(0,0,0)
(0,0,0)
(0,0,0)
(0,0,0)
(0,0,0)
(0,0,0)
(0,0,0)
(0,0,0)
(0,0,0)
(0,0,0)
(0,0,0)
(0,0,0)
(0,0,0)
(0,0,0)
(0,0,0)
(0,0,0)
(0,0,0)
(0,0,0)
(0,0,0)
(0,0,0)
(0,0,0)
(0,0,0)
(0,0,0)
(0,0,0)
(0,0,0)
(0,0,0)
(0,0,0)
(0,0,0)
(-219504.657334168,314.49224500113,533.383061134047)
(-219934.744536792,617.680653901985,231.502483633656)
(-220382.9947007,1525.55325627302,-2084.2197973233)
(-220116.996526738,3663.17344842387,-8196.75671775929)
(-217880.484476295,8122.77069247513,-21117.207118028)
(-211844.769405994,16078.4629592847,-45265.7131702262)
(-199023.641447625,25920.8173347712,-84318.4912031664)
(-174045.494244961,24228.5559148358,-129826.820928196)
(-132253.856797958,17018.0034624393,-172320.328375657)
(-72433.562659286,8368.71086214882,-199304.044521019)
(0,0,0)
(0,0,0)
(0,0,0)
(0,0,0)
(0,0,0)
(0,0,0)
(-220084.187054218,-720.395612086975,861.774841287105)
(-220397.570776152,-102.411031382719,1126.40573228731)
(-220643.92910067,1710.54822158523,10.4655582053772)
(-220166.513534252,6252.34565110785,-3794.56851235148)
(-217964.35834829,16802.9234874653,-13193.6729749578)
(-212965.324271865,39656.1257367777,-35419.0877317425)
(-203112.696812453,79780.7313735113,-85985.6329511588)
(-178595.157873846,65622.1436150567,-137026.200556123)
(-135785.995829964,42291.8006232356,-181010.553215871)
(-74209.1108626544,19528.064231438,-207737.85666896)
(0,0,0)
(0,0,0)
(0,0,0)
(0,0,0)
(0,0,0)
(0,0,0)
(-221034.316222061,-4597.87371883883,1494.13798140322)
(-221152.448399495,-3791.20303344068,2963.56506897795)
(-221046.61661895,-1356.85385925716,4541.76546672952)
(-220142.088528556,5155.81618925853,6717.0437547455)
(-218165.04010757,22259.5114636453,9657.77943360987)
(-217164.395390656,71761.0787746175,4753.62183199054)
(-223824.520571367,249769.449409038,-100133.597451471)
(-195878.975137538,144324.993005939,-160360.308355486)
(-147372.200110575,80676.1769243545,-203859.477879886)
(-79444.5477401039,33510.6173912566,-227400.907162762)
(0,0,0)
(0,0,0)
(0,0,0)
(0,0,0)
(0,0,0)
(0,0,0)
(-221555.494132586,-13196.9516177491,2330.34931365037)
(-221440.089401523,-12430.8896007802,5437.08550961417)
(-220854.604317538,-10151.499464304,10987.043009073)
(-219188.53663063,-4466.00605063218,23733.1673776879)
(-216973.912334178,7772.1652633627,59154.1685952073)
(-225067.337367925,26833.4172380716,182862.920616634)
(-331991.304027146,150.960388463589,-205513.572551517)
(-248510.940032031,205609.777342671,-224014.202838857)
(-177140.611864646,108946.103829649,-251144.291842312)
(-91084.6804905574,39449.3800613131,-261111.825255318)
(0,0,0)
(0,0,0)
(0,0,0)
(0,0,0)
(0,0,0)
(0,0,0)
(-220173.243260437,-28511.4239165096,3120.61762608438)
(-219839.549756073,-27984.9879618307,7727.9326162487)
(-218698.440773164,-26389.2164079696,16568.5624190202)
(-215381.278220737,-22614.7103453716,35866.6500613496)
(-205885.779317555,-15186.7291885385,78213.3752392592)
(-171592.011793609,-4308.67103421682,156270.187346473)
(3.92153314368539e-05,-2.57497410039664e-05,-3.15439535013167e-05)
(-328658.14622809,-47.6331145740073,-320686.95878751)
(-228716.891795078,16783.3103483575,-320760.636799696)
(-108255.383371412,8611.43023648433,-300747.026430045)
(0,0,0)
(0,0,0)
(0,0,0)
(0,0,0)
(0,0,0)
(0,0,0)
(-214483.620110113,-52298.7459491842,3668.80516228947)
(-214068.664636316,-52136.0540939601,9287.01172539175)
(-212809.892222351,-51506.8227374452,20235.9987152527)
(-209280.852183501,-49768.010874319,43173.7064877174)
(-198877.460687739,-45453.0974334278,89051.0514771631)
(-161395.623515751,-33706.0809466454,160645.478042509)
(2.62435590327696e-05,-3.48108233814642e-05,-2.25689745786565e-05)
(-309050.976414155,63.1931188780442,-303784.031014531)
(-232559.223680879,-29282.1513182319,-329012.490162609)
(-111595.958956811,-19301.6016372588,-309496.446583679)
(0,0,0)
(0,0,0)
(0,0,0)
(0,0,0)
(0,0,0)
(0,0,0)
(-200903.180375408,-85203.4156545215,3873.8608520547)
(-200610.362523535,-85533.6803941211,9921.56982770606)
(-199808.410709395,-86247.7978291133,21900.3874498887)
(-197730.109246131,-87577.4984056199,47397.90557081)
(-191603.207370957,-89592.4057236287,100752.927207707)
(-164471.27608957,-85382.7194525216,194403.851435305)
(3.76818900640813e-05,-4.27978855025201e-05,-3.01985783362739e-05)
(-340566.749744767,-245075.449495302,-333083.38484879)
(-230186.321080396,-146311.345294742,-319046.3834512)
(-106602.643193756,-61235.0519806869,-290272.576499272)
(0,0,0)
(0,0,0)
(0,0,0)
(0,0,0)
(0,0,0)
(0,0,0)
(-174956.69261317,-124859.091908015,3606.53634533248)
(-174909.759538878,-125729.383477126,9265.39825250296)
(-174946.624728027,-127967.484909511,20572.4011847158)
(-175759.98973982,-133148.578002515,45402.4073864387)
(-181222.171894189,-146442.027183781,104982.557973401)
(-210707.077217636,-188233.764529532,279850.947662614)
(-380881.088600079,-373001.837374727,-245002.804403486)
(-256248.787249208,-244652.256913972,-234284.768341025)
(-168438.835948051,-153903.788426444,-233929.924822319)
(-82749.1713674917,-72315.8168673594,-229008.100089028)
(0,0,0)
(0,0,0)
(0,0,0)
(0,0,0)
(0,0,0)
(0,0,0)
(-132562.983277087,-163841.547693314,2786.6710885722)
(-132690.376651536,-165153.489026502,7098.04636031969)
(-133209.53881516,-168548.219582996,15408.2058212542)
(-135239.719434478,-176173.31696786,32144.7268168136)
(-142846.778606222,-193477.926538534,63215.383102378)
(-167954.954011508,-232551.877634964,95087.1312262167)
(-228948.868901065,-305762.96080697,-116677.680822611)
(-168557.568197862,-232474.34656361,-143541.459667771)
(-112405.434658895,-154392.0571363,-152355.369219608)
(-57001.4389159482,-76922.4550289764,-156684.320528021)
(0,0,0)
(0,0,0)
(0,0,0)
(0,0,0)
(0,0,0)
(0,0,0)
(-72492.1450096211,-189492.432630529,1511.84524065496)
(-72619.5788905598,-191001.449963569,3769.90744744027)
(-73025.0840284927,-194795.55802553,7834.26467007503)
(-74329.747153273,-202640.236929943,14928.8690913545)
(-78189.5449986205,-217625.030871167,24197.5517972331)
(-87675.2839164618,-241829.74985729,21866.5536892541)
(-101347.427912171,-263687.866758961,-43432.8380889468)
(-81717.0892176678,-220215.879586149,-65505.0505453405)
(-56800.7991491024,-154680.091321627,-74919.1205485889)
(-29494.5422072794,-79758.0498830827,-79787.4552599131)
(0,0,0)
(0,0,0)
(0,0,0)
(0,0,0)
(0,0,0)
(0,0,0)
(0,0,0)
(0,0,0)
(0,0,0)
(0,0,0)
(0,0,0)
(0,0,0)
(0,0,0)
(0,0,0)
(0,0,0)
(0,0,0)
(0,0,0)
(0,0,0)
(0,0,0)
(0,0,0)
(0,0,0)
(0,0,0)
(0,0,0)
(0,0,0)
(0,0,0)
(0,0,0)
(0,0,0)
(0,0,0)
(0,0,0)
(0,0,0)
(0,0,0)
(0,0,0)
(0,0,0)
(0,0,0)
(0,0,0)
(0,0,0)
(0,0,0)
(0,0,0)
(0,0,0)
(0,0,0)
(0,0,0)
(0,0,0)
(0,0,0)
(0,0,0)
(0,0,0)
(0,0,0)
(0,0,0)
(0,0,0)
(0,0,0)
(0,0,0)
(0,0,0)
(0,0,0)
(0,0,0)
(0,0,0)
(0,0,0)
(0,0,0)
(0,0,0)
(0,0,0)
(0,0,0)
(0,0,0)
(0,0,0)
(0,0,0)
(0,0,0)
(0,0,0)
(0,0,0)
(0,0,0)
(0,0,0)
(0,0,0)
(0,0,0)
(0,0,0)
(0,0,0)
(0,0,0)
(0,0,0)
(0,0,0)
(0,0,0)
(0,0,0)
(0,0,0)
(0,0,0)
(0,0,0)
(0,0,0)
(0,0,0)
(0,0,0)
(0,0,0)
(0,0,0)
(0,0,0)
(0,0,0)
(0,0,0)
(0,0,0)
(0,0,0)
(0,0,0)
(0,0,0)
(0,0,0)
(0,0,0)
(0,0,0)
(0,0,0)
(0,0,0)
(0,0,0)
(0,0,0)
(0,0,0)
(0,0,0)
(0,0,0)
(0,0,0)
(-219422.402211087,-307.319411943158,225.06428885832)
(-219733.763528944,98.3102895575029,-74.2270085475512)
(-219960.724566657,1166.6244735884,-1663.12161616997)
(-219390.331380687,3510.89128180337,-5900.67804402991)
(-216682.939803376,7966.01541441796,-15064.2381313699)
(-209501.775435871,14949.1070111489,-32356.3391126377)
(-194046.675779955,21866.7550587887,-59200.059839099)
(-165150.439166971,19743.4420635883,-87838.5569806723)
(-121451.131148855,13548.810601975,-112190.093231759)
(-64703.8975538804,6625.43255869567,-126545.190895858)
(0,0,0)
(0,0,0)
(0,0,0)
(0,0,0)
(0,0,0)
(0,0,0)
(-219456.438455209,-1582.812091777,647.744080827059)
(-219890.918832756,-783.723754567661,1023.12618154899)
(-220471.655696713,1348.99207758713,668.485173594786)
(-220780.93991649,6268.34217709845,-1474.53933945969)
(-219957.090502487,16594.628289405,-8110.42006024912)
(-216171.004287594,35497.9465980317,-25453.5796314021)
(-204564.240972355,59166.4441367082,-61301.7245494193)
(-174625.710347536,48480.5641049304,-94008.2941170758)
(-127928.332814011,30837.1156087363,-119154.262139786)
(-67847.5136255929,14356.0440140248,-133246.470832179)
(0,0,0)
(0,0,0)
(0,0,0)
(0,0,0)
(0,0,0)
(0,0,0)
(-219162.456943553,-4897.93192382856,1443.26055354344)
(-219813.308599505,-3875.53916822539,3195.93616721131)
(-221104.642820598,-996.148295797209,5599.10274224344)
(-223310.32523445,6200.71155818267,8834.97006705009)
(-227048.477990784,23513.7331574419,10799.3030822218)
(-233045.559064225,63931.8119672167,-1753.39861339594)
(-236089.093039596,141702.511848365,-72024.8938568202)
(-199557.925344301,91813.4719366021,-111678.851481734)
(-143499.410165863,51003.5573721483,-135718.083189855)
(-74996.5650336699,21905.0408413689,-147715.062723628)
(0,0,0)
(0,0,0)
(0,0,0)
(0,0,0)
(0,0,0)
(0,0,0)
(-217414.613488729,-11519.207940538,2480.39537285389)
(-218386.610106779,-10556.1967017643,6107.57361164497)
(-220715.977286927,-7772.20356398054,12745.0018492143)
(-225772.424486147,-532.669874901461,26062.2711378233)
(-237546.779492316,18938.0447263498,51210.8267270548)
(-266410.801080433,80376.8481836174,76109.25422317)
(-324558.700497406,332251.620236095,-121872.457694302)
(-251628.317309479,125549.952802376,-152491.561282626)
(-171159.684310545,57426.607925456,-164895.539390041)
(-86564.7805186306,22288.8577234044,-169799.256244002)
(0,0,0)
(0,0,0)
(0,0,0)
(0,0,0)
(0,0,0)
(0,0,0)
(-212641.639349623,-22499.8847941328,3449.07294277962)
(-213917.404791035,-21916.5597736662,8887.29104964636)
(-217238.78686499,-20245.7043369172,19901.1379144135)
(-225128.425335183,-16330.0770680492,45445.6922220063)
(-246079.361708949,-8076.86947159508,112654.188811345)
(-312570.557351568,5952.55639195102,328057.026160975)
(-577116.376557057,58.967839320528,-328523.957857749)
(-330646.595009437,19625.8099297415,-220611.366203759)
(-204790.489623981,12997.3536685738,-200108.514117981)
(-99106.0468410079,5289.81873817927,-192258.811663166)
(0,0,0)
(0,0,0)
(0,0,0)
(0,0,0)
(0,0,0)
(0,0,0)
(-202563.869694557,-38475.7456362779,4056.11042658988)
(-204045.835631514,-38424.9758834242,10541.6975315439)
(-208020.977172257,-38248.7392166948,23755.8173612249)
(-217481.317531587,-38012.7454375426,53638.9510788032)
(-241926.321518655,-38062.9822242265,126673.924662345)
(-314311.195283046,-36666.5587693229,322208.611590917)
(-565180.754239885,186.473445378391,-308909.611079113)
(-339742.112011013,-31375.9135704466,-227216.751982056)
(-212018.657954669,-26862.3558296167,-207897.608210085)
(-102196.032761491,-14300.4460237224,-197707.269643501)
(0,0,0)
(0,0,0)
(0,0,0)
(0,0,0)
(0,0,0)
(0,0,0)
(-184426.312118021,-59111.553441207,4158.9395475447)
(-185962.908118758,-59647.7753222069,10734.2845815535)
(-190118.196034209,-61158.0881739264,23953.4188635986)
(-199963.315585634,-65381.4524963323,53555.3322618966)
(-225134.583945927,-79018.9623544843,128042.688967123)
(-300698.990423725,-131475.949301755,359079.793833717)
(-587934.140685492,-380842.029560501,-340432.054783339)
(-329003.077859984,-160744.689396693,-222626.95084188)
(-199758.246645537,-84552.3638556403,-195365.017250716)
(-95325.2008815649,-37388.6902105422,-183554.215376083)
(0,0,0)
(0,0,0)
(0,0,0)
(0,0,0)
(0,0,0)
(0,0,0)
(-155463.539020597,-82269.2201761218,3664.51314234155)
(-156869.713694192,-83282.8236979798,9259.51567342531)
(-160604.858245614,-85966.5076234876,19726.1686405756)
(-169025.870764493,-92318.1858233541,39928.7829922708)
(-188136.592670071,-107756.288647537,75580.5300612041)
(-231149.40358353,-145214.961651758,109761.868777094)
(-310854.697246993,-220831.975958852,-120274.576177632)
(-234076.775275537,-156817.916590296,-146373.360957704)
(-153392.012051182,-97795.6409128469,-148176.907797377)
(-75544.7827161721,-46547.8934640987,-146222.093195129)
(0,0,0)
(0,0,0)
(0,0,0)
(0,0,0)
(0,0,0)
(0,0,0)
(-113982.099587161,-103540.646185599,2690.54231955368)
(-115059.805451693,-104841.935937561,6619.08335929011)
(-117831.318948049,-108097.582935722,13371.9388044138)
(-123760.302278797,-114936.770536606,24511.1063619824)
(-135737.261793465,-128475.694251581,38120.9951532679)
(-157247.443017364,-151959.459436348,34157.9819437133)
(-181517.286413601,-177902.799539967,-56202.7769626451)
(-148804.861979211,-145474.935287601,-87298.4644839858)
(-101869.173958626,-98712.6101058203,-96917.7559912739)
(-51403.8344110382,-49392.6764023751,-99670.5775579088)
(0,0,0)
(0,0,0)
(0,0,0)
(0,0,0)
(0,0,0)
(0,0,0)
(-60706.522665518,-116752.891230867,1426.62270116528)
(-61301.8482787192,-118147.642566237,3414.59871800028)
(-62751.3666471541,-121518.202141504,6561.50054244419)
(-65707.7676652926,-128054.172463752,11056.922981608)
(-71113.8314936991,-139186.746541906,14692.2617670091)
(-79243.7411812133,-153918.615629137,8219.87522454531)
(-85141.797524334,-162120.376272459,-23768.1784307988)
(-72056.2867138476,-138351.210252832,-40552.7059693864)
(-50625.4035669484,-97831.3329721259,-47609.3786852352)
(-25944.6406297342,-50265.5208295086,-50286.4358356468)
(0,0,0)
(0,0,0)
(0,0,0)
(0,0,0)
(0,0,0)
(0,0,0)
(0,0,0)
(0,0,0)
(0,0,0)
(0,0,0)
(0,0,0)
(0,0,0)
(0,0,0)
(0,0,0)
(0,0,0)
(0,0,0)
(0,0,0)
(0,0,0)
(0,0,0)
(0,0,0)
(0,0,0)
(0,0,0)
(0,0,0)
(0,0,0)
(0,0,0)
(0,0,0)
(0,0,0)
(0,0,0)
(0,0,0)
(0,0,0)
(0,0,0)
(0,0,0)
(0,0,0)
(0,0,0)
(0,0,0)
(0,0,0)
(0,0,0)
(0,0,0)
(0,0,0)
(0,0,0)
(0,0,0)
(0,0,0)
(0,0,0)
(0,0,0)
(0,0,0)
(0,0,0)
(0,0,0)
(0,0,0)
(0,0,0)
(0,0,0)
(0,0,0)
(0,0,0)
(0,0,0)
(0,0,0)
(0,0,0)
(0,0,0)
(0,0,0)
(0,0,0)
(0,0,0)
(0,0,0)
(0,0,0)
(0,0,0)
(0,0,0)
(0,0,0)
(0,0,0)
(0,0,0)
(0,0,0)
(0,0,0)
(0,0,0)
(0,0,0)
(0,0,0)
(0,0,0)
(0,0,0)
(0,0,0)
(0,0,0)
(0,0,0)
(0,0,0)
(0,0,0)
(0,0,0)
(0,0,0)
(0,0,0)
(0,0,0)
(0,0,0)
(0,0,0)
(0,0,0)
(0,0,0)
(0,0,0)
(0,0,0)
(0,0,0)
(0,0,0)
(0,0,0)
(0,0,0)
(0,0,0)
(0,0,0)
(0,0,0)
(0,0,0)
(0,0,0)
(0,0,0)
(0,0,0)
(0,0,0)
(0,0,0)
(0,0,0)
(-219246.164344933,-278.477832747725,102.239966592115)
(-219571.116816628,-13.2903652207204,-47.1163804977169)
(-219828.209443023,660.417633543786,-840.049137677621)
(-219267.586378765,2077.54859378557,-3040.34273338416)
(-216480.286960774,4616.59023253247,-7859.58580851474)
(-208757.05414544,8239.88523287777,-16844.1923318248)
(-191958.714210092,11347.909277058,-30280.0631787511)
(-161586.958773201,10299.687465582,-44143.2310381041)
(-117308.196034895,7100.75598862697,-55386.9221406844)
(-61831.9888941919,3483.41780843908,-61742.2486088174)
(0,0,0)
(0,0,0)
(0,0,0)
(0,0,0)
(0,0,0)
(0,0,0)
(-219027.137092334,-1090.01905804856,382.23986242747)
(-219614.797751978,-569.753768021106,662.58218445254)
(-220510.336795254,770.071975962761,591.608940573748)
(-221321.144035614,3700.25623917417,-490.894585695813)
(-221016.516706212,9406.21944663104,-4221.09759607076)
(-216953.147579437,18545.7853930499,-13744.8544644004)
(-203284.223388555,27637.5847131184,-31314.5474842579)
(-171917.406256459,23591.5252493006,-47314.6893590507)
(-124472.129491338,15350.8307178604,-59020.9674109536)
(-65350.7072388067,7250.43984253922,-65284.7958318375)
(0,0,0)
(0,0,0)
(0,0,0)
(0,0,0)
(0,0,0)
(0,0,0)
(-218192.488855631,-2960.42713494666,900.439988975187)
(-219227.405228125,-2290.15972470541,2034.9425742825)
(-221358.262502861,-483.744827922254,3542.3790604317)
(-225011.911523444,3736.6809484309,5207.54064017189)
(-230312.012842424,12931.6386934119,4945.65624503722)
(-235402.585108713,30484.7770714809,-4636.30938890415)
(-230896.859362769,53211.7871881341,-35402.7455407484)
(-195538.390545856,39757.0912938256,-55587.8463837151)
(-139926.90799842,23374.6739723245,-67184.1918056266)
(-72674.5357504054,10364.1505808582,-72619.9318272092)
(0,0,0)
(0,0,0)
(0,0,0)
(0,0,0)
(0,0,0)
(0,0,0)
(-215427.638158069,-6516.37988782247,1568.97742221556)
(-217082.033278778,-5881.67835389108,3855.91922339948)
(-220969.553757929,-4129.46411631919,7755.21498280146)
(-228773.201814983,153.79572936964,14338.8775306955)
(-243171.188207235,10406.6060619325,22488.318877092)
(-265794.686708543,34211.8481118578,18145.1334648254)
(-284078.716732354,79712.1577831922,-48835.2208952844)
(-235292.032581312,46562.9266316969,-71977.3409613201)
(-163326.190257126,23822.5861120769,-80258.7471544988)
(-83087.9758520538,9768.38600315874,-83139.787243375)
(0,0,0)
(0,0,0)
(0,0,0)
(0,0,0)
(0,0,0)
(0,0,0)
(-209166.959687445,-12178.7254731179,2187.66592311863)
(-211384.230876621,-11814.5787261486,5587.39238096094)
(-216971.833065415,-10812.4390811257,12003.413546196)
(-228976.512477549,-8530.07801937062,24535.3744373005)
(-253576.674918201,-3847.64710729648,46286.9408157793)
(-299979.473084821,4229.19362983719,63678.5110310535)
(-363779.263456367,12009.6135312887,-81956.0578177381)
(-281881.607547062,10557.1457270785,-94715.2643754769)
(-187173.116777752,5825.986364446,-94336.0374740762)
(-92897.8079961879,2233.35306104494,-93009.2433767745)
(0,0,0)
(0,0,0)
(0,0,0)
(0,0,0)
(0,0,0)
(0,0,0)
(-197158.040730886,-20149.3680634683,2564.81362667744)
(-199723.60276487,-20155.4228175104,6583.42485139633)
(-206341.727961145,-20169.5243708253,14261.2609299797)
(-220591.978718914,-20354.4367456086,29196.2808435419)
(-249767.723342617,-21185.3671708758,54375.4027310839)
(-304189.591113093,-23002.0691231957,71485.0613141622)
(-375789.404198789,-22526.8666007258,-83369.8085949091)
(-292503.946729497,-20624.5335343444,-99426.2946149982)
(-193108.33479225,-14557.5015969265,-97953.1298160509)
(-95197.4249967072,-7391.99278788085,-95326.3917319127)
(0,0,0)
(0,0,0)
(0,0,0)
(0,0,0)
(0,0,0)
(0,0,0)
(-177089.164111391,-30077.183315797,2590.66724569592)
(-179646.612224115,-30455.9344927175,6574.88302626043)
(-186244.568723546,-31523.0920681958,14054.8234129671)
(-200284.56801859,-34337.5365986733,28359.1756989902)
(-228599.411563869,-41938.1909433267,52576.8270893818)
(-281215.436772298,-61904.1573208422,71995.3616355934)
(-353298.062148258,-103764.342582,-81403.2409203387)
(-271932.841129727,-65803.0652524307,-93294.9459325139)
(-178662.809298116,-38135.4049270238,-90812.4799498417)
(-87901.1990799518,-17569.4065159622,-88059.0680233755)
(0,0,0)
(0,0,0)
(0,0,0)
(0,0,0)
(0,0,0)
(0,0,0)
(-146990.742693522,-40771.5059034619,2221.52626059071)
(-149200.100845238,-41415.7411009119,5511.72001983316)
(-154746.172346971,-43104.1061290892,11234.0481820853)
(-165953.899212864,-46936.6651835894,20761.2052153729)
(-186675.571677101,-55253.9310195954,32615.9242986782)
(-219330.948141651,-71269.2654066133,30162.5769425687)
(-249592.866104892,-91455.1226569248,-43408.4741246063)
(-206228.177410369,-71478.2106511463,-65581.9265910455)
(-140666.384021102,-46197.1720672586,-70245.7874808941)
(-70430.6153692176,-22366.8102811529,-70562.5510626562)
(0,0,0)
(0,0,0)
(0,0,0)
(0,0,0)
(0,0,0)
(0,0,0)
(-106113.780035295,-50234.6562564152,1594.83080108368)
(-107714.371946689,-51007.5266885415,3841.18288371148)
(-111589.864024513,-52911.3436211203,7406.96545220467)
(-119001.736659183,-56754.4954247514,12466.2300737511)
(-131438.699615503,-63690.8820526782,16604.6189288713)
(-148068.1420115,-73813.0652394912,9969.11775588449)
(-158146.847999677,-81436.6204934573,-23419.8228215066)
(-134780.040984525,-68649.6049522262,-40273.2495151141)
(-94505.9530689275,-47418.6888051152,-46414.9536669571)
(-48082.3122329435,-23901.6607875054,-48201.6253387005)
(0,0,0)
(0,0,0)
(0,0,0)
(0,0,0)
(0,0,0)
(0,0,0)
(-55839.2982060882,-55941.9337982808,840.05308243532)
(-56693.7559251743,-56741.0698126516,1965.50385300059)
(-58652.6286415814,-58639.9482730936,3595.37049939944)
(-62228.0445720409,-62240.9331701033,5602.08515150031)
(-67802.2030643694,-67931.4502370395,6531.02490653128)
(-74347.4281188395,-74522.2631878815,2343.90979254925)
(-76741.5781995493,-76846.2641898968,-10646.6658357955)
(-66118.8835155961,-66174.2877555759,-19059.3862306977)
(-47062.8991420813,-47137.1255620899,-22903.4538985901)
(-24174.3146589653,-24277.8009351907,-24297.6397216732)
(0,0,0)
(0,0,0)
(0,0,0)
(0,0,0)
(0,0,0)
(0,0,0)
(0,0,0)
(0,0,0)
(0,0,0)
(0,0,0)
(0,0,0)
(0,0,0)
(0,0,0)
(0,0,0)
(0,0,0)
(0,0,0)
(0,0,0)
(0,0,0)
(0,0,0)
(0,0,0)
(0,0,0)
(0,0,0)
(0,0,0)
(0,0,0)
(0,0,0)
(0,0,0)
(0,0,0)
(0,0,0)
(0,0,0)
(0,0,0)
(0,0,0)
(0,0,0)
(0,0,0)
(0,0,0)
(0,0,0)
(0,0,0)
(0,0,0)
(0,0,0)
(0,0,0)
(0,0,0)
(0,0,0)
(0,0,0)
(0,0,0)
(0,0,0)
(0,0,0)
(0,0,0)
(0,0,0)
(0,0,0)
(0,0,0)
(0,0,0)
(0,0,0)
(0,0,0)
(0,0,0)
(0,0,0)
(0,0,0)
(0,0,0)
(0,0,0)
(0,0,0)
(0,0,0)
(0,0,0)
(0,0,0)
(0,0,0)
(0,0,0)
(0,0,0)
(0,0,0)
(0,0,0)
(0,0,0)
(0,0,0)
(0,0,0)
(0,0,0)
(0,0,0)
(0,0,0)
(0,0,0)
(0,0,0)
(0,0,0)
(0,0,0)
(0,0,0)
(0,0,0)
(0,0,0)
(0,0,0)
(0,0,0)
(0,0,0)
(0,0,0)
(0,0,0)
(0,0,0)
(0,0,0)
(0,0,0)
(0,0,0)
(0,0,0)
(0,0,0)
(0,0,0)
(0,0,0)
(0,0,0)
(0,0,0)
(0,0,0)
(0,0,0)
(0,0,0)
(0,0,0)
(0,0,0)
(0,0,0)
(0,0,0)
(0,0,0)
(0,0,0)
(0,0,0)
(0,0,0)
(0,0,0)
(0,0,0)
(0,0,0)
(0,0,0)
(0,0,0)
(0,0,0)
(0,0,0)
(0,0,0)
(0,0,0)
(0,0,0)
(0,0,0)
(0,0,0)
(0,0,0)
(0,0,0)
(0,0,0)
(0,0,0)
(0,0,0)
(0,0,0)
(0,0,0)
(0,0,0)
(0,0,0)
(0,0,0)
(0,0,0)
(0,0,0)
(0,0,0)
(0,0,0)
(0,0,0)
(0,0,0)
(0,0,0)
(0,0,0)
(0,0,0)
(0,0,0)
(0,0,0)
(0,0,0)
(0,0,0)
(0,0,0)
(0,0,0)
(0,0,0)
(0,0,0)
(0,0,0)
(0,0,0)
(0,0,0)
(0,0,0)
(0,0,0)
(0,0,0)
(0,0,0)
(0,0,0)
(0,0,0)
(0,0,0)
(0,0,0)
(0,0,0)
(0,0,0)
(0,0,0)
(0,0,0)
(0,0,0)
(0,0,0)
(0,0,0)
(0,0,0)
(0,0,0)
(0,0,0)
(0,0,0)
(0,0,0)
(0,0,0)
(0,0,0)
(0,0,0)
(0,0,0)
(0,0,0)
(0,0,0)
(0,0,0)
(0,0,0)
(0,0,0)
(0,0,0)
(0,0,0)
(0,0,0)
(0,0,0)
(0,0,0)
(0,0,0)
(0,0,0)
(0,0,0)
(0,0,0)
(0,0,0)
(0,0,0)
(0,0,0)
(0,0,0)
(0,0,0)
(0,0,0)
(0,0,0)
(0,0,0)
(0,0,0)
(0,0,0)
(0,0,0)
(0,0,0)
(0,0,0)
(0,0,0)
(0,0,0)
(0,0,0)
(0,0,0)
(0,0,0)
(0,0,0)
(0,0,0)
(0,0,0)
(0,0,0)
(0,0,0)
(0,0,0)
(0,0,0)
(0,0,0)
(0,0,0)
(0,0,0)
(0,0,0)
(0,0,0)
(0,0,0)
(0,0,0)
(0,0,0)
(0,0,0)
(0,0,0)
(0,0,0)
(0,0,0)
(0,0,0)
(0,0,0)
(0,0,0)
(0,0,0)
(0,0,0)
(0,0,0)
(0,0,0)
(0,0,0)
(0,0,0)
(0,0,0)
(0,0,0)
(0,0,0)
(0,0,0)
(0,0,0)
(0,0,0)
(0,0,0)
(0,0,0)
(0,0,0)
(0,0,0)
(0,0,0)
(0,0,0)
(0,0,0)
(0,0,0)
(0,0,0)
(0,0,0)
(0,0,0)
(0,0,0)
(0,0,0)
(0,0,0)
(0,0,0)
(0,0,0)
(0,0,0)
(0,0,0)
(0,0,0)
(0,0,0)
(0,0,0)
(0,0,0)
(0,0,0)
(0,0,0)
(0,0,0)
(0,0,0)
(0,0,0)
(0,0,0)
(0,0,0)
(0,0,0)
(0,0,0)
(0,0,0)
(0,0,0)
(0,0,0)
(0,0,0)
(0,0,0)
(0,0,0)
(0,0,0)
(0,0,0)
(0,0,0)
(0,0,0)
(0,0,0)
(0,0,0)
(0,0,0)
(0,0,0)
(0,0,0)
(0,0,0)
(0,0,0)
(0,0,0)
(0,0,0)
(0,0,0)
(0,0,0)
(0,0,0)
(0,0,0)
(0,0,0)
(0,0,0)
(0,0,0)
(0,0,0)
(0,0,0)
(0,0,0)
(0,0,0)
(0,0,0)
(0,0,0)
(0,0,0)
(0,0,0)
(0,0,0)
(0,0,0)
(0,0,0)
(0,0,0)
(0,0,0)
(0,0,0)
(0,0,0)
(0,0,0)
(0,0,0)
(0,0,0)
(0,0,0)
(0,0,0)
(0,0,0)
(0,0,0)
(0,0,0)
(0,0,0)
(0,0,0)
(0,0,0)
(0,0,0)
(0,0,0)
(0,0,0)
(0,0,0)
(0,0,0)
(0,0,0)
(0,0,0)
(0,0,0)
(0,0,0)
(0,0,0)
(0,0,0)
(0,0,0)
(0,0,0)
(0,0,0)
(0,0,0)
(0,0,0)
(0,0,0)
(0,0,0)
(0,0,0)
(0,0,0)
(0,0,0)
(0,0,0)
(0,0,0)
(0,0,0)
(0,0,0)
(0,0,0)
(0,0,0)
(0,0,0)
(0,0,0)
(0,0,0)
(0,0,0)
(0,0,0)
(0,0,0)
(0,0,0)
(0,0,0)
(0,0,0)
(0,0,0)
(0,0,0)
(0,0,0)
(0,0,0)
(0,0,0)
(0,0,0)
(0,0,0)
(0,0,0)
(0,0,0)
(0,0,0)
(0,0,0)
(0,0,0)
(0,0,0)
(0,0,0)
(0,0,0)
(0,0,0)
(0,0,0)
(0,0,0)
(0,0,0)
(0,0,0)
(0,0,0)
(0,0,0)
(0,0,0)
(0,0,0)
(0,0,0)
(0,0,0)
(0,0,0)
(0,0,0)
(0,0,0)
(0,0,0)
(0,0,0)
(0,0,0)
(0,0,0)
(0,0,0)
(0,0,0)
(0,0,0)
(0,0,0)
(0,0,0)
(0,0,0)
(0,0,0)
(0,0,0)
(0,0,0)
(0,0,0)
(0,0,0)
(0,0,0)
(0,0,0)
(0,0,0)
(0,0,0)
(0,0,0)
(0,0,0)
(0,0,0)
(0,0,0)
(0,0,0)
(0,0,0)
(0,0,0)
(0,0,0)
(0,0,0)
(0,0,0)
(0,0,0)
(0,0,0)
(0,0,0)
(0,0,0)
(0,0,0)
(0,0,0)
(0,0,0)
(0,0,0)
(0,0,0)
(0,0,0)
(0,0,0)
(0,0,0)
(0,0,0)
(0,0,0)
(0,0,0)
(0,0,0)
(0,0,0)
(0,0,0)
(0,0,0)
(0,0,0)
(0,0,0)
(0,0,0)
(0,0,0)
(0,0,0)
(0,0,0)
(0,0,0)
(0,0,0)
(0,0,0)
(0,0,0)
(0,0,0)
(0,0,0)
(0,0,0)
(0,0,0)
(0,0,0)
(0,0,0)
(0,0,0)
(0,0,0)
(0,0,0)
(0,0,0)
(0,0,0)
(0,0,0)
(0,0,0)
(0,0,0)
(0,0,0)
(0,0,0)
(0,0,0)
(0,0,0)
(0,0,0)
(0,0,0)
(0,0,0)
(0,0,0)
(0,0,0)
(0,0,0)
(0,0,0)
(0,0,0)
(0,0,0)
(0,0,0)
(0,0,0)
(0,0,0)
(0,0,0)
(0,0,0)
(0,0,0)
(0,0,0)
(0,0,0)
(0,0,0)
(0,0,0)
(0,0,0)
(0,0,0)
(0,0,0)
(0,0,0)
(0,0,0)
(0,0,0)
(0,0,0)
(0,0,0)
(0,0,0)
(0,0,0)
(0,0,0)
(0,0,0)
(0,0,0)
(0,0,0)
(0,0,0)
(0,0,0)
(0,0,0)
(0,0,0)
(0,0,0)
(0,0,0)
(0,0,0)
(0,0,0)
(0,0,0)
(0,0,0)
(0,0,0)
(0,0,0)
(0,0,0)
(0,0,0)
(0,0,0)
(0,0,0)
(0,0,0)
(0,0,0)
(0,0,0)
(0,0,0)
(0,0,0)
(0,0,0)
(0,0,0)
(0,0,0)
(0,0,0)
(0,0,0)
(0,0,0)
(0,0,0)
(0,0,0)
(0,0,0)
(0,0,0)
(0,0,0)
(0,0,0)
(0,0,0)
(0,0,0)
(0,0,0)
(0,0,0)
(0,0,0)
(0,0,0)
(0,0,0)
(0,0,0)
(0,0,0)
(0,0,0)
(0,0,0)
(0,0,0)
(0,0,0)
(0,0,0)
(0,0,0)
(0,0,0)
(0,0,0)
(0,0,0)
(0,0,0)
(0,0,0)
(0,0,0)
(0,0,0)
(0,0,0)
(0,0,0)
(0,0,0)
(0,0,0)
(0,0,0)
(0,0,0)
(0,0,0)
(0,0,0)
(0,0,0)
(0,0,0)
(0,0,0)
(0,0,0)
(0,0,0)
(0,0,0)
(0,0,0)
(0,0,0)
(0,0,0)
(0,0,0)
(0,0,0)
(0,0,0)
(0,0,0)
(0,0,0)
(0,0,0)
(0,0,0)
(0,0,0)
(0,0,0)
(0,0,0)
(0,0,0)
(0,0,0)
(0,0,0)
(0,0,0)
(0,0,0)
(0,0,0)
(0,0,0)
(0,0,0)
(0,0,0)
(0,0,0)
(0,0,0)
(0,0,0)
(0,0,0)
(0,0,0)
(0,0,0)
(0,0,0)
(0,0,0)
(0,0,0)
(0,0,0)
(0,0,0)
(0,0,0)
(0,0,0)
(0,0,0)
(0,0,0)
(0,0,0)
(0,0,0)
(0,0,0)
(0,0,0)
(0,0,0)
(0,0,0)
(0,0,0)
(0,0,0)
(0,0,0)
(0,0,0)
(0,0,0)
(0,0,0)
(0,0,0)
(0,0,0)
(0,0,0)
(0,0,0)
(0,0,0)
(0,0,0)
(0,0,0)
(0,0,0)
(0,0,0)
(0,0,0)
(0,0,0)
(0,0,0)
(0,0,0)
(0,0,0)
(0,0,0)
(0,0,0)
(0,0,0)
(0,0,0)
(0,0,0)
(0,0,0)
(0,0,0)
(0,0,0)
(0,0,0)
(0,0,0)
(0,0,0)
(0,0,0)
(0,0,0)
(0,0,0)
(0,0,0)
(0,0,0)
(0,0,0)
(0,0,0)
(0,0,0)
(0,0,0)
(0,0,0)
(0,0,0)
(0,0,0)
(0,0,0)
(0,0,0)
(0,0,0)
(0,0,0)
(0,0,0)
(0,0,0)
(0,0,0)
(0,0,0)
(0,0,0)
(0,0,0)
(0,0,0)
(0,0,0)
(0,0,0)
(0,0,0)
(0,0,0)
(0,0,0)
(0,0,0)
(0,0,0)
(0,0,0)
(0,0,0)
(0,0,0)
(0,0,0)
(0,0,0)
(0,0,0)
(0,0,0)
(0,0,0)
(0,0,0)
(0,0,0)
(0,0,0)
(0,0,0)
(0,0,0)
(0,0,0)
(0,0,0)
(0,0,0)
(0,0,0)
(0,0,0)
(0,0,0)
(0,0,0)
(0,0,0)
(0,0,0)
(0,0,0)
(0,0,0)
(0,0,0)
(0,0,0)
(0,0,0)
(0,0,0)
(0,0,0)
(0,0,0)
(0,0,0)
(0,0,0)
(0,0,0)
(0,0,0)
(0,0,0)
(0,0,0)
(0,0,0)
(0,0,0)
(0,0,0)
(0,0,0)
(0,0,0)
(0,0,0)
(0,0,0)
(0,0,0)
(0,0,0)
(0,0,0)
(0,0,0)
(0,0,0)
(0,0,0)
(0,0,0)
(0,0,0)
(0,0,0)
(0,0,0)
(0,0,0)
(0,0,0)
(0,0,0)
(0,0,0)
(0,0,0)
(0,0,0)
(0,0,0)
(0,0,0)
(0,0,0)
(0,0,0)
(0,0,0)
(0,0,0)
(0,0,0)
(0,0,0)
(0,0,0)
(0,0,0)
(0,0,0)
(0,0,0)
(0,0,0)
(0,0,0)
(0,0,0)
(0,0,0)
(0,0,0)
(0,0,0)
(0,0,0)
(0,0,0)
(0,0,0)
(0,0,0)
(0,0,0)
(0,0,0)
(0,0,0)
(0,0,0)
(0,0,0)
(0,0,0)
(0,0,0)
(0,0,0)
(0,0,0)
(0,0,0)
(0,0,0)
(0,0,0)
(0,0,0)
(0,0,0)
(0,0,0)
(0,0,0)
(0,0,0)
(0,0,0)
(0,0,0)
(0,0,0)
(0,0,0)
(0,0,0)
(0,0,0)
(0,0,0)
(0,0,0)
(0,0,0)
(0,0,0)
(0,0,0)
(0,0,0)
(0,0,0)
(0,0,0)
(0,0,0)
(0,0,0)
(0,0,0)
(0,0,0)
(0,0,0)
(0,0,0)
(0,0,0)
(0,0,0)
(0,0,0)
(0,0,0)
(0,0,0)
(0,0,0)
(0,0,0)
(0,0,0)
(0,0,0)
(0,0,0)
(0,0,0)
(0,0,0)
(0,0,0)
(0,0,0)
(0,0,0)
(0,0,0)
(0,0,0)
(0,0,0)
(0,0,0)
(0,0,0)
(0,0,0)
(0,0,0)
(0,0,0)
(0,0,0)
(0,0,0)
(0,0,0)
(0,0,0)
(0,0,0)
(0,0,0)
(0,0,0)
(0,0,0)
(0,0,0)
(0,0,0)
(0,0,0)
)
;

boundaryField
{
    fuel
    {
        type            fixedValue;
        value           uniform (0.1 0 0);
    }
    air
    {
        type            fixedValue;
        value           uniform (-0.1 0 0);
    }
    outlet
    {
        type            zeroGradient;
    }
    frontAndBack
    {
        type            empty;
    }
}


// ************************************************************************* //
 