/*--------------------------------*- C++ -*----------------------------------*\
| =========                 |                                                 |
| \\      /  F ield         | foam-extend: Open Source CFD                    |
|  \\    /   O peration     | Version:     4.0                                |
|   \\  /    A nd           | Web:         http://www.foam-extend.org         |
|    \\/     M anipulation  |                                                 |
\*---------------------------------------------------------------------------*/
FoamFile
{
    version 2.0;
    format ascii;
    class volVectorField;
    location "2685";
    object      H;
}
// * * * * * * * * * * * * * * * * * * * * * * * * * * * * * * * * * * * * * //

dimensions      [0 1 -1 0 0 0 0];

internalField   nonuniform List<vector>
4096
(
(0,0,0)
(0,0,0)
(0,0,0)
(0,0,0)
(0,0,0)
(0,0,0)
(0,0,0)
(0,0,0)
(0,0,0)
(0,0,0)
(0,0,0)
(0,0,0)
(0,0,0)
(0,0,0)
(0,0,0)
(0,0,0)
(0,0,0)
(0,0,0)
(0,0,0)
(0,0,0)
(0,0,0)
(0,0,0)
(0,0,0)
(0,0,0)
(0,0,0)
(0,0,0)
(0,0,0)
(0,0,0)
(0,0,0)
(0,0,0)
(0,0,0)
(0,0,0)
(0,0,0)
(0,0,0)
(0,0,0)
(0,0,0)
(0,0,0)
(0,0,0)
(0,0,0)
(0,0,0)
(0,0,0)
(0,0,0)
(0,0,0)
(0,0,0)
(0,0,0)
(0,0,0)
(0,0,0)
(0,0,0)
(0,0,0)
(0,0,0)
(0,0,0)
(0,0,0)
(0,0,0)
(0,0,0)
(0,0,0)
(0,0,0)
(0,0,0)
(0,0,0)
(0,0,0)
(0,0,0)
(0,0,0)
(0,0,0)
(0,0,0)
(0,0,0)
(0,0,0)
(0,0,0)
(0,0,0)
(0,0,0)
(0,0,0)
(0,0,0)
(0,0,0)
(0,0,0)
(0,0,0)
(0,0,0)
(0,0,0)
(0,0,0)
(0,0,0)
(0,0,0)
(0,0,0)
(0,0,0)
(0,0,0)
(0,0,0)
(0,0,0)
(0,0,0)
(0,0,0)
(0,0,0)
(0,0,0)
(0,0,0)
(0,0,0)
(0,0,0)
(0,0,0)
(0,0,0)
(0,0,0)
(0,0,0)
(0,0,0)
(0,0,0)
(0,0,0)
(0,0,0)
(0,0,0)
(0,0,0)
(0,0,0)
(0,0,0)
(0,0,0)
(0,0,0)
(0,0,0)
(0,0,0)
(0,0,0)
(0,0,0)
(0,0,0)
(0,0,0)
(0,0,0)
(0,0,0)
(0,0,0)
(0,0,0)
(0,0,0)
(0,0,0)
(0,0,0)
(0,0,0)
(0,0,0)
(0,0,0)
(0,0,0)
(0,0,0)
(0,0,0)
(0,0,0)
(0,0,0)
(0,0,0)
(0,0,0)
(0,0,0)
(0,0,0)
(0,0,0)
(0,0,0)
(0,0,0)
(0,0,0)
(0,0,0)
(0,0,0)
(0,0,0)
(0,0,0)
(0,0,0)
(0,0,0)
(0,0,0)
(0,0,0)
(0,0,0)
(0,0,0)
(0,0,0)
(0,0,0)
(0,0,0)
(0,0,0)
(0,0,0)
(0,0,0)
(0,0,0)
(0,0,0)
(0,0,0)
(0,0,0)
(0,0,0)
(0,0,0)
(0,0,0)
(0,0,0)
(0,0,0)
(0,0,0)
(0,0,0)
(0,0,0)
(0,0,0)
(0,0,0)
(0,0,0)
(0,0,0)
(0,0,0)
(0,0,0)
(0,0,0)
(0,0,0)
(0,0,0)
(0,0,0)
(0,0,0)
(0,0,0)
(0,0,0)
(0,0,0)
(0,0,0)
(0,0,0)
(0,0,0)
(0,0,0)
(0,0,0)
(0,0,0)
(0,0,0)
(0,0,0)
(0,0,0)
(0,0,0)
(0,0,0)
(0,0,0)
(0,0,0)
(0,0,0)
(0,0,0)
(0,0,0)
(0,0,0)
(0,0,0)
(0,0,0)
(0,0,0)
(0,0,0)
(0,0,0)
(0,0,0)
(0,0,0)
(0,0,0)
(0,0,0)
(0,0,0)
(0,0,0)
(0,0,0)
(0,0,0)
(0,0,0)
(0,0,0)
(0,0,0)
(0,0,0)
(0,0,0)
(0,0,0)
(0,0,0)
(0,0,0)
(0,0,0)
(0,0,0)
(0,0,0)
(0,0,0)
(0,0,0)
(0,0,0)
(0,0,0)
(0,0,0)
(0,0,0)
(0,0,0)
(0,0,0)
(0,0,0)
(0,0,0)
(0,0,0)
(0,0,0)
(0,0,0)
(0,0,0)
(0,0,0)
(0,0,0)
(0,0,0)
(0,0,0)
(0,0,0)
(0,0,0)
(0,0,0)
(0,0,0)
(0,0,0)
(0,0,0)
(0,0,0)
(0,0,0)
(0,0,0)
(0,0,0)
(0,0,0)
(0,0,0)
(0,0,0)
(0,0,0)
(0,0,0)
(0,0,0)
(0,0,0)
(0,0,0)
(0,0,0)
(0,0,0)
(0,0,0)
(0,0,0)
(0,0,0)
(0,0,0)
(0,0,0)
(0,0,0)
(0,0,0)
(0,0,0)
(0,0,0)
(0,0,0)
(0,0,0)
(0,0,0)
(0,0,0)
(0,0,0)
(0,0,0)
(0,0,0)
(0,0,0)
(0,0,0)
(0,0,0)
(0,0,0)
(0,0,0)
(0,0,0)
(0,0,0)
(0,0,0)
(0,0,0)
(0,0,0)
(0,0,0)
(0,0,0)
(0,0,0)
(0,0,0)
(0,0,0)
(0,0,0)
(0,0,0)
(0,0,0)
(0,0,0)
(0,0,0)
(0,0,0)
(0,0,0)
(0,0,0)
(0,0,0)
(0,0,0)
(0,0,0)
(0,0,0)
(0,0,0)
(0,0,0)
(0,0,0)
(0,0,0)
(0,0,0)
(0,0,0)
(0,0,0)
(0,0,0)
(0,0,0)
(0,0,0)
(0,0,0)
(0,0,0)
(0,0,0)
(0,0,0)
(0,0,0)
(0,0,0)
(0,0,0)
(0,0,0)
(0,0,0)
(0,0,0)
(0,0,0)
(0,0,0)
(0,0,0)
(0,0,0)
(0,0,0)
(0,0,0)
(0,0,0)
(0,0,0)
(0,0,0)
(0,0,0)
(0,0,0)
(0,0,0)
(0,0,0)
(0,0,0)
(0,0,0)
(0,0,0)
(0,0,0)
(0,0,0)
(0,0,0)
(0,0,0)
(0,0,0)
(0,0,0)
(0,0,0)
(0,0,0)
(0,0,0)
(0,0,0)
(0,0,0)
(0,0,0)
(0,0,0)
(0,0,0)
(0,0,0)
(0,0,0)
(0,0,0)
(0,0,0)
(0,0,0)
(0,0,0)
(0,0,0)
(0,0,0)
(0,0,0)
(0,0,0)
(0,0,0)
(0,0,0)
(0,0,0)
(0,0,0)
(0,0,0)
(0,0,0)
(0,0,0)
(0,0,0)
(0,0,0)
(0,0,0)
(0,0,0)
(0,0,0)
(0,0,0)
(0,0,0)
(0,0,0)
(0,0,0)
(0,0,0)
(0,0,0)
(0,0,0)
(0,0,0)
(0,0,0)
(0,0,0)
(0,0,0)
(0,0,0)
(0,0,0)
(0,0,0)
(0,0,0)
(0,0,0)
(0,0,0)
(0,0,0)
(0,0,0)
(0,0,0)
(0,0,0)
(0,0,0)
(0,0,0)
(0,0,0)
(0,0,0)
(0,0,0)
(0,0,0)
(0,0,0)
(0,0,0)
(0,0,0)
(0,0,0)
(0,0,0)
(0,0,0)
(0,0,0)
(0,0,0)
(0,0,0)
(0,0,0)
(0,0,0)
(0,0,0)
(0,0,0)
(0,0,0)
(0,0,0)
(0,0,0)
(0,0,0)
(0,0,0)
(0,0,0)
(0,0,0)
(0,0,0)
(0,0,0)
(0,0,0)
(0,0,0)
(0,0,0)
(0,0,0)
(0,0,0)
(0,0,0)
(0,0,0)
(0,0,0)
(0,0,0)
(0,0,0)
(0,0,0)
(0,0,0)
(0,0,0)
(0,0,0)
(0,0,0)
(0,0,0)
(0,0,0)
(0,0,0)
(0,0,0)
(0,0,0)
(0,0,0)
(0,0,0)
(0,0,0)
(0,0,0)
(0,0,0)
(0,0,0)
(0,0,0)
(0,0,0)
(0,0,0)
(0,0,0)
(0,0,0)
(0,0,0)
(0,0,0)
(0,0,0)
(0,0,0)
(0,0,0)
(0,0,0)
(0,0,0)
(0,0,0)
(0,0,0)
(0,0,0)
(0,0,0)
(0,0,0)
(0,0,0)
(0,0,0)
(0,0,0)
(0,0,0)
(0,0,0)
(0,0,0)
(0,0,0)
(0,0,0)
(0,0,0)
(0,0,0)
(0,0,0)
(0,0,0)
(0,0,0)
(0,0,0)
(0,0,0)
(0,0,0)
(0,0,0)
(0,0,0)
(0,0,0)
(0,0,0)
(0,0,0)
(0,0,0)
(0,0,0)
(0,0,0)
(0,0,0)
(0,0,0)
(0,0,0)
(0,0,0)
(0,0,0)
(0,0,0)
(0,0,0)
(0,0,0)
(0,0,0)
(0,0,0)
(0,0,0)
(0,0,0)
(0,0,0)
(0,0,0)
(0,0,0)
(0,0,0)
(0,0,0)
(0,0,0)
(0,0,0)
(0,0,0)
(0,0,0)
(0,0,0)
(0,0,0)
(0,0,0)
(0,0,0)
(0,0,0)
(0,0,0)
(0,0,0)
(0,0,0)
(0,0,0)
(0,0,0)
(0,0,0)
(0,0,0)
(0,0,0)
(0,0,0)
(0,0,0)
(0,0,0)
(0,0,0)
(0,0,0)
(0,0,0)
(0,0,0)
(0,0,0)
(0,0,0)
(0,0,0)
(0,0,0)
(0,0,0)
(0,0,0)
(0,0,0)
(0,0,0)
(0,0,0)
(0,0,0)
(0,0,0)
(0,0,0)
(0,0,0)
(0,0,0)
(0,0,0)
(0,0,0)
(0,0,0)
(0,0,0)
(0,0,0)
(0,0,0)
(0,0,0)
(0,0,0)
(0,0,0)
(0,0,0)
(0,0,0)
(0,0,0)
(0,0,0)
(0,0,0)
(0,0,0)
(0,0,0)
(0,0,0)
(0,0,0)
(0,0,0)
(0,0,0)
(0,0,0)
(0,0,0)
(0,0,0)
(0,0,0)
(0,0,0)
(0,0,0)
(0,0,0)
(0,0,0)
(0,0,0)
(0,0,0)
(0,0,0)
(0,0,0)
(0,0,0)
(0,0,0)
(0,0,0)
(0,0,0)
(0,0,0)
(0,0,0)
(0,0,0)
(0,0,0)
(0,0,0)
(0,0,0)
(0,0,0)
(0,0,0)
(0,0,0)
(0,0,0)
(0,0,0)
(0,0,0)
(0,0,0)
(0,0,0)
(0,0,0)
(0,0,0)
(0,0,0)
(0,0,0)
(0,0,0)
(0,0,0)
(0,0,0)
(0,0,0)
(0,0,0)
(0,0,0)
(0,0,0)
(0,0,0)
(0,0,0)
(0,0,0)
(0,0,0)
(0,0,0)
(0,0,0)
(0,0,0)
(0,0,0)
(0,0,0)
(0,0,0)
(0,0,0)
(0,0,0)
(0,0,0)
(0,0,0)
(0,0,0)
(0,0,0)
(0,0,0)
(0,0,0)
(0,0,0)
(0,0,0)
(0,0,0)
(0,0,0)
(0,0,0)
(0,0,0)
(0,0,0)
(0,0,0)
(0,0,0)
(0,0,0)
(0,0,0)
(0,0,0)
(0,0,0)
(0,0,0)
(0,0,0)
(0,0,0)
(0,0,0)
(0,0,0)
(0,0,0)
(0,0,0)
(0,0,0)
(0,0,0)
(0,0,0)
(0,0,0)
(0,0,0)
(0,0,0)
(0,0,0)
(0,0,0)
(0,0,0)
(0,0,0)
(0,0,0)
(0,0,0)
(0,0,0)
(0,0,0)
(0,0,0)
(0,0,0)
(0,0,0)
(0,0,0)
(0,0,0)
(0,0,0)
(0,0,0)
(0,0,0)
(0,0,0)
(0,0,0)
(0,0,0)
(0,0,0)
(0,0,0)
(0,0,0)
(0,0,0)
(0,0,0)
(0,0,0)
(0,0,0)
(0,0,0)
(0,0,0)
(0,0,0)
(0,0,0)
(0,0,0)
(0,0,0)
(0,0,0)
(0,0,0)
(0,0,0)
(0,0,0)
(0,0,0)
(0,0,0)
(0,0,0)
(0,0,0)
(0,0,0)
(0,0,0)
(0,0,0)
(0,0,0)
(0,0,0)
(0,0,0)
(0,0,0)
(0,0,0)
(0,0,0)
(0,0,0)
(0,0,0)
(0,0,0)
(0,0,0)
(0,0,0)
(0,0,0)
(0,0,0)
(0,0,0)
(0,0,0)
(0,0,0)
(0,0,0)
(0,0,0)
(0,0,0)
(0,0,0)
(0,0,0)
(0,0,0)
(0,0,0)
(0,0,0)
(0,0,0)
(0,0,0)
(0,0,0)
(0,0,0)
(0,0,0)
(0,0,0)
(0,0,0)
(0,0,0)
(0,0,0)
(0,0,0)
(0,0,0)
(0,0,0)
(0,0,0)
(0,0,0)
(0,0,0)
(0,0,0)
(0,0,0)
(0,0,0)
(0,0,0)
(0,0,0)
(0,0,0)
(0,0,0)
(0,0,0)
(0,0,0)
(0,0,0)
(0,0,0)
(0,0,0)
(0,0,0)
(0,0,0)
(0,0,0)
(0,0,0)
(0,0,0)
(0,0,0)
(0,0,0)
(0,0,0)
(0,0,0)
(0,0,0)
(0,0,0)
(0,0,0)
(0,0,0)
(0,0,0)
(0,0,0)
(0,0,0)
(0,0,0)
(0,0,0)
(0,0,0)
(0,0,0)
(0,0,0)
(0,0,0)
(0,0,0)
(0,0,0)
(0,0,0)
(0,0,0)
(0,0,0)
(0,0,0)
(0,0,0)
(0,0,0)
(0,0,0)
(0,0,0)
(0,0,0)
(0,0,0)
(0,0,0)
(0,0,0)
(0,0,0)
(0,0,0)
(0,0,0)
(0,0,0)
(0,0,0)
(0,0,0)
(0,0,0)
(0,0,0)
(0,0,0)
(0,0,0)
(0,0,0)
(0,0,0)
(0,0,0)
(0,0,0)
(0,0,0)
(0,0,0)
(0,0,0)
(0,0,0)
(0,0,0)
(0,0,0)
(0,0,0)
(0,0,0)
(0,0,0)
(0,0,0)
(0,0,0)
(0,0,0)
(0,0,0)
(0,0,0)
(0,0,0)
(0,0,0)
(0,0,0)
(0,0,0)
(0,0,0)
(0,0,0)
(0,0,0)
(0,0,0)
(0,0,0)
(0,0,0)
(0,0,0)
(0,0,0)
(0,0,0)
(0,0,0)
(0,0,0)
(0,0,0)
(-7.69151654880912e-13,-4.87471269390893e-12,5.79448455906577e-12)
(-5.91158782384686e-13,-1.23495526833515e-11,6.22065622098225e-12)
(-7.99026309488138e-13,-2.33664746457627e-11,6.50006802127745e-12)
(-1.31766238508306e-12,-4.01870845915187e-11,6.13842932353653e-12)
(-1.66864462243398e-12,-6.36267503725506e-11,5.00952782307425e-12)
(-2.87670207779289e-12,-9.94920099298243e-11,3.59594107463315e-12)
(-4.33516995803865e-12,-1.55913169303499e-10,2.47147742183542e-12)
(-6.97299559822048e-12,-2.49545920837776e-10,1.85262658588845e-12)
(-7.87347554233485e-12,-4.06388098461201e-10,8.91730718242521e-13)
(-8.44130154859562e-12,-6.2582546660624e-10,4.14157011520093e-13)
(0,0,0)
(0,0,0)
(0,0,0)
(0,0,0)
(0,0,0)
(0,0,0)
(-1.72951013606464e-12,-4.98730921875582e-12,1.36300961707991e-11)
(-1.90436923084251e-12,-1.24670174372879e-11,1.36672696921678e-11)
(-1.96359702965918e-12,-2.30079372845009e-11,1.355622862433e-11)
(-3.7423962100765e-12,-3.9245183454885e-11,1.28130752973377e-11)
(-4.55426145333807e-12,-6.23158675925871e-11,1.06059956314977e-11)
(-6.22846255976101e-12,-9.8318966460761e-11,8.05964835861122e-12)
(-9.3199348389875e-12,-1.55316025793986e-10,5.64838153141071e-12)
(-1.27362423345709e-11,-2.49421869113804e-10,4.12800602611538e-12)
(-1.4165098982771e-11,-4.06756188677983e-10,2.65589597692376e-12)
(-1.47035399327227e-11,-6.25938988184642e-10,1.15905458535566e-12)
(0,0,0)
(0,0,0)
(0,0,0)
(0,0,0)
(0,0,0)
(0,0,0)
(-2.89190913263163e-12,-4.95521968975889e-12,2.73661095793675e-11)
(-4.34430081073615e-12,-1.23387298962281e-11,2.69448183892225e-11)
(-5.13781060546151e-12,-2.22093884346008e-11,2.57704650225851e-11)
(-7.68496076709654e-12,-3.73997096910259e-11,2.37841564715885e-11)
(-9.17580752473974e-12,-5.98511657525653e-11,2.00368256795051e-11)
(-1.12931116686309e-11,-9.57802890556225e-11,1.5905163096654e-11)
(-1.4313950436321e-11,-1.53976501496601e-10,1.16550087359501e-11)
(-1.69720599777572e-11,-2.49193731017093e-10,8.49309745668181e-12)
(-1.89499787801337e-11,-4.06895999227115e-10,6.04552354736862e-12)
(-1.97665984842129e-11,-6.25964086375435e-10,3.04532583299039e-12)
(0,0,0)
(0,0,0)
(0,0,0)
(0,0,0)
(0,0,0)
(0,0,0)
(-4.08901975623094e-12,-4.81570443767269e-12,4.42630573373282e-11)
(-6.12223665620378e-12,-1.15828371846365e-11,4.34838433103886e-11)
(-7.0207318668141e-12,-2.04220133544778e-11,4.18106486978256e-11)
(-1.0152674705334e-11,-3.40085361008408e-11,3.92972020033958e-11)
(-1.34155639057385e-11,-5.55421716064352e-11,3.51343133637534e-11)
(-1.51565060843272e-11,-9.10684430931756e-11,2.99216899622566e-11)
(-1.7074317316154e-11,-1.50358039627107e-10,2.38139432479991e-11)
(-1.93194319572405e-11,-2.47418982546371e-10,1.83257223826537e-11)
(-2.15871965842276e-11,-4.05541797324994e-10,1.29567708400525e-11)
(-2.27838541532391e-11,-6.24582322088006e-10,6.6430568453311e-12)
(0,0,0)
(0,0,0)
(0,0,0)
(0,0,0)
(0,0,0)
(0,0,0)
(-4.89098203055281e-12,-4.44268791241997e-12,6.83723905061722e-11)
(-7.96790826801983e-12,-1.01975009910049e-11,6.68486446207089e-11)
(-9.54038598534514e-12,-1.76182083125514e-11,6.47631575230144e-11)
(-1.25274368565257e-11,-2.94331189969966e-11,6.22288178875841e-11)
(-1.64680363755409e-11,-4.95188260127341e-11,5.8178769466236e-11)
(-1.78017875857107e-11,-8.39876179236154e-11,5.2598258140205e-11)
(-1.69830329931795e-11,-1.44014513115964e-10,4.55922043984618e-11)
(-1.81626277585537e-11,-2.43119240810052e-10,3.61482763288658e-11)
(-2.03771202033234e-11,-4.0115435412795e-10,2.55010683559976e-11)
(-2.15293326367143e-11,-6.19864205202403e-10,1.33005051687907e-11)
(0,0,0)
(0,0,0)
(0,0,0)
(0,0,0)
(0,0,0)
(0,0,0)
(-5.3203938091565e-12,-3.55583834546529e-12,1.04017184896421e-10)
(-1.00262700998322e-11,-8.21875375601498e-12,1.025809191517e-10)
(-1.30607501116798e-11,-1.41783835154623e-11,1.00043723934653e-10)
(-1.57245936795869e-11,-2.41384094907971e-11,9.68809413266428e-11)
(-1.77652597214512e-11,-4.25389684172366e-11,9.29083994977693e-11)
(-1.78287487325568e-11,-7.59749001102709e-11,8.71503463733796e-11)
(-1.64957731128922e-11,-1.36025310010893e-10,7.8217277501817e-11)
(-1.6406013265511e-11,-2.34270595489054e-10,6.44317151865182e-11)
(-1.7755182806098e-11,-3.903678383187e-10,4.65001828430362e-11)
(-1.86626827861475e-11,-6.0773084995309e-10,2.46327109235984e-11)
(0,0,0)
(0,0,0)
(0,0,0)
(0,0,0)
(0,0,0)
(0,0,0)
(-5.69010540535549e-12,-2.31723443435091e-12,1.58170909235996e-10)
(-1.0343820768319e-11,-5.54076130021002e-12,1.56727031312079e-10)
(-1.40639194245104e-11,-1.00863170223561e-11,1.5412291738491e-10)
(-1.6767775817739e-11,-1.87924106002395e-11,1.51035691908696e-10)
(-1.79889706028514e-11,-3.52903381327881e-11,1.47513377757299e-10)
(-1.70544480437333e-11,-6.61742410028425e-11,1.41369263458069e-10)
(-1.59088630763195e-11,-1.2398001566846e-10,1.29340882249309e-10)
(-1.50800647147072e-11,-2.1792588612683e-10,1.10682727851331e-10)
(-1.46336536786851e-11,-3.69240013280352e-10,8.23139009766809e-11)
(-1.39143320330301e-11,-5.83365511518699e-10,4.46206024968476e-11)
(0,0,0)
(0,0,0)
(0,0,0)
(0,0,0)
(0,0,0)
(0,0,0)
(-5.60050597241483e-12,-1.32313273238397e-12,2.49953225727295e-10)
(-1.02878906346517e-11,-3.04159045908946e-12,2.48739668437667e-10)
(-1.46025844862638e-11,-6.62283921858281e-12,2.46677949187314e-10)
(-1.71770544848018e-11,-1.46759196962642e-11,2.44034047588466e-10)
(-1.8000892809168e-11,-2.9199282261086e-11,2.40259798595944e-10)
(-1.70539992068744e-11,-5.61130288397146e-11,2.32702634037857e-10)
(-1.45129122009316e-11,-1.06647154528867e-10,2.17761589232626e-10)
(-1.26111548634922e-11,-1.90487931798181e-10,1.91067452623934e-10)
(-1.10592682914284e-11,-3.32023470969936e-10,1.47370494226671e-10)
(-9.7298587751834e-12,-5.38694662801707e-10,8.33172284886065e-11)
(0,0,0)
(0,0,0)
(0,0,0)
(0,0,0)
(0,0,0)
(0,0,0)
(-4.73873882540748e-12,-9.47212667443607e-13,4.06050697683339e-10)
(-9.51825697759107e-12,-1.67540965130517e-12,4.04844852069807e-10)
(-1.35799641355125e-11,-4.41281244401914e-12,4.03364423579106e-10)
(-1.56353782019265e-11,-1.10624249874589e-11,4.01117052742898e-10)
(-1.64027620778214e-11,-2.18930777010878e-11,3.96298501006281e-10)
(-1.6406921502128e-11,-4.19558444977231e-11,3.8620142414625e-10)
(-1.39902143552371e-11,-8.00121640934142e-11,3.66609780060304e-10)
(-1.16754543437746e-11,-1.47023033923415e-10,3.30741341898912e-10)
(-9.1626052812064e-12,-2.68307986831243e-10,2.67220674074201e-10)
(-8.19310323458916e-12,-4.55362230334874e-10,1.60402027492394e-10)
(0,0,0)
(0,0,0)
(0,0,0)
(0,0,0)
(0,0,0)
(0,0,0)
(-5.01689944185162e-12,-5.14389637317716e-13,6.24758156259988e-10)
(-9.85651597053005e-12,-7.21862547334613e-13,6.23547496097444e-10)
(-1.38181197208497e-11,-2.38960031726932e-12,6.22514352228044e-10)
(-1.53984960505657e-11,-6.16092992067817e-12,6.20121594536853e-10)
(-1.62196304313015e-11,-1.18126042119078e-11,6.14460752132835e-10)
(-1.63900641408977e-11,-2.27244700159893e-11,6.03074351350174e-10)
(-1.37474509360193e-11,-4.38305363634522e-11,5.80222771279322e-10)
(-1.15134756367555e-11,-8.34069103785749e-11,5.36787941344922e-10)
(-8.69876021070875e-12,-1.61331637842391e-10,4.53546166405788e-10)
(-7.65176465981791e-12,-2.94347256100132e-10,2.92882132455439e-10)
(0,0,0)
(0,0,0)
(0,0,0)
(0,0,0)
(0,0,0)
(0,0,0)
(0,0,0)
(0,0,0)
(0,0,0)
(0,0,0)
(0,0,0)
(0,0,0)
(0,0,0)
(0,0,0)
(0,0,0)
(0,0,0)
(0,0,0)
(0,0,0)
(0,0,0)
(0,0,0)
(0,0,0)
(0,0,0)
(0,0,0)
(0,0,0)
(0,0,0)
(0,0,0)
(0,0,0)
(0,0,0)
(0,0,0)
(0,0,0)
(0,0,0)
(0,0,0)
(0,0,0)
(0,0,0)
(0,0,0)
(0,0,0)
(0,0,0)
(0,0,0)
(0,0,0)
(0,0,0)
(0,0,0)
(0,0,0)
(0,0,0)
(0,0,0)
(0,0,0)
(0,0,0)
(0,0,0)
(0,0,0)
(0,0,0)
(0,0,0)
(0,0,0)
(0,0,0)
(0,0,0)
(0,0,0)
(0,0,0)
(0,0,0)
(0,0,0)
(0,0,0)
(0,0,0)
(0,0,0)
(0,0,0)
(0,0,0)
(0,0,0)
(0,0,0)
(0,0,0)
(0,0,0)
(0,0,0)
(0,0,0)
(0,0,0)
(0,0,0)
(0,0,0)
(0,0,0)
(0,0,0)
(0,0,0)
(0,0,0)
(0,0,0)
(0,0,0)
(0,0,0)
(0,0,0)
(0,0,0)
(0,0,0)
(0,0,0)
(0,0,0)
(0,0,0)
(0,0,0)
(0,0,0)
(0,0,0)
(0,0,0)
(0,0,0)
(0,0,0)
(0,0,0)
(0,0,0)
(0,0,0)
(0,0,0)
(0,0,0)
(0,0,0)
(0,0,0)
(0,0,0)
(0,0,0)
(0,0,0)
(0,0,0)
(0,0,0)
(-1.08272679194966e-12,-1.05100576349261e-11,1.18834720188008e-11)
(-7.53105828742116e-13,-2.39032231069679e-11,1.16714620147065e-11)
(-7.95924973017106e-13,-4.38034119631043e-11,1.1587227246959e-11)
(-1.13066202127027e-12,-7.35416086094708e-11,1.0512039666309e-11)
(-1.56594065400751e-12,-1.14405257937696e-10,8.18663587953929e-12)
(-2.92528189403078e-12,-1.76078088944818e-10,5.27827370588416e-12)
(-4.31346263151343e-12,-2.72725877385322e-10,2.62283860587537e-12)
(-6.13615145467795e-12,-4.35912421595394e-10,1.23046049248597e-12)
(-7.02781161916893e-12,-7.49624539489774e-10,3.47708098870526e-13)
(-7.91362295914997e-12,-1.4697557203006e-09,3.36486012798673e-13)
(0,0,0)
(0,0,0)
(0,0,0)
(0,0,0)
(0,0,0)
(0,0,0)
(-1.79877318642998e-12,-1.04607107562361e-11,2.7130993890666e-11)
(-1.9216157040566e-12,-2.38327090776005e-11,2.61893859372577e-11)
(-2.01899255257514e-12,-4.27480703812064e-11,2.49925895990524e-11)
(-3.38079030809679e-12,-7.11644154195681e-11,2.25833059620701e-11)
(-4.4726160204634e-12,-1.11389606570263e-10,1.78269440075355e-11)
(-6.35587313771961e-12,-1.73353837804047e-10,1.19626135474839e-11)
(-9.13908363123467e-12,-2.71509366619733e-10,6.3732140406311e-12)
(-1.14922703817382e-11,-4.36155292095393e-10,3.50937616664794e-12)
(-1.25284470417029e-11,-7.50686700463511e-10,2.0639474455916e-12)
(-1.35193871565458e-11,-1.47019600406771e-09,9.25700865763927e-13)
(0,0,0)
(0,0,0)
(0,0,0)
(0,0,0)
(0,0,0)
(0,0,0)
(-2.6101331945729e-12,-9.98934579954001e-12,5.09011918780238e-11)
(-3.9258401556863e-12,-2.27390333113945e-11,4.91471975483204e-11)
(-4.93887713456703e-12,-4.02286533326309e-11,4.62034034342521e-11)
(-7.3288035652003e-12,-6.65360099118614e-11,4.16305658475315e-11)
(-9.35313908806676e-12,-1.05439757902966e-10,3.39273879825694e-11)
(-1.17548032703278e-11,-1.67665284639125e-10,2.42624452776275e-11)
(-1.47705010265569e-11,-2.68834601193274e-10,1.42638853770744e-11)
(-1.62992345392894e-11,-4.36225474343536e-10,9.15473336328406e-12)
(-1.73039829679584e-11,-7.51301463159295e-10,6.68337149483036e-12)
(-1.81030369388565e-11,-1.47044496083791e-09,3.58274459659032e-12)
(0,0,0)
(0,0,0)
(0,0,0)
(0,0,0)
(0,0,0)
(0,0,0)
(-3.68282225454381e-12,-8.90472129305547e-12,8.10754485928272e-11)
(-5.83437823727296e-12,-2.01362662365203e-11,7.89638944731592e-11)
(-7.31109021431712e-12,-3.56396108949128e-11,7.53456084710705e-11)
(-1.05652031695297e-11,-5.91002199400901e-11,6.95231397253812e-11)
(-1.42262860979368e-11,-9.56835078423497e-11,6.01528550035504e-11)
(-1.61295845396261e-11,-1.57160041600283e-10,4.7808457663966e-11)
(-1.79296229619455e-11,-2.62559350426795e-10,3.40638426008104e-11)
(-1.82502221510008e-11,-4.35172049648764e-10,2.55663988516177e-11)
(-1.96609257857172e-11,-7.50569377527875e-10,1.8661840508424e-11)
(-2.08589141928603e-11,-1.46899887755986e-09,1.01013424931914e-11)
(0,0,0)
(0,0,0)
(0,0,0)
(0,0,0)
(0,0,0)
(0,0,0)
(-4.2540857120441e-12,-7.44074641776852e-12,1.22848714997023e-10)
(-7.86116840531853e-12,-1.65277136339318e-11,1.20282246237689e-10)
(-1.04458711470071e-11,-2.9340243647148e-11,1.16468732387106e-10)
(-1.37720979413813e-11,-4.9399313039101e-11,1.10668137104867e-10)
(-1.78673826449942e-11,-8.21595552737113e-11,1.0161333059764e-10)
(-1.88084516573451e-11,-1.40203976168445e-10,9.06357438571454e-11)
(-1.55283080286315e-11,-2.48696519350246e-10,8.06225722904391e-11)
(-1.63640651065606e-11,-4.3040254642632e-10,6.19890590778454e-11)
(-1.89630728255234e-11,-7.4533252934579e-10,4.33585401145193e-11)
(-2.03621827178418e-11,-1.46177895979769e-09,2.28126917753867e-11)
(0,0,0)
(0,0,0)
(0,0,0)
(0,0,0)
(0,0,0)
(0,0,0)
(-5.12273197554987e-12,-5.49836595990856e-12,1.83725812566965e-10)
(-1.01670673385932e-11,-1.25160654174866e-11,1.8147748936241e-10)
(-1.39900339967823e-11,-2.24881165112196e-11,1.77380985101193e-10)
(-1.70980507412656e-11,-3.8795493466463e-11,1.71529801145352e-10)
(-1.92558368814927e-11,-6.76268656389441e-11,1.63573429479359e-10)
(-1.86963389684569e-11,-1.23470021278804e-10,1.53614832976093e-10)
(-1.4755505140007e-11,-2.36694224903132e-10,1.41110544824e-10)
(-1.48191902842368e-11,-4.17476734727709e-10,1.1545800678636e-10)
(-1.70155359250497e-11,-7.28565990708646e-10,8.23887908089124e-11)
(-1.83953102965752e-11,-1.44177853924521e-09,4.33383659904155e-11)
(0,0,0)
(0,0,0)
(0,0,0)
(0,0,0)
(0,0,0)
(0,0,0)
(-5.24032918340665e-12,-3.60038000488013e-12,2.76244898502405e-10)
(-1.02388776822683e-11,-8.51973728368223e-12,2.74462956167956e-10)
(-1.44401717520642e-11,-1.60025387956617e-11,2.70805404607155e-10)
(-1.73619525703274e-11,-2.91471030389635e-11,2.65778906355947e-10)
(-1.79359121753035e-11,-5.37380149523486e-11,2.60115057025446e-10)
(-1.50872789980765e-11,-1.04462056074505e-10,2.51568041404019e-10)
(-1.45835698179442e-11,-2.17438240908757e-10,2.30325309699001e-10)
(-1.41491921687929e-11,-3.89679448303796e-10,1.99600764424439e-10)
(-1.41568975093979e-11,-6.92340637348718e-10,1.46753136118815e-10)
(-1.39645782528358e-11,-1.40032536424716e-09,7.88563350555869e-11)
(0,0,0)
(0,0,0)
(0,0,0)
(0,0,0)
(0,0,0)
(0,0,0)
(-4.76286874772711e-12,-2.1769863919101e-12,4.35604848193596e-10)
(-9.5923521920817e-12,-5.10931814738927e-12,4.3433786177001e-10)
(-1.41687096619757e-11,-1.07818949134674e-11,4.31520135393482e-10)
(-1.70163002010854e-11,-2.26887389058975e-11,4.27456320178756e-10)
(-1.77499328111025e-11,-4.56864308869883e-11,4.22037154816467e-10)
(-1.62701387436081e-11,-9.27321683053195e-11,4.1176033589995e-10)
(-1.44537660276662e-11,-1.88917268186289e-10,3.87982787583194e-10)
(-1.23790943411132e-11,-3.38727264055927e-10,3.39416115211482e-10)
(-1.07214866919928e-11,-6.2543433981098e-10,2.60826355600122e-10)
(-9.74506275390487e-12,-1.32173338015476e-09,1.48046455279878e-10)
(0,0,0)
(0,0,0)
(0,0,0)
(0,0,0)
(0,0,0)
(0,0,0)
(-3.96571624200165e-12,-1.49919808004698e-12,7.47003274876288e-10)
(-8.9913755908595e-12,-2.80519176425803e-12,7.45843068020327e-10)
(-1.33558054260516e-11,-6.95824121931291e-12,7.43597966062282e-10)
(-1.57183215320817e-11,-1.70004373641666e-11,7.3982800302382e-10)
(-1.63861587069587e-11,-3.5268355347832e-11,7.32289506136082e-10)
(-1.6046651897938e-11,-7.11197275867942e-11,7.16500810843174e-10)
(-1.43034039238028e-11,-1.40560921052917e-10,6.8406594526136e-10)
(-1.17709100639008e-11,-2.60029371091955e-10,6.20653265561403e-10)
(-9.32030768826012e-12,-5.12326115431549e-10,5.09437975553383e-10)
(-8.80604997697914e-12,-1.17251587863382e-09,3.18161743639242e-10)
(0,0,0)
(0,0,0)
(0,0,0)
(0,0,0)
(0,0,0)
(0,0,0)
(-4.32062891662528e-12,-7.25700165778931e-13,1.46484481551686e-09)
(-9.54523464846465e-12,-1.01234890781909e-12,1.46389305127257e-09)
(-1.3814962346931e-11,-3.44606406462188e-12,1.46227351915908e-09)
(-1.5898583567226e-11,-9.32290147461503e-12,1.45835768966928e-09)
(-1.66458338605546e-11,-1.91195973119584e-11,1.44895399248259e-09)
(-1.62629540860448e-11,-3.86348972166041e-11,1.42991355037705e-09)
(-1.41431573650938e-11,-7.63537462963277e-11,1.39158660584079e-09)
(-1.16786110761674e-11,-1.47920389313919e-10,1.31618185805128e-09)
(-9.36636410275446e-12,-3.19865730734436e-10,1.16918145941827e-09)
(-9.11688830439539e-12,-8.52339808796134e-10,8.50491765249025e-10)
(0,0,0)
(0,0,0)
(0,0,0)
(0,0,0)
(0,0,0)
(0,0,0)
(0,0,0)
(0,0,0)
(0,0,0)
(0,0,0)
(0,0,0)
(0,0,0)
(0,0,0)
(0,0,0)
(0,0,0)
(0,0,0)
(0,0,0)
(0,0,0)
(0,0,0)
(0,0,0)
(0,0,0)
(0,0,0)
(0,0,0)
(0,0,0)
(0,0,0)
(0,0,0)
(0,0,0)
(0,0,0)
(0,0,0)
(0,0,0)
(0,0,0)
(0,0,0)
(0,0,0)
(0,0,0)
(0,0,0)
(0,0,0)
(0,0,0)
(0,0,0)
(0,0,0)
(0,0,0)
(0,0,0)
(0,0,0)
(0,0,0)
(0,0,0)
(0,0,0)
(0,0,0)
(0,0,0)
(0,0,0)
(0,0,0)
(0,0,0)
(0,0,0)
(0,0,0)
(0,0,0)
(0,0,0)
(0,0,0)
(0,0,0)
(0,0,0)
(0,0,0)
(0,0,0)
(0,0,0)
(0,0,0)
(0,0,0)
(0,0,0)
(0,0,0)
(0,0,0)
(0,0,0)
(0,0,0)
(0,0,0)
(0,0,0)
(0,0,0)
(0,0,0)
(0,0,0)
(0,0,0)
(0,0,0)
(0,0,0)
(0,0,0)
(0,0,0)
(0,0,0)
(0,0,0)
(0,0,0)
(0,0,0)
(0,0,0)
(0,0,0)
(0,0,0)
(0,0,0)
(0,0,0)
(0,0,0)
(0,0,0)
(0,0,0)
(0,0,0)
(0,0,0)
(0,0,0)
(0,0,0)
(0,0,0)
(0,0,0)
(0,0,0)
(0,0,0)
(0,0,0)
(0,0,0)
(0,0,0)
(0,0,0)
(0,0,0)
(-9.20063666475288e-13,-1.56046551007195e-11,1.69146072855354e-11)
(-7.39385091062678e-13,-3.39673458722532e-11,1.61319709172617e-11)
(-7.76078973283787e-13,-5.97433798526335e-11,1.52469516863285e-11)
(-1.18245142474333e-12,-9.56756775693692e-11,1.28378225382852e-11)
(-1.6732298478742e-12,-1.45046852323635e-10,8.86127094277451e-12)
(-2.99409793436541e-12,-2.16383048462419e-10,3.97703902107723e-12)
(-4.13759528438047e-12,-3.19988640646171e-10,-4.0313737242619e-13)
(-5.01052856121782e-12,-4.7030362235028e-10,-2.03084411791557e-12)
(-5.95442855886201e-12,-6.85424914535432e-10,-1.84863976398627e-12)
(-7.13685317992041e-12,-9.47996280516279e-10,-5.5427456822663e-13)
(0,0,0)
(0,0,0)
(0,0,0)
(0,0,0)
(0,0,0)
(0,0,0)
(-1.32853018974e-12,-1.52182849640322e-11,3.79620739926792e-11)
(-1.81849513205893e-12,-3.29484388586907e-11,3.62715324466921e-11)
(-2.12912596620552e-12,-5.7122977795836e-11,3.36067768039993e-11)
(-3.25283386060282e-12,-9.14396664704282e-11,2.83985870524231e-11)
(-4.55813422730787e-12,-1.39990789760326e-10,1.9962062046246e-11)
(-6.45502679594735e-12,-2.11976469992852e-10,9.30347248882367e-12)
(-8.95001118432897e-12,-3.18415962293813e-10,-9.25436581985655e-13)
(-9.97665941144421e-12,-4.71122645465429e-10,-3.72101077314642e-12)
(-1.07754377659944e-11,-6.8746304871711e-10,-2.6087651329203e-12)
(-1.23447295201491e-11,-9.49247407946096e-10,-9.31648646571473e-13)
(0,0,0)
(0,0,0)
(0,0,0)
(0,0,0)
(0,0,0)
(0,0,0)
(-1.9407633732057e-12,-1.39377107213455e-11,6.83805471996476e-11)
(-3.58481311561206e-12,-3.00376808209539e-11,6.53948020252152e-11)
(-4.95508198483498e-12,-5.17075893660134e-11,6.04336925536243e-11)
(-7.06141567243924e-12,-8.30126852909304e-11,5.21808290936661e-11)
(-9.44444644420433e-12,-1.29234568523734e-10,3.89130482298214e-11)
(-1.22614864082965e-11,-2.02190713708149e-10,2.05020522891057e-11)
(-1.59365997788038e-11,-3.16606892507149e-10,-4.25705498857891e-13)
(-1.48812973664122e-11,-4.74593691981192e-10,-3.36634072072503e-12)
(-1.49354416997854e-11,-6.90961616559681e-10,-4.73365427520399e-13)
(-1.59663756209865e-11,-9.51497110974855e-10,8.36169900775468e-13)
(0,0,0)
(0,0,0)
(0,0,0)
(0,0,0)
(0,0,0)
(0,0,0)
(-3.03524301074592e-12,-1.13741590608e-11,1.05990024659151e-10)
(-5.82464483668234e-12,-2.47860387708022e-11,1.02580431441915e-10)
(-7.78798871699581e-12,-4.33974066515555e-11,9.67842634369649e-11)
(-1.08958253498441e-11,-7.02693558265743e-11,8.69449560862437e-11)
(-1.54058413268028e-11,-1.10979067285858e-10,7.06818504489135e-11)
(-1.9341034907806e-11,-1.81525178060621e-10,4.59255925603404e-11)
(-2.32950102888536e-11,-3.11986963272729e-10,1.18809687990701e-11)
(-1.61151670303669e-11,-4.82374689460747e-10,1.05327417428092e-11)
(-1.6337275951969e-11,-6.96183525249226e-10,1.21292105177337e-11)
(-1.79774894628509e-11,-9.53387761713561e-10,8.22844496176979e-12)
(0,0,0)
(0,0,0)
(0,0,0)
(0,0,0)
(0,0,0)
(0,0,0)
(-3.6299974113499e-12,-8.76836109128423e-12,1.56670251189045e-10)
(-8.05930276997322e-12,-1.9048467059327e-11,1.53179473491146e-10)
(-1.14974030021308e-11,-3.3533246625135e-11,1.47423418424649e-10)
(-1.53211110067595e-11,-5.41884543195351e-11,1.37983652693405e-10)
(-2.1422485537745e-11,-8.50853410916073e-11,1.23199116496919e-10)
(-2.55292349814232e-11,-1.416013529273e-10,1.05646249796882e-10)
(-8.89708926390892e-12,-2.76081090577401e-10,1.08504391985564e-10)
(-1.06593578421836e-11,-4.90921995356467e-10,6.8805466432273e-11)
(-1.51837631215664e-11,-6.98078490126079e-10,4.73690190044159e-11)
(-1.75499114954209e-11,-9.48753755347648e-10,2.5240287447009e-11)
(0,0,0)
(0,0,0)
(0,0,0)
(0,0,0)
(0,0,0)
(0,0,0)
(-4.77239472581494e-12,-6.08076737324979e-12,2.26928909170236e-10)
(-1.00668912117592e-11,-1.35059861564035e-11,2.23945138310726e-10)
(-1.46244277562208e-11,-2.36634748087582e-11,2.18361721031643e-10)
(-1.87900695013357e-11,-3.77542491403664e-11,2.10253563163204e-10)
(-2.31860910659751e-11,-6.01573680175631e-11,1.99270862299488e-10)
(-2.52000160205056e-11,-1.11563605210434e-10,1.86657508096687e-10)
(-8.3589510964339e-12,-2.75257883911501e-10,1.87620835698461e-10)
(-9.54726073138732e-12,-4.83450027501186e-10,1.43411990722088e-10)
(-1.41904644657381e-11,-6.8236810466083e-10,9.99488586330575e-11)
(-1.65101193049214e-11,-9.27230059660142e-10,5.16865866861223e-11)
(0,0,0)
(0,0,0)
(0,0,0)
(0,0,0)
(0,0,0)
(0,0,0)
(-4.88178046082134e-12,-3.83111775842366e-12,3.25128982371798e-10)
(-9.99174525913358e-12,-8.46567306815703e-12,3.22837538580693e-10)
(-1.46343173825026e-11,-1.5274401575038e-11,3.18734925082455e-10)
(-1.81564673732419e-11,-2.39228224560599e-11,3.13656980929719e-10)
(-1.74404806190582e-11,-3.67740423507464e-11,3.10765512498892e-10)
(-5.5744350620098e-12,-7.00489862408947e-11,3.11798465868882e-10)
(-1.23799972658732e-11,-2.57951602709131e-10,2.71951455625308e-10)
(-1.22537481117467e-11,-4.52019047773207e-10,2.55683304161728e-10)
(-1.31663939837282e-11,-6.39098865382753e-10,1.77646333820825e-10)
(-1.37002272892229e-11,-8.78189446633222e-10,9.14064312177934e-11)
(0,0,0)
(0,0,0)
(0,0,0)
(0,0,0)
(0,0,0)
(0,0,0)
(-4.17367063544254e-12,-2.20904399438687e-12,4.68952279460301e-10)
(-9.07875219846896e-12,-4.97342885548875e-12,4.67215785173633e-10)
(-1.39285481426119e-11,-1.016528412383e-11,4.64479977975337e-10)
(-1.72854363792592e-11,-1.88968333286347e-11,4.61146303406362e-10)
(-1.78911894342453e-11,-3.72363082562023e-11,4.59282673475364e-10)
(-1.4105031145083e-11,-8.75568578551085e-11,4.58716221874254e-10)
(-1.42434407894682e-11,-2.33505944618721e-10,4.44514904995069e-10)
(-1.24872276948127e-11,-3.75229777337852e-10,3.76623827670026e-10)
(-1.10498107510766e-11,-5.53845095590817e-10,2.74326694946155e-10)
(-1.09161089941798e-11,-7.86974627300153e-10,1.47763567383562e-10)
(0,0,0)
(0,0,0)
(0,0,0)
(0,0,0)
(0,0,0)
(0,0,0)
(-3.57900730063035e-12,-1.10981322820439e-12,6.79855843617884e-10)
(-8.53911648972877e-12,-2.5932132486286e-12,6.78645824159113e-10)
(-1.30980195410004e-11,-6.6830774256669e-12,6.76431656839723e-10)
(-1.58573605342459e-11,-1.54600097705823e-11,6.72874095611802e-10)
(-1.67462214497916e-11,-3.37205423121784e-11,6.66839717553967e-10)
(-1.60966166862423e-11,-7.55842297933173e-11,6.54560024216282e-10)
(-1.50978989798338e-11,-1.63854765573412e-10,6.2332139900119e-10)
(-1.2664601835389e-11,-2.72143097144485e-10,5.46430121127271e-10)
(-1.05044604703463e-11,-4.2646167767446e-10,4.22690866018891e-10)
(-1.08203761758561e-11,-6.37651551947034e-10,2.42461715343175e-10)
(0,0,0)
(0,0,0)
(0,0,0)
(0,0,0)
(0,0,0)
(0,0,0)
(-4.09456483912986e-12,-2.65244559811603e-13,9.40007900415199e-10)
(-8.93805144300422e-12,-8.1628429001647e-13,9.39361431253736e-10)
(-1.33451969214561e-11,-3.3087264225817e-12,9.37514562748987e-10)
(-1.58177878549111e-11,-9.06644889749146e-12,9.33292804446998e-10)
(-1.67249890668068e-11,-1.99119586594991e-11,9.23721791533253e-10)
(-1.65709067673236e-11,-4.26135547810106e-11,9.03911261451181e-10)
(-1.50921558712376e-11,-8.54623327313955e-11,8.62156859550422e-10)
(-1.25986017584046e-11,-1.46677151311525e-10,7.77711004618814e-10)
(-1.05424006676186e-11,-2.44313164677267e-10,6.32544854214359e-10)
(-1.09649318506115e-11,-3.92686187569561e-10,3.90151415728612e-10)
(0,0,0)
(0,0,0)
(0,0,0)
(0,0,0)
(0,0,0)
(0,0,0)
(0,0,0)
(0,0,0)
(0,0,0)
(0,0,0)
(0,0,0)
(0,0,0)
(0,0,0)
(0,0,0)
(0,0,0)
(0,0,0)
(0,0,0)
(0,0,0)
(0,0,0)
(0,0,0)
(0,0,0)
(0,0,0)
(0,0,0)
(0,0,0)
(0,0,0)
(0,0,0)
(0,0,0)
(0,0,0)
(0,0,0)
(0,0,0)
(0,0,0)
(0,0,0)
(0,0,0)
(0,0,0)
(0,0,0)
(0,0,0)
(0,0,0)
(0,0,0)
(0,0,0)
(0,0,0)
(0,0,0)
(0,0,0)
(0,0,0)
(0,0,0)
(0,0,0)
(0,0,0)
(0,0,0)
(0,0,0)
(0,0,0)
(0,0,0)
(0,0,0)
(0,0,0)
(0,0,0)
(0,0,0)
(0,0,0)
(0,0,0)
(0,0,0)
(0,0,0)
(0,0,0)
(0,0,0)
(0,0,0)
(0,0,0)
(0,0,0)
(0,0,0)
(0,0,0)
(0,0,0)
(0,0,0)
(0,0,0)
(0,0,0)
(0,0,0)
(0,0,0)
(0,0,0)
(0,0,0)
(0,0,0)
(0,0,0)
(0,0,0)
(0,0,0)
(0,0,0)
(0,0,0)
(0,0,0)
(0,0,0)
(0,0,0)
(0,0,0)
(0,0,0)
(0,0,0)
(0,0,0)
(0,0,0)
(0,0,0)
(0,0,0)
(0,0,0)
(0,0,0)
(0,0,0)
(0,0,0)
(0,0,0)
(0,0,0)
(0,0,0)
(0,0,0)
(0,0,0)
(0,0,0)
(0,0,0)
(0,0,0)
(0,0,0)
(-5.2379743486756e-13,-1.91038238246541e-11,2.25065581785339e-11)
(-8.73272873709201e-13,-4.0449391589628e-11,2.11118903431703e-11)
(-9.87351882028367e-13,-6.78145862112424e-11,1.87547952808864e-11)
(-1.44191092817203e-12,-1.04213315629888e-10,1.48670329828203e-11)
(-1.84506048945722e-12,-1.54399493614676e-10,8.92569330607805e-12)
(-3.02050001041998e-12,-2.24446334102648e-10,1.49368731627152e-12)
(-4.08256689127637e-12,-3.1855339127581e-10,-5.2784942018099e-12)
(-4.37370980001494e-12,-4.36689321791838e-10,-6.55985471566536e-12)
(-5.21065957295403e-12,-5.70364342653842e-10,-4.56240165849362e-12)
(-6.44000031856348e-12,-6.84415567600236e-10,-1.83696745872266e-12)
(0,0,0)
(0,0,0)
(0,0,0)
(0,0,0)
(0,0,0)
(0,0,0)
(-9.1856288643852e-13,-1.79453703097236e-11,4.80319694701269e-11)
(-2.06449752707516e-12,-3.81814630467035e-11,4.52872876758038e-11)
(-2.33632464446959e-12,-6.37992783527755e-11,4.02938944643454e-11)
(-3.24329003389378e-12,-9.81520164946381e-11,3.23151340697922e-11)
(-4.65576590648608e-12,-1.46984063510674e-10,1.98609584081958e-11)
(-6.01187400981522e-12,-2.18210935006914e-10,2.41156700942688e-12)
(-7.9635067798897e-12,-3.18411029988511e-10,-1.64090306972609e-11)
(-7.61785853579753e-12,-4.39654959905191e-10,-1.69646359129796e-11)
(-8.95398640972235e-12,-5.73803436063103e-10,-1.00427092483121e-11)
(-1.10266751380067e-11,-6.86845406539324e-10,-3.85212995106353e-12)
(0,0,0)
(0,0,0)
(0,0,0)
(0,0,0)
(0,0,0)
(0,0,0)
(-1.51856985932733e-12,-1.55844114744131e-11,8.08939116618194e-11)
(-3.87534569418153e-12,-3.35257152978493e-11,7.70542105236706e-11)
(-5.01240123933952e-12,-5.59542715288599e-11,6.94252547157371e-11)
(-6.53696427291958e-12,-8.60305720412986e-11,5.71836209865365e-11)
(-9.28895174136143e-12,-1.30477194998449e-10,3.72286431399444e-11)
(-1.19992642679555e-11,-2.02199144702046e-10,4.05896070804336e-12)
(-1.76158937913143e-11,-3.22983845427311e-10,-4.65840911378326e-11)
(-9.99327518015903e-12,-4.5099700439635e-10,-3.58040779026973e-11)
(-1.10230683386935e-11,-5.82110828036346e-10,-1.63966347490271e-11)
(-1.32395549809802e-11,-6.91783948545427e-10,-5.11939538211516e-12)
(0,0,0)
(0,0,0)
(0,0,0)
(0,0,0)
(0,0,0)
(0,0,0)
(-2.23144776297451e-12,-1.22490122279583e-11,1.19644375292519e-10)
(-5.76604854319245e-12,-2.65923821616528e-11,1.15823237206144e-10)
(-7.8128413927054e-12,-4.44365336195957e-11,1.07507457327746e-10)
(-1.07136212195816e-11,-6.76234821567775e-11,9.32629250269939e-11)
(-1.6543309632465e-11,-1.00981143684447e-10,6.81417702441753e-11)
(-2.52202362798635e-11,-1.62139804996023e-10,1.68386910334406e-11)
(-5.78526559278231e-11,-3.53033367533821e-10,-1.28951801424806e-10)
(-9.16432990978017e-12,-4.85328579744767e-10,-5.27552053030939e-11)
(-1.05415455189905e-11,-5.99480578016034e-10,-1.15764604692451e-11)
(-1.43830508674526e-11,-6.9948866708067e-10,4.11539949469114e-13)
(0,0,0)
(0,0,0)
(0,0,0)
(0,0,0)
(0,0,0)
(0,0,0)
(-2.82681343148179e-12,-9.02273827728198e-12,1.70915149079945e-10)
(-7.84572860639746e-12,-1.94438397497681e-11,1.67257493216105e-10)
(-1.19274090872777e-11,-3.14834518123162e-11,1.59103712055768e-10)
(-1.69707799894262e-11,-4.51142306753501e-11,1.45401233956779e-10)
(-2.87975919117333e-11,-5.79242729761436e-11,1.22184492942534e-10)
(-5.84251248869957e-11,-5.39191750049901e-11,7.98645316444306e-11)
(2.99786296234487e-11,-6.69551394273013e-10,-5.19780817095011e-17)
(3.30512173032534e-12,-5.75067256752978e-10,3.98322505918112e-11)
(-8.7654170293762e-12,-6.23554210466101e-10,3.42920360867138e-11)
(-1.38333197355232e-11,-7.03126479659919e-10,2.04578349625515e-11)
(0,0,0)
(0,0,0)
(0,0,0)
(0,0,0)
(0,0,0)
(0,0,0)
(-4.03827348111573e-12,-5.87610141328619e-12,2.38742852563201e-10)
(-9.52378702093284e-12,-1.26582365666717e-11,2.3561954026482e-10)
(-1.49053431214916e-11,-1.92381872940973e-11,2.28371160136203e-10)
(-2.16387953219464e-11,-2.36415545942776e-11,2.17542504226376e-10)
(-3.39560625300051e-11,-2.02118354008392e-11,2.00623305567264e-10)
(-6.76779625917891e-11,1.46784525684919e-12,1.63962994519819e-10)
(1.85436126774069e-11,-6.79404933025727e-10,-6.6296555078662e-16)
(2.48489162983243e-12,-5.83361507575627e-10,1.32762679687738e-10)
(-9.19743179683835e-12,-6.15835300047675e-10,9.72977396709823e-11)
(-1.38641456461279e-11,-6.85377614491775e-10,5.07114675675866e-11)
(0,0,0)
(0,0,0)
(0,0,0)
(0,0,0)
(0,0,0)
(0,0,0)
(-4.21241043365445e-12,-3.35798910527416e-12,3.25420414338023e-10)
(-9.38137597362461e-12,-6.680544549642e-12,3.22809242416466e-10)
(-1.46654906809528e-11,-9.28877521720783e-12,3.18321491954253e-10)
(-2.0290988069825e-11,-5.17963845143255e-12,3.14408992452604e-10)
(-1.80111680837121e-11,2.49357489996694e-11,3.21112514077307e-10)
(5.17804467958712e-11,1.78339414331749e-10,3.91750456104447e-10)
(-2.05575038924439e-11,-7.93624660650613e-10,8.52120368960421e-10)
(-1.1006048206408e-11,-5.66440383375225e-10,3.65288203901004e-10)
(-1.21802611726623e-11,-5.7309943964572e-10,1.98366435146182e-10)
(-1.3508615404227e-11,-6.35567236603919e-10,9.3362416520173e-11)
(0,0,0)
(0,0,0)
(0,0,0)
(0,0,0)
(0,0,0)
(0,0,0)
(-3.53640711494549e-12,-1.60973189273678e-12,4.34012537095239e-10)
(-8.7231606070259e-12,-3.10178785671026e-12,4.32245559425859e-10)
(-1.4077080271806e-11,-4.94047547376771e-12,4.30053130132111e-10)
(-1.88586300065105e-11,-3.99748686183376e-12,4.28947403018614e-10)
(-2.08405037769901e-11,9.20282495881022e-14,4.36146670747384e-10)
(-1.18763423278004e-11,-1.57785074039369e-11,4.69884748838382e-10)
(-1.60035425095976e-11,-3.27350104490244e-10,5.49151246136645e-10)
(-1.32767751644051e-11,-3.99683124363098e-10,4.0209091761899e-10)
(-1.18701011045469e-11,-4.66748070586527e-10,2.62663281936118e-10)
(-1.24756169640797e-11,-5.40941132414993e-10,1.32627019100489e-10)
(0,0,0)
(0,0,0)
(0,0,0)
(0,0,0)
(0,0,0)
(0,0,0)
(-3.21355651049251e-12,-5.19428725293311e-13,5.6160621968118e-10)
(-8.10187812889309e-12,-1.6465618142468e-12,5.60762440138307e-10)
(-1.29148093160227e-11,-3.84357368920822e-12,5.59218380161542e-10)
(-1.6216543349578e-11,-7.37504728110873e-12,5.56904158431371e-10)
(-1.82751117648874e-11,-1.76324041256645e-11,5.55876215285824e-10)
(-1.78286664834399e-11,-5.48082542682415e-11,5.57220314915946e-10)
(-1.65990539480232e-11,-1.76542364165605e-10,5.47847866102501e-10)
(-1.43912925598281e-11,-2.58139469300911e-10,4.57447397948082e-10)
(-1.24238227919292e-11,-3.34431662575507e-10,3.31237416691931e-10)
(-1.33240252101407e-11,-4.06530703933247e-10,1.77935286160236e-10)
(0,0,0)
(0,0,0)
(0,0,0)
(0,0,0)
(0,0,0)
(0,0,0)
(-3.71334023747848e-12,-2.51078171353619e-14,6.72128398421337e-10)
(-7.9074672282711e-12,-8.11886611042663e-13,6.71957686725172e-10)
(-1.24321650420423e-11,-2.38466975591529e-12,6.70648457445197e-10)
(-1.53132238386651e-11,-5.93107744801884e-12,6.67155971417401e-10)
(-1.68264176442321e-11,-1.46791534404106e-11,6.6050622107112e-10)
(-1.74300596475418e-11,-3.67014965170304e-11,6.4672775683464e-10)
(-1.61086336711477e-11,-8.39407134830322e-11,6.11949759307888e-10)
(-1.41096026653614e-11,-1.29922144952832e-10,5.2894038337151e-10)
(-1.24621268592708e-11,-1.78739721731722e-10,4.00731630740049e-10)
(-1.34997036914114e-11,-2.2661449136737e-10,2.24363029051043e-10)
(0,0,0)
(0,0,0)
(0,0,0)
(0,0,0)
(0,0,0)
(0,0,0)
(0,0,0)
(0,0,0)
(0,0,0)
(0,0,0)
(0,0,0)
(0,0,0)
(0,0,0)
(0,0,0)
(0,0,0)
(0,0,0)
(0,0,0)
(0,0,0)
(0,0,0)
(0,0,0)
(0,0,0)
(0,0,0)
(0,0,0)
(0,0,0)
(0,0,0)
(0,0,0)
(0,0,0)
(0,0,0)
(0,0,0)
(0,0,0)
(0,0,0)
(0,0,0)
(0,0,0)
(0,0,0)
(0,0,0)
(0,0,0)
(0,0,0)
(0,0,0)
(0,0,0)
(0,0,0)
(0,0,0)
(0,0,0)
(0,0,0)
(0,0,0)
(0,0,0)
(0,0,0)
(0,0,0)
(0,0,0)
(0,0,0)
(0,0,0)
(0,0,0)
(0,0,0)
(0,0,0)
(0,0,0)
(0,0,0)
(0,0,0)
(0,0,0)
(0,0,0)
(0,0,0)
(0,0,0)
(0,0,0)
(0,0,0)
(0,0,0)
(0,0,0)
(0,0,0)
(0,0,0)
(0,0,0)
(0,0,0)
(0,0,0)
(0,0,0)
(0,0,0)
(0,0,0)
(0,0,0)
(0,0,0)
(0,0,0)
(0,0,0)
(0,0,0)
(0,0,0)
(0,0,0)
(0,0,0)
(0,0,0)
(0,0,0)
(0,0,0)
(0,0,0)
(0,0,0)
(0,0,0)
(0,0,0)
(0,0,0)
(0,0,0)
(0,0,0)
(0,0,0)
(0,0,0)
(0,0,0)
(0,0,0)
(0,0,0)
(0,0,0)
(0,0,0)
(0,0,0)
(0,0,0)
(0,0,0)
(0,0,0)
(0,0,0)
(-2.8758311441243e-13,-2.17467117177624e-11,2.61753925558238e-11)
(-7.84106354328456e-13,-4.44807717432702e-11,2.47649833362736e-11)
(-1.11489744243941e-12,-7.12430358058468e-11,2.17942893322645e-11)
(-1.56187038666089e-12,-1.05171388900511e-10,1.70811283636592e-11)
(-1.82848460367986e-12,-1.5101855922214e-10,9.61553145738352e-12)
(-2.4837175880388e-12,-2.13908656345429e-10,2.25268594651918e-13)
(-2.94356766473018e-12,-2.94308623999846e-10,-8.92282193080002e-12)
(-3.40552474383834e-12,-3.84401550447812e-10,-1.0028169861176e-11)
(-4.49700036345403e-12,-4.70343492784863e-10,-6.61311017830857e-12)
(-5.84712883791258e-12,-5.29816625955886e-10,-2.68711493086462e-12)
(0,0,0)
(0,0,0)
(0,0,0)
(0,0,0)
(0,0,0)
(0,0,0)
(-5.34839927375016e-13,-2.03088226280271e-11,5.39700180288328e-11)
(-1.72685206450342e-12,-4.16600088381025e-11,5.07750787503263e-11)
(-2.20257107380493e-12,-6.66157559120493e-11,4.47176137771559e-11)
(-2.9105588256885e-12,-9.79009219836777e-11,3.52016508011954e-11)
(-3.71324301989225e-12,-1.41818478933287e-10,2.00795189317866e-11)
(-3.20306660796816e-12,-2.0545366802223e-10,-2.60980672696186e-12)
(-2.83508612533499e-12,-2.94559671366572e-10,-3.16348008614551e-11)
(-3.19774070943841e-12,-3.88519330678973e-10,-3.03635716370833e-11)
(-6.83717373363285e-12,-4.74359063134493e-10,-1.6858137879567e-11)
(-9.94026308300493e-12,-5.32650435606833e-10,-6.17301854611322e-12)
(0,0,0)
(0,0,0)
(0,0,0)
(0,0,0)
(0,0,0)
(0,0,0)
(-1.01426796766036e-12,-1.7071178352817e-11,8.72979694264268e-11)
(-3.17972302241682e-12,-3.577869632953e-11,8.30311036859995e-11)
(-4.28850541938994e-12,-5.71174932710231e-11,7.41044175206508e-11)
(-4.98907631090311e-12,-8.31171202504801e-11,6.01800508295795e-11)
(-5.61532062348892e-12,-1.20005984889306e-10,3.72624272198816e-11)
(-1.41555212802071e-12,-1.77915475742073e-10,-5.38033415598267e-12)
(1.65361508011276e-12,-2.9942550098242e-10,-1.02440759203968e-10)
(4.9308570145479e-12,-4.03752150357218e-10,-7.8621825838356e-11)
(-4.93055772592882e-12,-4.85441791628737e-10,-3.35786748811763e-11)
(-1.0654231827789e-11,-5.3917605503258e-10,-1.02952773550683e-11)
(0,0,0)
(0,0,0)
(0,0,0)
(0,0,0)
(0,0,0)
(0,0,0)
(-1.63658362729776e-12,-1.32498219710935e-11,1.25269756936893e-10)
(-4.59881107665395e-12,-2.77481722932882e-11,1.21139777654994e-10)
(-6.52139089922721e-12,-4.37522168602542e-11,1.1172273613113e-10)
(-8.1017179181781e-12,-6.12939450977224e-11,9.61241709211732e-11)
(-8.2971011300707e-12,-7.96478973013353e-11,7.07828943478466e-11)
(1.23496261872736e-11,-8.38715128768888e-11,3.20419942301494e-11)
(1.82468774689654e-10,-3.3731504345681e-10,1.98508055747436e-16)
(3.93956022646289e-11,-4.53479367721374e-10,-1.9193540130829e-10)
(1.54408651232697e-12,-5.10102443714592e-10,-4.62151073905762e-11)
(-1.03336983389033e-11,-5.50346531234569e-10,-8.3012588152393e-12)
(0,0,0)
(0,0,0)
(0,0,0)
(0,0,0)
(0,0,0)
(0,0,0)
(-2.31579443164352e-12,-9.72546606516823e-12,1.72801776715916e-10)
(-6.4775506291529e-12,-1.96762948242143e-11,1.68659035296737e-10)
(-1.04701955064956e-11,-2.94256320626871e-11,1.59277234592985e-10)
(-1.52267150562885e-11,-3.81277381116926e-11,1.43320924530659e-10)
(-2.41900681889017e-11,-4.35767457595966e-11,1.16475254491966e-10)
(-3.39475615262475e-11,-4.07914453934866e-11,7.03976208724789e-11)
(-1.34193731170536e-16,8.20808151720538e-16,-3.33224902238888e-17)
(1.71395870580326e-11,-6.0205035641696e-10,6.77480172366656e-17)
(-2.65012632364546e-12,-5.48938966082611e-10,1.38013450167201e-11)
(-1.11243499409783e-11,-5.59556786225888e-10,1.3673354168182e-11)
(0,0,0)
(0,0,0)
(0,0,0)
(0,0,0)
(0,0,0)
(0,0,0)
(-3.43307349074473e-12,-6.08918811741028e-12,2.32638049389505e-10)
(-8.25309890933189e-12,-1.19956031554775e-11,2.29259768593256e-10)
(-1.40260992885737e-11,-1.61012119309752e-11,2.20978988911415e-10)
(-2.31815128056766e-11,-1.60030338648428e-11,2.06980396909315e-10)
(-4.2443335883094e-11,-6.81660885868033e-12,1.81188481226244e-10)
(-8.0585874181215e-11,1.26029646613295e-11,1.26241356703088e-10)
(-2.35099742685329e-18,6.2133494638758e-16,-6.09280935717944e-17)
(2.10287074460985e-11,-5.95447112669363e-10,-3.02664754292991e-16)
(-5.34702009532854e-12,-5.44536822713974e-10,6.85070019641169e-11)
(-1.29630559665666e-11,-5.4512617587264e-10,4.30607359578146e-11)
(0,0,0)
(0,0,0)
(0,0,0)
(0,0,0)
(0,0,0)
(0,0,0)
(-3.34949572463431e-12,-3.51401324135396e-12,3.03808114627138e-10)
(-8.47238220434088e-12,-5.98727191664947e-12,3.01178232529363e-10)
(-1.51012909227111e-11,-5.85617609786448e-12,2.95728229716331e-10)
(-2.81766612841675e-11,2.89025179493872e-12,2.87723966103897e-10)
(-6.38053893607995e-11,3.25735783523077e-11,2.73945135203345e-10)
(-2.14471544324524e-10,9.88762070402908e-11,2.33811805084935e-10)
(1.0500669773175e-16,8.55000390538649e-16,-1.05607958999065e-15)
(-1.0841538463726e-11,-6.41884424533403e-10,4.03597378067572e-10)
(-1.35276116058116e-11,-5.12951484421349e-10,1.94591242012832e-10)
(-1.47723030729894e-11,-4.99882014549751e-10,8.68241890064126e-11)
(0,0,0)
(0,0,0)
(0,0,0)
(0,0,0)
(0,0,0)
(0,0,0)
(-2.85973261306357e-12,-1.63178177659064e-12,3.82653489181004e-10)
(-7.98595735567909e-12,-2.37382686655306e-12,3.81320276536214e-10)
(-1.40682549428959e-11,-8.53016339210282e-13,3.78785878813762e-10)
(-2.26803373159794e-11,1.01149395260939e-11,3.76870238645028e-10)
(-3.68541494927755e-11,4.93860914282317e-11,3.83413928937616e-10)
(-5.21130927617122e-11,1.95408046258516e-10,4.28137365532083e-10)
(-1.97509543165319e-11,-4.03597513098975e-10,6.52904450000795e-10)
(-1.53927945438328e-11,-4.02734835868258e-10,4.05567773578373e-10)
(-1.41502462799857e-11,-3.96931316952336e-10,2.41028738167351e-10)
(-1.42590263452635e-11,-4.09494652564163e-10,1.15314211674695e-10)
(0,0,0)
(0,0,0)
(0,0,0)
(0,0,0)
(0,0,0)
(0,0,0)
(-2.86409787573425e-12,-5.93024490823192e-13,4.62568670563168e-10)
(-7.39249335541395e-12,-1.29915777263244e-12,4.61770163417225e-10)
(-1.20594915190718e-11,-1.21039308014074e-12,4.59973649227087e-10)
(-1.66325700371583e-11,1.05993600302435e-12,4.57678575473973e-10)
(-2.25724620802475e-11,4.37134548172298e-12,4.59104054981286e-10)
(-2.65629754212206e-11,-8.41345270471128e-12,4.70189828877402e-10)
(-1.88002364761784e-11,-1.74521366136961e-10,4.89744607087175e-10)
(-1.63986356517224e-11,-2.35144133122359e-10,3.89012355902652e-10)
(-1.48136331040178e-11,-2.67689061403998e-10,2.66126692447554e-10)
(-1.53049516157379e-11,-2.91290523579509e-10,1.36463134572643e-10)
(0,0,0)
(0,0,0)
(0,0,0)
(0,0,0)
(0,0,0)
(0,0,0)
(-3.5677363584487e-12,-5.54558769666606e-14,5.18558522476239e-10)
(-7.41012455933866e-12,-8.63336738515169e-13,5.18081539281318e-10)
(-1.13243487701626e-11,-1.36323919132064e-12,5.16323102647217e-10)
(-1.45945509404023e-11,-2.50014330159111e-12,5.12721827816398e-10)
(-1.7727106848164e-11,-7.14699979022731e-12,5.08198229244918e-10)
(-1.93535586378208e-11,-2.47899931548552e-11,5.001573635746e-10)
(-1.70399712178022e-11,-7.69696051585279e-11,4.75074411740445e-10)
(-1.58229949867285e-11,-1.12040950584268e-10,3.97409035780797e-10)
(-1.48332469019691e-11,-1.36204877521884e-10,2.86198230700845e-10)
(-1.57511660077756e-11,-1.53032537910801e-10,1.51701907366782e-10)
(0,0,0)
(0,0,0)
(0,0,0)
(0,0,0)
(0,0,0)
(0,0,0)
(0,0,0)
(0,0,0)
(0,0,0)
(0,0,0)
(0,0,0)
(0,0,0)
(0,0,0)
(0,0,0)
(0,0,0)
(0,0,0)
(0,0,0)
(0,0,0)
(0,0,0)
(0,0,0)
(0,0,0)
(0,0,0)
(0,0,0)
(0,0,0)
(0,0,0)
(0,0,0)
(0,0,0)
(0,0,0)
(0,0,0)
(0,0,0)
(0,0,0)
(0,0,0)
(0,0,0)
(0,0,0)
(0,0,0)
(0,0,0)
(0,0,0)
(0,0,0)
(0,0,0)
(0,0,0)
(0,0,0)
(0,0,0)
(0,0,0)
(0,0,0)
(0,0,0)
(0,0,0)
(0,0,0)
(0,0,0)
(0,0,0)
(0,0,0)
(0,0,0)
(0,0,0)
(0,0,0)
(0,0,0)
(0,0,0)
(0,0,0)
(0,0,0)
(0,0,0)
(0,0,0)
(0,0,0)
(0,0,0)
(0,0,0)
(0,0,0)
(0,0,0)
(0,0,0)
(0,0,0)
(0,0,0)
(0,0,0)
(0,0,0)
(0,0,0)
(0,0,0)
(0,0,0)
(0,0,0)
(0,0,0)
(0,0,0)
(0,0,0)
(0,0,0)
(0,0,0)
(0,0,0)
(0,0,0)
(0,0,0)
(0,0,0)
(0,0,0)
(0,0,0)
(0,0,0)
(0,0,0)
(0,0,0)
(0,0,0)
(0,0,0)
(0,0,0)
(0,0,0)
(0,0,0)
(0,0,0)
(0,0,0)
(0,0,0)
(0,0,0)
(0,0,0)
(0,0,0)
(0,0,0)
(0,0,0)
(0,0,0)
(0,0,0)
(-3.15062984596905e-13,-2.33440930309543e-11,2.91545375168298e-11)
(-6.34175255483485e-13,-4.61470836928645e-11,2.73651496683183e-11)
(-1.02901636764737e-12,-7.09588168080819e-11,2.36672743299203e-11)
(-1.36674039720018e-12,-1.01701072983349e-10,1.85825734642746e-11)
(-1.63830202980171e-12,-1.4207515757746e-10,1.12493794739128e-11)
(-1.79061538580756e-12,-1.95422351976388e-10,1.80432362509473e-12)
(-1.5871723675656e-12,-2.61900814290002e-10,-7.88481286283603e-12)
(-2.70280419563126e-12,-3.31292795488021e-10,-9.29594297507004e-12)
(-4.40742526126603e-12,-3.91343528615138e-10,-5.97440375343164e-12)
(-5.70043411786653e-12,-4.28924509910953e-10,-2.22991140722327e-12)
(0,0,0)
(0,0,0)
(0,0,0)
(0,0,0)
(0,0,0)
(0,0,0)
(-5.77544924065636e-13,-2.18713786216862e-11,5.82102950529046e-11)
(-1.55069959990863e-12,-4.29586681550405e-11,5.45613279836556e-11)
(-2.1848707388646e-12,-6.58515648052746e-11,4.77420737830419e-11)
(-2.57222868948913e-12,-9.41560246273602e-11,3.80566173722458e-11)
(-2.83641140512488e-12,-1.3244587439988e-10,2.31240142792458e-11)
(-1.71626475364611e-12,-1.85727686234125e-10,4.21444424500848e-13)
(7.59514266099334e-13,-2.60465224713509e-10,-2.9549254333049e-11)
(-1.47035478865559e-12,-3.34217424178631e-10,-2.9364270368988e-11)
(-6.43956457294454e-12,-3.94532038709158e-10,-1.63291243625426e-11)
(-9.58766220340627e-12,-4.3073344482669e-10,-6.12826751935114e-12)
(0,0,0)
(0,0,0)
(0,0,0)
(0,0,0)
(0,0,0)
(0,0,0)
(-5.68758608957348e-13,-1.8777608202897e-11,8.93162821897382e-11)
(-2.28356089329369e-12,-3.70157198701056e-11,8.48199391117438e-11)
(-3.72941513910379e-12,-5.64504444367747e-11,7.58241348450071e-11)
(-3.89462785396689e-12,-7.94553974303192e-11,6.25037698769926e-11)
(-3.33064683562246e-12,-1.10215825998256e-10,4.07318110307157e-11)
(1.60091005476998e-12,-1.56134355455368e-10,-7.38910564689841e-13)
(1.57242241888968e-11,-2.60630894220501e-10,-9.70154799371566e-11)
(9.61492342145142e-12,-3.45931007714795e-10,-7.71861080367675e-11)
(-3.55330316623122e-12,-4.03982937499341e-10,-3.29194289906032e-11)
(-9.77903298110467e-12,-4.36463087270478e-10,-1.00704671131924e-11)
(0,0,0)
(0,0,0)
(0,0,0)
(0,0,0)
(0,0,0)
(0,0,0)
(-1.03096025129122e-12,-1.48791412433037e-11,1.2456736659471e-10)
(-3.25364702187321e-12,-2.91944697949167e-11,1.20460352990201e-10)
(-5.24941048679614e-12,-4.40167708114489e-11,1.1136112578098e-10)
(-5.9266483308931e-12,-5.87182232894426e-11,9.63206830584076e-11)
(-5.62735255409888e-12,-7.08033585582954e-11,7.31743004740068e-11)
(1.31135442595798e-12,-6.2790225389733e-11,3.87739371718335e-11)
(3.70885102410401e-11,-2.84423250086869e-10,1.12158192965218e-16)
(4.22462970424981e-11,-3.848972127593e-10,-1.82190407753547e-10)
(2.46676030504457e-12,-4.23938809986685e-10,-4.57729787324425e-11)
(-9.42470216275982e-12,-4.45404226905783e-10,-8.29333069770192e-12)
(0,0,0)
(0,0,0)
(0,0,0)
(0,0,0)
(0,0,0)
(0,0,0)
(-1.8093309602506e-12,-1.10464025726039e-11,1.67699101209691e-10)
(-4.77644159411427e-12,-2.1075438840466e-11,1.63093776013929e-10)
(-7.838305575893e-12,-3.04108053468931e-11,1.53773991278084e-10)
(-1.05057492644214e-11,-3.81460103944353e-11,1.38012030544456e-10)
(-1.48725714703824e-11,-4.24545353081504e-11,1.12055381427154e-10)
(-1.69443173860843e-11,-4.04486776696383e-11,6.76965861933948e-11)
(-3.57910332981309e-17,4.14197483844188e-16,-3.1273421289414e-17)
(-3.26493395826733e-12,-5.020457575812e-10,7.80209419014789e-17)
(-6.92427884372887e-12,-4.54510221855739e-10,1.15250099958936e-11)
(-1.18816061260407e-11,-4.51880257707326e-10,1.2365167013405e-11)
(0,0,0)
(0,0,0)
(0,0,0)
(0,0,0)
(0,0,0)
(0,0,0)
(-2.62996757053548e-12,-6.82373201410927e-12,2.18376686121308e-10)
(-5.98065046632822e-12,-1.30650095420323e-11,2.14137349559088e-10)
(-1.02725431195462e-11,-1.71397739190723e-11,2.05797085240076e-10)
(-1.62828827824652e-11,-1.73240177152603e-11,1.91299999496024e-10)
(-2.68863985709237e-11,-1.01300869209791e-11,1.63967486154702e-10)
(-4.06176989289814e-11,4.07145269762335e-12,1.08346697180138e-10)
(5.72021914327421e-18,2.45092734818742e-16,-5.18050284102609e-17)
(-1.04128531873101e-12,-4.90374912292559e-10,-2.23979327406174e-16)
(-1.14860923816467e-11,-4.47715349405746e-10,5.91643881275014e-11)
(-1.51464813316496e-11,-4.37302657273944e-10,3.79008042925292e-11)
(0,0,0)
(0,0,0)
(0,0,0)
(0,0,0)
(0,0,0)
(0,0,0)
(-2.60184509167145e-12,-3.77019652658851e-12,2.75973923845191e-10)
(-6.63582444133411e-12,-7.09953558119716e-12,2.72761471972582e-10)
(-1.21001870689246e-11,-6.86769697216006e-12,2.66759980295575e-10)
(-2.16225181147841e-11,1.0553709065448e-12,2.56725305673503e-10)
(-4.04845723183035e-11,2.52785959167282e-11,2.36302606993967e-10)
(-7.71905223782567e-11,7.19557284084593e-11,1.83938423944507e-10)
(3.89589025906929e-17,3.94427882588649e-16,-5.30152580815059e-16)
(-4.09849910741457e-11,-5.29964777352461e-10,3.43402567211372e-10)
(-2.17807260683352e-11,-4.19706323648584e-10,1.68626569157187e-10)
(-1.83354760521665e-11,-3.97248286779088e-10,7.54322789176143e-11)
(0,0,0)
(0,0,0)
(0,0,0)
(0,0,0)
(0,0,0)
(0,0,0)
(-2.56527725402184e-12,-1.73813124911893e-12,3.35272018657826e-10)
(-6.52622872717202e-12,-3.5721054296204e-12,3.33309489383338e-10)
(-1.17952380332744e-11,-1.44842809180973e-12,3.29699669765425e-10)
(-2.01690240854457e-11,1.08819096597028e-11,3.2605034238223e-10)
(-3.65628401407552e-11,5.28607458717011e-11,3.27930702059641e-10)
(-7.30586782671156e-11,1.97947729413815e-10,3.61443999612975e-10)
(-1.49042485612237e-12,-3.43402686049882e-10,5.55454011750707e-10)
(-1.8444461878735e-11,-3.3835819037423e-10,3.47036344482293e-10)
(-1.76779753356427e-11,-3.21961923503209e-10,2.04828159351303e-10)
(-1.71489436552814e-11,-3.19916615392723e-10,9.70229683045844e-11)
(0,0,0)
(0,0,0)
(0,0,0)
(0,0,0)
(0,0,0)
(0,0,0)
(-2.60315934360143e-12,-4.69686154296425e-13,3.8900249416108e-10)
(-6.03180019938033e-12,-1.91712728423936e-12,3.87575881869064e-10)
(-9.61157165485278e-12,-1.59593319440551e-12,3.84595327026102e-10)
(-1.44979702398585e-11,2.23863824278744e-12,3.81167594946322e-10)
(-2.21398907044124e-11,9.75031329181085e-12,3.8097501494354e-10)
(-2.97412131808884e-11,4.19449453160223e-12,3.89526374450561e-10)
(-1.56197462700573e-11,-1.47161451361525e-10,4.0715365776976e-10)
(-1.66161547347109e-11,-1.95580663797139e-10,3.19781043476946e-10)
(-1.66342591112283e-11,-2.12636550808251e-10,2.1447618255663e-10)
(-1.70998027117282e-11,-2.21337881082689e-10,1.07732176274718e-10)
(0,0,0)
(0,0,0)
(0,0,0)
(0,0,0)
(0,0,0)
(0,0,0)
(-3.14620904049488e-12,1.29597245263884e-15,4.22475205483107e-10)
(-6.51502466375308e-12,-9.75516648853392e-13,4.21496223227787e-10)
(-9.08631313066305e-12,-1.53470099057514e-12,4.18759466461452e-10)
(-1.25710956705139e-11,-1.84539015349773e-12,4.14411079240727e-10)
(-1.68332409680724e-11,-3.88392776910568e-12,4.09534106468325e-10)
(-1.90605999585219e-11,-1.78500093201105e-11,4.02359709616438e-10)
(-1.6344200416682e-11,-6.45256586428914e-11,3.80792588064256e-10)
(-1.66531404910441e-11,-9.19311652930366e-11,3.12929859160227e-10)
(-1.65418010897852e-11,-1.05804688428697e-10,2.19243668055204e-10)
(-1.70817965518098e-11,-1.12944505853268e-10,1.12962954263518e-10)
(0,0,0)
(0,0,0)
(0,0,0)
(0,0,0)
(0,0,0)
(0,0,0)
(0,0,0)
(0,0,0)
(0,0,0)
(0,0,0)
(0,0,0)
(0,0,0)
(0,0,0)
(0,0,0)
(0,0,0)
(0,0,0)
(0,0,0)
(0,0,0)
(0,0,0)
(0,0,0)
(0,0,0)
(0,0,0)
(0,0,0)
(0,0,0)
(0,0,0)
(0,0,0)
(0,0,0)
(0,0,0)
(0,0,0)
(0,0,0)
(0,0,0)
(0,0,0)
(0,0,0)
(0,0,0)
(0,0,0)
(0,0,0)
(0,0,0)
(0,0,0)
(0,0,0)
(0,0,0)
(0,0,0)
(0,0,0)
(0,0,0)
(0,0,0)
(0,0,0)
(0,0,0)
(0,0,0)
(0,0,0)
(0,0,0)
(0,0,0)
(0,0,0)
(0,0,0)
(0,0,0)
(0,0,0)
(0,0,0)
(0,0,0)
(0,0,0)
(0,0,0)
(0,0,0)
(0,0,0)
(0,0,0)
(0,0,0)
(0,0,0)
(0,0,0)
(0,0,0)
(0,0,0)
(0,0,0)
(0,0,0)
(0,0,0)
(0,0,0)
(0,0,0)
(0,0,0)
(0,0,0)
(0,0,0)
(0,0,0)
(0,0,0)
(0,0,0)
(0,0,0)
(0,0,0)
(0,0,0)
(0,0,0)
(0,0,0)
(0,0,0)
(0,0,0)
(0,0,0)
(0,0,0)
(0,0,0)
(0,0,0)
(0,0,0)
(0,0,0)
(0,0,0)
(0,0,0)
(0,0,0)
(0,0,0)
(0,0,0)
(0,0,0)
(0,0,0)
(0,0,0)
(0,0,0)
(0,0,0)
(0,0,0)
(0,0,0)
(1.61045472007502e-15,-2.25787402367908e-11,2.92671854817713e-11)
(-1.24715454944082e-13,-4.50182337668582e-11,2.78959132014294e-11)
(-1.05156750479645e-12,-6.91522037767113e-11,2.46732344588047e-11)
(-1.57859476283035e-12,-9.7726147588327e-11,2.01237919082218e-11)
(-1.82252935858514e-12,-1.33374718854586e-10,1.39253847256618e-11)
(-1.79614464012598e-12,-1.78320355499942e-10,6.03578898836884e-12)
(-1.61163183183765e-12,-2.31934928666559e-10,-2.4058591635783e-12)
(-3.09971472666808e-12,-2.86328967572931e-10,-4.45079803120797e-12)
(-4.96340751341348e-12,-3.31191955687908e-10,-2.75025892514265e-12)
(-6.12141060930149e-12,-3.57080113393689e-10,-8.24658659624669e-13)
(0,0,0)
(0,0,0)
(0,0,0)
(0,0,0)
(0,0,0)
(0,0,0)
(-2.23482735943326e-14,-2.12650375358723e-11,5.91601338403985e-11)
(-6.74393684257832e-13,-4.20290606345033e-11,5.63780083365247e-11)
(-1.9005346965401e-12,-6.45888787218294e-11,5.03379112372848e-11)
(-2.34025279353582e-12,-9.14515622675264e-11,4.15471930974767e-11)
(-2.36388995202641e-12,-1.25443001716851e-10,2.87656111249761e-11)
(-1.33889677487858e-12,-1.69580285985217e-10,1.03673495870741e-11)
(7.40199809042798e-13,-2.28746425245395e-10,-1.32199190476062e-11)
(-2.79191725896251e-12,-2.87265456706544e-10,-1.55937141636608e-11)
(-7.18952262589572e-12,-3.32909874703327e-10,-8.44136482552776e-12)
(-9.98628727913152e-12,-3.57877478485516e-10,-2.95047393491109e-12)
(0,0,0)
(0,0,0)
(0,0,0)
(0,0,0)
(0,0,0)
(0,0,0)
(2.91175094442474e-14,-1.88731326454251e-11,8.95074247428367e-11)
(-1.1090067017488e-12,-3.68954864822395e-11,8.61810100400926e-11)
(-2.84272379640639e-12,-5.63302685302339e-11,7.84950306279086e-11)
(-2.85984314859209e-12,-7.88107757582577e-11,6.6671374450114e-11)
(-1.272392680133e-12,-1.06314051829235e-10,4.86208651312594e-11)
(4.53334936157409e-12,-1.4306298517215e-10,1.72436191136935e-11)
(1.96872081548728e-11,-2.1933210391202e-10,-5.19058814448669e-11)
(4.31444941981943e-12,-2.90442423970549e-10,-4.31642820373445e-11)
(-6.44639255620134e-12,-3.37360477435323e-10,-1.7103669534465e-11)
(-1.09083604589999e-11,-3.60863379640271e-10,-4.38820180397114e-12)
(0,0,0)
(0,0,0)
(0,0,0)
(0,0,0)
(0,0,0)
(0,0,0)
(-7.56685317496578e-13,-1.55357673159815e-11,1.22825990190634e-10)
(-2.27345076706606e-12,-3.00482464655456e-11,1.19508040136103e-10)
(-3.81493322883478e-12,-4.54745250436898e-11,1.11423476779082e-10)
(-3.35247864146028e-12,-6.09634066293218e-11,9.80364746105718e-11)
(4.24187497898652e-13,-7.30408847868304e-11,7.9641830276334e-11)
(1.77436317194962e-11,-6.34470683548273e-11,5.95542643023998e-11)
(-6.5144634131574e-11,-1.92526437022286e-10,8.21119512280105e-11)
(2.29774128432785e-11,-3.01023503625868e-10,-9.80328737129174e-11)
(-4.44147586061444e-12,-3.45383176910356e-10,-1.99828224341552e-11)
(-1.12420020589557e-11,-3.64070784757784e-10,-1.10622392553311e-12)
(0,0,0)
(0,0,0)
(0,0,0)
(0,0,0)
(0,0,0)
(0,0,0)
(-1.42667632301191e-12,-1.18367348087474e-11,1.61343731284711e-10)
(-3.46708615667837e-12,-2.25596258785436e-11,1.57573198582273e-10)
(-5.3473762700736e-12,-3.33864951564274e-11,1.49100999078865e-10)
(-5.37109282630434e-12,-4.33309521865551e-11,1.3491804733081e-10)
(-2.83822462377914e-12,-5.11127872214132e-11,1.13171006401912e-10)
(6.23216971349384e-12,-6.16253985660248e-11,7.58980045985082e-11)
(2.40193525364226e-17,4.19949046117802e-16,-1.14887170578793e-16)
(-2.64607112218535e-11,-3.35070294094537e-10,4.58613313489853e-11)
(-1.45593083112322e-11,-3.54569587691643e-10,2.737043079675e-11)
(-1.40940395458609e-11,-3.62920059955179e-10,1.64470510569501e-11)
(0,0,0)
(0,0,0)
(0,0,0)
(0,0,0)
(0,0,0)
(0,0,0)
(-1.44416649582769e-12,-7.73828130775426e-12,2.04482435057342e-10)
(-3.60586010816347e-12,-1.49915348492251e-11,2.00443168731757e-10)
(-6.04753432243169e-12,-2.14277329648539e-11,1.92353264846271e-10)
(-7.32975806290509e-12,-2.4959300685844e-11,1.78864965228413e-10)
(-6.67429243408197e-12,-2.28644334497454e-11,1.55803177217682e-10)
(-1.55225654671662e-13,-1.47195017809175e-11,1.08992779869373e-10)
(2.85593703692793e-17,2.81804584093274e-16,-1.53246690793356e-16)
(-2.06160323656578e-11,-3.16822359182791e-10,7.15334674289601e-11)
(-1.82315343038224e-11,-3.4082603670622e-10,6.7255419028183e-11)
(-1.73000475340672e-11,-3.45814538431233e-10,3.70287580112179e-11)
(0,0,0)
(0,0,0)
(0,0,0)
(0,0,0)
(0,0,0)
(0,0,0)
(-1.42145849653633e-12,-4.34444466550396e-12,2.50396483869733e-10)
(-4.16176291591668e-12,-8.87931005656353e-12,2.4721914983415e-10)
(-7.48478132718798e-12,-1.1545928126229e-11,2.41072121075669e-10)
(-1.10263581884428e-11,-8.73250758001853e-12,2.30830314403422e-10)
(-1.57025392237995e-11,5.32836092944846e-12,2.12047554738748e-10)
(-1.92435692865193e-11,3.50601440594927e-11,1.65918438358713e-10)
(2.20727103524948e-17,3.5224901121702e-16,-4.84306452431405e-16)
(-5.78155799982011e-11,-3.02817296790898e-10,2.32681968728347e-10)
(-2.63308359741896e-11,-3.09047203460153e-10,1.3470245254534e-10)
(-2.0234868520963e-11,-3.09435553131029e-10,6.37357299639523e-11)
(0,0,0)
(0,0,0)
(0,0,0)
(0,0,0)
(0,0,0)
(0,0,0)
(-1.87119307437291e-12,-2.29783618339749e-12,2.96594325347809e-10)
(-4.57138725465058e-12,-5.31115827629184e-12,2.94125059594944e-10)
(-7.99840554746088e-12,-6.01661581007635e-12,2.89792127516407e-10)
(-1.34061123459564e-11,3.27948639181266e-13,2.84063324693403e-10)
(-2.69657051141943e-11,2.54641293942991e-11,2.794984649966e-10)
(-7.33154555226369e-11,1.12346002169335e-10,2.84741582182445e-10)
(1.06860077239445e-11,-2.08043157991837e-10,3.36370976239008e-10)
(-1.90138033248445e-11,-2.36062964201369e-10,2.54963280531972e-10)
(-1.91981569838971e-11,-2.44485332034268e-10,1.63282040252788e-10)
(-1.87047096608239e-11,-2.48254855181155e-10,7.9867581957546e-11)
(0,0,0)
(0,0,0)
(0,0,0)
(0,0,0)
(0,0,0)
(0,0,0)
(-1.6475291783479e-12,-7.36014105185041e-13,3.34889389910057e-10)
(-3.99285599181125e-12,-2.93002826873103e-12,3.3301722628464e-10)
(-6.24507177888586e-12,-4.45490908000747e-12,3.29320681943744e-10)
(-1.02213618408232e-11,-3.62624537770643e-12,3.24377831501026e-10)
(-1.70570091504929e-11,-6.07246357899995e-13,3.19646557099949e-10)
(-2.53239926483781e-11,-8.0120809994369e-12,3.16594844628299e-10)
(-1.08829246959424e-11,-1.08362627622839e-10,3.10686685833278e-10)
(-1.4960792318507e-11,-1.48679124353829e-10,2.51213690246237e-10)
(-1.67221152088909e-11,-1.64446828998936e-10,1.71566500978524e-10)
(-1.7761001666373e-11,-1.70901960111881e-10,8.66948193025439e-11)
(0,0,0)
(0,0,0)
(0,0,0)
(0,0,0)
(0,0,0)
(0,0,0)
(-2.16593081272221e-12,9.37572742174951e-14,3.56928656212069e-10)
(-4.75378454627065e-12,-1.07110122834101e-12,3.55617850955814e-10)
(-6.27262690051341e-12,-2.49799942409955e-12,3.52123287709555e-10)
(-9.53951305160931e-12,-3.91137327823152e-12,3.46986836712516e-10)
(-1.35427718852911e-11,-6.42770985653213e-12,3.39478626861475e-10)
(-1.53434877264502e-11,-1.78906484353178e-11,3.28073948457594e-10)
(-1.30071301555452e-11,-5.11714968654118e-11,3.0385006527825e-10)
(-1.4898114679055e-11,-7.21078383897914e-11,2.48703341258574e-10)
(-1.6065775726813e-11,-8.22190434448559e-11,1.73534577873628e-10)
(-1.70633481415689e-11,-8.66680372359811e-11,8.90659347238971e-11)
(0,0,0)
(0,0,0)
(0,0,0)
(0,0,0)
(0,0,0)
(0,0,0)
(0,0,0)
(0,0,0)
(0,0,0)
(0,0,0)
(0,0,0)
(0,0,0)
(0,0,0)
(0,0,0)
(0,0,0)
(0,0,0)
(0,0,0)
(0,0,0)
(0,0,0)
(0,0,0)
(0,0,0)
(0,0,0)
(0,0,0)
(0,0,0)
(0,0,0)
(0,0,0)
(0,0,0)
(0,0,0)
(0,0,0)
(0,0,0)
(0,0,0)
(0,0,0)
(0,0,0)
(0,0,0)
(0,0,0)
(0,0,0)
(0,0,0)
(0,0,0)
(0,0,0)
(0,0,0)
(0,0,0)
(0,0,0)
(0,0,0)
(0,0,0)
(0,0,0)
(0,0,0)
(0,0,0)
(0,0,0)
(0,0,0)
(0,0,0)
(0,0,0)
(0,0,0)
(0,0,0)
(0,0,0)
(0,0,0)
(0,0,0)
(0,0,0)
(0,0,0)
(0,0,0)
(0,0,0)
(0,0,0)
(0,0,0)
(0,0,0)
(0,0,0)
(0,0,0)
(0,0,0)
(0,0,0)
(0,0,0)
(0,0,0)
(0,0,0)
(0,0,0)
(0,0,0)
(0,0,0)
(0,0,0)
(0,0,0)
(0,0,0)
(0,0,0)
(0,0,0)
(0,0,0)
(0,0,0)
(0,0,0)
(0,0,0)
(0,0,0)
(0,0,0)
(0,0,0)
(0,0,0)
(0,0,0)
(0,0,0)
(0,0,0)
(0,0,0)
(0,0,0)
(0,0,0)
(0,0,0)
(0,0,0)
(0,0,0)
(0,0,0)
(0,0,0)
(0,0,0)
(0,0,0)
(0,0,0)
(0,0,0)
(0,0,0)
(5.91800342051613e-14,-2.14885507534369e-11,2.9938969252298e-11)
(1.0879015528629e-13,-4.37880180730612e-11,2.90348250832446e-11)
(-1.06545000906446e-12,-6.7487441118016e-11,2.65190323986337e-11)
(-1.65477290107987e-12,-9.47601421687332e-11,2.25316145986419e-11)
(-1.8646507590519e-12,-1.26804121444962e-10,1.72349557033317e-11)
(-2.09456600289263e-12,-1.65308371796258e-10,1.12439065901283e-11)
(-2.75519638539442e-12,-2.09148228512724e-10,4.89798828023794e-12)
(-3.86376469906111e-12,-2.52209574498105e-10,2.27640943212035e-12)
(-5.17108876355582e-12,-2.85368429954106e-10,1.74779522861608e-12)
(-6.14870417707394e-12,-3.03741433866105e-10,1.18346910525685e-12)
(0,0,0)
(0,0,0)
(0,0,0)
(0,0,0)
(0,0,0)
(0,0,0)
(3.67872339837093e-13,-2.0475813525023e-11,6.01429853725975e-11)
(2.32129262712826e-13,-4.1372414910726e-11,5.80271544914897e-11)
(-1.36842674833955e-12,-6.39769840825639e-11,5.32001065944065e-11)
(-2.19945733029307e-12,-9.0087786872097e-11,4.56212499937375e-11)
(-3.09457830173294e-12,-1.21324744472749e-10,3.54676476090999e-11)
(-4.26892895328105e-12,-1.5947023484601e-10,2.23745393670661e-11)
(-6.30032640827058e-12,-2.06724035862327e-10,7.51634359564476e-12)
(-6.76729933307147e-12,-2.52083950493192e-10,2.02821797323592e-12)
(-8.22981078444913e-12,-2.85930797584616e-10,1.52556137848759e-12)
(-9.95086005928913e-12,-3.04117555906781e-10,1.01929634143599e-12)
(0,0,0)
(0,0,0)
(0,0,0)
(0,0,0)
(0,0,0)
(0,0,0)
(1.81668827449049e-14,-1.85457891469391e-11,9.0309391028182e-11)
(-2.70267306255378e-13,-3.72092298166505e-11,8.77174579652746e-11)
(-1.87481110513972e-12,-5.71479735958594e-11,8.15382280628793e-11)
(-2.65670295864256e-12,-8.02527166373415e-11,7.16425741476021e-11)
(-3.16831370500524e-12,-1.0820415290382e-10,5.74320131635056e-11)
(-5.93306689721086e-12,-1.44674556153844e-10,3.60207612471e-11)
(-1.58600581423864e-11,-2.01566531742054e-10,4.87397723619095e-12)
(-1.11650834277576e-11,-2.51989030112902e-10,-9.35266632919048e-13)
(-1.11391608117045e-11,-2.86983059232328e-10,2.18407634391316e-12)
(-1.20891571455204e-11,-3.0525975124507e-10,2.37064655569376e-12)
(0,0,0)
(0,0,0)
(0,0,0)
(0,0,0)
(0,0,0)
(0,0,0)
(-1.13776777021483e-12,-1.59042817323841e-11,1.23744733886248e-10)
(-1.67750799706317e-12,-3.16774105641358e-11,1.20243944643517e-10)
(-2.51596094756477e-12,-4.82174083797435e-11,1.1288371010143e-10)
(-2.59028875003309e-12,-6.63297424030549e-11,1.01641472739266e-10)
(-1.41634409355723e-12,-8.64855265780068e-11,8.6084289661321e-11)
(-6.63572499491207e-12,-1.13159219764183e-10,6.18546387041941e-11)
(-7.75266661618993e-11,-2.00288127458727e-10,2.57137892702946e-12)
(-2.10258479668178e-11,-2.55819534406095e-10,3.99648137479007e-12)
(-1.41316635879985e-11,-2.88691307890268e-10,1.09851858972138e-11)
(-1.34989507871167e-11,-3.04808716590212e-10,7.89267549253221e-12)
(0,0,0)
(0,0,0)
(0,0,0)
(0,0,0)
(0,0,0)
(0,0,0)
(-1.75459712155503e-12,-1.25785010718772e-11,1.59162285956236e-10)
(-2.56297768261112e-12,-2.51577046958377e-11,1.55080714855789e-10)
(-3.12318671359182e-12,-3.78636374703457e-11,1.47186181142545e-10)
(-1.99570339813043e-12,-5.0614378142039e-11,1.35989357240865e-10)
(6.18642340797689e-12,-6.08362365284042e-11,1.21650769969268e-10)
(3.52243924140693e-11,-5.37331701817421e-11,1.06109092641195e-10)
(-4.58612840723416e-11,-2.56783232529314e-10,1.13383158012977e-10)
(-2.62177455814124e-11,-2.68871704174415e-10,6.53653677345786e-11)
(-1.7379479556974e-11,-2.87704681300822e-10,4.16092788844417e-11)
(-1.47525100128215e-11,-2.98570042522699e-10,2.1235760176417e-11)
(0,0,0)
(0,0,0)
(0,0,0)
(0,0,0)
(0,0,0)
(0,0,0)
(-7.98736812539059e-13,-8.99383765292609e-12,1.96114602050037e-10)
(-1.62818101530954e-12,-1.85000090062007e-11,1.92011912728006e-10)
(-2.44103954319833e-12,-2.80423840271969e-11,1.84595921334232e-10)
(-4.94763157993409e-13,-3.60888102060697e-11,1.74413767920727e-10)
(1.19433105350471e-11,-3.96879672476821e-11,1.61906738957093e-10)
(5.90580616210037e-11,-2.85343895520497e-11,1.51039127917354e-10)
(-7.15336625607077e-11,-2.36879603953502e-10,1.70617041887441e-10)
(-3.03430463567889e-11,-2.55556260645154e-10,1.12370140645624e-10)
(-1.97837065328442e-11,-2.71690389622967e-10,7.41758576178481e-11)
(-1.66502748230312e-11,-2.79983869841278e-10,3.70911700514574e-11)
(0,0,0)
(0,0,0)
(0,0,0)
(0,0,0)
(0,0,0)
(0,0,0)
(-2.90732943032321e-13,-5.71640462447647e-12,2.33212428574487e-10)
(-1.58288593779493e-12,-1.24919185746687e-11,2.3006818623772e-10)
(-2.77228697101395e-12,-1.9235505949437e-11,2.244048223452e-10)
(-1.30405474300922e-12,-2.35070402361125e-11,2.1646993745091e-10)
(1.02908086914016e-11,-2.12352131605559e-11,2.07861973473399e-10)
(6.93894952687881e-11,9.17482889261935e-13,2.0877060852652e-10)
(-2.46389207212226e-11,-2.31778916927972e-10,2.89962955083432e-10)
(-2.65903964047915e-11,-2.31250293484643e-10,1.81646844872227e-10)
(-1.99259848187098e-11,-2.40608269084414e-10,1.12583233448581e-10)
(-1.76798365069626e-11,-2.46806053442525e-10,5.48292652642645e-11)
(0,0,0)
(0,0,0)
(0,0,0)
(0,0,0)
(0,0,0)
(0,0,0)
(-9.6374939968624e-13,-3.34682683273885e-12,2.68434864647341e-10)
(-2.61958518375562e-12,-8.26480933846409e-12,2.65960760355117e-10)
(-3.83130945447895e-12,-1.30360344922685e-11,2.61489870116047e-10)
(-4.88705863227223e-12,-1.58701362714231e-11,2.55253371744763e-10)
(-6.13744654784282e-12,-1.61313486174723e-11,2.49185206084035e-10)
(-4.5867664104648e-12,-2.37224739228534e-11,2.46997327486278e-10)
(-7.58682693796899e-12,-1.39796319615839e-10,2.53917404180247e-10)
(-1.47164028931892e-11,-1.75965536222879e-10,1.97560619707458e-10)
(-1.58222017239511e-11,-1.90247834230664e-10,1.31666852133025e-10)
(-1.6190022772506e-11,-1.96788584822724e-10,6.58179591285508e-11)
(0,0,0)
(0,0,0)
(0,0,0)
(0,0,0)
(0,0,0)
(0,0,0)
(-6.05136932276776e-13,-1.73721532479364e-12,2.96355204285132e-10)
(-2.15523869133141e-12,-5.16393542258293e-12,2.94356033696409e-10)
(-3.25913099206081e-12,-8.83985325888395e-12,2.90343023687403e-10)
(-5.20495953922658e-12,-1.27593822401983e-11,2.84587595941858e-10)
(-8.18483318022222e-12,-1.83633423374824e-11,2.77053229056001e-10)
(-9.5372664174744e-12,-3.4851124166688e-11,2.66650718129049e-10)
(-8.60105986628897e-12,-8.58940755818558e-11,2.48633966435379e-10)
(-1.18848890148278e-11,-1.15621594201621e-10,2.01603142520802e-10)
(-1.4078219086995e-11,-1.29580703157949e-10,1.39350481016649e-10)
(-1.53001052397192e-11,-1.35412044496415e-10,7.08432861603792e-11)
(0,0,0)
(0,0,0)
(0,0,0)
(0,0,0)
(0,0,0)
(0,0,0)
(-7.61368282250085e-13,-4.67846522444456e-13,3.12100399084323e-10)
(-2.33032252835203e-12,-2.31197726735222e-12,3.10804955203541e-10)
(-3.63417532757411e-12,-4.45279359621452e-12,3.06914680424677e-10)
(-5.94267647879979e-12,-7.53616384902741e-12,3.01037658843086e-10)
(-8.56580333794211e-12,-1.2153668115115e-11,2.9133205703299e-10)
(-9.0102529824275e-12,-2.24213479640133e-11,2.75371709713345e-10)
(-9.03190300128147e-12,-4.2302034705492e-11,2.48595350696021e-10)
(-1.18371896839048e-11,-5.72442256883185e-11,2.02663699754074e-10)
(-1.38161760219515e-11,-6.53957618243674e-11,1.41920799995756e-10)
(-1.46654506536642e-11,-6.89219458987077e-11,7.29252833827102e-11)
(0,0,0)
(0,0,0)
(0,0,0)
(0,0,0)
(0,0,0)
(0,0,0)
(0,0,0)
(0,0,0)
(0,0,0)
(0,0,0)
(0,0,0)
(0,0,0)
(0,0,0)
(0,0,0)
(0,0,0)
(0,0,0)
(0,0,0)
(0,0,0)
(0,0,0)
(0,0,0)
(0,0,0)
(0,0,0)
(0,0,0)
(0,0,0)
(0,0,0)
(0,0,0)
(0,0,0)
(0,0,0)
(0,0,0)
(0,0,0)
(0,0,0)
(0,0,0)
(0,0,0)
(0,0,0)
(0,0,0)
(0,0,0)
(0,0,0)
(0,0,0)
(0,0,0)
(0,0,0)
(0,0,0)
(0,0,0)
(0,0,0)
(0,0,0)
(0,0,0)
(0,0,0)
(0,0,0)
(0,0,0)
(0,0,0)
(0,0,0)
(0,0,0)
(0,0,0)
(0,0,0)
(0,0,0)
(0,0,0)
(0,0,0)
(0,0,0)
(0,0,0)
(0,0,0)
(0,0,0)
(0,0,0)
(0,0,0)
(0,0,0)
(0,0,0)
(0,0,0)
(0,0,0)
(0,0,0)
(0,0,0)
(0,0,0)
(0,0,0)
(0,0,0)
(0,0,0)
(0,0,0)
(0,0,0)
(0,0,0)
(0,0,0)
(0,0,0)
(0,0,0)
(0,0,0)
(0,0,0)
(0,0,0)
(0,0,0)
(0,0,0)
(0,0,0)
(0,0,0)
(0,0,0)
(0,0,0)
(0,0,0)
(0,0,0)
(0,0,0)
(0,0,0)
(0,0,0)
(0,0,0)
(0,0,0)
(0,0,0)
(0,0,0)
(0,0,0)
(0,0,0)
(0,0,0)
(0,0,0)
(0,0,0)
(0,0,0)
(-4.94130251454792e-14,-2.17970492639645e-11,3.22500601104914e-11)
(2.08979677565425e-13,-4.45882896295207e-11,3.10907306692881e-11)
(-5.88489244538437e-13,-6.80996990236415e-11,2.85244914605119e-11)
(-1.03046930237955e-12,-9.37872402873994e-11,2.481004319994e-11)
(-1.35297861809002e-12,-1.22993267537664e-10,2.03262963157046e-11)
(-1.586784643198e-12,-1.5755547664548e-10,1.55139296778575e-11)
(-2.5578101877143e-12,-1.94089672195003e-10,1.03797869581099e-11)
(-3.46077450050755e-12,-2.28953164815848e-10,6.79820923119875e-12)
(-4.04439500969913e-12,-2.55760673413063e-10,4.32033780267016e-12)
(-4.58911303110416e-12,-2.70361231911803e-10,2.18683037801399e-12)
(0,0,0)
(0,0,0)
(0,0,0)
(0,0,0)
(0,0,0)
(0,0,0)
(5.53678842855731e-13,-2.05946058953208e-11,6.22850990115894e-11)
(8.95992065702549e-13,-4.21462696687929e-11,6.02272280391314e-11)
(-6.18580634349424e-13,-6.50015419915101e-11,5.59538445688922e-11)
(-1.88092518040786e-12,-9.0167380078668e-11,4.95638349694988e-11)
(-3.12206162862603e-12,-1.19163574144826e-10,4.14278541974945e-11)
(-4.20641187405181e-12,-1.53435726310326e-10,3.14307835578088e-11)
(-5.9697049060803e-12,-1.91571277375772e-10,2.0850437219769e-11)
(-6.35956311862566e-12,-2.27714047326936e-10,1.36987071372739e-11)
(-6.67128409968946e-12,-2.55365512586423e-10,8.72882278216363e-12)
(-7.78936837951589e-12,-2.70247596171947e-10,4.34850894098322e-12)
(0,0,0)
(0,0,0)
(0,0,0)
(0,0,0)
(0,0,0)
(0,0,0)
(-3.14074689128606e-14,-1.82591212048012e-11,9.19625885757305e-11)
(3.77143343623663e-13,-3.7784799916175e-11,8.96030514821036e-11)
(-9.09722405965038e-13,-5.91006149162231e-11,8.45672238227548e-11)
(-2.36911620884999e-12,-8.28247221655801e-11,7.63085419287233e-11)
(-3.47568811440754e-12,-1.10604248584238e-10,6.45666249741171e-11)
(-6.30161927591617e-12,-1.44909958099888e-10,4.92794344343307e-11)
(-1.13292185566784e-11,-1.87182201192934e-10,3.19391716606048e-11)
(-1.04539221113573e-11,-2.25455357040971e-10,2.16892343190518e-11)
(-9.61748236555577e-12,-2.53948097686633e-10,1.48688755013342e-11)
(-1.01695452447065e-11,-2.69198827290158e-10,7.86757149214191e-12)
(0,0,0)
(0,0,0)
(0,0,0)
(0,0,0)
(0,0,0)
(0,0,0)
(-9.62759188022052e-13,-1.5758411163366e-11,1.23940904779854e-10)
(-8.36979323252178e-13,-3.27948247178277e-11,1.20968980115274e-10)
(-1.62749449477361e-12,-5.15549866202698e-11,1.14872793257858e-10)
(-2.74846993310582e-12,-7.20347713011904e-11,1.05169810267005e-10)
(-2.83598318605565e-12,-9.67607717838788e-11,9.19306632777697e-11)
(-6.77851480022006e-12,-1.30437381430349e-10,7.47296392007431e-11)
(-2.24566635390854e-11,-1.82940855975546e-10,5.18271841416702e-11)
(-1.49623827209371e-11,-2.23621420128697e-10,3.80176015515471e-11)
(-1.20257797728092e-11,-2.51295623449883e-10,2.71204275120383e-11)
(-1.18449493620426e-11,-2.65397578433502e-10,1.43505893582279e-11)
(0,0,0)
(0,0,0)
(0,0,0)
(0,0,0)
(0,0,0)
(0,0,0)
(-1.25768944008544e-12,-1.31633088633549e-11,1.57355672924419e-10)
(-1.32613965900445e-12,-2.72177010131373e-11,1.5362602314219e-10)
(-1.74761625504396e-12,-4.26679094480116e-11,1.46860877328966e-10)
(-2.18268406253364e-12,-5.95921759290965e-11,1.37274335932798e-10)
(5.79831455356758e-13,-8.01690262438004e-11,1.2477103089423e-10)
(2.75154641262314e-12,-1.1049374947721e-10,1.10656703453245e-10)
(-1.77471223697707e-11,-1.84233017099759e-10,9.70007134227661e-11)
(-1.57771002605134e-11,-2.21061409292419e-10,7.18821461373347e-11)
(-1.30202525266648e-11,-2.44281226787321e-10,4.84037208075286e-11)
(-1.21029225178464e-11,-2.55938655872702e-10,2.45343879522049e-11)
(0,0,0)
(0,0,0)
(0,0,0)
(0,0,0)
(0,0,0)
(0,0,0)
(2.65194810717911e-14,-1.02647682482319e-11,1.89612584968953e-10)
(-2.20280053064956e-13,-2.13655466326093e-11,1.86423224306821e-10)
(-1.06576420746486e-12,-3.40461347118376e-11,1.80491035283618e-10)
(-5.69504164306632e-13,-4.7701254394679e-11,1.71776740987561e-10)
(4.3581674876658e-12,-6.43889244668109e-11,1.60991621945729e-10)
(1.00282752096341e-11,-9.23593347139276e-11,1.50105259205209e-10)
(-1.83874483444593e-11,-1.70245211867342e-10,1.4089530053166e-10)
(-1.64547304896178e-11,-2.06530216002772e-10,1.07840085846059e-10)
(-1.37811395049935e-11,-2.26902186735156e-10,7.27287721499223e-11)
(-1.27369211702933e-11,-2.36704742073204e-10,3.65128263859635e-11)
(0,0,0)
(0,0,0)
(0,0,0)
(0,0,0)
(0,0,0)
(0,0,0)
(4.83931601972712e-13,-7.39010869766748e-12,2.21697404750628e-10)
(-1.46631281481612e-13,-1.58457334580908e-11,2.19256649778889e-10)
(-1.03687353391629e-12,-2.57976148445354e-11,2.14376516870093e-10)
(-3.3299473018069e-13,-3.67766883377651e-11,2.06844680066431e-10)
(4.27830909521694e-12,-4.98705349981721e-11,1.97833053527512e-10)
(1.28371055240058e-11,-7.39498260745253e-11,1.90423041829988e-10)
(-8.30540782205574e-12,-1.50102538852031e-10,1.88822991929158e-10)
(-1.2811542242809e-11,-1.81213069744817e-10,1.44619379411337e-10)
(-1.25324514881317e-11,-1.9771143143041e-10,9.67188306621822e-11)
(-1.28680398625151e-11,-2.05956897558671e-10,4.86285812886058e-11)
(0,0,0)
(0,0,0)
(0,0,0)
(0,0,0)
(0,0,0)
(0,0,0)
(-9.92566153989039e-14,-4.76963308348577e-12,2.50981797080445e-10)
(-1.24956886057983e-12,-1.10492746816084e-11,2.48694458392103e-10)
(-1.79099231654535e-12,-1.85196630879402e-11,2.43951844056903e-10)
(-1.92964700278492e-12,-2.75692386204901e-11,2.36926743115346e-10)
(-1.71757423008254e-12,-3.91191238874561e-11,2.27806554926051e-10)
(-3.78192860491429e-13,-6.13827276932498e-11,2.1696235836976e-10)
(-5.13228649924612e-12,-1.1137374257056e-10,2.02034129943609e-10)
(-9.16657734000941e-12,-1.41042169018859e-10,1.61663100391334e-10)
(-1.06404397921975e-11,-1.56133545158749e-10,1.10846509080913e-10)
(-1.17486039702693e-11,-1.63341135617937e-10,5.64634359875364e-11)
(0,0,0)
(0,0,0)
(0,0,0)
(0,0,0)
(0,0,0)
(0,0,0)
(1.24664854093093e-13,-2.54433865481523e-12,2.72552430994163e-10)
(-9.94186837537147e-13,-6.91608907109593e-12,2.70616884087539e-10)
(-1.89076290918319e-12,-1.21980359836741e-11,2.66157290902415e-10)
(-2.89381104454038e-12,-1.94092989669045e-11,2.59215252749177e-10)
(-3.99199647566293e-12,-2.93390970856872e-11,2.48811038421311e-10)
(-3.95029092650096e-12,-4.64253063555481e-11,2.33368634479831e-10)
(-5.16227682803027e-12,-7.40983119875068e-11,2.09706564200856e-10)
(-8.00959602397794e-12,-9.51691551076357e-11,1.69895326450359e-10)
(-9.75596556428739e-12,-1.06993415043974e-10,1.18237774208101e-10)
(-1.09469176770487e-11,-1.12501465845227e-10,6.0594475783017e-11)
(0,0,0)
(0,0,0)
(0,0,0)
(0,0,0)
(0,0,0)
(0,0,0)
(6.62290760867761e-14,-7.16136887686224e-13,2.84152404256552e-10)
(-7.52025016840436e-13,-3.29728399269421e-12,2.83313219009351e-10)
(-2.20994734219781e-12,-6.22589864103866e-12,2.79206328047623e-10)
(-3.77323851772916e-12,-1.04276274728638e-11,2.71881183779671e-10)
(-4.75912413341209e-12,-1.62426842681115e-11,2.59814063098122e-10)
(-4.65524192911659e-12,-2.52784907434214e-11,2.40985989605881e-10)
(-5.40228676483476e-12,-3.74245860456716e-11,2.1297384623458e-10)
(-8.33851561390309e-12,-4.76560052013611e-11,1.72734960919269e-10)
(-1.02164212332817e-11,-5.41641908831999e-11,1.21434143460756e-10)
(-1.06621131696725e-11,-5.74649953388944e-11,6.2758442581666e-11)
(0,0,0)
(0,0,0)
(0,0,0)
(0,0,0)
(0,0,0)
(0,0,0)
(0,0,0)
(0,0,0)
(0,0,0)
(0,0,0)
(0,0,0)
(0,0,0)
(0,0,0)
(0,0,0)
(0,0,0)
(0,0,0)
(0,0,0)
(0,0,0)
(0,0,0)
(0,0,0)
(0,0,0)
(0,0,0)
(0,0,0)
(0,0,0)
(0,0,0)
(0,0,0)
(0,0,0)
(0,0,0)
(0,0,0)
(0,0,0)
(0,0,0)
(0,0,0)
(0,0,0)
(0,0,0)
(0,0,0)
(0,0,0)
(0,0,0)
(0,0,0)
(0,0,0)
(0,0,0)
(0,0,0)
(0,0,0)
(0,0,0)
(0,0,0)
(0,0,0)
(0,0,0)
(0,0,0)
(0,0,0)
(0,0,0)
(0,0,0)
(0,0,0)
(0,0,0)
(0,0,0)
(0,0,0)
(0,0,0)
(0,0,0)
(0,0,0)
(0,0,0)
(0,0,0)
(0,0,0)
(0,0,0)
(0,0,0)
(0,0,0)
(0,0,0)
(0,0,0)
(0,0,0)
(0,0,0)
(0,0,0)
(0,0,0)
(0,0,0)
(0,0,0)
(0,0,0)
(0,0,0)
(0,0,0)
(0,0,0)
(0,0,0)
(0,0,0)
(0,0,0)
(0,0,0)
(0,0,0)
(0,0,0)
(0,0,0)
(0,0,0)
(0,0,0)
(0,0,0)
(0,0,0)
(0,0,0)
(0,0,0)
(0,0,0)
(0,0,0)
(0,0,0)
(0,0,0)
(0,0,0)
(0,0,0)
(0,0,0)
(0,0,0)
(0,0,0)
(0,0,0)
(0,0,0)
(0,0,0)
(0,0,0)
(0,0,0)
(-9.25269525685962e-14,-2.12251215403449e-11,3.28338924703141e-11)
(3.33198925605501e-13,-4.42681516300789e-11,3.15166584058761e-11)
(2.78019839011212e-14,-6.88239500781e-11,2.9250700214085e-11)
(-1.66582626857879e-13,-9.45086638636554e-11,2.589339582466e-11)
(-3.70305373103783e-13,-1.22812366452796e-10,2.22531631522486e-11)
(-5.72392258600685e-13,-1.55273653732069e-10,1.83766471497512e-11)
(-1.49462728002975e-12,-1.87767133659228e-10,1.41731880342788e-11)
(-2.22202056088503e-12,-2.17477849316533e-10,1.00256708679135e-11)
(-2.30604841169675e-12,-2.41096745022844e-10,6.27598310663152e-12)
(-2.51591839296599e-12,-2.54698579526488e-10,3.19573581708994e-12)
(0,0,0)
(0,0,0)
(0,0,0)
(0,0,0)
(0,0,0)
(0,0,0)
(2.7606512479495e-13,-2.00004144284718e-11,6.27631397812174e-11)
(8.07905783343188e-13,-4.16689945126908e-11,6.05094247320251e-11)
(-1.29498110222774e-13,-6.54388437048046e-11,5.70205305888552e-11)
(-1.08760232152236e-12,-9.1035013818086e-11,5.17369385334204e-11)
(-1.68431654951855e-12,-1.19306155823395e-10,4.49861183029907e-11)
(-2.15183374647568e-12,-1.51642586875164e-10,3.66387485908166e-11)
(-3.20705100643692e-12,-1.8511424377292e-10,2.7804267215245e-11)
(-3.64836904948352e-12,-2.15950182116124e-10,2.00887037866527e-11)
(-3.70838515829403e-12,-2.40322546144995e-10,1.35071769324211e-11)
(-4.489628320307e-12,-2.54018762102367e-10,7.30983715927721e-12)
(0,0,0)
(0,0,0)
(0,0,0)
(0,0,0)
(0,0,0)
(0,0,0)
(-1.72580416702029e-13,-1.74706342544724e-11,9.28674695584987e-11)
(4.2299580462728e-13,-3.73721945861769e-11,9.02350594914583e-11)
(-1.96668807915317e-13,-6.02847497595708e-11,8.61512062739502e-11)
(-1.41715011865136e-12,-8.53717959091965e-11,7.95004182163236e-11)
(-2.0319743749712e-12,-1.12643102660731e-10,6.91326655414085e-11)
(-3.43393317173868e-12,-1.44959939246077e-10,5.63587822383013e-11)
(-5.32062643247897e-12,-1.80605731350774e-10,4.27186651519955e-11)
(-5.46750020594983e-12,-2.13017024311363e-10,3.16039137476102e-11)
(-5.26865259314238e-12,-2.37833591530142e-10,2.1892404700992e-11)
(-6.10322260921833e-12,-2.51198553263401e-10,1.18534562058765e-11)
(0,0,0)
(0,0,0)
(0,0,0)
(0,0,0)
(0,0,0)
(0,0,0)
(-5.85936823440347e-13,-1.50108046041513e-11,1.24066610815792e-10)
(-3.17916170560283e-13,-3.28653455639972e-11,1.21420978832885e-10)
(-8.11588676150339e-13,-5.38306305098936e-11,1.16309647505017e-10)
(-1.95191831595802e-12,-7.64211933529242e-11,1.07693972882952e-10)
(-2.22670464909052e-12,-1.01901193732605e-10,9.53201947470058e-11)
(-3.81969169425332e-12,-1.34753755331512e-10,8.06360517105668e-11)
(-7.35491982471776e-12,-1.74811606378868e-10,6.37717777971933e-11)
(-6.62521951774024e-12,-2.08773015470692e-10,4.84826371033021e-11)
(-6.27033828150969e-12,-2.33063295628167e-10,3.40652490967364e-11)
(-6.95328256461308e-12,-2.45448319666747e-10,1.8045534337502e-11)
(0,0,0)
(0,0,0)
(0,0,0)
(0,0,0)
(0,0,0)
(0,0,0)
(-4.26580272957121e-13,-1.29511094446829e-11,1.5696377977827e-10)
(-4.13148226281677e-13,-2.80719304066965e-11,1.53438967128602e-10)
(-7.82849595084004e-13,-4.60265445640055e-11,1.47232469172625e-10)
(-1.57030055839025e-12,-6.59993335329001e-11,1.38221828780923e-10)
(-1.08594288061907e-12,-8.9443755345253e-11,1.2574539986114e-10)
(-1.72687832021604e-12,-1.21709173112417e-10,1.1129413488446e-10)
(-6.61636031672238e-12,-1.66877385509705e-10,9.44893276935277e-11)
(-6.82986822040992e-12,-2.00980846981823e-10,7.33443386706239e-11)
(-6.52995972350389e-12,-2.23313919150453e-10,5.07641559843089e-11)
(-6.80244836513729e-12,-2.34356067893867e-10,2.61420260780453e-11)
(0,0,0)
(0,0,0)
(0,0,0)
(0,0,0)
(0,0,0)
(0,0,0)
(3.41220592631161e-13,-9.85287706799222e-12,1.8749183635656e-10)
(1.92095795634868e-13,-2.22785806769987e-11,1.84694211799439e-10)
(-5.99989778704486e-13,-3.77987537673937e-11,1.79275391842853e-10)
(-7.08951179409746e-13,-5.50932051714644e-11,1.70473811165213e-10)
(7.26140759509023e-13,-7.60784332492362e-11,1.58948620339859e-10)
(8.28725243778962e-13,-1.06631244241679e-10,1.45734715013729e-10)
(-5.47490667411846e-12,-1.52348756803527e-10,1.29217927829203e-10)
(-6.66056305140443e-12,-1.85230532515939e-10,1.02319715572814e-10)
(-6.75594904580768e-12,-2.05221748967662e-10,7.06277823560295e-11)
(-6.97193929891772e-12,-2.15016490180958e-10,3.59767889091657e-11)
(0,0,0)
(0,0,0)
(0,0,0)
(0,0,0)
(0,0,0)
(0,0,0)
(3.04210959521593e-13,-6.71403191823484e-12,2.16536853523647e-10)
(-6.29571491556287e-14,-1.66676649247759e-11,2.14679729948697e-10)
(-7.82988486800373e-13,-2.95971628684667e-11,2.10190870614311e-10)
(-5.28817908576056e-13,-4.42769655255233e-11,2.01701351245872e-10)
(9.36909682016136e-13,-6.21383871635636e-11,1.90590416055609e-10)
(1.87005704359283e-12,-8.92857318133983e-11,1.77970382904666e-10)
(-2.83059158576398e-12,-1.3092545122124e-10,1.61408008255363e-10)
(-5.08189421963226e-12,-1.60199162350578e-10,1.29054432895259e-10)
(-6.02008838619326e-12,-1.77326704566605e-10,8.90234570738841e-11)
(-6.8552205146411e-12,-1.86011640570705e-10,4.54091879876418e-11)
(0,0,0)
(0,0,0)
(0,0,0)
(0,0,0)
(0,0,0)
(0,0,0)
(-3.72123556932e-14,-4.5526973837469e-12,2.43116005184187e-10)
(-6.40140135918562e-13,-1.224176273954e-11,2.41319483627948e-10)
(-1.08751847926216e-12,-2.18906319868156e-11,2.36689029970437e-10)
(-9.69398467057452e-13,-3.36948482438448e-11,2.28276453991534e-10)
(-6.53404475565291e-13,-4.85814443305939e-11,2.16435690647991e-10)
(-4.0738577207708e-13,-7.0853300120563e-11,2.01162176283916e-10)
(-2.03668752999941e-12,-1.01402467446867e-10,1.79809731596875e-10)
(-4.22299994081468e-12,-1.25250080748827e-10,1.45340085989924e-10)
(-5.39749681359492e-12,-1.39732523866538e-10,1.01067529758885e-10)
(-6.12483775546764e-12,-1.47457673097703e-10,5.18113303281811e-11)
(0,0,0)
(0,0,0)
(0,0,0)
(0,0,0)
(0,0,0)
(0,0,0)
(2.32009993588515e-13,-2.79338818318394e-12,2.60492355449587e-10)
(-1.53398730811372e-13,-8.2514492179855e-12,2.58919401751491e-10)
(-9.20862098583487e-13,-1.45655744871584e-11,2.54682383576046e-10)
(-1.47126821071851e-12,-2.28234833673437e-11,2.46573595786161e-10)
(-1.64600535175672e-12,-3.39613344420919e-11,2.33944851128788e-10)
(-1.43503625964557e-12,-4.99082412055937e-11,2.16028517482334e-10)
(-2.02476501937267e-12,-6.89695093699389e-11,1.90679276413103e-10)
(-3.86519368799583e-12,-8.52005244585969e-11,1.54539617824714e-10)
(-4.94189129996314e-12,-9.58738212494357e-11,1.07800250642502e-10)
(-5.38891240036203e-12,-1.01771180524983e-10,5.5199041803058e-11)
(0,0,0)
(0,0,0)
(0,0,0)
(0,0,0)
(0,0,0)
(0,0,0)
(1.8927743560117e-13,-9.88424491488609e-13,2.70689653985643e-10)
(5.75819521916241e-14,-4.16782977335159e-12,2.69890506929755e-10)
(-1.1107017152833e-12,-7.37764879585674e-12,2.65780259108595e-10)
(-2.13374530904475e-12,-1.16660069206878e-11,2.57291908597455e-10)
(-2.17373490927173e-12,-1.76910061474175e-11,2.43492156367723e-10)
(-1.92158930124831e-12,-2.59940363959778e-11,2.23627415311034e-10)
(-2.58798749519004e-12,-3.48546158009409e-11,1.95711789613808e-10)
(-4.69370335675247e-12,-4.23263509643793e-11,1.58269186317676e-10)
(-5.70491123739533e-12,-4.82145037099543e-11,1.11249131996545e-10)
(-5.36866592690441e-12,-5.19610511222907e-11,5.73297170491951e-11)
(0,0,0)
(0,0,0)
(0,0,0)
(0,0,0)
(0,0,0)
(0,0,0)
(0,0,0)
(0,0,0)
(0,0,0)
(0,0,0)
(0,0,0)
(0,0,0)
(0,0,0)
(0,0,0)
(0,0,0)
(0,0,0)
(0,0,0)
(0,0,0)
(0,0,0)
(0,0,0)
(0,0,0)
(0,0,0)
(0,0,0)
(0,0,0)
(0,0,0)
(0,0,0)
(0,0,0)
(0,0,0)
(0,0,0)
(0,0,0)
(0,0,0)
(0,0,0)
(0,0,0)
(0,0,0)
(0,0,0)
(0,0,0)
(0,0,0)
(0,0,0)
(0,0,0)
(0,0,0)
(0,0,0)
(0,0,0)
(0,0,0)
(0,0,0)
(0,0,0)
(0,0,0)
(0,0,0)
(0,0,0)
(0,0,0)
(0,0,0)
(0,0,0)
(0,0,0)
(0,0,0)
(0,0,0)
(0,0,0)
(0,0,0)
(0,0,0)
(0,0,0)
(0,0,0)
(0,0,0)
(0,0,0)
(0,0,0)
(0,0,0)
(0,0,0)
(0,0,0)
(0,0,0)
(0,0,0)
(0,0,0)
(0,0,0)
(0,0,0)
(0,0,0)
(0,0,0)
(0,0,0)
(0,0,0)
(0,0,0)
(0,0,0)
(0,0,0)
(0,0,0)
(0,0,0)
(0,0,0)
(0,0,0)
(0,0,0)
(0,0,0)
(0,0,0)
(0,0,0)
(0,0,0)
(0,0,0)
(0,0,0)
(0,0,0)
(0,0,0)
(0,0,0)
(0,0,0)
(0,0,0)
(0,0,0)
(0,0,0)
(0,0,0)
(0,0,0)
(0,0,0)
(0,0,0)
(0,0,0)
(0,0,0)
(0,0,0)
(0,0,0)
(0,0,0)
(0,0,0)
(0,0,0)
(0,0,0)
(0,0,0)
(0,0,0)
(0,0,0)
(0,0,0)
(0,0,0)
(0,0,0)
(0,0,0)
(0,0,0)
(0,0,0)
(0,0,0)
(0,0,0)
(0,0,0)
(0,0,0)
(0,0,0)
(0,0,0)
(0,0,0)
(0,0,0)
(0,0,0)
(0,0,0)
(0,0,0)
(0,0,0)
(0,0,0)
(0,0,0)
(0,0,0)
(0,0,0)
(0,0,0)
(0,0,0)
(0,0,0)
(0,0,0)
(0,0,0)
(0,0,0)
(0,0,0)
(0,0,0)
(0,0,0)
(0,0,0)
(0,0,0)
(0,0,0)
(0,0,0)
(0,0,0)
(0,0,0)
(0,0,0)
(0,0,0)
(0,0,0)
(0,0,0)
(0,0,0)
(0,0,0)
(0,0,0)
(0,0,0)
(0,0,0)
(0,0,0)
(0,0,0)
(0,0,0)
(0,0,0)
(0,0,0)
(0,0,0)
(0,0,0)
(0,0,0)
(0,0,0)
(0,0,0)
(0,0,0)
(0,0,0)
(0,0,0)
(0,0,0)
(0,0,0)
(0,0,0)
(0,0,0)
(0,0,0)
(0,0,0)
(0,0,0)
(0,0,0)
(0,0,0)
(0,0,0)
(0,0,0)
(0,0,0)
(0,0,0)
(0,0,0)
(0,0,0)
(0,0,0)
(0,0,0)
(0,0,0)
(0,0,0)
(0,0,0)
(0,0,0)
(0,0,0)
(0,0,0)
(0,0,0)
(0,0,0)
(0,0,0)
(0,0,0)
(0,0,0)
(0,0,0)
(0,0,0)
(0,0,0)
(0,0,0)
(0,0,0)
(0,0,0)
(0,0,0)
(0,0,0)
(0,0,0)
(0,0,0)
(0,0,0)
(0,0,0)
(0,0,0)
(0,0,0)
(0,0,0)
(0,0,0)
(0,0,0)
(0,0,0)
(0,0,0)
(0,0,0)
(0,0,0)
(0,0,0)
(0,0,0)
(0,0,0)
(0,0,0)
(0,0,0)
(0,0,0)
(0,0,0)
(0,0,0)
(0,0,0)
(0,0,0)
(0,0,0)
(0,0,0)
(0,0,0)
(0,0,0)
(0,0,0)
(0,0,0)
(0,0,0)
(0,0,0)
(0,0,0)
(0,0,0)
(0,0,0)
(0,0,0)
(0,0,0)
(0,0,0)
(0,0,0)
(0,0,0)
(0,0,0)
(0,0,0)
(0,0,0)
(0,0,0)
(0,0,0)
(0,0,0)
(0,0,0)
(0,0,0)
(0,0,0)
(0,0,0)
(0,0,0)
(0,0,0)
(0,0,0)
(0,0,0)
(0,0,0)
(0,0,0)
(0,0,0)
(0,0,0)
(0,0,0)
(0,0,0)
(0,0,0)
(0,0,0)
(0,0,0)
(0,0,0)
(0,0,0)
(0,0,0)
(0,0,0)
(0,0,0)
(0,0,0)
(0,0,0)
(0,0,0)
(0,0,0)
(0,0,0)
(0,0,0)
(0,0,0)
(0,0,0)
(0,0,0)
(0,0,0)
(0,0,0)
(0,0,0)
(0,0,0)
(0,0,0)
(0,0,0)
(0,0,0)
(0,0,0)
(0,0,0)
(0,0,0)
(0,0,0)
(0,0,0)
(0,0,0)
(0,0,0)
(0,0,0)
(0,0,0)
(0,0,0)
(0,0,0)
(0,0,0)
(0,0,0)
(0,0,0)
(0,0,0)
(0,0,0)
(0,0,0)
(0,0,0)
(0,0,0)
(0,0,0)
(0,0,0)
(0,0,0)
(0,0,0)
(0,0,0)
(0,0,0)
(0,0,0)
(0,0,0)
(0,0,0)
(0,0,0)
(0,0,0)
(0,0,0)
(0,0,0)
(0,0,0)
(0,0,0)
(0,0,0)
(0,0,0)
(0,0,0)
(0,0,0)
(0,0,0)
(0,0,0)
(0,0,0)
(0,0,0)
(0,0,0)
(0,0,0)
(0,0,0)
(0,0,0)
(0,0,0)
(0,0,0)
(0,0,0)
(0,0,0)
(0,0,0)
(0,0,0)
(0,0,0)
(0,0,0)
(0,0,0)
(0,0,0)
(0,0,0)
(0,0,0)
(0,0,0)
(0,0,0)
(0,0,0)
(0,0,0)
(0,0,0)
(0,0,0)
(0,0,0)
(0,0,0)
(0,0,0)
(0,0,0)
(0,0,0)
(0,0,0)
(0,0,0)
(0,0,0)
(0,0,0)
(0,0,0)
(0,0,0)
(0,0,0)
(0,0,0)
(0,0,0)
(0,0,0)
(0,0,0)
(0,0,0)
(0,0,0)
(0,0,0)
(0,0,0)
(0,0,0)
(0,0,0)
(0,0,0)
(0,0,0)
(0,0,0)
(0,0,0)
(0,0,0)
(0,0,0)
(0,0,0)
(0,0,0)
(0,0,0)
(0,0,0)
(0,0,0)
(0,0,0)
(0,0,0)
(0,0,0)
(0,0,0)
(0,0,0)
(0,0,0)
(0,0,0)
(0,0,0)
(0,0,0)
(0,0,0)
(0,0,0)
(0,0,0)
(0,0,0)
(0,0,0)
(0,0,0)
(0,0,0)
(0,0,0)
(0,0,0)
(0,0,0)
(0,0,0)
(0,0,0)
(0,0,0)
(0,0,0)
(0,0,0)
(0,0,0)
(0,0,0)
(0,0,0)
(0,0,0)
(0,0,0)
(0,0,0)
(0,0,0)
(0,0,0)
(0,0,0)
(0,0,0)
(0,0,0)
(0,0,0)
(0,0,0)
(0,0,0)
(0,0,0)
(0,0,0)
(0,0,0)
(0,0,0)
(0,0,0)
(0,0,0)
(0,0,0)
(0,0,0)
(0,0,0)
(0,0,0)
(0,0,0)
(0,0,0)
(0,0,0)
(0,0,0)
(0,0,0)
(0,0,0)
(0,0,0)
(0,0,0)
(0,0,0)
(0,0,0)
(0,0,0)
(0,0,0)
(0,0,0)
(0,0,0)
(0,0,0)
(0,0,0)
(0,0,0)
(0,0,0)
(0,0,0)
(0,0,0)
(0,0,0)
(0,0,0)
(0,0,0)
(0,0,0)
(0,0,0)
(0,0,0)
(0,0,0)
(0,0,0)
(0,0,0)
(0,0,0)
(0,0,0)
(0,0,0)
(0,0,0)
(0,0,0)
(0,0,0)
(0,0,0)
(0,0,0)
(0,0,0)
(0,0,0)
(0,0,0)
(0,0,0)
(0,0,0)
(0,0,0)
(0,0,0)
(0,0,0)
(0,0,0)
(0,0,0)
(0,0,0)
(0,0,0)
(0,0,0)
(0,0,0)
(0,0,0)
(0,0,0)
(0,0,0)
(0,0,0)
(0,0,0)
(0,0,0)
(0,0,0)
(0,0,0)
(0,0,0)
(0,0,0)
(0,0,0)
(0,0,0)
(0,0,0)
(0,0,0)
(0,0,0)
(0,0,0)
(0,0,0)
(0,0,0)
(0,0,0)
(0,0,0)
(0,0,0)
(0,0,0)
(0,0,0)
(0,0,0)
(0,0,0)
(0,0,0)
(0,0,0)
(0,0,0)
(0,0,0)
(0,0,0)
(0,0,0)
(0,0,0)
(0,0,0)
(0,0,0)
(0,0,0)
(0,0,0)
(0,0,0)
(0,0,0)
(0,0,0)
(0,0,0)
(0,0,0)
(0,0,0)
(0,0,0)
(0,0,0)
(0,0,0)
(0,0,0)
(0,0,0)
(0,0,0)
(0,0,0)
(0,0,0)
(0,0,0)
(0,0,0)
(0,0,0)
(0,0,0)
(0,0,0)
(0,0,0)
(0,0,0)
(0,0,0)
(0,0,0)
(0,0,0)
(0,0,0)
(0,0,0)
(0,0,0)
(0,0,0)
(0,0,0)
(0,0,0)
(0,0,0)
(0,0,0)
(0,0,0)
(0,0,0)
(0,0,0)
(0,0,0)
(0,0,0)
(0,0,0)
(0,0,0)
(0,0,0)
(0,0,0)
(0,0,0)
(0,0,0)
(0,0,0)
(0,0,0)
(0,0,0)
(0,0,0)
(0,0,0)
(0,0,0)
(0,0,0)
(0,0,0)
(0,0,0)
(0,0,0)
(0,0,0)
(0,0,0)
(0,0,0)
(0,0,0)
(0,0,0)
(0,0,0)
(0,0,0)
(0,0,0)
(0,0,0)
(0,0,0)
(0,0,0)
(0,0,0)
(0,0,0)
(0,0,0)
(0,0,0)
(0,0,0)
(0,0,0)
(0,0,0)
(0,0,0)
(0,0,0)
(0,0,0)
(0,0,0)
(0,0,0)
(0,0,0)
(0,0,0)
(0,0,0)
(0,0,0)
(0,0,0)
(0,0,0)
(0,0,0)
(0,0,0)
(0,0,0)
(0,0,0)
(0,0,0)
(0,0,0)
(0,0,0)
(0,0,0)
(0,0,0)
(0,0,0)
(0,0,0)
(0,0,0)
(0,0,0)
(0,0,0)
(0,0,0)
(0,0,0)
(0,0,0)
(0,0,0)
(0,0,0)
(0,0,0)
(0,0,0)
(0,0,0)
(0,0,0)
(0,0,0)
(0,0,0)
(0,0,0)
(0,0,0)
(0,0,0)
(0,0,0)
(0,0,0)
(0,0,0)
(0,0,0)
(0,0,0)
(0,0,0)
(0,0,0)
(0,0,0)
(0,0,0)
(0,0,0)
(0,0,0)
(0,0,0)
(0,0,0)
(0,0,0)
(0,0,0)
(0,0,0)
(0,0,0)
(0,0,0)
(0,0,0)
(0,0,0)
(0,0,0)
(0,0,0)
(0,0,0)
(0,0,0)
(0,0,0)
(0,0,0)
(0,0,0)
(0,0,0)
(0,0,0)
(0,0,0)
(0,0,0)
(0,0,0)
(0,0,0)
(0,0,0)
(0,0,0)
(0,0,0)
(0,0,0)
(0,0,0)
(0,0,0)
(0,0,0)
(0,0,0)
(0,0,0)
(0,0,0)
(0,0,0)
(0,0,0)
(0,0,0)
(0,0,0)
(0,0,0)
(0,0,0)
(0,0,0)
(0,0,0)
(0,0,0)
(0,0,0)
(0,0,0)
(0,0,0)
(0,0,0)
(0,0,0)
(0,0,0)
(0,0,0)
(0,0,0)
(0,0,0)
(0,0,0)
(0,0,0)
(0,0,0)
(0,0,0)
(0,0,0)
(0,0,0)
(0,0,0)
(0,0,0)
(0,0,0)
(0,0,0)
(0,0,0)
(0,0,0)
(0,0,0)
(0,0,0)
(0,0,0)
(0,0,0)
(0,0,0)
(0,0,0)
(0,0,0)
(0,0,0)
(0,0,0)
(0,0,0)
(0,0,0)
(0,0,0)
(0,0,0)
(0,0,0)
(0,0,0)
(0,0,0)
(0,0,0)
(0,0,0)
(0,0,0)
(0,0,0)
(0,0,0)
(0,0,0)
(0,0,0)
(0,0,0)
(0,0,0)
(0,0,0)
(0,0,0)
(0,0,0)
(0,0,0)
(0,0,0)
(0,0,0)
(0,0,0)
(0,0,0)
(0,0,0)
(0,0,0)
(0,0,0)
(0,0,0)
(0,0,0)
(0,0,0)
(0,0,0)
(0,0,0)
(0,0,0)
(0,0,0)
(0,0,0)
(0,0,0)
(0,0,0)
(0,0,0)
(0,0,0)
(0,0,0)
(0,0,0)
(0,0,0)
(0,0,0)
(0,0,0)
(0,0,0)
(0,0,0)
(0,0,0)
(0,0,0)
(0,0,0)
(0,0,0)
(0,0,0)
(0,0,0)
(0,0,0)
(0,0,0)
(0,0,0)
(0,0,0)
(0,0,0)
(0,0,0)
(0,0,0)
(0,0,0)
(0,0,0)
(0,0,0)
(0,0,0)
(0,0,0)
(0,0,0)
(0,0,0)
(0,0,0)
(0,0,0)
(0,0,0)
(0,0,0)
(0,0,0)
(0,0,0)
(0,0,0)
(0,0,0)
(0,0,0)
(0,0,0)
(0,0,0)
(0,0,0)
(0,0,0)
(0,0,0)
(0,0,0)
(0,0,0)
(0,0,0)
(0,0,0)
(0,0,0)
(0,0,0)
(0,0,0)
(0,0,0)
(0,0,0)
(0,0,0)
(0,0,0)
(0,0,0)
(0,0,0)
(0,0,0)
(0,0,0)
(0,0,0)
(0,0,0)
(0,0,0)
(0,0,0)
(0,0,0)
(0,0,0)
(0,0,0)
(0,0,0)
(0,0,0)
(0,0,0)
(0,0,0)
(0,0,0)
)
;

boundaryField
{
    fuel
    {
        type            fixedValue;
        value           uniform (0.1 0 0);
    }
    air
    {
        type            fixedValue;
        value           uniform (-0.1 0 0);
    }
    outlet
    {
        type            zeroGradient;
    }
    frontAndBack
    {
        type            empty;
    }
}


// ************************************************************************* //
 