/*--------------------------------*- C++ -*----------------------------------*\
| =========                 |                                                 |
| \\      /  F ield         | foam-extend: Open Source CFD                    |
|  \\    /   O peration     | Version:     4.0                                |
|   \\  /    A nd           | Web:         http://www.foam-extend.org         |
|    \\/     M anipulation  |                                                 |
\*---------------------------------------------------------------------------*/
FoamFile
{
    version 2.0;
    format ascii;
    class volVectorField;
    location "3850";
    object      H;
}
// * * * * * * * * * * * * * * * * * * * * * * * * * * * * * * * * * * * * * //

dimensions      [0 1 -1 0 0 0 0];

internalField   nonuniform List<vector>
4096
(
(0,0,0)
(0,0,0)
(0,0,0)
(0,0,0)
(0,0,0)
(0,0,0)
(0,0,0)
(0,0,0)
(0,0,0)
(0,0,0)
(0,0,0)
(0,0,0)
(0,0,0)
(0,0,0)
(0,0,0)
(0,0,0)
(0,0,0)
(0,0,0)
(0,0,0)
(0,0,0)
(0,0,0)
(0,0,0)
(0,0,0)
(0,0,0)
(0,0,0)
(0,0,0)
(0,0,0)
(0,0,0)
(0,0,0)
(0,0,0)
(0,0,0)
(0,0,0)
(0,0,0)
(0,0,0)
(0,0,0)
(0,0,0)
(0,0,0)
(0,0,0)
(0,0,0)
(0,0,0)
(0,0,0)
(0,0,0)
(0,0,0)
(0,0,0)
(0,0,0)
(0,0,0)
(0,0,0)
(0,0,0)
(0,0,0)
(0,0,0)
(0,0,0)
(0,0,0)
(0,0,0)
(0,0,0)
(0,0,0)
(0,0,0)
(0,0,0)
(0,0,0)
(0,0,0)
(0,0,0)
(0,0,0)
(0,0,0)
(0,0,0)
(0,0,0)
(0,0,0)
(0,0,0)
(0,0,0)
(0,0,0)
(0,0,0)
(0,0,0)
(0,0,0)
(0,0,0)
(0,0,0)
(0,0,0)
(0,0,0)
(0,0,0)
(0,0,0)
(0,0,0)
(0,0,0)
(0,0,0)
(0,0,0)
(0,0,0)
(0,0,0)
(0,0,0)
(0,0,0)
(0,0,0)
(0,0,0)
(0,0,0)
(0,0,0)
(0,0,0)
(0,0,0)
(0,0,0)
(0,0,0)
(0,0,0)
(0,0,0)
(0,0,0)
(0,0,0)
(0,0,0)
(0,0,0)
(0,0,0)
(0,0,0)
(0,0,0)
(0,0,0)
(0,0,0)
(0,0,0)
(0,0,0)
(0,0,0)
(0,0,0)
(0,0,0)
(0,0,0)
(0,0,0)
(0,0,0)
(0,0,0)
(0,0,0)
(0,0,0)
(0,0,0)
(0,0,0)
(0,0,0)
(0,0,0)
(0,0,0)
(0,0,0)
(0,0,0)
(0,0,0)
(0,0,0)
(0,0,0)
(0,0,0)
(0,0,0)
(0,0,0)
(0,0,0)
(0,0,0)
(0,0,0)
(0,0,0)
(0,0,0)
(0,0,0)
(0,0,0)
(0,0,0)
(0,0,0)
(0,0,0)
(0,0,0)
(0,0,0)
(0,0,0)
(0,0,0)
(0,0,0)
(0,0,0)
(0,0,0)
(0,0,0)
(0,0,0)
(0,0,0)
(0,0,0)
(0,0,0)
(0,0,0)
(0,0,0)
(0,0,0)
(0,0,0)
(0,0,0)
(0,0,0)
(0,0,0)
(0,0,0)
(0,0,0)
(0,0,0)
(0,0,0)
(0,0,0)
(0,0,0)
(0,0,0)
(0,0,0)
(0,0,0)
(0,0,0)
(0,0,0)
(0,0,0)
(0,0,0)
(0,0,0)
(0,0,0)
(0,0,0)
(0,0,0)
(0,0,0)
(0,0,0)
(0,0,0)
(0,0,0)
(0,0,0)
(0,0,0)
(0,0,0)
(0,0,0)
(0,0,0)
(0,0,0)
(0,0,0)
(0,0,0)
(0,0,0)
(0,0,0)
(0,0,0)
(0,0,0)
(0,0,0)
(0,0,0)
(0,0,0)
(0,0,0)
(0,0,0)
(0,0,0)
(0,0,0)
(0,0,0)
(0,0,0)
(0,0,0)
(0,0,0)
(0,0,0)
(0,0,0)
(0,0,0)
(0,0,0)
(0,0,0)
(0,0,0)
(0,0,0)
(0,0,0)
(0,0,0)
(0,0,0)
(0,0,0)
(0,0,0)
(0,0,0)
(0,0,0)
(0,0,0)
(0,0,0)
(0,0,0)
(0,0,0)
(0,0,0)
(0,0,0)
(0,0,0)
(0,0,0)
(0,0,0)
(0,0,0)
(0,0,0)
(0,0,0)
(0,0,0)
(0,0,0)
(0,0,0)
(0,0,0)
(0,0,0)
(0,0,0)
(0,0,0)
(0,0,0)
(0,0,0)
(0,0,0)
(0,0,0)
(0,0,0)
(0,0,0)
(0,0,0)
(0,0,0)
(0,0,0)
(0,0,0)
(0,0,0)
(0,0,0)
(0,0,0)
(0,0,0)
(0,0,0)
(0,0,0)
(0,0,0)
(0,0,0)
(0,0,0)
(0,0,0)
(0,0,0)
(0,0,0)
(0,0,0)
(0,0,0)
(0,0,0)
(0,0,0)
(0,0,0)
(0,0,0)
(0,0,0)
(0,0,0)
(0,0,0)
(0,0,0)
(0,0,0)
(0,0,0)
(0,0,0)
(0,0,0)
(0,0,0)
(0,0,0)
(0,0,0)
(0,0,0)
(0,0,0)
(0,0,0)
(0,0,0)
(0,0,0)
(0,0,0)
(0,0,0)
(0,0,0)
(0,0,0)
(0,0,0)
(0,0,0)
(0,0,0)
(0,0,0)
(0,0,0)
(0,0,0)
(0,0,0)
(0,0,0)
(0,0,0)
(0,0,0)
(0,0,0)
(0,0,0)
(0,0,0)
(0,0,0)
(0,0,0)
(0,0,0)
(0,0,0)
(0,0,0)
(0,0,0)
(0,0,0)
(0,0,0)
(0,0,0)
(0,0,0)
(0,0,0)
(0,0,0)
(0,0,0)
(0,0,0)
(0,0,0)
(0,0,0)
(0,0,0)
(0,0,0)
(0,0,0)
(0,0,0)
(0,0,0)
(0,0,0)
(0,0,0)
(0,0,0)
(0,0,0)
(0,0,0)
(0,0,0)
(0,0,0)
(0,0,0)
(0,0,0)
(0,0,0)
(0,0,0)
(0,0,0)
(0,0,0)
(0,0,0)
(0,0,0)
(0,0,0)
(0,0,0)
(0,0,0)
(0,0,0)
(0,0,0)
(0,0,0)
(0,0,0)
(0,0,0)
(0,0,0)
(0,0,0)
(0,0,0)
(0,0,0)
(0,0,0)
(0,0,0)
(0,0,0)
(0,0,0)
(0,0,0)
(0,0,0)
(0,0,0)
(0,0,0)
(0,0,0)
(0,0,0)
(0,0,0)
(0,0,0)
(0,0,0)
(0,0,0)
(0,0,0)
(0,0,0)
(0,0,0)
(0,0,0)
(0,0,0)
(0,0,0)
(0,0,0)
(0,0,0)
(0,0,0)
(0,0,0)
(0,0,0)
(0,0,0)
(0,0,0)
(0,0,0)
(0,0,0)
(0,0,0)
(0,0,0)
(0,0,0)
(0,0,0)
(0,0,0)
(0,0,0)
(0,0,0)
(0,0,0)
(0,0,0)
(0,0,0)
(0,0,0)
(0,0,0)
(0,0,0)
(0,0,0)
(0,0,0)
(0,0,0)
(0,0,0)
(0,0,0)
(0,0,0)
(0,0,0)
(0,0,0)
(0,0,0)
(0,0,0)
(0,0,0)
(0,0,0)
(0,0,0)
(0,0,0)
(0,0,0)
(0,0,0)
(0,0,0)
(0,0,0)
(0,0,0)
(0,0,0)
(0,0,0)
(0,0,0)
(0,0,0)
(0,0,0)
(0,0,0)
(0,0,0)
(0,0,0)
(0,0,0)
(0,0,0)
(0,0,0)
(0,0,0)
(0,0,0)
(0,0,0)
(0,0,0)
(0,0,0)
(0,0,0)
(0,0,0)
(0,0,0)
(0,0,0)
(0,0,0)
(0,0,0)
(0,0,0)
(0,0,0)
(0,0,0)
(0,0,0)
(0,0,0)
(0,0,0)
(0,0,0)
(0,0,0)
(0,0,0)
(0,0,0)
(0,0,0)
(0,0,0)
(0,0,0)
(0,0,0)
(0,0,0)
(0,0,0)
(0,0,0)
(0,0,0)
(0,0,0)
(0,0,0)
(0,0,0)
(0,0,0)
(0,0,0)
(0,0,0)
(0,0,0)
(0,0,0)
(0,0,0)
(0,0,0)
(0,0,0)
(0,0,0)
(0,0,0)
(0,0,0)
(0,0,0)
(0,0,0)
(0,0,0)
(0,0,0)
(0,0,0)
(0,0,0)
(0,0,0)
(0,0,0)
(0,0,0)
(0,0,0)
(0,0,0)
(0,0,0)
(0,0,0)
(0,0,0)
(0,0,0)
(0,0,0)
(0,0,0)
(0,0,0)
(0,0,0)
(0,0,0)
(0,0,0)
(0,0,0)
(0,0,0)
(0,0,0)
(0,0,0)
(0,0,0)
(0,0,0)
(0,0,0)
(0,0,0)
(0,0,0)
(0,0,0)
(0,0,0)
(0,0,0)
(0,0,0)
(0,0,0)
(0,0,0)
(0,0,0)
(0,0,0)
(0,0,0)
(0,0,0)
(0,0,0)
(0,0,0)
(0,0,0)
(0,0,0)
(0,0,0)
(0,0,0)
(0,0,0)
(0,0,0)
(0,0,0)
(0,0,0)
(0,0,0)
(0,0,0)
(0,0,0)
(0,0,0)
(0,0,0)
(0,0,0)
(0,0,0)
(0,0,0)
(0,0,0)
(0,0,0)
(0,0,0)
(0,0,0)
(0,0,0)
(0,0,0)
(0,0,0)
(0,0,0)
(0,0,0)
(0,0,0)
(0,0,0)
(0,0,0)
(0,0,0)
(0,0,0)
(0,0,0)
(0,0,0)
(0,0,0)
(0,0,0)
(0,0,0)
(0,0,0)
(0,0,0)
(0,0,0)
(0,0,0)
(0,0,0)
(0,0,0)
(0,0,0)
(0,0,0)
(0,0,0)
(0,0,0)
(0,0,0)
(0,0,0)
(0,0,0)
(0,0,0)
(0,0,0)
(0,0,0)
(0,0,0)
(0,0,0)
(0,0,0)
(0,0,0)
(0,0,0)
(0,0,0)
(0,0,0)
(0,0,0)
(0,0,0)
(0,0,0)
(0,0,0)
(0,0,0)
(0,0,0)
(0,0,0)
(0,0,0)
(0,0,0)
(0,0,0)
(0,0,0)
(0,0,0)
(0,0,0)
(0,0,0)
(0,0,0)
(0,0,0)
(0,0,0)
(0,0,0)
(0,0,0)
(0,0,0)
(0,0,0)
(0,0,0)
(0,0,0)
(0,0,0)
(0,0,0)
(0,0,0)
(0,0,0)
(0,0,0)
(0,0,0)
(0,0,0)
(0,0,0)
(0,0,0)
(0,0,0)
(0,0,0)
(0,0,0)
(0,0,0)
(0,0,0)
(0,0,0)
(0,0,0)
(0,0,0)
(0,0,0)
(0,0,0)
(0,0,0)
(0,0,0)
(0,0,0)
(0,0,0)
(0,0,0)
(0,0,0)
(0,0,0)
(0,0,0)
(0,0,0)
(0,0,0)
(0,0,0)
(0,0,0)
(0,0,0)
(0,0,0)
(0,0,0)
(0,0,0)
(0,0,0)
(0,0,0)
(0,0,0)
(0,0,0)
(0,0,0)
(0,0,0)
(0,0,0)
(0,0,0)
(0,0,0)
(0,0,0)
(0,0,0)
(0,0,0)
(0,0,0)
(0,0,0)
(0,0,0)
(0,0,0)
(0,0,0)
(0,0,0)
(0,0,0)
(0,0,0)
(0,0,0)
(0,0,0)
(0,0,0)
(0,0,0)
(0,0,0)
(0,0,0)
(0,0,0)
(0,0,0)
(0,0,0)
(0,0,0)
(0,0,0)
(0,0,0)
(0,0,0)
(0,0,0)
(0,0,0)
(0,0,0)
(0,0,0)
(0,0,0)
(0,0,0)
(0,0,0)
(0,0,0)
(0,0,0)
(0,0,0)
(0,0,0)
(0,0,0)
(0,0,0)
(0,0,0)
(0,0,0)
(0,0,0)
(0,0,0)
(0,0,0)
(0,0,0)
(0,0,0)
(0,0,0)
(0,0,0)
(0,0,0)
(0,0,0)
(0,0,0)
(0,0,0)
(0,0,0)
(0,0,0)
(0,0,0)
(0,0,0)
(0,0,0)
(0,0,0)
(0,0,0)
(0,0,0)
(0,0,0)
(0,0,0)
(0,0,0)
(0,0,0)
(0,0,0)
(0,0,0)
(0,0,0)
(0,0,0)
(0,0,0)
(0,0,0)
(0,0,0)
(0,0,0)
(0,0,0)
(0,0,0)
(0,0,0)
(0,0,0)
(0,0,0)
(0,0,0)
(0,0,0)
(0,0,0)
(0,0,0)
(0,0,0)
(0,0,0)
(0,0,0)
(0,0,0)
(0,0,0)
(0,0,0)
(0,0,0)
(0,0,0)
(0,0,0)
(0,0,0)
(0,0,0)
(0,0,0)
(0,0,0)
(0,0,0)
(0,0,0)
(0,0,0)
(0,0,0)
(0,0,0)
(0,0,0)
(0,0,0)
(0,0,0)
(0,0,0)
(0,0,0)
(0,0,0)
(0,0,0)
(0,0,0)
(0,0,0)
(0,0,0)
(0,0,0)
(0,0,0)
(0,0,0)
(0,0,0)
(0,0,0)
(0,0,0)
(0,0,0)
(0,0,0)
(0,0,0)
(0,0,0)
(0,0,0)
(0,0,0)
(0,0,0)
(0,0,0)
(0,0,0)
(0,0,0)
(0,0,0)
(0,0,0)
(0,0,0)
(0,0,0)
(0,0,0)
(0,0,0)
(0,0,0)
(0,0,0)
(0,0,0)
(0,0,0)
(0,0,0)
(0,0,0)
(0,0,0)
(0,0,0)
(0,0,0)
(0,0,0)
(0,0,0)
(0,0,0)
(0,0,0)
(0,0,0)
(0,0,0)
(0,0,0)
(0,0,0)
(0,0,0)
(0,0,0)
(0,0,0)
(0,0,0)
(0,0,0)
(0,0,0)
(0,0,0)
(0,0,0)
(0,0,0)
(0,0,0)
(0,0,0)
(0,0,0)
(0,0,0)
(0,0,0)
(0,0,0)
(0,0,0)
(0,0,0)
(0,0,0)
(0,0,0)
(0,0,0)
(0,0,0)
(0,0,0)
(0,0,0)
(0,0,0)
(0,0,0)
(0,0,0)
(0,0,0)
(0,0,0)
(0,0,0)
(0,0,0)
(0,0,0)
(0,0,0)
(0,0,0)
(0,0,0)
(0,0,0)
(0,0,0)
(0,0,0)
(0,0,0)
(0,0,0)
(0,0,0)
(0,0,0)
(0,0,0)
(0,0,0)
(0,0,0)
(0,0,0)
(0,0,0)
(0,0,0)
(0,0,0)
(1.17158084801923e-12,-1.37379606834177e-11,1.50808334560872e-11)
(1.49474718711946e-12,-2.87443710750368e-11,1.42883867997702e-11)
(1.40148984826879e-12,-4.83508464841467e-11,1.30800411009789e-11)
(2.85526344200001e-14,-7.72930448588117e-11,1.14824968791248e-11)
(-1.83458411985956e-12,-1.18905504151233e-10,9.09426351285579e-12)
(-1.66649753079642e-12,-1.83543011578781e-10,6.34648407179911e-12)
(-7.05863671306643e-13,-2.89550713876296e-10,3.64186349532908e-12)
(-2.10408000807154e-13,-4.67122587978128e-10,2.13566842846247e-12)
(-7.60229062003903e-13,-7.62805490600967e-10,1.24196451621555e-12)
(-1.69433503021631e-12,-1.17636894565722e-09,5.80431121209364e-13)
(0,0,0)
(0,0,0)
(0,0,0)
(0,0,0)
(0,0,0)
(0,0,0)
(2.2707266745257e-12,-1.3010368342749e-11,3.09020734265913e-11)
(3.5312171682013e-12,-2.76301694405009e-11,2.96272003639394e-11)
(3.05171656106447e-12,-4.63818866969542e-11,2.71854167484522e-11)
(-9.84600452242271e-14,-7.45163413792431e-11,2.36964152879465e-11)
(-3.23136887818026e-12,-1.16114469282558e-10,1.8807131279148e-11)
(-2.98778103571458e-12,-1.81193457488397e-10,1.32349480700225e-11)
(-1.95539904657638e-12,-2.88612785400076e-10,8.39595592201605e-12)
(-1.35137399383427e-12,-4.66983289123199e-10,5.43740958709843e-12)
(-1.83457071639342e-12,-7.62876566287848e-10,3.31584109023769e-12)
(-2.68658915308243e-12,-1.17652738601174e-09,1.52176728218663e-12)
(0,0,0)
(0,0,0)
(0,0,0)
(0,0,0)
(0,0,0)
(0,0,0)
(3.28917708054892e-12,-1.19368559720146e-11,5.00046289022096e-11)
(4.43285590136846e-12,-2.53458122730364e-11,4.88973175148082e-11)
(3.01071193986668e-12,-4.29907593435946e-11,4.5914965992068e-11)
(-4.58762375860835e-13,-6.99201491310062e-11,4.09077501780933e-11)
(-3.25513168442259e-12,-1.10946218769286e-10,3.38859338151694e-11)
(-3.49782392627146e-12,-1.76626504185879e-10,2.56222085785135e-11)
(-2.47262064245344e-12,-2.86136490328317e-10,1.78855589731862e-11)
(-1.05349828309784e-12,-4.66334726564217e-10,1.26390003752451e-11)
(-2.00674429446408e-12,-7.62917974942124e-10,8.59578829253244e-12)
(-2.82227957230387e-12,-1.17646294608793e-09,4.19418492937672e-12)
(0,0,0)
(0,0,0)
(0,0,0)
(0,0,0)
(0,0,0)
(0,0,0)
(4.34513149104495e-12,-1.07102172060867e-11,7.61867486200731e-11)
(5.79837748691112e-12,-2.21291996366667e-11,7.5441115465741e-11)
(4.18419281180565e-12,-3.79268037855922e-11,7.26523143824843e-11)
(-3.66703839595699e-14,-6.27915568623337e-11,6.72354041481879e-11)
(-3.09373153146246e-12,-1.02262015869378e-10,5.90078895432867e-11)
(-3.90514651262491e-12,-1.67933357759321e-10,4.90971105739058e-11)
(-2.80327084075985e-12,-2.80019269517874e-10,3.88047963183329e-11)
(-5.67730100268468e-13,-4.63695936581448e-10,3.00911793909171e-11)
(-1.48997987969929e-12,-7.61193917995493e-10,2.14927545309485e-11)
(-1.87374671671182e-12,-1.17465002272178e-09,1.13304435519073e-11)
(0,0,0)
(0,0,0)
(0,0,0)
(0,0,0)
(0,0,0)
(0,0,0)
(4.28062494353675e-12,-8.75677185892385e-12,1.1664956024336e-10)
(6.76376597226531e-12,-1.82185289960133e-11,1.16018375002237e-10)
(5.79344274811602e-12,-3.16080616508007e-11,1.13825563913366e-10)
(1.60242357956868e-12,-5.34491128213825e-11,1.09048782687383e-10)
(-2.14402234140528e-12,-9.03986055757339e-11,1.01372569181321e-10)
(-3.46354011998744e-12,-1.54867439652646e-10,9.14277448747753e-11)
(-1.15388358606661e-12,-2.6905378971407e-10,7.9645992372508e-11)
(1.00725518210154e-12,-4.56860211960234e-10,6.4175399537619e-11)
(2.24229217406477e-13,-7.54340634993156e-10,4.58764113623385e-11)
(3.38688398526107e-13,-1.16638295499046e-09,2.4152494832386e-11)
(0,0,0)
(0,0,0)
(0,0,0)
(0,0,0)
(0,0,0)
(0,0,0)
(3.63811900936741e-12,-6.49565053863802e-12,1.8135944400887e-10)
(5.86535103730987e-12,-1.41346296002975e-11,1.8047468833837e-10)
(5.21172185823164e-12,-2.49363347381167e-11,1.78679090876775e-10)
(2.39978454224815e-12,-4.35628177864961e-11,1.74733470646369e-10)
(-4.87764794577313e-13,-7.74127987966337e-11,1.68208222268601e-10)
(-1.93989825007046e-12,-1.39895334139611e-10,1.58339304884673e-10)
(-4.51522454878873e-13,-2.54755037050149e-10,1.43368442589551e-10)
(7.18443986309833e-13,-4.41448927952399e-10,1.19942305097562e-10)
(5.77938282838053e-13,-7.35724646312151e-10,8.71813225169303e-11)
(1.11829585650131e-12,-1.14490138721914e-09,4.61800405432015e-11)
(0,0,0)
(0,0,0)
(0,0,0)
(0,0,0)
(0,0,0)
(0,0,0)
(3.28907645526141e-12,-4.68187634535608e-12,2.83970699466233e-10)
(4.9139038515716e-12,-1.08499386742934e-11,2.83570856657381e-10)
(4.3950050611027e-12,-1.91228932158477e-11,2.82555780192175e-10)
(1.90039248415746e-12,-3.44153451809449e-11,2.79684436664956e-10)
(-7.7751517217705e-13,-6.42929029121797e-11,2.74002725023524e-10)
(-1.45158535237151e-12,-1.22503560188388e-10,2.63371328908134e-10)
(-1.49986870763726e-12,-2.32649755052138e-10,2.42510315457233e-10)
(-7.48957595405868e-13,-4.11101816307724e-10,2.09058573466122e-10)
(-1.15527112909616e-13,-6.9697757472919e-10,1.5618056819875e-10)
(1.06680569829847e-12,-1.10046193695825e-09,8.48638188151151e-11)
(0,0,0)
(0,0,0)
(0,0,0)
(0,0,0)
(0,0,0)
(0,0,0)
(1.77900017528607e-12,-3.43643659050583e-12,4.58460853884061e-10)
(2.46780942762856e-12,-8.33472731386163e-12,4.58369407342093e-10)
(2.11268538143663e-12,-1.43973587304616e-11,4.57274968566992e-10)
(-1.25197173770248e-13,-2.69271144729165e-11,4.54621983881639e-10)
(-2.70781766900149e-12,-5.32398994453221e-11,4.48391480121643e-10)
(-3.59428654437091e-12,-1.04686034995293e-10,4.35335937317912e-10)
(-3.4459237410174e-12,-2.00112385644322e-10,4.08637068864113e-10)
(-2.17818955094975e-12,-3.58846600420706e-10,3.59168505182227e-10)
(-1.13335683831709e-12,-6.26261044111261e-10,2.77653713519587e-10)
(-1.67795170599847e-13,-1.01584592915782e-09,1.5720032618881e-10)
(0,0,0)
(0,0,0)
(0,0,0)
(0,0,0)
(0,0,0)
(0,0,0)
(-2.2756508713297e-13,-2.34827816043912e-12,7.51751165592567e-10)
(-1.52523509962381e-12,-5.75097652277682e-12,7.51787970542286e-10)
(-1.80618523531532e-12,-9.97386210772649e-12,7.50261881299573e-10)
(-2.91081401254318e-12,-1.92766522914076e-11,7.46819542067079e-10)
(-4.37815796728958e-12,-3.97173214706623e-11,7.38819738239314e-10)
(-5.11513827508039e-12,-7.86914664598287e-11,7.21670560144345e-10)
(-4.55315874794401e-12,-1.50325814593968e-10,6.86786883399539e-10)
(-3.09993836723037e-12,-2.76665151363087e-10,6.2021604406208e-10)
(-1.41829235968945e-12,-5.04929200057435e-10,5.01871559319678e-10)
(-1.05804715217243e-12,-8.57509070080063e-10,3.0191710295517e-10)
(0,0,0)
(0,0,0)
(0,0,0)
(0,0,0)
(0,0,0)
(0,0,0)
(-1.05874775142677e-12,-1.44442561355928e-12,1.1631988192231e-09)
(-3.18865166622819e-12,-3.00566499446494e-12,1.16265869359191e-09)
(-3.55057901433642e-12,-5.13534431051102e-12,1.16116652803904e-09)
(-4.838155652704e-12,-9.98291339999966e-12,1.15723556310027e-09)
(-6.17366525649134e-12,-2.13258967497108e-11,1.14816484154218e-09)
(-6.6646692320251e-12,-4.26779492640588e-11,1.12831720611798e-09)
(-5.49506586896419e-12,-8.212509051466e-11,1.08743952825032e-09)
(-3.78420965113894e-12,-1.56611448451654e-10,1.00767400221265e-09)
(-2.12711628306947e-12,-3.03071594283177e-10,8.53333000108857e-10)
(-1.82544806222962e-12,-5.53673324702048e-10,5.52290838585808e-10)
(0,0,0)
(0,0,0)
(0,0,0)
(0,0,0)
(0,0,0)
(0,0,0)
(0,0,0)
(0,0,0)
(0,0,0)
(0,0,0)
(0,0,0)
(0,0,0)
(0,0,0)
(0,0,0)
(0,0,0)
(0,0,0)
(0,0,0)
(0,0,0)
(0,0,0)
(0,0,0)
(0,0,0)
(0,0,0)
(0,0,0)
(0,0,0)
(0,0,0)
(0,0,0)
(0,0,0)
(0,0,0)
(0,0,0)
(0,0,0)
(0,0,0)
(0,0,0)
(0,0,0)
(0,0,0)
(0,0,0)
(0,0,0)
(0,0,0)
(0,0,0)
(0,0,0)
(0,0,0)
(0,0,0)
(0,0,0)
(0,0,0)
(0,0,0)
(0,0,0)
(0,0,0)
(0,0,0)
(0,0,0)
(0,0,0)
(0,0,0)
(0,0,0)
(0,0,0)
(0,0,0)
(0,0,0)
(0,0,0)
(0,0,0)
(0,0,0)
(0,0,0)
(0,0,0)
(0,0,0)
(0,0,0)
(0,0,0)
(0,0,0)
(0,0,0)
(0,0,0)
(0,0,0)
(0,0,0)
(0,0,0)
(0,0,0)
(0,0,0)
(0,0,0)
(0,0,0)
(0,0,0)
(0,0,0)
(0,0,0)
(0,0,0)
(0,0,0)
(0,0,0)
(0,0,0)
(0,0,0)
(0,0,0)
(0,0,0)
(0,0,0)
(0,0,0)
(0,0,0)
(0,0,0)
(0,0,0)
(0,0,0)
(0,0,0)
(0,0,0)
(0,0,0)
(0,0,0)
(0,0,0)
(0,0,0)
(0,0,0)
(0,0,0)
(0,0,0)
(0,0,0)
(0,0,0)
(0,0,0)
(0,0,0)
(0,0,0)
(1.2364351636649e-12,-2.68754687835055e-11,2.75979565710509e-11)
(1.58889125137006e-12,-5.55455244621244e-11,2.66392560843558e-11)
(1.03007428291282e-12,-9.15280757836968e-11,2.42660367118763e-11)
(-3.59917478891194e-13,-1.43228831325213e-10,2.09135416284998e-11)
(-1.87783954752988e-12,-2.17130177655612e-10,1.60111463626172e-11)
(-1.31143104463073e-12,-3.29559082465759e-10,9.85600279175921e-12)
(-1.37597080535807e-13,-5.10719363050017e-10,4.19316875406089e-12)
(5.43997056389915e-13,-8.18315615170155e-10,1.26657801971646e-12)
(-2.76199806780188e-14,-1.40983502118571e-09,6.33304358433046e-13)
(-9.55463554717732e-13,-2.7668336740108e-09,4.63770865471988e-13)
(0,0,0)
(0,0,0)
(0,0,0)
(0,0,0)
(0,0,0)
(0,0,0)
(2.47208736644336e-12,-2.53208273325929e-11,5.62863814009794e-11)
(3.68864361623803e-12,-5.27612055861146e-11,5.46236920289108e-11)
(3.14959066819182e-12,-8.75530765934809e-11,5.04471061661014e-11)
(1.9463171535885e-13,-1.37784349032919e-10,4.35510936928359e-11)
(-2.82743618231704e-12,-2.11200798689668e-10,3.33867907277508e-11)
(-2.71574219024062e-12,-3.24706468921648e-10,2.06246530653399e-11)
(-1.47314778355744e-12,-5.08921496266766e-10,9.30233819266835e-12)
(1.21631944510476e-13,-8.19044750768383e-10,3.71987339769235e-12)
(9.11746315813124e-16,-1.4112588373373e-09,2.25735575955362e-12)
(-1.22926179481e-12,-2.76835989961612e-09,1.55495361415484e-12)
(0,0,0)
(0,0,0)
(0,0,0)
(0,0,0)
(0,0,0)
(0,0,0)
(3.16984970202284e-12,-2.25143615204413e-11,9.2057966128031e-11)
(4.1985947877415e-12,-4.73961021170416e-11,8.98069501719167e-11)
(2.95397219587441e-12,-7.98624518400548e-11,8.43082572189205e-11)
(-5.65538281618897e-13,-1.27296115726117e-10,7.42953786792941e-11)
(-3.67560934774364e-12,-1.9912641176799e-10,5.94837953218612e-11)
(-4.45432074751437e-12,-3.14494166059424e-10,4.02449906590732e-11)
(-3.34328285485469e-12,-5.04912700204447e-10,2.15531745226398e-11)
(3.50923816669933e-13,-8.20579980215977e-10,1.28736509290992e-11)
(6.70802121995647e-13,-1.41397908450781e-09,9.579431521767e-12)
(-4.41018009684873e-13,-2.77034404996356e-09,5.57891131683269e-12)
(0,0,0)
(0,0,0)
(0,0,0)
(0,0,0)
(0,0,0)
(0,0,0)
(3.13731929821494e-12,-1.89847501831708e-11,1.40993132166623e-10)
(4.67650792951373e-12,-4.03537923297325e-11,1.38557891660838e-10)
(3.28236091129771e-12,-6.90081519937104e-11,1.32710777473254e-10)
(-1.15159982001033e-12,-1.11732190114443e-10,1.21423591269846e-10)
(-5.0463628557082e-12,-1.79496416513041e-10,1.04018271981955e-10)
(-6.6787503637228e-12,-2.9497788439406e-10,8.1241096411531e-11)
(-5.05513371717834e-12,-4.94748721086717e-10,5.66005478091696e-11)
(1.19497013851202e-12,-8.20759007675899e-10,4.26494626147829e-11)
(1.81904809781523e-12,-1.41514427298911e-09,3.17928483025927e-11)
(1.18962910547311e-12,-2.76990998753929e-09,1.75764763468366e-11)
(0,0,0)
(0,0,0)
(0,0,0)
(0,0,0)
(0,0,0)
(0,0,0)
(2.65068886437253e-12,-1.52529571057971e-11,2.13089851962294e-10)
(4.87267766541773e-12,-3.29120534681916e-11,2.10878886434665e-10)
(3.89849706141056e-12,-5.63774156844614e-11,2.05818872078497e-10)
(-6.07657949252854e-13,-9.22998851346232e-11,1.95904871393322e-10)
(-5.18500481396007e-12,-1.53136635709733e-10,1.80504099950983e-10)
(-6.65389313082939e-12,-2.63408784662419e-10,1.61274717181003e-10)
(1.79565849953994e-14,-4.698013133544e-10,1.42859217224611e-10)
(3.89495934972815e-12,-8.13587047131918e-10,1.11301595487559e-10)
(3.33215706593848e-12,-1.40750113055102e-09,7.90527830434595e-11)
(3.00961545939895e-12,-2.75859412721194e-09,4.17799503418716e-11)
(0,0,0)
(0,0,0)
(0,0,0)
(0,0,0)
(0,0,0)
(0,0,0)
(2.70910048658684e-12,-1.1655889329082e-11,3.24120884902598e-10)
(4.37625757289643e-12,-2.54602553197962e-11,3.22113830431066e-10)
(3.3439005663599e-12,-4.34308065914696e-11,3.18319816735701e-10)
(-2.22439685532065e-13,-7.21975947665202e-11,3.11013156448283e-10)
(-3.73874329508903e-12,-1.25584197135448e-10,2.99469173795706e-10)
(-4.36080990617502e-12,-2.31582225169018e-10,2.82354373983122e-10)
(8.69333039030933e-13,-4.4770316916118e-10,2.58501109452429e-10)
(3.13231492216299e-12,-7.90355006110943e-10,2.15031541105383e-10)
(2.83214867359735e-12,-1.37692439098488e-09,1.55206692567899e-10)
(2.85888613917235e-12,-2.72203455337542e-09,8.19813955088087e-11)
(0,0,0)
(0,0,0)
(0,0,0)
(0,0,0)
(0,0,0)
(0,0,0)
(2.44347950926108e-12,-8.32013073402934e-12,4.99402603689627e-10)
(3.4137689563488e-12,-1.86533751726711e-11,4.98241807956892e-10)
(2.54081410294193e-12,-3.2097923169949e-11,4.96010515101801e-10)
(9.38734175531925e-14,-5.48144414146997e-11,4.91649567455952e-10)
(-1.19912252360125e-12,-9.95630068675242e-11,4.84315380333155e-10)
(1.59190290542097e-12,-1.9506501575111e-10,4.69362899295712e-10)
(-5.85496124330829e-13,-4.09369486997658e-10,4.2917793404184e-10)
(-1.2616821528564e-13,-7.36955027640628e-10,3.75353691102133e-10)
(4.84691653185738e-13,-1.30780445983239e-09,2.77421825984163e-10)
(1.31461671384907e-12,-2.64261861754922e-09,1.49624556721731e-10)
(0,0,0)
(0,0,0)
(0,0,0)
(0,0,0)
(0,0,0)
(0,0,0)
(7.82288287188561e-13,-5.62300520315671e-12,8.01990335188762e-10)
(9.78497411645877e-13,-1.31907511221543e-11,8.01336173008288e-10)
(3.42173444059378e-13,-2.35432608306677e-11,7.99322405800045e-10)
(-1.54515559528464e-12,-4.31981875633773e-11,7.95588692067268e-10)
(-3.1748528399558e-12,-8.45078652507089e-11,7.87848698955596e-10)
(-2.88998662595716e-12,-1.73206837077947e-10,7.70613461834042e-10)
(-3.76393110941927e-12,-3.54844823821789e-10,7.27901441829463e-10)
(-2.84484694617129e-12,-6.38387774112106e-10,6.38703978126579e-10)
(-2.01181356129004e-12,-1.17951379803953e-09,4.91788384069068e-10)
(-1.30432806048969e-12,-2.4922056455621e-09,2.7964226092903e-10)
(0,0,0)
(0,0,0)
(0,0,0)
(0,0,0)
(0,0,0)
(0,0,0)
(-1.16822258373262e-12,-3.74686168228288e-12,1.38903250834916e-09)
(-2.74445738522215e-12,-8.97342176858374e-12,1.38856344988745e-09)
(-3.20236380003127e-12,-1.65707260330523e-11,1.38589865058749e-09)
(-4.20474907618024e-12,-3.19848906994475e-11,1.38063962805187e-09)
(-5.62040459326312e-12,-6.51982267948498e-11,1.36902703008639e-09)
(-6.2449787260826e-12,-1.3308661601959e-10,1.34295345195861e-09)
(-6.18304348976368e-12,-2.63620414108104e-10,1.2851330528841e-09)
(-4.80915653624717e-12,-4.8879587900128e-10,1.16781241025577e-09)
(-3.3214417694998e-12,-9.64969603888166e-10,9.60156929214668e-10)
(-2.97668957502298e-12,-2.21046919642186e-09,6.00601010625792e-10)
(0,0,0)
(0,0,0)
(0,0,0)
(0,0,0)
(0,0,0)
(0,0,0)
(-1.9630477337971e-12,-2.01705243023412e-12,2.74213862825799e-09)
(-4.70215110782889e-12,-4.67330030257791e-12,2.74179317463296e-09)
(-4.7549583860823e-12,-8.85719349182528e-12,2.73906151470844e-09)
(-5.75034749461439e-12,-1.72008289957505e-11,2.73229421861762e-09)
(-7.65192658201187e-12,-3.57483838524529e-11,2.71779735732216e-09)
(-8.46494062842958e-12,-7.26731096520599e-11,2.6854970556227e-09)
(-7.85463034598603e-12,-1.43018475340859e-10,2.61614363744783e-09)
(-6.05465599896974e-12,-2.77648480089468e-10,2.47663222475371e-09)
(-4.15654904319971e-12,-6.02169204270744e-10,2.20259009699599e-09)
(-3.20793417834376e-12,-1.60680341560355e-09,1.60366172885218e-09)
(0,0,0)
(0,0,0)
(0,0,0)
(0,0,0)
(0,0,0)
(0,0,0)
(0,0,0)
(0,0,0)
(0,0,0)
(0,0,0)
(0,0,0)
(0,0,0)
(0,0,0)
(0,0,0)
(0,0,0)
(0,0,0)
(0,0,0)
(0,0,0)
(0,0,0)
(0,0,0)
(0,0,0)
(0,0,0)
(0,0,0)
(0,0,0)
(0,0,0)
(0,0,0)
(0,0,0)
(0,0,0)
(0,0,0)
(0,0,0)
(0,0,0)
(0,0,0)
(0,0,0)
(0,0,0)
(0,0,0)
(0,0,0)
(0,0,0)
(0,0,0)
(0,0,0)
(0,0,0)
(0,0,0)
(0,0,0)
(0,0,0)
(0,0,0)
(0,0,0)
(0,0,0)
(0,0,0)
(0,0,0)
(0,0,0)
(0,0,0)
(0,0,0)
(0,0,0)
(0,0,0)
(0,0,0)
(0,0,0)
(0,0,0)
(0,0,0)
(0,0,0)
(0,0,0)
(0,0,0)
(0,0,0)
(0,0,0)
(0,0,0)
(0,0,0)
(0,0,0)
(0,0,0)
(0,0,0)
(0,0,0)
(0,0,0)
(0,0,0)
(0,0,0)
(0,0,0)
(0,0,0)
(0,0,0)
(0,0,0)
(0,0,0)
(0,0,0)
(0,0,0)
(0,0,0)
(0,0,0)
(0,0,0)
(0,0,0)
(0,0,0)
(0,0,0)
(0,0,0)
(0,0,0)
(0,0,0)
(0,0,0)
(0,0,0)
(0,0,0)
(0,0,0)
(0,0,0)
(0,0,0)
(0,0,0)
(0,0,0)
(0,0,0)
(0,0,0)
(0,0,0)
(0,0,0)
(0,0,0)
(0,0,0)
(0,0,0)
(6.40494198907942e-13,-3.50474082826183e-11,3.79593465280924e-11)
(1.17779174813017e-12,-7.48373491509279e-11,3.68800439283161e-11)
(4.07570176934662e-13,-1.23577247650125e-10,3.3586685956235e-11)
(-9.02004505225602e-13,-1.89089272633314e-10,2.78270323171098e-11)
(-1.65207494328018e-12,-2.80437186043146e-10,1.91726202638366e-11)
(-5.0121055065934e-13,-4.11590071869675e-10,8.80710719804482e-12)
(9.91126869906509e-13,-6.06396987464481e-10,-1.80235560686e-13)
(1.90640631565276e-12,-8.88590807902272e-10,-3.57393103326171e-12)
(1.56572966455696e-12,-1.29348472282545e-09,-2.87389410471017e-12)
(1.03453291509033e-12,-1.78801913251632e-09,-1.28662595761773e-12)
(0,0,0)
(0,0,0)
(0,0,0)
(0,0,0)
(0,0,0)
(0,0,0)
(1.32831092621202e-12,-3.33167089365736e-11,7.7313428122821e-11)
(2.50012600901162e-12,-7.10342580733731e-11,7.52979672512511e-11)
(2.35497838745607e-12,-1.17747761604847e-10,6.91846833225354e-11)
(-1.29298625995184e-13,-1.81036841344827e-10,5.78235264780494e-11)
(-2.13968544125835e-12,-2.71132512200308e-10,4.02592404276397e-11)
(-1.60573018030547e-12,-4.04238737082129e-10,1.7523301401256e-11)
(1.0052094851778e-13,-6.05224320460132e-10,-3.55308047125641e-12)
(3.11937903101764e-12,-8.92075716549741e-10,-9.13641385403334e-12)
(3.42356106248586e-12,-1.29757377141216e-09,-6.05526887977781e-12)
(2.30984216743991e-12,-1.79145487075698e-09,-2.15259654549643e-12)
(0,0,0)
(0,0,0)
(0,0,0)
(0,0,0)
(0,0,0)
(0,0,0)
(1.89125431892831e-12,-2.99971821474246e-11,1.2517255071016e-10)
(2.65497795433964e-12,-6.36070896983337e-11,1.21676892980432e-10)
(2.11255088951573e-12,-1.05754683309379e-10,1.13036847626653e-10)
(-1.31788053585687e-12,-1.64116556160712e-10,9.69701597482877e-11)
(-4.06679994014849e-12,-2.50481948215828e-10,7.10886190437731e-11)
(-5.27878627674749e-12,-3.86695396234422e-10,3.39098397279682e-11)
(-4.82773837869425e-12,-6.03831816918799e-10,-6.88788022605919e-12)
(3.82417068396956e-12,-9.01327194322936e-10,-1.117732133204e-11)
(5.8365108086917e-12,-1.30680465299264e-09,-3.51433243646074e-12)
(4.70383088280713e-12,-1.79811492471045e-09,5.59211473808612e-13)
(0,0,0)
(0,0,0)
(0,0,0)
(0,0,0)
(0,0,0)
(0,0,0)
(1.84076672545058e-12,-2.4973997988178e-11,1.88329215693334e-10)
(3.08188325658187e-12,-5.33821706911148e-11,1.84146335394572e-10)
(1.93881080528967e-12,-8.88028643037312e-11,1.74705199158113e-10)
(-3.17858551332495e-12,-1.3851172197766e-10,1.56547883772474e-10)
(-8.62896808961434e-12,-2.15132641866428e-10,1.25720677657208e-10)
(-1.3607301491226e-11,-3.4857744684463e-10,7.78844727163095e-11)
(-1.60514562547193e-11,-5.97166354265948e-10,1.26021601473982e-11)
(4.87962390644782e-12,-9.18333802367288e-10,1.35499053959029e-11)
(8.39227761628331e-12,-1.31971659895841e-09,1.99410188549546e-11)
(7.45024512343824e-12,-1.80490662978331e-09,1.43860109971523e-11)
(0,0,0)
(0,0,0)
(0,0,0)
(0,0,0)
(0,0,0)
(0,0,0)
(1.26458661570288e-12,-1.95587327061919e-11,2.7728659363893e-10)
(2.48089387374495e-12,-4.21568700112318e-11,2.7307882576394e-10)
(8.65888651846564e-13,-6.89951723195619e-11,2.64577143740934e-10)
(-5.3091768748689e-12,-1.06252852168218e-10,2.48944710351097e-10)
(-1.35080606164043e-11,-1.64981022251315e-10,2.2317074908174e-10)
(-2.0064952668587e-11,-2.7295470766387e-10,1.91072880353658e-10)
(9.47743412726881e-12,-5.28570853712943e-10,1.92878605992948e-10)
(1.291173077229e-11,-9.35739184261702e-10,1.26657364986634e-10)
(1.0028250203268e-11,-1.3259617751313e-09,8.85600232588691e-11)
(8.22999196421816e-12,-1.79943634432833e-09,4.74139302263375e-11)
(0,0,0)
(0,0,0)
(0,0,0)
(0,0,0)
(0,0,0)
(0,0,0)
(1.38039636274945e-12,-1.43211539191677e-11,4.06120736907253e-10)
(1.36339112097977e-12,-3.10551464937847e-11,4.02518180089124e-10)
(-6.82322568016584e-13,-4.96132242609318e-11,3.96008297629485e-10)
(-6.06161038406972e-12,-7.45452692937211e-11,3.85370551227459e-10)
(-1.26451337504484e-11,-1.17334097580052e-10,3.68716484685821e-10)
(-1.70247547938735e-11,-2.15631625571453e-10,3.45930990843169e-10)
(6.00521922370915e-12,-5.29061712440359e-10,3.38725769217844e-10)
(9.55718498763384e-12,-9.23791693877182e-10,2.70186059507388e-10)
(6.93751458197511e-12,-1.29696555787731e-09,1.89856165436219e-10)
(5.42434582118138e-12,-1.75926256565801e-09,9.84736336805738e-11)
(0,0,0)
(0,0,0)
(0,0,0)
(0,0,0)
(0,0,0)
(0,0,0)
(9.07149712756997e-13,-9.53726455434173e-12,5.92064122923997e-10)
(1.82437758668452e-13,-2.10603242837668e-11,5.89957305801069e-10)
(-1.65290059009087e-12,-3.32342472384325e-11,5.86407443775747e-10)
(-4.1881933113471e-12,-4.81534895702316e-11,5.8254922054871e-10)
(-1.30178310215826e-12,-7.18808872656168e-11,5.81372901643634e-10)
(1.9918689485866e-11,-1.33222317200795e-10,5.84911978632121e-10)
(-1.2859163608256e-12,-4.88151925104586e-10,5.01890307236868e-10)
(-7.61556626239739e-13,-8.63646598310285e-10,4.84371355225905e-10)
(-8.70087647275858e-15,-1.21361978346768e-09,3.37682235778432e-10)
(5.26201447947726e-13,-1.66422056170409e-09,1.74075414561767e-10)
(0,0,0)
(0,0,0)
(0,0,0)
(0,0,0)
(0,0,0)
(0,0,0)
(-4.39693051882847e-13,-6.15377924023421e-12,8.6490269906197e-10)
(-1.22506473382672e-12,-1.39016081448339e-11,8.63990779619233e-10)
(-2.89664762095385e-12,-2.31525370545852e-11,8.6209024923168e-10)
(-5.0184593475582e-12,-3.79724308559579e-11,8.60329912240433e-10)
(-5.24925417400861e-12,-7.16957783606834e-11,8.60416567022098e-10)
(-2.98187679505911e-13,-1.66754995060814e-10,8.62347890057373e-10)
(-5.79087712055653e-12,-4.44694476252096e-10,8.37875171688762e-10)
(-5.52114800051413e-12,-7.131566141594e-10,7.13760470214609e-10)
(-4.40988457294816e-12,-1.04860509479821e-09,5.2055139373205e-10)
(-3.39851627055043e-12,-1.4884035265491e-09,2.8067778583755e-10)
(0,0,0)
(0,0,0)
(0,0,0)
(0,0,0)
(0,0,0)
(0,0,0)
(-2.42897337453097e-12,-4.05783889147253e-12,1.26395034001866e-09)
(-4.37977955188704e-12,-9.22998746499382e-12,1.2627888650316e-09)
(-5.65687380490879e-12,-1.65026279154866e-11,1.26012281963963e-09)
(-7.37621281436905e-12,-3.06635577191285e-11,1.25634880979327e-09)
(-8.99666940731149e-12,-6.41150785391558e-11,1.24872054473443e-09)
(-8.83808601897359e-12,-1.43850731006283e-10,1.22953235620063e-09)
(-9.46433962844086e-12,-3.11683341904041e-10,1.17378132687623e-09)
(-8.30107440900465e-12,-5.14453735850641e-10,1.03064008342403e-09)
(-6.56592279655209e-12,-8.0462333165557e-10,7.9800217391004e-10)
(-6.04145976786739e-12,-1.20375507717218e-09,4.58333488845187e-10)
(0,0,0)
(0,0,0)
(0,0,0)
(0,0,0)
(0,0,0)
(0,0,0)
(-3.6346465401642e-12,-1.78622433317813e-12,1.75440559596702e-09)
(-6.64379148603238e-12,-4.69750865285771e-12,1.75351807903669e-09)
(-6.84485578703983e-12,-9.39026791108487e-12,1.75012273784288e-09)
(-8.45431519526553e-12,-1.8045960361835e-11,1.74365364859332e-09)
(-1.11000087339635e-11,-3.79592582522454e-11,1.72985182858656e-09)
(-1.17846321067968e-11,-8.11246048390925e-11,1.69690025747303e-09)
(-1.1361692991426e-11,-1.62415682214293e-10,1.62132049293812e-09)
(-9.66100833215806e-12,-2.77058680049639e-10,1.4638149660506e-09)
(-7.39738517025445e-12,-4.60648405089526e-10,1.19147042869609e-09)
(-6.34962092879045e-12,-7.4073479338766e-10,7.35565183049508e-10)
(0,0,0)
(0,0,0)
(0,0,0)
(0,0,0)
(0,0,0)
(0,0,0)
(0,0,0)
(0,0,0)
(0,0,0)
(0,0,0)
(0,0,0)
(0,0,0)
(0,0,0)
(0,0,0)
(0,0,0)
(0,0,0)
(0,0,0)
(0,0,0)
(0,0,0)
(0,0,0)
(0,0,0)
(0,0,0)
(0,0,0)
(0,0,0)
(0,0,0)
(0,0,0)
(0,0,0)
(0,0,0)
(0,0,0)
(0,0,0)
(0,0,0)
(0,0,0)
(0,0,0)
(0,0,0)
(0,0,0)
(0,0,0)
(0,0,0)
(0,0,0)
(0,0,0)
(0,0,0)
(0,0,0)
(0,0,0)
(0,0,0)
(0,0,0)
(0,0,0)
(0,0,0)
(0,0,0)
(0,0,0)
(0,0,0)
(0,0,0)
(0,0,0)
(0,0,0)
(0,0,0)
(0,0,0)
(0,0,0)
(0,0,0)
(0,0,0)
(0,0,0)
(0,0,0)
(0,0,0)
(0,0,0)
(0,0,0)
(0,0,0)
(0,0,0)
(0,0,0)
(0,0,0)
(0,0,0)
(0,0,0)
(0,0,0)
(0,0,0)
(0,0,0)
(0,0,0)
(0,0,0)
(0,0,0)
(0,0,0)
(0,0,0)
(0,0,0)
(0,0,0)
(0,0,0)
(0,0,0)
(0,0,0)
(0,0,0)
(0,0,0)
(0,0,0)
(0,0,0)
(0,0,0)
(0,0,0)
(0,0,0)
(0,0,0)
(0,0,0)
(0,0,0)
(0,0,0)
(0,0,0)
(0,0,0)
(0,0,0)
(0,0,0)
(0,0,0)
(0,0,0)
(0,0,0)
(0,0,0)
(0,0,0)
(0,0,0)
(-1.09025473555683e-14,-4.00474546400579e-11,4.56952547959841e-11)
(6.68058642638092e-13,-8.68411813724588e-11,4.3962102009807e-11)
(3.37737770793934e-13,-1.43384804732174e-10,3.96276838494239e-11)
(-3.00023740460308e-13,-2.14604170782773e-10,3.16215113360928e-11)
(-5.9123572026094e-13,-3.09802611122705e-10,1.94957439013459e-11)
(1.13479742055281e-12,-4.39415766161962e-10,4.48353441840569e-12)
(3.21215533814565e-12,-6.1625499329928e-10,-9.0493752809066e-12)
(4.69127803448782e-12,-8.36028971884047e-10,-1.22702560627622e-11)
(4.06751010422048e-12,-1.08525838692524e-09,-8.7876261910948e-12)
(3.18364519809362e-12,-1.29841551159512e-09,-4.07853994659184e-12)
(0,0,0)
(0,0,0)
(0,0,0)
(0,0,0)
(0,0,0)
(0,0,0)
(2.4245008639609e-14,-3.83001872255438e-11,9.33934477573567e-11)
(1.18624156274618e-12,-8.2211562636213e-11,9.00731885411778e-11)
(1.72305693641174e-12,-1.35455728000997e-10,8.14597224618096e-11)
(5.14702240361611e-13,-2.03544235754701e-10,6.58135076754828e-11)
(-5.43103993929943e-14,-2.96566007269643e-10,4.06204957874118e-11)
(1.92731084447897e-12,-4.28731750012563e-10,5.08345518663325e-12)
(4.29135078990986e-12,-6.17135685364723e-10,-3.28705258811188e-11)
(9.28971183009921e-12,-8.43323823675021e-10,-3.49478199844205e-11)
(8.75177030868101e-12,-1.0928272615266e-09,-2.12016162896607e-11)
(6.81729957517294e-12,-1.3042940347533e-09,-8.72447940741874e-12)
(0,0,0)
(0,0,0)
(0,0,0)
(0,0,0)
(0,0,0)
(0,0,0)
(3.63727889410613e-13,-3.48621175561124e-11,1.49084627088444e-10)
(1.07010430089859e-12,-7.32895314934799e-11,1.43763260386365e-10)
(1.2274197622057e-12,-1.19740875678555e-10,1.31351544069308e-10)
(-1.04117401435387e-12,-1.80164448076938e-10,1.0927422162465e-10)
(-2.23732697376013e-12,-2.65192909027346e-10,7.07134264645616e-11)
(-2.59901571259581e-12,-3.99053018274588e-10,5.03017935364862e-12)
(-7.20375992550315e-12,-6.27785902934869e-10,-9.36680493031492e-11)
(1.31677898326418e-11,-8.67861588402041e-10,-7.29609359967805e-11)
(1.46749128640245e-11,-1.11203134316663e-09,-3.38408649758692e-11)
(1.20547474301535e-11,-1.317184589131e-09,-1.11159798511713e-11)
(0,0,0)
(0,0,0)
(0,0,0)
(0,0,0)
(0,0,0)
(0,0,0)
(6.08381742274243e-13,-2.91669569396497e-11,2.190531114681e-10)
(1.2977188131546e-12,-6.06721644909338e-11,2.13091082127034e-10)
(2.88434206785353e-13,-9.76593021546972e-11,1.99443265812088e-10)
(-4.61024920754134e-12,-1.44281064088541e-10,1.73925065135214e-10)
(-1.09443827638252e-11,-2.08132782656206e-10,1.26056185904444e-10)
(-2.39477281030523e-11,-3.23539007129358e-10,2.62885757597139e-11)
(-8.55947020562088e-11,-6.88349286367651e-10,-2.55673870325541e-10)
(1.58938923416606e-11,-9.36041092192746e-10,-1.06895995630686e-10)
(2.01924616470905e-11,-1.14846166556665e-09,-2.46952164552241e-11)
(1.63659706656222e-11,-1.33609942523498e-09,-1.81793991076283e-14)
(0,0,0)
(0,0,0)
(0,0,0)
(0,0,0)
(0,0,0)
(0,0,0)
(2.34775703647163e-13,-2.25060589753481e-11,3.12849574932069e-10)
(-1.19147620704254e-13,-4.6137183725146e-11,3.06781416903033e-10)
(-2.88362601694148e-12,-7.14171578723372e-11,2.93896010429523e-10)
(-1.12427984799749e-11,-9.90506177510491e-11,2.70341889159607e-10)
(-2.905711655953e-11,-1.23298760705129e-10,2.27410278213375e-10)
(-7.91937604003337e-11,-1.13951704358976e-10,1.47691555855295e-10)
(7.61895338610215e-11,-1.30442815325571e-09,-3.546200082772e-17)
(3.90615821154453e-11,-1.10437230813642e-09,8.62735807219059e-11)
(2.21781259818299e-11,-1.196219064368e-09,6.74576930288357e-11)
(1.54701435205511e-11,-1.34594431009547e-09,3.98595630056101e-11)
(0,0,0)
(0,0,0)
(0,0,0)
(0,0,0)
(0,0,0)
(0,0,0)
(1.99063816067343e-13,-1.57200581159541e-11,4.38039183643908e-10)
(-2.1215486293969e-12,-3.18179436915501e-11,4.32970319419724e-10)
(-6.42355318848204e-12,-4.60565118273504e-11,4.22673071665749e-10)
(-1.57993235660062e-11,-5.53426277186185e-11,4.05797500193331e-10)
(-3.53128502222101e-11,-4.87738052511146e-11,3.76953403635502e-10)
(-9.22288415391383e-11,-6.87389901624326e-12,3.09991790501455e-10)
(3.36351415983582e-11,-1.31451214389034e-09,-4.51139835895313e-16)
(2.97419834919211e-11,-1.12444249312681e-09,2.68003676453874e-10)
(1.49742719279977e-11,-1.1808629785465e-09,1.89474531367085e-10)
(8.85597554756256e-12,-1.31146064839016e-09,9.81690052781146e-11)
(0,0,0)
(0,0,0)
(0,0,0)
(0,0,0)
(0,0,0)
(0,0,0)
(-3.69518478368663e-13,-9.88404388354386e-12,6.0106458275499e-10)
(-3.42641635492533e-12,-1.95512274419953e-11,5.98187510564389e-10)
(-7.87638754691696e-12,-2.50391418282361e-11,5.92655335283231e-10)
(-1.31929331205383e-11,-1.74462556922217e-11,5.89138810022185e-10)
(-5.02596899566414e-12,4.11155997139589e-11,6.06604728872647e-10)
(1.36473038741185e-10,3.39499300449106e-10,7.49189191925387e-10)
(-2.72244132020121e-11,-1.54888112803074e-09,1.65200140153627e-09)
(-4.56242132991614e-12,-1.10181716682134e-09,7.08993965179152e-10)
(-1.41656832934251e-12,-1.098546267034e-09,3.82623744304734e-10)
(-1.21541914492732e-12,-1.21467171345569e-09,1.79599960400529e-10)
(0,0,0)
(0,0,0)
(0,0,0)
(0,0,0)
(0,0,0)
(0,0,0)
(-1.62371395781274e-12,-5.99513707257184e-12,8.06980465539991e-10)
(-3.99615502616893e-12,-1.14454047822357e-11,8.05499277864391e-10)
(-7.78621976882577e-12,-1.4824215580392e-11,8.03171084159803e-10)
(-1.24139872662824e-11,-1.30481612144166e-11,8.04577018986605e-10)
(-1.47612770307152e-11,-4.55188171782063e-12,8.22951348762476e-10)
(1.27026663463179e-12,-3.36550160266382e-11,8.93149903769458e-10)
(-1.46873099943586e-11,-6.33098175946575e-10,1.04974759369904e-09)
(-1.10149498269583e-11,-7.67864153195581e-10,7.71535431115939e-10)
(-8.51803982060946e-12,-8.90961129973915e-10,5.03940202309868e-10)
(-7.3691798102381e-12,-1.03124592258527e-09,2.54061156837106e-10)
(0,0,0)
(0,0,0)
(0,0,0)
(0,0,0)
(0,0,0)
(0,0,0)
(-3.5391129460162e-12,-3.49751692745837e-12,1.04805846401873e-09)
(-6.24621297205604e-12,-6.70942750271729e-12,1.04612201493878e-09)
(-8.99522396279551e-12,-1.05683755531896e-11,1.04369566187916e-09)
(-1.23655451129172e-11,-1.70365864737047e-11,1.04290580644066e-09)
(-1.59643011605059e-11,-3.61771681626525e-11,1.04616533358536e-09)
(-1.58131828617776e-11,-1.07313900374715e-10,1.05420885433521e-09)
(-1.55907558659897e-11,-3.40867078653728e-10,1.04072331613197e-09)
(-1.30582206958679e-11,-4.93038029238485e-10,8.69701439233574e-10)
(-1.0872164297919e-11,-6.35422549272395e-10,6.29154918688179e-10)
(-1.07282547071284e-11,-7.71987942521137e-10,3.37433014174871e-10)
(0,0,0)
(0,0,0)
(0,0,0)
(0,0,0)
(0,0,0)
(0,0,0)
(-4.53335394301665e-12,-1.26439592278192e-12,1.25725666659063e-09)
(-7.94595894507284e-12,-3.15890468865626e-12,1.25567919648791e-09)
(-9.76603444856111e-12,-6.42057839559502e-12,1.2525731707048e-09)
(-1.26984555503633e-11,-1.27296646237003e-11,1.24832769905453e-09)
(-1.61076958726475e-11,-2.90650352041751e-11,1.24034171584508e-09)
(-1.73294724109422e-11,-7.11513436313767e-11,1.2190132512722e-09)
(-1.62718483183225e-11,-1.61614643509481e-10,1.15737280429805e-09)
(-1.43751510272574e-11,-2.47444437468565e-10,1.00140711203393e-09)
(-1.21405446132968e-11,-3.38709151259151e-10,7.58183478640367e-10)
(-1.15192312669125e-11,-4.29257182165925e-10,4.24166095333701e-10)
(0,0,0)
(0,0,0)
(0,0,0)
(0,0,0)
(0,0,0)
(0,0,0)
(0,0,0)
(0,0,0)
(0,0,0)
(0,0,0)
(0,0,0)
(0,0,0)
(0,0,0)
(0,0,0)
(0,0,0)
(0,0,0)
(0,0,0)
(0,0,0)
(0,0,0)
(0,0,0)
(0,0,0)
(0,0,0)
(0,0,0)
(0,0,0)
(0,0,0)
(0,0,0)
(0,0,0)
(0,0,0)
(0,0,0)
(0,0,0)
(0,0,0)
(0,0,0)
(0,0,0)
(0,0,0)
(0,0,0)
(0,0,0)
(0,0,0)
(0,0,0)
(0,0,0)
(0,0,0)
(0,0,0)
(0,0,0)
(0,0,0)
(0,0,0)
(0,0,0)
(0,0,0)
(0,0,0)
(0,0,0)
(0,0,0)
(0,0,0)
(0,0,0)
(0,0,0)
(0,0,0)
(0,0,0)
(0,0,0)
(0,0,0)
(0,0,0)
(0,0,0)
(0,0,0)
(0,0,0)
(0,0,0)
(0,0,0)
(0,0,0)
(0,0,0)
(0,0,0)
(0,0,0)
(0,0,0)
(0,0,0)
(0,0,0)
(0,0,0)
(0,0,0)
(0,0,0)
(0,0,0)
(0,0,0)
(0,0,0)
(0,0,0)
(0,0,0)
(0,0,0)
(0,0,0)
(0,0,0)
(0,0,0)
(0,0,0)
(0,0,0)
(0,0,0)
(0,0,0)
(0,0,0)
(0,0,0)
(0,0,0)
(0,0,0)
(0,0,0)
(0,0,0)
(0,0,0)
(0,0,0)
(0,0,0)
(0,0,0)
(0,0,0)
(0,0,0)
(0,0,0)
(0,0,0)
(0,0,0)
(0,0,0)
(0,0,0)
(-2.50171756572695e-14,-4.36646973867198e-11,4.9389517443177e-11)
(3.72858066781594e-13,-9.35347634233852e-11,4.75853205310922e-11)
(4.14833552961273e-13,-1.52257192296215e-10,4.25820702130487e-11)
(7.65808666223227e-13,-2.23781215199095e-10,3.31391652032674e-11)
(1.18436990958933e-12,-3.14580529238436e-10,1.90972469071172e-11)
(3.98369097049917e-12,-4.31986223427951e-10,3.47993961505894e-13)
(7.31372818543787e-12,-5.82135881581719e-10,-1.83313276067148e-11)
(8.50349995379123e-12,-7.47722605839966e-10,-2.17189749175976e-11)
(6.92729846111146e-12,-9.04480398551458e-10,-1.51748717818493e-11)
(4.98362841018512e-12,-1.01218121518893e-09,-7.04732509381112e-12)
(0,0,0)
(0,0,0)
(0,0,0)
(0,0,0)
(0,0,0)
(0,0,0)
(-9.35654445652753e-14,-4.17350760831076e-11,1.02115109400764e-10)
(8.77676499341485e-13,-8.81938911315849e-11,9.79323559941253e-11)
(1.65441940034418e-12,-1.42931422701254e-10,8.79208914245601e-11)
(2.32792645061364e-12,-2.10483709927481e-10,6.97573857758037e-11)
(4.10963195911765e-12,-2.97228710217625e-10,4.0125880164893e-11)
(1.02025601742989e-11,-4.1520777011338e-10,-5.22289140544948e-12)
(1.70188624633578e-11,-5.81202771379318e-10,-6.32191645462531e-11)
(2.00812728623109e-11,-7.55807132295478e-10,-6.3257394499961e-11)
(1.54787150665196e-11,-9.13733003066255e-10,-3.70194100843839e-11)
(1.09833745453388e-11,-1.02003702971781e-09,-1.51621427518223e-11)
(0,0,0)
(0,0,0)
(0,0,0)
(0,0,0)
(0,0,0)
(0,0,0)
(-1.00660250109241e-14,-3.76629392028769e-11,1.62838287718168e-10)
(8.64453615455459e-13,-7.80520956537303e-11,1.55946836268546e-10)
(1.22316868302651e-12,-1.24902917816483e-10,1.41499281184656e-10)
(1.63623715729935e-12,-1.82042463515773e-10,1.15948815180451e-10)
(6.38579376594048e-12,-2.54464915817004e-10,7.07213350947807e-11)
(2.05852017990722e-11,-3.61606906291614e-10,-1.27247410266372e-11)
(3.2652510200936e-11,-5.90269928480609e-10,-1.99277124470968e-10)
(4.22272226023994e-11,-7.87622620594588e-10,-1.5876045026314e-10)
(2.83803501393413e-11,-9.38718153176678e-10,-7.06048617294478e-11)
(1.98536036830581e-11,-1.03721960846291e-09,-2.39015418848265e-11)
(0,0,0)
(0,0,0)
(0,0,0)
(0,0,0)
(0,0,0)
(0,0,0)
(-9.04868809804774e-14,-3.12830476678788e-11,2.35078532484601e-10)
(4.10554362353238e-13,-6.38618451348405e-11,2.27537474337806e-10)
(-4.35509398728597e-13,-9.96531365703648e-11,2.11392876999503e-10)
(-1.97181631424552e-12,-1.3876629647696e-10,1.82225230860687e-10)
(3.9892054298387e-12,-1.75282489699043e-10,1.32712380376972e-10)
(4.84274152116704e-11,-1.81874423231866e-10,5.79829832603071e-11)
(3.81706290137027e-10,-6.64364028391906e-10,1.350492559763e-16)
(1.02024329110007e-10,-8.89439516075206e-10,-3.87027410159895e-10)
(4.32728233922059e-11,-9.90164343945557e-10,-9.66192291766846e-11)
(2.61926761269478e-11,-1.06303556964864e-09,-1.99477583536011e-11)
(0,0,0)
(0,0,0)
(0,0,0)
(0,0,0)
(0,0,0)
(0,0,0)
(-4.83067126694625e-13,-2.38922419762566e-11,3.25211178795795e-10)
(-1.5529811808233e-12,-4.75759126482391e-11,3.17760110103977e-10)
(-4.69015079197793e-12,-7.10402240881216e-11,3.01803840554701e-10)
(-1.20191775662401e-11,-9.20543890772362e-11,2.72352631939574e-10)
(-2.38633496554559e-11,-1.03383028676341e-10,2.20491464034326e-10)
(-3.85799744256888e-11,-9.79402748706869e-11,1.32295390119101e-10)
(-9.16882584045021e-17,5.58634354091671e-16,-2.26703286311486e-17)
(7.79476547987772e-11,-1.19728642824804e-09,4.60667521491914e-17)
(3.44201701835508e-11,-1.0691467082458e-09,2.34916510677284e-11)
(2.08460448208189e-11,-1.08265659830964e-09,2.41374418855211e-11)
(0,0,0)
(0,0,0)
(0,0,0)
(0,0,0)
(0,0,0)
(0,0,0)
(-5.68086192172307e-13,-1.61467157732547e-11,4.3641815135087e-10)
(-4.09101712494804e-12,-3.12268131666701e-11,4.30373961351706e-10)
(-1.05653517151964e-11,-4.29107161892026e-11,4.17032721006948e-10)
(-2.48515990345798e-11,-4.56202765608308e-11,3.91791854621369e-10)
(-5.82406420532163e-11,-2.90360038040606e-11,3.43921084414637e-10)
(-1.28609799363117e-10,7.22215482619957e-12,2.40214070223982e-10)
(-1.85495255969242e-18,4.22857692642103e-16,-4.14568029025087e-17)
(8.56458022731431e-11,-1.15724265963707e-09,-2.06026706037635e-16)
(2.39630865045419e-11,-1.05312697437962e-09,1.30240235671238e-10)
(1.02360458911402e-11,-1.05218944307571e-09,8.18322990290882e-11)
(0,0,0)
(0,0,0)
(0,0,0)
(0,0,0)
(0,0,0)
(0,0,0)
(-1.38135309871988e-12,-9.6823471050422e-12,5.69003553624792e-10)
(-6.00006373354327e-12,-1.78124870674596e-11,5.65450068855243e-10)
(-1.45747885336919e-11,-1.95632040829194e-11,5.57119336119591e-10)
(-3.50569464488147e-11,-4.4602235995499e-12,5.43467561967718e-10)
(-1.01942950616731e-10,5.20362690253266e-11,5.2044658883677e-10)
(-3.93184854394003e-10,1.79194297150386e-10,4.47458609076455e-10)
(7.10709389712112e-17,5.81873359247947e-16,-7.1861055437001e-16)
(-1.21452140812144e-11,-1.22478436631652e-09,7.79087817121363e-10)
(-5.97792148516812e-12,-9.85330363786638e-10,3.75206116866352e-10)
(-5.04124961476121e-12,-9.62088140150366e-10,1.67570093829697e-10)
(0,0,0)
(0,0,0)
(0,0,0)
(0,0,0)
(0,0,0)
(0,0,0)
(-2.6401464273858e-12,-5.32772117366329e-12,7.18384978540951e-10)
(-6.40393860102957e-12,-8.97110739685755e-12,7.16558318442699e-10)
(-1.34479946228688e-11,-6.82936742236841e-12,7.12944789663107e-10)
(-2.6799891782814e-11,1.30356037143106e-11,7.11735063770254e-10)
(-5.33345455928974e-11,8.85637165465276e-11,7.28366672065501e-10)
(-8.16685389468015e-11,3.70689335010814e-10,8.20331451310358e-10)
(-2.87062447040278e-11,-7.79087909030039e-10,1.26366945551256e-09)
(-1.82458449780406e-11,-7.73186937907068e-10,7.82401708678622e-10)
(-1.4177575049409e-11,-7.61821511058455e-10,4.65360463920845e-10)
(-1.25660030372927e-11,-7.86507767668195e-10,2.22675755550251e-10)
(0,0,0)
(0,0,0)
(0,0,0)
(0,0,0)
(0,0,0)
(0,0,0)
(-3.83578487069066e-12,-2.92766623456785e-12,8.66087938139229e-10)
(-7.37038272660744e-12,-4.63152969251101e-12,8.64339107583671e-10)
(-1.23531656817871e-11,-4.68612106450815e-12,8.6195613413756e-10)
(-1.99319941076776e-11,-7.7242857052162e-13,8.61340592949113e-10)
(-3.11199548688237e-11,5.9042486292679e-12,8.68821093125901e-10)
(-3.84902014017963e-11,-1.82669022896681e-11,8.95886847003977e-10)
(-2.38213141118985e-11,-3.37407235187953e-10,9.39047767869085e-10)
(-1.81052919203862e-11,-4.52223334619823e-10,7.46076980585652e-10)
(-1.58636577978815e-11,-5.13088378307801e-10,5.10216999741016e-10)
(-1.60260008874239e-11,-5.58038429912058e-10,2.60838953567086e-10)
(0,0,0)
(0,0,0)
(0,0,0)
(0,0,0)
(0,0,0)
(0,0,0)
(-4.22027976307374e-12,-9.86582552846825e-13,9.70532712060311e-10)
(-7.99883785062608e-12,-2.02178074471515e-12,9.69358405185302e-10)
(-1.19411411938792e-11,-3.43196608134267e-12,9.66789885319128e-10)
(-1.74421369646204e-11,-5.68264008067412e-12,9.6334904625885e-10)
(-2.38442665039358e-11,-1.42441155791277e-11,9.58947196323515e-10)
(-2.68403690681731e-11,-4.75343008959026e-11,9.48600167939475e-10)
(-2.19207995636879e-11,-1.47457747289456e-10,9.06460617109359e-10)
(-1.85959551022484e-11,-2.14449601314759e-10,7.60643377387489e-10)
(-1.68323125657713e-11,-2.60398980233395e-10,5.47909970547407e-10)
(-1.66103180991765e-11,-2.92882348043003e-10,2.89565867050098e-10)
(0,0,0)
(0,0,0)
(0,0,0)
(0,0,0)
(0,0,0)
(0,0,0)
(0,0,0)
(0,0,0)
(0,0,0)
(0,0,0)
(0,0,0)
(0,0,0)
(0,0,0)
(0,0,0)
(0,0,0)
(0,0,0)
(0,0,0)
(0,0,0)
(0,0,0)
(0,0,0)
(0,0,0)
(0,0,0)
(0,0,0)
(0,0,0)
(0,0,0)
(0,0,0)
(0,0,0)
(0,0,0)
(0,0,0)
(0,0,0)
(0,0,0)
(0,0,0)
(0,0,0)
(0,0,0)
(0,0,0)
(0,0,0)
(0,0,0)
(0,0,0)
(0,0,0)
(0,0,0)
(0,0,0)
(0,0,0)
(0,0,0)
(0,0,0)
(0,0,0)
(0,0,0)
(0,0,0)
(0,0,0)
(0,0,0)
(0,0,0)
(0,0,0)
(0,0,0)
(0,0,0)
(0,0,0)
(0,0,0)
(0,0,0)
(0,0,0)
(0,0,0)
(0,0,0)
(0,0,0)
(0,0,0)
(0,0,0)
(0,0,0)
(0,0,0)
(0,0,0)
(0,0,0)
(0,0,0)
(0,0,0)
(0,0,0)
(0,0,0)
(0,0,0)
(0,0,0)
(0,0,0)
(0,0,0)
(0,0,0)
(0,0,0)
(0,0,0)
(0,0,0)
(0,0,0)
(0,0,0)
(0,0,0)
(0,0,0)
(0,0,0)
(0,0,0)
(0,0,0)
(0,0,0)
(0,0,0)
(0,0,0)
(0,0,0)
(0,0,0)
(0,0,0)
(0,0,0)
(0,0,0)
(0,0,0)
(0,0,0)
(0,0,0)
(0,0,0)
(0,0,0)
(0,0,0)
(0,0,0)
(0,0,0)
(0,0,0)
(-1.50441567180047e-13,-4.59208866036486e-11,5.14572499996536e-11)
(3.5236093032265e-14,-9.68734665229586e-11,4.95755854827854e-11)
(5.31968967764986e-13,-1.55139054791058e-10,4.40891452904773e-11)
(1.51022169079015e-12,-2.23137691029872e-10,3.46405977549954e-11)
(2.58180383435978e-12,-3.05070521961866e-10,2.07028814697054e-11)
(5.88455922413192e-12,-4.06766240498569e-10,1.55684736227166e-12)
(9.76826529399481e-12,-5.30005852234604e-10,-1.81219687197273e-11)
(1.00439232734163e-11,-6.55861614289533e-10,-2.22306430241009e-11)
(8.05235628795851e-12,-7.61960313176343e-10,-1.55900943981174e-11)
(5.79211784516132e-12,-8.25962247438104e-10,-7.09533588234283e-12)
(0,0,0)
(0,0,0)
(0,0,0)
(0,0,0)
(0,0,0)
(0,0,0)
(1.70510818595184e-14,-4.38458986656856e-11,1.06694627361985e-10)
(7.47345591015751e-13,-9.11949369698557e-11,1.02225277702421e-10)
(1.78942016435916e-12,-1.45411936738035e-10,9.17813795131028e-11)
(3.51818564980679e-12,-2.08907244132749e-10,7.32730967132587e-11)
(6.69460912881822e-12,-2.85906269890685e-10,4.38654971684546e-11)
(1.4597969493372e-11,-3.8673038944419e-10,-1.44931759955909e-12)
(2.6124249518312e-11,-5.24584755681865e-10,-6.07258960645718e-11)
(2.56587767458964e-11,-6.60553735442467e-10,-6.3968951995414e-11)
(1.86065978442941e-11,-7.69019354241801e-10,-3.82918117998301e-11)
(1.30038105384877e-11,-8.32278603497989e-10,-1.57512020647595e-11)
(0,0,0)
(0,0,0)
(0,0,0)
(0,0,0)
(0,0,0)
(0,0,0)
(5.01493889633499e-13,-3.94626256367359e-11,1.69408501352093e-10)
(1.12175818046333e-12,-8.05629248224918e-11,1.6215917905275e-10)
(1.5238534411117e-12,-1.2663929640031e-10,1.47365064773259e-10)
(3.58755020414453e-12,-1.79156473875166e-10,1.2105343617408e-10)
(1.06494437693679e-11,-2.40620297917118e-10,7.61362566103128e-11)
(2.74051021836216e-11,-3.26583615414811e-10,-5.0813171473638e-12)
(6.62299359044369e-11,-5.18183356181862e-10,-1.85633220300749e-10)
(5.58885295492368e-11,-6.81617414226419e-10,-1.59184227032593e-10)
(3.31232210636258e-11,-7.88247472076167e-10,-7.32891617725301e-11)
(2.17680229837478e-11,-8.46215626598354e-10,-2.51151892291081e-11)
(0,0,0)
(0,0,0)
(0,0,0)
(0,0,0)
(0,0,0)
(0,0,0)
(5.97655742304905e-14,-3.26866484297414e-11,2.41072312357815e-10)
(2.69219214029327e-13,-6.58183562106611e-11,2.32783225290071e-10)
(1.1922425789821e-13,-1.00622745806403e-10,2.15656107140555e-10)
(8.29126769744356e-13,-1.35021812915339e-10,1.85704320568243e-10)
(6.81914152381499e-12,-1.60625354284856e-10,1.37785101513524e-10)
(2.24761150615462e-11,-1.46554027271503e-10,6.95668247004889e-11)
(1.04369248319918e-10,-5.41975595515843e-10,7.64821954719719e-17)
(1.19463060299603e-10,-7.57104633532436e-10,-3.73725508283952e-10)
(4.55837168694222e-11,-8.28744710127485e-10,-1.0021546249051e-10)
(2.58659464343721e-11,-8.66266947500204e-10,-2.23593514533432e-11)
(0,0,0)
(0,0,0)
(0,0,0)
(0,0,0)
(0,0,0)
(0,0,0)
(-7.77524637896543e-13,-2.47684499802795e-11,3.23864987631639e-10)
(-1.94581111310924e-12,-4.89137480670726e-11,3.15322897656542e-10)
(-3.36845007573272e-12,-7.20835394851825e-11,2.97567265265979e-10)
(-6.59212217740489e-12,-9.07690471593044e-11,2.66197943860213e-10)
(-1.00143006125513e-11,-9.93780488188482e-11,2.13426454514454e-10)
(-1.14469913331434e-11,-9.48269444322982e-11,1.27325709177947e-10)
(-2.46486777352723e-17,2.81993274227044e-16,-2.12709105318531e-17)
(1.4412281186832e-11,-1.00783737195954e-09,5.32070987833747e-17)
(1.77546454995797e-11,-8.91812495187532e-10,1.64346363586471e-11)
(1.45163314723369e-11,-8.79945788278089e-10,1.93035643888452e-11)
(0,0,0)
(0,0,0)
(0,0,0)
(0,0,0)
(0,0,0)
(0,0,0)
(-9.88264861223774e-13,-1.66132204422029e-11,4.19287885253231e-10)
(-4.16410287941643e-12,-3.19251120611798e-11,4.12193498153191e-10)
(-8.67199743586385e-12,-4.38962343692277e-11,3.96703518548573e-10)
(-1.81408817891906e-11,-4.6608375012282e-11,3.67554742357656e-10)
(-3.56059006919795e-11,-3.28758015487633e-11,3.13703132322575e-10)
(-6.03678300064973e-11,-6.16388016348176e-12,2.06890496011755e-10)
(3.69928396959101e-18,1.66878937672401e-16,-3.52459813792387e-17)
(2.29470672546507e-11,-9.61439164639517e-10,-1.52373312244803e-16)
(4.57441255371931e-12,-8.72003632190789e-10,1.10616364356663e-10)
(1.9670419949783e-12,-8.49236539881146e-10,7.05335425002257e-11)
(0,0,0)
(0,0,0)
(0,0,0)
(0,0,0)
(0,0,0)
(0,0,0)
(-2.18249426055893e-12,-1.00729531833851e-11,5.24906652178622e-10)
(-6.51071066842412e-12,-1.81146467747119e-11,5.19933173792672e-10)
(-1.36568510423872e-11,-2.00586269680774e-11,5.09047650337149e-10)
(-2.95318006317486e-11,-6.43461293454725e-12,4.89314312619154e-10)
(-6.54824183775964e-11,4.02005310749097e-11,4.51462474455283e-10)
(-1.37220564567459e-10,1.29349174774664e-10,3.52397090311427e-10)
(2.62424213611304e-17,2.68502902036287e-16,-3.60776098831227e-16)
(-5.98609422356316e-11,-1.01871910596294e-09,6.58162678507941e-10)
(-2.1850751176739e-11,-8.11427371744996e-10,3.23091739722294e-10)
(-1.30515282672055e-11,-7.68363126355862e-10,1.44537027397722e-10)
(0,0,0)
(0,0,0)
(0,0,0)
(0,0,0)
(0,0,0)
(0,0,0)
(-3.21354126824532e-12,-5.57045768494417e-12,6.33644982974132e-10)
(-7.12998752579249e-12,-9.13551921830561e-12,6.30583621323774e-10)
(-1.43815150879352e-11,-6.04256132446581e-12,6.24848391405312e-10)
(-2.96234677931913e-11,1.63525189679677e-11,6.19030855400688e-10)
(-6.2639856920502e-11,9.71545184551364e-11,6.24661800869314e-10)
(-1.36050305848426e-10,3.75015074951509e-10,6.90662443941073e-10)
(1.08808282877956e-11,-6.58162759242208e-10,1.06225194839494e-09)
(-2.21682035075529e-11,-6.51893286420054e-10,6.66014864570789e-10)
(-2.02259994294029e-11,-6.21677560542717e-10,3.94672124267136e-10)
(-1.83595852431821e-11,-6.1761795208776e-10,1.87121157801436e-10)
(0,0,0)
(0,0,0)
(0,0,0)
(0,0,0)
(0,0,0)
(0,0,0)
(-4.0280379968555e-12,-3.02048828349082e-12,7.29460807917112e-10)
(-7.59715822824404e-12,-4.79357386036964e-12,7.27025471203515e-10)
(-1.2991779476578e-11,-3.78289904596372e-12,7.23392101785133e-10)
(-2.25022827743286e-11,3.27458682559232e-12,7.20252398293233e-10)
(-3.80373445385207e-11,1.76783007939169e-11,7.23163500556127e-10)
(-5.23837236607172e-11,7.09718153499556e-12,7.42845133656887e-10)
(-2.08000147269206e-11,-2.83466417046604e-10,7.79594248020566e-10)
(-2.00190443807984e-11,-3.78231828400581e-10,6.14254034723131e-10)
(-1.91750096983891e-11,-4.10933007249433e-10,4.12984108782248e-10)
(-2.03431291893069e-11,-4.27321585696917e-10,2.07536590417686e-10)
(0,0,0)
(0,0,0)
(0,0,0)
(0,0,0)
(0,0,0)
(0,0,0)
(-4.03255544091207e-12,-1.08200983207066e-12,7.88810876469945e-10)
(-7.45209872916799e-12,-2.0372507480257e-12,7.87195333764332e-10)
(-1.19322682149431e-11,-2.8388030967513e-12,7.84394662447415e-10)
(-1.8722927109959e-11,-3.31062978571617e-12,7.79835544881491e-10)
(-2.77413536990234e-11,-7.49996231646737e-12,7.73995650789238e-10)
(-3.22351191339596e-11,-3.38453589266157e-11,7.63286594957374e-10)
(-2.35613071312747e-11,-1.23255388795119e-10,7.26212600287423e-10)
(-2.03121495769248e-11,-1.77152632940272e-10,6.00423092490941e-10)
(-1.8887189301872e-11,-2.04454133350957e-10,4.22449739986894e-10)
(-1.99267990921031e-11,-2.18344459855357e-10,2.17901756615362e-10)
(0,0,0)
(0,0,0)
(0,0,0)
(0,0,0)
(0,0,0)
(0,0,0)
(0,0,0)
(0,0,0)
(0,0,0)
(0,0,0)
(0,0,0)
(0,0,0)
(0,0,0)
(0,0,0)
(0,0,0)
(0,0,0)
(0,0,0)
(0,0,0)
(0,0,0)
(0,0,0)
(0,0,0)
(0,0,0)
(0,0,0)
(0,0,0)
(0,0,0)
(0,0,0)
(0,0,0)
(0,0,0)
(0,0,0)
(0,0,0)
(0,0,0)
(0,0,0)
(0,0,0)
(0,0,0)
(0,0,0)
(0,0,0)
(0,0,0)
(0,0,0)
(0,0,0)
(0,0,0)
(0,0,0)
(0,0,0)
(0,0,0)
(0,0,0)
(0,0,0)
(0,0,0)
(0,0,0)
(0,0,0)
(0,0,0)
(0,0,0)
(0,0,0)
(0,0,0)
(0,0,0)
(0,0,0)
(0,0,0)
(0,0,0)
(0,0,0)
(0,0,0)
(0,0,0)
(0,0,0)
(0,0,0)
(0,0,0)
(0,0,0)
(0,0,0)
(0,0,0)
(0,0,0)
(0,0,0)
(0,0,0)
(0,0,0)
(0,0,0)
(0,0,0)
(0,0,0)
(0,0,0)
(0,0,0)
(0,0,0)
(0,0,0)
(0,0,0)
(0,0,0)
(0,0,0)
(0,0,0)
(0,0,0)
(0,0,0)
(0,0,0)
(0,0,0)
(0,0,0)
(0,0,0)
(0,0,0)
(0,0,0)
(0,0,0)
(0,0,0)
(0,0,0)
(0,0,0)
(0,0,0)
(0,0,0)
(0,0,0)
(0,0,0)
(0,0,0)
(0,0,0)
(0,0,0)
(0,0,0)
(0,0,0)
(0,0,0)
(-3.43764988205919e-13,-4.70551919954415e-11,5.34875928483287e-11)
(-1.56853267798986e-13,-9.80868703113524e-11,5.14884053271141e-11)
(2.53398450247692e-13,-1.54407168843707e-10,4.62665975470044e-11)
(1.21749107895048e-12,-2.1765218069932e-10,3.76388955181622e-11)
(2.56358587058592e-12,-2.91239293943928e-10,2.49203511755152e-11)
(5.52752425175045e-12,-3.78124834316572e-10,8.17896901463037e-12)
(8.45584304564848e-12,-4.77717805635428e-10,-8.55176729312189e-12)
(8.09549580030662e-12,-5.7550956303582e-10,-1.33590142527516e-11)
(6.61663883762112e-12,-6.53322779806481e-10,-9.81197897345797e-12)
(5.01313802272597e-12,-6.96694724912611e-10,-4.45077836808069e-12)
(0,0,0)
(0,0,0)
(0,0,0)
(0,0,0)
(0,0,0)
(0,0,0)
(1.03127712472693e-13,-4.49537855163754e-11,1.09145747368933e-10)
(5.59231632936705e-13,-9.2473481460111e-11,1.05303193921625e-10)
(1.5250626265003e-12,-1.45386295948378e-10,9.56462974229975e-11)
(3.17501493704349e-12,-2.04453754068954e-10,7.84252873127961e-11)
(6.72345192322737e-12,-2.73546972492908e-10,5.22555867989954e-11)
(1.37277739289952e-11,-3.58986591135689e-10,1.45787819392143e-11)
(2.29659059491338e-11,-4.68604263411882e-10,-3.21695154107408e-11)
(2.10453153342485e-11,-5.75202612538931e-10,-3.9016517230574e-11)
(1.52941059436674e-11,-6.55884010334215e-10,-2.42481658414605e-11)
(1.1189631573981e-11,-6.99112370743334e-10,-1.00483482645749e-11)
(0,0,0)
(0,0,0)
(0,0,0)
(0,0,0)
(0,0,0)
(0,0,0)
(9.74838981998801e-13,-4.09606718955539e-11,1.71409196805008e-10)
(1.17130384812246e-12,-8.22229091746787e-11,1.65267040528832e-10)
(1.81893144636413e-12,-1.27570589001993e-10,1.51249707643408e-10)
(4.37006880806467e-12,-1.77114861679543e-10,1.26633910592781e-10)
(1.187207389484e-11,-2.32929228858438e-10,8.7896413182027e-11)
(2.79274171936766e-11,-3.04142089735903e-10,2.41135384212991e-11)
(6.35731819702487e-11,-4.44180502190152e-10,-1.06266607163861e-10)
(4.54806835951816e-11,-5.76869821888919e-10,-9.73613575987207e-11)
(2.54464865716133e-11,-6.62408557458188e-10,-4.53328296574402e-11)
(1.67041546564522e-11,-7.04419648331203e-10,-1.53143180972502e-11)
(0,0,0)
(0,0,0)
(0,0,0)
(0,0,0)
(0,0,0)
(0,0,0)
(4.30654192493082e-13,-3.42467122362553e-11,2.40705480945953e-10)
(4.91729220006061e-13,-6.74828122528605e-11,2.33130583941371e-10)
(1.53180450893209e-12,-1.02727508871697e-10,2.1660904671859e-10)
(4.49558006847765e-12,-1.37272981927309e-10,1.88850858773885e-10)
(1.37901128707943e-11,-1.63460347283284e-10,1.48008313083001e-10)
(4.03157804406263e-11,-1.52129006155712e-10,9.89486625869333e-11)
(-6.38810444230541e-11,-3.81603219355468e-10,1.05098005462562e-10)
(9.66857529332548e-11,-5.90786524459967e-10,-2.15072111449692e-10)
(3.07953908922597e-11,-6.76032428087273e-10,-5.23393720553644e-11)
(1.71854357588569e-11,-7.10811037916563e-10,-8.80607029392994e-12)
(0,0,0)
(0,0,0)
(0,0,0)
(0,0,0)
(0,0,0)
(0,0,0)
(-3.90664200880127e-13,-2.62088466296887e-11,3.16035596938608e-10)
(-1.17881472842666e-12,-5.07955495779246e-11,3.08054019763262e-10)
(-1.86433785904103e-13,-7.55673579069602e-11,2.90648039915577e-10)
(2.01869502131163e-12,-9.7201043081487e-11,2.6159780847148e-10)
(9.58419745388705e-12,-1.10393218974462e-10,2.15920452713466e-10)
(2.72156748469378e-11,-1.20638681119343e-10,1.4216853555702e-10)
(1.5987649504143e-17,2.86152664684178e-16,-7.79392768397415e-17)
(-4.84205092847285e-11,-6.45682532335222e-10,8.10399551383535e-11)
(-4.92314552731167e-12,-6.9227085614343e-10,4.54811775205801e-11)
(3.11064746446855e-12,-7.08198181145686e-10,2.70583071737792e-11)
(0,0,0)
(0,0,0)
(0,0,0)
(0,0,0)
(0,0,0)
(0,0,0)
(-4.34145020003136e-13,-1.82338029918388e-11,3.97846700985815e-10)
(-2.48458856128607e-12,-3.45797768453544e-11,3.90726908891101e-10)
(-3.36082864612731e-12,-4.89818436523815e-11,3.74871123695987e-10)
(-4.46303383178294e-12,-5.74448712095464e-11,3.47387882884593e-10)
(-1.86959700486406e-12,-5.26677721327925e-11,3.00132955730413e-10)
(1.10096463130788e-11,-3.61448183190109e-11,2.08838918506565e-10)
(1.92026504712681e-17,1.92020523513429e-16,-1.04163132770488e-16)
(-3.03895081519058e-11,-6.20943055978183e-10,1.2874390502079e-10)
(-1.59190260355942e-11,-6.66288871356657e-10,1.24272957540709e-10)
(-8.37282903020433e-12,-6.7430622923658e-10,6.83059275014018e-11)
(0,0,0)
(0,0,0)
(0,0,0)
(0,0,0)
(0,0,0)
(0,0,0)
(-1.71151137304941e-12,-1.15742642608696e-11,4.83160132136368e-10)
(-4.60431476930572e-12,-2.11821899221911e-11,4.77236138225074e-10)
(-7.93957896797771e-12,-2.65587681882243e-11,4.6504295062623e-10)
(-1.44670943704332e-11,-2.19831847583422e-11,4.44386045941642e-10)
(-2.33710216139511e-11,5.37602501002868e-12,4.07214802782123e-10)
(-3.04890136567791e-11,6.21793234880054e-11,3.17843819350348e-10)
(1.47034881671498e-17,2.39998043552974e-16,-3.29601931579242e-16)
(-9.16158229929071e-11,-5.99100897272999e-10,4.43203846883641e-10)
(-3.30458500544966e-11,-6.04749740810251e-10,2.55070748007031e-10)
(-1.92596751376986e-11,-6.02112515546952e-10,1.20008064531374e-10)
(0,0,0)
(0,0,0)
(0,0,0)
(0,0,0)
(0,0,0)
(0,0,0)
(-2.70214901936821e-12,-6.42231378776415e-12,5.64449796730176e-10)
(-5.73670296526752e-12,-1.19955564137866e-11,5.60338425520857e-10)
(-1.08236413617914e-11,-1.26610853727599e-11,5.524765697015e-10)
(-2.21764811194484e-11,-9.24077613564327e-13,5.42001401475842e-10)
(-4.91642823310388e-11,4.74288380135154e-11,5.33011837435793e-10)
(-1.39721916885785e-10,2.12159037069799e-10,5.41508883530031e-10)
(3.242156991639e-11,-4.01516880974033e-10,6.35434605914541e-10)
(-2.44869212233615e-11,-4.60506923750016e-10,4.84921720554168e-10)
(-2.34195862569635e-11,-4.77168344256304e-10,3.10617960083897e-10)
(-2.15347938326733e-11,-4.83113046896483e-10,1.51581269980178e-10)
(0,0,0)
(0,0,0)
(0,0,0)
(0,0,0)
(0,0,0)
(0,0,0)
(-3.5311797346599e-12,-3.21983447342991e-12,6.3108488870596e-10)
(-6.72011192226853e-12,-6.81854363548289e-12,6.27825001538221e-10)
(-1.079617193387e-11,-8.294637354622e-12,6.21969868892373e-10)
(-1.88281684258976e-11,-5.69915347822745e-12,6.14257592195122e-10)
(-3.25407145289026e-11,5.30320865850246e-13,6.06993211509881e-10)
(-4.81902975627874e-11,-1.41153028611616e-11,6.02525181768471e-10)
(-1.56708296810538e-11,-2.08205035891529e-10,5.92084709074339e-10)
(-1.98283139002381e-11,-2.8877552072852e-10,4.80400588680162e-10)
(-2.02063652323305e-11,-3.20643790242553e-10,3.28635549880129e-10)
(-2.1783664613126e-11,-3.33397077439822e-10,1.66273443633985e-10)
(0,0,0)
(0,0,0)
(0,0,0)
(0,0,0)
(0,0,0)
(0,0,0)
(-3.4990225673699e-12,-1.26461478137008e-12,6.68701363230459e-10)
(-6.68867816027586e-12,-3.20511186388482e-12,6.66408916228789e-10)
(-1.0211953745771e-11,-5.10411372291102e-12,6.62008861442032e-10)
(-1.61936628034221e-11,-6.57877832144965e-12,6.53969756738695e-10)
(-2.45322601836271e-11,-1.11620321672217e-11,6.42238473127565e-10)
(-2.90064833906239e-11,-3.28849910271641e-11,6.22791356093431e-10)
(-2.1027188129912e-11,-9.74122049113724e-11,5.79118923540788e-10)
(-1.94914300131451e-11,-1.39349024750109e-10,4.76759543331557e-10)
(-1.8793339281303e-11,-1.60232341424589e-10,3.34068868283515e-10)
(-2.03695023321045e-11,-1.69519034555215e-10,1.71526570981081e-10)
(0,0,0)
(0,0,0)
(0,0,0)
(0,0,0)
(0,0,0)
(0,0,0)
(0,0,0)
(0,0,0)
(0,0,0)
(0,0,0)
(0,0,0)
(0,0,0)
(0,0,0)
(0,0,0)
(0,0,0)
(0,0,0)
(0,0,0)
(0,0,0)
(0,0,0)
(0,0,0)
(0,0,0)
(0,0,0)
(0,0,0)
(0,0,0)
(0,0,0)
(0,0,0)
(0,0,0)
(0,0,0)
(0,0,0)
(0,0,0)
(0,0,0)
(0,0,0)
(0,0,0)
(0,0,0)
(0,0,0)
(0,0,0)
(0,0,0)
(0,0,0)
(0,0,0)
(0,0,0)
(0,0,0)
(0,0,0)
(0,0,0)
(0,0,0)
(0,0,0)
(0,0,0)
(0,0,0)
(0,0,0)
(0,0,0)
(0,0,0)
(0,0,0)
(0,0,0)
(0,0,0)
(0,0,0)
(0,0,0)
(0,0,0)
(0,0,0)
(0,0,0)
(0,0,0)
(0,0,0)
(0,0,0)
(0,0,0)
(0,0,0)
(0,0,0)
(0,0,0)
(0,0,0)
(0,0,0)
(0,0,0)
(0,0,0)
(0,0,0)
(0,0,0)
(0,0,0)
(0,0,0)
(0,0,0)
(0,0,0)
(0,0,0)
(0,0,0)
(0,0,0)
(0,0,0)
(0,0,0)
(0,0,0)
(0,0,0)
(0,0,0)
(0,0,0)
(0,0,0)
(0,0,0)
(0,0,0)
(0,0,0)
(0,0,0)
(0,0,0)
(0,0,0)
(0,0,0)
(0,0,0)
(0,0,0)
(0,0,0)
(0,0,0)
(0,0,0)
(0,0,0)
(0,0,0)
(0,0,0)
(0,0,0)
(0,0,0)
(-4.45983945973459e-13,-4.88139187709765e-11,5.54394693100106e-11)
(-5.48434338987946e-13,-9.99689035421088e-11,5.30356348656918e-11)
(-1.39772416217972e-13,-1.53722827762293e-10,4.7798346796052e-11)
(7.37608791240563e-13,-2.12292449351179e-10,3.98281061683592e-11)
(1.61264658043279e-12,-2.7891970034709e-10,2.9234620777549e-11)
(3.12001737863837e-12,-3.54773888128634e-10,1.6408821756499e-11)
(4.14954778170934e-12,-4.36808091370033e-10,3.84033904647288e-12)
(4.24151002421307e-12,-5.14017012380322e-10,-1.93611078772963e-12)
(3.81666875994493e-12,-5.73586919484657e-10,-2.47752788174436e-12)
(2.98000548540379e-12,-6.05608421267384e-10,-1.1294769839516e-12)
(0,0,0)
(0,0,0)
(0,0,0)
(0,0,0)
(0,0,0)
(0,0,0)
(-4.74324610358048e-14,-4.6301088372549e-11,1.11300326571636e-10)
(-3.44441538604862e-14,-9.43438614117943e-11,1.07147799231235e-10)
(9.30365790320788e-13,-1.45597900077516e-10,9.78405769185609e-11)
(2.00582306141178e-12,-2.01294196534339e-10,8.25042348935887e-11)
(3.78251314856254e-12,-2.64989080115624e-10,6.08176560047815e-11)
(5.6315698791507e-12,-3.40178995314392e-10,3.27874067697531e-11)
(5.38914654722539e-12,-4.28469299401353e-10,2.65909685856624e-12)
(7.94417329513946e-12,-5.10948809710953e-10,-7.66084604754143e-12)
(7.61883549081206e-12,-5.72843981468854e-10,-5.76235209683483e-12)
(6.44856089722056e-12,-6.05359839432706e-10,-2.06682199473509e-12)
(0,0,0)
(0,0,0)
(0,0,0)
(0,0,0)
(0,0,0)
(0,0,0)
(4.03035598867854e-13,-4.19420127590953e-11,1.72477882813496e-10)
(4.48539811746128e-13,-8.42879367228872e-11,1.66149147542118e-10)
(1.59164836670095e-12,-1.29713367092703e-10,1.52552107169775e-10)
(3.2656864666141e-12,-1.78542222970678e-10,1.3098981157465e-10)
(6.18606708036294e-12,-2.34354202396153e-10,9.97063731772555e-11)
(6.29447919863835e-12,-3.05723413221262e-10,5.43481674754205e-11)
(-7.90935042955663e-12,-4.12938108373502e-10,-8.80795266407691e-12)
(7.36885822498281e-12,-5.06680091794254e-10,-1.83226662362694e-11)
(9.0518456404242e-12,-5.71541206817349e-10,-8.06334917043424e-12)
(7.78122614446452e-12,-6.04222537468517e-10,-1.31164199172774e-12)
(0,0,0)
(0,0,0)
(0,0,0)
(0,0,0)
(0,0,0)
(0,0,0)
(-3.23144094950322e-14,-3.51733815939572e-11,2.37119224533095e-10)
(3.26003767840058e-13,-6.99707985568734e-11,2.29943164097954e-10)
(2.12984148889736e-12,-1.07456441806389e-10,2.14766592108714e-10)
(5.26618691350125e-12,-1.45630982429362e-10,1.90588785769047e-10)
(9.78263505807551e-12,-1.84812793184516e-10,1.55675385389493e-10)
(2.67611252863825e-12,-2.36446632181988e-10,1.01637429834003e-10)
(-1.25314433018856e-10,-4.04535415866093e-10,-2.84929711890123e-11)
(-1.11509785858459e-11,-5.08350059036911e-10,-1.27114374904397e-11)
(3.50051718703546e-12,-5.70751020084924e-10,8.19342720667395e-12)
(5.76650869406934e-12,-6.00397358618778e-10,9.49287920026872e-12)
(0,0,0)
(0,0,0)
(0,0,0)
(0,0,0)
(0,0,0)
(0,0,0)
(-3.84130663364138e-13,-2.76778610717265e-11,3.05562906426512e-10)
(1.13923866802234e-14,-5.44574483230391e-11,2.98633678358509e-10)
(2.27828340361032e-12,-8.26055656054814e-11,2.83732335450813e-10)
(7.93987890737528e-12,-1.08819237443823e-10,2.60147947641669e-10)
(2.56106677686696e-11,-1.25454531842536e-10,2.29000910858958e-10)
(8.48904255428986e-11,-1.02410089066488e-10,1.99394271393355e-10)
(-8.103992295784e-11,-5.15855157451869e-10,2.28986935531898e-10)
(-3.76012080239927e-11,-5.29108332537041e-10,1.18344539041351e-10)
(-1.24822599673512e-11,-5.65921841516631e-10,7.21046111659963e-11)
(-3.7229972708673e-12,-5.8604530159051e-10,3.67276229853409e-11)
(0,0,0)
(0,0,0)
(0,0,0)
(0,0,0)
(0,0,0)
(0,0,0)
(2.61083436833439e-14,-2.05282265193028e-11,3.7784566707214e-10)
(-2.63902893036976e-14,-4.00215550094212e-11,3.71572866191373e-10)
(1.69933670112458e-12,-5.88827779176198e-11,3.57887869884672e-10)
(7.33020687118437e-12,-7.49457846049362e-11,3.36744760139402e-10)
(3.1380643076175e-11,-8.12236055034992e-11,3.0938978201964e-10)
(1.21524527175768e-10,-6.33030431770563e-11,2.86400844264574e-10)
(-1.28744037958792e-10,-4.60789472107496e-10,3.18303194976606e-10)
(-4.77607193770517e-11,-5.01093837205279e-10,2.07761468421541e-10)
(-2.14911265426047e-11,-5.3355491766003e-10,1.36326065651825e-10)
(-1.22606152184079e-11,-5.48637774648679e-10,6.83325645295484e-11)
(0,0,0)
(0,0,0)
(0,0,0)
(0,0,0)
(0,0,0)
(0,0,0)
(-9.3946793481931e-13,-1.40528163491911e-11,4.49230408955612e-10)
(-1.59776067897038e-12,-2.74581160249684e-11,4.43628715596985e-10)
(-1.18035709874951e-12,-3.8604656534621e-11,4.32290792478313e-10)
(1.6450416442445e-12,-4.57916498207517e-11,4.16294651917844e-10)
(2.39471488143701e-11,-4.12132818200416e-11,3.97928196230509e-10)
(1.37375421713698e-10,1.47208400317597e-13,3.98049327586635e-10)
(-4.16870408099451e-11,-4.50421879529636e-10,5.52350021706148e-10)
(-4.20766976392342e-11,-4.54302285882144e-10,3.43624399515781e-10)
(-2.55645631328474e-11,-4.72991968995591e-10,2.11111706808486e-10)
(-1.82510792568728e-11,-4.83047977490662e-10,1.0215731621848e-10)
(0,0,0)
(0,0,0)
(0,0,0)
(0,0,0)
(0,0,0)
(0,0,0)
(-1.79325712435035e-12,-8.65190853972377e-12,5.13292070953748e-10)
(-3.05185992431633e-12,-1.76658735032594e-11,5.08907502500314e-10)
(-4.71492115422796e-12,-2.47138425889737e-11,5.00139067995788e-10)
(-8.41184121472883e-12,-2.87055955670859e-11,4.88695783881896e-10)
(-1.07628112776255e-11,-2.87280164879309e-11,4.76073565422082e-10)
(-7.37329933941963e-12,-4.47504831065255e-11,4.70236624166408e-10)
(-1.03773898057549e-11,-2.70566438453916e-10,4.82227636116126e-10)
(-2.19145637745851e-11,-3.43776081108172e-10,3.75471909203884e-10)
(-2.09074501669575e-11,-3.73482780895552e-10,2.49700360849405e-10)
(-1.9669493309124e-11,-3.860197003908e-10,1.24480549012036e-10)
(0,0,0)
(0,0,0)
(0,0,0)
(0,0,0)
(0,0,0)
(0,0,0)
(-2.22651225892495e-12,-5.01455147924455e-12,5.63148884728454e-10)
(-4.47841104802742e-12,-1.09414009912997e-11,5.5937370454823e-10)
(-6.27441886833966e-12,-1.65769648451046e-11,5.5163298296557e-10)
(-1.06841628974186e-11,-2.19452096716608e-11,5.40969717727412e-10)
(-1.63803317544382e-11,-3.1482257196031e-11,5.26719024173784e-10)
(-1.8980136702602e-11,-6.40626417992605e-11,5.07254730727693e-10)
(-1.47795402669745e-11,-1.65375650993783e-10,4.73768875783064e-10)
(-1.74897710785989e-11,-2.25218540232431e-10,3.84967388961287e-10)
(-1.82557078041472e-11,-2.54192224443463e-10,2.66366423001712e-10)
(-1.93882638637374e-11,-2.66695610396817e-10,1.35839692955568e-10)
(0,0,0)
(0,0,0)
(0,0,0)
(0,0,0)
(0,0,0)
(0,0,0)
(-2.47119034706994e-12,-2.20955606916399e-12,5.90046483198513e-10)
(-5.49373523740297e-12,-5.19214141038237e-12,5.87096498425699e-10)
(-7.27696276534619e-12,-8.85346348898649e-12,5.80483994609824e-10)
(-1.10411575137411e-11,-1.29833681132905e-11,5.69243547991227e-10)
(-1.6247175316716e-11,-2.08757229048799e-11,5.51946947066209e-10)
(-1.82190418651511e-11,-4.12275554599513e-11,5.24285495316283e-10)
(-1.60800128320561e-11,-8.14556929700701e-11,4.75250953215783e-10)
(-1.61497797152243e-11,-1.11553726318256e-10,3.88099231299241e-10)
(-1.64833834034705e-11,-1.28050913442914e-10,2.71598657980674e-10)
(-1.83619659062571e-11,-1.35618216941621e-10,1.39654978657226e-10)
(0,0,0)
(0,0,0)
(0,0,0)
(0,0,0)
(0,0,0)
(0,0,0)
(0,0,0)
(0,0,0)
(0,0,0)
(0,0,0)
(0,0,0)
(0,0,0)
(0,0,0)
(0,0,0)
(0,0,0)
(0,0,0)
(0,0,0)
(0,0,0)
(0,0,0)
(0,0,0)
(0,0,0)
(0,0,0)
(0,0,0)
(0,0,0)
(0,0,0)
(0,0,0)
(0,0,0)
(0,0,0)
(0,0,0)
(0,0,0)
(0,0,0)
(0,0,0)
(0,0,0)
(0,0,0)
(0,0,0)
(0,0,0)
(0,0,0)
(0,0,0)
(0,0,0)
(0,0,0)
(0,0,0)
(0,0,0)
(0,0,0)
(0,0,0)
(0,0,0)
(0,0,0)
(0,0,0)
(0,0,0)
(0,0,0)
(0,0,0)
(0,0,0)
(0,0,0)
(0,0,0)
(0,0,0)
(0,0,0)
(0,0,0)
(0,0,0)
(0,0,0)
(0,0,0)
(0,0,0)
(0,0,0)
(0,0,0)
(0,0,0)
(0,0,0)
(0,0,0)
(0,0,0)
(0,0,0)
(0,0,0)
(0,0,0)
(0,0,0)
(0,0,0)
(0,0,0)
(0,0,0)
(0,0,0)
(0,0,0)
(0,0,0)
(0,0,0)
(0,0,0)
(0,0,0)
(0,0,0)
(0,0,0)
(0,0,0)
(0,0,0)
(0,0,0)
(0,0,0)
(0,0,0)
(0,0,0)
(0,0,0)
(0,0,0)
(0,0,0)
(0,0,0)
(0,0,0)
(0,0,0)
(0,0,0)
(0,0,0)
(0,0,0)
(0,0,0)
(0,0,0)
(0,0,0)
(0,0,0)
(0,0,0)
(0,0,0)
(-5.54979900082074e-13,-4.95456056505594e-11,5.71259020703032e-11)
(-9.36188399655841e-13,-9.99568045092541e-11,5.44233735532547e-11)
(-2.94459473320642e-13,-1.51920328581065e-10,4.93195715187253e-11)
(3.32841365226743e-13,-2.07381273623402e-10,4.21893570782026e-11)
(5.07825370017457e-13,-2.6884009978199e-10,3.33190353920926e-11)
(1.09360727445549e-12,-3.37142580529483e-10,2.32242631530607e-11)
(1.58720564717772e-12,-4.08559608786121e-10,1.34678435068108e-11)
(1.71472444882322e-12,-4.74061235738924e-10,6.93479189548489e-12)
(1.72567984632968e-12,-5.2232758028502e-10,3.07070975103798e-12)
(1.60194666679597e-12,-5.4867695003765e-10,1.23930005671669e-12)
(0,0,0)
(0,0,0)
(0,0,0)
(0,0,0)
(0,0,0)
(0,0,0)
(-2.53980734097135e-13,-4.72759684851828e-11,1.13877481995566e-10)
(-7.83146530112916e-13,-9.50745392516357e-11,1.09423652759831e-10)
(3.82174830510329e-13,-1.4486976703326e-10,1.00459578376332e-10)
(9.40428386568024e-13,-1.98353646875577e-10,8.70940685161717e-11)
(1.17788466411443e-12,-2.58184964465119e-10,6.90852415304638e-11)
(1.30429769718806e-12,-3.26635528356849e-10,4.80427074226112e-11)
(1.77898425526763e-13,-4.01057370260981e-10,2.71605656534457e-11)
(1.7769614277374e-12,-4.6919405267268e-10,1.44254578453736e-11)
(2.62053073723263e-12,-5.19649692116076e-10,7.9127034275912e-12)
(3.24443693836236e-12,-5.46701215418981e-10,3.73757329305502e-12)
(0,0,0)
(0,0,0)
(0,0,0)
(0,0,0)
(0,0,0)
(0,0,0)
(-3.68602948960606e-14,-4.29104327648966e-11,1.72805482655743e-10)
(-2.71557981927577e-13,-8.60789924097643e-11,1.66527610852807e-10)
(8.97018675522064e-13,-1.31332004832499e-10,1.5383061358655e-10)
(1.63788432268491e-12,-1.79946205929934e-10,1.35105536211604e-10)
(2.00286357057472e-12,-2.35970243904635e-10,1.09960852743594e-10)
(1.73818298927366e-13,-3.0457165951024e-10,7.85264031774182e-11)
(-6.79732936485593e-12,-3.87806772516119e-10,4.40615594767804e-11)
(-1.2204915982233e-12,-4.6119430069625e-10,2.56590846755479e-11)
(1.50995172921704e-12,-5.1355866351483e-10,1.64218251020752e-11)
(2.64440530299233e-12,-5.41165185462285e-10,8.67836891821919e-12)
(0,0,0)
(0,0,0)
(0,0,0)
(0,0,0)
(0,0,0)
(0,0,0)
(-3.51774496623313e-13,-3.64143872654589e-11,2.34220713205554e-10)
(-1.07744767250889e-14,-7.3160912733903e-11,2.27098195892024e-10)
(1.45677162767564e-12,-1.12197448233663e-10,2.13246652962344e-10)
(3.36784230751309e-12,-1.53886448550386e-10,1.92160302677202e-10)
(4.46232927158084e-12,-2.0268063054213e-10,1.63990879175194e-10)
(-1.23002956383814e-12,-2.6911052008565e-10,1.27659819734778e-10)
(-2.97762251316712e-11,-3.73185870868498e-10,8.06890754993548e-11)
(-1.12975697828404e-11,-4.51586029027904e-10,5.62857821403931e-11)
(-2.6281133749355e-12,-5.03722730970985e-10,3.94737795079875e-11)
(9.07330866082668e-13,-5.30313124973091e-10,2.11807755644351e-11)
(0,0,0)
(0,0,0)
(0,0,0)
(0,0,0)
(0,0,0)
(0,0,0)
(-6.04537147821335e-13,-2.94406553952111e-11,2.98032079649097e-10)
(4.76841980760982e-13,-5.92577766102886e-11,2.90810024956049e-10)
(2.13988352489986e-12,-9.0438900085311e-11,2.77348706875226e-10)
(5.21346285116353e-12,-1.23930428302972e-10,2.57098946459737e-10)
(1.09863808952735e-11,-1.63316757160697e-10,2.31473794280243e-10)
(1.61907155149515e-11,-2.22195070633788e-10,2.03625983289725e-10)
(-2.54632118117257e-11,-3.70491980704082e-10,1.78893716743228e-10)
(-1.93757754803399e-11,-4.4093547601944e-10,1.27313154632282e-10)
(-9.47219564311093e-12,-4.85839092376946e-10,8.3281868279763e-11)
(-4.40290122737139e-12,-5.0809310050048e-10,4.19064044970037e-11)
(0,0,0)
(0,0,0)
(0,0,0)
(0,0,0)
(0,0,0)
(0,0,0)
(-1.7650094561684e-13,-2.25012214701964e-11,3.63312879187979e-10)
(1.09516703296333e-12,-4.58832438111574e-11,3.56902260049867e-10)
(2.56432506336542e-12,-6.93259744911522e-11,3.44486163634443e-10)
(5.53105020677966e-12,-9.53617789843367e-11,3.26686697559926e-10)
(1.43592571477996e-11,-1.27960809936921e-10,3.04469069329264e-10)
(2.61719248863789e-11,-1.8401009005955e-10,2.81870750052174e-10)
(-2.85699039816068e-11,-3.36596745649295e-10,2.62172922588979e-10)
(-2.31168679306692e-11,-4.0861527456262e-10,1.97916957286031e-10)
(-1.40605740847633e-11,-4.49314862584786e-10,1.31826233190972e-10)
(-9.51784784683058e-12,-4.68308460270778e-10,6.6105498131536e-11)
(0,0,0)
(0,0,0)
(0,0,0)
(0,0,0)
(0,0,0)
(0,0,0)
(-7.38682385683241e-13,-1.62023970051543e-11,4.26143810030498e-10)
(-5.20800820273633e-14,-3.3446791389538e-11,4.2092901740191e-10)
(9.24969516070511e-13,-5.03616896113422e-11,4.10280037427735e-10)
(2.92544307793746e-12,-6.96796215198771e-11,3.95542186368447e-10)
(1.1340752126153e-11,-9.54723172412155e-11,3.7741177323232e-10)
(2.79724191010406e-11,-1.43706642906678e-10,3.61616823950569e-10)
(-1.28168596952357e-11,-2.93790272917597e-10,3.56437236844418e-10)
(-2.00902097058181e-11,-3.5707319544671e-10,2.71444672180107e-10)
(-1.61193606428638e-11,-3.91180667205563e-10,1.80100323095786e-10)
(-1.312204013826e-11,-4.06828681302946e-10,8.96663262753613e-11)
(0,0,0)
(0,0,0)
(0,0,0)
(0,0,0)
(0,0,0)
(0,0,0)
(-1.04604573137879e-12,-1.13761221141636e-11,4.81546968644769e-10)
(-1.00789793179729e-12,-2.32273059743818e-11,4.76970104917274e-10)
(-1.40851478414278e-12,-3.51455938262677e-11,4.67666361713786e-10)
(-2.55000865037027e-12,-4.96308259041601e-11,4.54511960286534e-10)
(-2.17162931386384e-12,-7.17541043256437e-11,4.36872830426483e-10)
(-5.21525962944532e-14,-1.16006696956318e-10,4.15479662418137e-10)
(-8.81245035374922e-12,-2.16961502717796e-10,3.85871619612402e-10)
(-1.47005562958736e-11,-2.77439427031098e-10,3.08395583355615e-10)
(-1.49781947816864e-11,-3.09087262446169e-10,2.10962631945753e-10)
(-1.45130342910665e-11,-3.23397945248436e-10,1.06715975755744e-10)
(0,0,0)
(0,0,0)
(0,0,0)
(0,0,0)
(0,0,0)
(0,0,0)
(-1.25632748879435e-12,-7.43599913473431e-12,5.227852930861e-10)
(-2.48694904625469e-12,-1.4864327920511e-11,5.18063921349192e-10)
(-3.33465498629628e-12,-2.29414826834129e-11,5.08677977626271e-10)
(-5.39531090216547e-12,-3.37018764886541e-11,4.95457118683065e-10)
(-7.52257259952723e-12,-5.19342586843982e-11,4.76092083385428e-10)
(-8.32936809728952e-12,-8.58701379001528e-11,4.47263058524337e-10)
(-9.89801146888605e-12,-1.43796114851205e-10,4.0261725722912e-10)
(-1.25536190331818e-11,-1.87260941674265e-10,3.26321621809171e-10)
(-1.38702887585212e-11,-2.12008094176834e-10,2.27464246536464e-10)
(-1.46259643633705e-11,-2.23315339624682e-10,1.16530298458943e-10)
(0,0,0)
(0,0,0)
(0,0,0)
(0,0,0)
(0,0,0)
(0,0,0)
(-1.73076164342029e-12,-3.32454134842666e-12,5.43700013522625e-10)
(-4.07337283191082e-12,-6.7893565965423e-12,5.39397192757168e-10)
(-4.88997963573474e-12,-1.1284159039257e-11,5.30445943632889e-10)
(-6.72792470201223e-12,-1.73960080037159e-11,5.16821508429462e-10)
(-9.46144647167049e-12,-2.76964247296581e-11,4.95787886644767e-10)
(-1.04120552246008e-11,-4.60488367379168e-11,4.62983414837364e-10)
(-1.03839838855921e-11,-7.25203510778578e-11,4.11427091373608e-10)
(-1.12029327149144e-11,-9.43470824731837e-11,3.33592758520439e-10)
(-1.2590617522956e-11,-1.07479752596058e-10,2.3366615697714e-10)
(-1.4325204190668e-11,-1.13597670218548e-10,1.20333370736519e-10)
(0,0,0)
(0,0,0)
(0,0,0)
(0,0,0)
(0,0,0)
(0,0,0)
(0,0,0)
(0,0,0)
(0,0,0)
(0,0,0)
(0,0,0)
(0,0,0)
(0,0,0)
(0,0,0)
(0,0,0)
(0,0,0)
(0,0,0)
(0,0,0)
(0,0,0)
(0,0,0)
(0,0,0)
(0,0,0)
(0,0,0)
(0,0,0)
(0,0,0)
(0,0,0)
(0,0,0)
(0,0,0)
(0,0,0)
(0,0,0)
(0,0,0)
(0,0,0)
(0,0,0)
(0,0,0)
(0,0,0)
(0,0,0)
(0,0,0)
(0,0,0)
(0,0,0)
(0,0,0)
(0,0,0)
(0,0,0)
(0,0,0)
(0,0,0)
(0,0,0)
(0,0,0)
(0,0,0)
(0,0,0)
(0,0,0)
(0,0,0)
(0,0,0)
(0,0,0)
(0,0,0)
(0,0,0)
(0,0,0)
(0,0,0)
(0,0,0)
(0,0,0)
(0,0,0)
(0,0,0)
(0,0,0)
(0,0,0)
(0,0,0)
(0,0,0)
(0,0,0)
(0,0,0)
(0,0,0)
(0,0,0)
(0,0,0)
(0,0,0)
(0,0,0)
(0,0,0)
(0,0,0)
(0,0,0)
(0,0,0)
(0,0,0)
(0,0,0)
(0,0,0)
(0,0,0)
(0,0,0)
(0,0,0)
(0,0,0)
(0,0,0)
(0,0,0)
(0,0,0)
(0,0,0)
(0,0,0)
(0,0,0)
(0,0,0)
(0,0,0)
(0,0,0)
(0,0,0)
(0,0,0)
(0,0,0)
(0,0,0)
(0,0,0)
(0,0,0)
(0,0,0)
(0,0,0)
(0,0,0)
(0,0,0)
(0,0,0)
(-1.22088548389912e-13,-4.96847065322585e-11,5.79702216495398e-11)
(-7.14651622757459e-13,-9.95870795625221e-11,5.54863794370513e-11)
(-2.14806580579141e-13,-1.51692797047826e-10,4.99555077994368e-11)
(1.75536303512415e-13,-2.06098923131662e-10,4.29226910748452e-11)
(-5.25377078549551e-14,-2.6476399683585e-10,3.51908922780386e-11)
(3.42974748082019e-13,-3.28223137763892e-10,2.61260083373006e-11)
(6.1801873335462e-13,-3.93263346216959e-10,1.7799188093885e-11)
(7.11623527039631e-13,-4.53105626670972e-10,1.12902389453292e-11)
(8.79201371707595e-13,-4.96539400465672e-10,6.43989110971219e-12)
(8.65512104827816e-13,-5.21198832730564e-10,3.2933796515087e-12)
(0,0,0)
(0,0,0)
(0,0,0)
(0,0,0)
(0,0,0)
(0,0,0)
(-1.65687218655813e-13,-4.73229528681714e-11,1.15057787459354e-10)
(-8.14618988463444e-13,-9.47708595476944e-11,1.1082759375232e-10)
(2.09922489937565e-13,-1.44874786903803e-10,1.0161221756995e-10)
(5.41814426576904e-13,-1.98191588031348e-10,8.90654066820337e-11)
(5.6982114847041e-15,-2.55751650602947e-10,7.33597136992841e-11)
(1.22570619746295e-13,-3.19553342772345e-10,5.52751269675594e-11)
(-3.37591511283176e-13,-3.86136378335112e-10,3.78647044070216e-11)
(2.89963869073985e-13,-4.47543655308279e-10,2.43088458313459e-11)
(7.04632270517616e-13,-4.9251368763576e-10,1.45119022527528e-11)
(1.44598027472057e-12,-5.17039940974231e-10,6.68168141831749e-12)
(0,0,0)
(0,0,0)
(0,0,0)
(0,0,0)
(0,0,0)
(0,0,0)
(-2.55033991358935e-13,-4.32584463797881e-11,1.72668809449407e-10)
(-4.92640391533279e-13,-8.63701023537743e-11,1.66704772834845e-10)
(4.87539451603261e-13,-1.32118053525961e-10,1.54390249911488e-10)
(7.22810411136658e-13,-1.81944080622016e-10,1.3727100105718e-10)
(1.4769977424967e-13,-2.37661365659738e-10,1.15387192053901e-10)
(-8.22477425049637e-13,-3.0202034959207e-10,8.95932541727343e-11)
(-3.01575621121763e-12,-3.72918111270722e-10,6.3462353408918e-11)
(-1.59150369313394e-12,-4.37456747860607e-10,4.31930452989376e-11)
(-5.82524630788169e-13,-4.83978834530804e-10,2.72759065046811e-11)
(4.70713732031556e-13,-5.08912279281189e-10,1.32462348600336e-11)
(0,0,0)
(0,0,0)
(0,0,0)
(0,0,0)
(0,0,0)
(0,0,0)
(-2.02989053319136e-13,-3.7549443756592e-11,2.31663764608775e-10)
(-6.23676706912753e-14,-7.45482198219102e-11,2.24609296715693e-10)
(7.84573764506677e-13,-1.14511265220056e-10,2.11553937035699e-10)
(1.58124556208721e-12,-1.59337461207616e-10,1.92540021029841e-10)
(1.42951533058922e-12,-2.11719728004328e-10,1.67764636911929e-10)
(-1.17473478027434e-12,-2.76711926253306e-10,1.37939959524241e-10)
(-8.06682193701824e-12,-3.55664559371954e-10,1.05241067109399e-10)
(-5.13612015896126e-12,-4.23131112759483e-10,7.66235615745493e-11)
(-2.21874802536835e-12,-4.70531687516942e-10,5.08474523414368e-11)
(-1.3191804204474e-13,-4.95195330689125e-10,2.56854454058803e-11)
(0,0,0)
(0,0,0)
(0,0,0)
(0,0,0)
(0,0,0)
(0,0,0)
(-3.21916379738684e-13,-3.06979649168373e-11,2.93167853649664e-10)
(5.63627262458559e-13,-6.15552278126006e-11,2.85701648701489e-10)
(1.27671834618822e-12,-9.47127754497365e-11,2.73265800298198e-10)
(2.26996571200307e-12,-1.32980831527575e-10,2.54681030166926e-10)
(3.47824466205859e-12,-1.80465535286027e-10,2.30476192603251e-10)
(2.73800148718518e-12,-2.45187768618786e-10,2.02138288757337e-10)
(-7.77788475556335e-12,-3.35113875774141e-10,1.7017794632991e-10)
(-7.66469058470112e-12,-4.02491123685273e-10,1.28828943592423e-10)
(-4.6209616524919e-12,-4.47588428606772e-10,8.63898165029544e-11)
(-2.28113696010743e-12,-4.69641803325298e-10,4.34251876893114e-11)
(0,0,0)
(0,0,0)
(0,0,0)
(0,0,0)
(0,0,0)
(0,0,0)
(-6.47062725467741e-14,-2.35536763484191e-11,3.55039780080986e-10)
(1.07481102678577e-12,-4.8555752146838e-11,3.48875155209694e-10)
(1.39950625804918e-12,-7.48512869723246e-11,3.37614578300705e-10)
(2.06652097299311e-12,-1.06506028251844e-10,3.20635524294477e-10)
(4.46908372914257e-12,-1.48649386778063e-10,2.98011132685677e-10)
(5.5663051966293e-12,-2.10489424704166e-10,2.71514457730084e-10)
(-7.12041141019223e-12,-3.01542757792213e-10,2.39031079603213e-10)
(-8.56822295152994e-12,-3.67716687180528e-10,1.86662507637805e-10)
(-6.47403440457173e-12,-4.09244761445584e-10,1.26860931030229e-10)
(-4.89212868317617e-12,-4.28497752596095e-10,6.41081909565136e-11)
(0,0,0)
(0,0,0)
(0,0,0)
(0,0,0)
(0,0,0)
(0,0,0)
(-3.50164648117765e-13,-1.74537577496732e-11,4.13785673593605e-10)
(3.7741447702041e-13,-3.62203642110618e-11,4.09253992759542e-10)
(4.46724790323705e-13,-5.6472726708064e-11,3.99812564975826e-10)
(1.0070605983045e-12,-8.18151156700552e-11,3.84651352771265e-10)
(3.41748849232477e-12,-1.17683628093275e-10,3.63739872307777e-10)
(5.45206025689313e-12,-1.72439741380715e-10,3.38409731350512e-10)
(-4.65306523085377e-12,-2.56294597236972e-10,3.04962502140861e-10)
(-8.37962903712148e-12,-3.16483333524496e-10,2.4178882836036e-10)
(-7.77876858184418e-12,-3.52966055776429e-10,1.6512033213672e-10)
(-6.88644991741679e-12,-3.6928169032275e-10,8.32498533001418e-11)
(0,0,0)
(0,0,0)
(0,0,0)
(0,0,0)
(0,0,0)
(0,0,0)
(-4.09304983284561e-13,-1.327224156369e-11,4.65506789169551e-10)
(-6.71327821948884e-14,-2.64015219503494e-11,4.60958595787843e-10)
(-4.58224499754324e-13,-4.08647897131508e-11,4.52051519701732e-10)
(-8.39828205815873e-13,-5.98965746082649e-11,4.3746142779766e-10)
(-5.98306946755777e-13,-8.89359986436767e-11,4.16379415843816e-10)
(-5.80668846770771e-13,-1.33540451914242e-10,3.87844257683634e-10)
(-4.50180196349201e-12,-1.97773988687266e-10,3.46348677663632e-10)
(-7.4460902428683e-12,-2.48194466337987e-10,2.78250801470044e-10)
(-7.81070686099642e-12,-2.78874345521673e-10,1.92178961613383e-10)
(-7.8796641590867e-12,-2.92918286940033e-10,9.77435051452196e-11)
(0,0,0)
(0,0,0)
(0,0,0)
(0,0,0)
(0,0,0)
(0,0,0)
(-6.46413538161482e-13,-9.13335316524943e-12,5.04364144875819e-10)
(-1.17597664731747e-12,-1.75615786464822e-11,4.98913163015202e-10)
(-1.77111968723978e-12,-2.67329223087958e-11,4.88718184461204e-10)
(-2.33614408948923e-12,-3.96543908602331e-11,4.73540721139754e-10)
(-2.93138169315211e-12,-6.09991474302434e-11,4.51409536323746e-10)
(-3.50486796429934e-12,-9.26255407410094e-11,4.18520370255272e-10)
(-4.87813982229221e-12,-1.3417791445722e-10,3.70008809356793e-10)
(-6.61010296154819e-12,-1.69568716724168e-10,2.98958514657441e-10)
(-7.46468226177755e-12,-1.92249595914509e-10,2.08743507835979e-10)
(-7.8133353105613e-12,-2.03054445953898e-10,1.06925408097295e-10)
(0,0,0)
(0,0,0)
(0,0,0)
(0,0,0)
(0,0,0)
(0,0,0)
(-7.5248222639057e-13,-4.32878484278492e-12,5.23108073423848e-10)
(-1.91148030417677e-12,-8.5425767398021e-12,5.18026806354672e-10)
(-2.54970347156209e-12,-1.33265786745878e-11,5.07572749310693e-10)
(-3.09031092103414e-12,-1.98593501337161e-11,4.91696467164544e-10)
(-4.35339939391063e-12,-3.10413630549353e-11,4.68746806109794e-10)
(-4.90456849877869e-12,-4.7618847806811e-11,4.33352043660947e-10)
(-5.07000211027482e-12,-6.80057595801778e-11,3.80828627355358e-10)
(-5.62341364479881e-12,-8.5963812864242e-11,3.07752865664905e-10)
(-6.73758387839544e-12,-9.7896178437602e-11,2.16165639155864e-10)
(-7.58950367269959e-12,-1.03942373167167e-10,1.11531876839867e-10)
(0,0,0)
(0,0,0)
(0,0,0)
(0,0,0)
(0,0,0)
(0,0,0)
(0,0,0)
(0,0,0)
(0,0,0)
(0,0,0)
(0,0,0)
(0,0,0)
(0,0,0)
(0,0,0)
(0,0,0)
(0,0,0)
(0,0,0)
(0,0,0)
(0,0,0)
(0,0,0)
(0,0,0)
(0,0,0)
(0,0,0)
(0,0,0)
(0,0,0)
(0,0,0)
(0,0,0)
(0,0,0)
(0,0,0)
(0,0,0)
(0,0,0)
(0,0,0)
(0,0,0)
(0,0,0)
(0,0,0)
(0,0,0)
(0,0,0)
(0,0,0)
(0,0,0)
(0,0,0)
(0,0,0)
(0,0,0)
(0,0,0)
(0,0,0)
(0,0,0)
(0,0,0)
(0,0,0)
(0,0,0)
(0,0,0)
(0,0,0)
(0,0,0)
(0,0,0)
(0,0,0)
(0,0,0)
(0,0,0)
(0,0,0)
(0,0,0)
(0,0,0)
(0,0,0)
(0,0,0)
(0,0,0)
(0,0,0)
(0,0,0)
(0,0,0)
(0,0,0)
(0,0,0)
(0,0,0)
(0,0,0)
(0,0,0)
(0,0,0)
(0,0,0)
(0,0,0)
(0,0,0)
(0,0,0)
(0,0,0)
(0,0,0)
(0,0,0)
(0,0,0)
(0,0,0)
(0,0,0)
(0,0,0)
(0,0,0)
(0,0,0)
(0,0,0)
(0,0,0)
(0,0,0)
(0,0,0)
(0,0,0)
(0,0,0)
(0,0,0)
(0,0,0)
(0,0,0)
(0,0,0)
(0,0,0)
(0,0,0)
(0,0,0)
(0,0,0)
(0,0,0)
(0,0,0)
(0,0,0)
(0,0,0)
(0,0,0)
(0,0,0)
(0,0,0)
(0,0,0)
(0,0,0)
(0,0,0)
(0,0,0)
(0,0,0)
(0,0,0)
(0,0,0)
(0,0,0)
(0,0,0)
(0,0,0)
(0,0,0)
(0,0,0)
(0,0,0)
(0,0,0)
(0,0,0)
(0,0,0)
(0,0,0)
(0,0,0)
(0,0,0)
(0,0,0)
(0,0,0)
(0,0,0)
(0,0,0)
(0,0,0)
(0,0,0)
(0,0,0)
(0,0,0)
(0,0,0)
(0,0,0)
(0,0,0)
(0,0,0)
(0,0,0)
(0,0,0)
(0,0,0)
(0,0,0)
(0,0,0)
(0,0,0)
(0,0,0)
(0,0,0)
(0,0,0)
(0,0,0)
(0,0,0)
(0,0,0)
(0,0,0)
(0,0,0)
(0,0,0)
(0,0,0)
(0,0,0)
(0,0,0)
(0,0,0)
(0,0,0)
(0,0,0)
(0,0,0)
(0,0,0)
(0,0,0)
(0,0,0)
(0,0,0)
(0,0,0)
(0,0,0)
(0,0,0)
(0,0,0)
(0,0,0)
(0,0,0)
(0,0,0)
(0,0,0)
(0,0,0)
(0,0,0)
(0,0,0)
(0,0,0)
(0,0,0)
(0,0,0)
(0,0,0)
(0,0,0)
(0,0,0)
(0,0,0)
(0,0,0)
(0,0,0)
(0,0,0)
(0,0,0)
(0,0,0)
(0,0,0)
(0,0,0)
(0,0,0)
(0,0,0)
(0,0,0)
(0,0,0)
(0,0,0)
(0,0,0)
(0,0,0)
(0,0,0)
(0,0,0)
(0,0,0)
(0,0,0)
(0,0,0)
(0,0,0)
(0,0,0)
(0,0,0)
(0,0,0)
(0,0,0)
(0,0,0)
(0,0,0)
(0,0,0)
(0,0,0)
(0,0,0)
(0,0,0)
(0,0,0)
(0,0,0)
(0,0,0)
(0,0,0)
(0,0,0)
(0,0,0)
(0,0,0)
(0,0,0)
(0,0,0)
(0,0,0)
(0,0,0)
(0,0,0)
(0,0,0)
(0,0,0)
(0,0,0)
(0,0,0)
(0,0,0)
(0,0,0)
(0,0,0)
(0,0,0)
(0,0,0)
(0,0,0)
(0,0,0)
(0,0,0)
(0,0,0)
(0,0,0)
(0,0,0)
(0,0,0)
(0,0,0)
(0,0,0)
(0,0,0)
(0,0,0)
(0,0,0)
(0,0,0)
(0,0,0)
(0,0,0)
(0,0,0)
(0,0,0)
(0,0,0)
(0,0,0)
(0,0,0)
(0,0,0)
(0,0,0)
(0,0,0)
(0,0,0)
(0,0,0)
(0,0,0)
(0,0,0)
(0,0,0)
(0,0,0)
(0,0,0)
(0,0,0)
(0,0,0)
(0,0,0)
(0,0,0)
(0,0,0)
(0,0,0)
(0,0,0)
(0,0,0)
(0,0,0)
(0,0,0)
(0,0,0)
(0,0,0)
(0,0,0)
(0,0,0)
(0,0,0)
(0,0,0)
(0,0,0)
(0,0,0)
(0,0,0)
(0,0,0)
(0,0,0)
(0,0,0)
(0,0,0)
(0,0,0)
(0,0,0)
(0,0,0)
(0,0,0)
(0,0,0)
(0,0,0)
(0,0,0)
(0,0,0)
(0,0,0)
(0,0,0)
(0,0,0)
(0,0,0)
(0,0,0)
(0,0,0)
(0,0,0)
(0,0,0)
(0,0,0)
(0,0,0)
(0,0,0)
(0,0,0)
(0,0,0)
(0,0,0)
(0,0,0)
(0,0,0)
(0,0,0)
(0,0,0)
(0,0,0)
(0,0,0)
(0,0,0)
(0,0,0)
(0,0,0)
(0,0,0)
(0,0,0)
(0,0,0)
(0,0,0)
(0,0,0)
(0,0,0)
(0,0,0)
(0,0,0)
(0,0,0)
(0,0,0)
(0,0,0)
(0,0,0)
(0,0,0)
(0,0,0)
(0,0,0)
(0,0,0)
(0,0,0)
(0,0,0)
(0,0,0)
(0,0,0)
(0,0,0)
(0,0,0)
(0,0,0)
(0,0,0)
(0,0,0)
(0,0,0)
(0,0,0)
(0,0,0)
(0,0,0)
(0,0,0)
(0,0,0)
(0,0,0)
(0,0,0)
(0,0,0)
(0,0,0)
(0,0,0)
(0,0,0)
(0,0,0)
(0,0,0)
(0,0,0)
(0,0,0)
(0,0,0)
(0,0,0)
(0,0,0)
(0,0,0)
(0,0,0)
(0,0,0)
(0,0,0)
(0,0,0)
(0,0,0)
(0,0,0)
(0,0,0)
(0,0,0)
(0,0,0)
(0,0,0)
(0,0,0)
(0,0,0)
(0,0,0)
(0,0,0)
(0,0,0)
(0,0,0)
(0,0,0)
(0,0,0)
(0,0,0)
(0,0,0)
(0,0,0)
(0,0,0)
(0,0,0)
(0,0,0)
(0,0,0)
(0,0,0)
(0,0,0)
(0,0,0)
(0,0,0)
(0,0,0)
(0,0,0)
(0,0,0)
(0,0,0)
(0,0,0)
(0,0,0)
(0,0,0)
(0,0,0)
(0,0,0)
(0,0,0)
(0,0,0)
(0,0,0)
(0,0,0)
(0,0,0)
(0,0,0)
(0,0,0)
(0,0,0)
(0,0,0)
(0,0,0)
(0,0,0)
(0,0,0)
(0,0,0)
(0,0,0)
(0,0,0)
(0,0,0)
(0,0,0)
(0,0,0)
(0,0,0)
(0,0,0)
(0,0,0)
(0,0,0)
(0,0,0)
(0,0,0)
(0,0,0)
(0,0,0)
(0,0,0)
(0,0,0)
(0,0,0)
(0,0,0)
(0,0,0)
(0,0,0)
(0,0,0)
(0,0,0)
(0,0,0)
(0,0,0)
(0,0,0)
(0,0,0)
(0,0,0)
(0,0,0)
(0,0,0)
(0,0,0)
(0,0,0)
(0,0,0)
(0,0,0)
(0,0,0)
(0,0,0)
(0,0,0)
(0,0,0)
(0,0,0)
(0,0,0)
(0,0,0)
(0,0,0)
(0,0,0)
(0,0,0)
(0,0,0)
(0,0,0)
(0,0,0)
(0,0,0)
(0,0,0)
(0,0,0)
(0,0,0)
(0,0,0)
(0,0,0)
(0,0,0)
(0,0,0)
(0,0,0)
(0,0,0)
(0,0,0)
(0,0,0)
(0,0,0)
(0,0,0)
(0,0,0)
(0,0,0)
(0,0,0)
(0,0,0)
(0,0,0)
(0,0,0)
(0,0,0)
(0,0,0)
(0,0,0)
(0,0,0)
(0,0,0)
(0,0,0)
(0,0,0)
(0,0,0)
(0,0,0)
(0,0,0)
(0,0,0)
(0,0,0)
(0,0,0)
(0,0,0)
(0,0,0)
(0,0,0)
(0,0,0)
(0,0,0)
(0,0,0)
(0,0,0)
(0,0,0)
(0,0,0)
(0,0,0)
(0,0,0)
(0,0,0)
(0,0,0)
(0,0,0)
(0,0,0)
(0,0,0)
(0,0,0)
(0,0,0)
(0,0,0)
(0,0,0)
(0,0,0)
(0,0,0)
(0,0,0)
(0,0,0)
(0,0,0)
(0,0,0)
(0,0,0)
(0,0,0)
(0,0,0)
(0,0,0)
(0,0,0)
(0,0,0)
(0,0,0)
(0,0,0)
(0,0,0)
(0,0,0)
(0,0,0)
(0,0,0)
(0,0,0)
(0,0,0)
(0,0,0)
(0,0,0)
(0,0,0)
(0,0,0)
(0,0,0)
(0,0,0)
(0,0,0)
(0,0,0)
(0,0,0)
(0,0,0)
(0,0,0)
(0,0,0)
(0,0,0)
(0,0,0)
(0,0,0)
(0,0,0)
(0,0,0)
(0,0,0)
(0,0,0)
(0,0,0)
(0,0,0)
(0,0,0)
(0,0,0)
(0,0,0)
(0,0,0)
(0,0,0)
(0,0,0)
(0,0,0)
(0,0,0)
(0,0,0)
(0,0,0)
(0,0,0)
(0,0,0)
(0,0,0)
(0,0,0)
(0,0,0)
(0,0,0)
(0,0,0)
(0,0,0)
(0,0,0)
(0,0,0)
(0,0,0)
(0,0,0)
(0,0,0)
(0,0,0)
(0,0,0)
(0,0,0)
(0,0,0)
(0,0,0)
(0,0,0)
(0,0,0)
(0,0,0)
(0,0,0)
(0,0,0)
(0,0,0)
(0,0,0)
(0,0,0)
(0,0,0)
(0,0,0)
(0,0,0)
(0,0,0)
(0,0,0)
(0,0,0)
(0,0,0)
(0,0,0)
(0,0,0)
(0,0,0)
(0,0,0)
(0,0,0)
(0,0,0)
(0,0,0)
(0,0,0)
(0,0,0)
(0,0,0)
(0,0,0)
(0,0,0)
(0,0,0)
(0,0,0)
(0,0,0)
(0,0,0)
(0,0,0)
(0,0,0)
(0,0,0)
(0,0,0)
(0,0,0)
(0,0,0)
(0,0,0)
(0,0,0)
(0,0,0)
(0,0,0)
(0,0,0)
(0,0,0)
(0,0,0)
(0,0,0)
(0,0,0)
(0,0,0)
(0,0,0)
(0,0,0)
(0,0,0)
(0,0,0)
(0,0,0)
(0,0,0)
(0,0,0)
(0,0,0)
(0,0,0)
(0,0,0)
(0,0,0)
(0,0,0)
(0,0,0)
(0,0,0)
(0,0,0)
(0,0,0)
(0,0,0)
(0,0,0)
(0,0,0)
(0,0,0)
(0,0,0)
(0,0,0)
(0,0,0)
(0,0,0)
(0,0,0)
(0,0,0)
(0,0,0)
(0,0,0)
(0,0,0)
(0,0,0)
(0,0,0)
(0,0,0)
(0,0,0)
(0,0,0)
(0,0,0)
(0,0,0)
(0,0,0)
(0,0,0)
(0,0,0)
(0,0,0)
(0,0,0)
(0,0,0)
(0,0,0)
(0,0,0)
(0,0,0)
(0,0,0)
(0,0,0)
(0,0,0)
(0,0,0)
(0,0,0)
(0,0,0)
(0,0,0)
(0,0,0)
(0,0,0)
(0,0,0)
(0,0,0)
(0,0,0)
(0,0,0)
(0,0,0)
(0,0,0)
(0,0,0)
(0,0,0)
(0,0,0)
(0,0,0)
(0,0,0)
(0,0,0)
(0,0,0)
(0,0,0)
(0,0,0)
(0,0,0)
(0,0,0)
(0,0,0)
(0,0,0)
(0,0,0)
(0,0,0)
(0,0,0)
(0,0,0)
(0,0,0)
(0,0,0)
(0,0,0)
(0,0,0)
(0,0,0)
(0,0,0)
(0,0,0)
(0,0,0)
(0,0,0)
(0,0,0)
(0,0,0)
(0,0,0)
(0,0,0)
(0,0,0)
(0,0,0)
(0,0,0)
(0,0,0)
(0,0,0)
(0,0,0)
(0,0,0)
(0,0,0)
(0,0,0)
(0,0,0)
(0,0,0)
(0,0,0)
(0,0,0)
(0,0,0)
(0,0,0)
(0,0,0)
(0,0,0)
(0,0,0)
(0,0,0)
(0,0,0)
(0,0,0)
(0,0,0)
(0,0,0)
(0,0,0)
(0,0,0)
(0,0,0)
(0,0,0)
(0,0,0)
(0,0,0)
(0,0,0)
(0,0,0)
(0,0,0)
(0,0,0)
(0,0,0)
(0,0,0)
(0,0,0)
(0,0,0)
(0,0,0)
(0,0,0)
(0,0,0)
(0,0,0)
(0,0,0)
(0,0,0)
(0,0,0)
(0,0,0)
(0,0,0)
(0,0,0)
(0,0,0)
(0,0,0)
(0,0,0)
(0,0,0)
(0,0,0)
(0,0,0)
(0,0,0)
(0,0,0)
(0,0,0)
(0,0,0)
(0,0,0)
(0,0,0)
(0,0,0)
(0,0,0)
(0,0,0)
(0,0,0)
(0,0,0)
(0,0,0)
(0,0,0)
(0,0,0)
(0,0,0)
(0,0,0)
(0,0,0)
(0,0,0)
(0,0,0)
(0,0,0)
(0,0,0)
(0,0,0)
(0,0,0)
(0,0,0)
(0,0,0)
(0,0,0)
(0,0,0)
(0,0,0)
(0,0,0)
(0,0,0)
(0,0,0)
(0,0,0)
(0,0,0)
(0,0,0)
(0,0,0)
(0,0,0)
(0,0,0)
(0,0,0)
(0,0,0)
(0,0,0)
(0,0,0)
(0,0,0)
(0,0,0)
(0,0,0)
(0,0,0)
(0,0,0)
(0,0,0)
(0,0,0)
(0,0,0)
(0,0,0)
(0,0,0)
(0,0,0)
)
;

boundaryField
{
    fuel
    {
        type            fixedValue;
        value           uniform (0.1 0 0);
    }
    air
    {
        type            fixedValue;
        value           uniform (-0.1 0 0);
    }
    outlet
    {
        type            zeroGradient;
    }
    frontAndBack
    {
        type            empty;
    }
}


// ************************************************************************* //
 