/*--------------------------------*- C++ -*----------------------------------*\
| =========                 |                                                 |
| \\      /  F ield         | foam-extend: Open Source CFD                    |
|  \\    /   O peration     | Version:     4.0                                |
|   \\  /    A nd           | Web:         http://www.foam-extend.org         |
|    \\/     M anipulation  |                                                 |
\*---------------------------------------------------------------------------*/
FoamFile
{
    version 2.0;
    format ascii;
    class volVectorField;
    location "1485";
    object      E;
}
// * * * * * * * * * * * * * * * * * * * * * * * * * * * * * * * * * * * * * //

dimensions      [0 1 -1 0 0 0 0];

internalField   nonuniform List<vector>
4096
(
(0,0,0)
(0,0,0)
(0,0,0)
(0,0,0)
(0,0,0)
(0,0,0)
(0,0,0)
(0,0,0)
(0,0,0)
(0,0,0)
(0,0,0)
(0,0,0)
(0,0,0)
(0,0,0)
(0,0,0)
(0,0,0)
(0,0,0)
(0,0,0)
(0,0,0)
(0,0,0)
(0,0,0)
(0,0,0)
(0,0,0)
(0,0,0)
(0,0,0)
(0,0,0)
(0,0,0)
(0,0,0)
(0,0,0)
(0,0,0)
(0,0,0)
(0,0,0)
(0,0,0)
(0,0,0)
(0,0,0)
(0,0,0)
(0,0,0)
(0,0,0)
(0,0,0)
(0,0,0)
(0,0,0)
(0,0,0)
(0,0,0)
(0,0,0)
(0,0,0)
(0,0,0)
(0,0,0)
(0,0,0)
(0,0,0)
(0,0,0)
(0,0,0)
(0,0,0)
(0,0,0)
(0,0,0)
(0,0,0)
(0,0,0)
(0,0,0)
(0,0,0)
(0,0,0)
(0,0,0)
(0,0,0)
(0,0,0)
(0,0,0)
(0,0,0)
(0,0,0)
(0,0,0)
(0,0,0)
(0,0,0)
(0,0,0)
(0,0,0)
(0,0,0)
(0,0,0)
(0,0,0)
(0,0,0)
(0,0,0)
(0,0,0)
(0,0,0)
(0,0,0)
(0,0,0)
(0,0,0)
(0,0,0)
(0,0,0)
(0,0,0)
(0,0,0)
(0,0,0)
(0,0,0)
(0,0,0)
(0,0,0)
(0,0,0)
(0,0,0)
(0,0,0)
(0,0,0)
(0,0,0)
(0,0,0)
(0,0,0)
(0,0,0)
(0,0,0)
(0,0,0)
(0,0,0)
(0,0,0)
(0,0,0)
(0,0,0)
(0,0,0)
(0,0,0)
(0,0,0)
(0,0,0)
(0,0,0)
(0,0,0)
(0,0,0)
(0,0,0)
(0,0,0)
(0,0,0)
(0,0,0)
(0,0,0)
(0,0,0)
(0,0,0)
(0,0,0)
(0,0,0)
(0,0,0)
(0,0,0)
(0,0,0)
(0,0,0)
(0,0,0)
(0,0,0)
(0,0,0)
(0,0,0)
(0,0,0)
(0,0,0)
(0,0,0)
(0,0,0)
(0,0,0)
(0,0,0)
(0,0,0)
(0,0,0)
(0,0,0)
(0,0,0)
(0,0,0)
(0,0,0)
(0,0,0)
(0,0,0)
(0,0,0)
(0,0,0)
(0,0,0)
(0,0,0)
(0,0,0)
(0,0,0)
(0,0,0)
(0,0,0)
(0,0,0)
(0,0,0)
(0,0,0)
(0,0,0)
(0,0,0)
(0,0,0)
(0,0,0)
(0,0,0)
(0,0,0)
(0,0,0)
(0,0,0)
(0,0,0)
(0,0,0)
(0,0,0)
(0,0,0)
(0,0,0)
(0,0,0)
(0,0,0)
(0,0,0)
(0,0,0)
(0,0,0)
(0,0,0)
(0,0,0)
(0,0,0)
(0,0,0)
(0,0,0)
(0,0,0)
(0,0,0)
(0,0,0)
(0,0,0)
(0,0,0)
(0,0,0)
(0,0,0)
(0,0,0)
(0,0,0)
(0,0,0)
(0,0,0)
(0,0,0)
(0,0,0)
(0,0,0)
(0,0,0)
(0,0,0)
(0,0,0)
(0,0,0)
(0,0,0)
(0,0,0)
(0,0,0)
(0,0,0)
(0,0,0)
(0,0,0)
(0,0,0)
(0,0,0)
(0,0,0)
(0,0,0)
(0,0,0)
(0,0,0)
(0,0,0)
(0,0,0)
(0,0,0)
(0,0,0)
(0,0,0)
(0,0,0)
(0,0,0)
(0,0,0)
(0,0,0)
(0,0,0)
(0,0,0)
(0,0,0)
(0,0,0)
(0,0,0)
(0,0,0)
(0,0,0)
(0,0,0)
(0,0,0)
(0,0,0)
(0,0,0)
(0,0,0)
(0,0,0)
(0,0,0)
(0,0,0)
(0,0,0)
(0,0,0)
(0,0,0)
(0,0,0)
(0,0,0)
(0,0,0)
(0,0,0)
(0,0,0)
(0,0,0)
(0,0,0)
(0,0,0)
(0,0,0)
(0,0,0)
(0,0,0)
(0,0,0)
(0,0,0)
(0,0,0)
(0,0,0)
(0,0,0)
(0,0,0)
(0,0,0)
(0,0,0)
(0,0,0)
(0,0,0)
(0,0,0)
(0,0,0)
(0,0,0)
(0,0,0)
(0,0,0)
(0,0,0)
(0,0,0)
(0,0,0)
(0,0,0)
(0,0,0)
(0,0,0)
(0,0,0)
(0,0,0)
(0,0,0)
(0,0,0)
(0,0,0)
(0,0,0)
(0,0,0)
(0,0,0)
(0,0,0)
(0,0,0)
(0,0,0)
(0,0,0)
(0,0,0)
(0,0,0)
(0,0,0)
(0,0,0)
(0,0,0)
(0,0,0)
(0,0,0)
(0,0,0)
(0,0,0)
(0,0,0)
(0,0,0)
(0,0,0)
(0,0,0)
(0,0,0)
(0,0,0)
(0,0,0)
(0,0,0)
(0,0,0)
(0,0,0)
(0,0,0)
(0,0,0)
(0,0,0)
(0,0,0)
(0,0,0)
(0,0,0)
(0,0,0)
(0,0,0)
(0,0,0)
(0,0,0)
(0,0,0)
(0,0,0)
(0,0,0)
(0,0,0)
(0,0,0)
(0,0,0)
(0,0,0)
(0,0,0)
(0,0,0)
(0,0,0)
(0,0,0)
(0,0,0)
(0,0,0)
(0,0,0)
(0,0,0)
(0,0,0)
(0,0,0)
(0,0,0)
(0,0,0)
(0,0,0)
(0,0,0)
(0,0,0)
(0,0,0)
(0,0,0)
(0,0,0)
(0,0,0)
(0,0,0)
(0,0,0)
(0,0,0)
(0,0,0)
(0,0,0)
(0,0,0)
(0,0,0)
(0,0,0)
(0,0,0)
(0,0,0)
(0,0,0)
(0,0,0)
(0,0,0)
(0,0,0)
(0,0,0)
(0,0,0)
(0,0,0)
(0,0,0)
(0,0,0)
(0,0,0)
(0,0,0)
(0,0,0)
(0,0,0)
(0,0,0)
(0,0,0)
(0,0,0)
(0,0,0)
(0,0,0)
(0,0,0)
(0,0,0)
(0,0,0)
(0,0,0)
(0,0,0)
(0,0,0)
(0,0,0)
(0,0,0)
(0,0,0)
(0,0,0)
(0,0,0)
(0,0,0)
(0,0,0)
(0,0,0)
(0,0,0)
(0,0,0)
(0,0,0)
(0,0,0)
(0,0,0)
(0,0,0)
(0,0,0)
(0,0,0)
(0,0,0)
(0,0,0)
(0,0,0)
(0,0,0)
(0,0,0)
(0,0,0)
(0,0,0)
(0,0,0)
(0,0,0)
(0,0,0)
(0,0,0)
(0,0,0)
(0,0,0)
(0,0,0)
(0,0,0)
(0,0,0)
(0,0,0)
(0,0,0)
(0,0,0)
(0,0,0)
(0,0,0)
(0,0,0)
(0,0,0)
(0,0,0)
(0,0,0)
(0,0,0)
(0,0,0)
(0,0,0)
(0,0,0)
(0,0,0)
(0,0,0)
(0,0,0)
(0,0,0)
(0,0,0)
(0,0,0)
(0,0,0)
(0,0,0)
(0,0,0)
(0,0,0)
(0,0,0)
(0,0,0)
(0,0,0)
(0,0,0)
(0,0,0)
(0,0,0)
(0,0,0)
(0,0,0)
(0,0,0)
(0,0,0)
(0,0,0)
(0,0,0)
(0,0,0)
(0,0,0)
(0,0,0)
(0,0,0)
(0,0,0)
(0,0,0)
(0,0,0)
(0,0,0)
(0,0,0)
(0,0,0)
(0,0,0)
(0,0,0)
(0,0,0)
(0,0,0)
(0,0,0)
(0,0,0)
(0,0,0)
(0,0,0)
(0,0,0)
(0,0,0)
(0,0,0)
(0,0,0)
(0,0,0)
(0,0,0)
(0,0,0)
(0,0,0)
(0,0,0)
(0,0,0)
(0,0,0)
(0,0,0)
(0,0,0)
(0,0,0)
(0,0,0)
(0,0,0)
(0,0,0)
(0,0,0)
(0,0,0)
(0,0,0)
(0,0,0)
(0,0,0)
(0,0,0)
(0,0,0)
(0,0,0)
(0,0,0)
(0,0,0)
(0,0,0)
(0,0,0)
(0,0,0)
(0,0,0)
(0,0,0)
(0,0,0)
(0,0,0)
(0,0,0)
(0,0,0)
(0,0,0)
(0,0,0)
(0,0,0)
(0,0,0)
(0,0,0)
(0,0,0)
(0,0,0)
(0,0,0)
(0,0,0)
(0,0,0)
(0,0,0)
(0,0,0)
(0,0,0)
(0,0,0)
(0,0,0)
(0,0,0)
(0,0,0)
(0,0,0)
(0,0,0)
(0,0,0)
(0,0,0)
(0,0,0)
(0,0,0)
(0,0,0)
(0,0,0)
(0,0,0)
(0,0,0)
(0,0,0)
(0,0,0)
(0,0,0)
(0,0,0)
(0,0,0)
(0,0,0)
(0,0,0)
(0,0,0)
(0,0,0)
(0,0,0)
(0,0,0)
(0,0,0)
(0,0,0)
(0,0,0)
(0,0,0)
(0,0,0)
(0,0,0)
(0,0,0)
(0,0,0)
(0,0,0)
(0,0,0)
(0,0,0)
(0,0,0)
(0,0,0)
(0,0,0)
(0,0,0)
(0,0,0)
(0,0,0)
(0,0,0)
(0,0,0)
(0,0,0)
(0,0,0)
(0,0,0)
(0,0,0)
(0,0,0)
(0,0,0)
(0,0,0)
(0,0,0)
(0,0,0)
(0,0,0)
(0,0,0)
(0,0,0)
(0,0,0)
(0,0,0)
(0,0,0)
(0,0,0)
(0,0,0)
(0,0,0)
(0,0,0)
(0,0,0)
(0,0,0)
(0,0,0)
(0,0,0)
(0,0,0)
(0,0,0)
(0,0,0)
(0,0,0)
(0,0,0)
(0,0,0)
(0,0,0)
(0,0,0)
(0,0,0)
(0,0,0)
(0,0,0)
(0,0,0)
(0,0,0)
(0,0,0)
(0,0,0)
(0,0,0)
(0,0,0)
(0,0,0)
(0,0,0)
(0,0,0)
(0,0,0)
(0,0,0)
(0,0,0)
(0,0,0)
(0,0,0)
(0,0,0)
(0,0,0)
(0,0,0)
(0,0,0)
(0,0,0)
(0,0,0)
(0,0,0)
(0,0,0)
(0,0,0)
(0,0,0)
(0,0,0)
(0,0,0)
(0,0,0)
(0,0,0)
(0,0,0)
(0,0,0)
(0,0,0)
(0,0,0)
(0,0,0)
(0,0,0)
(0,0,0)
(0,0,0)
(0,0,0)
(0,0,0)
(0,0,0)
(0,0,0)
(0,0,0)
(0,0,0)
(0,0,0)
(0,0,0)
(0,0,0)
(0,0,0)
(0,0,0)
(0,0,0)
(0,0,0)
(0,0,0)
(0,0,0)
(0,0,0)
(0,0,0)
(0,0,0)
(0,0,0)
(0,0,0)
(0,0,0)
(0,0,0)
(0,0,0)
(0,0,0)
(0,0,0)
(0,0,0)
(0,0,0)
(0,0,0)
(0,0,0)
(0,0,0)
(0,0,0)
(0,0,0)
(0,0,0)
(0,0,0)
(0,0,0)
(0,0,0)
(0,0,0)
(0,0,0)
(0,0,0)
(0,0,0)
(0,0,0)
(0,0,0)
(0,0,0)
(0,0,0)
(0,0,0)
(0,0,0)
(0,0,0)
(0,0,0)
(0,0,0)
(0,0,0)
(0,0,0)
(0,0,0)
(0,0,0)
(0,0,0)
(0,0,0)
(0,0,0)
(0,0,0)
(0,0,0)
(0,0,0)
(0,0,0)
(0,0,0)
(0,0,0)
(0,0,0)
(0,0,0)
(0,0,0)
(0,0,0)
(0,0,0)
(0,0,0)
(0,0,0)
(0,0,0)
(0,0,0)
(0,0,0)
(0,0,0)
(0,0,0)
(0,0,0)
(0,0,0)
(0,0,0)
(0,0,0)
(0,0,0)
(0,0,0)
(0,0,0)
(0,0,0)
(0,0,0)
(0,0,0)
(0,0,0)
(0,0,0)
(0,0,0)
(0,0,0)
(0,0,0)
(0,0,0)
(0,0,0)
(0,0,0)
(0,0,0)
(0,0,0)
(0,0,0)
(0,0,0)
(0,0,0)
(0,0,0)
(0,0,0)
(0,0,0)
(0,0,0)
(0,0,0)
(0,0,0)
(0,0,0)
(0,0,0)
(0,0,0)
(0,0,0)
(0,0,0)
(0,0,0)
(0,0,0)
(0,0,0)
(0,0,0)
(0,0,0)
(0,0,0)
(0,0,0)
(0,0,0)
(0,0,0)
(0,0,0)
(0,0,0)
(0,0,0)
(0,0,0)
(0,0,0)
(0,0,0)
(0,0,0)
(0,0,0)
(0,0,0)
(0,0,0)
(0,0,0)
(0,0,0)
(0,0,0)
(0,0,0)
(0,0,0)
(0,0,0)
(0,0,0)
(0,0,0)
(0,0,0)
(0,0,0)
(0,0,0)
(0,0,0)
(0,0,0)
(0,0,0)
(0,0,0)
(0,0,0)
(0,0,0)
(0,0,0)
(0,0,0)
(0,0,0)
(0,0,0)
(0,0,0)
(0,0,0)
(0,0,0)
(0,0,0)
(0,0,0)
(0,0,0)
(0,0,0)
(0,0,0)
(0,0,0)
(0,0,0)
(0,0,0)
(0,0,0)
(0,0,0)
(0,0,0)
(0,0,0)
(0,0,0)
(0,0,0)
(0,0,0)
(0,0,0)
(0,0,0)
(0,0,0)
(0,0,0)
(0,0,0)
(0,0,0)
(0,0,0)
(0,0,0)
(0,0,0)
(0,0,0)
(0,0,0)
(0,0,0)
(0,0,0)
(0,0,0)
(0,0,0)
(0,0,0)
(0,0,0)
(0,0,0)
(0,0,0)
(0,0,0)
(0,0,0)
(0,0,0)
(0,0,0)
(0,0,0)
(0,0,0)
(0,0,0)
(0,0,0)
(0,0,0)
(0,0,0)
(0,0,0)
(0,0,0)
(0,0,0)
(0,0,0)
(0,0,0)
(0,0,0)
(0,0,0)
(0,0,0)
(0,0,0)
(0,0,0)
(0,0,0)
(0,0,0)
(-210391.227391582,112106.24785415,98284.9795374306)
(-222535.763013651,107485.114643437,213335.627907645)
(-250629.804273627,97834.2577182109,366131.174463061)
(-303641.213624397,82636.0630397185,587136.325047742)
(-399265.614151914,62208.9410571898,924192.998142474)
(-570923.360019163,38709.4022960068,1456406.95586562)
(-881697.231297816,17388.1016548832,2320716.08550858)
(-1443378.20319884,4334.84603841704,3759759.44266901)
(-2380573.82016849,19.206249004212,6140314.05658853)
(-3316801.20005862,-329.021135410274,9457444.27778255)
(0,0,0)
(0,0,0)
(0,0,0)
(0,0,0)
(0,0,0)
(0,0,0)
(-222474.584828601,240880.057924664,93700.7747580862)
(-234754.910736775,232164.558342041,203776.24179626)
(-263314.058870659,213801.753146197,351122.805238929)
(-317589.597975963,184483.584708204,566864.881546412)
(-415860.035033334,144087.985427185,900845.872209745)
(-591650.464909891,96059.3594147843,1435146.38000086)
(-905877.766843173,50713.5311161742,2307698.71738272)
(-1465422.65418595,22027.5649509505,3755428.6526561)
(-2395279.38443793,10783.0240630852,6139944.21928001)
(-3323679.7451269,5521.31573155026,9457773.62753988)
(0,0,0)
(0,0,0)
(0,0,0)
(0,0,0)
(0,0,0)
(0,0,0)
(-250201.933288341,406025.644804145,85056.3464088606)
(-262696.10738901,394324.007440148,185593.004699765)
(-292161.862804554,369451.630224817,322104.990425703)
(-349152.890310775,329035.075823167,526706.389621517)
(-453714.494764387,271500.799500368,853008.070312718)
(-640413.611952359,199663.776284513,1389817.26539535)
(-965464.122276586,127029.688028759,2278965.23075936)
(-1520272.07242273,77177.2725576139,3744087.59557539)
(-2430599.28610007,50898.211562806,6134571.6941758)
(-3339694.16395822,27627.8966863478,9452159.2771792)
(0,0,0)
(0,0,0)
(0,0,0)
(0,0,0)
(0,0,0)
(0,0,0)
(-301942.897609896,634533.650899381,73434.8915146621)
(-314635.227826345,621484.458819078,160909.66796208)
(-345224.633938725,593620.651045262,281965.281080354)
(-406150.889534233,547756.546004985,469394.700432764)
(-521095.925902038,480668.432690784,781322.99314439)
(-728727.129588048,392530.128401617,1317183.77061533)
(-1079566.477505,294729.261677527,2229050.67447157)
(-1626374.87055353,214907.353970039,3717695.46361263)
(-2495311.27199104,152719.761804354,6111185.18536207)
(-3367920.18984614,82227.8061981868,9424505.4656965)
(0,0,0)
(0,0,0)
(0,0,0)
(0,0,0)
(0,0,0)
(0,0,0)
(-394717.692740724,968788.751998092,60462.5916420102)
(-407349.842666179,956096.778736107,133200.114391158)
(-438531.662968792,929029.67237112,236322.756034092)
(-502747.161723012,884362.241550109,402464.222211983)
(-628393.015630884,818234.097978679,693291.572554977)
(-861945.81558106,728356.430151781,1219411.08638586)
(-1253378.76357554,618288.056758058,2149231.05488086)
(-1787970.30430202,496625.597998722,3655483.11515422)
(-2589385.74363512,356976.234885806,6040612.38570795)
(-3408725.97296549,189237.58475905,9342328.58011257)
(0,0,0)
(0,0,0)
(0,0,0)
(0,0,0)
(0,0,0)
(0,0,0)
(-562169.476801027,1483166.63124081,47791.5975583094)
(-574166.047560375,1471870.77899936,106183.644855429)
(-604298.030813217,1447727.62913348,191783.718906286)
(-667859.267588751,1407549.55957694,336455.668468207)
(-794848.989459807,1345998.40728882,603540.34861787)
(-1032857.69418361,1255322.15179038,1109432.32116289)
(-1425480.24977253,1125560.57853975,2027640.04915375)
(-1935811.53108536,944139.932636524,3515937.2456013)
(-2691293.86358888,691306.186563642,5872901.15751238)
(-3460061.19176135,369043.826900709,9153156.10713199)
(0,0,0)
(0,0,0)
(0,0,0)
(0,0,0)
(0,0,0)
(0,0,0)
(-869493.285127354,2316217.13763201,36442.7787361557)
(-880133.200516459,2306432.0088729,82014.7493790744)
(-907168.071631932,2285331.43093054,151579.019213954)
(-965210.787612575,2249414.53439346,274924.832010013)
(-1083162.22453447,2191087.66898291,512997.794850396)
(-1306791.68130635,2095300.29871114,979811.329235979)
(-1675250.60522102,1934301.51474507,1846320.99825169)
(-2139312.20114153,1666531.8637467,3263241.26828304)
(-2843170.7287658,1246944.01933549,5550774.16427694)
(-3543850.2097131,679403.593254221,8784264.6076366)
(0,0,0)
(0,0,0)
(0,0,0)
(0,0,0)
(0,0,0)
(0,0,0)
(-1431403.24171103,3720916.1915935,26704.1877495315)
(-1439938.06965376,3712039.46932416,61034.7969520424)
(-1461744.14673891,3692393.60702911,115716.767592387)
(-1508955.98222608,3657384.93602721,216702.348184709)
(-1605877.63192185,3596282.16291635,417385.486173112)
(-1791779.28772213,3485442.58681346,819022.485792919)
(-2100348.42983829,3274939.12655652,1578733.30381974)
(-2476032.85092714,2877468.53774193,2843829.48075168)
(-3118850.02495513,2226128.70484358,4983494.82019871)
(-3704042.85162332,1261807.84532114,8105133.41975504)
(0,0,0)
(0,0,0)
(0,0,0)
(0,0,0)
(0,0,0)
(0,0,0)
(-2372322.12762696,6075367.82481675,17870.4944037089)
(-2378150.98715234,6066474.67840689,41586.2724733309)
(-2392993.03851971,6046044.87233536,80928.0456867637)
(-2424774.28556352,6007242.30320757,155844.964069908)
(-2488798.85199919,5934192.91691435,306733.062071111)
(-2609102.25991538,5792565.93448271,608711.974317215)
(-2811101.44395756,5513285.0307482,1181467.51408309)
(-3111185.44181568,4977386.6959735,2192734.7976672)
(-3627311.71390998,4026722.93898002,4019452.27744068)
(-3983412.1828595,2421076.98823148,6843595.31738988)
(0,0,0)
(0,0,0)
(0,0,0)
(0,0,0)
(0,0,0)
(0,0,0)
(-3312999.82799433,9379300.28610921,9067.36670187143)
(-3315919.92006266,9370055.55059003,21406.414581406)
(-3323299.68722041,9348321.14807295,42429.8260642511)
(-3338923.29446529,9305484.58766352,83110.8360735989)
(-3369936.39143876,9221882.51437584,165357.630050893)
(-3427880.60960287,9056121.83662891,329682.33750757)
(-3528964.38616742,8726156.45006685,645775.304356343)
(-3699277.81056327,8080115.40564993,1242324.40524315)
(-3982501.80007791,6837481.59328847,2414067.55101259)
(-4010744.02243811,4423101.26310069,4422787.29858151)
(0,0,0)
(0,0,0)
(0,0,0)
(0,0,0)
(0,0,0)
(0,0,0)
(0,0,0)
(0,0,0)
(0,0,0)
(0,0,0)
(0,0,0)
(0,0,0)
(0,0,0)
(0,0,0)
(0,0,0)
(0,0,0)
(0,0,0)
(0,0,0)
(0,0,0)
(0,0,0)
(0,0,0)
(0,0,0)
(0,0,0)
(0,0,0)
(0,0,0)
(0,0,0)
(0,0,0)
(0,0,0)
(0,0,0)
(0,0,0)
(0,0,0)
(0,0,0)
(0,0,0)
(0,0,0)
(0,0,0)
(0,0,0)
(0,0,0)
(0,0,0)
(0,0,0)
(0,0,0)
(0,0,0)
(0,0,0)
(0,0,0)
(0,0,0)
(0,0,0)
(0,0,0)
(0,0,0)
(0,0,0)
(0,0,0)
(0,0,0)
(0,0,0)
(0,0,0)
(0,0,0)
(0,0,0)
(0,0,0)
(0,0,0)
(0,0,0)
(0,0,0)
(0,0,0)
(0,0,0)
(0,0,0)
(0,0,0)
(0,0,0)
(0,0,0)
(0,0,0)
(0,0,0)
(0,0,0)
(0,0,0)
(0,0,0)
(0,0,0)
(0,0,0)
(0,0,0)
(0,0,0)
(0,0,0)
(0,0,0)
(0,0,0)
(0,0,0)
(0,0,0)
(0,0,0)
(0,0,0)
(0,0,0)
(0,0,0)
(0,0,0)
(0,0,0)
(0,0,0)
(0,0,0)
(0,0,0)
(0,0,0)
(0,0,0)
(0,0,0)
(0,0,0)
(0,0,0)
(0,0,0)
(0,0,0)
(0,0,0)
(0,0,0)
(0,0,0)
(0,0,0)
(0,0,0)
(0,0,0)
(0,0,0)
(0,0,0)
(31105472.0754149,99892.4971029759,86201.083656781)
(31085130.822907,95159.2223505003,185332.158951831)
(31038443.6151509,85054.668271423,313160.954822049)
(30951293.6289557,68638.5915054132,491544.404302712)
(30796118.133901,45564.3113251488,752553.22849087)
(30520066.4532188,17955.7701623222,1145564.52865663)
(30013636.1999997,-6775.61970238805,1758963.60062765)
(29012801.984501,-17696.8067405699,2822437.10323458)
(26754699.042474,-14682.9263900475,5203804.05054834)
(20622323.9605957,-7193.85300820945,12773829.6264683)
(0,0,0)
(0,0,0)
(0,0,0)
(0,0,0)
(0,0,0)
(0,0,0)
(31084838.2962932,213036.659681517,81499.8398659016)
(31064432.9525547,204106.521654619,175321.56083659)
(31017298.7344934,184831.57307854,296888.746231606)
(30928473.6341896,152830.501259117,468590.487878564)
(30769049.5154041,106155.709548962,725046.422783576)
(30485226.3830695,47241.1305405864,1120841.09799211)
(29971005.0103306,-8905.89640498522,1748045.48108724)
(28974346.7827807,-32872.7924802029,2825408.91342645)
(26730769.3807622,-24588.5282289869,5211222.63363133)
(20611830.8185069,-10504.3026486537,12780979.4032041)
(0,0,0)
(0,0,0)
(0,0,0)
(0,0,0)
(0,0,0)
(0,0,0)
(31037966.856375,354192.026658629,72632.7269257334)
(31017491.9567587,342287.525365723,156220.542633174)
(30969419.8526045,316275.041175262,265152.24269368)
(30876703.9670088,271942.852703082,422139.917496402)
(30706206.9827708,204036.987826577,666294.04524975)
(30399109.6060047,111272.20465874,1064696.6367408)
(29855416.342357,12842.7447631981,1724024.41450529)
(28868272.1219998,-29015.4434393334,2833579.7546082)
(26669070.1080684,-13893.2105554932,5225171.92633234)
(20586204.3277315,-645.571804965529,12791371.5873652)
(0,0,0)
(0,0,0)
(0,0,0)
(0,0,0)
(0,0,0)
(0,0,0)
(30951706.2665641,541716.959974482,60782.7860763828)
(30931286.5591752,528716.703279757,130388.704727047)
(30882074.6639618,500230.871279395,221090.460288632)
(30783287.1976023,451074.22787245,354477.881548945)
(30592408.8848458,373278.879413339,573688.062780541)
(30232683.5805211,259226.675530836,966279.765365576)
(29598543.6712817,120856.046048052,1682113.19886023)
(28626821.3280739,53261.3965279466,2848597.0438317)
(26544434.1156164,58602.8729534911,5238312.45628138)
(20538337.4905679,41378.3446390541,12791987.7429897)
(0,0,0)
(0,0,0)
(0,0,0)
(0,0,0)
(0,0,0)
(0,0,0)
(30799814.7467882,801295.987149053,47845.4168627439)
(30779878.7799143,789231.009665083,102059.371463118)
(30730422.7154035,763154.459101287,172138.288835209)
(30626460.7583171,719120.404857392,276841.07537625)
(30412283.1758967,651661.499684535,459739.147143678)
(29973668.6839619,557363.987330765,827944.21936698)
(29136731.1285989,446116.521872903,1614530.73493392)
(28179154.8156263,348712.351763407,2853911.54333634)
(26349063.4947975,255019.913090544,5221002.14833272)
(20467142.0479745,137863.82067694,12750605.5349211)
(0,0,0)
(0,0,0)
(0,0,0)
(0,0,0)
(0,0,0)
(0,0,0)
(30529501.0988873,1175764.22904273,35818.0659841968)
(30510934.8609171,1165834.20377536,76070.8469626611)
(30463878.2343647,1144761.49253501,128244.43191724)
(30361848.9777111,1110081.60020732,209531.874833765)
(30145173.9979716,1057558.26247669,365569.008176466)
(29693973.4031803,981270.163485361,716788.618224137)
(28846471.1291838,875686.061192305,1517224.58351459)
(27931204.1797915,740568.245680976,2760309.86228626)
(26182741.3827768,539394.248318622,5103857.16425871)
(20385569.6449794,285254.207475061,12612792.8242861)
(0,0,0)
(0,0,0)
(0,0,0)
(0,0,0)
(0,0,0)
(0,0,0)
(30028276.3724139,1754088.21774512,25863.2373225453)
(30012083.4699389,1746429.10745292,55008.5467557706)
(29970398.9718318,1730590.81707227,93569.0623210137)
(29877820.5749364,1705512.88446545,157063.299080183)
(29675816.6492592,1668194.20616866,289405.365160761)
(29244386.2401825,1610140.50480748,611313.985915947)
(28422452.8577731,1509060.14427499,1382193.32340527)
(27596483.6305305,1329680.26710887,2559242.35387153)
(25936430.9719884,971176.341301969,4849815.44370014)
(20246326.9398256,519171.71830467,12327677.6668982)
(0,0,0)
(0,0,0)
(0,0,0)
(0,0,0)
(0,0,0)
(0,0,0)
(29026665.2863998,2779722.44145489,18254.1317456747)
(29013868.2873579,2773534.93817429,39298.8275788737)
(28980650.0832882,2760882.87191905,68569.4262711768)
(28905865.6326865,2741357.51045682,119860.068933532)
(28739455.7069003,2713156.87842251,231520.941423643)
(28373504.2244333,2667916.1328602,510418.684781828)
(27654077.6592308,2564022.93353616,1202986.69001773)
(27115530.1699965,2242169.3221294,2200891.49763967)
(25439597.9087371,1717559.74479527,4398017.04402026)
(19924057.4524986,982348.995557869,11808696.3462113)
(0,0,0)
(0,0,0)
(0,0,0)
(0,0,0)
(0,0,0)
(0,0,0)
(26762816.1455842,5134427.59345226,12113.4583576252)
(26754199.8467525,5128423.51038009,26830.9358132143)
(26731988.7522578,5115459.25484781,49229.6456731576)
(26683044.1737816,5092846.39306796,91879.1872830409)
(26578890.6130376,5052833.4351981,186470.049036768)
(26366985.6323299,4973547.29109033,406707.882127595)
(25985053.9604931,4795194.17199656,881338.122782776)
(25448685.1453244,4389076.81189444,1676516.9294439)
(23934249.9915978,3671372.64406629,3663099.20823126)
(18943778.9569994,2393627.24828159,10826586.6992148)
(0,0,0)
(0,0,0)
(0,0,0)
(0,0,0)
(0,0,0)
(0,0,0)
(20625276.6646707,12691904.886679,6203.09767436305)
(20621008.2629916,12685568.0354385,14087.2731279066)
(20610118.4537818,12671209.8241159,26875.4464237353)
(20586595.2296316,12643990.8216035,52169.3773575965)
(20538149.4969258,12591399.3663405,107474.441416874)
(20442922.6790352,12483556.1424983,228619.18493709)
(20266654.8882945,12254699.8753514,475451.090686519)
(19929126.3649094,11779017.1686461,959063.442028386)
(18944534.6922085,10819677.0478859,2385679.42948862)
(15403622.2221944,8433633.31459122,8433264.00211258)
(0,0,0)
(0,0,0)
(0,0,0)
(0,0,0)
(0,0,0)
(0,0,0)
(0,0,0)
(0,0,0)
(0,0,0)
(0,0,0)
(0,0,0)
(0,0,0)
(0,0,0)
(0,0,0)
(0,0,0)
(0,0,0)
(0,0,0)
(0,0,0)
(0,0,0)
(0,0,0)
(0,0,0)
(0,0,0)
(0,0,0)
(0,0,0)
(0,0,0)
(0,0,0)
(0,0,0)
(0,0,0)
(0,0,0)
(0,0,0)
(0,0,0)
(0,0,0)
(0,0,0)
(0,0,0)
(0,0,0)
(0,0,0)
(0,0,0)
(0,0,0)
(0,0,0)
(0,0,0)
(0,0,0)
(0,0,0)
(0,0,0)
(0,0,0)
(0,0,0)
(0,0,0)
(0,0,0)
(0,0,0)
(0,0,0)
(0,0,0)
(0,0,0)
(0,0,0)
(0,0,0)
(0,0,0)
(0,0,0)
(0,0,0)
(0,0,0)
(0,0,0)
(0,0,0)
(0,0,0)
(0,0,0)
(0,0,0)
(0,0,0)
(0,0,0)
(0,0,0)
(0,0,0)
(0,0,0)
(0,0,0)
(0,0,0)
(0,0,0)
(0,0,0)
(0,0,0)
(0,0,0)
(0,0,0)
(0,0,0)
(0,0,0)
(0,0,0)
(0,0,0)
(0,0,0)
(0,0,0)
(0,0,0)
(0,0,0)
(0,0,0)
(0,0,0)
(0,0,0)
(0,0,0)
(0,0,0)
(0,0,0)
(0,0,0)
(0,0,0)
(0,0,0)
(0,0,0)
(0,0,0)
(0,0,0)
(0,0,0)
(0,0,0)
(0,0,0)
(0,0,0)
(0,0,0)
(0,0,0)
(0,0,0)
(0,0,0)
(-541530.694880709,79122.9008947404,65922.9858346314)
(-563996.415774166,74335.8118421505,138757.529107444)
(-614677.478140647,63821.7801215844,226099.958711238)
(-706811.050466478,45803.6972157137,336444.05735153)
(-864471.274577829,18496.6324323476,476579.949831793)
(-1127608.59155818,-16851.7561031776,639149.867145894)
(-1557941.07968715,-49330.3134079421,758100.576674512)
(-2239026.42282055,-56093.4942263544,564065.594656229)
(-3215515.01261879,-38557.1523493965,-929120.081467836)
(-3941617.65211672,-17648.0851441757,-7849487.26717726)
(0,0,0)
(0,0,0)
(0,0,0)
(0,0,0)
(0,0,0)
(0,0,0)
(-565191.897078856,166006.869959153,61189.3407413982)
(-587286.396593565,156980.402611937,128307.215553594)
(-637462.855799021,136793.107486817,208140.594914589)
(-729704.1661389,100969.384438183,309195.824454394)
(-889766.71175101,43276.5801360355,441275.220339566)
(-1160057.93915603,-38878.4849882761,606629.387884001)
(-1600510.64540854,-124462.181621445,751320.028270352)
(-2275003.34353867,-138938.132902033,581557.909699167)
(-3233600.16001285,-86284.7666760177,-908301.818765214)
(-3948037.62886721,-36104.7473069754,-7831933.59279454)
(0,0,0)
(0,0,0)
(0,0,0)
(0,0,0)
(0,0,0)
(0,0,0)
(-618048.862371335,267793.91392468,52271.7912146202)
(-639393.439890276,255894.90868867,108285.798220608)
(-688689.013222775,228726.501650109,172504.386318306)
(-781819.423803542,178378.952465942,251661.325536626)
(-950188.415750072,90156.1794838227,359220.241143553)
(-1248355.91560404,-55179.1066434311,521029.500841184)
(-1742755.63668994,-244023.820191272,736806.23489169)
(-2399500.00309833,-270458.110192193,634141.453713678)
(-3288251.93635571,-138549.44593298,-858228.706171327)
(-3965596.52404029,-48534.9229886409,-7795954.5622841)
(0,0,0)
(0,0,0)
(0,0,0)
(0,0,0)
(0,0,0)
(0,0,0)
(-712594.326369245,389706.834863443,40430.78842835)
(-732785.747804643,377161.370051808,81279.7504788145)
(-780666.059985643,348432.819512744,122357.27299738)
(-875694.503645775,294146.837359669,163614.205785511)
(-1062851.23635842,193096.1410665,213977.48184086)
(-1442835.85794151,202.491019168943,332158.439074602)
(-2184649.99311856,-340934.134832371,710305.534549764)
(-2806892.31354304,-394364.738703146,765968.92111149)
(-3425062.19023018,-136751.029788105,-768290.07275293)
(-4003146.27092932,-29832.9938042992,-7747465.12400636)
(0,0,0)
(0,0,0)
(0,0,0)
(0,0,0)
(0,0,0)
(0,0,0)
(-871373.308999074,530994.531058812,27943.4760256602)
(-889922.085266783,520250.227272962,52698.6004194055)
(-935145.905207013,496501.645258339,68241.5117180465)
(-1030197.65238237,454391.823804081,62698.0524070097)
(-1239549.80739035,384502.549765851,21167.7434285041)
(-1775641.46366882,277681.566641967,-8958.06812976207)
(-3527856.24516254,155874.300614125,656863.986618937)
(-4184635.52239524,100772.914690532,1023559.78768061)
(-3693355.98030185,88709.9025693485,-661438.553143581)
(-4064689.2608344,56279.7399603955,-7717676.86166549)
(0,0,0)
(0,0,0)
(0,0,0)
(0,0,0)
(0,0,0)
(0,0,0)
(-1133215.23506758,674464.804868362,17289.176579135)
(-1149455.82600515,666902.230548203,29070.976659926)
(-1189946.94575113,651183.131957407,26257.786510474)
(-1278326.93015631,625939.209918877,-7070.57530320738)
(-1481907.13404767,588105.636382734,-85549.4134670838)
(-2016739.3904369,531596.624998394,-130708.561772478)
(-3683754.26194422,451590.401884159,601843.844519302)
(-4285516.28215969,405815.068818329,1011565.26877659)
(-3818193.23233134,293092.159188199,-693839.256300379)
(-4126112.41933428,146038.429547339,-7773872.76513981)
(0,0,0)
(0,0,0)
(0,0,0)
(0,0,0)
(0,0,0)
(0,0,0)
(-1561160.72517117,752195.265918048,9749.75296918323)
(-1574551.3121288,747939.679125562,13390.2028933854)
(-1608606.37731489,740589.305800636,1032.49463059325)
(-1685623.28756361,733326.354911718,-44867.6714285154)
(-1872545.07651966,731605.877590375,-141963.070423508)
(-2396321.45058829,739026.077452225,-210641.715672691)
(-4135168.30577933,740503.74442265,556109.221775128)
(-4691053.29308864,848559.175893023,898945.154753401)
(-4006943.83706295,474236.232539723,-840780.993112942)
(-4227515.42521498,196871.551436326,-7919728.6335277)
(0,0,0)
(0,0,0)
(0,0,0)
(0,0,0)
(0,0,0)
(0,0,0)
(-2244054.93529563,515411.627468928,5546.97657828067)
(-2254147.6983372,513387.28860773,6158.46922498688)
(-2280163.66293831,511768.42302164,-6163.78533569529)
(-2340590.24881095,518167.286507472,-46505.719000316)
(-2495293.63776076,552278.887340464,-134386.267655462)
(-2975879.61559234,661076.300249685,-209009.533993593)
(-4875440.58729364,894708.693271476,664346.880115866)
(-3973316.94846253,575027.929008885,524768.361892883)
(-4157353.93566494,211975.382724729,-1117975.82745617)
(-4384488.41076135,1915.99483030972,-8116431.29115633)
(0,0,0)
(0,0,0)
(0,0,0)
(0,0,0)
(0,0,0)
(0,0,0)
(-3223580.28199412,-1003711.35461169,3562.52609278294)
(-3230133.21703055,-1005377.13648566,4703.13140297626)
(-3246831.35309346,-1007023.80367685,358.579886502994)
(-3284024.23768312,-1004139.44238329,-12223.1633241572)
(-3369266.69649826,-988364.449242643,-25379.4007712941)
(-3573103.59171756,-950985.613352684,24814.8533122871)
(-4018592.82035977,-923693.44583702,344906.889707412)
(-4164286.37944824,-1130996.06800318,161945.527925868)
(-4547267.693532,-1318777.26097572,-1327741.02681006)
(-4619101.36969605,-1146805.31895773,-8118096.2698927)
(0,0,0)
(0,0,0)
(0,0,0)
(0,0,0)
(0,0,0)
(0,0,0)
(-3947861.94915737,-7934495.28659857,1965.66224874817)
(-3951033.99733399,-7936567.13007105,3241.0325934656)
(-3959022.85582765,-7940023.22291349,3424.87787343028)
(-3976219.44574187,-7943673.27924088,3816.50653815374)
(-4012867.36566434,-7947794.54445513,12306.5807745729)
(-4089660.56095691,-7960432.5579577,52379.8818054365)
(-4231480.46906634,-8013028.79137779,137893.701140882)
(-4389169.14750953,-8151176.99361834,-25586.7443912562)
(-4620492.72181052,-8125840.15270534,-1155453.32220883)
(-4458909.76790378,-6970692.71258495,-6970990.82204954)
(0,0,0)
(0,0,0)
(0,0,0)
(0,0,0)
(0,0,0)
(0,0,0)
(0,0,0)
(0,0,0)
(0,0,0)
(0,0,0)
(0,0,0)
(0,0,0)
(0,0,0)
(0,0,0)
(0,0,0)
(0,0,0)
(0,0,0)
(0,0,0)
(0,0,0)
(0,0,0)
(0,0,0)
(0,0,0)
(0,0,0)
(0,0,0)
(0,0,0)
(0,0,0)
(0,0,0)
(0,0,0)
(0,0,0)
(0,0,0)
(0,0,0)
(0,0,0)
(0,0,0)
(0,0,0)
(0,0,0)
(0,0,0)
(0,0,0)
(0,0,0)
(0,0,0)
(0,0,0)
(0,0,0)
(0,0,0)
(0,0,0)
(0,0,0)
(0,0,0)
(0,0,0)
(0,0,0)
(0,0,0)
(0,0,0)
(0,0,0)
(0,0,0)
(0,0,0)
(0,0,0)
(0,0,0)
(0,0,0)
(0,0,0)
(0,0,0)
(0,0,0)
(0,0,0)
(0,0,0)
(0,0,0)
(0,0,0)
(0,0,0)
(0,0,0)
(0,0,0)
(0,0,0)
(0,0,0)
(0,0,0)
(0,0,0)
(0,0,0)
(0,0,0)
(0,0,0)
(0,0,0)
(0,0,0)
(0,0,0)
(0,0,0)
(0,0,0)
(0,0,0)
(0,0,0)
(0,0,0)
(0,0,0)
(0,0,0)
(0,0,0)
(0,0,0)
(0,0,0)
(0,0,0)
(0,0,0)
(0,0,0)
(0,0,0)
(0,0,0)
(0,0,0)
(0,0,0)
(0,0,0)
(0,0,0)
(0,0,0)
(0,0,0)
(0,0,0)
(0,0,0)
(0,0,0)
(0,0,0)
(0,0,0)
(0,0,0)
(-640499.530384713,55402.9184305204,43565.9170734845)
(-659601.680223827,50986.4096811529,88184.771841992)
(-701507.481413898,40986.008046464,134028.767068781)
(-774505.498503759,22893.17876926,178830.036336801)
(-892326.318705415,-6790.79208155229,213475.872545941)
(-1073620.66265544,-49274.0383459328,208761.981989135)
(-1334278.07494464,-91841.8201091312,76940.7973557587)
(-1657470.66161459,-92008.0011709051,-412606.962679295)
(-1915921.44067566,-56554.3243678658,-1655646.21025454)
(-1664842.65426215,-23997.5411152327,-3908423.66699388)
(0,0,0)
(0,0,0)
(0,0,0)
(0,0,0)
(0,0,0)
(0,0,0)
(-662043.282808083,113043.383408531,39210.9207512157)
(-680072.601978005,104752.435361651,78231.1004551559)
(-719661.028677848,85467.4806291046,115947.800751344)
(-788799.80132996,48783.184199816,149153.430511845)
(-901267.851497865,-17154.0279608376,171017.806137983)
(-1077334.73258523,-127142.492398176,166163.053619426)
(-1336296.15609609,-266637.910516734,76744.6547145845)
(-1649675.0676919,-263377.762654247,-377213.85964884)
(-1903283.1215583,-140887.107280608,-1623198.11519066)
(-1657077.65266653,-53604.2647769589,-3884551.36772965)
(0,0,0)
(0,0,0)
(0,0,0)
(0,0,0)
(0,0,0)
(0,0,0)
(-709192.365778467,173165.986259003,31020.900556664)
(-725116.906310483,162390.18430304,59106.6180354772)
(-760124.454484527,136610.062545954,79399.4773803768)
(-821313.172319889,84383.4684680598,83292.9416284845)
(-922580.44384974,-22547.0177627342,61077.9595300479)
(-1091471.62577688,-249613.592954186,26664.7702588852)
(-1376876.78138211,-685844.052130305,79992.0565646339)
(-1650328.79921191,-677786.983363369,-254769.926612674)
(-1872530.83165223,-275358.768002595,-1536019.37059417)
(-1638058.65534246,-86081.4577703784,-3831080.04629858)
(0,0,0)
(0,0,0)
(0,0,0)
(0,0,0)
(0,0,0)
(0,0,0)
(-790519.199074744,230813.585981737,20277.2729827717)
(-803519.721258485,219929.447895528,33471.9828441292)
(-831758.663189312,193861.92122436,27312.7273693953)
(-880010.629120577,139575.931850942,-23563.6105386858)
(-959395.938597195,16386.8418077266,-165952.767870371)
(-1116261.96375393,-332563.27362374,-409576.981388396)
(-1684010.66689395,-1684091.81168144,88031.4519381215)
(-1772202.51184134,-1772068.74671106,147623.413584118)
(-1800962.60848247,-405030.767453439,-1346804.16871275)
(-1599620.34864411,-91372.8930358528,-3745038.65573249)
(0,0,0)
(0,0,0)
(0,0,0)
(0,0,0)
(0,0,0)
(0,0,0)
(-919122.531344036,269121.293246615,9441.51508008367)
(-928766.282144603,260669.894075291,7545.26577814101)
(-948537.416092689,241615.625606521,-26816.9277183433)
(-976958.060701761,206163.87928386,-146644.466831869)
(-997102.899628956,142109.933724085,-514814.466509625)
(-898546.523032633,36603.7247676994,-1761076.40553725)
(-3.69148751286515e-05,-1.10462218061547e-05,2.53176448434863e-05)
(110.471438746924,-149.093939998297,1514621.47990843)
(-1514397.23857238,-36152.4998555747,-1033215.52941891)
(-1530387.49449994,-5169.30314245477,-3653720.88564678)
(0,0,0)
(0,0,0)
(0,0,0)
(0,0,0)
(0,0,0)
(0,0,0)
(-1111563.93754642,246379.018436776,1090.97728868083)
(-1117970.47647374,241660.507500436,-11384.9856678773)
(-1129938.31046567,232374.169693613,-62152.1650404314)
(-1142179.53444965,218481.201555114,-210616.883018354)
(-1127531.41303443,197343.978497677,-620226.648805187)
(-954609.515569895,151898.346806364,-1797651.14571086)
(-3.34048002929553e-05,-1.39495776451754e-05,1.89694934079047e-05)
(406.237813463782,123.388840595215,1478565.45710955)
(-1477754.0332764,104250.418452885,-1002276.66025385)
(-1529625.43111327,44599.5327477784,-3648532.48436504)
(0,0,0)
(0,0,0)
(0,0,0)
(0,0,0)
(0,0,0)
(0,0,0)
(-1380120.52734728,68915.9280530522,-3577.10744016326)
(-1383811.3746709,67936.7982203908,-20593.3356180333)
(-1389487.04799497,68644.8884015186,-75983.3836458495)
(-1389399.82462943,78015.5320318492,-231741.177056762)
(-1349920.55279361,108564.595167678,-665586.31745281)
(-1119760.53289533,159180.692916475,-1949429.58125588)
(-8.99211390411989e-05,3.17309283974178e-05,2.51132492698903e-05)
(504.141193709713,1566007.70300912,1582696.47594322)
(-1581742.15483412,323613.527979828,-1061868.31581255)
(-1591618.16180181,39810.6498923321,-3692976.69637027)
(0,0,0)
(0,0,0)
(0,0,0)
(0,0,0)
(0,0,0)
(0,0,0)
(-1705969.57949701,-464684.539756433,-4484.88798913432)
(-1707749.46279356,-463187.603882283,-19758.7214301049)
(-1709305.09210044,-455445.872534802,-66526.531331654)
(-1702205.77697579,-425755.546689737,-201139.924445229)
(-1650912.77764567,-322117.117430006,-614839.071962652)
(-1386467.05481177,63448.3997189314,-2108519.33954568)
(783.085166338025,1751174.03664845,1566281.21958918)
(-1565111.12465062,383649.925259871,340433.173526525)
(-1969487.29819741,-178268.224840697,-1345551.71112049)
(-1724752.53735753,-232868.552104327,-3732608.38252764)
(0,0,0)
(0,0,0)
(0,0,0)
(0,0,0)
(0,0,0)
(0,0,0)
(-1956718.43158825,-1728607.6583374,-2938.73182489644)
(-1957474.78289166,-1726891.11882478,-11893.6510212804)
(-1957598.44348626,-1719817.41942955,-36755.0137337008)
(-1952214.64275423,-1696933.50327973,-97386.6520725944)
(-1927158.87634824,-1632515.06579357,-229096.523859047)
(-1850084.55273764,-1468057.4370538,-420609.726066245)
(-1750025.01565636,-1137106.89743659,199103.40331538)
(-2003867.2566809,-1356433.14723242,-221232.646959652)
(-2154354.42009372,-1392498.02421964,-1399916.12101898)
(-1765484.558953,-986896.661596049,-3499504.82227032)
(0,0,0)
(0,0,0)
(0,0,0)
(0,0,0)
(0,0,0)
(0,0,0)
(-1687834.61392179,-3987434.8774998,-1200.11607317218)
(-1688108.93805969,-3986304.50195606,-4711.79221619283)
(-1688076.47011941,-3981742.62732634,-13732.9700276279)
(-1685936.8257565,-3968192.35183498,-32756.7414577227)
(-1678068.11740271,-3935662.98528728,-64408.070225645)
(-1661229.47518538,-3871483.34564276,-89413.247408229)
(-1655859.31555802,-3782279.77776252,-19861.5205905981)
(-1745731.65366306,-3762725.03889346,-257007.122776021)
(-1769932.79967159,-3506011.67215735,-994053.39697724)
(-1415303.23959346,-2512192.6786197,-2512363.90826391)
(0,0,0)
(0,0,0)
(0,0,0)
(0,0,0)
(0,0,0)
(0,0,0)
(0,0,0)
(0,0,0)
(0,0,0)
(0,0,0)
(0,0,0)
(0,0,0)
(0,0,0)
(0,0,0)
(0,0,0)
(0,0,0)
(0,0,0)
(0,0,0)
(0,0,0)
(0,0,0)
(0,0,0)
(0,0,0)
(0,0,0)
(0,0,0)
(0,0,0)
(0,0,0)
(0,0,0)
(0,0,0)
(0,0,0)
(0,0,0)
(0,0,0)
(0,0,0)
(0,0,0)
(0,0,0)
(0,0,0)
(0,0,0)
(0,0,0)
(0,0,0)
(0,0,0)
(0,0,0)
(0,0,0)
(0,0,0)
(0,0,0)
(0,0,0)
(0,0,0)
(0,0,0)
(0,0,0)
(0,0,0)
(0,0,0)
(0,0,0)
(0,0,0)
(0,0,0)
(0,0,0)
(0,0,0)
(0,0,0)
(0,0,0)
(0,0,0)
(0,0,0)
(0,0,0)
(0,0,0)
(0,0,0)
(0,0,0)
(0,0,0)
(0,0,0)
(0,0,0)
(0,0,0)
(0,0,0)
(0,0,0)
(0,0,0)
(0,0,0)
(0,0,0)
(0,0,0)
(0,0,0)
(0,0,0)
(0,0,0)
(0,0,0)
(0,0,0)
(0,0,0)
(0,0,0)
(0,0,0)
(0,0,0)
(0,0,0)
(0,0,0)
(0,0,0)
(0,0,0)
(0,0,0)
(0,0,0)
(0,0,0)
(0,0,0)
(0,0,0)
(0,0,0)
(0,0,0)
(0,0,0)
(0,0,0)
(0,0,0)
(0,0,0)
(0,0,0)
(0,0,0)
(0,0,0)
(0,0,0)
(0,0,0)
(0,0,0)
(-698889.028945578,33816.8389774326,24572.6595834307)
(-711804.783738846,30469.1674738512,46306.5956245997)
(-738946.449989558,22799.20670015,60946.3575001095)
(-783067.303665835,8608.1735006207,60899.9891615657)
(-847901.914616534,-15682.6409354646,32158.2260081441)
(-936638.151714816,-52949.5848898773,-51874.7000426009)
(-1046055.26258439,-93859.9394743268,-246237.572928528)
(-1148364.69214805,-84230.1153103727,-671113.427084703)
(-1138333.7252746,-43909.9589838157,-1404791.18350195)
(-809523.946847674,-16201.6914281,-2243908.19948829)
(0,0,0)
(0,0,0)
(0,0,0)
(0,0,0)
(0,0,0)
(0,0,0)
(-715269.23903524,65776.4294844941,21266.3657200916)
(-726572.97101526,59560.9258533638,38674.9763778332)
(-749848.076321596,44900.6776950924,46760.5530266411)
(-786263.668445399,16221.9655924556,36610.6280502474)
(-836810.781143361,-38454.4227616284,-5074.66047809416)
(-901343.670177785,-141233.230076972,-92782.0776984423)
(-979147.635604106,-307170.70343196,-236619.834232795)
(-1075660.44662826,-264018.188344394,-630846.382262418)
(-1090671.47820943,-110146.652700584,-1377221.33189451)
(-788072.108941055,-34572.3136969028,-2227856.25335116)
(0,0,0)
(0,0,0)
(0,0,0)
(0,0,0)
(0,0,0)
(0,0,0)
(-750256.854268398,91745.4657711565,15095.4522032684)
(-758456.394561145,83872.5803511657,24123.2859561322)
(-774133.682172751,64869.7939825712,18163.3973568777)
(-794508.674852175,25607.6258749297,-18026.7603933107)
(-811834.070433039,-59409.5215772552,-107818.034994387)
(-807491.19074841,-274359.673099237,-258672.027000582)
(-756436.529793151,-992863.60665295,-193419.375368553)
(-831148.376782066,-799599.303533195,-477018.682609603)
(-954083.100496628,-203802.682375658,-1301810.38409014)
(-733312.278538959,-47651.7461205962,-2193477.32846996)
(0,0,0)
(0,0,0)
(0,0,0)
(0,0,0)
(0,0,0)
(0,0,0)
(-808124.388901918,102110.322165658,7240.33343266911)
(-812259.734142439,94608.9609433052,5243.96572448108)
(-817635.755871714,76989.5999096829,-20998.747520228)
(-814923.749339661,42532.0111580539,-103010.012584269)
(-777661.995334847,-21387.7401704536,-322765.737253424)
(-621411.091045173,-114828.329857938,-977147.953203485)
(-1.96068446185564e-05,-4.8648297974208e-06,1.16454175335118e-05)
(146.27378482773,306.007590331337,118767.370695615)
(-621812.62879371,-118433.498165244,-1145751.79320355)
(-624992.803021247,-22135.4988002507,-2145895.58614678)
(0,0,0)
(0,0,0)
(0,0,0)
(0,0,0)
(0,0,0)
(0,0,0)
(-893465.123259707,76621.8395783114,-168.925496980557)
(-893526.443555296,71405.7923832227,-12205.5955262066)
(-888576.466927426,60119.4381366639,-55296.3829184502)
(-863710.401578538,40828.8446192834,-166840.875502902)
(-780758.990479311,11608.4472163543,-416180.97203935)
(-547742.382746608,-19465.5287833488,-862347.913399958)
(1.43020392729642e-06,-1.23731627315539e-06,-4.46925832799614e-05)
(-3.98384039518684e-05,-7.23019987522134e-06,3.1351813091888e-06)
(664.719463109737,445.474096419597,-1049521.60452669)
(-473792.019369258,-4446.88170556261,-2123805.69675204)
(0,0,0)
(0,0,0)
(0,0,0)
(0,0,0)
(0,0,0)
(0,0,0)
(-1007347.76130679,-22322.6931602409,-5271.64350108123)
(-1004154.23566828,-24335.2536767259,-23346.8382465859)
(-991367.149005649,-27340.2310694067,-74458.3305005349)
(-950910.490553417,-28918.1263646585,-195980.403412825)
(-839515.968308448,-25197.7602980487,-447189.640624393)
(-565013.619073509,-13366.2682661719,-842884.797637951)
(-1.05338867519797e-06,-3.31202913716483e-06,-3.27168166184346e-05)
(-2.89853983636086e-05,-1.32006071999669e-05,2.28498886120123e-06)
(311.967480985713,111.076480289548,-1054541.57769444)
(-451741.518582757,-17483.3139844401,-2119389.05794608)
(0,0,0)
(0,0,0)
(0,0,0)
(0,0,0)
(0,0,0)
(0,0,0)
(-1137881.50367013,-257313.715144673,-7248.00169271548)
(-1132773.73844437,-256356.480256821,-26264.4113391404)
(-1115653.73811409,-251484.359699141,-75953.5925902959)
(-1066942.91803689,-235082.575025418,-192246.050522071)
(-939366.003476699,-192719.136409047,-435279.223727985)
(-631146.205482557,-107865.164739793,-829394.654667142)
(-5.32411510690825e-06,-5.17435772722875e-05,-3.85318341367805e-05)
(-5.07964013449252e-05,-1.59016036583956e-06,6.96642330526157e-07)
(322.415265706475,-64388.549829599,-1072135.04068511)
(-485958.378098808,-93462.9448289272,-2101815.19354361)
(0,0,0)
(0,0,0)
(0,0,0)
(0,0,0)
(0,0,0)
(0,0,0)
(-1241069.44568081,-715954.706957678,-6259.14200319581)
(-1235669.14337534,-713402.558617956,-21293.3830602841)
(-1218473.17964371,-704153.097171655,-59456.5580445035)
(-1170783.82687908,-676140.483409807,-149820.599756828)
(-1044466.1215575,-598712.414548056,-350273.977705982)
(-722884.233268212,-400516.226689801,-721205.737299533)
(-6.32290651291627e-05,3.04589278907886e-06,6.20877034496551e-06)
(234.625670425822,-55503.5065625922,-64272.9123437649)
(-633592.511651881,-363428.239577101,-1101128.00914179)
(-637373.458938057,-273754.046936229,-2008215.98545397)
(0,0,0)
(0,0,0)
(0,0,0)
(0,0,0)
(0,0,0)
(0,0,0)
(-1208773.15680791,-1460234.99830316,-3664.98343485001)
(-1204553.50412149,-1458040.83436136,-11947.9864616178)
(-1191559.97575396,-1450778.86561917,-31360.6857464038)
(-1156316.87017996,-1431117.82633877,-72281.1153917126)
(-1062385.30103844,-1383857.73906092,-151909.366188648)
(-802375.57752143,-1279621.876737,-320512.691357645)
(689.896017795984,-1043389.44887774,-54875.1052172155)
(-643594.272198588,-1098746.80394637,-371904.79231576)
(-869984.621646968,-1008420.51177338,-1011282.31856623)
(-679320.462896141,-636890.130828295,-1734310.33073102)
(0,0,0)
(0,0,0)
(0,0,0)
(0,0,0)
(0,0,0)
(0,0,0)
(-846405.559152203,-2300206.54628963,-1457.50678312628)
(-844189.254446863,-2298791.3832519,-4626.64150543131)
(-837665.308291712,-2294232.50102049,-11584.16793182)
(-821018.093385813,-2282774.52345484,-24846.2031864429)
(-781199.462405682,-2258088.43486285,-47484.1623815279)
(-693578.430009738,-2210749.71590259,-84007.3683915849)
(-546509.706941959,-2126963.60197589,-109782.823909513)
(-655468.918374808,-2017508.70867141,-281283.654472727)
(-683603.242424506,-1736482.13667759,-639551.586815615)
(-497414.369143542,-1097102.92848353,-1097227.6596103)
(0,0,0)
(0,0,0)
(0,0,0)
(0,0,0)
(0,0,0)
(0,0,0)
(0,0,0)
(0,0,0)
(0,0,0)
(0,0,0)
(0,0,0)
(0,0,0)
(0,0,0)
(0,0,0)
(0,0,0)
(0,0,0)
(0,0,0)
(0,0,0)
(0,0,0)
(0,0,0)
(0,0,0)
(0,0,0)
(0,0,0)
(0,0,0)
(0,0,0)
(0,0,0)
(0,0,0)
(0,0,0)
(0,0,0)
(0,0,0)
(0,0,0)
(0,0,0)
(0,0,0)
(0,0,0)
(0,0,0)
(0,0,0)
(0,0,0)
(0,0,0)
(0,0,0)
(0,0,0)
(0,0,0)
(0,0,0)
(0,0,0)
(0,0,0)
(0,0,0)
(0,0,0)
(0,0,0)
(0,0,0)
(0,0,0)
(0,0,0)
(0,0,0)
(0,0,0)
(0,0,0)
(0,0,0)
(0,0,0)
(0,0,0)
(0,0,0)
(0,0,0)
(0,0,0)
(0,0,0)
(0,0,0)
(0,0,0)
(0,0,0)
(0,0,0)
(0,0,0)
(0,0,0)
(0,0,0)
(0,0,0)
(0,0,0)
(0,0,0)
(0,0,0)
(0,0,0)
(0,0,0)
(0,0,0)
(0,0,0)
(0,0,0)
(0,0,0)
(0,0,0)
(0,0,0)
(0,0,0)
(0,0,0)
(0,0,0)
(0,0,0)
(0,0,0)
(0,0,0)
(0,0,0)
(0,0,0)
(0,0,0)
(0,0,0)
(0,0,0)
(0,0,0)
(0,0,0)
(0,0,0)
(0,0,0)
(0,0,0)
(0,0,0)
(0,0,0)
(0,0,0)
(0,0,0)
(0,0,0)
(0,0,0)
(0,0,0)
(-728047.005342928,17437.5648810516,11720.4115163046)
(-734991.480412959,15714.9722078318,19192.1359825864)
(-748503.121325176,11956.1617293834,16792.6455888192)
(-767712.353405016,5489.3728046429,-4051.67747664262)
(-790818.648806508,-4502.05434592989,-56632.8889407418)
(-814480.674029333,-17554.0144728541,-161236.35215337)
(-831964.990246717,-26863.2810250177,-348463.343466024)
(-824278.697485712,-11446.3539391236,-661102.984189233)
(-727108.171524916,3818.05630998997,-1076146.59424889)
(-456287.902878446,5285.74416981946,-1434668.38238797)
(0,0,0)
(0,0,0)
(0,0,0)
(0,0,0)
(0,0,0)
(0,0,0)
(-738572.700472525,30721.763502063,10019.262816279)
(-743862.970259136,27583.9622534995,15440.2720144869)
(-753354.577866514,20580.5910291059,10322.3442596821)
(-764392.626471356,7968.47810391629,-14027.8030136365)
(-772221.053708827,-13449.843750346,-69669.7410437519)
(-770704.665405254,-47291.4908151306,-170571.269474009)
(-759181.040167356,-84313.6037181146,-333087.542217656)
(-754885.45834161,-19403.5465521471,-645905.337891279)
(-684429.572990466,26482.3978581614,-1074811.58465841)
(-437690.037572481,20186.7508843557,-1440094.66274153)
(0,0,0)
(0,0,0)
(0,0,0)
(0,0,0)
(0,0,0)
(0,0,0)
(-760276.187623833,33816.1730821763,6924.92377532292)
(-762454.067259239,29989.9539419063,8516.6047850108)
(-764166.395028089,21342.984639209,-2213.0759697509)
(-758556.102795562,5187.54603419264,-35384.7159566449)
(-731928.82883652,-25243.3195648191,-103496.481738687)
(-662522.017712619,-88183.2926995659,-207573.852890049)
(-544045.533407746,-236122.321724738,-268156.13126883)
(-550487.484379326,31864.4380464925,-600085.008270208)
(-574921.978625494,128502.999623067,-1081266.73190625)
(-394558.561511209,60654.5275230226,-1460488.22557266)
(0,0,0)
(0,0,0)
(0,0,0)
(0,0,0)
(0,0,0)
(0,0,0)
(-794096.95967266,16652.6767080371,3136.06714488002)
(-792360.514063801,13260.4118124522,-33.6108043009534)
(-784041.535349201,5986.99605516775,-18271.8427427725)
(-755948.496786943,-6304.91244418456,-65754.6368171129)
(-677717.087804877,-24493.8445731228,-166449.019338776)
(-479439.763065533,-41104.5784645623,-355499.06155342)
(-1.78222819952421e-05,-4.58479712317771e-06,8.43495107562546e-08)
(558.391675508288,422.573064208594,-503495.312390553)
(-351693.974900932,504112.120553215,-1149223.08721348)
(-321359.680548723,129069.499216527,-1521271.18137952)
(0,0,0)
(0,0,0)
(0,0,0)
(0,0,0)
(0,0,0)
(0,0,0)
(-839276.69641701,-37371.5580869819,-164.192047674381)
(-833916.909794649,-39334.7327285383,-7178.58126733095)
(-816582.524608267,-42760.5536023609,-30424.9739289627)
(-770140.275309177,-46439.257315432,-83860.7553270768)
(-658867.157624811,-47172.5329778744,-183073.899776825)
(-420745.275139914,-36726.7686300899,-314448.81721799)
(1.30002035011415e-06,-6.7293287210474e-07,-4.67419942919764e-06)
(-3.65461259802132e-05,-2.71984786191913e-06,-5.01010094304304e-06)
(714.132008219811,89.259261159282,-1524352.16801507)
(-236226.498413375,17577.0627379325,-1650425.25249235)
(0,0,0)
(0,0,0)
(0,0,0)
(0,0,0)
(0,0,0)
(0,0,0)
(-889724.732230774,-152974.635349536,-2019.95181346225)
(-881901.566295913,-153116.68967091,-10490.6642434614)
(-858832.136880731,-151788.992703391,-33997.2372673548)
(-801713.555334995,-145097.429000655,-84536.0008005523)
(-673457.053983302,-125180.406253309,-172587.041850266)
(-416990.620076157,-79593.4978047504,-277743.311672959)
(-6.44631252405619e-07,-1.77669676356032e-06,-2.54478780678851e-11)
(-2.48161062611851e-05,-3.62088830568104e-06,-3.26827710653937e-06)
(267.753477433117,32.4900772775718,-1506936.23539355)
(-221275.172602406,-51771.7832494991,-1668053.73538646)
(0,0,0)
(0,0,0)
(0,0,0)
(0,0,0)
(0,0,0)
(0,0,0)
(-927964.835767248,-360795.851423263,-2095.45182916376)
(-919330.285900765,-359552.623519687,-9102.97052399619)
(-894734.652684679,-354557.729281669,-27253.3193751269)
(-835533.003542212,-339151.127876257,-64609.5349942067)
(-704172.100603339,-298061.037550763,-126922.806570113)
(-439837.010161865,-199797.287376419,-198028.212319136)
(-3.89444860307443e-06,-3.54017518946777e-06,-3.00783146081247e-11)
(-4.28397751186237e-05,-4.5253691391058e-06,-7.05217547119117e-06)
(214.365556484956,-698514.276449646,-1558728.72417876)
(-235228.816873243,-245003.109221552,-1616226.95943229)
(0,0,0)
(0,0,0)
(0,0,0)
(0,0,0)
(0,0,0)
(0,0,0)
(-917028.615298414,-684023.974011233,-812.7077944308)
(-909321.329356759,-682647.768350529,-4065.37698216778)
(-887749.273216883,-677551.98337668,-11795.0293139853)
(-836324.497816282,-661942.302502028,-23463.1837510058)
(-720571.102550392,-616892.545813024,-28526.69449585)
(-472902.45063659,-480343.161016097,2037.39651220707)
(-5.43038570351275e-05,-1.14012677633771e-05,-5.40049489636532e-07)
(261.981433965511,-699738.948755919,-698357.478770444)
(-325212.714840281,-600103.332959614,-1105148.21907208)
(-300528.476061459,-315859.935403696,-1371136.37576653)
(0,0,0)
(0,0,0)
(0,0,0)
(0,0,0)
(0,0,0)
(0,0,0)
(-795141.006068236,-1098225.34952614,569.224775226072)
(-789664.481200712,-1098031.40690408,1063.84040798656)
(-774708.959061819,-1097204.59949095,3865.4398301149)
(-740013.00406908,-1096077.4407372,21696.711954406)
(-662821.529297405,-1102951.57588681,108191.970287161)
(-485960.645303697,-1171205.76471785,482639.641771174)
(633.965093211684,-1591079.82950332,-699250.025664856)
(-333131.770484628,-1111009.09180968,-598442.384325049)
(-425451.827697461,-822304.840172156,-820773.671062014)
(-305613.993008501,-455142.769697023,-1055197.30665633)
(0,0,0)
(0,0,0)
(0,0,0)
(0,0,0)
(0,0,0)
(0,0,0)
(-491163.587889148,-1454221.01881432,753.698025131827)
(-488414.919269002,-1454964.98789083,1912.94383402045)
(-481127.778200042,-1456889.27074026,5060.08499165314)
(-465027.540547697,-1462006.52302654,14998.6144428835)
(-432151.06466047,-1477175.25172792,40173.8925387864)
(-370147.704053163,-1517556.23420009,63093.6360644514)
(-274798.931898148,-1580921.8421644,-218775.12631828)
(-313388.098076783,-1362408.68009549,-309456.358330499)
(-308764.17233904,-1053162.54199038,-453437.726597732)
(-206183.602187607,-599873.258564899,-599938.004685794)
(0,0,0)
(0,0,0)
(0,0,0)
(0,0,0)
(0,0,0)
(0,0,0)
(0,0,0)
(0,0,0)
(0,0,0)
(0,0,0)
(0,0,0)
(0,0,0)
(0,0,0)
(0,0,0)
(0,0,0)
(0,0,0)
(0,0,0)
(0,0,0)
(0,0,0)
(0,0,0)
(0,0,0)
(0,0,0)
(0,0,0)
(0,0,0)
(0,0,0)
(0,0,0)
(0,0,0)
(0,0,0)
(0,0,0)
(0,0,0)
(0,0,0)
(0,0,0)
(0,0,0)
(0,0,0)
(0,0,0)
(0,0,0)
(0,0,0)
(0,0,0)
(0,0,0)
(0,0,0)
(0,0,0)
(0,0,0)
(0,0,0)
(0,0,0)
(0,0,0)
(0,0,0)
(0,0,0)
(0,0,0)
(0,0,0)
(0,0,0)
(0,0,0)
(0,0,0)
(0,0,0)
(0,0,0)
(0,0,0)
(0,0,0)
(0,0,0)
(0,0,0)
(0,0,0)
(0,0,0)
(0,0,0)
(0,0,0)
(0,0,0)
(0,0,0)
(0,0,0)
(0,0,0)
(0,0,0)
(0,0,0)
(0,0,0)
(0,0,0)
(0,0,0)
(0,0,0)
(0,0,0)
(0,0,0)
(0,0,0)
(0,0,0)
(0,0,0)
(0,0,0)
(0,0,0)
(0,0,0)
(0,0,0)
(0,0,0)
(0,0,0)
(0,0,0)
(0,0,0)
(0,0,0)
(0,0,0)
(0,0,0)
(0,0,0)
(0,0,0)
(0,0,0)
(0,0,0)
(0,0,0)
(0,0,0)
(0,0,0)
(0,0,0)
(0,0,0)
(0,0,0)
(0,0,0)
(0,0,0)
(0,0,0)
(0,0,0)
(-739837.381798004,6967.85536484876,4822.52109022087)
(-742765.030919121,6891.45499680057,5704.61659958101)
(-747499.535039644,7166.23260338971,-2465.20228933991)
(-751794.166577757,8887.86524864112,-27271.2543652365)
(-751925.305728056,14190.6935959857,-80355.2910396725)
(-742475.338943053,26344.6474288379,-178705.273554788)
(-715990.179060006,46042.072897432,-340722.157638928)
(-659076.364747586,58050.174292056,-563974.664669114)
(-532244.479304648,46595.8135375621,-805434.170426943)
(-307189.150671,23942.004877197,-978474.927511591)
(0,0,0)
(0,0,0)
(0,0,0)
(0,0,0)
(0,0,0)
(0,0,0)
(-745373.975994756,9010.49960454317,4758.63128253532)
(-747154.709526435,8955.76091003998,5986.06463659575)
(-749187.505984154,9731.56407060016,-746.338712976414)
(-748133.530124779,13812.2423098662,-21929.8121207788)
(-738681.192169715,26911.7041480842,-68190.6842119927)
(-714548.272361063,61030.138603319,-159032.568430663)
(-674435.316514117,131030.705633501,-328766.924819977)
(-635219.477652745,185139.481124094,-575522.212340891)
(-521262.148948779,136099.501640574,-828193.324485596)
(-302795.781602846,63379.4484178275,-1002525.02399586)
(0,0,0)
(0,0,0)
(0,0,0)
(0,0,0)
(0,0,0)
(0,0,0)
(-755979.904395667,-46.4511177707853,4760.6674941467)
(-755631.406213091,34.3128009610295,6859.45455707707)
(-752418.604198537,1438.38333638517,3404.84446173824)
(-740398.103806393,7826.60039256699,-8767.51261012914)
(-708746.275203717,29056.777448642,-34095.1395434902)
(-641602.037565812,95092.6410242481,-89077.6221112237)
(-535780.888155121,308403.977292577,-274715.539022927)
(-598550.70336979,583180.277700061,-624693.116608434)
(-514304.760685559,351860.130186058,-901070.963093841)
(-300069.414413705,133916.72289581,-1066097.38466934)
(0,0,0)
(0,0,0)
(0,0,0)
(0,0,0)
(0,0,0)
(0,0,0)
(-770410.665191977,-28633.8404138809,4901.09481542478)
(-767422.435814513,-28380.0196147281,8377.34898182296)
(-757455.170816633,-26636.3402327088,9865.70801834617)
(-730227.07786401,-20531.4749715507,12502.3644595306)
(-662474.233350545,-5595.91922856678,31912.206682412)
(-494271.946041446,17666.4743136771,124170.556368897)
(-1.000798359702e-05,-1.17170867787141e-06,-5.78754214083038e-06)
(-694064.611778385,210.396014672762,-856138.42491667)
(-593467.109246451,856636.688882557,-1119141.84926766)
(-320649.131736028,214244.709071092,-1200180.38425561)
(0,0,0)
(0,0,0)
(0,0,0)
(0,0,0)
(0,0,0)
(0,0,0)
(-785145.564259373,-88005.4448115482,5240.47224002716)
(-779806.14421301,-87487.2915860927,10236.9786297572)
(-763919.846103939,-85128.2054881064,16066.1653808259)
(-724009.450817677,-78079.17513588,27483.0410536537)
(-630376.05308579,-61774.7370936848,55170.7543797491)
(-421387.697862342,-32974.5571798665,106454.208595722)
(1.3861657949203e-06,1.76349669177899e-08,-7.56559135963173e-07)
(-2.44004743066337e-05,-6.19434385574131e-07,-1.21179388698686e-05)
(-1082094.43818391,-355.008174447689,-1761620.11595392)
(-401543.091399821,32486.0696497966,-1414544.88354618)
(0,0,0)
(0,0,0)
(0,0,0)
(0,0,0)
(0,0,0)
(0,0,0)
(-792104.750846933,-191460.24736334,5834.82116795038)
(-785448.590172037,-190765.570024319,12660.1234823031)
(-766619.275984978,-187860.715495528,23179.772593973)
(-721378.371459427,-179039.943900816,43805.3574833414)
(-619437.052298877,-155984.208365471,83994.8270707055)
(-402859.807447677,-102511.310037447,139400.767299804)
(4.04514720127776e-07,-3.46620001889516e-07,1.95393506339514e-12)
(-1.6922694155525e-05,-9.03658204806334e-07,-7.60918633249267e-06)
(-1024651.52156712,-74.188285739912,-1728751.9780796)
(-404659.652597239,-65790.3881459041,-1447091.04028908)
(0,0,0)
(0,0,0)
(0,0,0)
(0,0,0)
(0,0,0)
(0,0,0)
(-775852.610195382,-350167.694829081,6595.22189387909)
(-769265.805118589,-349826.308383439,15591.4794708228)
(-751243.958143508,-347802.288796832,32042.3582309563)
(-709274.46907393,-340142.036570699,66885.9164325581)
(-616181.717065569,-314646.276739804,137557.601269122)
(-413797.539669005,-233014.379812529,242021.200551341)
(-1.81454588125876e-06,-1.28271396465368e-06,-2.17758974521902e-12)
(-2.37796198714562e-05,-7.8966098615679e-06,-1.20672057679959e-05)
(-1123126.02542393,-1024103.76568342,-1794414.29419189)
(-403750.106719619,-310400.618140291,-1381282.77435113)
(0,0,0)
(0,0,0)
(0,0,0)
(0,0,0)
(0,0,0)
(0,0,0)
(-711793.456700672,-562391.628474523,6988.77504770375)
(-706560.957278425,-563238.150761684,17640.2453476169)
(-692918.934342703,-564736.802275847,39744.4199524497)
(-663299.964765768,-565861.071018106,92438.9213493436)
(-602718.678026496,-559377.260230034,219317.480315677)
(-468170.876185834,-493715.409359524,475286.935411914)
(-2.93188045286074e-05,-2.13796278925749e-05,-2.61542761573547e-06)
(-826316.225957005,-1033482.0260146,-1024030.16588363)
(-592100.800359638,-700572.057246793,-1080673.78880091)
(-299640.27406355,-321074.981879193,-1070887.62705991)
(0,0,0)
(0,0,0)
(0,0,0)
(0,0,0)
(0,0,0)
(0,0,0)
(-569175.248156777,-794447.972229255,6090.58584326937)
(-565917.772623082,-796979.909003347,16085.6355073045)
(-558169.695413796,-803818.228670023,38627.798253454)
(-544954.056408945,-821294.885433019,99002.6650082257)
(-535790.65777249,-872536.720096422,285131.253349699)
(-608104.157206474,-1055737.60765143,969296.963544378)
(-1257267.3735002,-1866937.43486514,-1033142.16265777)
(-617252.831198297,-1091589.91270842,-690913.21525027)
(-410004.38919044,-705834.107341927,-701098.603662167)
(-222147.71455257,-355834.74186775,-749805.122129534)
(0,0,0)
(0,0,0)
(0,0,0)
(0,0,0)
(0,0,0)
(0,0,0)
(-325839.826476583,-963270.909253713,3499.17561189428)
(-324348.663556531,-966737.826283744,9190.83717982355)
(-320982.423414678,-975932.786651985,21160.0403764219)
(-315905.085899938,-997160.731469159,47903.4317648059)
(-313703.638971638,-1045246.8487018,102166.134681348)
(-334500.101896057,-1147656.79417903,158437.719051844)
(-419417.772290911,-1306434.39528438,-257446.480136155)
(-308251.908526976,-1049271.67398123,-304900.908413162)
(-223970.469680377,-744585.596282646,-350943.122131106)
(-125288.643433991,-393792.623956695,-393880.198795777)
(0,0,0)
(0,0,0)
(0,0,0)
(0,0,0)
(0,0,0)
(0,0,0)
(0,0,0)
(0,0,0)
(0,0,0)
(0,0,0)
(0,0,0)
(0,0,0)
(0,0,0)
(0,0,0)
(0,0,0)
(0,0,0)
(0,0,0)
(0,0,0)
(0,0,0)
(0,0,0)
(0,0,0)
(0,0,0)
(0,0,0)
(0,0,0)
(0,0,0)
(0,0,0)
(0,0,0)
(0,0,0)
(0,0,0)
(0,0,0)
(0,0,0)
(0,0,0)
(0,0,0)
(0,0,0)
(0,0,0)
(0,0,0)
(0,0,0)
(0,0,0)
(0,0,0)
(0,0,0)
(0,0,0)
(0,0,0)
(0,0,0)
(0,0,0)
(0,0,0)
(0,0,0)
(0,0,0)
(0,0,0)
(0,0,0)
(0,0,0)
(0,0,0)
(0,0,0)
(0,0,0)
(0,0,0)
(0,0,0)
(0,0,0)
(0,0,0)
(0,0,0)
(0,0,0)
(0,0,0)
(0,0,0)
(0,0,0)
(0,0,0)
(0,0,0)
(0,0,0)
(0,0,0)
(0,0,0)
(0,0,0)
(0,0,0)
(0,0,0)
(0,0,0)
(0,0,0)
(0,0,0)
(0,0,0)
(0,0,0)
(0,0,0)
(0,0,0)
(0,0,0)
(0,0,0)
(0,0,0)
(0,0,0)
(0,0,0)
(0,0,0)
(0,0,0)
(0,0,0)
(0,0,0)
(0,0,0)
(0,0,0)
(0,0,0)
(0,0,0)
(0,0,0)
(0,0,0)
(0,0,0)
(0,0,0)
(0,0,0)
(0,0,0)
(0,0,0)
(0,0,0)
(0,0,0)
(0,0,0)
(0,0,0)
(0,0,0)
(-743275.997350821,1450.75254826402,1987.86300455679)
(-744294.48646946,2507.23299461215,1010.08556028288)
(-745216.445244626,5503.15420882319,-6776.15844356306)
(-743734.383903367,12613.6257819966,-27449.566899952)
(-735959.049674376,27533.8761315036,-70949.6990851343)
(-715526.987041156,54376.4008117924,-152274.451798827)
(-672098.20430335,87686.4005057171,-283852.8270612)
(-587728.145872514,82005.3827960824,-437206.428732353)
(-446679.791196536,57675.7596753379,-580446.876515807)
(-244612.960892354,28361.0961804729,-671384.162474919)
(0,0,0)
(0,0,0)
(0,0,0)
(0,0,0)
(0,0,0)
(0,0,0)
(-745283.778740162,-1681.86934078758,3042.4246344561)
(-746013.121343278,386.231854444642,4021.83759146846)
(-746388.913060467,6414.11137076101,312.287505845389)
(-744237.76516043,21550.292898335,-12520.1445748413)
(-736501.400272181,56938.7853121621,-44104.8456530319)
(-719433.512886422,134120.735471608,-118963.939787489)
(-686000.096098918,269877.47929098,-289590.238987952)
(-603112.364600589,221959.679255261,-461651.648499283)
(-458562.708586258,143169.294418274,-609844.623604737)
(-250560.803650579,66135.7007123256,-699854.206088858)
(0,0,0)
(0,0,0)
(0,0,0)
(0,0,0)
(0,0,0)
(0,0,0)
(-748174.249267517,-14629.0280918711,5141.5036229349)
(-748358.755061858,-11882.6439358904,10137.7282620339)
(-747662.753473951,-3691.50786126933,15487.4967694815)
(-744284.483956117,18002.8529070416,22921.3169104997)
(-737383.022631541,75428.9771448164,33067.8725056696)
(-733786.499995282,242602.622615846,16770.4477908986)
(-756114.416724515,844535.912819293,-337554.457168017)
(-661436.021705818,487865.871579331,-540575.331156055)
(-497518.903958688,272809.989203519,-687001.882668167)
(-268126.304981937,113390.484811598,-766199.776199203)
(0,0,0)
(0,0,0)
(0,0,0)
(0,0,0)
(0,0,0)
(0,0,0)
(-749407.265639667,-43551.6873684622,7919.25972428486)
(-748905.96957863,-40903.1114254299,18423.2609779438)
(-746729.34305368,-33207.214588125,37213.1399418492)
(-741028.182432193,-14354.8111344125,80371.9085514823)
(-733475.864712828,26549.9642699048,200252.552788673)
(-760696.489689845,90628.0095390865,618651.709513831)
(-1122040.9431244,125.629145668282,-694258.918014653)
(-839191.596023423,694446.549548005,-755712.6117383)
(-597960.22584586,368100.80516449,-846510.311099857)
(-307422.326881619,133422.56455294,-879769.195695608)
(0,0,0)
(0,0,0)
(0,0,0)
(0,0,0)
(0,0,0)
(0,0,0)
(-744130.2398971,-95165.2326203742,10598.2208896403)
(-743006.00820459,-93281.8663953328,26176.8398511189)
(-739135.566413881,-87898.7173684251,56084.0629413578)
(-728085.590074879,-75476.389465836,121281.780529981)
(-696044.286212236,-50850.5372329381,264350.515159271)
(-580012.35028377,-14477.6873511362,528080.864470917)
(-1.64585434859597e-05,4.71681872672807e-06,1.48455409955977e-05)
(-1109566.42786177,-149.073046632316,-1082114.66547327)
(-771952.412412464,57073.6483971401,-1081229.53447736)
(-365417.321206661,29359.8071401562,-1013292.54725773)
(0,0,0)
(0,0,0)
(0,0,0)
(0,0,0)
(0,0,0)
(0,0,0)
(-724276.409177593,-175487.07300792,12493.4987182086)
(-722988.867541036,-174802.026464845,31553.9361567189)
(-718876.021585409,-172621.210676422,68533.1750651495)
(-707237.641548954,-167018.934643062,145934.990331902)
(-672263.892134999,-152826.209532986,300737.502468072)
(-545483.540393747,-113552.552546122,542436.100609126)
(-1.10663309988065e-05,7.28627109411983e-06,1.07664261502264e-05)
(-1043076.3449681,-126.030687042336,-1024794.44745285)
(-784831.481518171,-98591.9768422739,-1108948.86226239)
(-376644.410718696,-64887.151092565,-1042717.14590821)
(0,0,0)
(0,0,0)
(0,0,0)
(0,0,0)
(0,0,0)
(0,0,0)
(-678067.137696687,-286459.099740675,13186.5542340593)
(-677176.587260462,-287407.230706756,33702.5406178406)
(-674626.610361213,-289683.765787798,74147.7479469224)
(-667977.671420931,-294336.992517854,160169.008168712)
(-647557.507118944,-301360.66169663,340079.250385727)
(-555675.814870225,-287534.327728685,655939.300769518)
(-1.87748272466874e-05,1.27614032389935e-05,1.4060139958851e-05)
(-1148858.51188536,-826440.388701998,-1123214.40728045)
(-776522.338646526,-493184.948322507,-1075225.12257763)
(-359681.023663996,-206338.174982363,-977843.181743453)
(0,0,0)
(0,0,0)
(0,0,0)
(0,0,0)
(0,0,0)
(0,0,0)
(-590431.641761279,-420046.443614784,12225.5289347127)
(-590312.861930197,-422809.671072179,31379.8739519109)
(-590545.451307019,-430157.829471857,69480.4546002816)
(-593618.628828699,-447702.984753279,153165.110898636)
(-612262.135829346,-492642.404195903,353990.311200763)
(-711473.978138534,-633882.74750593,943641.832930715)
(-1285022.820681,-1257569.19946022,-826309.843118485)
(-864514.000935755,-824638.969993295,-789913.48684843)
(-568184.611201104,-518620.152961389,-788394.471368075)
(-279148.189385933,-243663.833676638,-771560.897351425)
(0,0,0)
(0,0,0)
(0,0,0)
(0,0,0)
(0,0,0)
(0,0,0)
(-447300.147385546,-551294.878164568,9373.33377855158)
(-447721.791194266,-555564.968984525,23932.6502620835)
(-449535.863060447,-566792.753935644,51933.7423725244)
(-456545.510285577,-592453.07097953,108275.282475413)
(-482326.062445789,-650708.587038445,212876.869991254)
(-566823.607324277,-782475.175214143,320188.747817267)
(-772034.571226723,-1029440.69582813,-393172.558088288)
(-568437.270797507,-782864.734068939,-483762.354413442)
(-379014.985334857,-519980.914669672,-513390.99656074)
(-192215.961033,-259092.140373826,-527894.443383116)
(0,0,0)
(0,0,0)
(0,0,0)
(0,0,0)
(0,0,0)
(0,0,0)
(-244598.414925559,-637555.5972267,5019.30751110928)
(-244985.361266974,-642524.096183989,12615.1324210127)
(-246353.312533443,-655101.540181502,26294.8077856345)
(-250751.468397806,-681471.946045074,50160.0653490495)
(-263796.665752927,-731815.048976587,81359.5540684816)
(-295725.274690636,-813438.204423923,73547.756072842)
(-341692.438626031,-887304.169730912,-146314.103689262)
(-275506.333568777,-741256.649862643,-220667.762853758)
(-191464.648283302,-520801.801874939,-252352.697045567)
(-99421.6801770769,-268608.437449661,-268703.363226649)
(0,0,0)
(0,0,0)
(0,0,0)
(0,0,0)
(0,0,0)
(0,0,0)
(0,0,0)
(0,0,0)
(0,0,0)
(0,0,0)
(0,0,0)
(0,0,0)
(0,0,0)
(0,0,0)
(0,0,0)
(0,0,0)
(0,0,0)
(0,0,0)
(0,0,0)
(0,0,0)
(0,0,0)
(0,0,0)
(0,0,0)
(0,0,0)
(0,0,0)
(0,0,0)
(0,0,0)
(0,0,0)
(0,0,0)
(0,0,0)
(0,0,0)
(0,0,0)
(0,0,0)
(0,0,0)
(0,0,0)
(0,0,0)
(0,0,0)
(0,0,0)
(0,0,0)
(0,0,0)
(0,0,0)
(0,0,0)
(0,0,0)
(0,0,0)
(0,0,0)
(0,0,0)
(0,0,0)
(0,0,0)
(0,0,0)
(0,0,0)
(0,0,0)
(0,0,0)
(0,0,0)
(0,0,0)
(0,0,0)
(0,0,0)
(0,0,0)
(0,0,0)
(0,0,0)
(0,0,0)
(0,0,0)
(0,0,0)
(0,0,0)
(0,0,0)
(0,0,0)
(0,0,0)
(0,0,0)
(0,0,0)
(0,0,0)
(0,0,0)
(0,0,0)
(0,0,0)
(0,0,0)
(0,0,0)
(0,0,0)
(0,0,0)
(0,0,0)
(0,0,0)
(0,0,0)
(0,0,0)
(0,0,0)
(0,0,0)
(0,0,0)
(0,0,0)
(0,0,0)
(0,0,0)
(0,0,0)
(0,0,0)
(0,0,0)
(0,0,0)
(0,0,0)
(0,0,0)
(0,0,0)
(0,0,0)
(0,0,0)
(0,0,0)
(0,0,0)
(0,0,0)
(0,0,0)
(0,0,0)
(0,0,0)
(0,0,0)
(-743593.84141298,-690.700630298132,1008.54469245327)
(-744084.378537146,679.943911668966,118.492848472546)
(-744140.486212622,4287.70156737798,-5245.16775090364)
(-741501.756208542,12100.3111316252,-19578.1065773579)
(-731963.688453162,26989.4601088532,-50562.9279074274)
(-707625.949756491,50485.8076343488,-108949.772826439)
(-655289.064269703,73839.0527252031,-199597.965585289)
(-557748.733852015,66725.3685033623,-296302.746109144)
(-410316.535506468,45897.2962412135,-378563.29804043)
(-218630.261446469,22461.7754070277,-427007.772893342)
(0,0,0)
(0,0,0)
(0,0,0)
(0,0,0)
(0,0,0)
(0,0,0)
(-743531.628556485,-4813.99196681094,2371.14115283629)
(-744514.1932334,-2168.97239063813,3721.12934526257)
(-745918.034928159,4999.84325851924,2538.10952181267)
(-746371.920438104,21458.4557204325,-4685.87978931872)
(-743239.981410033,56071.5977375526,-27029.4362801672)
(-730251.286557476,119836.651497865,-85562.5064726293)
(-690885.087033923,199918.81448382,-206757.27729624)
(-589747.180040726,163820.05129309,-317217.144645831)
(-432177.592216723,104339.23450594,-402044.199280096)
(-229241.615247393,48614.6498342898,-449516.262110546)
(0,0,0)
(0,0,0)
(0,0,0)
(0,0,0)
(0,0,0)
(0,0,0)
(-741936.052343634,-16050.8035581552,4998.6146674592)
(-743845.527424702,-12579.3864186103,10895.8010582766)
(-747903.096906811,-2843.7723285314,18979.7600781867)
(-755038.054507319,21236.7795327487,29955.0068170692)
(-767486.295359913,79374.6766062087,36755.2006767843)
(-787503.277885773,215798.48775082,-5489.85768567986)
(-797552.301525672,478776.253535338,-242909.411936038)
(-673985.700689975,310251.250819429,-376790.932478225)
(-484617.089722461,172486.345902427,-457839.858110936)
(-253276.709838894,74188.9852161255,-498263.788635812)
(0,0,0)
(0,0,0)
(0,0,0)
(0,0,0)
(0,0,0)
(0,0,0)
(-735493.128071369,-38407.4069756406,8442.4658491883)
(-738616.079905661,-35085.7891478916,20658.9789055009)
(-746323.660372692,-25662.3006567879,43071.8245527681)
(-763372.893118358,-1463.30798288112,88116.6227545696)
(-803177.716292304,63981.5539738763,173211.596966379)
(-900487.711718409,271359.219412161,257442.087333603)
(-1096651.72288805,1122332.08940204,-411502.968769442)
(-849956.610058827,424147.07536532,-514633.779279923)
(-578087.23084998,194184.689158873,-556205.117532251)
(-292386.852184737,75521.2799349985,-572572.886948006)
(0,0,0)
(0,0,0)
(0,0,0)
(0,0,0)
(0,0,0)
(0,0,0)
(-718758.313180009,-75514.7695375161,11735.4358447831)
(-723063.154643517,-73397.1418829697,30103.935018791)
(-734280.702849782,-67711.3444667037,67298.1152646119)
(-761123.144775785,-54707.0974946767,153579.459477314)
(-831962.73927084,-27148.6581883128,380628.12469811)
(-1056368.02110001,19943.9434784552,1108399.07144806)
(-1949769.53862368,-308.779385740434,-1109736.58426861)
(-1116767.27534998,66249.4913388502,-744638.152753918)
(-691679.40129188,44190.2119985645,-674916.686714196)
(-334784.883322349,18141.5094186209,-648169.354082134)
(0,0,0)
(0,0,0)
(0,0,0)
(0,0,0)
(0,0,0)
(0,0,0)
(-684106.06754244,-129475.36669186,13790.2555191925)
(-689203.713612169,-129140.076291067,35748.0359984239)
(-702696.75116745,-128484.806758623,80342.2278723818)
(-734940.116033556,-127845.640288495,181183.245150801)
(-817710.479711265,-128246.362336013,427727.536874764)
(-1062009.81622697,-123928.985951315,1088126.74213776)
(-1908888.22270319,-472.736213724082,-1043145.85979432)
(-1147219.44529206,-106088.45488104,-766664.813250466)
(-715940.19797287,-90380.3696769618,-700985.515120238)
(-345156.077572383,-47948.2424040198,-666384.096443907)
(0,0,0)
(0,0,0)
(0,0,0)
(0,0,0)
(0,0,0)
(0,0,0)
(-622502.294218417,-199103.999886297,14063.7897161665)
(-627822.613609424,-200769.714813797,36339.4545878586)
(-641975.862968983,-205765.971307134,80969.8717441413)
(-675555.894887356,-220115.57004767,180818.024969744)
(-760806.302745925,-266263.209304926,432083.667565639)
(-1015616.4897731,-443507.984963033,1211603.34148024)
(-1984416.28590147,-1285022.16079809,-1148684.33001138)
(-1110529.92003179,-542190.506676118,-750910.87006987)
(-674317.155358831,-284954.499094044,-658541.923940479)
(-321848.333058579,-125864.391602217,-618458.465347699)
(0,0,0)
(0,0,0)
(0,0,0)
(0,0,0)
(0,0,0)
(0,0,0)
(-524687.62263956,-277183.892100099,12335.8730920829)
(-529548.312404531,-280457.007218817,31258.6159714361)
(-542256.445553752,-289360.515771474,66564.1546825101)
(-571000.895127188,-310848.363667503,134679.214600833)
(-635754.364739735,-362973.408062076,254881.642268371)
(-780744.20475835,-489515.84128782,370159.725212972)
(-1049333.4843864,-744782.410491416,-405769.361388291)
(-790106.39841341,-528723.911861754,-493643.558725005)
(-517716.640016166,-329573.162674441,-499492.866329553)
(-255015.68127189,-156824.52018857,-492665.245857232)
(0,0,0)
(0,0,0)
(0,0,0)
(0,0,0)
(0,0,0)
(0,0,0)
(-384729.468367868,-348762.040113853,9007.46899607911)
(-388426.19518262,-353019.414817357,22274.2805829726)
(-397831.142984259,-363861.034459976,45070.0791952853)
(-418009.976130092,-386938.018566427,82624.1999387212)
(-458654.500587473,-432482.048869536,128461.278887862)
(-531188.344046587,-511738.574173565,115048.748495918)
(-612751.188836026,-599425.580606089,-189591.46378011)
(-502197.066215362,-490170.99195713,-294384.588266875)
(-343715.183355607,-332576.462042596,-326681.090877964)
(-173493.997377769,-166394.535594794,-335833.039126973)
(0,0,0)
(0,0,0)
(0,0,0)
(0,0,0)
(0,0,0)
(0,0,0)
(-204982.994101286,-393069.361582265,4691.90064413892)
(-206950.216866422,-397716.881392237,11354.2228184658)
(-211843.115841401,-409014.270859872,21997.2625263203)
(-221850.463819624,-431029.349359423,37187.5887411326)
(-240208.564100715,-468317.003474997,49434.441694379)
(-267639.964016305,-518008.803043102,27619.3598895816)
(-287428.200386447,-545919.1821188,-80151.2768372914)
(-243193.171297108,-465984.006738568,-136651.424327523)
(-170824.543718614,-329494.862342009,-160373.128592798)
(-87585.4195604969,-169255.515250627,-169348.409553544)
(0,0,0)
(0,0,0)
(0,0,0)
(0,0,0)
(0,0,0)
(0,0,0)
(0,0,0)
(0,0,0)
(0,0,0)
(0,0,0)
(0,0,0)
(0,0,0)
(0,0,0)
(0,0,0)
(0,0,0)
(0,0,0)
(0,0,0)
(0,0,0)
(0,0,0)
(0,0,0)
(0,0,0)
(0,0,0)
(0,0,0)
(0,0,0)
(0,0,0)
(0,0,0)
(0,0,0)
(0,0,0)
(0,0,0)
(0,0,0)
(0,0,0)
(0,0,0)
(0,0,0)
(0,0,0)
(0,0,0)
(0,0,0)
(0,0,0)
(0,0,0)
(0,0,0)
(0,0,0)
(0,0,0)
(0,0,0)
(0,0,0)
(0,0,0)
(0,0,0)
(0,0,0)
(0,0,0)
(0,0,0)
(0,0,0)
(0,0,0)
(0,0,0)
(0,0,0)
(0,0,0)
(0,0,0)
(0,0,0)
(0,0,0)
(0,0,0)
(0,0,0)
(0,0,0)
(0,0,0)
(0,0,0)
(0,0,0)
(0,0,0)
(0,0,0)
(0,0,0)
(0,0,0)
(0,0,0)
(0,0,0)
(0,0,0)
(0,0,0)
(0,0,0)
(0,0,0)
(0,0,0)
(0,0,0)
(0,0,0)
(0,0,0)
(0,0,0)
(0,0,0)
(0,0,0)
(0,0,0)
(0,0,0)
(0,0,0)
(0,0,0)
(0,0,0)
(0,0,0)
(0,0,0)
(0,0,0)
(0,0,0)
(0,0,0)
(0,0,0)
(0,0,0)
(0,0,0)
(0,0,0)
(0,0,0)
(0,0,0)
(0,0,0)
(0,0,0)
(0,0,0)
(0,0,0)
(0,0,0)
(0,0,0)
(0,0,0)
(-743296.287867394,-803.426667926472,505.873122338753)
(-743766.652963102,99.2114792163287,88.9360690801727)
(-743872.112452914,2398.57220805698,-2578.00989868446)
(-741272.594138363,7142.67914907403,-9949.85111793603)
(-731293.620046149,15634.9101053084,-26254.8296302529)
(-704998.738626166,27847.2120676301,-56729.2528282087)
(-648142.301319737,38319.0954293927,-102195.111207572)
(-545737.788687252,34832.0652775196,-149038.121649855)
(-396367.989889751,24114.6011230702,-187101.26838964)
(-208935.039190729,11871.2448298536,-208667.735475236)
(0,0,0)
(0,0,0)
(0,0,0)
(0,0,0)
(0,0,0)
(0,0,0)
(-742320.374405923,-3421.898273076,1407.21745458835)
(-743691.230600822,-1688.72419666321,2372.19049789113)
(-746107.705356322,2838.10828455965,2122.32484955428)
(-748297.799427722,12680.3655058139,-1489.48251757041)
(-746835.707212976,31777.9058543921,-14036.7524637088)
(-732806.559520002,62619.0427817203,-46253.3102152714)
(-686495.958495713,93402.7121144707,-105726.055438558)
(-580591.731841406,79754.8094048295,-159804.247765187)
(-420503.38431466,51999.2671385576,-199363.121682733)
(-220810.878148796,24611.4456999326,-220534.059651407)
(0,0,0)
(0,0,0)
(0,0,0)
(0,0,0)
(0,0,0)
(0,0,0)
(-738706.791911025,-9769.95701580128,3118.79831011629)
(-741801.956569642,-7505.3931318315,6891.89639022623)
(-748724.769081026,-1402.65784668701,11954.3346956882)
(-760833.799037828,12806.9448160714,17623.499915943)
(-778555.825051224,43652.3966521639,16818.5388094844)
(-795433.246863064,102865.880523763,-15498.3299552659)
(-779985.409435752,179771.509556203,-119434.01948692)
(-660429.123701233,134378.579864712,-187614.366935543)
(-472573.288777725,79118.35819967,-226777.258941395)
(-245453.194162803,35187.419981037,-245176.748898589)
(0,0,0)
(0,0,0)
(0,0,0)
(0,0,0)
(0,0,0)
(0,0,0)
(-728832.199869273,-21772.9395987544,5342.05438085721)
(-734163.244852939,-19620.5061286481,13004.3323249495)
(-747194.480807192,-13713.8593228868,26186.3542356502)
(-773560.96327182,683.216693287081,48498.1525118937)
(-822207.68619948,35128.0719968778,76052.4470743588)
(-898379.786302146,115451.040795277,61359.3613865839)
(-959842.943893797,269211.796200631,-164889.704252098)
(-794884.257744468,157339.267460424,-242922.744162169)
(-551777.864500744,80622.1852443989,-270735.937556139)
(-280735.429585962,33190.2543569518,-280390.194530827)
(0,0,0)
(0,0,0)
(0,0,0)
(0,0,0)
(0,0,0)
(0,0,0)
(-706980.92548625,-41018.3797231124,7468.05243059974)
(-714450.516161194,-39692.9715760667,18927.8793956943)
(-733395.963183288,-36274.9520493639,40604.2324556788)
(-774146.184365917,-28654.5922546204,82965.0809937161)
(-857264.666944228,-13010.5144775493,156405.595141528)
(-1013811.47257736,14174.640031241,215125.447382916)
(-1229061.06088625,40416.1514065652,-276787.385560453)
(-952254.089848911,35714.4015333209,-319675.705134408)
(-632420.588551641,19900.3071660413,-318212.639796294)
(-313947.301066625,7759.84208830613,-313619.809783369)
(0,0,0)
(0,0,0)
(0,0,0)
(0,0,0)
(0,0,0)
(0,0,0)
(-665868.435994913,-67990.5123631829,8734.50109254197)
(-674596.165770122,-67892.76810551,22326.7497799383)
(-696974.683661446,-67914.7514813443,48244.4817059127)
(-745367.570682336,-68617.379933907,98634.7240339778)
(-844157.061708241,-71520.5154806408,183591.307034046)
(-1027884.52030787,-77734.0327597357,241374.683905923)
(-1269379.95968415,-76247.1915151825,-281470.23619136)
(-987913.531294208,-69575.9478897461,-335485.800766146)
(-652282.481145808,-48862.7832584892,-330380.427168683)
(-321663.112902231,-24677.9139440356,-321435.635806497)
(0,0,0)
(0,0,0)
(0,0,0)
(0,0,0)
(0,0,0)
(0,0,0)
(-597777.899242646,-101479.74387333,8764.83653437568)
(-606548.447089268,-102678.224894721,22276.1268034332)
(-628908.678546111,-106245.251734875,47539.4426340904)
(-676594.653833008,-115783.583573047,95744.4052188848)
(-772499.305213012,-141460.663959923,177377.556165251)
(-950006.68433544,-208846.505628438,242880.223596285)
(-1192978.28118371,-350065.773958568,-274739.198678063)
(-918212.320205956,-221886.654228817,-314746.092164828)
(-603318.190609606,-128418.605895141,-306189.234277401)
(-296908.52468698,-59054.4316134466,-296752.524979589)
(0,0,0)
(0,0,0)
(0,0,0)
(0,0,0)
(0,0,0)
(0,0,0)
(-496164.424841125,-137519.721899152,7516.78022738733)
(-503740.448459523,-139639.783460631,18670.4748482896)
(-522512.266883275,-145290.459211496,37971.5036544353)
(-560642.098256223,-158231.275519053,70060.3987294781)
(-630890.827066825,-186244.651082265,109980.848178911)
(-741002.136413778,-240274.964303368,101667.238509267)
(-842770.62721776,-308436.612646026,-146524.779971915)
(-696202.646760654,-241032.11379236,-221283.072061117)
(-474831.221747219,-155714.801907144,-236872.294318065)
(-237814.120362071,-75380.3218305141,-237747.965010816)
(0,0,0)
(0,0,0)
(0,0,0)
(0,0,0)
(0,0,0)
(0,0,0)
(-358337.570936518,-169297.833602645,5386.21427214186)
(-363792.663795283,-171887.22273256,13000.1221567343)
(-376857.58902631,-178310.911685904,25047.0206731937)
(-402039.954040678,-191270.388124397,42116.111189122)
(-444293.468664996,-214520.212052268,56030.6402366481)
(-500395.104882915,-248628.928579108,33591.3653487133)
(-534048.924986217,-274483.479104452,-79064.0320426706)
(-454931.362847892,-231443.382777106,-135918.466425397)
(-318985.218270358,-159861.907515394,-156501.325902398)
(-162410.398724397,-80580.7507172632,-162384.495669021)
(0,0,0)
(0,0,0)
(0,0,0)
(0,0,0)
(0,0,0)
(0,0,0)
(-188696.305517549,-188357.913340191,2773.39115380788)
(-191493.469228676,-191108.754816524,6538.17560002577)
(-198072.335726433,-197625.449144372,12081.9329435254)
(-210231.492849987,-209718.546868515,18911.1207180077)
(-229214.586130563,-228651.145511367,22048.0762069557)
(-251286.325438406,-250820.097562486,7885.60661243791)
(-259201.682497944,-258876.287666326,-35948.1027141915)
(-223247.965854241,-223042.088093684,-64294.6028404823)
(-158976.414970892,-158838.109533865,-77166.5295697322)
(-81790.3709661477,-81753.5981330884,-81788.7307482568)
(0,0,0)
(0,0,0)
(0,0,0)
(0,0,0)
(0,0,0)
(0,0,0)
(0,0,0)
(0,0,0)
(0,0,0)
(0,0,0)
(0,0,0)
(0,0,0)
(0,0,0)
(0,0,0)
(0,0,0)
(0,0,0)
(0,0,0)
(0,0,0)
(0,0,0)
(0,0,0)
(0,0,0)
(0,0,0)
(0,0,0)
(0,0,0)
(0,0,0)
(0,0,0)
(0,0,0)
(0,0,0)
(0,0,0)
(0,0,0)
(0,0,0)
(0,0,0)
(0,0,0)
(0,0,0)
(0,0,0)
(0,0,0)
(0,0,0)
(0,0,0)
(0,0,0)
(0,0,0)
(0,0,0)
(0,0,0)
(0,0,0)
(0,0,0)
(0,0,0)
(0,0,0)
(0,0,0)
(0,0,0)
(0,0,0)
(0,0,0)
(0,0,0)
(0,0,0)
(0,0,0)
(0,0,0)
(0,0,0)
(0,0,0)
(0,0,0)
(0,0,0)
(0,0,0)
(0,0,0)
(0,0,0)
(0,0,0)
(0,0,0)
(0,0,0)
(0,0,0)
(0,0,0)
(0,0,0)
(0,0,0)
(0,0,0)
(0,0,0)
(0,0,0)
(0,0,0)
(0,0,0)
(0,0,0)
(0,0,0)
(0,0,0)
(0,0,0)
(0,0,0)
(0,0,0)
(0,0,0)
(0,0,0)
(0,0,0)
(0,0,0)
(0,0,0)
(0,0,0)
(0,0,0)
(0,0,0)
(0,0,0)
(0,0,0)
(0,0,0)
(0,0,0)
(0,0,0)
(0,0,0)
(0,0,0)
(0,0,0)
(0,0,0)
(0,0,0)
(0,0,0)
(0,0,0)
(0,0,0)
(0,0,0)
(0,0,0)
(0,0,0)
(0,0,0)
(0,0,0)
(0,0,0)
(0,0,0)
(0,0,0)
(0,0,0)
(0,0,0)
(0,0,0)
(0,0,0)
(0,0,0)
(0,0,0)
(0,0,0)
(0,0,0)
(0,0,0)
(0,0,0)
(0,0,0)
(0,0,0)
(0,0,0)
(0,0,0)
(0,0,0)
(0,0,0)
(0,0,0)
(0,0,0)
(0,0,0)
(0,0,0)
(0,0,0)
(0,0,0)
(0,0,0)
(0,0,0)
(0,0,0)
(0,0,0)
(0,0,0)
(0,0,0)
(0,0,0)
(0,0,0)
(0,0,0)
(0,0,0)
(0,0,0)
(0,0,0)
(0,0,0)
(0,0,0)
(0,0,0)
(0,0,0)
(0,0,0)
(0,0,0)
(0,0,0)
(0,0,0)
(0,0,0)
(0,0,0)
(0,0,0)
(0,0,0)
(0,0,0)
(0,0,0)
(0,0,0)
(0,0,0)
(0,0,0)
(0,0,0)
(0,0,0)
(0,0,0)
(0,0,0)
(0,0,0)
(0,0,0)
(0,0,0)
(0,0,0)
(0,0,0)
(0,0,0)
(0,0,0)
(0,0,0)
(0,0,0)
(0,0,0)
(0,0,0)
(0,0,0)
(0,0,0)
(0,0,0)
(0,0,0)
(0,0,0)
(0,0,0)
(0,0,0)
(0,0,0)
(0,0,0)
(0,0,0)
(0,0,0)
(0,0,0)
(0,0,0)
(0,0,0)
(0,0,0)
(0,0,0)
(0,0,0)
(0,0,0)
(0,0,0)
(0,0,0)
(0,0,0)
(0,0,0)
(0,0,0)
(0,0,0)
(0,0,0)
(0,0,0)
(0,0,0)
(0,0,0)
(0,0,0)
(0,0,0)
(0,0,0)
(0,0,0)
(0,0,0)
(0,0,0)
(0,0,0)
(0,0,0)
(0,0,0)
(0,0,0)
(0,0,0)
(0,0,0)
(0,0,0)
(0,0,0)
(0,0,0)
(0,0,0)
(0,0,0)
(0,0,0)
(0,0,0)
(0,0,0)
(0,0,0)
(0,0,0)
(0,0,0)
(0,0,0)
(0,0,0)
(0,0,0)
(0,0,0)
(0,0,0)
(0,0,0)
(0,0,0)
(0,0,0)
(0,0,0)
(0,0,0)
(0,0,0)
(0,0,0)
(0,0,0)
(0,0,0)
(0,0,0)
(0,0,0)
(0,0,0)
(0,0,0)
(0,0,0)
(0,0,0)
(0,0,0)
(0,0,0)
(0,0,0)
(0,0,0)
(0,0,0)
(0,0,0)
(0,0,0)
(0,0,0)
(0,0,0)
(0,0,0)
(0,0,0)
(0,0,0)
(0,0,0)
(0,0,0)
(0,0,0)
(0,0,0)
(0,0,0)
(0,0,0)
(0,0,0)
(0,0,0)
(0,0,0)
(0,0,0)
(0,0,0)
(0,0,0)
(0,0,0)
(0,0,0)
(0,0,0)
(0,0,0)
(0,0,0)
(0,0,0)
(0,0,0)
(0,0,0)
(0,0,0)
(0,0,0)
(0,0,0)
(0,0,0)
(0,0,0)
(0,0,0)
(0,0,0)
(0,0,0)
(0,0,0)
(0,0,0)
(0,0,0)
(0,0,0)
(0,0,0)
(0,0,0)
(0,0,0)
(0,0,0)
(0,0,0)
(0,0,0)
(0,0,0)
(0,0,0)
(0,0,0)
(0,0,0)
(0,0,0)
(0,0,0)
(0,0,0)
(0,0,0)
(0,0,0)
(0,0,0)
(0,0,0)
(0,0,0)
(0,0,0)
(0,0,0)
(0,0,0)
(0,0,0)
(0,0,0)
(0,0,0)
(0,0,0)
(0,0,0)
(0,0,0)
(0,0,0)
(0,0,0)
(0,0,0)
(0,0,0)
(0,0,0)
(0,0,0)
(0,0,0)
(0,0,0)
(0,0,0)
(0,0,0)
(0,0,0)
(0,0,0)
(0,0,0)
(0,0,0)
(0,0,0)
(0,0,0)
(0,0,0)
(0,0,0)
(0,0,0)
(0,0,0)
(0,0,0)
(0,0,0)
(0,0,0)
(0,0,0)
(0,0,0)
(0,0,0)
(0,0,0)
(0,0,0)
(0,0,0)
(0,0,0)
(0,0,0)
(0,0,0)
(0,0,0)
(0,0,0)
(0,0,0)
(0,0,0)
(0,0,0)
(0,0,0)
(0,0,0)
(0,0,0)
(0,0,0)
(0,0,0)
(0,0,0)
(0,0,0)
(0,0,0)
(0,0,0)
(0,0,0)
(0,0,0)
(0,0,0)
(0,0,0)
(0,0,0)
(0,0,0)
(0,0,0)
(0,0,0)
(0,0,0)
(0,0,0)
(0,0,0)
(0,0,0)
(0,0,0)
(0,0,0)
(0,0,0)
(0,0,0)
(0,0,0)
(0,0,0)
(0,0,0)
(0,0,0)
(0,0,0)
(0,0,0)
(0,0,0)
(0,0,0)
(0,0,0)
(0,0,0)
(0,0,0)
(0,0,0)
(0,0,0)
(0,0,0)
(0,0,0)
(0,0,0)
(0,0,0)
(0,0,0)
(0,0,0)
(0,0,0)
(0,0,0)
(0,0,0)
(0,0,0)
(0,0,0)
(0,0,0)
(0,0,0)
(0,0,0)
(0,0,0)
(0,0,0)
(0,0,0)
(0,0,0)
(0,0,0)
(0,0,0)
(0,0,0)
(0,0,0)
(0,0,0)
(0,0,0)
(0,0,0)
(0,0,0)
(0,0,0)
(0,0,0)
(0,0,0)
(0,0,0)
(0,0,0)
(0,0,0)
(0,0,0)
(0,0,0)
(0,0,0)
(0,0,0)
(0,0,0)
(0,0,0)
(0,0,0)
(0,0,0)
(0,0,0)
(0,0,0)
(0,0,0)
(0,0,0)
(0,0,0)
(0,0,0)
(0,0,0)
(0,0,0)
(0,0,0)
(0,0,0)
(0,0,0)
(0,0,0)
(0,0,0)
(0,0,0)
(0,0,0)
(0,0,0)
(0,0,0)
(0,0,0)
(0,0,0)
(0,0,0)
(0,0,0)
(0,0,0)
(0,0,0)
(0,0,0)
(0,0,0)
(0,0,0)
(0,0,0)
(0,0,0)
(0,0,0)
(0,0,0)
(0,0,0)
(0,0,0)
(0,0,0)
(0,0,0)
(0,0,0)
(0,0,0)
(0,0,0)
(0,0,0)
(0,0,0)
(0,0,0)
(0,0,0)
(0,0,0)
(0,0,0)
(0,0,0)
(0,0,0)
(0,0,0)
(0,0,0)
(0,0,0)
(0,0,0)
(0,0,0)
(0,0,0)
(0,0,0)
(0,0,0)
(0,0,0)
(0,0,0)
(0,0,0)
(0,0,0)
(0,0,0)
(0,0,0)
(0,0,0)
(0,0,0)
(0,0,0)
(0,0,0)
(0,0,0)
(0,0,0)
(0,0,0)
(0,0,0)
(0,0,0)
(0,0,0)
(0,0,0)
(0,0,0)
(0,0,0)
(0,0,0)
(0,0,0)
(0,0,0)
(0,0,0)
(0,0,0)
(0,0,0)
(0,0,0)
(0,0,0)
(0,0,0)
(0,0,0)
(0,0,0)
(0,0,0)
(0,0,0)
(0,0,0)
(0,0,0)
(0,0,0)
(0,0,0)
(0,0,0)
(0,0,0)
(0,0,0)
(0,0,0)
(0,0,0)
(0,0,0)
(0,0,0)
(0,0,0)
(0,0,0)
(0,0,0)
(0,0,0)
(0,0,0)
(0,0,0)
(0,0,0)
(0,0,0)
(0,0,0)
(0,0,0)
(0,0,0)
(0,0,0)
(0,0,0)
(0,0,0)
(0,0,0)
(0,0,0)
(0,0,0)
(0,0,0)
(0,0,0)
(0,0,0)
(0,0,0)
(0,0,0)
(0,0,0)
(0,0,0)
(0,0,0)
(0,0,0)
(0,0,0)
(0,0,0)
(0,0,0)
(0,0,0)
(0,0,0)
(0,0,0)
(0,0,0)
(0,0,0)
(0,0,0)
(0,0,0)
(0,0,0)
(0,0,0)
(0,0,0)
(0,0,0)
(0,0,0)
(0,0,0)
(0,0,0)
(0,0,0)
(0,0,0)
(0,0,0)
(0,0,0)
(0,0,0)
(0,0,0)
(0,0,0)
(0,0,0)
(0,0,0)
(0,0,0)
(0,0,0)
(0,0,0)
(0,0,0)
(0,0,0)
(0,0,0)
(0,0,0)
(0,0,0)
(0,0,0)
(0,0,0)
(0,0,0)
(0,0,0)
(0,0,0)
(0,0,0)
(0,0,0)
(0,0,0)
(0,0,0)
(0,0,0)
(0,0,0)
(0,0,0)
(0,0,0)
(0,0,0)
(0,0,0)
(0,0,0)
(0,0,0)
(0,0,0)
(0,0,0)
(0,0,0)
(0,0,0)
(0,0,0)
(0,0,0)
(0,0,0)
(0,0,0)
(0,0,0)
(0,0,0)
(0,0,0)
(0,0,0)
(0,0,0)
(0,0,0)
(0,0,0)
(0,0,0)
(0,0,0)
(0,0,0)
(0,0,0)
(0,0,0)
(0,0,0)
(0,0,0)
(0,0,0)
(0,0,0)
(0,0,0)
(0,0,0)
(0,0,0)
(0,0,0)
(0,0,0)
(0,0,0)
(0,0,0)
(0,0,0)
(0,0,0)
(0,0,0)
(0,0,0)
(0,0,0)
(0,0,0)
(0,0,0)
(0,0,0)
(0,0,0)
(0,0,0)
(0,0,0)
(0,0,0)
(0,0,0)
(0,0,0)
(0,0,0)
(0,0,0)
(0,0,0)
(0,0,0)
(0,0,0)
(0,0,0)
(0,0,0)
(0,0,0)
(0,0,0)
(0,0,0)
(0,0,0)
(0,0,0)
(0,0,0)
(0,0,0)
(0,0,0)
(0,0,0)
(0,0,0)
(0,0,0)
(0,0,0)
(0,0,0)
(0,0,0)
(0,0,0)
(0,0,0)
(0,0,0)
(0,0,0)
(0,0,0)
(0,0,0)
(0,0,0)
(0,0,0)
(0,0,0)
(0,0,0)
(0,0,0)
(0,0,0)
(0,0,0)
(0,0,0)
(0,0,0)
(0,0,0)
(0,0,0)
(0,0,0)
(0,0,0)
(0,0,0)
(0,0,0)
(0,0,0)
(0,0,0)
(0,0,0)
(0,0,0)
(0,0,0)
(0,0,0)
(0,0,0)
(0,0,0)
(0,0,0)
(0,0,0)
(0,0,0)
(0,0,0)
(0,0,0)
(0,0,0)
(0,0,0)
(0,0,0)
(0,0,0)
(0,0,0)
(0,0,0)
(0,0,0)
(0,0,0)
(0,0,0)
(0,0,0)
(0,0,0)
(0,0,0)
(0,0,0)
(0,0,0)
(0,0,0)
(0,0,0)
(0,0,0)
(0,0,0)
(0,0,0)
(0,0,0)
(0,0,0)
(0,0,0)
(0,0,0)
(0,0,0)
(0,0,0)
(0,0,0)
(0,0,0)
(0,0,0)
(0,0,0)
(0,0,0)
(0,0,0)
(0,0,0)
(0,0,0)
(0,0,0)
(0,0,0)
(0,0,0)
(0,0,0)
(0,0,0)
(0,0,0)
(0,0,0)
(0,0,0)
(0,0,0)
(0,0,0)
(0,0,0)
(0,0,0)
(0,0,0)
(0,0,0)
(0,0,0)
(0,0,0)
(0,0,0)
(0,0,0)
(0,0,0)
(0,0,0)
(0,0,0)
(0,0,0)
(0,0,0)
(0,0,0)
(0,0,0)
(0,0,0)
(0,0,0)
(0,0,0)
(0,0,0)
(0,0,0)
(0,0,0)
(0,0,0)
(0,0,0)
(0,0,0)
(0,0,0)
(0,0,0)
(0,0,0)
(0,0,0)
(0,0,0)
(0,0,0)
(0,0,0)
(0,0,0)
(0,0,0)
(0,0,0)
(0,0,0)
(0,0,0)
(0,0,0)
(0,0,0)
(0,0,0)
(0,0,0)
(0,0,0)
(0,0,0)
(0,0,0)
(0,0,0)
(0,0,0)
(0,0,0)
(0,0,0)
(0,0,0)
(0,0,0)
(0,0,0)
(0,0,0)
(0,0,0)
(0,0,0)
(0,0,0)
(0,0,0)
(0,0,0)
(0,0,0)
(0,0,0)
(0,0,0)
(0,0,0)
(0,0,0)
(0,0,0)
(0,0,0)
(0,0,0)
(0,0,0)
(0,0,0)
(0,0,0)
(0,0,0)
(0,0,0)
(0,0,0)
(0,0,0)
(0,0,0)
)
;

boundaryField
{
    fuel
    {
        type            fixedValue;
        value           uniform (0.1 0 0);
    }
    air
    {
        type            fixedValue;
        value           uniform (-0.1 0 0);
    }
    outlet
    {
        type            zeroGradient;
    }
    frontAndBack
    {
        type            empty;
    }
}


// ************************************************************************* //
 