/*--------------------------------*- C++ -*----------------------------------*\
| =========                 |                                                 |
| \\      /  F ield         | foam-extend: Open Source CFD                    |
|  \\    /   O peration     | Version:     4.0                                |
|   \\  /    A nd           | Web:         http://www.foam-extend.org         |
|    \\/     M anipulation  |                                                 |
\*---------------------------------------------------------------------------*/
FoamFile
{
    version 2.0;
    format ascii;
    class volVectorField;
    location "2925";
    object      E;
}
// * * * * * * * * * * * * * * * * * * * * * * * * * * * * * * * * * * * * * //

dimensions      [0 1 -1 0 0 0 0];

internalField   nonuniform List<vector>
4096
(
(0,0,0)
(0,0,0)
(0,0,0)
(0,0,0)
(0,0,0)
(0,0,0)
(0,0,0)
(0,0,0)
(0,0,0)
(0,0,0)
(0,0,0)
(0,0,0)
(0,0,0)
(0,0,0)
(0,0,0)
(0,0,0)
(0,0,0)
(0,0,0)
(0,0,0)
(0,0,0)
(0,0,0)
(0,0,0)
(0,0,0)
(0,0,0)
(0,0,0)
(0,0,0)
(0,0,0)
(0,0,0)
(0,0,0)
(0,0,0)
(0,0,0)
(0,0,0)
(0,0,0)
(0,0,0)
(0,0,0)
(0,0,0)
(0,0,0)
(0,0,0)
(0,0,0)
(0,0,0)
(0,0,0)
(0,0,0)
(0,0,0)
(0,0,0)
(0,0,0)
(0,0,0)
(0,0,0)
(0,0,0)
(0,0,0)
(0,0,0)
(0,0,0)
(0,0,0)
(0,0,0)
(0,0,0)
(0,0,0)
(0,0,0)
(0,0,0)
(0,0,0)
(0,0,0)
(0,0,0)
(0,0,0)
(0,0,0)
(0,0,0)
(0,0,0)
(0,0,0)
(0,0,0)
(0,0,0)
(0,0,0)
(0,0,0)
(0,0,0)
(0,0,0)
(0,0,0)
(0,0,0)
(0,0,0)
(0,0,0)
(0,0,0)
(0,0,0)
(0,0,0)
(0,0,0)
(0,0,0)
(0,0,0)
(0,0,0)
(0,0,0)
(0,0,0)
(0,0,0)
(0,0,0)
(0,0,0)
(0,0,0)
(0,0,0)
(0,0,0)
(0,0,0)
(0,0,0)
(0,0,0)
(0,0,0)
(0,0,0)
(0,0,0)
(0,0,0)
(0,0,0)
(0,0,0)
(0,0,0)
(0,0,0)
(0,0,0)
(0,0,0)
(0,0,0)
(0,0,0)
(0,0,0)
(0,0,0)
(0,0,0)
(0,0,0)
(0,0,0)
(0,0,0)
(0,0,0)
(0,0,0)
(0,0,0)
(0,0,0)
(0,0,0)
(0,0,0)
(0,0,0)
(0,0,0)
(0,0,0)
(0,0,0)
(0,0,0)
(0,0,0)
(0,0,0)
(0,0,0)
(0,0,0)
(0,0,0)
(0,0,0)
(0,0,0)
(0,0,0)
(0,0,0)
(0,0,0)
(0,0,0)
(0,0,0)
(0,0,0)
(0,0,0)
(0,0,0)
(0,0,0)
(0,0,0)
(0,0,0)
(0,0,0)
(0,0,0)
(0,0,0)
(0,0,0)
(0,0,0)
(0,0,0)
(0,0,0)
(0,0,0)
(0,0,0)
(0,0,0)
(0,0,0)
(0,0,0)
(0,0,0)
(0,0,0)
(0,0,0)
(0,0,0)
(0,0,0)
(0,0,0)
(0,0,0)
(0,0,0)
(0,0,0)
(0,0,0)
(0,0,0)
(0,0,0)
(0,0,0)
(0,0,0)
(0,0,0)
(0,0,0)
(0,0,0)
(0,0,0)
(0,0,0)
(0,0,0)
(0,0,0)
(0,0,0)
(0,0,0)
(0,0,0)
(0,0,0)
(0,0,0)
(0,0,0)
(0,0,0)
(0,0,0)
(0,0,0)
(0,0,0)
(0,0,0)
(0,0,0)
(0,0,0)
(0,0,0)
(0,0,0)
(0,0,0)
(0,0,0)
(0,0,0)
(0,0,0)
(0,0,0)
(0,0,0)
(0,0,0)
(0,0,0)
(0,0,0)
(0,0,0)
(0,0,0)
(0,0,0)
(0,0,0)
(0,0,0)
(0,0,0)
(0,0,0)
(0,0,0)
(0,0,0)
(0,0,0)
(0,0,0)
(0,0,0)
(0,0,0)
(0,0,0)
(0,0,0)
(0,0,0)
(0,0,0)
(0,0,0)
(0,0,0)
(0,0,0)
(0,0,0)
(0,0,0)
(0,0,0)
(0,0,0)
(0,0,0)
(0,0,0)
(0,0,0)
(0,0,0)
(0,0,0)
(0,0,0)
(0,0,0)
(0,0,0)
(0,0,0)
(0,0,0)
(0,0,0)
(0,0,0)
(0,0,0)
(0,0,0)
(0,0,0)
(0,0,0)
(0,0,0)
(0,0,0)
(0,0,0)
(0,0,0)
(0,0,0)
(0,0,0)
(0,0,0)
(0,0,0)
(0,0,0)
(0,0,0)
(0,0,0)
(0,0,0)
(0,0,0)
(0,0,0)
(0,0,0)
(0,0,0)
(0,0,0)
(0,0,0)
(0,0,0)
(0,0,0)
(0,0,0)
(0,0,0)
(0,0,0)
(0,0,0)
(0,0,0)
(0,0,0)
(0,0,0)
(0,0,0)
(0,0,0)
(0,0,0)
(0,0,0)
(0,0,0)
(0,0,0)
(0,0,0)
(0,0,0)
(0,0,0)
(0,0,0)
(0,0,0)
(0,0,0)
(0,0,0)
(0,0,0)
(0,0,0)
(0,0,0)
(0,0,0)
(0,0,0)
(0,0,0)
(0,0,0)
(0,0,0)
(0,0,0)
(0,0,0)
(0,0,0)
(0,0,0)
(0,0,0)
(0,0,0)
(0,0,0)
(0,0,0)
(0,0,0)
(0,0,0)
(0,0,0)
(0,0,0)
(0,0,0)
(0,0,0)
(0,0,0)
(0,0,0)
(0,0,0)
(0,0,0)
(0,0,0)
(0,0,0)
(0,0,0)
(0,0,0)
(0,0,0)
(0,0,0)
(0,0,0)
(0,0,0)
(0,0,0)
(0,0,0)
(0,0,0)
(0,0,0)
(0,0,0)
(0,0,0)
(0,0,0)
(0,0,0)
(0,0,0)
(0,0,0)
(0,0,0)
(0,0,0)
(0,0,0)
(0,0,0)
(0,0,0)
(0,0,0)
(0,0,0)
(0,0,0)
(0,0,0)
(0,0,0)
(0,0,0)
(0,0,0)
(0,0,0)
(0,0,0)
(0,0,0)
(0,0,0)
(0,0,0)
(0,0,0)
(0,0,0)
(0,0,0)
(0,0,0)
(0,0,0)
(0,0,0)
(0,0,0)
(0,0,0)
(0,0,0)
(0,0,0)
(0,0,0)
(0,0,0)
(0,0,0)
(0,0,0)
(0,0,0)
(0,0,0)
(0,0,0)
(0,0,0)
(0,0,0)
(0,0,0)
(0,0,0)
(0,0,0)
(0,0,0)
(0,0,0)
(0,0,0)
(0,0,0)
(0,0,0)
(0,0,0)
(0,0,0)
(0,0,0)
(0,0,0)
(0,0,0)
(0,0,0)
(0,0,0)
(0,0,0)
(0,0,0)
(0,0,0)
(0,0,0)
(0,0,0)
(0,0,0)
(0,0,0)
(0,0,0)
(0,0,0)
(0,0,0)
(0,0,0)
(0,0,0)
(0,0,0)
(0,0,0)
(0,0,0)
(0,0,0)
(0,0,0)
(0,0,0)
(0,0,0)
(0,0,0)
(0,0,0)
(0,0,0)
(0,0,0)
(0,0,0)
(0,0,0)
(0,0,0)
(0,0,0)
(0,0,0)
(0,0,0)
(0,0,0)
(0,0,0)
(0,0,0)
(0,0,0)
(0,0,0)
(0,0,0)
(0,0,0)
(0,0,0)
(0,0,0)
(0,0,0)
(0,0,0)
(0,0,0)
(0,0,0)
(0,0,0)
(0,0,0)
(0,0,0)
(0,0,0)
(0,0,0)
(0,0,0)
(0,0,0)
(0,0,0)
(0,0,0)
(0,0,0)
(0,0,0)
(0,0,0)
(0,0,0)
(0,0,0)
(0,0,0)
(0,0,0)
(0,0,0)
(0,0,0)
(0,0,0)
(0,0,0)
(0,0,0)
(0,0,0)
(0,0,0)
(0,0,0)
(0,0,0)
(0,0,0)
(0,0,0)
(0,0,0)
(0,0,0)
(0,0,0)
(0,0,0)
(0,0,0)
(0,0,0)
(0,0,0)
(0,0,0)
(0,0,0)
(0,0,0)
(0,0,0)
(0,0,0)
(0,0,0)
(0,0,0)
(0,0,0)
(0,0,0)
(0,0,0)
(0,0,0)
(0,0,0)
(0,0,0)
(0,0,0)
(0,0,0)
(0,0,0)
(0,0,0)
(0,0,0)
(0,0,0)
(0,0,0)
(0,0,0)
(0,0,0)
(0,0,0)
(0,0,0)
(0,0,0)
(0,0,0)
(0,0,0)
(0,0,0)
(0,0,0)
(0,0,0)
(0,0,0)
(0,0,0)
(0,0,0)
(0,0,0)
(0,0,0)
(0,0,0)
(0,0,0)
(0,0,0)
(0,0,0)
(0,0,0)
(0,0,0)
(0,0,0)
(0,0,0)
(0,0,0)
(0,0,0)
(0,0,0)
(0,0,0)
(0,0,0)
(0,0,0)
(0,0,0)
(0,0,0)
(0,0,0)
(0,0,0)
(0,0,0)
(0,0,0)
(0,0,0)
(0,0,0)
(0,0,0)
(0,0,0)
(0,0,0)
(0,0,0)
(0,0,0)
(0,0,0)
(0,0,0)
(0,0,0)
(0,0,0)
(0,0,0)
(0,0,0)
(0,0,0)
(0,0,0)
(0,0,0)
(0,0,0)
(0,0,0)
(0,0,0)
(0,0,0)
(0,0,0)
(0,0,0)
(0,0,0)
(0,0,0)
(0,0,0)
(0,0,0)
(0,0,0)
(0,0,0)
(0,0,0)
(0,0,0)
(0,0,0)
(0,0,0)
(0,0,0)
(0,0,0)
(0,0,0)
(0,0,0)
(0,0,0)
(0,0,0)
(0,0,0)
(0,0,0)
(0,0,0)
(0,0,0)
(0,0,0)
(0,0,0)
(0,0,0)
(0,0,0)
(0,0,0)
(0,0,0)
(0,0,0)
(0,0,0)
(0,0,0)
(0,0,0)
(0,0,0)
(0,0,0)
(0,0,0)
(0,0,0)
(0,0,0)
(0,0,0)
(0,0,0)
(0,0,0)
(0,0,0)
(0,0,0)
(0,0,0)
(0,0,0)
(0,0,0)
(0,0,0)
(0,0,0)
(0,0,0)
(0,0,0)
(0,0,0)
(0,0,0)
(0,0,0)
(0,0,0)
(0,0,0)
(0,0,0)
(0,0,0)
(0,0,0)
(0,0,0)
(0,0,0)
(0,0,0)
(0,0,0)
(0,0,0)
(0,0,0)
(0,0,0)
(0,0,0)
(0,0,0)
(0,0,0)
(0,0,0)
(0,0,0)
(0,0,0)
(0,0,0)
(0,0,0)
(0,0,0)
(0,0,0)
(0,0,0)
(0,0,0)
(0,0,0)
(0,0,0)
(0,0,0)
(0,0,0)
(0,0,0)
(0,0,0)
(0,0,0)
(0,0,0)
(0,0,0)
(0,0,0)
(0,0,0)
(0,0,0)
(0,0,0)
(0,0,0)
(0,0,0)
(0,0,0)
(0,0,0)
(0,0,0)
(0,0,0)
(0,0,0)
(0,0,0)
(0,0,0)
(0,0,0)
(0,0,0)
(0,0,0)
(0,0,0)
(0,0,0)
(0,0,0)
(0,0,0)
(0,0,0)
(0,0,0)
(0,0,0)
(0,0,0)
(0,0,0)
(0,0,0)
(0,0,0)
(0,0,0)
(0,0,0)
(0,0,0)
(0,0,0)
(0,0,0)
(0,0,0)
(0,0,0)
(0,0,0)
(0,0,0)
(0,0,0)
(0,0,0)
(0,0,0)
(0,0,0)
(0,0,0)
(0,0,0)
(0,0,0)
(0,0,0)
(0,0,0)
(0,0,0)
(0,0,0)
(0,0,0)
(0,0,0)
(0,0,0)
(0,0,0)
(0,0,0)
(0,0,0)
(0,0,0)
(0,0,0)
(0,0,0)
(0,0,0)
(0,0,0)
(0,0,0)
(0,0,0)
(0,0,0)
(0,0,0)
(0,0,0)
(0,0,0)
(0,0,0)
(0,0,0)
(0,0,0)
(0,0,0)
(0,0,0)
(0,0,0)
(0,0,0)
(0,0,0)
(0,0,0)
(0,0,0)
(0,0,0)
(0,0,0)
(0,0,0)
(0,0,0)
(0,0,0)
(0,0,0)
(0,0,0)
(0,0,0)
(0,0,0)
(0,0,0)
(0,0,0)
(0,0,0)
(0,0,0)
(0,0,0)
(0,0,0)
(0,0,0)
(0,0,0)
(0,0,0)
(0,0,0)
(0,0,0)
(0,0,0)
(0,0,0)
(0,0,0)
(0,0,0)
(0,0,0)
(0,0,0)
(0,0,0)
(0,0,0)
(0,0,0)
(0,0,0)
(0,0,0)
(0,0,0)
(0,0,0)
(0,0,0)
(0,0,0)
(0,0,0)
(0,0,0)
(0,0,0)
(0,0,0)
(0,0,0)
(0,0,0)
(0,0,0)
(0,0,0)
(0,0,0)
(0,0,0)
(0,0,0)
(0,0,0)
(0,0,0)
(0,0,0)
(0,0,0)
(0,0,0)
(0,0,0)
(0,0,0)
(0,0,0)
(0,0,0)
(0,0,0)
(0,0,0)
(0,0,0)
(0,0,0)
(0,0,0)
(0,0,0)
(0,0,0)
(0,0,0)
(0,0,0)
(0,0,0)
(0,0,0)
(0,0,0)
(0,0,0)
(0,0,0)
(0,0,0)
(0,0,0)
(0,0,0)
(0,0,0)
(0,0,0)
(0,0,0)
(0,0,0)
(0,0,0)
(0,0,0)
(0,0,0)
(0,0,0)
(0,0,0)
(0,0,0)
(0,0,0)
(0,0,0)
(0,0,0)
(0,0,0)
(0,0,0)
(0,0,0)
(0,0,0)
(0,0,0)
(0,0,0)
(0,0,0)
(0,0,0)
(0,0,0)
(0,0,0)
(0,0,0)
(0,0,0)
(0,0,0)
(0,0,0)
(0,0,0)
(0,0,0)
(0,0,0)
(0,0,0)
(0,0,0)
(0,0,0)
(0,0,0)
(0,0,0)
(0,0,0)
(0,0,0)
(0,0,0)
(0,0,0)
(0,0,0)
(0,0,0)
(0,0,0)
(0,0,0)
(0,0,0)
(0,0,0)
(0,0,0)
(0,0,0)
(0,0,0)
(0,0,0)
(0,0,0)
(0,0,0)
(0,0,0)
(0,0,0)
(0,0,0)
(0,0,0)
(0,0,0)
(0,0,0)
(0,0,0)
(0,0,0)
(0,0,0)
(0,0,0)
(0,0,0)
(0,0,0)
(0,0,0)
(0,0,0)
(-64983.6666429229,34447.1095390844,30536.5571038375)
(-68727.2178164882,33067.659834938,66196.1150853868)
(-77446.463249262,30081.9118385878,113560.666496058)
(-93916.5709962118,25397.0396445596,182080.197847721)
(-123588.703280329,19099.6059783156,286569.295149733)
(-176800.619725619,11810.8338475754,451559.081027782)
(-273216.190606341,5239.09282371013,719536.178810435)
(-447455.45799714,1210.98287607129,1165780.65393151)
(-738233.892172955,-89.6859355428556,1904104.23203998)
(-1028744.32716488,-155.948051813723,2933004.50725675)
(0,0,0)
(0,0,0)
(0,0,0)
(0,0,0)
(0,0,0)
(0,0,0)
(-68731.5113551748,74099.2071674373,29079.4137268202)
(-72510.0237238698,71430.4904870911,63226.6067985396)
(-81378.6549574067,65742.7479267062,108944.425667825)
(-98251.9402624211,56740.6819793423,175852.723595464)
(-128737.497171406,44308.6008088835,279381.225936299)
(-183248.148525392,29455.6160110663,444984.592298189)
(-280739.289456651,15456.393357851,715506.58122069)
(-454307.265179596,6574.65192943564,1164450.17734688)
(-742778.980815002,3130.25008217036,1904009.22214422)
(-1030865.07423817,1587.07783207082,2933131.27049841)
(0,0,0)
(0,0,0)
(0,0,0)
(0,0,0)
(0,0,0)
(0,0,0)
(-77342.2413044903,125022.428039164,26419.0204327634)
(-81195.4115572561,121417.150146823,57627.7723302914)
(-90343.8201996949,113734.25888489,99980.0815718081)
(-108041.777318416,101307.14631293,163455.394556638)
(-140455.011814742,83586.4012942784,264632.605885972)
(-198358.836692181,61431.6585802838,431015.400008938)
(-299226.307873861,39004.73022957,706693.371011094)
(-471343.711393095,23571.7974669481,1161039.93686662)
(-753752.560997831,15483.9763991917,1902438.7715475)
(-1035849.85575606,8395.57106074343,2931480.13407488)
(0,0,0)
(0,0,0)
(0,0,0)
(0,0,0)
(0,0,0)
(0,0,0)
(-93366.538237525,195553.999375023,22834.9669016668)
(-97321.4187395,191559.630434191,50013.9053538006)
(-106822.651518427,182988.969841786,87581.8459153233)
(-125724.919176273,168887.130517269,145726.78088725)
(-161361.618654896,148207.083619183,242467.717217252)
(-225746.863706244,121058.794645896,408587.444857875)
(-334613.044330581,90869.2012134141,691336.018204609)
(-504270.863629532,66198.6731958253,1152980.00610524)
(-773854.340275841,47002.7973629445,1895315.52541726)
(-1044626.86987294,25275.0832866823,2923062.88306444)
(0,0,0)
(0,0,0)
(0,0,0)
(0,0,0)
(0,0,0)
(0,0,0)
(-122136.158712469,298894.331361643,18795.8267258428)
(-126090.825865057,295026.864146616,41419.4188784735)
(-135770.051365396,286724.253302968,73454.1867826863)
(-155684.106378388,273011.036399477,125014.387278867)
(-194659.502746823,252655.8310825,215225.142562375)
(-267065.572762155,225004.064951082,378345.445019324)
(-388460.238968247,191038.224043086,666636.661157897)
(-554346.042635125,153429.220806252,1133752.15618264)
(-803020.758932444,110254.849856231,1873520.8626219)
(-1057281.13956474,58417.1659022325,2897659.91957109)
(0,0,0)
(0,0,0)
(0,0,0)
(0,0,0)
(0,0,0)
(0,0,0)
(-174115.718979128,458164.449906364,14845.6004344136)
(-177855.35877028,454708.879642023,33018.9437092788)
(-187197.746642254,447317.647158498,59623.2964960064)
(-206904.219802913,434997.282494996,104541.27020339)
(-246275.607972554,416068.872040606,187403.837217847)
(-320046.762396545,388180.638181113,344274.02638437)
(-441773.776840543,348122.462255445,628963.565012547)
(-600138.514195798,292004.149853232,1090527.15016138)
(-834590.946781693,213779.27374061,1821593.67305875)
(-1073185.7979463,114115.606283202,2839081.03062401)
(0,0,0)
(0,0,0)
(0,0,0)
(0,0,0)
(0,0,0)
(0,0,0)
(-269448.975726733,716252.94470857,11360.4809245192)
(-272764.824161062,713262.58797784,25571.5967497711)
(-281139.477778302,706839.128960636,47189.5927259372)
(-299137.56802614,695843.279549916,85481.1636971563)
(-335673.063119088,677894.963240945,159328.135615904)
(-404952.212059854,648369.793680557,304091.192176325)
(-519170.131735206,598629.155052255,572754.631114735)
(-663191.733260484,515790.955399602,1012159.55882885)
(-881661.643202167,385942.845252423,1721657.63051914)
(-1099158.8618836,210304.423776551,2724627.67490948)
(0,0,0)
(0,0,0)
(0,0,0)
(0,0,0)
(0,0,0)
(0,0,0)
(-443767.337416862,1151659.56391418,8360.71821125172)
(-446437.14852993,1148980.31822012,19080.1364989172)
(-453183.52097577,1143027.76708618,36075.0193491626)
(-467809.582328616,1132295.54832258,67432.3329050984)
(-497800.471160409,1113470.5118133,129657.255493156)
(-555370.910184905,1079212.27867425,254185.680684359)
(-651013.625642659,1014111.22393849,489717.237440742)
(-767658.95301892,891142.634407417,882024.511451869)
(-967191.04030008,689539.83735303,1545618.55965134)
(-1148855.08155621,390883.508318704,2513894.55666536)
(0,0,0)
(0,0,0)
(0,0,0)
(0,0,0)
(0,0,0)
(0,0,0)
(-735680.118662449,1881709.68051171,5630.00206491338)
(-737496.466063264,1879064.85545355,13041.9308947399)
(-742088.837071403,1872899.6587864,25258.8762658668)
(-751932.838026014,1860979.02841818,48508.2341962614)
(-771737.766647362,1838439.67228542,95276.8403715076)
(-808989.45737543,1794588.957425,188889.618996194)
(-871606.706975749,1708159.59730995,366447.952600484)
(-964772.485125336,1542315.89262071,680047.179512555)
(-1124974.381931,1247957.66550335,1246603.73329312)
(-1235561.29548599,750427.891878155,2122620.64521967)
(0,0,0)
(0,0,0)
(0,0,0)
(0,0,0)
(0,0,0)
(0,0,0)
(-1027556.59487527,2906374.96808247,2891.30730450187)
(-1028448.00331532,2903650.51649147,6753.6495818958)
(-1030732.80364243,2897116.31252198,13269.7994887654)
(-1035578.38767232,2883959.8306841,25867.3848952188)
(-1045183.64416254,2858142.57225594,51348.1290872545)
(-1063142.33012742,2806790.75423431,102288.662405331)
(-1094476.64518757,2704641.15238272,200283.752520114)
(-1147341.93933203,2504673.67172994,385267.912742905)
(-1235247.35818296,2119781.94313204,748690.993297117)
(-1244099.78529195,1371446.81661682,1371771.85385046)
(0,0,0)
(0,0,0)
(0,0,0)
(0,0,0)
(0,0,0)
(0,0,0)
(0,0,0)
(0,0,0)
(0,0,0)
(0,0,0)
(0,0,0)
(0,0,0)
(0,0,0)
(0,0,0)
(0,0,0)
(0,0,0)
(0,0,0)
(0,0,0)
(0,0,0)
(0,0,0)
(0,0,0)
(0,0,0)
(0,0,0)
(0,0,0)
(0,0,0)
(0,0,0)
(0,0,0)
(0,0,0)
(0,0,0)
(0,0,0)
(0,0,0)
(0,0,0)
(0,0,0)
(0,0,0)
(0,0,0)
(0,0,0)
(0,0,0)
(0,0,0)
(0,0,0)
(0,0,0)
(0,0,0)
(0,0,0)
(0,0,0)
(0,0,0)
(0,0,0)
(0,0,0)
(0,0,0)
(0,0,0)
(0,0,0)
(0,0,0)
(0,0,0)
(0,0,0)
(0,0,0)
(0,0,0)
(0,0,0)
(0,0,0)
(0,0,0)
(0,0,0)
(0,0,0)
(0,0,0)
(0,0,0)
(0,0,0)
(0,0,0)
(0,0,0)
(0,0,0)
(0,0,0)
(0,0,0)
(0,0,0)
(0,0,0)
(0,0,0)
(0,0,0)
(0,0,0)
(0,0,0)
(0,0,0)
(0,0,0)
(0,0,0)
(0,0,0)
(0,0,0)
(0,0,0)
(0,0,0)
(0,0,0)
(0,0,0)
(0,0,0)
(0,0,0)
(0,0,0)
(0,0,0)
(0,0,0)
(0,0,0)
(0,0,0)
(0,0,0)
(0,0,0)
(0,0,0)
(0,0,0)
(0,0,0)
(0,0,0)
(0,0,0)
(0,0,0)
(0,0,0)
(0,0,0)
(0,0,0)
(0,0,0)
(0,0,0)
(9650393.29511365,30689.0515066684,26786.1148677361)
(9644114.07857575,29247.2047358366,57549.7418707671)
(9629609.60810053,26141.0456810721,97204.7529708138)
(9602549.55484116,21087.777297571,152502.977966837)
(9554386.20069044,13973.2411430758,233406.960983934)
(9468771.88990005,5437.13316318432,355249.446326022)
(9311658.16440343,-2207.34314525299,545434.562592352)
(9001211.22096196,-5593.80346069772,875213.815224948)
(8300631.97384259,-4610.53644056301,1613810.61378099)
(6398068.49610771,-2266.60893448134,3962116.52757394)
(0,0,0)
(0,0,0)
(0,0,0)
(0,0,0)
(0,0,0)
(0,0,0)
(9644040.26612227,65477.51937428,25291.882785963)
(9637724.50996529,62728.9453736173,54427.7365900803)
(9623070.90652286,56792.2598222156,92179.0890996853)
(9595475.00480155,46966.011618544,145426.037845788)
(9546004.80337365,32592.0803490469,224917.026225803)
(9457970.36890573,14387.048633128,347600.721455758)
(9298442.46140103,-2978.27860460885,542042.034188533)
(8989292.02327744,-10415.3681810133,876116.438582761)
(8293254.27540481,-7794.72414650715,1616119.49819981)
(6394859.02320873,-3366.01558908645,3964346.93553836)
(0,0,0)
(0,0,0)
(0,0,0)
(0,0,0)
(0,0,0)
(0,0,0)
(9629478.11976308,108953.471193322,22555.8152442642)
(9623130.96322168,105289.354504518,48521.1594653808)
(9608194.80200257,97276.3970176485,82350.5281987346)
(9579401.95784028,83654.5635333228,131070.369256397)
(9526523.0342009,62746.7636558867,206789.768064949)
(9431266.06220239,34108.4140549998,330295.631879591)
(9262578.07252633,3668.37653333207,534696.7244725)
(8956346.99037099,-9304.44056013617,878747.223218645)
(8274071.95940194,-4559.21593954054,1620539.32274273)
(6386879.60255775,-354.219277227463,3967650.19624816)
(0,0,0)
(0,0,0)
(0,0,0)
(0,0,0)
(0,0,0)
(0,0,0)
(9602714.2066105,166807.54129694,18917.3131793252)
(9596353.2019372,162824.281558092,40559.8935800862)
(9581063.32910382,154071.254231411,68731.1838750855)
(9550402.88494095,138983.458322347,110126.613099906)
(9491202.48736637,115031.773336052,178129.625529544)
(9379648.83627078,79840.6899628253,299853.777775685)
(9182913.75543559,37057.4665283224,521790.016145598)
(8881408.88871549,16143.5432764123,883514.408095126)
(8235333.36266055,17863.3789492272,1624756.23840083)
(6371973.45442834,12638.4380466948,3968015.38490684)
(0,0,0)
(0,0,0)
(0,0,0)
(0,0,0)
(0,0,0)
(0,0,0)
(9555568.16626444,247047.207542137,14908.1369088954)
(9549356.53338369,243349.745302837,31787.4420463769)
(9534013.08000158,235354.494032323,53573.1990096233)
(9501766.68463972,221865.719250471,86092.275194332)
(9435330.8710716,201133.751649329,142852.05119376)
(9299358.26734488,172101.259045669,257019.770135006)
(9039836.97316154,137768.344042907,500863.808621676)
(8742640.31792763,107672.44335827,885200.67610814)
(8174750.83553815,78698.6625440794,1619445.92617357)
(6349888.59213758,42505.9306249933,3955260.83002383)
(0,0,0)
(0,0,0)
(0,0,0)
(0,0,0)
(0,0,0)
(0,0,0)
(9471654.30239874,362958.691632591,11170.6226625869)
(9465897.62533047,359907.66120566,23711.8507899895)
(9451313.55467153,353467.081937868,39940.0897016994)
(9419676.62320504,342859.486453738,65217.6076216371)
(9352514.52928946,326746.297873626,113667.052266332)
(9212697.93312744,303309.519045227,222566.224873732)
(8950007.00443882,270734.890638233,470671.025130124)
(8665955.13648817,228959.052070717,856142.893864712)
(8123262.50692914,166729.8460376,1583110.3847914)
(6324612.32497486,88146.1612450613,3912524.15938107)
(0,0,0)
(0,0,0)
(0,0,0)
(0,0,0)
(0,0,0)
(0,0,0)
(9316181.68158459,542070.561891338,8109.60056094659)
(9311155.50057173,539726.135169696,17222.929995101)
(9298243.88666344,534927.662394369,29231.1132279397)
(9269547.98912524,527282.030048343,48975.1406129055)
(9206993.36369484,515836.124027615,90071.0157760078)
(9073385.34495638,498003.566100709,189891.539835198)
(8818711.48586969,466813.417230654,428783.523768818)
(8562318.91616561,411348.63767802,793735.416866449)
(8046928.90475048,300465.302337119,1504261.54074518)
(6281441.34264972,160642.535917391,3824017.08967059)
(0,0,0)
(0,0,0)
(0,0,0)
(0,0,0)
(0,0,0)
(0,0,0)
(9005466.35253585,859929.029430343,5759.9706393266)
(9001471.43082786,858072.340904261,12357.3136779345)
(8991193.06414254,854273.120703426,21487.3983816043)
(8968042.34988098,848329.559482935,37440.0648683829)
(8916542.21159519,839683.338074398,72102.2961969016)
(8803267.74721065,825740.73672957,158578.596303617)
(8580479.13910783,793623.228595565,373128.148319258)
(8413037.94365587,694088.934353286,682543.08310005)
(7892789.82364424,531816.610437811,1364063.03918604)
(6181476.91257962,304245.432655414,3662980.27644315)
(0,0,0)
(0,0,0)
(0,0,0)
(0,0,0)
(0,0,0)
(0,0,0)
(8303147.80341054,1590098.30884053,3854.92664789233)
(8300465.7195924,1588337.55949723,8479.65053031056)
(8293591.76486963,1584467.5315376,15456.7658860722)
(8278443.67986742,1577561.53566282,28700.3999437214)
(8246224.93628664,1565235.09236484,58038.0708502161)
(8180643.28257121,1540686.59444016,126311.601324111)
(8062335.09970895,1485493.47276786,273351.678598225)
(7895742.83194238,1359869.11825929,519908.305755576)
(7425712.12322525,1137760.46873311,1136130.07043507)
(5877320.29374273,741967.324075516,3358378.71791726)
(0,0,0)
(0,0,0)
(0,0,0)
(0,0,0)
(0,0,0)
(0,0,0)
(6399033.30533276,3934366.19670846,1994.34005498697)
(6397717.35254951,3932542.32220626,4476.34961203796)
(6394334.71989513,3928276.69350485,8451.79223828474)
(6387041.98024458,3919953.96922323,16291.118892098)
(6372050.5031184,3903718.80917613,33425.3829309519)
(6342558.46286142,3870293.79474722,70969.5177661276)
(6287932.82584632,3799446.03982014,147459.607810986)
(6183147.72582717,3652280.18644707,297411.00259519)
(5877600.13653995,3355239.5243026,739936.58043386)
(4778968.40322769,2615678.10136562,2616009.74275511)
(0,0,0)
(0,0,0)
(0,0,0)
(0,0,0)
(0,0,0)
(0,0,0)
(0,0,0)
(0,0,0)
(0,0,0)
(0,0,0)
(0,0,0)
(0,0,0)
(0,0,0)
(0,0,0)
(0,0,0)
(0,0,0)
(0,0,0)
(0,0,0)
(0,0,0)
(0,0,0)
(0,0,0)
(0,0,0)
(0,0,0)
(0,0,0)
(0,0,0)
(0,0,0)
(0,0,0)
(0,0,0)
(0,0,0)
(0,0,0)
(0,0,0)
(0,0,0)
(0,0,0)
(0,0,0)
(0,0,0)
(0,0,0)
(0,0,0)
(0,0,0)
(0,0,0)
(0,0,0)
(0,0,0)
(0,0,0)
(0,0,0)
(0,0,0)
(0,0,0)
(0,0,0)
(0,0,0)
(0,0,0)
(0,0,0)
(0,0,0)
(0,0,0)
(0,0,0)
(0,0,0)
(0,0,0)
(0,0,0)
(0,0,0)
(0,0,0)
(0,0,0)
(0,0,0)
(0,0,0)
(0,0,0)
(0,0,0)
(0,0,0)
(0,0,0)
(0,0,0)
(0,0,0)
(0,0,0)
(0,0,0)
(0,0,0)
(0,0,0)
(0,0,0)
(0,0,0)
(0,0,0)
(0,0,0)
(0,0,0)
(0,0,0)
(0,0,0)
(0,0,0)
(0,0,0)
(0,0,0)
(0,0,0)
(0,0,0)
(0,0,0)
(0,0,0)
(0,0,0)
(0,0,0)
(0,0,0)
(0,0,0)
(0,0,0)
(0,0,0)
(0,0,0)
(0,0,0)
(0,0,0)
(0,0,0)
(0,0,0)
(0,0,0)
(0,0,0)
(0,0,0)
(0,0,0)
(0,0,0)
(0,0,0)
(0,0,0)
(-167191.23537844,24224.0595921267,20508.3427689869)
(-174156.240313596,22783.5002070983,43143.0333201248)
(-189932.189172591,19575.1274493124,70257.5750130249)
(-218544.244908719,14021.8638721855,104477.382759749)
(-267471.195824527,5572.7751059082,147909.876037875)
(-349098.828485764,-5358.13196216656,198286.598254903)
(-482616.298661175,-15413.8938822149,235122.827070839)
(-693909.775799595,-17524.9664165102,174916.662117893)
(-996944.979490107,-12027.1032211922,-288331.409459222)
(-1222413.00594475,-5513.55977401164,-2435188.47576372)
(0,0,0)
(0,0,0)
(0,0,0)
(0,0,0)
(0,0,0)
(0,0,0)
(-174488.159420734,50880.9898838299,19019.3671202776)
(-181354.869441597,48131.82011978,39898.2984834235)
(-196971.791391445,41954.5824198873,64709.4132961378)
(-225634.463210699,30941.333499122,96047.2835504062)
(-275315.042675748,13113.7502259386,136974.026348748)
(-359164.618245439,-12309.233593367,188207.987000094)
(-495823.222817661,-38803.6728794529,233011.322084942)
(-705078.169750792,-43311.9253657319,180316.345931407)
(-1002531.99588827,-26925.027003358,-281851.587124252)
(-1224357.11254488,-11307.1243295425,-2429694.01494597)
(0,0,0)
(0,0,0)
(0,0,0)
(0,0,0)
(0,0,0)
(0,0,0)
(-190947.132242085,82204.0753868025,16250.038371317)
(-197562.374240827,78546.9780216034,33676.0898010434)
(-212869.107279486,70199.710150653,53642.7432212785)
(-241810.612395951,54717.6035047973,78226.9153207063)
(-294073.758303815,27494.0634396472,111591.26648067)
(-386578.558798488,-17460.7168836687,161735.242640763)
(-539989.522938616,-75933.058304649,228580.095399861)
(-743764.785480879,-84150.2343949026,196678.052149809)
(-1019549.24672063,-43205.7456561355,-266272.151205658)
(-1229843.34498975,-15211.7487755327,-2418496.70734327)
(0,0,0)
(0,0,0)
(0,0,0)
(0,0,0)
(0,0,0)
(0,0,0)
(-220297.120404084,119770.208343363,12593.0659270495)
(-226577.615851192,115898.846232348,25319.8873736634)
(-241454.211452208,107068.797274187,38116.2126751438)
(-270972.171341858,90391.5765390532,50965.167792627)
(-329060.768886029,59236.9178769207,66633.4414766947)
(-446921.635371905,-380.208347598164,103271.27645234)
(-677044.844144152,-105985.691582155,220430.381178504)
(-870224.996015102,-122583.909475809,237645.812858915)
(-1062135.75492039,-42682.9995125012,-238259.943834649)
(-1241601.08975928,-9434.46589380281,-2403314.81065989)
(0,0,0)
(0,0,0)
(0,0,0)
(0,0,0)
(0,0,0)
(0,0,0)
(-269613.44356922,163368.7778121,8730.91223391829)
(-275388.227299502,160044.915557483,16477.4754609969)
(-289421.697114973,152760.457124807,21368.4645957908)
(-318918.203878382,139852.230041197,19740.5714808083)
(-383870.967691767,118372.348638186,6954.85135178605)
(-550061.524482953,85500.1976891087,-2357.89098820129)
(-1093208.89666282,47975.1340105988,203875.025112336)
(-1297496.40507287,31050.1587977635,317525.551708233)
(-1145428.57165254,27270.9572624695,-205101.126006935)
(-1260739.05045051,17258.7077161226,-2394018.78515971)
(0,0,0)
(0,0,0)
(0,0,0)
(0,0,0)
(0,0,0)
(0,0,0)
(-350925.206553727,207659.562539638,5436.59609402415)
(-355961.37771054,205323.576679095,9164.80988245802)
(-368505.123467408,200521.694060098,8370.12295505998)
(-395920.115242854,192811.906242436,-1844.94292943855)
(-459014.540843449,181264.372318342,-26060.0246076832)
(-624700.822895624,164012.188047485,-40025.3870739346)
(-1141121.59210422,139453.71225276,186772.503095842)
(-1328075.11490508,125386.208856196,313614.576299589)
(-1183935.70324759,90499.2608938038,-215267.645286134)
(-1279755.04820056,45029.4189371118,-2411523.11146257)
(0,0,0)
(0,0,0)
(0,0,0)
(0,0,0)
(0,0,0)
(0,0,0)
(-483673.248699941,231540.821804399,3121.54288873691)
(-487849.392165475,230248.231098442,4349.653075612)
(-498403.305079045,228057.919908821,608.490838274035)
(-522269.88853205,225897.441943258,-13511.2953362024)
(-580121.567484843,225488.759091163,-43472.8790603552)
(-742226.185723968,227988.483587744,-64689.7720511627)
(-1280551.89056754,228649.925041677,172525.263466225)
(-1453260.2961088,262140.934592428,278497.621873418)
(-1242343.83479685,146400.804525086,-260983.310341361)
(-1311171.83185611,60703.1993599372,-2456896.04438943)
(0,0,0)
(0,0,0)
(0,0,0)
(0,0,0)
(0,0,0)
(0,0,0)
(-695547.203924328,157862.262807715,1839.98732582009)
(-698716.565473872,157289.683905972,2134.40268906242)
(-706765.585483219,156896.453551835,-1597.6094592345)
(-725445.984058011,158941.629155997,-14005.5908639597)
(-773283.029933582,169546.081912918,-41089.8002878395)
(-921856.455225645,203274.568519119,-64103.8109140328)
(-1509206.19942796,275585.640307918,205793.684224472)
(-1231177.82416132,176884.609153113,162413.649350045)
(-1289021.38067559,64823.2820121428,-347049.751948102)
(-1359835.01585308,145.339341244975,-2518032.09162759)
(0,0,0)
(0,0,0)
(0,0,0)
(0,0,0)
(0,0,0)
(0,0,0)
(-999506.651618545,-313547.834178556,1212.42388428465)
(-1001549.68227256,-313998.349408077,1663.73093223998)
(-1006696.55558603,-314386.469012907,382.84582167095)
(-1018174.45086506,-313444.72603942,-3464.79638140843)
(-1044499.08094738,-308584.119577574,-7462.70578783471)
(-1107411.41616568,-297071.381883521,8085.81522055963)
(-1245015.9375087,-288661.316071221,106831.680686281)
(-1290860.67090068,-352517.941327215,49985.6058785863)
(-1410077.37758392,-410181.887573348,-412071.851857752)
(-1432639.6485065,-356279.543948877,-2518539.15444945)
(0,0,0)
(0,0,0)
(0,0,0)
(0,0,0)
(0,0,0)
(0,0,0)
(-1224340.63048092,-2463708.87878158,682.852285716527)
(-1225321.57881557,-2464255.84392846,1127.15004012998)
(-1227787.09258485,-2465199.34640925,1209.71178546263)
(-1233108.4340943,-2466299.67876898,1362.95072278077)
(-1244428.58156704,-2467619.27042578,4025.05812541093)
(-1268130.13620946,-2471610.34796175,16400.4951434368)
(-1311991.05234592,-2487921.57643279,42732.5055662289)
(-1361095.82972519,-2530356.94123413,-8037.06710569245)
(-1433020.01212341,-2521915.62750537,-358535.306641368)
(-1383052.89126145,-2163002.73739197,-2162642.94684023)
(0,0,0)
(0,0,0)
(0,0,0)
(0,0,0)
(0,0,0)
(0,0,0)
(0,0,0)
(0,0,0)
(0,0,0)
(0,0,0)
(0,0,0)
(0,0,0)
(0,0,0)
(0,0,0)
(0,0,0)
(0,0,0)
(0,0,0)
(0,0,0)
(0,0,0)
(0,0,0)
(0,0,0)
(0,0,0)
(0,0,0)
(0,0,0)
(0,0,0)
(0,0,0)
(0,0,0)
(0,0,0)
(0,0,0)
(0,0,0)
(0,0,0)
(0,0,0)
(0,0,0)
(0,0,0)
(0,0,0)
(0,0,0)
(0,0,0)
(0,0,0)
(0,0,0)
(0,0,0)
(0,0,0)
(0,0,0)
(0,0,0)
(0,0,0)
(0,0,0)
(0,0,0)
(0,0,0)
(0,0,0)
(0,0,0)
(0,0,0)
(0,0,0)
(0,0,0)
(0,0,0)
(0,0,0)
(0,0,0)
(0,0,0)
(0,0,0)
(0,0,0)
(0,0,0)
(0,0,0)
(0,0,0)
(0,0,0)
(0,0,0)
(0,0,0)
(0,0,0)
(0,0,0)
(0,0,0)
(0,0,0)
(0,0,0)
(0,0,0)
(0,0,0)
(0,0,0)
(0,0,0)
(0,0,0)
(0,0,0)
(0,0,0)
(0,0,0)
(0,0,0)
(0,0,0)
(0,0,0)
(0,0,0)
(0,0,0)
(0,0,0)
(0,0,0)
(0,0,0)
(0,0,0)
(0,0,0)
(0,0,0)
(0,0,0)
(0,0,0)
(0,0,0)
(0,0,0)
(0,0,0)
(0,0,0)
(0,0,0)
(0,0,0)
(0,0,0)
(0,0,0)
(0,0,0)
(0,0,0)
(0,0,0)
(0,0,0)
(-197639.514448228,16866.8863133092,13581.3927564787)
(-203622.465698549,15559.1347354024,27488.4834060337)
(-216703.992070722,12512.0648961845,41748.2214079828)
(-239378.917988986,6920.98410729506,55661.9103809517)
(-275933.972679889,-2268.67873348362,66393.3659697962)
(-332190.804271895,-15421.6521908398,64906.9939467673)
(-413070.403386611,-28618.1421730287,23979.2408452324)
(-513398.868464211,-28708.4364415619,-127823.230048588)
(-593755.048921642,-17661.5763754043,-513351.584241613)
(-516118.800474918,-7515.60462253059,-1212130.18508889)
(0,0,0)
(0,0,0)
(0,0,0)
(0,0,0)
(0,0,0)
(0,0,0)
(-204328.971544601,34497.1401256577,12210.5583115171)
(-209963.708462903,31977.1308797713,24401.4011884565)
(-222317.542146621,26091.9009667446,36167.3158730765)
(-243813.832844285,14797.5006256729,46470.1689882782)
(-278724.176321318,-5614.24830128169,53224.8722016403)
(-333366.966969299,-39695.520794984,51701.0895296491)
(-413753.52654335,-82918.9218171657,23932.1728994762)
(-511045.083368185,-81956.6622810128,-116852.687643678)
(-589863.161890051,-43922.8394499395,-503260.25856734)
(-513688.659386805,-16773.2928845514,-1204671.02346348)
(0,0,0)
(0,0,0)
(0,0,0)
(0,0,0)
(0,0,0)
(0,0,0)
(-219041.055126952,52948.6368279672,9642.42618256287)
(-223988.711643771,49622.7580083856,18423.1364568908)
(-234878.224079337,41722.8576338119,24801.2965896718)
(-253912.377992473,25638.9370152797,26061.625796587)
(-285382.344923659,-7423.08498216714,19179.0490973145)
(-337845.251531374,-77740.1317681862,8490.35280338692)
(-426488.079336838,-212907.370299767,24977.3576842106)
(-511400.311564076,-210496.33851891,-78847.4399947119)
(-580438.536258496,-85685.569451111,-476195.420455671)
(-507845.063013582,-26885.3435531922,-1188081.65176322)
(0,0,0)
(0,0,0)
(0,0,0)
(0,0,0)
(0,0,0)
(0,0,0)
(-244324.312161852,70652.6990719885,6323.12951375585)
(-248377.960585889,67266.2398643787,10479.992392465)
(-257170.231829319,59264.5946762897,8654.27572710283)
(-272178.580456526,42541.7771593641,-7042.15530231373)
(-296883.508940521,4484.84529227114,-51127.3455222578)
(-345673.473871111,-103465.28310793,-126650.355683314)
(-521947.583800759,-522112.663768331,27457.6774418534)
(-549462.244527773,-549792.844540452,45991.4319760586)
(-558515.527551055,-125917.001560988,-417397.363283418)
(-496077.127157546,-28541.8764399956,-1161264.79299841)
(0,0,0)
(0,0,0)
(0,0,0)
(0,0,0)
(0,0,0)
(0,0,0)
(-284314.820747844,82365.8433677711,2988.23288284108)
(-287330.455302312,79723.9125830779,2472.78816695445)
(-293489.985665386,73890.0854051079,-8084.41401144251)
(-302337.864453505,62994.7638193093,-45117.7400962625)
(-308670.678148478,43294.1895469985,-159127.373894285)
(-278269.874307508,10902.9763627576,-545287.283540425)
(7.92185511754876e-05,2.07831819538736e-05,-5.04864975427208e-05)
(59.2060927753709,468.749591579863,469881.657766724)
(-470146.576723139,-11195.1603244056,-320122.178399298)
(-474751.650382286,-1726.36436264984,-1132925.09054489)
(0,0,0)
(0,0,0)
(0,0,0)
(0,0,0)
(0,0,0)
(0,0,0)
(-344126.549861586,75138.8299260429,428.356749591501)
(-346115.049281961,73662.7543483755,-3356.81344429131)
(-349837.050643382,70852.9350924888,-18987.7359556916)
(-353671.750655335,66623.3576619923,-64864.6943858944)
(-349167.162975338,60236.366205712,-191654.24891273)
(-295661.209761964,46510.0466602545,-556300.932343884)
(7.27591038448096e-05,2.82981862403783e-05,-4.12719897479755e-05)
(-322.199307525302,242.357764090015,457970.841656062)
(-458487.868704893,32162.0033487318,-310834.156559763)
(-474492.144993579,13659.0880783267,-1131482.51220763)
(0,0,0)
(0,0,0)
(0,0,0)
(0,0,0)
(0,0,0)
(0,0,0)
(-427495.689727017,19942.2439452227,-980.972992093211)
(-428657.137074035,19642.5124456726,-6152.98618083605)
(-430428.788501007,19931.6808807471,-23206.2485471212)
(-430409.83745765,22872.8514227554,-71315.7933822827)
(-418137.273521075,32454.4255668431,-205518.146707187)
(-346818.027491276,48464.6386776114,-602880.896957232)
(0.000199364806280379,-7.30171059468632e-05,-5.48810460894906e-05)
(-614.865632163129,484239.438538645,489655.730201954)
(-490679.559239719,99719.8881882548,-329566.430194696)
(-493677.629966624,12037.5200279009,-1145439.06403376)
(0,0,0)
(0,0,0)
(0,0,0)
(0,0,0)
(0,0,0)
(0,0,0)
(-528659.384843059,-145709.919530783,-1235.65560527314)
(-529223.248881773,-145230.92357693,-5855.53617477559)
(-529696.600169691,-142761.084781868,-20231.7558256934)
(-527464.974306363,-133576.078421675,-61763.835732919)
(-511514.735100474,-101507.130338722,-189570.574660465)
(-429557.727756507,17865.7459698421,-651270.409421826)
(-365.699841713791,539854.88938742,484061.684322929)
(-484901.029580387,117243.466207439,104780.862073181)
(-610685.800720567,-56215.9764758448,-417618.85321775)
(-534892.473767863,-72647.3510519037,-1157876.52422319)
(0,0,0)
(0,0,0)
(0,0,0)
(0,0,0)
(0,0,0)
(0,0,0)
(-606572.692042552,-537853.192684627,-790.686422143562)
(-606794.271009017,-537318.044762439,-3458.97650016361)
(-606791.601813371,-535072.040019166,-11052.9750355051)
(-605075.551927022,-528010.651946241,-29717.3004489649)
(-597210.773459401,-508210.043874885,-70302.694400776)
(-572959.248976773,-457512.398147678,-129376.717472174)
(-540252.814078282,-355431.328756804,61146.3772416204)
(-620810.336731859,-422589.32030754,-69071.1704122133)
(-667947.906375534,-432997.366877526,-434419.251218898)
(-547497.058526433,-306610.781709513,-1085598.41054138)
(0,0,0)
(0,0,0)
(0,0,0)
(0,0,0)
(0,0,0)
(0,0,0)
(-523304.801178624,-1238597.02524725,-291.996739651036)
(-523378.655386658,-1238227.19400542,-1325.77092557055)
(-523340.285937721,-1236777.70451453,-4066.91307733363)
(-522675.85014725,-1232618.0789486,-9892.07002199928)
(-520199.724127966,-1222708.0624807,-19622.9088552611)
(-514838.093448902,-1203046.96138142,-27380.3883820911)
(-512931.416780012,-1175585.97745617,-6285.3752485932)
(-541139.282845729,-1168967.37485894,-79863.8675766338)
(-548820.169752205,-1088632.35113304,-308428.725692326)
(-438920.622953731,-779784.521630203,-779387.254079343)
(0,0,0)
(0,0,0)
(0,0,0)
(0,0,0)
(0,0,0)
(0,0,0)
(0,0,0)
(0,0,0)
(0,0,0)
(0,0,0)
(0,0,0)
(0,0,0)
(0,0,0)
(0,0,0)
(0,0,0)
(0,0,0)
(0,0,0)
(0,0,0)
(0,0,0)
(0,0,0)
(0,0,0)
(0,0,0)
(0,0,0)
(0,0,0)
(0,0,0)
(0,0,0)
(0,0,0)
(0,0,0)
(0,0,0)
(0,0,0)
(0,0,0)
(0,0,0)
(0,0,0)
(0,0,0)
(0,0,0)
(0,0,0)
(0,0,0)
(0,0,0)
(0,0,0)
(0,0,0)
(0,0,0)
(0,0,0)
(0,0,0)
(0,0,0)
(0,0,0)
(0,0,0)
(0,0,0)
(0,0,0)
(0,0,0)
(0,0,0)
(0,0,0)
(0,0,0)
(0,0,0)
(0,0,0)
(0,0,0)
(0,0,0)
(0,0,0)
(0,0,0)
(0,0,0)
(0,0,0)
(0,0,0)
(0,0,0)
(0,0,0)
(0,0,0)
(0,0,0)
(0,0,0)
(0,0,0)
(0,0,0)
(0,0,0)
(0,0,0)
(0,0,0)
(0,0,0)
(0,0,0)
(0,0,0)
(0,0,0)
(0,0,0)
(0,0,0)
(0,0,0)
(0,0,0)
(0,0,0)
(0,0,0)
(0,0,0)
(0,0,0)
(0,0,0)
(0,0,0)
(0,0,0)
(0,0,0)
(0,0,0)
(0,0,0)
(0,0,0)
(0,0,0)
(0,0,0)
(0,0,0)
(0,0,0)
(0,0,0)
(0,0,0)
(0,0,0)
(0,0,0)
(0,0,0)
(0,0,0)
(0,0,0)
(0,0,0)
(-215570.568646377,10212.4092468692,7718.64495128211)
(-219643.731738134,9224.79227621,14515.1187146584)
(-228127.588812479,6887.70078048822,19051.0146759226)
(-241846.888293984,2481.14603689686,19037.8389440253)
(-261974.162165671,-5043.05953954677,10121.0879693522)
(-289550.223684249,-16592.6632264088,-15926.8293918897)
(-323543.718126026,-29281.558266565,-76171.9563859091)
(-355382.797881815,-26336.9391205598,-207851.087847747)
(-352481.586035351,-13798.6740538572,-435325.876680189)
(-250767.449399467,-5129.33325354485,-695547.894502079)
(0,0,0)
(0,0,0)
(0,0,0)
(0,0,0)
(0,0,0)
(0,0,0)
(-220695.737467717,19912.4052900746,6666.76987991007)
(-224235.550218847,18021.5783559065,12141.8255561528)
(-231506.970797925,13544.7304865922,14674.2245013509)
(-242860.82650432,4684.97658786716,11517.3876104216)
(-258577.715652556,-12252.5665952353,-1419.5660026528)
(-278666.421307253,-44115.0144746499,-28597.7604164578)
(-302905.102152037,-95563.109512695,-73164.6335616393)
(-332942.779975508,-82249.8695646309,-195354.006510232)
(-337771.995401169,-34499.6452781119,-426744.201774868)
(-244126.963168761,-10917.2857580662,-690517.94548838)
(0,0,0)
(0,0,0)
(0,0,0)
(0,0,0)
(0,0,0)
(0,0,0)
(-231640.301307966,27806.9028508808,4704.74862020572)
(-234198.67973152,25381.3246635378,7554.97040032767)
(-239089.794408562,19562.5738689635,5748.69734718445)
(-245480.551180523,7436.76307317892,-5434.91595007427)
(-250937.614658309,-18873.5803797862,-33258.6324308743)
(-249718.460673428,-85469.7908622838,-80030.6469011769)
(-234081.85078361,-308236.980748176,-59763.0042189185)
(-257354.944252898,-248458.253638103,-147599.987456629)
(-295577.97239537,-63675.9173995973,-403284.279198284)
(-227224.618979627,-15016.3673717056,-679805.641618609)
(0,0,0)
(0,0,0)
(0,0,0)
(0,0,0)
(0,0,0)
(0,0,0)
(-249663.684119456,30872.6068181181,2273.6679903691)
(-250977.827124437,28562.9930886351,1691.86610381437)
(-252677.489080413,23179.7412075148,-6418.04398364178)
(-251903.394248412,12538.3245237865,-31794.7916423643)
(-240478.129893362,-7187.47822137903,-99886.2728479413)
(-192251.051838886,-35947.7084807645,-302830.777261686)
(3.96493923907161e-05,5.71789181797395e-06,-1.90667935347008e-05)
(-50.7997875025292,-205.990310731127,37185.626553795)
(-192847.509814748,-37463.4324932489,-354694.876088861)
(-193784.544056806,-7134.78564630462,-664869.04091502)
(0,0,0)
(0,0,0)
(0,0,0)
(0,0,0)
(0,0,0)
(0,0,0)
(-276269.496029243,22842.2268499034,-14.9447503846436)
(-276304.095480415,21209.2231868396,-3687.53467049267)
(-274792.781901097,17776.9901553416,-16981.9873826124)
(-267148.081391071,11844.6778636112,-51478.1237848755)
(-241564.385107594,2919.14431379189,-128691.03936092)
(-169538.466894814,-6419.83866048573,-266950.316593871)
(-4.43540992765568e-06,2.695953160761e-06,9.28260680199678e-05)
(8.80436230261769e-05,1.10696773795861e-05,-5.21193251350705e-06)
(-167.470612878294,504.80922659601,-324498.158989411)
(-147048.575755751,-1410.0936298679,-657925.92563236)
(0,0,0)
(0,0,0)
(0,0,0)
(0,0,0)
(0,0,0)
(0,0,0)
(-311763.871150617,-7951.10293855141,-1569.34892251596)
(-310767.399720813,-8619.3046193532,-7088.47067747033)
(-306803.27953202,-9509.61135236304,-22835.6402811289)
(-294316.352068798,-9952.95773345257,-60393.403270602)
(-259882.380100686,-8647.49414648029,-138111.547684971)
(-174953.550918244,-4638.19293333926,-260600.852255831)
(1.47154479934278e-06,7.70968277646641e-06,7.21663429948532e-05)
(6.53006660361466e-05,2.17702540090707e-05,-3.70490885149182e-06)
(-427.716955268973,24.5489500758768,-326650.231874635)
(-140276.912120178,-5495.13251110908,-656780.425866797)
(0,0,0)
(0,0,0)
(0,0,0)
(0,0,0)
(0,0,0)
(0,0,0)
(-352376.517718068,-80936.8287302942,-2133.44621720328)
(-350795.943614203,-80696.5613676118,-7917.38292877384)
(-345487.571535795,-79168.7484008084,-23199.4628455476)
(-330398.673634285,-74072.6810850349,-59090.903317325)
(-290886.41752721,-60808.0056195664,-134181.247838103)
(-195452.752612703,-34147.5609356542,-256037.154714381)
(1.11522525807929e-05,0.000116195085124622,8.5476480490111e-05)
(0.00011472219837524,-9.82800345179034e-07,-6.15248697245418e-06)
(-402.152912559132,-20234.6168308489,-332340.284176912)
(-150850.190394664,-29137.9258256469,-651524.930434338)
(0,0,0)
(0,0,0)
(0,0,0)
(0,0,0)
(0,0,0)
(0,0,0)
(-384498.018289638,-223308.673715167,-1789.52156855397)
(-382808.886595791,-222573.359207364,-6327.086014791)
(-377468.930104665,-219700.880152301,-18022.6243283175)
(-362679.742479458,-211053.075374493,-45827.4618657572)
(-323550.33066147,-187034.790259507,-107565.081664814)
(-223962.846660028,-125389.330643262,-221918.193053692)
(0.000139040379889434,-7.12491605383416e-06,-1.0550125027095e-05)
(-254.951450717705,-18586.4861448781,-20722.2230370856)
(-196646.511312202,-113408.80979285,-341587.319483444)
(-197711.141456818,-85197.5366752823,-622709.04094487)
(0,0,0)
(0,0,0)
(0,0,0)
(0,0,0)
(0,0,0)
(0,0,0)
(-374614.066959549,-454256.958047397,-1010.34075077164)
(-373274.754278808,-453630.045765765,-3473.17092258561)
(-369211.95369585,-451397.55346254,-9356.14572987096)
(-358275.208071589,-445364.790455388,-21844.7745044097)
(-329176.096187369,-430917.971934342,-45996.270101601)
(-248698.756542165,-399156.425496946,-96489.6676825164)
(-389.93672778611,-327968.042305595,-19150.8019075273)
(-199716.234152994,-342807.283059774,-116024.107571512)
(-269836.601809212,-313767.620528092,-313776.601402595)
(-210664.53182939,-197948.770501078,-537857.894273834)
(0,0,0)
(0,0,0)
(0,0,0)
(0,0,0)
(0,0,0)
(0,0,0)
(-262325.433413448,-714855.14450873,-381.181303850861)
(-261621.430151718,-714456.727710156,-1311.7245944126)
(-259574.785112124,-713083.123909773,-3391.65497278711)
(-254431.038526685,-709599.370631578,-7401.88641716994)
(-242102.808154063,-702164.137804718,-14252.6365206758)
(-214962.516985467,-687902.336825105,-25382.3016559557)
(-169480.118104261,-662423.539389284,-34378.1032480385)
(-203258.002013024,-627628.947166826,-87437.7199736981)
(-211985.036451696,-539639.821048347,-198400.652753974)
(-154243.309135443,-340731.032552932,-340295.704520417)
(0,0,0)
(0,0,0)
(0,0,0)
(0,0,0)
(0,0,0)
(0,0,0)
(0,0,0)
(0,0,0)
(0,0,0)
(0,0,0)
(0,0,0)
(0,0,0)
(0,0,0)
(0,0,0)
(0,0,0)
(0,0,0)
(0,0,0)
(0,0,0)
(0,0,0)
(0,0,0)
(0,0,0)
(0,0,0)
(0,0,0)
(0,0,0)
(0,0,0)
(0,0,0)
(0,0,0)
(0,0,0)
(0,0,0)
(0,0,0)
(0,0,0)
(0,0,0)
(0,0,0)
(0,0,0)
(0,0,0)
(0,0,0)
(0,0,0)
(0,0,0)
(0,0,0)
(0,0,0)
(0,0,0)
(0,0,0)
(0,0,0)
(0,0,0)
(0,0,0)
(0,0,0)
(0,0,0)
(0,0,0)
(0,0,0)
(0,0,0)
(0,0,0)
(0,0,0)
(0,0,0)
(0,0,0)
(0,0,0)
(0,0,0)
(0,0,0)
(0,0,0)
(0,0,0)
(0,0,0)
(0,0,0)
(0,0,0)
(0,0,0)
(0,0,0)
(0,0,0)
(0,0,0)
(0,0,0)
(0,0,0)
(0,0,0)
(0,0,0)
(0,0,0)
(0,0,0)
(0,0,0)
(0,0,0)
(0,0,0)
(0,0,0)
(0,0,0)
(0,0,0)
(0,0,0)
(0,0,0)
(0,0,0)
(0,0,0)
(0,0,0)
(0,0,0)
(0,0,0)
(0,0,0)
(0,0,0)
(0,0,0)
(0,0,0)
(0,0,0)
(0,0,0)
(0,0,0)
(0,0,0)
(0,0,0)
(0,0,0)
(0,0,0)
(0,0,0)
(0,0,0)
(0,0,0)
(0,0,0)
(0,0,0)
(0,0,0)
(-224469.213726422,5158.11140019451,3740.53367985662)
(-226646.073809758,4668.32461406367,6074.55113741828)
(-230873.177726418,3532.60982270138,5287.53022865468)
(-236898.299968096,1534.21186153187,-1195.26995876567)
(-244092.18998998,-1549.67934107393,-17527.5627933846)
(-251493.473263791,-5635.07826823867,-49949.2349455985)
(-257012.091303066,-8591.28236100737,-107889.579407562)
(-254755.404184448,-3833.60031971809,-204683.372785212)
(-224844.378744658,958.781384888467,-333279.361460764)
(-141161.36893056,1524.13871063755,-444409.580640368)
(0,0,0)
(0,0,0)
(0,0,0)
(0,0,0)
(0,0,0)
(0,0,0)
(-227817.406434964,9090.17171546273,3189.60865198213)
(-229434.541089311,8156.69718084933,4900.22695566205)
(-232380.982441298,6034.01909976693,3272.82932197414)
(-235884.195988849,2151.41262549507,-4321.00195746298)
(-238372.482546056,-4486.88931714343,-21589.0250878916)
(-238003.598573593,-15052.7344579845,-52834.1916318057)
(-234561.808992854,-26671.4088637474,-103097.358288245)
(-233341.341599855,-6598.97441743831,-199933.422566182)
(-211687.782857588,7751.74782034588,-332810.601545201)
(-135415.564209859,6034.54169888871,-446032.403492363)
(0,0,0)
(0,0,0)
(0,0,0)
(0,0,0)
(0,0,0)
(0,0,0)
(-234659.783323637,9918.34113326889,2191.31259786913)
(-235305.962178416,8760.22614885056,2695.06607676563)
(-235828.952070872,6133.8343500185,-665.591511173349)
(-234169.229706879,1147.68680100756,-10973.1871603349)
(-226013.996187764,-8279.60324170852,-32104.091706315)
(-204642.661329624,-27860.5640739677,-64372.0614341427)
(-168112.394447217,-74061.3619571117,-82951.5646771711)
(-170210.423367051,8904.52978095884,-185599.589761415)
(-177883.652978848,39138.6849913509,-334680.846348949)
(-122107.733096238,18504.9360373085,-452268.126570747)
(0,0,0)
(0,0,0)
(0,0,0)
(0,0,0)
(0,0,0)
(0,0,0)
(-245250.598259911,4489.52936855662,1015.72590516232)
(-244704.047314733,3465.40592066334,36.7663236491155)
(-242124.766402692,1272.0453248295,-5654.16732888253)
(-233492.344547191,-2524.38322794628,-20393.1470011483)
(-209382.149514945,-8100.98060636379,-51667.7500149067)
(-148152.04876434,-13085.9676963906,-110541.34946703)
(3.60184992428132e-05,6.05264011097782e-06,1.8016909649054e-06)
(-85.6270767396147,-138.020763384365,-155413.631287585)
(-108997.408603188,155311.918120918,-355436.965628719)
(-99535.7664549156,39696.4807048504,-470877.287898138)
(0,0,0)
(0,0,0)
(0,0,0)
(0,0,0)
(0,0,0)
(0,0,0)
(-259430.591102065,-12333.1814716327,-16.1940869820109)
(-257738.700824609,-12959.821455665,-2156.36136645842)
(-252355.041181743,-13976.1722014111,-9345.8845595737)
(-238032.050164351,-15093.5006537595,-25892.7983604824)
(-203691.147978267,-15208.6913191338,-56658.3247770386)
(-130111.010914247,-11719.1500023118,-97452.5984516858)
(-4.11616318007972e-06,1.22248882319711e-06,6.76803921251538e-06)
(7.95146122430853e-05,3.32830755143969e-06,1.19364529628755e-05)
(-357.559709140295,313.548316883703,-471209.8329653)
(-73280.4384835974,5445.22132319042,-510726.710855782)
(0,0,0)
(0,0,0)
(0,0,0)
(0,0,0)
(0,0,0)
(0,0,0)
(-275255.431891833,-48269.1459344409,-572.474795977715)
(-272798.465566384,-48369.0548818352,-3132.17552423872)
(-265612.583911413,-47947.1119719338,-10351.9313743276)
(-247947.532009185,-45852.5519326,-25961.7001551012)
(-208326.078719195,-39544.8484811176,-53181.8443746068)
(-129028.159423771,-25111.3674403341,-85715.0184310599)
(7.99429788384041e-07,3.80199872434015e-06,-7.88528376348849e-12)
(5.54541158014995e-05,3.2683294099419e-06,9.90652049086209e-06)
(-330.926387933119,86.2390493304598,-466284.098636118)
(-68704.4297004868,-16052.2558981071,-516359.10383451)
(0,0,0)
(0,0,0)
(0,0,0)
(0,0,0)
(0,0,0)
(0,0,0)
(-287261.120506478,-112838.308375263,-546.23477078229)
(-284572.608345453,-112525.464388062,-2613.16053330595)
(-276916.732947174,-110990.590673623,-8140.5204202367)
(-258563.43727048,-106211.60380142,-19616.7049152194)
(-217934.210079918,-93342.9359167814,-38770.8249268487)
(-136144.605874475,-62554.455367566,-60635.8837378407)
(8.4085334700246e-06,7.89769947154042e-06,-9.29659528835391e-12)
(9.74704939521059e-05,5.47406132075955e-06,1.50459632157215e-05)
(-169.595149554239,-216373.327865664,-482578.383192376)
(-73009.4518111953,-75959.115199498,-500512.26247448)
(0,0,0)
(0,0,0)
(0,0,0)
(0,0,0)
(0,0,0)
(0,0,0)
(-284007.355230915,-213210.850789739,-118.120644245158)
(-281590.938480328,-212863.027097253,-998.506050510291)
(-274868.753132977,-211312.933656933,-3276.34003888878)
(-258921.031308629,-206516.145155826,-6730.50985531288)
(-223126.99806939,-192506.001905248,-7990.77645892581)
(-146508.269568812,-149930.475524343,1930.66660663634)
(0.000122603480403823,2.00600880382245e-05,4.22265908958614e-06)
(-147.114420456885,-217825.785868563,-216897.124333584)
(-100951.523955642,-186476.773707446,-342488.665848351)
(-93222.3853631131,-98096.466741873,-424840.070399673)
(0,0,0)
(0,0,0)
(0,0,0)
(0,0,0)
(0,0,0)
(0,0,0)
(-246361.810916966,-341774.349233116,311.242400797835)
(-244610.324689119,-341780.400289092,564.186002936301)
(-239915.026223053,-341586.517112365,1540.84198556561)
(-229163.267972619,-341341.985927416,7254.74265819944)
(-205328.903607623,-343635.807072298,34537.3552454996)
(-150792.333822354,-365205.769182786,151906.226184125)
(-776.105885878031,-496831.596270103,-218299.894647097)
(-103621.844945422,-346205.032970186,-186015.036753037)
(-132021.482316312,-255808.909698601,-254498.020254781)
(-94767.1368668492,-141441.701226575,-327050.180732639)
(0,0,0)
(0,0,0)
(0,0,0)
(0,0,0)
(0,0,0)
(0,0,0)
(-152196.616890729,-452219.799795634,316.634039804887)
(-151302.604647697,-452512.596628034,730.004874727475)
(-149002.31737956,-453194.829799068,1765.84982886381)
(-144034.313377295,-454918.365852471,4945.50460452254)
(-133894.777917492,-459809.926106818,12911.5934024797)
(-114787.702500164,-472635.774851739,20166.7845861241)
(-85430.7099059765,-492643.453483967,-68070.7663982923)
(-97295.4286126507,-424153.759795075,-96084.6129737761)
(-95782.0189541406,-327519.505468815,-140577.034701115)
(-63923.8922334831,-186385.530377295,-185952.622452357)
(0,0,0)
(0,0,0)
(0,0,0)
(0,0,0)
(0,0,0)
(0,0,0)
(0,0,0)
(0,0,0)
(0,0,0)
(0,0,0)
(0,0,0)
(0,0,0)
(0,0,0)
(0,0,0)
(0,0,0)
(0,0,0)
(0,0,0)
(0,0,0)
(0,0,0)
(0,0,0)
(0,0,0)
(0,0,0)
(0,0,0)
(0,0,0)
(0,0,0)
(0,0,0)
(0,0,0)
(0,0,0)
(0,0,0)
(0,0,0)
(0,0,0)
(0,0,0)
(0,0,0)
(0,0,0)
(0,0,0)
(0,0,0)
(0,0,0)
(0,0,0)
(0,0,0)
(0,0,0)
(0,0,0)
(0,0,0)
(0,0,0)
(0,0,0)
(0,0,0)
(0,0,0)
(0,0,0)
(0,0,0)
(0,0,0)
(0,0,0)
(0,0,0)
(0,0,0)
(0,0,0)
(0,0,0)
(0,0,0)
(0,0,0)
(0,0,0)
(0,0,0)
(0,0,0)
(0,0,0)
(0,0,0)
(0,0,0)
(0,0,0)
(0,0,0)
(0,0,0)
(0,0,0)
(0,0,0)
(0,0,0)
(0,0,0)
(0,0,0)
(0,0,0)
(0,0,0)
(0,0,0)
(0,0,0)
(0,0,0)
(0,0,0)
(0,0,0)
(0,0,0)
(0,0,0)
(0,0,0)
(0,0,0)
(0,0,0)
(0,0,0)
(0,0,0)
(0,0,0)
(0,0,0)
(0,0,0)
(0,0,0)
(0,0,0)
(0,0,0)
(0,0,0)
(0,0,0)
(0,0,0)
(0,0,0)
(0,0,0)
(0,0,0)
(0,0,0)
(0,0,0)
(0,0,0)
(0,0,0)
(0,0,0)
(0,0,0)
(-227907.470710702,1903.51789617002,1534.73908810132)
(-228841.593533142,1936.49245752276,1793.7663539594)
(-230334.280689437,2046.91472379027,-792.045406810346)
(-231722.018730016,2578.34335289296,-8546.66999778062)
(-231785.566824108,4216.45060077829,-25069.7437644308)
(-228926.173062747,7916.44581790133,-55553.4897833763)
(-220866.628023657,13900.2827957541,-105599.235858533)
(-203390.31605268,17627.236929187,-174591.560919486)
(-164320.527038154,14184.3687694171,-249299.781395411)
(-94865.7050188818,7299.00035453788,-302894.445661614)
(0,0,0)
(0,0,0)
(0,0,0)
(0,0,0)
(0,0,0)
(0,0,0)
(-229744.304536334,2338.88246294164,1491.53353459661)
(-230264.640479286,2384.67855556974,1873.44682652549)
(-230865.44859157,2683.58628732502,-278.758586743493)
(-230607.367553853,3965.25331521129,-6942.49698405837)
(-227732.29039057,7984.41139798516,-21350.649936754)
(-220356.599166894,18397.7435286274,-49478.9470541871)
(-208072.080341356,39798.6655722532,-101867.058482195)
(-196030.806019798,56553.1724304404,-178103.529563517)
(-160949.226171107,41622.5558526859,-256280.273333269)
(-93516.9766103169,19391.0354183729,-310270.895996639)
(0,0,0)
(0,0,0)
(0,0,0)
(0,0,0)
(0,0,0)
(0,0,0)
(-233210.942424844,-580.123188183383,1470.16475232904)
(-233048.685356931,-521.009131493796,2118.57561790332)
(-231994.165470399,-13.5706214130949,980.945926166996)
(-228319.371046068,1987.19291222123,-2890.85233165323)
(-218597.190454215,8513.92209718186,-10837.1687644019)
(-197921.088266861,28760.1237363653,-27921.1220348999)
(-165291.679333834,94096.8198681123,-85039.9914441499)
(-184676.690610841,179080.239189275,-193100.790959198)
(-158800.243773243,108115.982068225,-278677.626380324)
(-92690.5013006688,41139.5102902629,-329843.333047789)
(0,0,0)
(0,0,0)
(0,0,0)
(0,0,0)
(0,0,0)
(0,0,0)
(-237829.280099243,-9514.77612032305,1513.33477147016)
(-236868.799515534,-9422.21518268011,2579.2930234535)
(-233726.228364729,-8807.76329406197,2974.94765813727)
(-225329.474748833,-6893.29194725157,3692.56271925497)
(-204450.860222337,-2230.03230241528,9505.22782625222)
(-152528.360032973,5095.94477546407,37545.7180557876)
(2.41818012811819e-05,-6.90619034180484e-06,1.53798212661381e-05)
(-213979.717146379,-76.9277945257611,-264112.959227262)
(-183229.263647476,264013.032171657,-345778.154286395)
(-99074.2052997449,66001.2834712753,-371101.488622575)
(0,0,0)
(0,0,0)
(0,0,0)
(0,0,0)
(0,0,0)
(0,0,0)
(-242602.009943711,-27948.4405961602,1605.08331747567)
(-240898.909487024,-27808.7885814699,3151.86537868699)
(-235925.822968181,-27027.8214731285,4942.70534419387)
(-223601.942454121,-24821.1969053863,8440.50259210224)
(-194710.374368115,-19671.1793621949,16900.8760417227)
(-130163.068454335,-10534.6700108319,32583.5483681064)
(-8.44736705653959e-06,-7.8101978610719e-07,-2.63886688687243e-06)
(5.57053456570518e-05,-2.18884509119024e-06,2.36886936016615e-05)
(-333994.118732439,418.644358207264,-543966.2595816)
(-124068.179432415,10111.4345090484,-437288.669670543)
(0,0,0)
(0,0,0)
(0,0,0)
(0,0,0)
(0,0,0)
(0,0,0)
(-244942.09783047,-60066.1425542657,1804.36789674429)
(-242842.326112363,-59903.1098934127,3942.54975467377)
(-236942.507976456,-59000.847899304,7245.50024589186)
(-222929.558783869,-56258.0545569692,13664.3846721594)
(-191453.456393003,-48989.7239564344,26110.3069402092)
(-124541.383082173,-32154.2829700101,43243.1435577886)
(-9.9544943029716e-07,-1.82251171861711e-07,5.98793131736012e-13)
(4.00274347035023e-05,-4.94613166061228e-06,1.81839682662122e-05)
(-316840.573342246,298.607631678341,-534510.516526146)
(-125205.518120851,-20320.4515051439,-447577.542091581)
(0,0,0)
(0,0,0)
(0,0,0)
(0,0,0)
(0,0,0)
(0,0,0)
(-240024.08147282,-109397.443732967,2094.26214505362)
(-237964.081547368,-109353.09142271,4935.71687625991)
(-232327.956305116,-108752.107642899,10098.1999777948)
(-219309.103180702,-106388.026056688,20973.8373877326)
(-190564.466943853,-98360.5996473892,42974.9699426262)
(-128012.701399122,-72766.500818394,75455.2833156516)
(4.40000940073951e-06,1.86897051518672e-06,-6.59056395829354e-13)
(5.45234933118542e-05,1.02728674374508e-05,2.77280008831321e-05)
(-347687.553789183,-317092.444132317,-555317.379771656)
(-125032.822203995,-96165.0374804514,-427449.423403548)
(0,0,0)
(0,0,0)
(0,0,0)
(0,0,0)
(0,0,0)
(0,0,0)
(-220311.619142753,-175348.366720558,2255.18689943564)
(-218647.338810236,-175677.994343768,5636.49015040663)
(-214364.515668962,-176188.463906054,12568.608949546)
(-205176.751179172,-176580.376381395,29016.6791447923)
(-186507.803902648,-174515.793434743,68552.6787654012)
(-144985.98455526,-153922.613900829,148186.506834284)
(7.18404984315011e-05,3.82631683495974e-05,1.08710220318667e-05)
(-256382.468151729,-321000.93258868,-317622.614095606)
(-183513.304542434,-217444.046597375,-334709.231043757)
(-92868.7966251345,-99647.9392308586,-331579.91803133)
(0,0,0)
(0,0,0)
(0,0,0)
(0,0,0)
(0,0,0)
(0,0,0)
(-176277.861374685,-247433.559646517,2001.24338367155)
(-175189.051329984,-248265.046018529,5167.02169929878)
(-172695.753328753,-250473.548706159,12232.8336051014)
(-168596.480043973,-255990.663446951,31076.3327420105)
(-165871.723350274,-271958.654544655,89062.0135945759)
(-188605.357525528,-328930.250873479,301882.67427039)
(-390795.099737434,-581126.013183386,-321102.640718179)
(-191671.680528215,-339649.666323565,-214404.071400491)
(-127165.257785161,-219457.432650636,-217246.909878396)
(-68859.1889655739,-110572.778134723,-232230.0188758)
(0,0,0)
(0,0,0)
(0,0,0)
(0,0,0)
(0,0,0)
(0,0,0)
(-100960.210957512,-299838.119032287,1168.15345255622)
(-100433.269679351,-300944.879789922,2978.65225560666)
(-99322.5589714648,-303904.050665278,6729.39580663024)
(-97756.2087374739,-310620.371826885,15080.9995467444)
(-97131.8807054192,-325644.258391728,32003.7061817372)
(-103715.789574299,-357521.733078601,49523.2754610027)
(-130259.023323626,-406857.042168618,-79917.382136115)
(-95700.2013820878,-326592.109401213,-94570.166289035)
(-69472.8378258726,-231604.41768034,-108732.362387597)
(-38824.2375653452,-122414.022167246,-121990.773023211)
(0,0,0)
(0,0,0)
(0,0,0)
(0,0,0)
(0,0,0)
(0,0,0)
(0,0,0)
(0,0,0)
(0,0,0)
(0,0,0)
(0,0,0)
(0,0,0)
(0,0,0)
(0,0,0)
(0,0,0)
(0,0,0)
(0,0,0)
(0,0,0)
(0,0,0)
(0,0,0)
(0,0,0)
(0,0,0)
(0,0,0)
(0,0,0)
(0,0,0)
(0,0,0)
(0,0,0)
(0,0,0)
(0,0,0)
(0,0,0)
(0,0,0)
(0,0,0)
(0,0,0)
(0,0,0)
(0,0,0)
(0,0,0)
(0,0,0)
(0,0,0)
(0,0,0)
(0,0,0)
(0,0,0)
(0,0,0)
(0,0,0)
(0,0,0)
(0,0,0)
(0,0,0)
(0,0,0)
(0,0,0)
(0,0,0)
(0,0,0)
(0,0,0)
(0,0,0)
(0,0,0)
(0,0,0)
(0,0,0)
(0,0,0)
(0,0,0)
(0,0,0)
(0,0,0)
(0,0,0)
(0,0,0)
(0,0,0)
(0,0,0)
(0,0,0)
(0,0,0)
(0,0,0)
(0,0,0)
(0,0,0)
(0,0,0)
(0,0,0)
(0,0,0)
(0,0,0)
(0,0,0)
(0,0,0)
(0,0,0)
(0,0,0)
(0,0,0)
(0,0,0)
(0,0,0)
(0,0,0)
(0,0,0)
(0,0,0)
(0,0,0)
(0,0,0)
(0,0,0)
(0,0,0)
(0,0,0)
(0,0,0)
(0,0,0)
(0,0,0)
(0,0,0)
(0,0,0)
(0,0,0)
(0,0,0)
(0,0,0)
(0,0,0)
(0,0,0)
(0,0,0)
(0,0,0)
(0,0,0)
(0,0,0)
(0,0,0)
(-228728.039402194,184.679961917514,635.888729578156)
(-229083.099589615,578.191076219234,299.203709830077)
(-229394.900566559,1546.77275194188,-2186.94916499449)
(-228961.585868519,3731.65473072454,-8679.03675721644)
(-226552.10598094,8313.00968865067,-22225.5072890339)
(-220316.522627647,16564.9188032837,-47400.0765274197)
(-207046.263534564,26777.1368193686,-87997.5778358828)
(-181123.991271693,25072.5922606045,-135336.494877471)
(-137695.859488096,17642.0431424378,-179603.205569972)
(-75408.5269136391,8682.6131501469,-207742.996825356)
(0,0,0)
(0,0,0)
(0,0,0)
(0,0,0)
(0,0,0)
(0,0,0)
(-229513.825822681,-965.276721869624,919.477970130893)
(-229715.94166316,-240.524823983782,1189.49505421018)
(-229788.816631058,1686.65420645122,-27.0183608079659)
(-229161.311781003,6353.32510552763,-4094.74450846364)
(-226783.943065845,17236.5523169574,-13966.634461492)
(-221603.824069093,40967.9479854015,-37122.4387414057)
(-211391.252711654,82692.9687372906,-89719.098289032)
(-185901.884311257,68039.7517005894,-142815.179437543)
(-141396.705808124,43887.6838723149,-188613.340530407)
(-77260.9360493899,20275.0789593589,-216461.84690055)
(0,0,0)
(0,0,0)
(0,0,0)
(0,0,0)
(0,0,0)
(0,0,0)
(-230659.855699634,-5066.96276977841,1550.59932269938)
(-230657.11070579,-4159.11528350906,3077.6151310818)
(-230347.674749928,-1558.19574622013,4675.974363287)
(-229308.725573076,5146.70733360248,6871.94666222474)
(-227198.873228134,22841.7272883233,9868.45446477875)
(-226133.01532752,74314.3018103366,4734.02770050246)
(-232985.40101542,259477.494203533,-104356.776084144)
(-203896.252884723,149964.853488406,-167062.315598073)
(-153448.820551442,83859.4214179239,-212385.476365483)
(-82720.0710274737,34853.8602733054,-236934.687952626)
(0,0,0)
(0,0,0)
(0,0,0)
(0,0,0)
(0,0,0)
(0,0,0)
(-231258.831789669,-14069.2732667387,2431.86218739037)
(-231047.508070937,-13219.9617455976,5671.41720489116)
(-230253.880552123,-10779.6188718887,11420.4925179563)
(-228465.273778979,-4936.38180112524,24639.3806828235)
(-226159.321959038,7744.21824409526,61445.3514637485)
(-234484.387533447,27684.6233918228,190031.057382732)
(-345433.621682159,323.112162775167,-213819.130876245)
(-258738.082844665,214138.942033353,-233234.853722907)
(-184511.482535043,113421.574993477,-261514.788410905)
(-94894.0499083521,41094.37215488,-271935.455683857)
(0,0,0)
(0,0,0)
(0,0,0)
(0,0,0)
(0,0,0)
(0,0,0)
(-229841.20474478,-30089.2325415004,3259.15407583528)
(-229438.388351137,-29498.3480163639,8077.01921071019)
(-228135.621014779,-27795.2648078075,17302.4631932206)
(-224689.449378228,-23945.9636593233,37399.5519755201)
(-214828.728100703,-16233.9957595319,81496.1197117456)
(-179021.052349598,-4763.98205622487,162802.709055051)
(4.02639218762629e-05,-1.67829938467866e-05,-3.59888705684315e-05)
(-342448.486336533,237.408228637908,-334060.817108523)
(-238360.865891221,17743.6603669806,-334016.155323244)
(-112864.54414868,9087.31610497043,-313212.734557058)
(0,0,0)
(0,0,0)
(0,0,0)
(0,0,0)
(0,0,0)
(0,0,0)
(-223880.042623491,-54997.9555263704,3846.66777788942)
(-223431.163101324,-54825.5373062012,9762.69405668689)
(-222058.007015703,-54156.6984798389,21239.626767969)
(-218418.991950552,-52429.7401879675,45212.8364632956)
(-207647.243826984,-47924.3899183554,93097.0180560976)
(-168547.858258655,-35502.5421324468,167842.0533088)
(3.14590725904944e-05,-2.86020990918565e-05,-2.48038753304731e-05)
(-322415.750077892,295.043619796116,-316793.55376804)
(-242641.351484397,-30390.9395550335,-342858.17570386)
(-116471.240243151,-20071.9022128273,-322433.235263767)
(0,0,0)
(0,0,0)
(0,0,0)
(0,0,0)
(0,0,0)
(0,0,0)
(-209669.377939836,-89456.5813501024,4103.92229074108)
(-209351.841799944,-89826.0245890209,10492.1698261347)
(-208478.100336292,-90578.684129305,23064.2995067768)
(-206395.450678145,-92046.2613950492,49767.1682112954)
(-200147.530912247,-94131.0960756932,105556.938337022)
(-171858.743591379,-89598.7176424056,203499.156039246)
(4.30846249360956e-05,-4.0780319363383e-05,-3.15892102957602e-05)
(-355711.415527355,-256057.893127233,-347732.87556128)
(-240343.797633536,-152780.357821535,-332687.213450421)
(-111330.810951317,-63952.7474780496,-302508.379437878)
(0,0,0)
(0,0,0)
(0,0,0)
(0,0,0)
(0,0,0)
(0,0,0)
(-182603.867398818,-130997.150662408,3832.81756836882)
(-182515.691285121,-131945.101778239,9820.24723247148)
(-182511.771690069,-134301.008179499,21689.8273037667)
(-183452.882094746,-139773.862785957,47693.5596102468)
(-189317.506119899,-153678.923133766,110051.088885575)
(-220277.965839005,-197344.880157444,293089.232684371)
(-398507.277107807,-390599.226821723,-256299.607227233)
(-267936.936382911,-256043.349802616,-244759.682320666)
(-175994.41250465,-160968.27331763,-244090.658862346)
(-86462.8761058996,-75630.6979054339,-238818.628954205)
(0,0,0)
(0,0,0)
(0,0,0)
(0,0,0)
(0,0,0)
(0,0,0)
(-138426.197118422,-171814.693804755,2965.87888608585)
(-138478.032802883,-173213.509015142,7523.26759588428)
(-138928.760803862,-176814.195353686,16269.4622451865)
(-141082.568872613,-184829.046193448,33810.7344813229)
(-149168.247867885,-202911.562061286,66339.8979264528)
(-175556.857372349,-243754.36858491,99700.8862007431)
(-239464.987592249,-320300.540707132,-121927.912059029)
(-176272.67803792,-243447.828309973,-149922.436041978)
(-117453.596124084,-161624.672725482,-158977.698295197)
(-59531.8881814552,-80512.5502190913,-163423.146765646)
(0,0,0)
(0,0,0)
(0,0,0)
(0,0,0)
(0,0,0)
(0,0,0)
(-75770.3093171568,-198606.141618935,1601.54617382552)
(-75825.5107814153,-200202.029930771,3982.30819151844)
(-76160.4799839626,-204251.450576091,8257.48442641441)
(-77509.1785150956,-212518.386323967,15699.7943345554)
(-81600.1749204955,-228166.939091593,25423.4655799457)
(-91594.1991168321,-253457.602092925,23005.1086304977)
(-105958.693778455,-276264.303615531,-45331.4580062837)
(-85445.5536886284,-230655.138773546,-68378.7952361686)
(-59341.7633106206,-161988.069637849,-78146.4728390573)
(-30777.0135159963,-83521.5715666885,-83184.6755408145)
(0,0,0)
(0,0,0)
(0,0,0)
(0,0,0)
(0,0,0)
(0,0,0)
(0,0,0)
(0,0,0)
(0,0,0)
(0,0,0)
(0,0,0)
(0,0,0)
(0,0,0)
(0,0,0)
(0,0,0)
(0,0,0)
(0,0,0)
(0,0,0)
(0,0,0)
(0,0,0)
(0,0,0)
(0,0,0)
(0,0,0)
(0,0,0)
(0,0,0)
(0,0,0)
(0,0,0)
(0,0,0)
(0,0,0)
(0,0,0)
(0,0,0)
(0,0,0)
(0,0,0)
(0,0,0)
(0,0,0)
(0,0,0)
(0,0,0)
(0,0,0)
(0,0,0)
(0,0,0)
(0,0,0)
(0,0,0)
(0,0,0)
(0,0,0)
(0,0,0)
(0,0,0)
(0,0,0)
(0,0,0)
(0,0,0)
(0,0,0)
(0,0,0)
(0,0,0)
(0,0,0)
(0,0,0)
(0,0,0)
(0,0,0)
(0,0,0)
(0,0,0)
(0,0,0)
(0,0,0)
(0,0,0)
(0,0,0)
(0,0,0)
(0,0,0)
(0,0,0)
(0,0,0)
(0,0,0)
(0,0,0)
(0,0,0)
(0,0,0)
(0,0,0)
(0,0,0)
(0,0,0)
(0,0,0)
(0,0,0)
(0,0,0)
(0,0,0)
(0,0,0)
(0,0,0)
(0,0,0)
(0,0,0)
(0,0,0)
(0,0,0)
(0,0,0)
(0,0,0)
(0,0,0)
(0,0,0)
(0,0,0)
(0,0,0)
(0,0,0)
(0,0,0)
(0,0,0)
(0,0,0)
(0,0,0)
(0,0,0)
(0,0,0)
(0,0,0)
(0,0,0)
(0,0,0)
(0,0,0)
(0,0,0)
(0,0,0)
(-228659.007740317,-391.848324702043,322.816662820947)
(-228877.027187056,86.5235742466823,30.2206860157385)
(-228892.316572004,1227.74352144789,-1700.10682997951)
(-228085.575488764,3631.9878569423,-6208.10506668343)
(-225156.521863078,8206.70217804579,-15810.3913625936)
(-217718.07477341,15455.2112021896,-33864.0504190144)
(-201688.443053553,22630.5479239379,-61852.4188239625)
(-171731.694966405,20462.6441934817,-91707.3593227274)
(-126360.224849026,14063.5032241592,-117106.497185958)
(-67313.2231558815,6871.6571243794,-132073.458068094)
(0,0,0)
(0,0,0)
(0,0,0)
(0,0,0)
(0,0,0)
(0,0,0)
(-228828.384915079,-1788.27636055302,710.987128249614)
(-229112.97361378,-897.009831631876,1091.552484743)
(-229482.202467579,1345.01548506355,667.666357648504)
(-229640.77694197,6406.40398068568,-1627.28460512348)
(-228705.841278246,17076.112953363,-8574.79716804177)
(-224805.522794726,36734.4752478414,-26652.362488065)
(-212767.056573058,61380.6408306051,-64026.651533325)
(-181664.93546052,50299.5552915816,-98100.5114821699)
(-133142.744607331,32005.4185007427,-124296.38795954)
(-70604.1035892089,14888.7684847619,-138970.331780109)
(0,0,0)
(0,0,0)
(0,0,0)
(0,0,0)
(0,0,0)
(0,0,0)
(-228598.988232976,-5359.7644832823,1510.62065607196)
(-229130.2167312,-4222.87964596648,3309.5964958162)
(-230286.783551599,-1183.02551755115,5776.74630009971)
(-232484.540613406,6255.24447396228,9103.72084714808)
(-236357.546174315,24212.3846738862,11126.1220728037)
(-242614.381888401,66289.5759421227,-1947.61206059621)
(-245742.107812725,147326.192156652,-75136.4565893393)
(-207718.476263577,95441.5025527062,-116456.180471622)
(-149406.022514804,53026.0126601773,-141519.572667696)
(-78091.3527594866,22789.2641787194,-154048.786629634)
(0,0,0)
(0,0,0)
(0,0,0)
(0,0,0)
(0,0,0)
(0,0,0)
(-226849.547617582,-12353.6469159913,2584.59826062167)
(-227754.82292845,-11278.3493106113,6347.38278277385)
(-230009.142678635,-8320.31285426829,13239.9322460004)
(-235233.566779695,-812.464176983569,27075.933897671)
(-247569.080733824,19446.5542273478,53251.5231189926)
(-277632.646966096,83523.3414418949,79166.0170518821)
(-338073.518850264,346135.988614797,-127003.882238161)
(-262148.913514728,130762.821373798,-158914.37038918)
(-178364.948400425,59809.2021905517,-171844.09405418)
(-90210.4971758845,23238.2589883557,-176976.641596284)
(0,0,0)
(0,0,0)
(0,0,0)
(0,0,0)
(0,0,0)
(0,0,0)
(-221922.674201676,-23862.1470377058,3589.96957860763)
(-223195.452615493,-23188.3363238229,9257.02085617723)
(-226544.053044035,-21397.2471940582,20742.387225227)
(-234781.002100869,-17346.7261282536,47368.2018991382)
(-256707.826491755,-8728.45187204189,117422.30638958)
(-326029.210151253,6083.57024213065,341870.235390993)
(-601590.404733623,636.971039921341,-342381.090289502)
(-344741.842193207,20604.9544014421,-229929.867460464)
(-213613.922688701,13662.7879179094,-208530.396390341)
(-103390.01225844,5595.16382514987,-200361.833117385)
(0,0,0)
(0,0,0)
(0,0,0)
(0,0,0)
(0,0,0)
(0,0,0)
(-211414.953831246,-40562.9546441069,4235.71881416046)
(-212924.599622627,-40489.977738122,11030.7967497631)
(-216980.980862246,-40294.4662216969,24850.9896239449)
(-226888.49146488,-40095.4869649284,56069.2499749486)
(-252512.125234055,-40119.6460005558,132325.325510532)
(-328153.280873034,-38507.6788810215,336521.997248071)
(-590038.254744618,375.890905020283,-322446.370153103)
(-354584.170785787,-32688.0744788813,-236984.920564864)
(-221324.777143829,-27922.4878266331,-216716.219160915)
(-106710.571368563,-14835.6310798777,-206046.09313047)
(0,0,0)
(0,0,0)
(0,0,0)
(0,0,0)
(0,0,0)
(0,0,0)
(-192432.992150661,-62160.1161001166,4360.77566683888)
(-194024.349418387,-62735.932585812,11279.2381329731)
(-198292.951427911,-64333.9183361978,25133.5413390902)
(-208641.098571975,-68807.3516136749,56091.0538816737)
(-235058.921591299,-83036.4252250326,133919.223785198)
(-314089.840291987,-137756.235785427,375398.877390221)
(-614241.166114466,-398146.92041391,-355617.088586553)
(-343640.097916023,-167998.952103139,-232377.528573637)
(-208629.132400922,-88281.4718520486,-203733.209780845)
(-99589.0816316129,-39008.5820077757,-191301.988172645)
(0,0,0)
(0,0,0)
(0,0,0)
(0,0,0)
(0,0,0)
(0,0,0)
(-162158.752132487,-86443.5564796636,3838.32511321525)
(-163619.40270723,-87532.4287858897,9738.53273540014)
(-167464.252034775,-90373.3415733466,20730.4363172566)
(-176334.16158143,-97067.6965656184,41872.0607558836)
(-196422.281154559,-113190.617911834,79131.0284773483)
(-241492.799712009,-152306.17284998,114895.7994149)
(-324862.468290599,-231255.25918608,-125640.670630133)
(-244590.07827389,-164141.260162046,-152845.220680254)
(-160234.345726018,-102292.56120416,-154594.198106781)
(-78935.92702755,-48673.9384408756,-152455.790752021)
(0,0,0)
(0,0,0)
(0,0,0)
(0,0,0)
(0,0,0)
(0,0,0)
(-118980.680286145,-108693.687246337,2804.6139343988)
(-120056.300657805,-110100.706433159,6951.15943659083)
(-122850.786068444,-113573.772561457,14073.6156892844)
(-129061.751953617,-120775.60251013,25760.7047147971)
(-141712.683115774,-134881.749735433,39996.2717862812)
(-164330.038604633,-159388.152094436,35851.4322630183)
(-189737.647674315,-186457.736211683,-58673.4306293231)
(-155528.748063496,-152400.245765921,-91158.3749998672)
(-106426.937700002,-103365.342916792,-101112.251711309)
(-53694.7281105352,-51701.328077074,-103922.022146032)
(0,0,0)
(0,0,0)
(0,0,0)
(0,0,0)
(0,0,0)
(0,0,0)
(-63461.5146313731,-122466.115157902,1463.63322578175)
(-64024.7641458072,-123979.649877812,3541.83003482417)
(-65443.8235097107,-127619.270403361,6870.67140247772)
(-68507.3108863844,-134525.865609367,11619.0668730005)
(-74225.6084401213,-146086.396771481,15449.1474286728)
(-82798.6429155593,-161416.730759699,8682.16989265661)
(-89005.24049273,-169940.322720383,-24788.6968843664)
(-75336.1481458464,-144976.634973175,-42321.7132198947)
(-52913.3251742149,-102468.797318346,-49646.6969547474)
(-27101.0722470886,-52626.5160698582,-52397.4502308693)
(0,0,0)
(0,0,0)
(0,0,0)
(0,0,0)
(0,0,0)
(0,0,0)
(0,0,0)
(0,0,0)
(0,0,0)
(0,0,0)
(0,0,0)
(0,0,0)
(0,0,0)
(0,0,0)
(0,0,0)
(0,0,0)
(0,0,0)
(0,0,0)
(0,0,0)
(0,0,0)
(0,0,0)
(0,0,0)
(0,0,0)
(0,0,0)
(0,0,0)
(0,0,0)
(0,0,0)
(0,0,0)
(0,0,0)
(0,0,0)
(0,0,0)
(0,0,0)
(0,0,0)
(0,0,0)
(0,0,0)
(0,0,0)
(0,0,0)
(0,0,0)
(0,0,0)
(0,0,0)
(0,0,0)
(0,0,0)
(0,0,0)
(0,0,0)
(0,0,0)
(0,0,0)
(0,0,0)
(0,0,0)
(0,0,0)
(0,0,0)
(0,0,0)
(0,0,0)
(0,0,0)
(0,0,0)
(0,0,0)
(0,0,0)
(0,0,0)
(0,0,0)
(0,0,0)
(0,0,0)
(0,0,0)
(0,0,0)
(0,0,0)
(0,0,0)
(0,0,0)
(0,0,0)
(0,0,0)
(0,0,0)
(0,0,0)
(0,0,0)
(0,0,0)
(0,0,0)
(0,0,0)
(0,0,0)
(0,0,0)
(0,0,0)
(0,0,0)
(0,0,0)
(0,0,0)
(0,0,0)
(0,0,0)
(0,0,0)
(0,0,0)
(0,0,0)
(0,0,0)
(0,0,0)
(0,0,0)
(0,0,0)
(0,0,0)
(0,0,0)
(0,0,0)
(0,0,0)
(0,0,0)
(0,0,0)
(0,0,0)
(0,0,0)
(0,0,0)
(0,0,0)
(0,0,0)
(0,0,0)
(0,0,0)
(0,0,0)
(-228473.849978621,-342.277600575089,157.119838877794)
(-228695.633343227,-26.7636719502778,2.48966700594552)
(-228711.770132128,700.062313996689,-878.119086867712)
(-227922.221684119,2162.88994253046,-3204.36283404344)
(-224896.278728502,4766.28212570329,-8230.88809431818)
(-216843.265236191,8539.36281131444,-17645.0604428535)
(-199408.350433212,11770.0158943669,-31695.168957568)
(-167970.868603804,10706.1450921528,-46162.1404123266)
(-122005.335166445,7392.40445372517,-57909.4345486271)
(-64269.2499440529,3614.09960357297,-64567.5073640341)
(0,0,0)
(0,0,0)
(0,0,0)
(0,0,0)
(0,0,0)
(0,0,0)
(-228372.238568905,-1209.62469063611,411.200743889182)
(-228782.071239593,-626.724685742188,680.259383495728)
(-229461.102078844,785.120223923498,574.101084834836)
(-230144.013251648,3808.05863571777,-567.831298679579)
(-229750.367411906,9691.68001916565,-4448.70305848427)
(-225524.153075456,19205.7095447166,-14396.4195111519)
(-211335.480671685,28688.3128299473,-32746.2923481007)
(-178779.94753391,24498.2629369226,-49423.3981194822)
(-129476.939092367,15944.0423084667,-61640.8414891853)
(-67952.4373630708,7509.73207376013,-68188.1401855053)
(0,0,0)
(0,0,0)
(0,0,0)
(0,0,0)
(0,0,0)
(0,0,0)
(-227521.789571358,-3216.09881860248,929.275466346524)
(-228427.387541372,-2478.1380114288,2077.85960220946)
(-230491.834467627,-574.166180592152,3642.19692275331)
(-234208.956646038,3808.5251865027,5366.14640460578)
(-239723.652031047,13340.7488158947,5083.18346461449)
(-245025.937893483,31613.8129992411,-4913.3639848285)
(-240310.082454084,55322.7726815767,-36979.8491951)
(-203527.759480902,41335.8203287114,-58008.1233695575)
(-145670.641271158,24306.5761016624,-70106.0384064082)
(-75660.4502249238,10776.281270577,-75803.4901377864)
(0,0,0)
(0,0,0)
(0,0,0)
(0,0,0)
(0,0,0)
(0,0,0)
(-224703.594256407,-6972.15873470936,1610.10655493191)
(-226297.985269183,-6282.44469776262,3957.57558199897)
(-230232.025283622,-4426.13632028658,8032.4283266831)
(-238319.403092437,35.9427407619632,14890.8470851601)
(-253398.050815353,10702.9212948548,23357.6446877291)
(-277001.535474407,35531.0685370649,18809.2776582122)
(-295984.236009085,83011.5809879363,-50968.8134893175)
(-245209.85075888,48491.5652583,-75063.6211747514)
(-170255.114781655,24813.9699397711,-83680.8486316429)
(-86612.2182350369,10181.201568107,-86684.0478700187)
(0,0,0)
(0,0,0)
(0,0,0)
(0,0,0)
(0,0,0)
(0,0,0)
(-218221.857876639,-12932.1459369194,2259.17087717594)
(-220472.146799512,-12528.5477009868,5781.96806441906)
(-226220.601151184,-11454.5418055084,12486.9216567957)
(-238736.537033324,-9081.80506470555,25560.2043947154)
(-264466.092998695,-4198.25544135964,48219.6476378659)
(-312907.163314172,4301.41455468622,66327.2547831693)
(-379342.068164754,12565.044310529,-85474.5451083087)
(-293991.847073027,11026.4768106727,-98759.4517808363)
(-195317.856627324,6118.78188698866,-98360.3297894303)
(-96965.0210825857,2368.76641299463,-96972.8858101635)
(0,0,0)
(0,0,0)
(0,0,0)
(0,0,0)
(0,0,0)
(0,0,0)
(-205733.353327361,-21282.6830576267,2668.93661682065)
(-208366.463533572,-21279.7332893508,6861.98611612823)
(-215170.514708009,-21296.6084885464,14893.5866449232)
(-230057.201512451,-21513.7069619755,30494.1985897622)
(-260627.031781495,-22364.4659670712,56775.3156629128)
(-317552.524500999,-24175.8199117076,74651.7937572656)
(-392270.842112634,-23557.3462006785,-86993.2283635104)
(-305307.493578722,-21534.645750158,-103708.783009739)
(-201620.643296616,-15130.3374184505,-102163.79755152)
(-99446.4308043949,-7649.44495168201,-99409.7267510166)
(0,0,0)
(0,0,0)
(0,0,0)
(0,0,0)
(0,0,0)
(0,0,0)
(-184746.723501582,-31676.6519672306,2707.7002605213)
(-187414.463050182,-32074.5386433727,6892.61924634026)
(-194211.117516385,-33222.4189644079,14736.595810676)
(-208912.97205832,-36196.1658960189,29690.928231065)
(-238592.739251566,-44113.2427211019,54973.5226453626)
(-293666.376804731,-64906.9757858507,75281.2150322416)
(-368985.196232278,-108541.764704063,-84990.3363465337)
(-283995.27718719,-68791.6676025279,-97378.135223)
(-186596.663723543,-39803.1129844717,-94737.8283343542)
(-91853.4282910914,-18307.0877861929,-91815.8388403685)
(0,0,0)
(0,0,0)
(0,0,0)
(0,0,0)
(0,0,0)
(0,0,0)
(-153266.458038759,-42896.3028169217,2327.35675596321)
(-155578.832150832,-43584.7539234282,5797.00147962468)
(-161307.029514198,-45390.3718215277,11807.7318161696)
(-173078.885942346,-49419.6462920658,21775.936573133)
(-194829.089919337,-58068.8357432365,34138.3383600516)
(-229066.081705817,-74769.0346476111,31573.6792156193)
(-260679.172642512,-95813.0419523048,-45338.33918422)
(-215374.668670514,-74847.3181601645,-68498.098229945)
(-146893.952030418,-48335.6762788484,-73305.9286311809)
(-73582.2271347659,-23391.7659726847,-73574.9503374695)
(0,0,0)
(0,0,0)
(0,0,0)
(0,0,0)
(0,0,0)
(0,0,0)
(-110740.971019518,-52786.612417124,1650.60033357119)
(-112369.905515633,-53643.0075801929,4022.45884816617)
(-116307.335393364,-55690.6136969792,7779.25004853625)
(-124067.446410571,-59728.1840893266,13093.4823027503)
(-137205.021731019,-66904.9733740285,17421.9585487887)
(-154711.535651258,-77445.0090956218,10479.4300434249)
(-165213.2093564,-85394.5816046604,-24463.4686221327)
(-140781.800667709,-71966.8813225196,-42090.8528555654)
(-98723.1618170264,-49686.341417986,-48443.9635994045)
(-50238.7712000724,-25031.3554280781,-50260.3310544737)
(0,0,0)
(0,0,0)
(0,0,0)
(0,0,0)
(0,0,0)
(0,0,0)
(-58350.6746490369,-58738.4052431318,840.952843671907)
(-59197.2910065174,-59637.0286414724,2007.50076566246)
(-61145.1843051536,-61718.9068873192,3737.15475144355)
(-64863.634541882,-65515.457441056,5880.75175867095)
(-70778.5143965419,-71352.7492636877,6881.43360475108)
(-77685.3937038701,-78177.7343093887,2500.90960683221)
(-80187.1433455417,-80599.1406888152,-11112.6284561999)
(-69098.7153080611,-69396.6925533029,-19920.2500632024)
(-49227.534955648,-49383.5329490318,-23908.8487507222)
(-25304.2306457523,-25404.247964056,-25332.7978160817)
(0,0,0)
(0,0,0)
(0,0,0)
(0,0,0)
(0,0,0)
(0,0,0)
(0,0,0)
(0,0,0)
(0,0,0)
(0,0,0)
(0,0,0)
(0,0,0)
(0,0,0)
(0,0,0)
(0,0,0)
(0,0,0)
(0,0,0)
(0,0,0)
(0,0,0)
(0,0,0)
(0,0,0)
(0,0,0)
(0,0,0)
(0,0,0)
(0,0,0)
(0,0,0)
(0,0,0)
(0,0,0)
(0,0,0)
(0,0,0)
(0,0,0)
(0,0,0)
(0,0,0)
(0,0,0)
(0,0,0)
(0,0,0)
(0,0,0)
(0,0,0)
(0,0,0)
(0,0,0)
(0,0,0)
(0,0,0)
(0,0,0)
(0,0,0)
(0,0,0)
(0,0,0)
(0,0,0)
(0,0,0)
(0,0,0)
(0,0,0)
(0,0,0)
(0,0,0)
(0,0,0)
(0,0,0)
(0,0,0)
(0,0,0)
(0,0,0)
(0,0,0)
(0,0,0)
(0,0,0)
(0,0,0)
(0,0,0)
(0,0,0)
(0,0,0)
(0,0,0)
(0,0,0)
(0,0,0)
(0,0,0)
(0,0,0)
(0,0,0)
(0,0,0)
(0,0,0)
(0,0,0)
(0,0,0)
(0,0,0)
(0,0,0)
(0,0,0)
(0,0,0)
(0,0,0)
(0,0,0)
(0,0,0)
(0,0,0)
(0,0,0)
(0,0,0)
(0,0,0)
(0,0,0)
(0,0,0)
(0,0,0)
(0,0,0)
(0,0,0)
(0,0,0)
(0,0,0)
(0,0,0)
(0,0,0)
(0,0,0)
(0,0,0)
(0,0,0)
(0,0,0)
(0,0,0)
(0,0,0)
(0,0,0)
(0,0,0)
(0,0,0)
(0,0,0)
(0,0,0)
(0,0,0)
(0,0,0)
(0,0,0)
(0,0,0)
(0,0,0)
(0,0,0)
(0,0,0)
(0,0,0)
(0,0,0)
(0,0,0)
(0,0,0)
(0,0,0)
(0,0,0)
(0,0,0)
(0,0,0)
(0,0,0)
(0,0,0)
(0,0,0)
(0,0,0)
(0,0,0)
(0,0,0)
(0,0,0)
(0,0,0)
(0,0,0)
(0,0,0)
(0,0,0)
(0,0,0)
(0,0,0)
(0,0,0)
(0,0,0)
(0,0,0)
(0,0,0)
(0,0,0)
(0,0,0)
(0,0,0)
(0,0,0)
(0,0,0)
(0,0,0)
(0,0,0)
(0,0,0)
(0,0,0)
(0,0,0)
(0,0,0)
(0,0,0)
(0,0,0)
(0,0,0)
(0,0,0)
(0,0,0)
(0,0,0)
(0,0,0)
(0,0,0)
(0,0,0)
(0,0,0)
(0,0,0)
(0,0,0)
(0,0,0)
(0,0,0)
(0,0,0)
(0,0,0)
(0,0,0)
(0,0,0)
(0,0,0)
(0,0,0)
(0,0,0)
(0,0,0)
(0,0,0)
(0,0,0)
(0,0,0)
(0,0,0)
(0,0,0)
(0,0,0)
(0,0,0)
(0,0,0)
(0,0,0)
(0,0,0)
(0,0,0)
(0,0,0)
(0,0,0)
(0,0,0)
(0,0,0)
(0,0,0)
(0,0,0)
(0,0,0)
(0,0,0)
(0,0,0)
(0,0,0)
(0,0,0)
(0,0,0)
(0,0,0)
(0,0,0)
(0,0,0)
(0,0,0)
(0,0,0)
(0,0,0)
(0,0,0)
(0,0,0)
(0,0,0)
(0,0,0)
(0,0,0)
(0,0,0)
(0,0,0)
(0,0,0)
(0,0,0)
(0,0,0)
(0,0,0)
(0,0,0)
(0,0,0)
(0,0,0)
(0,0,0)
(0,0,0)
(0,0,0)
(0,0,0)
(0,0,0)
(0,0,0)
(0,0,0)
(0,0,0)
(0,0,0)
(0,0,0)
(0,0,0)
(0,0,0)
(0,0,0)
(0,0,0)
(0,0,0)
(0,0,0)
(0,0,0)
(0,0,0)
(0,0,0)
(0,0,0)
(0,0,0)
(0,0,0)
(0,0,0)
(0,0,0)
(0,0,0)
(0,0,0)
(0,0,0)
(0,0,0)
(0,0,0)
(0,0,0)
(0,0,0)
(0,0,0)
(0,0,0)
(0,0,0)
(0,0,0)
(0,0,0)
(0,0,0)
(0,0,0)
(0,0,0)
(0,0,0)
(0,0,0)
(0,0,0)
(0,0,0)
(0,0,0)
(0,0,0)
(0,0,0)
(0,0,0)
(0,0,0)
(0,0,0)
(0,0,0)
(0,0,0)
(0,0,0)
(0,0,0)
(0,0,0)
(0,0,0)
(0,0,0)
(0,0,0)
(0,0,0)
(0,0,0)
(0,0,0)
(0,0,0)
(0,0,0)
(0,0,0)
(0,0,0)
(0,0,0)
(0,0,0)
(0,0,0)
(0,0,0)
(0,0,0)
(0,0,0)
(0,0,0)
(0,0,0)
(0,0,0)
(0,0,0)
(0,0,0)
(0,0,0)
(0,0,0)
(0,0,0)
(0,0,0)
(0,0,0)
(0,0,0)
(0,0,0)
(0,0,0)
(0,0,0)
(0,0,0)
(0,0,0)
(0,0,0)
(0,0,0)
(0,0,0)
(0,0,0)
(0,0,0)
(0,0,0)
(0,0,0)
(0,0,0)
(0,0,0)
(0,0,0)
(0,0,0)
(0,0,0)
(0,0,0)
(0,0,0)
(0,0,0)
(0,0,0)
(0,0,0)
(0,0,0)
(0,0,0)
(0,0,0)
(0,0,0)
(0,0,0)
(0,0,0)
(0,0,0)
(0,0,0)
(0,0,0)
(0,0,0)
(0,0,0)
(0,0,0)
(0,0,0)
(0,0,0)
(0,0,0)
(0,0,0)
(0,0,0)
(0,0,0)
(0,0,0)
(0,0,0)
(0,0,0)
(0,0,0)
(0,0,0)
(0,0,0)
(0,0,0)
(0,0,0)
(0,0,0)
(0,0,0)
(0,0,0)
(0,0,0)
(0,0,0)
(0,0,0)
(0,0,0)
(0,0,0)
(0,0,0)
(0,0,0)
(0,0,0)
(0,0,0)
(0,0,0)
(0,0,0)
(0,0,0)
(0,0,0)
(0,0,0)
(0,0,0)
(0,0,0)
(0,0,0)
(0,0,0)
(0,0,0)
(0,0,0)
(0,0,0)
(0,0,0)
(0,0,0)
(0,0,0)
(0,0,0)
(0,0,0)
(0,0,0)
(0,0,0)
(0,0,0)
(0,0,0)
(0,0,0)
(0,0,0)
(0,0,0)
(0,0,0)
(0,0,0)
(0,0,0)
(0,0,0)
(0,0,0)
(0,0,0)
(0,0,0)
(0,0,0)
(0,0,0)
(0,0,0)
(0,0,0)
(0,0,0)
(0,0,0)
(0,0,0)
(0,0,0)
(0,0,0)
(0,0,0)
(0,0,0)
(0,0,0)
(0,0,0)
(0,0,0)
(0,0,0)
(0,0,0)
(0,0,0)
(0,0,0)
(0,0,0)
(0,0,0)
(0,0,0)
(0,0,0)
(0,0,0)
(0,0,0)
(0,0,0)
(0,0,0)
(0,0,0)
(0,0,0)
(0,0,0)
(0,0,0)
(0,0,0)
(0,0,0)
(0,0,0)
(0,0,0)
(0,0,0)
(0,0,0)
(0,0,0)
(0,0,0)
(0,0,0)
(0,0,0)
(0,0,0)
(0,0,0)
(0,0,0)
(0,0,0)
(0,0,0)
(0,0,0)
(0,0,0)
(0,0,0)
(0,0,0)
(0,0,0)
(0,0,0)
(0,0,0)
(0,0,0)
(0,0,0)
(0,0,0)
(0,0,0)
(0,0,0)
(0,0,0)
(0,0,0)
(0,0,0)
(0,0,0)
(0,0,0)
(0,0,0)
(0,0,0)
(0,0,0)
(0,0,0)
(0,0,0)
(0,0,0)
(0,0,0)
(0,0,0)
(0,0,0)
(0,0,0)
(0,0,0)
(0,0,0)
(0,0,0)
(0,0,0)
(0,0,0)
(0,0,0)
(0,0,0)
(0,0,0)
(0,0,0)
(0,0,0)
(0,0,0)
(0,0,0)
(0,0,0)
(0,0,0)
(0,0,0)
(0,0,0)
(0,0,0)
(0,0,0)
(0,0,0)
(0,0,0)
(0,0,0)
(0,0,0)
(0,0,0)
(0,0,0)
(0,0,0)
(0,0,0)
(0,0,0)
(0,0,0)
(0,0,0)
(0,0,0)
(0,0,0)
(0,0,0)
(0,0,0)
(0,0,0)
(0,0,0)
(0,0,0)
(0,0,0)
(0,0,0)
(0,0,0)
(0,0,0)
(0,0,0)
(0,0,0)
(0,0,0)
(0,0,0)
(0,0,0)
(0,0,0)
(0,0,0)
(0,0,0)
(0,0,0)
(0,0,0)
(0,0,0)
(0,0,0)
(0,0,0)
(0,0,0)
(0,0,0)
(0,0,0)
(0,0,0)
(0,0,0)
(0,0,0)
(0,0,0)
(0,0,0)
(0,0,0)
(0,0,0)
(0,0,0)
(0,0,0)
(0,0,0)
(0,0,0)
(0,0,0)
(0,0,0)
(0,0,0)
(0,0,0)
(0,0,0)
(0,0,0)
(0,0,0)
(0,0,0)
(0,0,0)
(0,0,0)
(0,0,0)
(0,0,0)
(0,0,0)
(0,0,0)
(0,0,0)
(0,0,0)
(0,0,0)
(0,0,0)
(0,0,0)
(0,0,0)
(0,0,0)
(0,0,0)
(0,0,0)
(0,0,0)
(0,0,0)
(0,0,0)
(0,0,0)
(0,0,0)
(0,0,0)
(0,0,0)
(0,0,0)
(0,0,0)
(0,0,0)
(0,0,0)
(0,0,0)
(0,0,0)
(0,0,0)
(0,0,0)
(0,0,0)
(0,0,0)
(0,0,0)
(0,0,0)
(0,0,0)
(0,0,0)
(0,0,0)
(0,0,0)
(0,0,0)
(0,0,0)
(0,0,0)
(0,0,0)
(0,0,0)
(0,0,0)
(0,0,0)
(0,0,0)
(0,0,0)
(0,0,0)
(0,0,0)
(0,0,0)
(0,0,0)
(0,0,0)
(0,0,0)
(0,0,0)
(0,0,0)
(0,0,0)
(0,0,0)
(0,0,0)
(0,0,0)
(0,0,0)
(0,0,0)
(0,0,0)
(0,0,0)
(0,0,0)
(0,0,0)
(0,0,0)
(0,0,0)
(0,0,0)
(0,0,0)
(0,0,0)
(0,0,0)
(0,0,0)
(0,0,0)
(0,0,0)
(0,0,0)
(0,0,0)
(0,0,0)
(0,0,0)
(0,0,0)
(0,0,0)
(0,0,0)
(0,0,0)
(0,0,0)
(0,0,0)
(0,0,0)
(0,0,0)
(0,0,0)
(0,0,0)
(0,0,0)
(0,0,0)
(0,0,0)
(0,0,0)
(0,0,0)
(0,0,0)
(0,0,0)
(0,0,0)
(0,0,0)
(0,0,0)
(0,0,0)
(0,0,0)
(0,0,0)
(0,0,0)
(0,0,0)
(0,0,0)
(0,0,0)
(0,0,0)
(0,0,0)
(0,0,0)
(0,0,0)
(0,0,0)
(0,0,0)
(0,0,0)
(0,0,0)
(0,0,0)
(0,0,0)
(0,0,0)
(0,0,0)
(0,0,0)
(0,0,0)
(0,0,0)
(0,0,0)
(0,0,0)
(0,0,0)
(0,0,0)
(0,0,0)
(0,0,0)
(0,0,0)
(0,0,0)
(0,0,0)
(0,0,0)
(0,0,0)
(0,0,0)
(0,0,0)
(0,0,0)
(0,0,0)
(0,0,0)
(0,0,0)
(0,0,0)
(0,0,0)
(0,0,0)
(0,0,0)
(0,0,0)
(0,0,0)
(0,0,0)
(0,0,0)
(0,0,0)
(0,0,0)
(0,0,0)
(0,0,0)
(0,0,0)
(0,0,0)
(0,0,0)
(0,0,0)
(0,0,0)
(0,0,0)
(0,0,0)
(0,0,0)
(0,0,0)
(0,0,0)
(0,0,0)
(0,0,0)
(0,0,0)
(0,0,0)
(0,0,0)
(0,0,0)
(0,0,0)
(0,0,0)
(0,0,0)
(0,0,0)
(0,0,0)
(0,0,0)
(0,0,0)
(0,0,0)
(0,0,0)
(0,0,0)
(0,0,0)
(0,0,0)
(0,0,0)
(0,0,0)
(0,0,0)
(0,0,0)
(0,0,0)
(0,0,0)
(0,0,0)
(0,0,0)
(0,0,0)
(0,0,0)
(0,0,0)
(0,0,0)
(0,0,0)
(0,0,0)
(0,0,0)
(0,0,0)
(0,0,0)
(0,0,0)
(0,0,0)
(0,0,0)
(0,0,0)
(0,0,0)
(0,0,0)
(0,0,0)
(0,0,0)
(0,0,0)
(0,0,0)
(0,0,0)
(0,0,0)
(0,0,0)
(0,0,0)
(0,0,0)
(0,0,0)
(0,0,0)
(0,0,0)
(0,0,0)
(0,0,0)
(0,0,0)
(0,0,0)
(0,0,0)
(0,0,0)
(0,0,0)
(0,0,0)
(0,0,0)
(0,0,0)
(0,0,0)
(0,0,0)
(0,0,0)
(0,0,0)
(0,0,0)
(0,0,0)
(0,0,0)
(0,0,0)
(0,0,0)
(0,0,0)
(0,0,0)
(0,0,0)
(0,0,0)
(0,0,0)
(0,0,0)
(0,0,0)
(0,0,0)
(0,0,0)
(0,0,0)
(0,0,0)
(0,0,0)
(0,0,0)
(0,0,0)
(0,0,0)
(0,0,0)
(0,0,0)
(0,0,0)
(0,0,0)
(0,0,0)
(0,0,0)
(0,0,0)
(0,0,0)
(0,0,0)
(0,0,0)
(0,0,0)
(0,0,0)
(0,0,0)
(0,0,0)
(0,0,0)
(0,0,0)
(0,0,0)
(0,0,0)
(0,0,0)
(0,0,0)
(0,0,0)
(0,0,0)
(0,0,0)
(0,0,0)
(0,0,0)
(0,0,0)
(0,0,0)
(0,0,0)
(0,0,0)
(0,0,0)
(0,0,0)
(0,0,0)
(0,0,0)
(0,0,0)
(0,0,0)
(0,0,0)
(0,0,0)
(0,0,0)
(0,0,0)
(0,0,0)
(0,0,0)
)
;

boundaryField
{
    fuel
    {
        type            fixedValue;
        value           uniform (0.1 0 0);
    }
    air
    {
        type            fixedValue;
        value           uniform (-0.1 0 0);
    }
    outlet
    {
        type            zeroGradient;
    }
    frontAndBack
    {
        type            empty;
    }
}


// ************************************************************************* //
 