/*--------------------------------*- C++ -*----------------------------------*\
| =========                 |                                                 |
| \\      /  F ield         | foam-extend: Open Source CFD                    |
|  \\    /   O peration     | Version:     4.0                                |
|   \\  /    A nd           | Web:         http://www.foam-extend.org         |
|    \\/     M anipulation  |                                                 |
\*---------------------------------------------------------------------------*/
FoamFile
{
    version 2.0;
    format ascii;
    class volVectorField;
    location "3754";
    object      H;
}
// * * * * * * * * * * * * * * * * * * * * * * * * * * * * * * * * * * * * * //

dimensions      [0 1 -1 0 0 0 0];

internalField   nonuniform List<vector>
4096
(
(0,0,0)
(0,0,0)
(0,0,0)
(0,0,0)
(0,0,0)
(0,0,0)
(0,0,0)
(0,0,0)
(0,0,0)
(0,0,0)
(0,0,0)
(0,0,0)
(0,0,0)
(0,0,0)
(0,0,0)
(0,0,0)
(0,0,0)
(0,0,0)
(0,0,0)
(0,0,0)
(0,0,0)
(0,0,0)
(0,0,0)
(0,0,0)
(0,0,0)
(0,0,0)
(0,0,0)
(0,0,0)
(0,0,0)
(0,0,0)
(0,0,0)
(0,0,0)
(0,0,0)
(0,0,0)
(0,0,0)
(0,0,0)
(0,0,0)
(0,0,0)
(0,0,0)
(0,0,0)
(0,0,0)
(0,0,0)
(0,0,0)
(0,0,0)
(0,0,0)
(0,0,0)
(0,0,0)
(0,0,0)
(0,0,0)
(0,0,0)
(0,0,0)
(0,0,0)
(0,0,0)
(0,0,0)
(0,0,0)
(0,0,0)
(0,0,0)
(0,0,0)
(0,0,0)
(0,0,0)
(0,0,0)
(0,0,0)
(0,0,0)
(0,0,0)
(0,0,0)
(0,0,0)
(0,0,0)
(0,0,0)
(0,0,0)
(0,0,0)
(0,0,0)
(0,0,0)
(0,0,0)
(0,0,0)
(0,0,0)
(0,0,0)
(0,0,0)
(0,0,0)
(0,0,0)
(0,0,0)
(0,0,0)
(0,0,0)
(0,0,0)
(0,0,0)
(0,0,0)
(0,0,0)
(0,0,0)
(0,0,0)
(0,0,0)
(0,0,0)
(0,0,0)
(0,0,0)
(0,0,0)
(0,0,0)
(0,0,0)
(0,0,0)
(0,0,0)
(0,0,0)
(0,0,0)
(0,0,0)
(0,0,0)
(0,0,0)
(0,0,0)
(0,0,0)
(0,0,0)
(0,0,0)
(0,0,0)
(0,0,0)
(0,0,0)
(0,0,0)
(0,0,0)
(0,0,0)
(0,0,0)
(0,0,0)
(0,0,0)
(0,0,0)
(0,0,0)
(0,0,0)
(0,0,0)
(0,0,0)
(0,0,0)
(0,0,0)
(0,0,0)
(0,0,0)
(0,0,0)
(0,0,0)
(0,0,0)
(0,0,0)
(0,0,0)
(0,0,0)
(0,0,0)
(0,0,0)
(0,0,0)
(0,0,0)
(0,0,0)
(0,0,0)
(0,0,0)
(0,0,0)
(0,0,0)
(0,0,0)
(0,0,0)
(0,0,0)
(0,0,0)
(0,0,0)
(0,0,0)
(0,0,0)
(0,0,0)
(0,0,0)
(0,0,0)
(0,0,0)
(0,0,0)
(0,0,0)
(0,0,0)
(0,0,0)
(0,0,0)
(0,0,0)
(0,0,0)
(0,0,0)
(0,0,0)
(0,0,0)
(0,0,0)
(0,0,0)
(0,0,0)
(0,0,0)
(0,0,0)
(0,0,0)
(0,0,0)
(0,0,0)
(0,0,0)
(0,0,0)
(0,0,0)
(0,0,0)
(0,0,0)
(0,0,0)
(0,0,0)
(0,0,0)
(0,0,0)
(0,0,0)
(0,0,0)
(0,0,0)
(0,0,0)
(0,0,0)
(0,0,0)
(0,0,0)
(0,0,0)
(0,0,0)
(0,0,0)
(0,0,0)
(0,0,0)
(0,0,0)
(0,0,0)
(0,0,0)
(0,0,0)
(0,0,0)
(0,0,0)
(0,0,0)
(0,0,0)
(0,0,0)
(0,0,0)
(0,0,0)
(0,0,0)
(0,0,0)
(0,0,0)
(0,0,0)
(0,0,0)
(0,0,0)
(0,0,0)
(0,0,0)
(0,0,0)
(0,0,0)
(0,0,0)
(0,0,0)
(0,0,0)
(0,0,0)
(0,0,0)
(0,0,0)
(0,0,0)
(0,0,0)
(0,0,0)
(0,0,0)
(0,0,0)
(0,0,0)
(0,0,0)
(0,0,0)
(0,0,0)
(0,0,0)
(0,0,0)
(0,0,0)
(0,0,0)
(0,0,0)
(0,0,0)
(0,0,0)
(0,0,0)
(0,0,0)
(0,0,0)
(0,0,0)
(0,0,0)
(0,0,0)
(0,0,0)
(0,0,0)
(0,0,0)
(0,0,0)
(0,0,0)
(0,0,0)
(0,0,0)
(0,0,0)
(0,0,0)
(0,0,0)
(0,0,0)
(0,0,0)
(0,0,0)
(0,0,0)
(0,0,0)
(0,0,0)
(0,0,0)
(0,0,0)
(0,0,0)
(0,0,0)
(0,0,0)
(0,0,0)
(0,0,0)
(0,0,0)
(0,0,0)
(0,0,0)
(0,0,0)
(0,0,0)
(0,0,0)
(0,0,0)
(0,0,0)
(0,0,0)
(0,0,0)
(0,0,0)
(0,0,0)
(0,0,0)
(0,0,0)
(0,0,0)
(0,0,0)
(0,0,0)
(0,0,0)
(0,0,0)
(0,0,0)
(0,0,0)
(0,0,0)
(0,0,0)
(0,0,0)
(0,0,0)
(0,0,0)
(0,0,0)
(0,0,0)
(0,0,0)
(0,0,0)
(0,0,0)
(0,0,0)
(0,0,0)
(0,0,0)
(0,0,0)
(0,0,0)
(0,0,0)
(0,0,0)
(0,0,0)
(0,0,0)
(0,0,0)
(0,0,0)
(0,0,0)
(0,0,0)
(0,0,0)
(0,0,0)
(0,0,0)
(0,0,0)
(0,0,0)
(0,0,0)
(0,0,0)
(0,0,0)
(0,0,0)
(0,0,0)
(0,0,0)
(0,0,0)
(0,0,0)
(0,0,0)
(0,0,0)
(0,0,0)
(0,0,0)
(0,0,0)
(0,0,0)
(0,0,0)
(0,0,0)
(0,0,0)
(0,0,0)
(0,0,0)
(0,0,0)
(0,0,0)
(0,0,0)
(0,0,0)
(0,0,0)
(0,0,0)
(0,0,0)
(0,0,0)
(0,0,0)
(0,0,0)
(0,0,0)
(0,0,0)
(0,0,0)
(0,0,0)
(0,0,0)
(0,0,0)
(0,0,0)
(0,0,0)
(0,0,0)
(0,0,0)
(0,0,0)
(0,0,0)
(0,0,0)
(0,0,0)
(0,0,0)
(0,0,0)
(0,0,0)
(0,0,0)
(0,0,0)
(0,0,0)
(0,0,0)
(0,0,0)
(0,0,0)
(0,0,0)
(0,0,0)
(0,0,0)
(0,0,0)
(0,0,0)
(0,0,0)
(0,0,0)
(0,0,0)
(0,0,0)
(0,0,0)
(0,0,0)
(0,0,0)
(0,0,0)
(0,0,0)
(0,0,0)
(0,0,0)
(0,0,0)
(0,0,0)
(0,0,0)
(0,0,0)
(0,0,0)
(0,0,0)
(0,0,0)
(0,0,0)
(0,0,0)
(0,0,0)
(0,0,0)
(0,0,0)
(0,0,0)
(0,0,0)
(0,0,0)
(0,0,0)
(0,0,0)
(0,0,0)
(0,0,0)
(0,0,0)
(0,0,0)
(0,0,0)
(0,0,0)
(0,0,0)
(0,0,0)
(0,0,0)
(0,0,0)
(0,0,0)
(0,0,0)
(0,0,0)
(0,0,0)
(0,0,0)
(0,0,0)
(0,0,0)
(0,0,0)
(0,0,0)
(0,0,0)
(0,0,0)
(0,0,0)
(0,0,0)
(0,0,0)
(0,0,0)
(0,0,0)
(0,0,0)
(0,0,0)
(0,0,0)
(0,0,0)
(0,0,0)
(0,0,0)
(0,0,0)
(0,0,0)
(0,0,0)
(0,0,0)
(0,0,0)
(0,0,0)
(0,0,0)
(0,0,0)
(0,0,0)
(0,0,0)
(0,0,0)
(0,0,0)
(0,0,0)
(0,0,0)
(0,0,0)
(0,0,0)
(0,0,0)
(0,0,0)
(0,0,0)
(0,0,0)
(0,0,0)
(0,0,0)
(0,0,0)
(0,0,0)
(0,0,0)
(0,0,0)
(0,0,0)
(0,0,0)
(0,0,0)
(0,0,0)
(0,0,0)
(0,0,0)
(0,0,0)
(0,0,0)
(0,0,0)
(0,0,0)
(0,0,0)
(0,0,0)
(0,0,0)
(0,0,0)
(0,0,0)
(0,0,0)
(0,0,0)
(0,0,0)
(0,0,0)
(0,0,0)
(0,0,0)
(0,0,0)
(0,0,0)
(0,0,0)
(0,0,0)
(0,0,0)
(0,0,0)
(0,0,0)
(0,0,0)
(0,0,0)
(0,0,0)
(0,0,0)
(0,0,0)
(0,0,0)
(0,0,0)
(0,0,0)
(0,0,0)
(0,0,0)
(0,0,0)
(0,0,0)
(0,0,0)
(0,0,0)
(0,0,0)
(0,0,0)
(0,0,0)
(0,0,0)
(0,0,0)
(0,0,0)
(0,0,0)
(0,0,0)
(0,0,0)
(0,0,0)
(0,0,0)
(0,0,0)
(0,0,0)
(0,0,0)
(0,0,0)
(0,0,0)
(0,0,0)
(0,0,0)
(0,0,0)
(0,0,0)
(0,0,0)
(0,0,0)
(0,0,0)
(0,0,0)
(0,0,0)
(0,0,0)
(0,0,0)
(0,0,0)
(0,0,0)
(0,0,0)
(0,0,0)
(0,0,0)
(0,0,0)
(0,0,0)
(0,0,0)
(0,0,0)
(0,0,0)
(0,0,0)
(0,0,0)
(0,0,0)
(0,0,0)
(0,0,0)
(0,0,0)
(0,0,0)
(0,0,0)
(0,0,0)
(0,0,0)
(0,0,0)
(0,0,0)
(0,0,0)
(0,0,0)
(0,0,0)
(0,0,0)
(0,0,0)
(0,0,0)
(0,0,0)
(0,0,0)
(0,0,0)
(0,0,0)
(0,0,0)
(0,0,0)
(0,0,0)
(0,0,0)
(0,0,0)
(0,0,0)
(0,0,0)
(0,0,0)
(0,0,0)
(0,0,0)
(0,0,0)
(0,0,0)
(0,0,0)
(0,0,0)
(0,0,0)
(0,0,0)
(0,0,0)
(0,0,0)
(0,0,0)
(0,0,0)
(0,0,0)
(0,0,0)
(0,0,0)
(0,0,0)
(0,0,0)
(0,0,0)
(0,0,0)
(0,0,0)
(0,0,0)
(0,0,0)
(0,0,0)
(0,0,0)
(0,0,0)
(0,0,0)
(0,0,0)
(0,0,0)
(0,0,0)
(0,0,0)
(0,0,0)
(0,0,0)
(0,0,0)
(0,0,0)
(0,0,0)
(0,0,0)
(0,0,0)
(0,0,0)
(0,0,0)
(0,0,0)
(0,0,0)
(0,0,0)
(0,0,0)
(0,0,0)
(0,0,0)
(0,0,0)
(0,0,0)
(0,0,0)
(0,0,0)
(0,0,0)
(0,0,0)
(0,0,0)
(0,0,0)
(0,0,0)
(0,0,0)
(0,0,0)
(0,0,0)
(0,0,0)
(0,0,0)
(0,0,0)
(0,0,0)
(0,0,0)
(0,0,0)
(0,0,0)
(0,0,0)
(0,0,0)
(0,0,0)
(0,0,0)
(0,0,0)
(0,0,0)
(0,0,0)
(0,0,0)
(0,0,0)
(0,0,0)
(0,0,0)
(0,0,0)
(0,0,0)
(0,0,0)
(0,0,0)
(0,0,0)
(0,0,0)
(0,0,0)
(0,0,0)
(0,0,0)
(0,0,0)
(0,0,0)
(0,0,0)
(0,0,0)
(0,0,0)
(0,0,0)
(0,0,0)
(0,0,0)
(0,0,0)
(0,0,0)
(0,0,0)
(0,0,0)
(0,0,0)
(0,0,0)
(0,0,0)
(0,0,0)
(0,0,0)
(0,0,0)
(0,0,0)
(0,0,0)
(0,0,0)
(0,0,0)
(0,0,0)
(0,0,0)
(0,0,0)
(0,0,0)
(0,0,0)
(0,0,0)
(0,0,0)
(0,0,0)
(0,0,0)
(0,0,0)
(0,0,0)
(0,0,0)
(0,0,0)
(0,0,0)
(0,0,0)
(0,0,0)
(0,0,0)
(0,0,0)
(0,0,0)
(0,0,0)
(0,0,0)
(0,0,0)
(0,0,0)
(0,0,0)
(0,0,0)
(0,0,0)
(0,0,0)
(0,0,0)
(0,0,0)
(0,0,0)
(0,0,0)
(0,0,0)
(0,0,0)
(0,0,0)
(0,0,0)
(0,0,0)
(0,0,0)
(0,0,0)
(0,0,0)
(0,0,0)
(0,0,0)
(0,0,0)
(0,0,0)
(0,0,0)
(0,0,0)
(0,0,0)
(0,0,0)
(0,0,0)
(0,0,0)
(0,0,0)
(0,0,0)
(0,0,0)
(0,0,0)
(0,0,0)
(0,0,0)
(0,0,0)
(0,0,0)
(0,0,0)
(0,0,0)
(0,0,0)
(0,0,0)
(0,0,0)
(0,0,0)
(0,0,0)
(0,0,0)
(0,0,0)
(0,0,0)
(0,0,0)
(0,0,0)
(0,0,0)
(0,0,0)
(0,0,0)
(0,0,0)
(0,0,0)
(0,0,0)
(0,0,0)
(0,0,0)
(0,0,0)
(0,0,0)
(0,0,0)
(0,0,0)
(0,0,0)
(0,0,0)
(0,0,0)
(0,0,0)
(0,0,0)
(0,0,0)
(0,0,0)
(0,0,0)
(0,0,0)
(0,0,0)
(0,0,0)
(0,0,0)
(0,0,0)
(0,0,0)
(0,0,0)
(0,0,0)
(0,0,0)
(0,0,0)
(0,0,0)
(0,0,0)
(0,0,0)
(0,0,0)
(0,0,0)
(0,0,0)
(0,0,0)
(0,0,0)
(0,0,0)
(0,0,0)
(0,0,0)
(0,0,0)
(0,0,0)
(0,0,0)
(0,0,0)
(0,0,0)
(0,0,0)
(0,0,0)
(0,0,0)
(0,0,0)
(0,0,0)
(0,0,0)
(0,0,0)
(0,0,0)
(0,0,0)
(0,0,0)
(0,0,0)
(0,0,0)
(0,0,0)
(0,0,0)
(0,0,0)
(0,0,0)
(0,0,0)
(0,0,0)
(0,0,0)
(0,0,0)
(0,0,0)
(0,0,0)
(0,0,0)
(0,0,0)
(0,0,0)
(0,0,0)
(0,0,0)
(0,0,0)
(0,0,0)
(0,0,0)
(0,0,0)
(0,0,0)
(0,0,0)
(0,0,0)
(0,0,0)
(0,0,0)
(-9.54321850994913e-13,-8.89928249066361e-12,9.71922683032898e-12)
(-1.47955620331061e-12,-1.97034856510523e-11,9.71308777904477e-12)
(-1.30457049607958e-12,-3.32337327158658e-11,9.24638062792369e-12)
(-1.54123608542548e-12,-5.27848548877714e-11,8.12133174649716e-12)
(-2.10816381701702e-12,-8.2476316478047e-11,6.61374966037481e-12)
(-1.18948163982816e-12,-1.27222631970551e-10,4.39013738978357e-12)
(-3.65056735463931e-13,-1.99926138712689e-10,2.42938533012515e-12)
(4.65249083942991e-13,-3.21708041578192e-10,1.26586331495005e-12)
(1.22580030624746e-12,-5.23774173771727e-10,3.36549226710923e-13)
(1.18957460381514e-12,-8.0567520588583e-10,-1.44025961405668e-13)
(0,0,0)
(0,0,0)
(0,0,0)
(0,0,0)
(0,0,0)
(0,0,0)
(-1.32518297901616e-12,-8.8449227593537e-12,2.28579627183358e-11)
(-2.22583180168636e-12,-1.90773881304165e-11,2.22673276017998e-11)
(-3.26532647649668e-12,-3.20262212594468e-11,2.05790610573579e-11)
(-3.74016697232039e-12,-5.10929312740518e-11,1.7603448943841e-11)
(-4.33764789896114e-12,-8.05692544519125e-11,1.42248172621309e-11)
(-3.16851192556822e-12,-1.26022673738794e-10,9.96983121693694e-12)
(-9.44043747464858e-13,-1.9927735605229e-10,5.5372459940358e-12)
(1.17328761168006e-12,-3.20995280556814e-10,2.81149306031604e-12)
(1.62715835711917e-12,-5.23393043126665e-10,1.39372828698172e-12)
(1.4372993068441e-12,-8.05876302186448e-10,4.58686148919346e-13)
(0,0,0)
(0,0,0)
(0,0,0)
(0,0,0)
(0,0,0)
(0,0,0)
(-1.9478555653239e-12,-8.24511245331565e-12,3.79576792573438e-11)
(-4.03719886336319e-12,-1.72876409949232e-11,3.68913421771582e-11)
(-6.0919847850936e-12,-2.93902907239797e-11,3.4295613525833e-11)
(-7.29695981145473e-12,-4.77143066660694e-11,3.00291771497082e-11)
(-7.50003036805718e-12,-7.68856358292124e-11,2.48523472704869e-11)
(-5.91350897578668e-12,-1.22888553326668e-10,1.86197389457791e-11)
(-2.16965658692788e-12,-1.97293392201733e-10,1.16579123443881e-11)
(1.3470116124366e-12,-3.20080642806282e-10,7.28511263160241e-12)
(3.49619759635985e-12,-5.2298423708732e-10,4.73976459730356e-12)
(4.38512309801839e-12,-8.05924212485599e-10,2.37521776855209e-12)
(0,0,0)
(0,0,0)
(0,0,0)
(0,0,0)
(0,0,0)
(0,0,0)
(-2.92424817005672e-12,-7.49017260501244e-12,5.74251705496496e-11)
(-6.26528754071356e-12,-1.52368968505573e-11,5.62997848082139e-11)
(-8.51997327956281e-12,-2.63396484298791e-11,5.33188283617952e-11)
(-9.20329839720777e-12,-4.31680262932188e-11,4.83384717413229e-11)
(-8.24733523978019e-12,-7.10861096067525e-11,4.21497979981755e-11)
(-6.885501530499e-12,-1.16811570670628e-10,3.47390018535517e-11)
(-3.2930375383896e-12,-1.93110641485305e-10,2.63072604825508e-11)
(1.03161560183287e-12,-3.18096255225993e-10,1.96414795876545e-11)
(5.43683773544057e-12,-5.21123909108162e-10,1.3855207066371e-11)
(7.17779921738048e-12,-8.04126830282216e-10,7.59400940205359e-12)
(0,0,0)
(0,0,0)
(0,0,0)
(0,0,0)
(0,0,0)
(0,0,0)
(-3.79215082065665e-12,-6.18982377651816e-12,8.50664977812825e-11)
(-7.95652394153749e-12,-1.25772254603076e-11,8.40903455624103e-11)
(-9.56645538265102e-12,-2.22679052545894e-11,8.12007153517204e-11)
(-1.01596629167821e-11,-3.68780093815027e-11,7.64819634173764e-11)
(-8.7797618906807e-12,-6.2657896626028e-11,7.07062255111888e-11)
(-6.43249289971064e-12,-1.07582717815686e-10,6.36778380821369e-11)
(-2.79323854190977e-12,-1.85588491121588e-10,5.51051847321473e-11)
(8.57716553204006e-13,-3.13016294338217e-10,4.38439170270881e-11)
(4.68191892797438e-12,-5.15397905863402e-10,3.10878373743869e-11)
(5.61349343149724e-12,-7.97260750241276e-10,1.67399090345042e-11)
(0,0,0)
(0,0,0)
(0,0,0)
(0,0,0)
(0,0,0)
(0,0,0)
(-3.20772880205636e-12,-5.15053182271508e-12,1.26389604312578e-10)
(-6.43798003946773e-12,-9.9353353865619e-12,1.25209991502804e-10)
(-7.22477509108876e-12,-1.76602494136586e-11,1.22966541277602e-10)
(-8.86334431624126e-12,-3.0172673729316e-11,1.19834331708066e-10)
(-8.05507304431609e-12,-5.35836421139945e-11,1.15478322522407e-10)
(-6.30725801191015e-12,-9.7018412157869e-11,1.08861224485429e-10)
(-3.86695441790222e-12,-1.75478201858214e-10,9.82541551245796e-11)
(-1.73236993373736e-12,-3.02145093178296e-10,8.18886014993802e-11)
(1.10522865174026e-12,-5.0231904476219e-10,5.94861980053462e-11)
(2.57090300560148e-12,-7.8208686631583e-10,3.18548652926436e-11)
(0,0,0)
(0,0,0)
(0,0,0)
(0,0,0)
(0,0,0)
(0,0,0)
(-1.92688589383532e-12,-4.17680072166246e-12,1.95336789271297e-10)
(-4.71949854664838e-12,-7.64114348185217e-12,1.94071430061251e-10)
(-5.8228257817977e-12,-1.35176792748537e-11,1.92604967499575e-10)
(-6.75968332369099e-12,-2.4073346712153e-11,1.90795056395977e-10)
(-6.07765617691837e-12,-4.47168672668387e-11,1.87694214255971e-10)
(-5.04282352296742e-12,-8.45284222871339e-11,1.80642939107758e-10)
(-4.40856678262331e-12,-1.59683478166525e-10,1.66254231573156e-10)
(-4.26649259416001e-12,-2.81305226177021e-10,1.43447270974748e-10)
(-3.07176982197778e-12,-4.76019811933886e-10,1.07371413314205e-10)
(-1.34221485848008e-12,-7.51772564792853e-10,5.85971215893528e-11)
(0,0,0)
(0,0,0)
(0,0,0)
(0,0,0)
(0,0,0)
(0,0,0)
(-8.18514336839453e-14,-2.86046888777706e-12,3.12193024896321e-10)
(-1.78443576916642e-12,-5.85156826965519e-12,3.11603748697133e-10)
(-2.86624159763381e-12,-1.05957481254029e-11,3.10893730498292e-10)
(-3.13260890298492e-12,-1.93375728113923e-11,3.09513187977576e-10)
(-4.28572866205943e-12,-3.69817475627298e-11,3.06700455710376e-10)
(-5.7462748827152e-12,-7.16389284839226e-11,2.98552205363188e-10)
(-6.42384982439744e-12,-1.36847355540506e-10,2.80637266209436e-10)
(-6.72637385140976e-12,-2.45383589536206e-10,2.47221764926315e-10)
(-6.79515058755961e-12,-4.27876016273828e-10,1.91653285737649e-10)
(-4.77364569161772e-12,-6.9416442602865e-10,1.08639827128186e-10)
(0,0,0)
(0,0,0)
(0,0,0)
(0,0,0)
(0,0,0)
(0,0,0)
(7.19646304064387e-13,-2.04502073946233e-12,5.11958691279258e-10)
(8.62081124363784e-13,-4.51557026700767e-12,5.11392764194653e-10)
(1.22590782223337e-12,-7.92749956113473e-12,5.10652202961189e-10)
(6.43117165070418e-13,-1.43869924047581e-11,5.09148713665707e-10)
(-1.84011326410478e-12,-2.76368027046581e-11,5.05486635011104e-10)
(-5.30237540360012e-12,-5.39269121246988e-11,4.95272603106185e-10)
(-7.88197307077635e-12,-1.02929079048271e-10,4.72026578792897e-10)
(-9.59503657662176e-12,-1.89339028847765e-10,4.267176760559e-10)
(-9.76791228896989e-12,-3.45086493543258e-10,3.45482775007321e-10)
(-7.73818433752127e-12,-5.8584183021272e-10,2.07694049995498e-10)
(0,0,0)
(0,0,0)
(0,0,0)
(0,0,0)
(0,0,0)
(0,0,0)
(1.53735006308831e-12,-1.09541793080089e-12,7.93683023943633e-10)
(2.38549051395308e-12,-2.55862244425151e-12,7.93188743663261e-10)
(3.46464583365174e-12,-4.37808103063763e-12,7.92019990218912e-10)
(2.70879991434673e-12,-7.95360761247238e-12,7.90315394206548e-10)
(-2.01624809783282e-13,-1.51282284017927e-11,7.85599520283454e-10)
(-4.5453360841172e-12,-2.94183234931646e-11,7.73610247880221e-10)
(-7.9443202423722e-12,-5.64238335054371e-11,7.46478461364304e-10)
(-1.05733876601969e-11,-1.07388505246849e-10,6.91911524037094e-10)
(-1.07315299764588e-11,-2.07199352365288e-10,5.85572081406458e-10)
(-9.20606326428087e-12,-3.78180260515822e-10,3.78507816669156e-10)
(0,0,0)
(0,0,0)
(0,0,0)
(0,0,0)
(0,0,0)
(0,0,0)
(0,0,0)
(0,0,0)
(0,0,0)
(0,0,0)
(0,0,0)
(0,0,0)
(0,0,0)
(0,0,0)
(0,0,0)
(0,0,0)
(0,0,0)
(0,0,0)
(0,0,0)
(0,0,0)
(0,0,0)
(0,0,0)
(0,0,0)
(0,0,0)
(0,0,0)
(0,0,0)
(0,0,0)
(0,0,0)
(0,0,0)
(0,0,0)
(0,0,0)
(0,0,0)
(0,0,0)
(0,0,0)
(0,0,0)
(0,0,0)
(0,0,0)
(0,0,0)
(0,0,0)
(0,0,0)
(0,0,0)
(0,0,0)
(0,0,0)
(0,0,0)
(0,0,0)
(0,0,0)
(0,0,0)
(0,0,0)
(0,0,0)
(0,0,0)
(0,0,0)
(0,0,0)
(0,0,0)
(0,0,0)
(0,0,0)
(0,0,0)
(0,0,0)
(0,0,0)
(0,0,0)
(0,0,0)
(0,0,0)
(0,0,0)
(0,0,0)
(0,0,0)
(0,0,0)
(0,0,0)
(0,0,0)
(0,0,0)
(0,0,0)
(0,0,0)
(0,0,0)
(0,0,0)
(0,0,0)
(0,0,0)
(0,0,0)
(0,0,0)
(0,0,0)
(0,0,0)
(0,0,0)
(0,0,0)
(0,0,0)
(0,0,0)
(0,0,0)
(0,0,0)
(0,0,0)
(0,0,0)
(0,0,0)
(0,0,0)
(0,0,0)
(0,0,0)
(0,0,0)
(0,0,0)
(0,0,0)
(0,0,0)
(0,0,0)
(0,0,0)
(0,0,0)
(0,0,0)
(0,0,0)
(0,0,0)
(0,0,0)
(0,0,0)
(-1.00254253102325e-12,-1.48362869497864e-11,1.81226480757625e-11)
(-1.63894657282718e-12,-3.42004575970056e-11,1.7730654443609e-11)
(-1.38703307109132e-12,-5.94441628916207e-11,1.64208861890632e-11)
(-1.72557761303184e-12,-9.51713348343278e-11,1.42808719222476e-11)
(-1.79161357261835e-12,-1.48311072362182e-10,1.08391505880732e-11)
(-4.28687811855555e-13,-2.2778478043009e-10,6.35965487511748e-12)
(1.49682619446703e-13,-3.52121825471645e-10,2.52396145188642e-12)
(6.81802150632261e-13,-5.624976969753e-10,3.98994823322868e-13)
(1.32524484882935e-12,-9.66898037146983e-10,-6.1351745995155e-13)
(1.24664494281161e-12,-1.89466621958296e-09,-8.20538395388149e-13)
(0,0,0)
(0,0,0)
(0,0,0)
(0,0,0)
(0,0,0)
(0,0,0)
(-1.33435816851905e-12,-1.51154774292164e-11,4.03466442616546e-11)
(-2.32731239272567e-12,-3.35944435320278e-11,3.91502311567367e-11)
(-2.9256448984629e-12,-5.77664620825497e-11,3.61097383088832e-11)
(-3.74015989857521e-12,-9.24177457291274e-11,3.12243562977372e-11)
(-3.76628047645561e-12,-1.44888225082253e-10,2.40946586187378e-11)
(-1.87004711481415e-12,-2.24962644790602e-10,1.49246516186302e-11)
(-2.02254664439702e-13,-3.51009074010563e-10,6.12092831856208e-12)
(1.67641463486543e-12,-5.62236396487441e-10,1.49660943039221e-12)
(2.15339445618258e-12,-9.66809673368008e-10,1.27732469889172e-13)
(1.94389575476971e-12,-1.89532229379339e-09,-3.44067232973587e-13)
(0,0,0)
(0,0,0)
(0,0,0)
(0,0,0)
(0,0,0)
(0,0,0)
(-1.63645833344028e-12,-1.46488627126172e-11,6.72381823795816e-11)
(-3.49221435640066e-12,-3.11619141797888e-11,6.53700100301226e-11)
(-4.87619070303573e-12,-5.35309216473818e-11,6.09028094621245e-11)
(-6.66641030509309e-12,-8.65208373287681e-11,5.37390943408409e-11)
(-7.06694826587422e-12,-1.37477032885242e-10,4.29087610573275e-11)
(-5.02866503043599e-12,-2.17889754275871e-10,2.88025322007953e-11)
(-1.97960759047369e-12,-3.47735046609559e-10,1.44946578367441e-11)
(1.90797206626397e-12,-5.62290519706963e-10,7.85132747759788e-12)
(4.00041644587462e-12,-9.67422309736104e-10,5.40947772049326e-12)
(4.96295866264605e-12,-1.89604673388579e-09,2.89967159218482e-12)
(0,0,0)
(0,0,0)
(0,0,0)
(0,0,0)
(0,0,0)
(0,0,0)
(-3.0992112571147e-12,-1.35956920472744e-11,1.03097286646338e-10)
(-5.94400248454559e-12,-2.75442163097322e-11,1.00746425790183e-10)
(-7.61135983439256e-12,-4.72858329952158e-11,9.52977818288776e-11)
(-9.30464156577844e-12,-7.70356080972217e-11,8.65966311269606e-11)
(-9.26475207588768e-12,-1.24607503673842e-10,7.35513780726914e-11)
(-7.68261301444265e-12,-2.04239461089986e-10,5.66277168380404e-11)
(-4.14940700726239e-12,-3.40532121201779e-10,3.86079978520731e-11)
(1.73792723543401e-12,-5.61793128834176e-10,2.84998759773126e-11)
(5.9720321557324e-12,-9.67075449743639e-10,2.07824071474827e-11)
(7.90572858005311e-12,-1.89436182273108e-09,1.14297870058473e-11)
(0,0,0)
(0,0,0)
(0,0,0)
(0,0,0)
(0,0,0)
(0,0,0)
(-3.85529055558867e-12,-1.17694805132427e-11,1.52911889318062e-10)
(-7.7087838045955e-12,-2.28005918581386e-11,1.50671303035828e-10)
(-9.45535928924351e-12,-3.88369779143201e-11,1.4538652598227e-10)
(-1.10892606627815e-11,-6.35623850016265e-11,1.37014314161145e-10)
(-1.08256289736519e-11,-1.05749393805586e-10,1.25423047484533e-10)
(-8.42414520760462e-12,-1.82128393817363e-10,1.11815368768241e-10)
(-1.64226010014232e-12,-3.23755143445047e-10,9.9378357176933e-11)
(2.74259504612176e-12,-5.56517456392259e-10,7.66895219167829e-11)
(5.95098616623945e-12,-9.60537104605003e-10,5.34260822360371e-11)
(7.17951854027364e-12,-1.88454255314614e-09,2.80059754449999e-11)
(0,0,0)
(0,0,0)
(0,0,0)
(0,0,0)
(0,0,0)
(0,0,0)
(-3.0018470933337e-12,-9.70664035788232e-12,2.25280774834814e-10)
(-6.48872171898057e-12,-1.76809430121444e-11,2.22983912713936e-10)
(-8.23513566036478e-12,-2.95773930628793e-11,2.19002156261478e-10)
(-1.06066621477409e-11,-4.95732101269972e-11,2.13643525866777e-10)
(-1.03047498544761e-11,-8.64654789790808e-11,2.05656700022538e-10)
(-8.19017852183229e-12,-1.59794125074867e-10,1.94240195737072e-10)
(-3.29612448443337e-12,-3.0803680406153e-10,1.78087662641649e-10)
(-1.69833441077814e-13,-5.40013184451997e-10,1.47805888428732e-10)
(2.43732853606389e-12,-9.39204296395477e-10,1.06050979966747e-10)
(4.11146677560107e-12,-1.85909184210745e-09,5.58599925854611e-11)
(0,0,0)
(0,0,0)
(0,0,0)
(0,0,0)
(0,0,0)
(0,0,0)
(-1.97785851767611e-12,-7.65473575426081e-12,3.42582239334248e-10)
(-5.04261119716542e-12,-1.33343334692088e-11,3.40430854521765e-10)
(-6.9348458276432e-12,-2.18742558444987e-11,3.38116399158761e-10)
(-8.39461508445718e-12,-3.76377246047995e-11,3.35619311274786e-10)
(-6.76150073278126e-12,-6.83748618083054e-11,3.31323085626028e-10)
(-3.54360979157402e-12,-1.33688200864743e-10,3.21921818023172e-10)
(-4.43772881019284e-12,-2.79776312512081e-10,2.95207311388089e-10)
(-4.11227157460022e-12,-5.02782865977932e-10,2.58464082607142e-10)
(-2.44127375682725e-12,-8.92188631903378e-10,1.90847460776581e-10)
(-3.5323203241953e-13,-1.80543815878666e-09,1.0269816035677e-10)
(0,0,0)
(0,0,0)
(0,0,0)
(0,0,0)
(0,0,0)
(0,0,0)
(-3.08023382810556e-13,-5.28007500876827e-12,5.45288018363363e-10)
(-2.41041557297044e-12,-9.9264750803951e-12,5.44129371885102e-10)
(-4.15394764118294e-12,-1.67440063296678e-11,5.43192021625055e-10)
(-5.2704570424212e-12,-2.99808020120005e-11,5.41945945030271e-10)
(-5.48242317296454e-12,-5.7942685136396e-11,5.38602170145903e-10)
(-5.5433520881226e-12,-1.18319088008114e-10,5.28443509513642e-10)
(-6.92662503343754e-12,-2.4210574528335e-10,5.00738468959265e-10)
(-7.20245535144408e-12,-4.35967595003374e-10,4.40405604126187e-10)
(-6.57121470857719e-12,-8.05680420802473e-10,3.39297425569426e-10)
(-4.45641438035895e-12,-1.70410088571224e-09,1.92546550753267e-10)
(0,0,0)
(0,0,0)
(0,0,0)
(0,0,0)
(0,0,0)
(0,0,0)
(3.35970580007842e-13,-3.46345450865546e-12,9.444447977348e-10)
(-3.54305464927993e-13,-7.04698994845626e-12,9.43766600438873e-10)
(-8.20021412776256e-13,-1.21517135415934e-11,9.43102393532474e-10)
(-2.12818897260436e-12,-2.22068831247262e-11,9.41611161038406e-10)
(-4.13465566204122e-12,-4.45176872020254e-11,9.36781291430726e-10)
(-6.56493972188447e-12,-9.10517819057363e-11,9.2145402545509e-10)
(-9.07831587658453e-12,-1.80206657534036e-10,8.83415150146262e-10)
(-1.03106591289423e-11,-3.34447965756924e-10,8.03546923681639e-10)
(-9.86632845516113e-12,-6.59663116542571e-10,6.60047772106023e-10)
(-7.70570403897282e-12,-1.51193624230501e-09,4.12254353343645e-10)
(0,0,0)
(0,0,0)
(0,0,0)
(0,0,0)
(0,0,0)
(0,0,0)
(9.36212412659317e-13,-1.74166513915307e-12,1.8706587343846e-09)
(9.95621514050663e-13,-3.8380018933212e-12,1.87031167175375e-09)
(7.91160815373597e-13,-6.56304468737668e-12,1.86917734694712e-09)
(-5.28933775031032e-13,-1.19901556153551e-11,1.86677933678508e-09)
(-3.34058080835268e-12,-2.4469438824073e-11,1.85997247514104e-09)
(-6.83187306137296e-12,-4.989890081397e-11,1.84034109392472e-09)
(-9.80121642063299e-12,-9.79798063430737e-11,1.79428538529468e-09)
(-1.16224502763785e-11,-1.90038406919388e-10,1.69887900079154e-09)
(-1.08666176044468e-11,-4.1150740527788e-10,1.50961768558963e-09)
(-8.87850711082135e-12,-1.09884516409646e-09,1.09822919830736e-09)
(0,0,0)
(0,0,0)
(0,0,0)
(0,0,0)
(0,0,0)
(0,0,0)
(0,0,0)
(0,0,0)
(0,0,0)
(0,0,0)
(0,0,0)
(0,0,0)
(0,0,0)
(0,0,0)
(0,0,0)
(0,0,0)
(0,0,0)
(0,0,0)
(0,0,0)
(0,0,0)
(0,0,0)
(0,0,0)
(0,0,0)
(0,0,0)
(0,0,0)
(0,0,0)
(0,0,0)
(0,0,0)
(0,0,0)
(0,0,0)
(0,0,0)
(0,0,0)
(0,0,0)
(0,0,0)
(0,0,0)
(0,0,0)
(0,0,0)
(0,0,0)
(0,0,0)
(0,0,0)
(0,0,0)
(0,0,0)
(0,0,0)
(0,0,0)
(0,0,0)
(0,0,0)
(0,0,0)
(0,0,0)
(0,0,0)
(0,0,0)
(0,0,0)
(0,0,0)
(0,0,0)
(0,0,0)
(0,0,0)
(0,0,0)
(0,0,0)
(0,0,0)
(0,0,0)
(0,0,0)
(0,0,0)
(0,0,0)
(0,0,0)
(0,0,0)
(0,0,0)
(0,0,0)
(0,0,0)
(0,0,0)
(0,0,0)
(0,0,0)
(0,0,0)
(0,0,0)
(0,0,0)
(0,0,0)
(0,0,0)
(0,0,0)
(0,0,0)
(0,0,0)
(0,0,0)
(0,0,0)
(0,0,0)
(0,0,0)
(0,0,0)
(0,0,0)
(0,0,0)
(0,0,0)
(0,0,0)
(0,0,0)
(0,0,0)
(0,0,0)
(0,0,0)
(0,0,0)
(0,0,0)
(0,0,0)
(0,0,0)
(0,0,0)
(0,0,0)
(0,0,0)
(0,0,0)
(0,0,0)
(0,0,0)
(0,0,0)
(-3.31358419666619e-13,-1.98403652946477e-11,2.4962796264405e-11)
(-9.35192382785763e-13,-4.57736440286314e-11,2.43170420588157e-11)
(-9.24719612768006e-13,-7.93964852114261e-11,2.21740425890736e-11)
(-1.03744538407721e-12,-1.23921662536713e-10,1.84777845865684e-11)
(-7.34965140182893e-13,-1.88580863572191e-10,1.2694372354842e-11)
(5.8486997245625e-13,-2.82317725127621e-10,5.62844198128325e-12)
(1.16189778635183e-12,-4.15912640017418e-10,-6.22839606479783e-13)
(1.43301394573594e-12,-6.08455153684898e-10,-2.99316457741431e-12)
(1.44390200594268e-12,-8.8460719313646e-10,-2.85220911069097e-12)
(1.0821807565256e-12,-1.22146817809004e-09,-1.76931537775272e-12)
(0,0,0)
(0,0,0)
(0,0,0)
(0,0,0)
(0,0,0)
(0,0,0)
(-6.04559780300807e-13,-1.9827881199452e-11,5.42404810838566e-11)
(-1.71934889773106e-12,-4.44189467071432e-11,5.26353597244754e-11)
(-2.27580332332795e-12,-7.63285736673214e-11,4.8035453781462e-11)
(-2.50737061955302e-12,-1.19353092081585e-10,4.01739828725645e-11)
(-2.00746567281097e-12,-1.83015516248469e-10,2.82488964249676e-11)
(-1.3921433019884e-13,-2.77414932424637e-10,1.26148221447673e-11)
(1.14803682209196e-12,-4.15091382547859e-10,-2.48033601954025e-12)
(3.09941481570317e-12,-6.10344286998612e-10,-6.98958012358714e-12)
(3.23783052743817e-12,-8.86560894147369e-10,-5.31732165997538e-12)
(2.32426861479097e-12,-1.22352791869936e-09,-2.60354992228987e-12)
(0,0,0)
(0,0,0)
(0,0,0)
(0,0,0)
(0,0,0)
(0,0,0)
(-8.21456651132309e-13,-1.88711481578536e-11,8.96717139153465e-11)
(-2.64271165744695e-12,-4.06301292757005e-11,8.70949366092608e-11)
(-3.95756423362577e-12,-6.93013938641313e-11,8.05125536492916e-11)
(-5.32130625325019e-12,-1.09202823321579e-10,6.90464467057423e-11)
(-5.83024862084304e-12,-1.69816051997186e-10,5.07404874264721e-11)
(-4.37108385241404e-12,-2.64770331771416e-10,2.41900634522595e-11)
(-2.53920263894643e-12,-4.13377635049029e-10,-4.68101806382457e-12)
(3.85243095037605e-12,-6.15865133782117e-10,-8.27351654908066e-12)
(6.16336258253499e-12,-8.91953364933881e-10,-3.75521524018879e-12)
(6.1777191000544e-12,-1.22774864096051e-09,-6.7780091954792e-13)
(0,0,0)
(0,0,0)
(0,0,0)
(0,0,0)
(0,0,0)
(0,0,0)
(-2.57456193633234e-12,-1.67417441654195e-11,1.35512070323206e-10)
(-5.23898297369146e-12,-3.47772917184622e-11,1.32006827528326e-10)
(-7.35906421346449e-12,-5.89392079900898e-11,1.2386327225129e-10)
(-9.73261160881067e-12,-9.29266871344559e-11,1.10091056244356e-10)
(-1.11992007098488e-11,-1.45997798536673e-10,8.80804722621772e-11)
(-1.17739612997229e-11,-2.38291579200988e-10,5.42134400679853e-11)
(-1.08182628886527e-11,-4.09110983206383e-10,9.50135890997328e-12)
(4.17972362303778e-12,-6.27028480026439e-10,8.96186722940559e-12)
(8.78630715947882e-12,-9.00072399993178e-10,1.20881679557636e-11)
(9.51624599923406e-12,-1.23147573170354e-09,8.55342134437794e-12)
(0,0,0)
(0,0,0)
(0,0,0)
(0,0,0)
(0,0,0)
(0,0,0)
(-3.67754442869331e-12,-1.39253517778965e-11,1.96719179788613e-10)
(-7.5436555965234e-12,-2.76117391190272e-11,1.93417350942034e-10)
(-1.03427323211819e-11,-4.59398438003225e-11,1.85718727045291e-10)
(-1.34871688606235e-11,-7.15901351106854e-11,1.72911272580403e-10)
(-1.65018650821181e-11,-1.11722094292002e-10,1.5420493234587e-10)
(-1.8321402359444e-11,-1.87064116869072e-10,1.32175157385867e-10)
(5.32823577486041e-12,-3.6461041296255e-10,1.35852319336788e-10)
(9.50176278603085e-12,-6.38610175991273e-10,8.77848701859354e-11)
(1.00382847497077e-11,-9.0373489345885e-10,5.96738759070689e-11)
(9.73478294625865e-12,-1.22712120367102e-09,3.13820267287133e-11)
(0,0,0)
(0,0,0)
(0,0,0)
(0,0,0)
(0,0,0)
(0,0,0)
(-2.7568895761732e-12,-1.10166958523282e-11,2.80286611788033e-10)
(-6.8535748096086e-12,-2.04869856159405e-11,2.77597805088378e-10)
(-1.05796424843617e-11,-3.26658021551244e-11,2.72318999293284e-10)
(-1.45553218253928e-11,-5.02155738202739e-11,2.6453808731931e-10)
(-1.69788627396606e-11,-7.93644678807712e-11,2.53129780733812e-10)
(-1.81435696370242e-11,-1.48190725311337e-10,2.37678027252194e-10)
(-1.27484181968599e-12,-3.6680323161964e-10,2.32806408526395e-10)
(4.35475654529247e-12,-6.30260251915469e-10,1.85479358685817e-10)
(5.61265142693507e-12,-8.83516354537801e-10,1.29602703775973e-10)
(6.31777603952207e-12,-1.19965345481448e-09,6.70818564427996e-11)
(0,0,0)
(0,0,0)
(0,0,0)
(0,0,0)
(0,0,0)
(0,0,0)
(-2.20113444914535e-12,-8.31086603102595e-12,4.02688412492064e-10)
(-6.13601422513201e-12,-1.47548024582131e-11,4.00898947433245e-10)
(-9.56800745806095e-12,-2.21386633391351e-11,3.98554461737708e-10)
(-1.17553120288744e-11,-3.25165340156531e-11,3.96830682283401e-10)
(-7.79240980113723e-12,-4.81605386179366e-11,3.97325878999861e-10)
(7.80178398714066e-12,-9.0336282726145e-11,4.01288530573398e-10)
(-5.36506725873676e-12,-3.32207322338916e-10,3.46060896225479e-10)
(-3.31092071909653e-12,-5.87343201668386e-10,3.32995397368342e-10)
(-8.00184437196951e-13,-8.26176740836109e-10,2.31450994264393e-10)
(1.00765524952634e-12,-1.13446314605663e-09,1.19076695770493e-10)
(0,0,0)
(0,0,0)
(0,0,0)
(0,0,0)
(0,0,0)
(0,0,0)
(-9.6599740324874e-13,-5.93039776289157e-12,5.84455522935845e-10)
(-4.35255044517208e-12,-1.08508904956289e-11,5.83761523510357e-10)
(-7.50016383447318e-12,-1.61373171694289e-11,5.83434362789581e-10)
(-9.70060104544528e-12,-2.58572068243923e-11,5.84420871584881e-10)
(-8.74876047491562e-12,-4.83153402989504e-11,5.86908902561338e-10)
(-5.10561763597143e-12,-1.13163514549124e-10,5.90697353977482e-10)
(-8.49284794994684e-12,-3.01688295507847e-10,5.76533638716794e-10)
(-7.61390604199325e-12,-4.84979326712948e-10,4.90817632314685e-10)
(-5.83764415285043e-12,-7.14417997038245e-10,3.57764952681964e-10)
(-4.07450703298489e-12,-1.0154045340064e-09,1.92778208072018e-10)
(0,0,0)
(0,0,0)
(0,0,0)
(0,0,0)
(0,0,0)
(0,0,0)
(-7.07621493955168e-13,-3.82754812046561e-12,8.52582286414497e-10)
(-2.89908661482204e-12,-7.60153861490317e-12,8.52433769747597e-10)
(-4.91745777174958e-12,-1.16016345919272e-11,8.52740217145938e-10)
(-7.51504687468154e-12,-2.02382027087379e-11,8.53279152074749e-10)
(-8.85563806348001e-12,-4.29282029429397e-11,8.51721569758443e-10)
(-9.67894550507572e-12,-9.76947170151406e-11,8.41930827490928e-10)
(-1.14369406023186e-11,-2.11456493840604e-10,8.06001594932696e-10)
(-1.12210663932047e-11,-3.50518885840591e-10,7.08394278071694e-10)
(-1.0228620955696e-11,-5.49014446668557e-10,5.48294586739362e-10)
(-8.54242890425642e-12,-8.21937859664524e-10,3.14752330667336e-10)
(0,0,0)
(0,0,0)
(0,0,0)
(0,0,0)
(0,0,0)
(0,0,0)
(-4.58390096892475e-13,-1.9252267990994e-12,1.18661623050083e-09)
(-1.70805557273123e-12,-4.21528370176898e-12,1.18654196097082e-09)
(-3.37387370979211e-12,-6.43609024781334e-12,1.18640106204496e-09)
(-5.71222774679504e-12,-1.13127345008263e-11,1.18542677290843e-09)
(-8.17863841508343e-12,-2.50863044191951e-11,1.18057890890915e-09)
(-1.06750652463456e-11,-5.50839136184674e-11,1.16199193350853e-09)
(-1.23746382593897e-11,-1.10296240157348e-10,1.11257367657127e-09)
(-1.23995419954927e-11,-1.88893806667241e-10,1.00525750568687e-09)
(-1.09855355999928e-11,-3.14445147083143e-10,8.17444260945303e-10)
(-9.49447289902294e-12,-5.05783114338449e-10,5.04045091149599e-10)
(0,0,0)
(0,0,0)
(0,0,0)
(0,0,0)
(0,0,0)
(0,0,0)
(0,0,0)
(0,0,0)
(0,0,0)
(0,0,0)
(0,0,0)
(0,0,0)
(0,0,0)
(0,0,0)
(0,0,0)
(0,0,0)
(0,0,0)
(0,0,0)
(0,0,0)
(0,0,0)
(0,0,0)
(0,0,0)
(0,0,0)
(0,0,0)
(0,0,0)
(0,0,0)
(0,0,0)
(0,0,0)
(0,0,0)
(0,0,0)
(0,0,0)
(0,0,0)
(0,0,0)
(0,0,0)
(0,0,0)
(0,0,0)
(0,0,0)
(0,0,0)
(0,0,0)
(0,0,0)
(0,0,0)
(0,0,0)
(0,0,0)
(0,0,0)
(0,0,0)
(0,0,0)
(0,0,0)
(0,0,0)
(0,0,0)
(0,0,0)
(0,0,0)
(0,0,0)
(0,0,0)
(0,0,0)
(0,0,0)
(0,0,0)
(0,0,0)
(0,0,0)
(0,0,0)
(0,0,0)
(0,0,0)
(0,0,0)
(0,0,0)
(0,0,0)
(0,0,0)
(0,0,0)
(0,0,0)
(0,0,0)
(0,0,0)
(0,0,0)
(0,0,0)
(0,0,0)
(0,0,0)
(0,0,0)
(0,0,0)
(0,0,0)
(0,0,0)
(0,0,0)
(0,0,0)
(0,0,0)
(0,0,0)
(0,0,0)
(0,0,0)
(0,0,0)
(0,0,0)
(0,0,0)
(0,0,0)
(0,0,0)
(0,0,0)
(0,0,0)
(0,0,0)
(0,0,0)
(0,0,0)
(0,0,0)
(0,0,0)
(0,0,0)
(0,0,0)
(0,0,0)
(0,0,0)
(0,0,0)
(0,0,0)
(0,0,0)
(3.01911690731678e-13,-2.43672459153505e-11,3.08612877066142e-11)
(-1.46890234548129e-13,-5.39235833371672e-11,2.97854098435571e-11)
(-2.96373154356848e-13,-9.08527587757125e-11,2.67411809879199e-11)
(1.77396392504081e-13,-1.38821640555445e-10,2.16128892231744e-11)
(7.65617909719551e-13,-2.05184470150893e-10,1.38418462798783e-11)
(1.93335885724108e-12,-2.97740913734662e-10,3.82072298384023e-12)
(2.710965287777e-12,-4.18539904315735e-10,-6.18240531451375e-12)
(3.18119179263764e-12,-5.67986829998297e-10,-8.85291555750194e-12)
(2.31470928394395e-12,-7.37604243634001e-10,-6.85435644987525e-12)
(1.3726059878682e-12,-8.82555459151579e-10,-3.66677745204385e-12)
(0,0,0)
(0,0,0)
(0,0,0)
(0,0,0)
(0,0,0)
(0,0,0)
(4.3828537492663e-14,-2.31883666720567e-11,6.46286886928691e-11)
(-9.08260386104709e-13,-5.08711017901525e-11,6.27583585758914e-11)
(-1.44151221768679e-12,-8.6086969013382e-11,5.67575786179876e-11)
(-7.32552931896419e-13,-1.32031441158171e-10,4.59053701944892e-11)
(4.27144356070963e-13,-1.96568898235306e-10,2.89759397367159e-11)
(2.31134318088252e-12,-2.89796114373371e-10,4.8162871024567e-12)
(3.94353342722117e-12,-4.18812199106125e-10,-2.19260278130027e-11)
(6.94800313576805e-12,-5.72755837860467e-10,-2.41147647829039e-11)
(5.91652957628221e-12,-7.42097322611249e-10,-1.5596760323226e-11)
(3.94144095343858e-12,-8.86250917707308e-10,-7.04295063864118e-12)
(0,0,0)
(0,0,0)
(0,0,0)
(0,0,0)
(0,0,0)
(0,0,0)
(-3.74083337483218e-13,-2.13231923602287e-11,1.04288294045346e-10)
(-1.91316625471518e-12,-4.51387776587101e-11,1.01184363045047e-10)
(-2.8536431641454e-12,-7.59738289758787e-11,9.27538885550668e-11)
(-3.29148316106596e-12,-1.16948030421394e-10,7.70722239991682e-11)
(-3.09807810715946e-12,-1.75926484452058e-10,5.00059924747589e-11)
(-1.97875490682939e-12,-2.69108220802086e-10,4.10852867360675e-12)
(-3.21335599626845e-12,-4.25734971468547e-10,-6.39900086743015e-11)
(1.04974758856996e-11,-5.8881066030966e-10,-5.02306393609624e-11)
(1.12049833210347e-11,-7.54369185136087e-10,-2.46061076624462e-11)
(9.22700892420472e-12,-8.94846635789202e-10,-8.73056565424959e-12)
(0,0,0)
(0,0,0)
(0,0,0)
(0,0,0)
(0,0,0)
(0,0,0)
(-1.88571152891704e-12,-1.8004780164709e-11,1.53783532223082e-10)
(-4.26098029610359e-12,-3.70056536795681e-11,1.49226736449239e-10)
(-6.58621239627435e-12,-6.14849361650492e-11,1.38871032364568e-10)
(-9.05857965043361e-12,-9.28249745319954e-11,1.2029505532508e-10)
(-1.16078727603286e-11,-1.36909387571547e-10,8.69344767811589e-11)
(-1.82893424736175e-11,-2.17080019778949e-10,1.8468469640227e-11)
(-5.4779341451855e-11,-4.67209598743258e-10,-1.72219764926574e-10)
(1.26351188613392e-11,-6.34136412823512e-10,-7.26228942895964e-11)
(1.59835472366464e-11,-7.78062371839613e-10,-1.8900889466813e-11)
(1.37151393110652e-11,-9.06476112172189e-10,-1.78338215728534e-12)
(0,0,0)
(0,0,0)
(0,0,0)
(0,0,0)
(0,0,0)
(0,0,0)
(-3.28437150770013e-12,-1.40107280228353e-11,2.16018813516693e-10)
(-6.96978520288061e-12,-2.76610631870838e-11,2.11849694722243e-10)
(-1.08093195014871e-11,-4.45449299045377e-11,2.02466867511029e-10)
(-1.61553899164719e-11,-6.30593097784048e-11,1.85248743952813e-10)
(-2.68297165332874e-11,-7.95820961862479e-11,1.55362501764324e-10)
(-6.08719558681279e-11,-7.47611344685461e-11,1.01051765943587e-10)
(5.55885035827687e-11,-8.76654515577243e-10,-4.89168256454265e-17)
(2.92628329889719e-11,-7.45356867794763e-10,6.05397871503162e-11)
(1.81115950070847e-11,-8.09758865570406e-10,4.47463084359677e-11)
(1.36490608187276e-11,-9.1301340961915e-10,2.5734191599388e-11)
(0,0,0)
(0,0,0)
(0,0,0)
(0,0,0)
(0,0,0)
(0,0,0)
(-2.77391269779516e-12,-1.04206830433602e-11,2.96744866260986e-10)
(-7.30695217224328e-12,-1.90440626854798e-11,2.94027200485913e-10)
(-1.33258693263637e-11,-2.79096645623412e-11,2.88107193443767e-10)
(-2.0846055044588e-11,-3.40573342236208e-11,2.77177814184802e-10)
(-3.27310385208809e-11,-2.93663405867847e-11,2.57729358737542e-10)
(-7.11263934963359e-11,-1.81600150415839e-12,2.12224709462718e-10)
(1.14562987401304e-11,-8.81605721650411e-10,-6.24004232657359e-16)
(1.73143612080565e-11,-7.61737131232405e-10,1.83126035114076e-10)
(1.0793885058427e-11,-8.0010962874135e-10,1.28568497501666e-10)
(8.20932372419659e-12,-8.90392775904353e-10,6.65270151112027e-11)
(0,0,0)
(0,0,0)
(0,0,0)
(0,0,0)
(0,0,0)
(0,0,0)
(-2.79213765837546e-12,-7.29433120257765e-12,4.03271836742462e-10)
(-7.69544049217388e-12,-1.2463784565311e-11,4.02167238072078e-10)
(-1.38455741734746e-11,-1.51004061209115e-11,4.0012731373526e-10)
(-1.89098359365857e-11,-9.42203999419091e-12,3.99415099204292e-10)
(-1.16002596937522e-11,3.1371522147217e-11,4.12953390480659e-10)
(8.58566501580759e-11,2.35682308901214e-10,5.12925691826889e-10)
(-2.28185952323224e-11,-1.05327607968451e-09,1.13618547687814e-09)
(-4.13039257085093e-12,-7.45977591586846e-10,4.87023953676046e-10)
(-1.84629741243904e-13,-7.44726774448042e-10,2.60562062570307e-10)
(1.02573897019977e-12,-8.24759512722756e-10,1.21999730670684e-10)
(0,0,0)
(0,0,0)
(0,0,0)
(0,0,0)
(0,0,0)
(0,0,0)
(-2.37484762008433e-12,-4.96059493885081e-12,5.38748682108117e-10)
(-7.27474160517102e-12,-8.23711042609165e-12,5.3890551096565e-10)
(-1.30223552072851e-11,-9.32673748042669e-12,5.39515782137099e-10)
(-1.78076361378019e-11,-7.48103247032077e-12,5.4322379264003e-10)
(-1.7924349246955e-11,-1.03612585951588e-12,5.58190809080331e-10)
(-6.4106999092675e-12,-2.10595611534965e-11,6.09334313667248e-10)
(-1.30086432149255e-11,-4.26933250204893e-10,7.24096499596171e-10)
(-9.02166728187528e-12,-5.19180750839812e-10,5.27848442866314e-10)
(-6.25444991208032e-12,-6.04284651658002e-10,3.43850598762092e-10)
(-4.76297330319174e-12,-7.00938527068872e-10,1.73508215559112e-10)
(0,0,0)
(0,0,0)
(0,0,0)
(0,0,0)
(0,0,0)
(0,0,0)
(-2.46142614865659e-12,-3.27039656661873e-12,6.9867714257606e-10)
(-6.5917889262825e-12,-5.72594061693885e-12,6.99351051242643e-10)
(-1.06219370445589e-11,-7.3192775483647e-12,7.00772946375211e-10)
(-1.48829327663798e-11,-1.06197717713169e-11,7.03709614548296e-10)
(-1.6906794319811e-11,-2.3039861593559e-11,7.09143403162397e-10)
(-1.636051634351e-11,-7.16236854408369e-11,7.17616389671722e-10)
(-1.49898774246061e-11,-2.29203496930617e-10,7.11129673927865e-10)
(-1.27464542340645e-11,-3.33731738597919e-10,5.94678001025699e-10)
(-1.12556644692263e-11,-4.3198024318585e-10,4.30771105075886e-10)
(-9.94484356287974e-12,-5.25481709463777e-10,2.31442778833267e-10)
(0,0,0)
(0,0,0)
(0,0,0)
(0,0,0)
(0,0,0)
(0,0,0)
(-2.30934736597518e-12,-1.74256021699111e-12,8.39392117437825e-10)
(-5.78244034864459e-12,-3.3929063850931e-12,8.40129255160973e-10)
(-8.83567482106577e-12,-4.65368125351551e-12,8.41094413770713e-10)
(-1.21770982483641e-11,-7.7427393693687e-12,8.42068528503881e-10)
(-1.46779674336349e-11,-1.83733530499243e-11,8.41234611855041e-10)
(-1.63407219275065e-11,-4.73837388328255e-11,8.30791422060057e-10)
(-1.53547075324727e-11,-1.08765816957167e-10,7.91249711521262e-10)
(-1.3480103921129e-11,-1.68151226871649e-10,6.85833012375482e-10)
(-1.20315128875272e-11,-2.31293722320408e-10,5.19842125976812e-10)
(-1.12324960878736e-11,-2.92796352093589e-10,2.90861930383299e-10)
(0,0,0)
(0,0,0)
(0,0,0)
(0,0,0)
(0,0,0)
(0,0,0)
(0,0,0)
(0,0,0)
(0,0,0)
(0,0,0)
(0,0,0)
(0,0,0)
(0,0,0)
(0,0,0)
(0,0,0)
(0,0,0)
(0,0,0)
(0,0,0)
(0,0,0)
(0,0,0)
(0,0,0)
(0,0,0)
(0,0,0)
(0,0,0)
(0,0,0)
(0,0,0)
(0,0,0)
(0,0,0)
(0,0,0)
(0,0,0)
(0,0,0)
(0,0,0)
(0,0,0)
(0,0,0)
(0,0,0)
(0,0,0)
(0,0,0)
(0,0,0)
(0,0,0)
(0,0,0)
(0,0,0)
(0,0,0)
(0,0,0)
(0,0,0)
(0,0,0)
(0,0,0)
(0,0,0)
(0,0,0)
(0,0,0)
(0,0,0)
(0,0,0)
(0,0,0)
(0,0,0)
(0,0,0)
(0,0,0)
(0,0,0)
(0,0,0)
(0,0,0)
(0,0,0)
(0,0,0)
(0,0,0)
(0,0,0)
(0,0,0)
(0,0,0)
(0,0,0)
(0,0,0)
(0,0,0)
(0,0,0)
(0,0,0)
(0,0,0)
(0,0,0)
(0,0,0)
(0,0,0)
(0,0,0)
(0,0,0)
(0,0,0)
(0,0,0)
(0,0,0)
(0,0,0)
(0,0,0)
(0,0,0)
(0,0,0)
(0,0,0)
(0,0,0)
(0,0,0)
(0,0,0)
(0,0,0)
(0,0,0)
(0,0,0)
(0,0,0)
(0,0,0)
(0,0,0)
(0,0,0)
(0,0,0)
(0,0,0)
(0,0,0)
(0,0,0)
(0,0,0)
(0,0,0)
(0,0,0)
(0,0,0)
(0,0,0)
(1.9891031052165e-13,-2.77494424619503e-11,3.5507162149428e-11)
(-1.55142925914582e-13,-5.81497827879184e-11,3.36282043595701e-11)
(6.61288480703387e-14,-9.4535477738474e-11,2.97262496880389e-11)
(1.15823993853212e-12,-1.41450950048046e-10,2.34015893818265e-11)
(2.17116929014266e-12,-2.02938272055281e-10,1.44122640939207e-11)
(3.99168779433548e-12,-2.85222155326267e-10,2.37528188285682e-12)
(5.65377032115824e-12,-3.88033752075325e-10,-1.09628662977177e-11)
(5.95164054716741e-12,-5.0170735228421e-10,-1.36625571024229e-11)
(3.62020926340167e-12,-6.09981405054217e-10,-9.62131817729133e-12)
(1.4012870920383e-12,-6.83595263940257e-10,-4.74254096171756e-12)
(0,0,0)
(0,0,0)
(0,0,0)
(0,0,0)
(0,0,0)
(0,0,0)
(4.89843426841272e-14,-2.59147181574976e-11,7.23709148080581e-11)
(-6.39804559683976e-13,-5.43698155146832e-11,6.93707637690657e-11)
(-7.02443831644192e-13,-8.87040142649628e-11,6.18552133940106e-11)
(1.11346678904549e-12,-1.32868147264048e-10,4.89155781636031e-11)
(3.94438320712253e-12,-1.91650370481733e-10,2.89389924763605e-11)
(8.36576452510778e-12,-2.73423899367772e-10,-1.43781579803574e-12)
(1.30550427595368e-11,-3.87608479957711e-10,-4.16776695579903e-11)
(1.44848211252162e-11,-5.07235548054616e-10,-4.18546622620492e-11)
(9.63458241659227e-12,-6.15200955360279e-10,-2.46144146960494e-11)
(5.49420839660078e-12,-6.87707854735342e-10,-1.04354564964005e-11)
(0,0,0)
(0,0,0)
(0,0,0)
(0,0,0)
(0,0,0)
(0,0,0)
(-5.88564532736076e-13,-2.33137022050281e-11,1.12632355345508e-10)
(-1.61581574383341e-12,-4.75322618768346e-11,1.08673924716597e-10)
(-1.66087141906472e-12,-7.69215843442965e-11,9.87881354760757e-11)
(-3.4830752608994e-13,-1.14280992399972e-10,8.07114395146918e-11)
(3.78228881341344e-12,-1.6360589033712e-10,4.90137351591804e-11)
(1.4091581418038e-11,-2.37270791898879e-10,-8.64470685718144e-12)
(2.45019019651407e-11,-3.94798609816929e-10,-1.37673665507192e-10)
(3.01986967010015e-11,-5.28363073374331e-10,-1.0745940923152e-10)
(1.90226280163411e-11,-6.30571007428704e-10,-4.78566708395101e-11)
(1.2125919653004e-11,-6.97930538008168e-10,-1.64876064137038e-11)
(0,0,0)
(0,0,0)
(0,0,0)
(0,0,0)
(0,0,0)
(0,0,0)
(-1.32296789696229e-12,-1.95070514629511e-11,1.61199010725282e-10)
(-3.24986670388394e-12,-3.84758965959363e-11,1.56301029973443e-10)
(-4.95024161730847e-12,-6.03728345782033e-11,1.44640827257227e-10)
(-5.46366586008999e-12,-8.49270317488905e-11,1.23919595728797e-10)
(-4.69157004700193e-13,-1.09449543040056e-10,8.95623599751543e-11)
(3.00800067826483e-11,-1.13862286678054e-10,3.88760528335467e-11)
(2.55068704745179e-10,-4.50242754802993e-10,1.86842162560355e-16)
(7.01335690099303e-11,-5.97120113413103e-10,-2.60179822106882e-10)
(3.05625336578331e-11,-6.64181640047653e-10,-6.63671096879592e-11)
(1.84690546006605e-11,-7.14159842978083e-10,-1.45554913330233e-11)
(0,0,0)
(0,0,0)
(0,0,0)
(0,0,0)
(0,0,0)
(0,0,0)
(-2.70529769271058e-12,-1.50038411963388e-11,2.18891597561723e-10)
(-6.20395849330096e-12,-2.82587153781173e-11,2.14355456929816e-10)
(-1.02264612854328e-11,-4.20662398949036e-11,2.03618020284182e-10)
(-1.52711232828332e-11,-5.43085487622253e-11,1.83253864473638e-10)
(-2.27347363119929e-11,-6.18096638631629e-11,1.47863251067005e-10)
(-3.2765273972016e-11,-5.84271808210923e-11,8.89119916879009e-11)
(-1.26411207068921e-16,7.72891920039709e-16,-3.13776643532473e-17)
(6.1436575140852e-11,-8.0343577967786e-10,6.37843080805114e-17)
(2.7474475014601e-11,-7.1772347048231e-10,1.43150724614408e-11)
(1.67626187033275e-11,-7.27795301780417e-10,1.48175622020839e-11)
(0,0,0)
(0,0,0)
(0,0,0)
(0,0,0)
(0,0,0)
(0,0,0)
(-3.18259876350815e-12,-1.06506384221912e-11,2.89695032658689e-10)
(-7.9672232502375e-12,-1.85988734923705e-11,2.86387788598755e-10)
(-1.52057485088426e-11,-2.41162265250113e-11,2.78764943815576e-10)
(-2.60328938267749e-11,-2.39972834779485e-11,2.63015119104863e-10)
(-4.79642519800312e-11,-1.28275029741302e-11,2.31297508629966e-10)
(-9.63993704346633e-11,1.15165792866788e-11,1.61889373448557e-10)
(-2.34407537274214e-18,5.85061915604645e-16,-5.73655464994114e-17)
(5.61123591748134e-11,-7.82390886456385e-10,-2.84946573670562e-16)
(1.74525131556618e-11,-7.08988558224713e-10,8.67053205021552e-11)
(9.10307565374336e-12,-7.0871256023958e-10,5.44467888728616e-11)
(0,0,0)
(0,0,0)
(0,0,0)
(0,0,0)
(0,0,0)
(0,0,0)
(-4.02127525169276e-12,-6.91949587099733e-12,3.75643326315471e-10)
(-9.88219029460196e-12,-1.09224958540104e-11,3.73886914320683e-10)
(-1.8907028282962e-11,-1.00775621053551e-11,3.70019446691117e-10)
(-3.43891347368419e-11,2.31473885136158e-12,3.62763190929917e-10)
(-7.9164913033353e-11,4.09184419898675e-11,3.49003317856491e-10)
(-2.8066126483854e-10,1.26656072382932e-10,3.01601769641365e-10)
(9.84901632751228e-17,8.0502162939451e-16,-9.9408606675453e-16)
(-4.46534221211139e-12,-8.2863917730114e-10,5.25177852061329e-10)
(-2.06442063161356e-12,-6.64222996501058e-10,2.51806699911422e-10)
(-7.95516012959092e-13,-6.48551315357146e-10,1.12313390087201e-10)
(0,0,0)
(0,0,0)
(0,0,0)
(0,0,0)
(0,0,0)
(0,0,0)
(-4.22187484991057e-12,-4.22605499051768e-12,4.72532602875073e-10)
(-1.03961825857007e-11,-5.87271876270551e-12,4.72252100908835e-10)
(-1.87378256423075e-11,-2.94769329826551e-12,4.72089120456268e-10)
(-2.96359132770452e-11,1.22162462255696e-11,4.73762134528954e-10)
(-4.70641180998778e-11,6.36409288308032e-11,4.8713594871472e-10)
(-7.06087615507639e-11,2.5247373391434e-10,5.50900062022073e-10)
(-1.44903397592788e-11,-5.25177979083665e-10,8.48529894624612e-10)
(-1.04728354196299e-11,-5.19726345986936e-10,5.26443749656902e-10)
(-8.2164751812903e-12,-5.12972915165436e-10,3.12995897442792e-10)
(-6.71157534919835e-12,-5.30863667516454e-10,1.50269695900224e-10)
(0,0,0)
(0,0,0)
(0,0,0)
(0,0,0)
(0,0,0)
(0,0,0)
(-4.66317116481289e-12,-2.60532987456592e-12,5.69682092038935e-10)
(-1.03467182907972e-11,-3.78226490532606e-12,5.7002357440606e-10)
(-1.62242015123944e-11,-2.92422436655382e-12,5.71005584889994e-10)
(-2.31937537824891e-11,1.20979358749881e-12,5.73559947490342e-10)
(-3.00462893727418e-11,6.63191213782248e-12,5.81316978088909e-10)
(-3.41137472076232e-11,-9.94016142612166e-12,6.01561447264129e-10)
(-1.89758844959364e-11,-2.24933629859167e-10,6.31763758516266e-10)
(-1.44200700105066e-11,-3.02355154636089e-10,5.03118930801412e-10)
(-1.26138590920747e-11,-3.45533705206326e-10,3.45108626839827e-10)
(-1.1187422099739e-11,-3.77281758242339e-10,1.77316239517634e-10)
(0,0,0)
(0,0,0)
(0,0,0)
(0,0,0)
(0,0,0)
(0,0,0)
(-4.7890453061145e-12,-1.31501880178313e-12,6.38243569771342e-10)
(-1.01405053434777e-11,-2.17824565277768e-12,6.38852739754525e-10)
(-1.44634708077496e-11,-2.45184327540288e-12,6.39711721405569e-10)
(-1.9085920968893e-11,-2.97371205258725e-12,6.40865118946622e-10)
(-2.26081306885763e-11,-8.02358408882566e-12,6.41691766398662e-10)
(-2.41827502215385e-11,-3.06529046520247e-11,6.37579140990858e-10)
(-1.87038253438588e-11,-9.79822848883909e-11,6.1065256546942e-10)
(-1.56404443941021e-11,-1.43414226391446e-10,5.13782043033282e-10)
(-1.43450396144156e-11,-1.75897061138547e-10,3.71597708669307e-10)
(-1.31669177982027e-11,-1.98409889810295e-10,1.97391464556565e-10)
(0,0,0)
(0,0,0)
(0,0,0)
(0,0,0)
(0,0,0)
(0,0,0)
(0,0,0)
(0,0,0)
(0,0,0)
(0,0,0)
(0,0,0)
(0,0,0)
(0,0,0)
(0,0,0)
(0,0,0)
(0,0,0)
(0,0,0)
(0,0,0)
(0,0,0)
(0,0,0)
(0,0,0)
(0,0,0)
(0,0,0)
(0,0,0)
(0,0,0)
(0,0,0)
(0,0,0)
(0,0,0)
(0,0,0)
(0,0,0)
(0,0,0)
(0,0,0)
(0,0,0)
(0,0,0)
(0,0,0)
(0,0,0)
(0,0,0)
(0,0,0)
(0,0,0)
(0,0,0)
(0,0,0)
(0,0,0)
(0,0,0)
(0,0,0)
(0,0,0)
(0,0,0)
(0,0,0)
(0,0,0)
(0,0,0)
(0,0,0)
(0,0,0)
(0,0,0)
(0,0,0)
(0,0,0)
(0,0,0)
(0,0,0)
(0,0,0)
(0,0,0)
(0,0,0)
(0,0,0)
(0,0,0)
(0,0,0)
(0,0,0)
(0,0,0)
(0,0,0)
(0,0,0)
(0,0,0)
(0,0,0)
(0,0,0)
(0,0,0)
(0,0,0)
(0,0,0)
(0,0,0)
(0,0,0)
(0,0,0)
(0,0,0)
(0,0,0)
(0,0,0)
(0,0,0)
(0,0,0)
(0,0,0)
(0,0,0)
(0,0,0)
(0,0,0)
(0,0,0)
(0,0,0)
(0,0,0)
(0,0,0)
(0,0,0)
(0,0,0)
(0,0,0)
(0,0,0)
(0,0,0)
(0,0,0)
(0,0,0)
(0,0,0)
(0,0,0)
(0,0,0)
(0,0,0)
(0,0,0)
(0,0,0)
(0,0,0)
(2.43143795927278e-13,-2.87561339869336e-11,3.72524149680607e-11)
(-3.31555276118317e-14,-5.89663548217777e-11,3.54010708533754e-11)
(5.59325680760227e-13,-9.40500744532865e-11,3.14981042716717e-11)
(1.56476244245813e-12,-1.37268691188299e-10,2.50761602694093e-11)
(2.92024992763387e-12,-1.91499221828929e-10,1.58212623717931e-11)
(5.53158001640205e-12,-2.61027617264797e-10,3.5500336400452e-12)
(7.92818900833105e-12,-3.45616259839623e-10,-9.94524488669088e-12)
(7.43859739229073e-12,-4.32668971502376e-10,-1.31982988530286e-11)
(3.96098235394931e-12,-5.07074778102585e-10,-9.10276799873583e-12)
(7.71336925330474e-13,-5.51053803168488e-10,-4.02478189907585e-12)
(0,0,0)
(0,0,0)
(0,0,0)
(0,0,0)
(0,0,0)
(0,0,0)
(4.48119429227194e-13,-2.7220070922309e-11,7.61439529029402e-11)
(3.81921774894614e-14,-5.56654755625315e-11,7.25112395677875e-11)
(4.54761478118147e-13,-8.82677503306832e-11,6.46302917710185e-11)
(2.50289761220235e-12,-1.28143083170066e-10,5.17425203912886e-11)
(6.27671133689463e-12,-1.79088474223748e-10,3.17304539528953e-11)
(1.24525108161764e-11,-2.47196298031703e-10,1.16653549968738e-12)
(2.0422165322778e-11,-3.41657718164205e-10,-3.92033109050752e-11)
(1.83720988789872e-11,-4.35483229314971e-10,-4.14793820350306e-11)
(1.08256762852752e-11,-5.10971144488627e-10,-2.4373046141589e-11)
(5.28143517293384e-12,-5.54283027282736e-10,-9.8011886173993e-12)
(0,0,0)
(0,0,0)
(0,0,0)
(0,0,0)
(0,0,0)
(0,0,0)
(-4.36784645881071e-13,-2.41615490431996e-11,1.16517697723913e-10)
(-7.86391784201439e-13,-4.88059161901656e-11,1.12096212029986e-10)
(-1.32925223773248e-13,-7.66642814754253e-11,1.01921233005486e-10)
(1.99543617833302e-12,-1.09180290747348e-10,8.38508234227258e-11)
(7.28438353267192e-12,-1.49142785131394e-10,5.26566255970258e-11)
(1.97120348471885e-11,-2.06687953150903e-10,-3.01763982136188e-12)
(4.97317906755684e-11,-3.3796778156044e-10,-1.25809649666054e-10)
(3.93529983476613e-11,-4.4941986329291e-10,-1.05760130063901e-10)
(2.12641962095085e-11,-5.22566696485012e-10,-4.82661417126093e-11)
(1.18676182089922e-11,-5.61850352158129e-10,-1.66687141054003e-11)
(0,0,0)
(0,0,0)
(0,0,0)
(0,0,0)
(0,0,0)
(0,0,0)
(-9.28197411702419e-13,-2.02937488836132e-11,1.62079606750857e-10)
(-1.80684520550623e-12,-3.983958288738e-11,1.56886085640495e-10)
(-2.53560477213134e-12,-6.01120861644684e-11,1.44834583366111e-10)
(-1.72491309311299e-12,-7.98585868500223e-11,1.24210700682372e-10)
(2.57727096003408e-12,-9.51350369868965e-11,9.14834926590628e-11)
(1.35207669170615e-11,-8.49503524783079e-11,4.56603331402774e-11)
(6.50051859993122e-11,-3.57782747180416e-10,1.05350875944591e-16)
(8.26365228557529e-11,-4.99700850991938e-10,-2.47656176722314e-10)
(3.22927457376038e-11,-5.48411111212518e-10,-6.74176714149809e-11)
(1.7549022069988e-11,-5.74362238831416e-10,-1.56729045775607e-11)
(0,0,0)
(0,0,0)
(0,0,0)
(0,0,0)
(0,0,0)
(0,0,0)
(-2.52235983496041e-12,-1.56800860885063e-11,2.1317947969419e-10)
(-5.12636373340916e-12,-2.95823626857783e-11,2.08242686291258e-10)
(-7.81231884475242e-12,-4.19691638664385e-11,1.96689516023008e-10)
(-1.01917751604887e-11,-5.08781593488728e-11,1.7566913564637e-10)
(-1.27656378219589e-11,-5.46825261406273e-11,1.40514847178532e-10)
(-1.37970110142121e-11,-5.0680679753828e-11,8.38978198068276e-11)
(-3.37431750676156e-17,3.9015872383703e-16,-2.94575824397077e-17)
(2.60766732422442e-11,-6.64632531156882e-10,7.34080489311993e-17)
(1.82370730163714e-11,-5.90016146928353e-10,9.40586851194354e-12)
(1.249743936453e-11,-5.83234662658574e-10,1.16864000257861e-11)
(0,0,0)
(0,0,0)
(0,0,0)
(0,0,0)
(0,0,0)
(0,0,0)
(-3.60649725476494e-12,-1.10706038026169e-11,2.72436394528428e-10)
(-8.02075610543486e-12,-1.95331492537868e-11,2.68602524493931e-10)
(-1.3494588217736e-11,-2.41726249153346e-11,2.59423834840729e-10)
(-2.06273056812601e-11,-2.25385369170243e-11,2.41396494275462e-10)
(-3.23020617626493e-11,-1.20393736317959e-11,2.06571009944789e-10)
(-4.96494327167827e-11,6.75605853965758e-12,1.36371809461581e-10)
(5.27723800854431e-18,2.30877639873274e-16,-4.87839767370517e-17)
(1.56550445708435e-11,-6.39430805908059e-10,-2.10915441629163e-16)
(4.9454830612952e-12,-5.78157365712363e-10,7.22838611071043e-11)
(3.38861964424369e-12,-5.63687425418833e-10,4.61682909772496e-11)
(0,0,0)
(0,0,0)
(0,0,0)
(0,0,0)
(0,0,0)
(0,0,0)
(-4.95830413740545e-12,-7.14407301167985e-12,3.40312544862653e-10)
(-1.10644997562672e-11,-1.11134036551641e-11,3.37674677418997e-10)
(-1.87806413288693e-11,-9.66401381260391e-12,3.31692390484595e-10)
(-3.05307690376403e-11,2.64018459763376e-12,3.20315163617972e-10)
(-5.44858516591465e-11,3.48924156533496e-11,2.96811942983744e-10)
(-1.04876162642565e-10,9.48933812265842e-11,2.32388981786619e-10)
(3.6448062538123e-17,3.71458431538981e-16,-4.9912506565875e-16)
(-4.0007021376393e-11,-6.79270504450309e-10,4.35817374329746e-10)
(-1.38211921430339e-11,-5.38866676580328e-10,2.13093449469583e-10)
(-6.16977376644046e-12,-5.10532787124312e-10,9.51079224832993e-11)
(0,0,0)
(0,0,0)
(0,0,0)
(0,0,0)
(0,0,0)
(0,0,0)
(-5.56209799964136e-12,-4.35392914157288e-12,4.11047817591891e-10)
(-1.23236559905087e-11,-5.56046204139195e-12,4.09591464092176e-10)
(-2.04343086467732e-11,-1.64600081749514e-12,4.07192027610806e-10)
(-3.20032748246947e-11,1.55593018391306e-11,4.05067080439566e-10)
(-5.38192147142606e-11,7.02990422636038e-11,4.10208580201428e-10)
(-1.05824698812738e-10,2.55198553268503e-10,4.55685211349376e-10)
(7.35145598389932e-12,-4.35817486068152e-10,7.05429401694665e-10)
(-1.43961745564125e-11,-4.30878425714824e-10,4.40770373400858e-10)
(-1.29294835977798e-11,-4.12097201650347e-10,2.60741051650437e-10)
(-1.0023788723119e-11,-4.10569474839514e-10,1.23700651315673e-10)
(0,0,0)
(0,0,0)
(0,0,0)
(0,0,0)
(0,0,0)
(0,0,0)
(-6.29496460471951e-12,-2.73802631881994e-12,4.74649033479817e-10)
(-1.29327480272332e-11,-3.40887102208379e-12,4.73655722013836e-10)
(-1.92509452039656e-11,-1.63645770476156e-12,4.72286502438962e-10)
(-2.67672787409858e-11,4.59812892768383e-12,4.71653985505811e-10)
(-3.56352623213281e-11,1.51551414953653e-11,4.74902193704007e-10)
(-4.36033152339096e-11,8.58907320770128e-12,4.89553401646736e-10)
(-1.72824017518163e-11,-1.850020097704e-10,5.15653118280614e-10)
(-1.53506942935506e-11,-2.47670217675463e-10,4.0699394828883e-10)
(-1.4458115837675e-11,-2.71812636503917e-10,2.74334508138085e-10)
(-1.27430510140481e-11,-2.84430281007539e-10,1.38268603366588e-10)
(0,0,0)
(0,0,0)
(0,0,0)
(0,0,0)
(0,0,0)
(0,0,0)
(-6.71323409108157e-12,-1.44300833124005e-12,5.13334539642676e-10)
(-1.31777326472991e-11,-1.88530506149929e-12,5.12448754894274e-10)
(-1.8068711624205e-11,-1.53266343713754e-12,5.11087733439951e-10)
(-2.28862804735206e-11,-1.04809271821649e-12,5.09764201272972e-10)
(-2.65190893695966e-11,-3.36282705169347e-12,5.08008957930446e-10)
(-2.79090793521262e-11,-2.05630196680407e-11,5.03038349201743e-10)
(-1.98155877961119e-11,-7.98284378199315e-11,4.8015787445896e-10)
(-1.68703364215731e-11,-1.15215319546344e-10,3.98238926277016e-10)
(-1.60358566402363e-11,-1.3505152457337e-10,2.8195698136282e-10)
(-1.41853430519546e-11,-1.45647838093053e-10,1.46416822898325e-10)
(0,0,0)
(0,0,0)
(0,0,0)
(0,0,0)
(0,0,0)
(0,0,0)
(0,0,0)
(0,0,0)
(0,0,0)
(0,0,0)
(0,0,0)
(0,0,0)
(0,0,0)
(0,0,0)
(0,0,0)
(0,0,0)
(0,0,0)
(0,0,0)
(0,0,0)
(0,0,0)
(0,0,0)
(0,0,0)
(0,0,0)
(0,0,0)
(0,0,0)
(0,0,0)
(0,0,0)
(0,0,0)
(0,0,0)
(0,0,0)
(0,0,0)
(0,0,0)
(0,0,0)
(0,0,0)
(0,0,0)
(0,0,0)
(0,0,0)
(0,0,0)
(0,0,0)
(0,0,0)
(0,0,0)
(0,0,0)
(0,0,0)
(0,0,0)
(0,0,0)
(0,0,0)
(0,0,0)
(0,0,0)
(0,0,0)
(0,0,0)
(0,0,0)
(0,0,0)
(0,0,0)
(0,0,0)
(0,0,0)
(0,0,0)
(0,0,0)
(0,0,0)
(0,0,0)
(0,0,0)
(0,0,0)
(0,0,0)
(0,0,0)
(0,0,0)
(0,0,0)
(0,0,0)
(0,0,0)
(0,0,0)
(0,0,0)
(0,0,0)
(0,0,0)
(0,0,0)
(0,0,0)
(0,0,0)
(0,0,0)
(0,0,0)
(0,0,0)
(0,0,0)
(0,0,0)
(0,0,0)
(0,0,0)
(0,0,0)
(0,0,0)
(0,0,0)
(0,0,0)
(0,0,0)
(0,0,0)
(0,0,0)
(0,0,0)
(0,0,0)
(0,0,0)
(0,0,0)
(0,0,0)
(0,0,0)
(0,0,0)
(0,0,0)
(0,0,0)
(0,0,0)
(0,0,0)
(0,0,0)
(0,0,0)
(0,0,0)
(5.58424846062554e-13,-2.9188163805517e-11,3.73797186187995e-11)
(5.68931794809698e-13,-5.9222176518173e-11,3.57955946289114e-11)
(1.19894556044007e-12,-9.3116905336728e-11,3.20063159028622e-11)
(1.69405232182428e-12,-1.31904483424504e-10,2.57408284190319e-11)
(2.78073105418344e-12,-1.78910155507749e-10,1.73972903734057e-11)
(5.19553931004167e-12,-2.37261504875353e-10,6.74428232361579e-12)
(7.22270129927009e-12,-3.05909463670425e-10,-4.21364592654558e-12)
(6.157324350539e-12,-3.73247513345592e-10,-7.6189730018459e-12)
(2.77936264030508e-12,-4.27475261090436e-10,-5.56909030370312e-12)
(-2.42208595148378e-14,-4.57048853246323e-10,-2.39377742197532e-12)
(0,0,0)
(0,0,0)
(0,0,0)
(0,0,0)
(0,0,0)
(0,0,0)
(1.02231088526981e-12,-2.75051079776516e-11,7.59713205567138e-11)
(1.05958060185873e-12,-5.59294538284035e-11,7.27733311427943e-11)
(1.73906400261234e-12,-8.71833365117686e-11,6.56368182281064e-11)
(3.55217162789064e-12,-1.23174222624492e-10,5.38352929793702e-11)
(6.89494069770675e-12,-1.67263287771163e-10,3.64088158245978e-11)
(1.23140123401351e-11,-2.23978988264991e-10,1.1077548137854e-11)
(1.90082998489583e-11,-2.98599941951998e-10,-2.00070381020892e-11)
(1.52023969634657e-11,-3.71867071979272e-10,-2.47521254381767e-11)
(7.84937075755075e-12,-4.28306290756033e-10,-1.48048902183588e-11)
(3.04757143080223e-12,-4.58308031320427e-10,-5.65908811005238e-12)
(0,0,0)
(0,0,0)
(0,0,0)
(0,0,0)
(0,0,0)
(0,0,0)
(1.16900888472698e-13,-2.415204093509e-11,1.15361131427137e-10)
(4.22253937503648e-13,-4.89763454027276e-11,1.11334958787477e-10)
(1.38528904801957e-12,-7.56391316286765e-11,1.02405988150157e-10)
(3.86793010668274e-12,-1.05562049164812e-10,8.63464048699054e-11)
(8.95090080661395e-12,-1.40117218255648e-10,6.00958134364773e-11)
(2.07664440192706e-11,-1.86860603589383e-10,1.69687245742408e-11)
(4.94972366933729e-11,-2.80645826273769e-10,-6.82906424177545e-11)
(3.21399976953941e-11,-3.72191418652473e-10,-6.26421951741786e-11)
(1.55111833298919e-11,-4.31800055237016e-10,-2.85086092165942e-11)
(7.71079077684893e-12,-4.60915365893e-10,-9.44711628322525e-12)
(0,0,0)
(0,0,0)
(0,0,0)
(0,0,0)
(0,0,0)
(0,0,0)
(-3.48339096454053e-13,-2.03471692505293e-11,1.5888428440923e-10)
(-1.25631326828478e-14,-4.01921808738748e-11,1.53558468451638e-10)
(-5.46443864815714e-14,-5.98983970444183e-11,1.42762239143469e-10)
(2.02186742909674e-12,-7.93797621387976e-11,1.24656360494998e-10)
(7.94791963251052e-12,-9.42513319442126e-11,9.71382613676666e-11)
(2.49113219819672e-11,-8.73868384145046e-11,6.31679323347232e-11)
(-4.51216692666395e-11,-2.34809150218371e-10,6.21871350431223e-11)
(6.73296977133557e-11,-3.79741633040851e-10,-1.40715212169777e-10)
(2.21530146159894e-11,-4.39138878421068e-10,-3.52062599608576e-11)
(1.07485413195384e-11,-4.64091484804721e-10,-6.54527598689194e-12)
(0,0,0)
(0,0,0)
(0,0,0)
(0,0,0)
(0,0,0)
(0,0,0)
(-2.19504871793349e-12,-1.53970238279147e-11,2.0531127827799e-10)
(-3.62240689712778e-12,-2.97954899353569e-11,1.99681834637655e-10)
(-4.58847741920289e-12,-4.27720852552683e-11,1.88591203060512e-10)
(-3.37710912451776e-12,-5.31030043222506e-11,1.69638159975198e-10)
(1.20823704093169e-12,-5.9077099559095e-11,1.39646680821305e-10)
(1.26640999567506e-11,-6.44041276013998e-11,9.13329535498784e-11)
(2.26722775252342e-17,3.95863662387904e-16,-1.08524738315821e-16)
(-8.5308471104658e-12,-4.1371879156793e-10,4.46758912971214e-11)
(4.09776028657556e-12,-4.48080575264754e-10,2.61963614810022e-11)
(4.63660215078509e-12,-4.61183534206695e-10,1.60220863779106e-11)
(0,0,0)
(0,0,0)
(0,0,0)
(0,0,0)
(0,0,0)
(0,0,0)
(-3.69915801120462e-12,-1.06127092625725e-11,2.54353556213845e-10)
(-7.26181205087095e-12,-2.00381858836309e-11,2.50240705417702e-10)
(-9.97585875522697e-12,-2.65033120902238e-11,2.40819217840095e-10)
(-1.09805428651948e-11,-2.84725054923514e-11,2.23700665263032e-10)
(-9.03465056461428e-12,-2.35032609779225e-11,1.93398118384049e-10)
(-1.41489715816504e-12,-1.21461906947195e-11,1.34023190165497e-10)
(2.68279112349468e-17,2.6563075340423e-16,-1.44423987848964e-16)
(-1.67893289094552e-11,-3.86822297681799e-10,7.89732944302886e-11)
(-8.2296359408775e-12,-4.28406305479554e-10,7.79056236961071e-11)
(-3.59772767316145e-12,-4.37646914719476e-10,4.30414734742323e-11)
(0,0,0)
(0,0,0)
(0,0,0)
(0,0,0)
(0,0,0)
(0,0,0)
(-5.1105805638542e-12,-7.1960880680385e-12,3.0835231092438e-10)
(-1.06351544356473e-11,-1.22104556976924e-11,3.05464407398838e-10)
(-1.54214274573195e-11,-1.33163003321958e-11,2.98496068620183e-10)
(-1.99466656449472e-11,-7.55150243529271e-12,2.85704076561902e-10)
(-2.54695170722578e-11,1.17684721400988e-11,2.61776954030101e-10)
(-3.27918537728066e-11,4.91522807056486e-11,2.0353255688574e-10)
(2.05198304877183e-17,3.31994195537544e-16,-4.56132548111677e-16)
(-6.56751752517556e-11,-3.74000146986843e-10,2.81343687226883e-10)
(-2.26051400867688e-11,-3.88618161128826e-10,1.63070570278371e-10)
(-1.1025163568048e-11,-3.90165466453362e-10,7.66797800986863e-11)
(0,0,0)
(0,0,0)
(0,0,0)
(0,0,0)
(0,0,0)
(0,0,0)
(-5.72164732270664e-12,-4.84325520324215e-12,3.61686297279822e-10)
(-1.20758105284549e-11,-7.11155434717064e-12,3.59324307143721e-10)
(-1.83189045882503e-11,-5.55314521779065e-12,3.54836968481165e-10)
(-2.61836016751018e-11,3.96505882386014e-12,3.4850220497973e-10)
(-4.41519450939736e-11,3.6628604521426e-11,3.42324718793848e-10)
(-1.08959409097234e-10,1.42960846752159e-10,3.46484358545777e-10)
(2.11950079800154e-11,-2.5142637313099e-10,3.99454444461919e-10)
(-1.75750608453388e-11,-2.92674689142065e-10,3.10486307464615e-10)
(-1.61736484094168e-11,-3.07487654943063e-10,1.99807987337489e-10)
(-1.24623312395018e-11,-3.13152183404654e-10,9.74702733394087e-11)
(0,0,0)
(0,0,0)
(0,0,0)
(0,0,0)
(0,0,0)
(0,0,0)
(-6.59667112630447e-12,-3.00618894165411e-12,4.06859452029885e-10)
(-1.30870944130077e-11,-4.48136708505348e-12,4.04631172772766e-10)
(-1.87222225384095e-11,-3.82055159568199e-12,4.00641677580332e-10)
(-2.43692652932701e-11,-9.72975905326549e-13,3.95830686702471e-10)
(-3.17685017170006e-11,3.98404651000058e-12,3.90612009710153e-10)
(-4.05509389920487e-11,-4.82186566075878e-12,3.87302233819738e-10)
(-1.37968037105913e-11,-1.31157219609287e-10,3.80303892430363e-10)
(-1.51461522719325e-11,-1.83725019734647e-10,3.09925415324351e-10)
(-1.51533229967629e-11,-2.0668941600268e-10,2.12696567408336e-10)
(-1.32568905618848e-11,-2.16469236618363e-10,1.07667733579011e-10)
(0,0,0)
(0,0,0)
(0,0,0)
(0,0,0)
(0,0,0)
(0,0,0)
(-7.27045767392011e-12,-1.37902229871052e-12,4.31171957747675e-10)
(-1.37020162544741e-11,-2.30908409250607e-12,4.29218671535311e-10)
(-1.82778428943644e-11,-2.37285806829894e-12,4.25399437821126e-10)
(-2.21791298492109e-11,-2.6575614263756e-12,4.20468242675614e-10)
(-2.49113076925869e-11,-5.29178590305616e-12,4.13160396708944e-10)
(-2.55916242773842e-11,-1.8844412321854e-11,4.0095761103172e-10)
(-1.77250774340994e-11,-6.11982236013349e-11,3.7384746394393e-10)
(-1.58037110537166e-11,-8.81809593436818e-11,3.08867120022697e-10)
(-1.55472227491166e-11,-1.03140400105615e-10,2.17925934268184e-10)
(-1.34163582466928e-11,-1.10517149565041e-10,1.12651456455699e-10)
(0,0,0)
(0,0,0)
(0,0,0)
(0,0,0)
(0,0,0)
(0,0,0)
(0,0,0)
(0,0,0)
(0,0,0)
(0,0,0)
(0,0,0)
(0,0,0)
(0,0,0)
(0,0,0)
(0,0,0)
(0,0,0)
(0,0,0)
(0,0,0)
(0,0,0)
(0,0,0)
(0,0,0)
(0,0,0)
(0,0,0)
(0,0,0)
(0,0,0)
(0,0,0)
(0,0,0)
(0,0,0)
(0,0,0)
(0,0,0)
(0,0,0)
(0,0,0)
(0,0,0)
(0,0,0)
(0,0,0)
(0,0,0)
(0,0,0)
(0,0,0)
(0,0,0)
(0,0,0)
(0,0,0)
(0,0,0)
(0,0,0)
(0,0,0)
(0,0,0)
(0,0,0)
(0,0,0)
(0,0,0)
(0,0,0)
(0,0,0)
(0,0,0)
(0,0,0)
(0,0,0)
(0,0,0)
(0,0,0)
(0,0,0)
(0,0,0)
(0,0,0)
(0,0,0)
(0,0,0)
(0,0,0)
(0,0,0)
(0,0,0)
(0,0,0)
(0,0,0)
(0,0,0)
(0,0,0)
(0,0,0)
(0,0,0)
(0,0,0)
(0,0,0)
(0,0,0)
(0,0,0)
(0,0,0)
(0,0,0)
(0,0,0)
(0,0,0)
(0,0,0)
(0,0,0)
(0,0,0)
(0,0,0)
(0,0,0)
(0,0,0)
(0,0,0)
(0,0,0)
(0,0,0)
(0,0,0)
(0,0,0)
(0,0,0)
(0,0,0)
(0,0,0)
(0,0,0)
(0,0,0)
(0,0,0)
(0,0,0)
(0,0,0)
(0,0,0)
(0,0,0)
(0,0,0)
(0,0,0)
(0,0,0)
(0,0,0)
(4.5949300817169e-13,-2.78225721609392e-11,3.56326059936807e-11)
(1.06548783103534e-12,-5.69761530710037e-11,3.42439524529059e-11)
(1.5308642193216e-12,-9.00577078405312e-11,3.11460985504935e-11)
(1.30732956745795e-12,-1.25795749612039e-10,2.5849736444169e-11)
(1.78687136736508e-12,-1.67435252401644e-10,1.92403769698971e-11)
(2.87095094985266e-12,-2.17016504092171e-10,1.12107211854572e-11)
(3.31850665612046e-12,-2.72958059273399e-10,3.5911402858814e-12)
(2.72700028615847e-12,-3.25603127354828e-10,2.40877411143434e-13)
(4.35079424150808e-13,-3.67017636941805e-10,-4.32486903113351e-13)
(-1.15882020735292e-12,-3.89522637894944e-10,-2.44153670234401e-13)
(0,0,0)
(0,0,0)
(0,0,0)
(0,0,0)
(0,0,0)
(0,0,0)
(8.67233256624865e-13,-2.62017268339134e-11,7.24719382580521e-11)
(1.24298509088159e-12,-5.3953387472991e-11,6.98486297740651e-11)
(1.99638436825063e-12,-8.47308641495639e-11,6.40911357659664e-11)
(3.36647532296944e-12,-1.18771345407319e-10,5.43492712686559e-11)
(5.08013886894835e-12,-1.58603151574687e-10,4.09156477790579e-11)
(6.28021390446205e-12,-2.07795698925165e-10,2.29505859493293e-11)
(5.79927150680525e-12,-2.67262204201502e-10,3.77646911422921e-12)
(5.57950841686821e-12,-3.22858709089562e-10,-2.78451762775038e-12)
(2.19733313028072e-12,-3.65786054907203e-10,-1.75288814778531e-12)
(-4.18210671717882e-15,-3.89116987718095e-10,-1.87845594968807e-13)
(0,0,0)
(0,0,0)
(0,0,0)
(0,0,0)
(0,0,0)
(0,0,0)
(3.38201843558029e-13,-2.31677443496536e-11,1.1156899958228e-10)
(5.67060045989765e-13,-4.79847629234626e-11,1.08043708978415e-10)
(1.70413774402031e-12,-7.46760561804521e-11,1.00407836681957e-10)
(3.93623451412936e-12,-1.04516478827876e-10,8.70395787420752e-11)
(6.21210335736589e-12,-1.38786146320624e-10,6.69677124161415e-11)
(6.55204583638148e-12,-1.85177384749306e-10,3.75010772966084e-11)
(-1.98788660557117e-12,-2.56240405564595e-10,-3.21039944281629e-12)
(5.55662612621319e-12,-3.1948512358878e-10,-9.19540388810942e-12)
(3.78851358049654e-12,-3.64242637770956e-10,-2.7611041568615e-12)
(1.43979340525989e-12,-3.87315593902777e-10,3.31703829277882e-13)
(0,0,0)
(0,0,0)
(0,0,0)
(0,0,0)
(0,0,0)
(0,0,0)
(2.73314385127018e-14,-1.97479432272157e-11,1.54349978925716e-10)
(3.86975236950284e-13,-4.03591818197003e-11,1.49487278430035e-10)
(9.24922472836085e-13,-6.10841828100067e-11,1.39863685418948e-10)
(3.2632087398455e-12,-8.32769572055566e-11,1.2448607529964e-10)
(6.7440162803754e-12,-1.06524972624667e-10,1.0162770623658e-10)
(2.90940846047128e-12,-1.39942060989042e-10,6.56523430869693e-11)
(-7.70288681357022e-11,-2.49305411701586e-10,-1.89151803848826e-11)
(-4.20209596850555e-12,-3.19795299854161e-10,-8.24244098594925e-12)
(2.43372748575908e-12,-3.62505182031053e-10,5.44300444666959e-12)
(1.29531473466572e-12,-3.83392379471565e-10,5.93752366203716e-12)
(0,0,0)
(0,0,0)
(0,0,0)
(0,0,0)
(0,0,0)
(0,0,0)
(-1.34991964292628e-12,-1.49106298921562e-11,1.979432567673e-10)
(-2.28907937171608e-12,-3.06256368738743e-11,1.927388237126e-10)
(-1.90420749893763e-12,-4.56631571747415e-11,1.82528200245692e-10)
(1.98387119946685e-12,-5.94089231629608e-11,1.66898533105694e-10)
(1.39481257311938e-11,-6.7816215286164e-11,1.4652478674392e-10)
(5.17392251246856e-11,-5.33050846012056e-11,1.26576055647064e-10)
(-4.46758469166735e-11,-3.1996412192823e-10,1.43963281758303e-10)
(-1.69478111804715e-11,-3.31670801836413e-10,7.26837496352183e-11)
(-5.40223439561474e-12,-3.5794001439362e-10,4.42543566780256e-11)
(-2.87793095853752e-12,-3.72918725651747e-10,2.24860143073128e-11)
(0,0,0)
(0,0,0)
(0,0,0)
(0,0,0)
(0,0,0)
(0,0,0)
(-3.00292840964315e-12,-1.02690466350814e-11,2.40342886445875e-10)
(-5.6680546591765e-12,-2.12506275747767e-11,2.36450106135861e-10)
(-6.04431793618378e-12,-3.08971758995265e-11,2.27460084784608e-10)
(-1.59899904327699e-12,-3.85965796034185e-11,2.1354038578552e-10)
(1.50685445359323e-11,-4.09824616554852e-11,1.95723584711563e-10)
(7.13099660309591e-11,-2.97643840777545e-11,1.80174726288818e-10)
(-7.89734783898071e-11,-2.79638491959012e-10,1.9922052900535e-10)
(-2.85438088702568e-11,-3.09938105665015e-10,1.29185185327238e-10)
(-1.31536300696325e-11,-3.35342388375759e-10,8.50198981826183e-11)
(-8.03770246501884e-12,-3.47431964378799e-10,4.27341455437227e-11)
(0,0,0)
(0,0,0)
(0,0,0)
(0,0,0)
(0,0,0)
(0,0,0)
(-4.57550990308077e-12,-7.25212122069477e-12,2.84452314984875e-10)
(-8.76571700760161e-12,-1.40240326368128e-11,2.81486835075879e-10)
(-1.03925905133559e-11,-1.92133772434628e-11,2.74241576334364e-10)
(-7.53610437235468e-12,-2.19510970752799e-11,2.62817576412055e-10)
(7.91474769080701e-12,-1.75764230265794e-11,2.49632870461437e-10)
(7.69325931989616e-11,8.02889716419508e-12,2.47798175140181e-10)
(-2.99174177143612e-11,-2.70433516309511e-10,3.39980226502481e-10)
(-2.87275161479866e-11,-2.79710795207676e-10,2.14100381506539e-10)
(-1.73448560929013e-11,-2.963534507745e-10,1.32412046953034e-10)
(-1.13586665181357e-11,-3.04640540804159e-10,6.41945335797163e-11)
(0,0,0)
(0,0,0)
(0,0,0)
(0,0,0)
(0,0,0)
(0,0,0)
(-5.19672344815282e-12,-5.41245248146746e-12,3.26063777808126e-10)
(-1.02186591281146e-11,-9.55826214995757e-12,3.23314143836943e-10)
(-1.37167347088834e-11,-1.18414104725103e-11,3.17471606338045e-10)
(-1.50680807600292e-11,-1.26656908148017e-11,3.08487069415288e-10)
(-1.56670268344914e-11,-1.10393594471269e-11,2.98477685759467e-10)
(-1.41467826005301e-11,-2.04271608321998e-11,2.93484121472467e-10)
(-1.01060085443769e-11,-1.64078751309522e-10,2.99324155041115e-10)
(-1.58464101256388e-11,-2.13017294681764e-10,2.346921920586e-10)
(-1.46341733516715e-11,-2.34335315644189e-10,1.56470625882414e-10)
(-1.16750046863458e-11,-2.43368215086369e-10,7.78016635966673e-11)
(0,0,0)
(0,0,0)
(0,0,0)
(0,0,0)
(0,0,0)
(0,0,0)
(-5.995558512076e-12,-3.59709596645107e-12,3.60429278164804e-10)
(-1.12698822131302e-11,-6.44257170966081e-12,3.5740488274297e-10)
(-1.53589251879406e-11,-7.6512921691409e-12,3.51307307965531e-10)
(-1.74660027798887e-11,-9.73082004685238e-12,3.42731561693902e-10)
(-1.91828934135464e-11,-1.49420483621018e-11,3.31659641707926e-10)
(-1.95300509415359e-11,-3.50686033749448e-11,3.18633953415405e-10)
(-1.33773226124799e-11,-1.01214625034203e-10,2.97511441658683e-10)
(-1.34613647468676e-11,-1.40032983764332e-10,2.4217383208447e-10)
(-1.36735050645095e-11,-1.59684175377129e-10,1.67582689720307e-10)
(-1.15412440361805e-11,-1.68763568012433e-10,8.51097836808657e-11)
(0,0,0)
(0,0,0)
(0,0,0)
(0,0,0)
(0,0,0)
(0,0,0)
(-6.69619376026626e-12,-1.68269994763538e-12,3.77938843405023e-10)
(-1.21918666327952e-11,-3.27349343683349e-12,3.74829663708037e-10)
(-1.57195058171524e-11,-3.89126441211743e-12,3.68462900426652e-10)
(-1.75288453089153e-11,-5.64129890345902e-12,3.59932334937809e-10)
(-1.800030791842e-11,-1.04892782258749e-11,3.47849359177362e-10)
(-1.73258895114533e-11,-2.29653557244188e-11,3.30055561798356e-10)
(-1.39429571142032e-11,-4.99060471894782e-11,3.00087141267076e-10)
(-1.30434846428988e-11,-6.93089709841327e-11,2.45676340850644e-10)
(-1.34131450422569e-11,-8.05147218665118e-11,1.72556973953583e-10)
(-1.12820513560522e-11,-8.64339493031216e-11,8.88336295738732e-11)
(0,0,0)
(0,0,0)
(0,0,0)
(0,0,0)
(0,0,0)
(0,0,0)
(0,0,0)
(0,0,0)
(0,0,0)
(0,0,0)
(0,0,0)
(0,0,0)
(0,0,0)
(0,0,0)
(0,0,0)
(0,0,0)
(0,0,0)
(0,0,0)
(0,0,0)
(0,0,0)
(0,0,0)
(0,0,0)
(0,0,0)
(0,0,0)
(0,0,0)
(0,0,0)
(0,0,0)
(0,0,0)
(0,0,0)
(0,0,0)
(0,0,0)
(0,0,0)
(0,0,0)
(0,0,0)
(0,0,0)
(0,0,0)
(0,0,0)
(0,0,0)
(0,0,0)
(0,0,0)
(0,0,0)
(0,0,0)
(0,0,0)
(0,0,0)
(0,0,0)
(0,0,0)
(0,0,0)
(0,0,0)
(0,0,0)
(0,0,0)
(0,0,0)
(0,0,0)
(0,0,0)
(0,0,0)
(0,0,0)
(0,0,0)
(0,0,0)
(0,0,0)
(0,0,0)
(0,0,0)
(0,0,0)
(0,0,0)
(0,0,0)
(0,0,0)
(0,0,0)
(0,0,0)
(0,0,0)
(0,0,0)
(0,0,0)
(0,0,0)
(0,0,0)
(0,0,0)
(0,0,0)
(0,0,0)
(0,0,0)
(0,0,0)
(0,0,0)
(0,0,0)
(0,0,0)
(0,0,0)
(0,0,0)
(0,0,0)
(0,0,0)
(0,0,0)
(0,0,0)
(0,0,0)
(0,0,0)
(0,0,0)
(0,0,0)
(0,0,0)
(0,0,0)
(0,0,0)
(0,0,0)
(0,0,0)
(0,0,0)
(0,0,0)
(0,0,0)
(0,0,0)
(0,0,0)
(0,0,0)
(0,0,0)
(0,0,0)
(2.27301221919478e-13,-2.65688240837758e-11,3.36121128392952e-11)
(1.14057613543718e-12,-5.44839210237898e-11,3.2462190787795e-11)
(1.5003826346666e-12,-8.60327969353663e-11,3.0330057355341e-11)
(8.92284837028467e-13,-1.20496274670737e-10,2.65011176681312e-11)
(9.84426324840552e-13,-1.59963244843513e-10,2.14069471504587e-11)
(1.26972668246639e-12,-2.03297629663207e-10,1.52740382006655e-11)
(9.7291445890077e-13,-2.49465048732108e-10,9.81426534625003e-12)
(6.55946335113954e-13,-2.9252018587432e-10,6.61795487951058e-12)
(-9.84835843343536e-13,-3.26008444911954e-10,4.16220987834325e-12)
(-1.80862405441779e-12,-3.43326969100507e-10,1.72778537755858e-12)
(0,0,0)
(0,0,0)
(0,0,0)
(0,0,0)
(0,0,0)
(0,0,0)
(4.56559256346595e-13,-2.51073509440308e-11,6.92408130224588e-11)
(1.03185454943108e-12,-5.16152143912318e-11,6.70323873140441e-11)
(1.68344089648727e-12,-8.1230888668188e-11,6.25790825003088e-11)
(2.54523223312367e-12,-1.1485484805138e-10,5.51912712081323e-11)
(3.22819544461532e-12,-1.53433956559184e-10,4.48999971895047e-11)
(2.83601656367751e-12,-1.97275276220934e-10,3.2057354396226e-11)
(1.33845961192921e-12,-2.45546182372725e-10,1.95066268696379e-11)
(1.17429343613412e-12,-2.89472882018928e-10,1.23171976290789e-11)
(-9.11126558769199e-13,-3.23717322383683e-10,8.5925800596595e-12)
(-1.99342151693518e-12,-3.42058202950501e-10,4.58267724948858e-12)
(0,0,0)
(0,0,0)
(0,0,0)
(0,0,0)
(0,0,0)
(0,0,0)
(4.43691324981597e-13,-2.25335191349784e-11,1.08180743313822e-10)
(5.77351238677446e-13,-4.64471031197565e-11,1.04963115970999e-10)
(1.4805223134735e-12,-7.26236568321414e-11,9.83306170389251e-11)
(2.76857921773407e-12,-1.03216881848706e-10,8.76838033652088e-11)
(3.41756478095332e-12,-1.39098904292447e-10,7.28352960385113e-11)
(2.02819881560673e-12,-1.8320378797812e-10,5.3387656017084e-11)
(-2.93787602337604e-12,-2.37190730995684e-10,3.1847183531377e-11)
(-5.67497339671819e-13,-2.8459355861108e-10,2.04100997493753e-11)
(-1.04175014562285e-12,-3.19392732491557e-10,1.45104112819066e-11)
(-2.15171719669279e-12,-3.37647947681971e-10,7.97740448162238e-12)
(0,0,0)
(0,0,0)
(0,0,0)
(0,0,0)
(0,0,0)
(0,0,0)
(5.27185990907724e-14,-1.93560847179247e-11,1.49470565452501e-10)
(2.77023302229648e-13,-3.97630251388938e-11,1.45253139405745e-10)
(8.81506956910881e-13,-6.12131663307583e-11,1.36995343468387e-10)
(2.25354376030143e-12,-8.6829332943882e-11,1.24256231221011e-10)
(4.01062209148059e-12,-1.17741286921566e-10,1.06568101820563e-10)
(8.3995554449192e-13,-1.60299591425052e-10,8.31788327952043e-11)
(-1.70428973080079e-11,-2.2756409940589e-10,5.33180775947191e-11)
(-6.0120394188757e-12,-2.7862601032909e-10,3.80888865352661e-11)
(-2.62595936712894e-12,-3.12479125547834e-10,2.73429058999146e-11)
(-3.24081542310286e-12,-3.29588582260441e-10,1.47599116444662e-11)
(0,0,0)
(0,0,0)
(0,0,0)
(0,0,0)
(0,0,0)
(0,0,0)
(-7.8706984533444e-13,-1.52792143771517e-11,1.90883605262225e-10)
(-1.4534652039009e-12,-3.14772564421343e-11,1.8646097482344e-10)
(-1.0405216341395e-12,-4.81374111640323e-11,1.77657404960966e-10)
(1.54527400165942e-12,-6.79929743505014e-11,1.64421399071391e-10)
(7.06310319740709e-12,-9.22825661309569e-11,1.4791366510939e-10)
(1.08112984900252e-11,-1.3003396921698e-10,1.30280760026204e-10)
(-1.37219447628601e-11,-2.25408040370545e-10,1.14524675082122e-10)
(-1.02511143946214e-11,-2.71397727436489e-10,8.16659806511046e-11)
(-6.23151804257804e-12,-3.00374356223875e-10,5.38505616807767e-11)
(-5.87867792419446e-12,-3.15093274008086e-10,2.72864237015182e-11)
(0,0,0)
(0,0,0)
(0,0,0)
(0,0,0)
(0,0,0)
(0,0,0)
(-2.12707351398352e-12,-1.13317459395536e-11,2.30888971701692e-10)
(-3.90462824586861e-12,-2.33192903549582e-11,2.26874388199184e-10)
(-3.80841759318659e-12,-3.53251015751654e-11,2.18382839750837e-10)
(-4.27680497438672e-13,-5.05436816486124e-11,2.06135943145682e-10)
(7.21136432978404e-12,-7.03048589635033e-11,1.91717875913675e-10)
(1.44708820724905e-11,-1.05647857772824e-10,1.77495155937154e-10)
(-1.81431103612321e-11,-2.02033398748577e-10,1.64976989476133e-10)
(-1.46058321831724e-11,-2.49406226138396e-10,1.2488531279313e-10)
(-9.85681503199282e-12,-2.76393811250832e-10,8.38096665649589e-11)
(-8.09498049588316e-12,-2.8947347245627e-10,4.22617595514152e-11)
(0,0,0)
(0,0,0)
(0,0,0)
(0,0,0)
(0,0,0)
(0,0,0)
(-3.44969873333128e-12,-8.37794457772556e-12,2.68739864392195e-10)
(-5.98622875295846e-12,-1.66659025958332e-11,2.64796025049883e-10)
(-6.34055736199813e-12,-2.48723026602891e-11,2.57232881414206e-10)
(-3.63680468220087e-12,-3.60204930740898e-11,2.46467056289087e-10)
(3.21237943262625e-12,-5.09986365971799e-11,2.34149088594481e-10)
(1.32065998330682e-11,-8.10627440455026e-11,2.23908859591576e-10)
(-1.03923377183365e-11,-1.74920896095933e-10,2.20131053563634e-10)
(-1.37326821203025e-11,-2.16946918424056e-10,1.6841276515795e-10)
(-1.11454778498569e-11,-2.39768533510877e-10,1.12352902377085e-10)
(-8.43645865621367e-12,-2.50646129244499e-10,5.59892700595674e-11)
(0,0,0)
(0,0,0)
(0,0,0)
(0,0,0)
(0,0,0)
(0,0,0)
(-4.26244599198106e-12,-6.26226312515977e-12,3.03835496290381e-10)
(-7.49181206955839e-12,-1.22051602488292e-11,2.99625719243902e-10)
(-8.92231608943387e-12,-1.73799109697232e-11,2.92263237982055e-10)
(-7.99356787218643e-12,-2.53404819666197e-11,2.81953986142154e-10)
(-6.77077363253045e-12,-3.77102445259676e-11,2.69690233918384e-10)
(-5.34537362632949e-12,-6.53567787445807e-11,2.55928545773047e-10)
(-8.33817183727993e-12,-1.2933196063952e-10,2.36899193017662e-10)
(-1.06091548669012e-11,-1.68643193565046e-10,1.89737269948223e-10)
(-1.06163513329966e-11,-1.89127602942059e-10,1.29732039764621e-10)
(-8.47798816361494e-12,-1.98646731052149e-10,6.50674796941993e-11)
(0,0,0)
(0,0,0)
(0,0,0)
(0,0,0)
(0,0,0)
(0,0,0)
(-4.88555910906822e-12,-4.0532161662484e-12,3.32051358863632e-10)
(-8.34138570848874e-12,-8.28090887598105e-12,3.27563195874772e-10)
(-1.05432066733342e-11,-1.13638893123821e-11,3.19595507690437e-10)
(-1.04836039373096e-11,-1.71784208997649e-11,3.08813258507131e-10)
(-1.06099752572851e-11,-2.75669447100774e-11,2.95021212223794e-10)
(-1.0510786835347e-11,-4.88066262018094e-11,2.76529859000507e-10)
(-9.3482908829614e-12,-8.62849156403758e-11,2.48264028285853e-10)
(-9.59423516289126e-12,-1.1396725832422e-10,2.01051235098117e-10)
(-1.03700525356559e-11,-1.29487657704587e-10,1.39747975928647e-10)
(-8.76107906463339e-12,-1.37292838490746e-10,7.0907623035849e-11)
(0,0,0)
(0,0,0)
(0,0,0)
(0,0,0)
(0,0,0)
(0,0,0)
(-5.26971401091563e-12,-1.88524417866896e-12,3.46889175781696e-10)
(-9.09859678824437e-12,-4.28956137093419e-12,3.42457782180638e-10)
(-1.10802047404263e-11,-5.71144564667331e-12,3.33659141044732e-10)
(-1.10871684519255e-11,-8.78216387252853e-12,3.22365055537084e-10)
(-1.06957887652893e-11,-1.49931738708657e-11,3.07861371451074e-10)
(-1.03228247045928e-11,-2.64305528402356e-11,2.86852332393677e-10)
(-9.43820388725546e-12,-4.38389583279719e-11,2.54551585545995e-10)
(-9.2330887299717e-12,-5.74323459062343e-11,2.06142682233935e-10)
(-1.0204522529078e-11,-6.54711697985034e-11,1.44358991216118e-10)
(-8.88237108531402e-12,-7.0116621798769e-11,7.41176881369584e-11)
(0,0,0)
(0,0,0)
(0,0,0)
(0,0,0)
(0,0,0)
(0,0,0)
(0,0,0)
(0,0,0)
(0,0,0)
(0,0,0)
(0,0,0)
(0,0,0)
(0,0,0)
(0,0,0)
(0,0,0)
(0,0,0)
(0,0,0)
(0,0,0)
(0,0,0)
(0,0,0)
(0,0,0)
(0,0,0)
(0,0,0)
(0,0,0)
(0,0,0)
(0,0,0)
(0,0,0)
(0,0,0)
(0,0,0)
(0,0,0)
(0,0,0)
(0,0,0)
(0,0,0)
(0,0,0)
(0,0,0)
(0,0,0)
(0,0,0)
(0,0,0)
(0,0,0)
(0,0,0)
(0,0,0)
(0,0,0)
(0,0,0)
(0,0,0)
(0,0,0)
(0,0,0)
(0,0,0)
(0,0,0)
(0,0,0)
(0,0,0)
(0,0,0)
(0,0,0)
(0,0,0)
(0,0,0)
(0,0,0)
(0,0,0)
(0,0,0)
(0,0,0)
(0,0,0)
(0,0,0)
(0,0,0)
(0,0,0)
(0,0,0)
(0,0,0)
(0,0,0)
(0,0,0)
(0,0,0)
(0,0,0)
(0,0,0)
(0,0,0)
(0,0,0)
(0,0,0)
(0,0,0)
(0,0,0)
(0,0,0)
(0,0,0)
(0,0,0)
(0,0,0)
(0,0,0)
(0,0,0)
(0,0,0)
(0,0,0)
(0,0,0)
(0,0,0)
(0,0,0)
(0,0,0)
(0,0,0)
(0,0,0)
(0,0,0)
(0,0,0)
(0,0,0)
(0,0,0)
(0,0,0)
(0,0,0)
(0,0,0)
(0,0,0)
(0,0,0)
(0,0,0)
(0,0,0)
(0,0,0)
(0,0,0)
(0,0,0)
(-8.42498663125145e-14,-2.58205947913923e-11,3.36731808034626e-11)
(4.04002935321345e-13,-5.2959461137534e-11,3.25150007293424e-11)
(5.27414054720903e-13,-8.24168094526073e-11,3.04982741035288e-11)
(3.45028735352408e-13,-1.16450187204732e-10,2.72059121863293e-11)
(5.88046990271483e-13,-1.55604566754485e-10,2.30383721468917e-11)
(7.07146094619304e-13,-1.97164681008941e-10,1.80647495471545e-11)
(2.50358566249879e-13,-2.38292733634783e-10,1.34632268377122e-11)
(6.43874809022625e-14,-2.76156158422262e-10,9.86661726801519e-12)
(-8.41533870822523e-13,-3.05193692443877e-10,6.44597135066348e-12)
(-1.3496048268766e-12,-3.18753334745608e-10,2.81284982601769e-12)
(0,0,0)
(0,0,0)
(0,0,0)
(0,0,0)
(0,0,0)
(0,0,0)
(9.11531556994445e-14,-2.47466645836042e-11,6.87301809162177e-11)
(3.17048091713505e-13,-5.05387315764244e-11,6.69175703154086e-11)
(4.64020352654715e-13,-7.85970334806825e-11,6.27172794553279e-11)
(1.19854004902123e-12,-1.11937618429946e-10,5.59939789225606e-11)
(1.73578597116625e-12,-1.50042897164454e-10,4.71835059087378e-11)
(1.31525584744515e-12,-1.91856012204836e-10,3.68195364461589e-11)
(1.72437475428391e-13,-2.34445765498892e-10,2.65132649245325e-11)
(1.95875976815062e-14,-2.7267112502397e-10,1.87149577482949e-11)
(-1.2258136407327e-12,-3.02402104790059e-10,1.31528967454879e-11)
(-1.82099953597783e-12,-3.1729008974647e-10,6.59727750633509e-12)
(0,0,0)
(0,0,0)
(0,0,0)
(0,0,0)
(0,0,0)
(0,0,0)
(4.83884250785159e-13,-2.28429008270883e-11,1.06319122497905e-10)
(5.25772189893112e-13,-4.6021392624619e-11,1.03508511798832e-10)
(7.16845485781701e-13,-7.14097125952696e-11,9.74461894273844e-11)
(1.22953763958844e-12,-1.01928605367095e-10,8.80230417340808e-11)
(1.50758743151071e-12,-1.37943141730712e-10,7.558586258529e-11)
(6.64474748225687e-13,-1.80234484835769e-10,6.0728027517917e-11)
(-1.12742383114761e-12,-2.26475020847229e-10,4.48594950559729e-11)
(-6.35357154217704e-13,-2.67089476423471e-10,3.21698766114237e-11)
(-1.42235028908385e-12,-2.97072299191644e-10,2.25291717633251e-11)
(-2.23367813658508e-12,-3.12513811776109e-10,1.17890632775601e-11)
(0,0,0)
(0,0,0)
(0,0,0)
(0,0,0)
(0,0,0)
(0,0,0)
(1.93274305093856e-13,-1.95484058772361e-11,1.46186108954229e-10)
(2.49050542794762e-13,-3.94332980632344e-11,1.42450936587497e-10)
(5.44864037599692e-13,-6.12697194162005e-11,1.35149231474868e-10)
(1.10531456734964e-12,-8.82618885787337e-11,1.23712336285664e-10)
(1.94117032624824e-12,-1.21577719231828e-10,1.08364419737668e-10)
(4.35088536898982e-13,-1.63701477625603e-10,9.02599150913989e-11)
(-3.9697652838016e-12,-2.14912826233827e-10,7.04300864017749e-11)
(-2.49434167618837e-12,-2.5808412872959e-10,5.28832218784571e-11)
(-2.14773443557475e-12,-2.8775454099496e-10,3.68942362094253e-11)
(-2.97621203094938e-12,-3.02958426635136e-10,1.94320768981956e-11)
(0,0,0)
(0,0,0)
(0,0,0)
(0,0,0)
(0,0,0)
(0,0,0)
(-3.11907844098667e-13,-1.5619959205407e-11,1.87028975773979e-10)
(-8.07861428596375e-13,-3.18825424078066e-11,1.82970433591166e-10)
(-6.16825333472446e-13,-4.92879601894455e-11,1.74862816079639e-10)
(6.03715261759672e-13,-7.18086574633398e-11,1.6257612588841e-10)
(2.71830111317558e-12,-1.0153204425929e-10,1.47499518288163e-10)
(2.18127198991996e-12,-1.43436560399122e-10,1.3082063957356e-10)
(-4.23789195379102e-12,-2.01335726994328e-10,1.11318814898959e-10)
(-4.42719672243699e-12,-2.44589484736692e-10,8.53483190715537e-11)
(-3.64792503634412e-12,-2.72440116119326e-10,5.81576105314525e-11)
(-4.21205577453032e-12,-2.86502561767895e-10,2.99092113637754e-11)
(0,0,0)
(0,0,0)
(0,0,0)
(0,0,0)
(0,0,0)
(0,0,0)
(-1.0662913733031e-12,-1.18733248667061e-11,2.26541206390236e-10)
(-2.06646755662325e-12,-2.4582786324862e-11,2.2241078730704e-10)
(-2.01431990293394e-12,-3.76180953317402e-11,2.1384299372589e-10)
(-5.32801839942755e-13,-5.61283346012794e-11,2.01853813644643e-10)
(2.12786193992395e-12,-8.21348644315266e-11,1.87836489465996e-10)
(2.40393480613654e-12,-1.21753463734593e-10,1.71953715016955e-10)
(-5.16393633072874e-12,-1.79603123120708e-10,1.51756139836577e-10)
(-5.98949366935714e-12,-2.2182597291905e-10,1.19239122603989e-10)
(-4.9341857584241e-12,-2.47839641987963e-10,8.15041761052495e-11)
(-4.66056415628796e-12,-2.60805406178652e-10,4.14793237957923e-11)
(0,0,0)
(0,0,0)
(0,0,0)
(0,0,0)
(0,0,0)
(0,0,0)
(-1.62154084361762e-12,-8.80919715681476e-12,2.61158484626175e-10)
(-2.88382746425163e-12,-1.8081460300334e-11,2.5713965407427e-10)
(-3.06712392740434e-12,-2.76432351534463e-11,2.49507676825007e-10)
(-1.99884809510939e-12,-4.26438122625819e-11,2.38666492344343e-10)
(1.64216364305809e-13,-6.41242280425123e-11,2.2528514646803e-10)
(1.27844056014924e-12,-9.91519537481121e-11,2.09599785717851e-10)
(-4.26298476917286e-12,-1.52250042218832e-10,1.88571719484824e-10)
(-5.97654419845613e-12,-1.90080520089689e-10,1.49555092008586e-10)
(-5.42277610116622e-12,-2.12748975436917e-10,1.024367650954e-10)
(-4.44658678899734e-12,-2.23986646539138e-10,5.17356338361757e-11)
(0,0,0)
(0,0,0)
(0,0,0)
(0,0,0)
(0,0,0)
(0,0,0)
(-2.26171590438433e-12,-6.41190744849294e-12,2.92803247491936e-10)
(-4.05358218057279e-12,-1.33333105153424e-11,2.88363696196093e-10)
(-4.62908590688404e-12,-1.9869174600157e-11,2.80313404519803e-10)
(-3.89187671525656e-12,-3.12613144813887e-11,2.69349328476918e-10)
(-3.15238530307297e-12,-4.82746509280138e-11,2.55549744464037e-10)
(-2.86617341377117e-12,-7.68454469550149e-11,2.37813141214208e-10)
(-4.2232937669241e-12,-1.17496399511703e-10,2.117985653731e-10)
(-5.27985992414407e-12,-1.48938737374968e-10,1.7002225932323e-10)
(-5.59173650002764e-12,-1.67470620278837e-10,1.17533270515452e-10)
(-4.76440103083824e-12,-1.76697599491967e-10,5.94688025811657e-11)
(0,0,0)
(0,0,0)
(0,0,0)
(0,0,0)
(0,0,0)
(0,0,0)
(-2.5653681077614e-12,-4.23407205702257e-12,3.17787455341483e-10)
(-4.36504502921543e-12,-9.3366010196686e-12,3.12850285598246e-10)
(-5.41340115572601e-12,-1.35341844641232e-11,3.04106222422292e-10)
(-5.08781468123308e-12,-2.13536071837528e-11,2.9236397945299e-10)
(-4.6923928731882e-12,-3.36904329812574e-11,2.76876396882015e-10)
(-4.6210294822576e-12,-5.36970445276809e-11,2.56090979956657e-10)
(-4.58145500763659e-12,-7.99433872287976e-11,2.25820416426561e-10)
(-4.82588841140807e-12,-1.01729608491313e-10,1.81936432206473e-10)
(-5.54618754894111e-12,-1.14997888844581e-10,1.26832001900657e-10)
(-5.02967272075762e-12,-1.21993197941636e-10,6.45777285223154e-11)
(0,0,0)
(0,0,0)
(0,0,0)
(0,0,0)
(0,0,0)
(0,0,0)
(-2.7235645885279e-12,-1.86227042153897e-12,3.30825369939177e-10)
(-4.58951702327534e-12,-4.95758287292583e-12,3.2623953492911e-10)
(-5.49756487944805e-12,-7.20534265055399e-12,3.16692435032909e-10)
(-5.3656482384453e-12,-1.09538392940072e-11,3.03989527502907e-10)
(-4.67992357874393e-12,-1.75974089291015e-11,2.87670039970455e-10)
(-4.45263069716363e-12,-2.80475104798228e-11,2.65392707462609e-10)
(-4.86825890316101e-12,-4.06408580163685e-11,2.32892566285623e-10)
(-4.88174361838824e-12,-5.14510665968902e-11,1.87383449366093e-10)
(-5.43438924842419e-12,-5.82898030151813e-11,1.31050639150815e-10)
(-4.88130474712745e-12,-6.24451421400819e-11,6.73264468872094e-11)
(0,0,0)
(0,0,0)
(0,0,0)
(0,0,0)
(0,0,0)
(0,0,0)
(0,0,0)
(0,0,0)
(0,0,0)
(0,0,0)
(0,0,0)
(0,0,0)
(0,0,0)
(0,0,0)
(0,0,0)
(0,0,0)
(0,0,0)
(0,0,0)
(0,0,0)
(0,0,0)
(0,0,0)
(0,0,0)
(0,0,0)
(0,0,0)
(0,0,0)
(0,0,0)
(0,0,0)
(0,0,0)
(0,0,0)
(0,0,0)
(0,0,0)
(0,0,0)
(0,0,0)
(0,0,0)
(0,0,0)
(0,0,0)
(0,0,0)
(0,0,0)
(0,0,0)
(0,0,0)
(0,0,0)
(0,0,0)
(0,0,0)
(0,0,0)
(0,0,0)
(0,0,0)
(0,0,0)
(0,0,0)
(0,0,0)
(0,0,0)
(0,0,0)
(0,0,0)
(0,0,0)
(0,0,0)
(0,0,0)
(0,0,0)
(0,0,0)
(0,0,0)
(0,0,0)
(0,0,0)
(0,0,0)
(0,0,0)
(0,0,0)
(0,0,0)
(0,0,0)
(0,0,0)
(0,0,0)
(0,0,0)
(0,0,0)
(0,0,0)
(0,0,0)
(0,0,0)
(0,0,0)
(0,0,0)
(0,0,0)
(0,0,0)
(0,0,0)
(0,0,0)
(0,0,0)
(0,0,0)
(0,0,0)
(0,0,0)
(0,0,0)
(0,0,0)
(0,0,0)
(0,0,0)
(0,0,0)
(0,0,0)
(0,0,0)
(0,0,0)
(0,0,0)
(0,0,0)
(0,0,0)
(0,0,0)
(0,0,0)
(0,0,0)
(0,0,0)
(0,0,0)
(0,0,0)
(0,0,0)
(0,0,0)
(0,0,0)
(0,0,0)
(0,0,0)
(0,0,0)
(0,0,0)
(0,0,0)
(0,0,0)
(0,0,0)
(0,0,0)
(0,0,0)
(0,0,0)
(0,0,0)
(0,0,0)
(0,0,0)
(0,0,0)
(0,0,0)
(0,0,0)
(0,0,0)
(0,0,0)
(0,0,0)
(0,0,0)
(0,0,0)
(0,0,0)
(0,0,0)
(0,0,0)
(0,0,0)
(0,0,0)
(0,0,0)
(0,0,0)
(0,0,0)
(0,0,0)
(0,0,0)
(0,0,0)
(0,0,0)
(0,0,0)
(0,0,0)
(0,0,0)
(0,0,0)
(0,0,0)
(0,0,0)
(0,0,0)
(0,0,0)
(0,0,0)
(0,0,0)
(0,0,0)
(0,0,0)
(0,0,0)
(0,0,0)
(0,0,0)
(0,0,0)
(0,0,0)
(0,0,0)
(0,0,0)
(0,0,0)
(0,0,0)
(0,0,0)
(0,0,0)
(0,0,0)
(0,0,0)
(0,0,0)
(0,0,0)
(0,0,0)
(0,0,0)
(0,0,0)
(0,0,0)
(0,0,0)
(0,0,0)
(0,0,0)
(0,0,0)
(0,0,0)
(0,0,0)
(0,0,0)
(0,0,0)
(0,0,0)
(0,0,0)
(0,0,0)
(0,0,0)
(0,0,0)
(0,0,0)
(0,0,0)
(0,0,0)
(0,0,0)
(0,0,0)
(0,0,0)
(0,0,0)
(0,0,0)
(0,0,0)
(0,0,0)
(0,0,0)
(0,0,0)
(0,0,0)
(0,0,0)
(0,0,0)
(0,0,0)
(0,0,0)
(0,0,0)
(0,0,0)
(0,0,0)
(0,0,0)
(0,0,0)
(0,0,0)
(0,0,0)
(0,0,0)
(0,0,0)
(0,0,0)
(0,0,0)
(0,0,0)
(0,0,0)
(0,0,0)
(0,0,0)
(0,0,0)
(0,0,0)
(0,0,0)
(0,0,0)
(0,0,0)
(0,0,0)
(0,0,0)
(0,0,0)
(0,0,0)
(0,0,0)
(0,0,0)
(0,0,0)
(0,0,0)
(0,0,0)
(0,0,0)
(0,0,0)
(0,0,0)
(0,0,0)
(0,0,0)
(0,0,0)
(0,0,0)
(0,0,0)
(0,0,0)
(0,0,0)
(0,0,0)
(0,0,0)
(0,0,0)
(0,0,0)
(0,0,0)
(0,0,0)
(0,0,0)
(0,0,0)
(0,0,0)
(0,0,0)
(0,0,0)
(0,0,0)
(0,0,0)
(0,0,0)
(0,0,0)
(0,0,0)
(0,0,0)
(0,0,0)
(0,0,0)
(0,0,0)
(0,0,0)
(0,0,0)
(0,0,0)
(0,0,0)
(0,0,0)
(0,0,0)
(0,0,0)
(0,0,0)
(0,0,0)
(0,0,0)
(0,0,0)
(0,0,0)
(0,0,0)
(0,0,0)
(0,0,0)
(0,0,0)
(0,0,0)
(0,0,0)
(0,0,0)
(0,0,0)
(0,0,0)
(0,0,0)
(0,0,0)
(0,0,0)
(0,0,0)
(0,0,0)
(0,0,0)
(0,0,0)
(0,0,0)
(0,0,0)
(0,0,0)
(0,0,0)
(0,0,0)
(0,0,0)
(0,0,0)
(0,0,0)
(0,0,0)
(0,0,0)
(0,0,0)
(0,0,0)
(0,0,0)
(0,0,0)
(0,0,0)
(0,0,0)
(0,0,0)
(0,0,0)
(0,0,0)
(0,0,0)
(0,0,0)
(0,0,0)
(0,0,0)
(0,0,0)
(0,0,0)
(0,0,0)
(0,0,0)
(0,0,0)
(0,0,0)
(0,0,0)
(0,0,0)
(0,0,0)
(0,0,0)
(0,0,0)
(0,0,0)
(0,0,0)
(0,0,0)
(0,0,0)
(0,0,0)
(0,0,0)
(0,0,0)
(0,0,0)
(0,0,0)
(0,0,0)
(0,0,0)
(0,0,0)
(0,0,0)
(0,0,0)
(0,0,0)
(0,0,0)
(0,0,0)
(0,0,0)
(0,0,0)
(0,0,0)
(0,0,0)
(0,0,0)
(0,0,0)
(0,0,0)
(0,0,0)
(0,0,0)
(0,0,0)
(0,0,0)
(0,0,0)
(0,0,0)
(0,0,0)
(0,0,0)
(0,0,0)
(0,0,0)
(0,0,0)
(0,0,0)
(0,0,0)
(0,0,0)
(0,0,0)
(0,0,0)
(0,0,0)
(0,0,0)
(0,0,0)
(0,0,0)
(0,0,0)
(0,0,0)
(0,0,0)
(0,0,0)
(0,0,0)
(0,0,0)
(0,0,0)
(0,0,0)
(0,0,0)
(0,0,0)
(0,0,0)
(0,0,0)
(0,0,0)
(0,0,0)
(0,0,0)
(0,0,0)
(0,0,0)
(0,0,0)
(0,0,0)
(0,0,0)
(0,0,0)
(0,0,0)
(0,0,0)
(0,0,0)
(0,0,0)
(0,0,0)
(0,0,0)
(0,0,0)
(0,0,0)
(0,0,0)
(0,0,0)
(0,0,0)
(0,0,0)
(0,0,0)
(0,0,0)
(0,0,0)
(0,0,0)
(0,0,0)
(0,0,0)
(0,0,0)
(0,0,0)
(0,0,0)
(0,0,0)
(0,0,0)
(0,0,0)
(0,0,0)
(0,0,0)
(0,0,0)
(0,0,0)
(0,0,0)
(0,0,0)
(0,0,0)
(0,0,0)
(0,0,0)
(0,0,0)
(0,0,0)
(0,0,0)
(0,0,0)
(0,0,0)
(0,0,0)
(0,0,0)
(0,0,0)
(0,0,0)
(0,0,0)
(0,0,0)
(0,0,0)
(0,0,0)
(0,0,0)
(0,0,0)
(0,0,0)
(0,0,0)
(0,0,0)
(0,0,0)
(0,0,0)
(0,0,0)
(0,0,0)
(0,0,0)
(0,0,0)
(0,0,0)
(0,0,0)
(0,0,0)
(0,0,0)
(0,0,0)
(0,0,0)
(0,0,0)
(0,0,0)
(0,0,0)
(0,0,0)
(0,0,0)
(0,0,0)
(0,0,0)
(0,0,0)
(0,0,0)
(0,0,0)
(0,0,0)
(0,0,0)
(0,0,0)
(0,0,0)
(0,0,0)
(0,0,0)
(0,0,0)
(0,0,0)
(0,0,0)
(0,0,0)
(0,0,0)
(0,0,0)
(0,0,0)
(0,0,0)
(0,0,0)
(0,0,0)
(0,0,0)
(0,0,0)
(0,0,0)
(0,0,0)
(0,0,0)
(0,0,0)
(0,0,0)
(0,0,0)
(0,0,0)
(0,0,0)
(0,0,0)
(0,0,0)
(0,0,0)
(0,0,0)
(0,0,0)
(0,0,0)
(0,0,0)
(0,0,0)
(0,0,0)
(0,0,0)
(0,0,0)
(0,0,0)
(0,0,0)
(0,0,0)
(0,0,0)
(0,0,0)
(0,0,0)
(0,0,0)
(0,0,0)
(0,0,0)
(0,0,0)
(0,0,0)
(0,0,0)
(0,0,0)
(0,0,0)
(0,0,0)
(0,0,0)
(0,0,0)
(0,0,0)
(0,0,0)
(0,0,0)
(0,0,0)
(0,0,0)
(0,0,0)
(0,0,0)
(0,0,0)
(0,0,0)
(0,0,0)
(0,0,0)
(0,0,0)
(0,0,0)
(0,0,0)
(0,0,0)
(0,0,0)
(0,0,0)
(0,0,0)
(0,0,0)
(0,0,0)
(0,0,0)
(0,0,0)
(0,0,0)
(0,0,0)
(0,0,0)
(0,0,0)
(0,0,0)
(0,0,0)
(0,0,0)
(0,0,0)
(0,0,0)
(0,0,0)
(0,0,0)
(0,0,0)
(0,0,0)
(0,0,0)
(0,0,0)
(0,0,0)
(0,0,0)
(0,0,0)
(0,0,0)
(0,0,0)
(0,0,0)
(0,0,0)
(0,0,0)
(0,0,0)
(0,0,0)
(0,0,0)
(0,0,0)
(0,0,0)
(0,0,0)
(0,0,0)
(0,0,0)
(0,0,0)
(0,0,0)
(0,0,0)
(0,0,0)
(0,0,0)
(0,0,0)
(0,0,0)
(0,0,0)
(0,0,0)
(0,0,0)
(0,0,0)
(0,0,0)
(0,0,0)
(0,0,0)
(0,0,0)
(0,0,0)
(0,0,0)
(0,0,0)
(0,0,0)
(0,0,0)
(0,0,0)
(0,0,0)
(0,0,0)
(0,0,0)
(0,0,0)
(0,0,0)
(0,0,0)
(0,0,0)
(0,0,0)
(0,0,0)
(0,0,0)
(0,0,0)
(0,0,0)
(0,0,0)
(0,0,0)
(0,0,0)
(0,0,0)
(0,0,0)
(0,0,0)
(0,0,0)
(0,0,0)
(0,0,0)
(0,0,0)
(0,0,0)
(0,0,0)
(0,0,0)
(0,0,0)
(0,0,0)
(0,0,0)
(0,0,0)
(0,0,0)
(0,0,0)
(0,0,0)
(0,0,0)
(0,0,0)
(0,0,0)
(0,0,0)
(0,0,0)
(0,0,0)
(0,0,0)
(0,0,0)
(0,0,0)
(0,0,0)
(0,0,0)
(0,0,0)
(0,0,0)
(0,0,0)
(0,0,0)
(0,0,0)
(0,0,0)
(0,0,0)
(0,0,0)
(0,0,0)
(0,0,0)
(0,0,0)
(0,0,0)
(0,0,0)
(0,0,0)
(0,0,0)
(0,0,0)
(0,0,0)
(0,0,0)
(0,0,0)
(0,0,0)
(0,0,0)
(0,0,0)
(0,0,0)
(0,0,0)
(0,0,0)
(0,0,0)
(0,0,0)
(0,0,0)
(0,0,0)
(0,0,0)
(0,0,0)
(0,0,0)
(0,0,0)
(0,0,0)
(0,0,0)
(0,0,0)
(0,0,0)
(0,0,0)
(0,0,0)
(0,0,0)
(0,0,0)
(0,0,0)
(0,0,0)
(0,0,0)
(0,0,0)
(0,0,0)
(0,0,0)
(0,0,0)
(0,0,0)
(0,0,0)
(0,0,0)
(0,0,0)
(0,0,0)
(0,0,0)
(0,0,0)
(0,0,0)
(0,0,0)
(0,0,0)
(0,0,0)
(0,0,0)
(0,0,0)
(0,0,0)
(0,0,0)
(0,0,0)
(0,0,0)
(0,0,0)
(0,0,0)
(0,0,0)
(0,0,0)
(0,0,0)
(0,0,0)
(0,0,0)
(0,0,0)
(0,0,0)
(0,0,0)
(0,0,0)
(0,0,0)
(0,0,0)
(0,0,0)
(0,0,0)
(0,0,0)
(0,0,0)
(0,0,0)
(0,0,0)
(0,0,0)
(0,0,0)
(0,0,0)
(0,0,0)
(0,0,0)
(0,0,0)
(0,0,0)
(0,0,0)
(0,0,0)
(0,0,0)
(0,0,0)
(0,0,0)
(0,0,0)
(0,0,0)
(0,0,0)
(0,0,0)
(0,0,0)
(0,0,0)
(0,0,0)
(0,0,0)
(0,0,0)
(0,0,0)
(0,0,0)
(0,0,0)
(0,0,0)
(0,0,0)
(0,0,0)
(0,0,0)
(0,0,0)
(0,0,0)
(0,0,0)
(0,0,0)
(0,0,0)
(0,0,0)
(0,0,0)
(0,0,0)
(0,0,0)
(0,0,0)
(0,0,0)
(0,0,0)
(0,0,0)
(0,0,0)
(0,0,0)
(0,0,0)
(0,0,0)
(0,0,0)
(0,0,0)
(0,0,0)
(0,0,0)
(0,0,0)
(0,0,0)
(0,0,0)
(0,0,0)
(0,0,0)
(0,0,0)
(0,0,0)
(0,0,0)
(0,0,0)
(0,0,0)
(0,0,0)
(0,0,0)
(0,0,0)
(0,0,0)
(0,0,0)
(0,0,0)
(0,0,0)
(0,0,0)
(0,0,0)
(0,0,0)
(0,0,0)
(0,0,0)
(0,0,0)
(0,0,0)
(0,0,0)
(0,0,0)
(0,0,0)
(0,0,0)
(0,0,0)
(0,0,0)
(0,0,0)
(0,0,0)
(0,0,0)
(0,0,0)
(0,0,0)
(0,0,0)
(0,0,0)
(0,0,0)
(0,0,0)
(0,0,0)
(0,0,0)
(0,0,0)
(0,0,0)
(0,0,0)
(0,0,0)
(0,0,0)
(0,0,0)
(0,0,0)
(0,0,0)
(0,0,0)
(0,0,0)
(0,0,0)
(0,0,0)
(0,0,0)
(0,0,0)
(0,0,0)
(0,0,0)
(0,0,0)
(0,0,0)
(0,0,0)
)
;

boundaryField
{
    fuel
    {
        type            fixedValue;
        value           uniform (0.1 0 0);
    }
    air
    {
        type            fixedValue;
        value           uniform (-0.1 0 0);
    }
    outlet
    {
        type            zeroGradient;
    }
    frontAndBack
    {
        type            empty;
    }
}


// ************************************************************************* //
 