/*--------------------------------*- C++ -*----------------------------------*\
| =========                 |                                                 |
| \\      /  F ield         | foam-extend: Open Source Cstd::filesystem::create_directory();FD                    |
|  \\    /   O peration     | Version:     4.0                                |
|   \\  /    A nd           | Web:         http://www.foam-extend.org         |
|    \\/     M anipulation  |                                                 |
\*---------------------------------------------------------------------------*/
FoamFile
{
    version 2.0;
    format ascii;
    class volVectorField;
    location "Data/883";
    object      H;
}
// * * * * * * * * * * * * * * * * * * * * * * * * * * * * * * * * * * * * * //

dimensions      [0 1 -1 0 0 0 0];

internalField   nonuniform List<vector>
4096
(
(0,0,0)
(0,0,0)
(0,0,0)
(0,0,0)
(0,0,0)
(0,0,0)
(0,0,0)
(0,0,0)
(0,0,0)
(0,0,0)
(0,0,0)
(0,0,0)
(0,0,0)
(0,0,0)
(0,0,0)
(0,0,0)
(0,0,0)
(0,0,0)
(0,0,0)
(0,0,0)
(0,0,0)
(0,0,0)
(0,0,0)
(0,0,0)
(0,0,0)
(0,0,0)
(0,0,0)
(0,0,0)
(0,0,0)
(0,0,0)
(0,0,0)
(0,0,0)
(0,0,0)
(0,0,0)
(0,0,0)
(0,0,0)
(0,0,0)
(0,0,0)
(0,0,0)
(0,0,0)
(0,0,0)
(0,0,0)
(0,0,0)
(0,0,0)
(0,0,0)
(0,0,0)
(0,0,0)
(0,0,0)
(0,0,0)
(0,0,0)
(0,0,0)
(0,0,0)
(0,0,0)
(0,0,0)
(0,0,0)
(0,0,0)
(0,0,0)
(0,0,0)
(0,0,0)
(0,0,0)
(0,0,0)
(0,0,0)
(0,0,0)
(0,0,0)
(0,0,0)
(0,0,0)
(0,0,0)
(0,0,0)
(0,0,0)
(0,0,0)
(0,0,0)
(0,0,0)
(0,0,0)
(0,0,0)
(0,0,0)
(0,0,0)
(0,0,0)
(0,0,0)
(0,0,0)
(0,0,0)
(0,0,0)
(0,0,0)
(0,0,0)
(0,0,0)
(0,0,0)
(0,0,0)
(0,0,0)
(0,0,0)
(0,0,0)
(0,0,0)
(0,0,0)
(0,0,0)
(0,0,0)
(0,0,0)
(0,0,0)
(0,0,0)
(0,0,0)
(0,0,0)
(0,0,0)
(0,0,0)
(0,0,0)
(0,0,0)
(0,0,0)
(0,0,0)
(0,0,0)
(0,0,0)
(0,0,0)
(0,0,0)
(0,0,0)
(0,0,0)
(0,0,0)
(0,0,0)
(0,0,0)
(0,0,0)
(0,0,0)
(0,0,0)
(0,0,0)
(0,0,0)
(0,0,0)
(0,0,0)
(0,0,0)
(0,0,0)
(0,0,0)
(0,0,0)
(0,0,0)
(0,0,0)
(0,0,0)
(0,0,0)
(0,0,0)
(0,0,0)
(0,0,0)
(0,0,0)
(0,0,0)
(0,0,0)
(0,0,0)
(0,0,0)
(0,0,0)
(0,0,0)
(0,0,0)
(0,0,0)
(0,0,0)
(0,0,0)
(0,0,0)
(0,0,0)
(0,0,0)
(0,0,0)
(0,0,0)
(0,0,0)
(0,0,0)
(0,0,0)
(0,0,0)
(0,0,0)
(0,0,0)
(0,0,0)
(0,0,0)
(0,0,0)
(0,0,0)
(0,0,0)
(0,0,0)
(0,0,0)
(0,0,0)
(0,0,0)
(0,0,0)
(0,0,0)
(0,0,0)
(0,0,0)
(0,0,0)
(0,0,0)
(0,0,0)
(0,0,0)
(0,0,0)
(0,0,0)
(0,0,0)
(0,0,0)
(0,0,0)
(0,0,0)
(0,0,0)
(0,0,0)
(0,0,0)
(0,0,0)
(0,0,0)
(0,0,0)
(0,0,0)
(0,0,0)
(0,0,0)
(0,0,0)
(0,0,0)
(0,0,0)
(0,0,0)
(0,0,0)
(0,0,0)
(0,0,0)
(0,0,0)
(0,0,0)
(0,0,0)
(0,0,0)
(0,0,0)
(0,0,0)
(0,0,0)
(0,0,0)
(0,0,0)
(0,0,0)
(0,0,0)
(0,0,0)
(0,0,0)
(0,0,0)
(0,0,0)
(0,0,0)
(0,0,0)
(0,0,0)
(0,0,0)
(0,0,0)
(0,0,0)
(0,0,0)
(0,0,0)
(0,0,0)
(0,0,0)
(0,0,0)
(0,0,0)
(0,0,0)
(0,0,0)
(0,0,0)
(0,0,0)
(0,0,0)
(0,0,0)
(0,0,0)
(0,0,0)
(0,0,0)
(0,0,0)
(0,0,0)
(0,0,0)
(0,0,0)
(0,0,0)
(0,0,0)
(0,0,0)
(0,0,0)
(0,0,0)
(0,0,0)
(0,0,0)
(0,0,0)
(0,0,0)
(0,0,0)
(0,0,0)
(0,0,0)
(0,0,0)
(0,0,0)
(0,0,0)
(0,0,0)
(0,0,0)
(0,0,0)
(0,0,0)
(0,0,0)
(0,0,0)
(0,0,0)
(0,0,0)
(0,0,0)
(0,0,0)
(0,0,0)
(0,0,0)
(0,0,0)
(0,0,0)
(0,0,0)
(0,0,0)
(0,0,0)
(0,0,0)
(0,0,0)
(0,0,0)
(0,0,0)
(0,0,0)
(0,0,0)
(0,0,0)
(0,0,0)
(0,0,0)
(0,0,0)
(0,0,0)
(0,0,0)
(0,0,0)
(0,0,0)
(0,0,0)
(0,0,0)
(0,0,0)
(0,0,0)
(0,0,0)
(0,0,0)
(0,0,0)
(0,0,0)
(0,0,0)
(0,0,0)
(0,0,0)
(0,0,0)
(0,0,0)
(0,0,0)
(0,0,0)
(0,0,0)
(0,0,0)
(0,0,0)
(0,0,0)
(0,0,0)
(0,0,0)
(0,0,0)
(0,0,0)
(0,0,0)
(0,0,0)
(0,0,0)
(0,0,0)
(0,0,0)
(0,0,0)
(0,0,0)
(0,0,0)
(0,0,0)
(0,0,0)
(0,0,0)
(0,0,0)
(0,0,0)
(0,0,0)
(0,0,0)
(0,0,0)
(0,0,0)
(0,0,0)
(0,0,0)
(0,0,0)
(0,0,0)
(0,0,0)
(0,0,0)
(0,0,0)
(0,0,0)
(0,0,0)
(0,0,0)
(0,0,0)
(0,0,0)
(0,0,0)
(0,0,0)
(0,0,0)
(0,0,0)
(0,0,0)
(0,0,0)
(0,0,0)
(0,0,0)
(0,0,0)
(0,0,0)
(0,0,0)
(0,0,0)
(0,0,0)
(0,0,0)
(0,0,0)
(0,0,0)
(0,0,0)
(0,0,0)
(0,0,0)
(0,0,0)
(0,0,0)
(0,0,0)
(0,0,0)
(0,0,0)
(0,0,0)
(0,0,0)
(0,0,0)
(0,0,0)
(0,0,0)
(0,0,0)
(0,0,0)
(0,0,0)
(0,0,0)
(0,0,0)
(0,0,0)
(0,0,0)
(0,0,0)
(0,0,0)
(0,0,0)
(0,0,0)
(0,0,0)
(0,0,0)
(0,0,0)
(0,0,0)
(0,0,0)
(0,0,0)
(0,0,0)
(0,0,0)
(0,0,0)
(0,0,0)
(0,0,0)
(0,0,0)
(0,0,0)
(0,0,0)
(0,0,0)
(0,0,0)
(0,0,0)
(0,0,0)
(0,0,0)
(0,0,0)
(0,0,0)
(0,0,0)
(0,0,0)
(0,0,0)
(0,0,0)
(0,0,0)
(0,0,0)
(0,0,0)
(0,0,0)
(0,0,0)
(0,0,0)
(0,0,0)
(0,0,0)
(0,0,0)
(0,0,0)
(0,0,0)
(0,0,0)
(0,0,0)
(0,0,0)
(0,0,0)
(0,0,0)
(0,0,0)
(0,0,0)
(0,0,0)
(0,0,0)
(0,0,0)
(0,0,0)
(0,0,0)
(0,0,0)
(0,0,0)
(0,0,0)
(0,0,0)
(0,0,0)
(0,0,0)
(0,0,0)
(0,0,0)
(0,0,0)
(0,0,0)
(0,0,0)
(0,0,0)
(0,0,0)
(0,0,0)
(0,0,0)
(0,0,0)
(0,0,0)
(0,0,0)
(0,0,0)
(0,0,0)
(0,0,0)
(0,0,0)
(0,0,0)
(0,0,0)
(0,0,0)
(0,0,0)
(0,0,0)
(0,0,0)
(0,0,0)
(0,0,0)
(0,0,0)
(0,0,0)
(0,0,0)
(0,0,0)
(0,0,0)
(0,0,0)
(0,0,0)
(0,0,0)
(0,0,0)
(0,0,0)
(0,0,0)
(0,0,0)
(0,0,0)
(0,0,0)
(0,0,0)
(0,0,0)
(0,0,0)
(0,0,0)
(0,0,0)
(0,0,0)
(0,0,0)
(0,0,0)
(0,0,0)
(0,0,0)
(0,0,0)
(0,0,0)
(0,0,0)
(0,0,0)
(0,0,0)
(0,0,0)
(0,0,0)
(0,0,0)
(0,0,0)
(0,0,0)
(0,0,0)
(0,0,0)
(0,0,0)
(0,0,0)
(0,0,0)
(0,0,0)
(0,0,0)
(0,0,0)
(0,0,0)
(0,0,0)
(0,0,0)
(0,0,0)
(0,0,0)
(0,0,0)
(0,0,0)
(0,0,0)
(0,0,0)
(0,0,0)
(0,0,0)
(0,0,0)
(0,0,0)
(0,0,0)
(0,0,0)
(0,0,0)
(0,0,0)
(0,0,0)
(0,0,0)
(0,0,0)
(0,0,0)
(0,0,0)
(0,0,0)
(0,0,0)
(0,0,0)
(0,0,0)
(0,0,0)
(0,0,0)
(0,0,0)
(0,0,0)
(0,0,0)
(0,0,0)
(0,0,0)
(0,0,0)
(0,0,0)
(0,0,0)
(0,0,0)
(0,0,0)
(0,0,0)
(0,0,0)
(0,0,0)
(0,0,0)
(0,0,0)
(0,0,0)
(0,0,0)
(0,0,0)
(0,0,0)
(0,0,0)
(0,0,0)
(0,0,0)
(0,0,0)
(0,0,0)
(0,0,0)
(0,0,0)
(0,0,0)
(0,0,0)
(0,0,0)
(0,0,0)
(0,0,0)
(0,0,0)
(0,0,0)
(0,0,0)
(0,0,0)
(0,0,0)
(0,0,0)
(0,0,0)
(0,0,0)
(0,0,0)
(0,0,0)
(0,0,0)
(0,0,0)
(0,0,0)
(0,0,0)
(0,0,0)
(0,0,0)
(0,0,0)
(0,0,0)
(0,0,0)
(0,0,0)
(0,0,0)
(0,0,0)
(0,0,0)
(0,0,0)
(0,0,0)
(0,0,0)
(0,0,0)
(0,0,0)
(0,0,0)
(0,0,0)
(0,0,0)
(0,0,0)
(0,0,0)
(0,0,0)
(0,0,0)
(0,0,0)
(0,0,0)
(0,0,0)
(0,0,0)
(0,0,0)
(0,0,0)
(0,0,0)
(0,0,0)
(0,0,0)
(0,0,0)
(0,0,0)
(0,0,0)
(0,0,0)
(0,0,0)
(0,0,0)
(0,0,0)
(0,0,0)
(0,0,0)
(0,0,0)
(0,0,0)
(0,0,0)
(0,0,0)
(0,0,0)
(0,0,0)
(0,0,0)
(0,0,0)
(0,0,0)
(0,0,0)
(0,0,0)
(0,0,0)
(0,0,0)
(0,0,0)
(0,0,0)
(0,0,0)
(0,0,0)
(0,0,0)
(0,0,0)
(0,0,0)
(0,0,0)
(0,0,0)
(0,0,0)
(0,0,0)
(0,0,0)
(0,0,0)
(0,0,0)
(0,0,0)
(0,0,0)
(0,0,0)
(0,0,0)
(0,0,0)
(0,0,0)
(0,0,0)
(0,0,0)
(0,0,0)
(0,0,0)
(0,0,0)
(0,0,0)
(0,0,0)
(0,0,0)
(0,0,0)
(0,0,0)
(0,0,0)
(0,0,0)
(0,0,0)
(0,0,0)
(0,0,0)
(0,0,0)
(0,0,0)
(0,0,0)
(0,0,0)
(0,0,0)
(0,0,0)
(0,0,0)
(0,0,0)
(0,0,0)
(0,0,0)
(0,0,0)
(0,0,0)
(0,0,0)
(0,0,0)
(0,0,0)
(0,0,0)
(0,0,0)
(0,0,0)
(0,0,0)
(0,0,0)
(0,0,0)
(0,0,0)
(0,0,0)
(0,0,0)
(0,0,0)
(0,0,0)
(0,0,0)
(0,0,0)
(0,0,0)
(0,0,0)
(0,0,0)
(0,0,0)
(0,0,0)
(0,0,0)
(0,0,0)
(0,0,0)
(0,0,0)
(0,0,0)
(0,0,0)
(0,0,0)
(0,0,0)
(0,0,0)
(0,0,0)
(0,0,0)
(0,0,0)
(0,0,0)
(0,0,0)
(0,0,0)
(0,0,0)
(0,0,0)
(0,0,0)
(0,0,0)
(0,0,0)
(0,0,0)
(0,0,0)
(0,0,0)
(0,0,0)
(0,0,0)
(0,0,0)
(0,0,0)
(0,0,0)
(0,0,0)
(0,0,0)
(0,0,0)
(0,0,0)
(0,0,0)
(0,0,0)
(0,0,0)
(0,0,0)
(0,0,0)
(0,0,0)
(0,0,0)
(0,0,0)
(0,0,0)
(0,0,0)
(0,0,0)
(0,0,0)
(0,0,0)
(0,0,0)
(0,0,0)
(0,0,0)
(0,0,0)
(0,0,0)
(0,0,0)
(0,0,0)
(0,0,0)
(0,0,0)
(0,0,0)
(0,0,0)
(0,0,0)
(0,0,0)
(0,0,0)
(0,0,0)
(0,0,0)
(0,0,0)
(0,0,0)
(0,0,0)
(0,0,0)
(0,0,0)
(0,0,0)
(0,0,0)
(0,0,0)
(0,0,0)
(0,0,0)
(0,0,0)
(0,0,0)
(0,0,0)
(0,0,0)
(0,0,0)
(0,0,0)
(0,0,0)
(0,0,0)
(0,0,0)
(0,0,0)
(0,0,0)
(0,0,0)
(0,0,0)
(0,0,0)
(0,0,0)
(0,0,0)
(0,0,0)
(0,0,0)
(0,0,0)
(0,0,0)
(0,0,0)
(0,0,0)
(0,0,0)
(0,0,0)
(0,0,0)
(0,0,0)
(0,0,0)
(0,0,0)
(0,0,0)
(0,0,0)
(0,0,0)
(0,0,0)
(0,0,0)
(0,0,0)
(0,0,0)
(0,0,0)
(0,0,0)
(0,0,0)
(0,0,0)
(0,0,0)
(0,0,0)
(0,0,0)
(0,0,0)
(0,0,0)
(0,0,0)
(0,0,0)
(0,0,0)
(0,0,0)
(0,0,0)
(0,0,0)
(0,0,0)
(0,0,0)
(0,0,0)
(0,0,0)
(0,0,0)
(0,0,0)
(0,0,0)
(0,0,0)
(0,0,0)
(0,0,0)
(0,0,0)
(0,0,0)
(0,0,0)
(0,0,0)
(0,0,0)
(9.66238569644878e-14,-9.46887982678028e-12,1.00471170205731e-11)
(-1.70057255356797e-13,-2.12397889092011e-11,9.76242117391539e-12)
(-8.81014186404754e-13,-3.76318208717724e-11,8.75992492121467e-12)
(6.04163127207039e-14,-6.04356150738397e-11,7.32684116603477e-12)
(8.86462554824235e-13,-9.48559978084329e-11,6.07643167484392e-12)
(7.14162824132909e-13,-1.48291752677035e-10,4.33544559547336e-12)
(1.25580234860596e-12,-2.35156869235012e-10,2.04200481010264e-12)
(1.67521879584673e-12,-3.80258086521403e-10,2.64136269765616e-13)
(2.95914898636849e-12,-6.25910595403727e-10,9.99029608950112e-14)
(2.98331627189742e-12,-9.71081162685156e-10,2.28144705099201e-13)
(0,0,0)
(0,0,0)
(0,0,0)
(0,0,0)
(0,0,0)
(0,0,0)
(-4.76130383279454e-13,-8.78091252900454e-12,2.27521743106654e-11)
(-7.65719774433119e-13,-1.9440924750007e-11,2.21673331142107e-11)
(-1.76552769964098e-12,-3.5387455842329e-11,2.06711223882402e-11)
(-4.50123993107133e-13,-5.81912313032861e-11,1.81362132933634e-11)
(8.2700341532399e-13,-9.21964409848312e-11,1.4865292210947e-11)
(9.37869146800593e-13,-1.46022097063297e-10,1.08806420093409e-11)
(2.11980039542138e-12,-2.33835653466792e-10,6.5787611605936e-12)
(4.43582120460957e-12,-3.80759011763639e-10,3.44106731821627e-12)
(7.23710745589148e-12,-6.26738929670425e-10,2.16773468123535e-12)
(7.60821786200627e-12,-9.71730282216279e-10,1.33567544097772e-12)
(0,0,0)
(0,0,0)
(0,0,0)
(0,0,0)
(0,0,0)
(0,0,0)
(-8.30611126484057e-13,-7.7731653342235e-12,4.04861959118897e-11)
(-2.31808680770997e-12,-1.70601328504425e-11,3.95292342579877e-11)
(-4.13577012779222e-12,-3.17051894001424e-11,3.73539954934244e-11)
(-3.05271909248266e-12,-5.35840345098849e-11,3.36527013060832e-11)
(-1.87496903813312e-12,-8.70931302375498e-11,2.84968701173862e-11)
(-8.15379013558968e-13,-1.41705501478023e-10,2.21286854610588e-11)
(1.61229376454757e-12,-2.31076978887802e-10,1.53986133675861e-11)
(6.50623902257696e-12,-3.80073891183456e-10,1.04835258739645e-11)
(1.1404545322351e-11,-6.27028315523701e-10,7.07375050283691e-12)
(1.35112560393424e-11,-9.72074791946844e-10,3.76425401528077e-12)
(0,0,0)
(0,0,0)
(0,0,0)
(0,0,0)
(0,0,0)
(0,0,0)
(-1.40984283952255e-12,-6.50362607685738e-12,6.46044531529723e-11)
(-4.06706116128904e-12,-1.4538081806412e-11,6.34307517248057e-11)
(-6.12103518091478e-12,-2.74070858277993e-11,6.10327507185837e-11)
(-5.63041127437573e-12,-4.75511881848051e-11,5.66616277187338e-11)
(-4.897175199278e-12,-7.97404983126836e-11,5.03402817485357e-11)
(-1.93966259725155e-12,-1.34366823162702e-10,4.24821960289542e-11)
(3.29323444913173e-12,-2.26023164175992e-10,3.37979059274712e-11)
(9.8065899028683e-12,-3.77805027689552e-10,2.57725534583998e-11)
(1.60541987295886e-11,-6.25846898128504e-10,1.78490316066837e-11)
(1.89558501277869e-11,-9.70870799288753e-10,9.18566210086544e-12)
(0,0,0)
(0,0,0)
(0,0,0)
(0,0,0)
(0,0,0)
(0,0,0)
(-2.83907970021206e-12,-5.11205906231074e-12,1.00104240828463e-10)
(-5.80094198846096e-12,-1.18843513995634e-11,9.86749980100973e-11)
(-7.95315865581858e-12,-2.24789641048702e-11,9.6046720335005e-11)
(-7.91267910490729e-12,-4.00883793293347e-11,9.15200415684847e-11)
(-7.51558840692002e-12,-6.98304206674161e-11,8.54198859182608e-11)
(-3.76375276083742e-12,-1.23195314516103e-10,7.81810667545049e-11)
(4.57123024261754e-12,-2.16922767749704e-10,6.92134884429224e-11)
(1.15495722173506e-11,-3.71887336791956e-10,5.59401042863803e-11)
(1.78546661570148e-11,-6.20096091721349e-10,3.95400510973456e-11)
(2.07790927890235e-11,-9.6477650345716e-10,2.04146523767813e-11)
(0,0,0)
(0,0,0)
(0,0,0)
(0,0,0)
(0,0,0)
(0,0,0)
(-2.62908664268718e-12,-3.92535433655773e-12,1.53145686470324e-10)
(-5.60170739355918e-12,-9.20163451804886e-12,1.51468787499965e-10)
(-8.22880277079403e-12,-1.73125976502473e-11,1.4908289490769e-10)
(-8.81809117296731e-12,-3.2167350022065e-11,1.45778437372432e-10)
(-7.92280708922972e-12,-5.91774335433719e-11,1.40716845973729e-10)
(-3.71960219159384e-12,-1.10618312796807e-10,1.33201292225288e-10)
(4.52476320012307e-12,-2.05201505796935e-10,1.21334100224791e-10)
(1.10342850325958e-11,-3.59231562209879e-10,1.02087321913683e-10)
(1.6702133586471e-11,-6.04469022060042e-10,7.41177810215968e-11)
(1.94875957213687e-11,-9.47359500099706e-10,3.91667605144754e-11)
(0,0,0)
(0,0,0)
(0,0,0)
(0,0,0)
(0,0,0)
(0,0,0)
(-2.10593430096131e-12,-2.47548035796283e-12,2.37965572528287e-10)
(-4.40136759641809e-12,-6.27753840437619e-12,2.36716500685772e-10)
(-6.52101127790662e-12,-1.27408749949274e-11,2.34966173372983e-10)
(-7.66734596505215e-12,-2.50530970658145e-11,2.32723429360622e-10)
(-6.5115096241698e-12,-4.86659284326147e-11,2.28522509947555e-10)
(-2.18796559855003e-12,-9.62853795724996e-11,2.20151460871454e-10)
(3.55564492300686e-12,-1.87641966167686e-10,2.03317650723393e-10)
(9.50339181415709e-12,-3.34936372303326e-10,1.75710800723322e-10)
(1.4482774633352e-11,-5.72991050442553e-10,1.31191319447945e-10)
(1.76576588967987e-11,-9.11131716502491e-10,7.12019496896302e-11)
(0,0,0)
(0,0,0)
(0,0,0)
(0,0,0)
(0,0,0)
(0,0,0)
(-2.45772205610602e-12,-1.05413176236092e-12,3.82276505741373e-10)
(-4.35595644841253e-12,-3.55967312205745e-12,3.81490785676693e-10)
(-6.22121945994399e-12,-8.87934717714023e-12,3.80505413705804e-10)
(-8.34757594556924e-12,-1.92925055679641e-11,3.78763036267624e-10)
(-7.78204086328775e-12,-3.98609687698793e-11,3.74322726257287e-10)
(-3.50026401833507e-12,-8.21063524065941e-11,3.64153807677841e-10)
(1.43804414024043e-12,-1.61853447669966e-10,3.42581636659065e-10)
(7.43452636723472e-12,-2.93166654012668e-10,3.01563817129577e-10)
(1.26092748402827e-11,-5.16160335343856e-10,2.335286682932e-10)
(1.60838851110606e-11,-8.42729703195117e-10,1.3216110511948e-10)
(0,0,0)
(0,0,0)
(0,0,0)
(0,0,0)
(0,0,0)
(0,0,0)
(-3.30853355829141e-12,-9.38889813223401e-14,6.25846097635854e-10)
(-5.98954005110136e-12,-1.52605042366069e-12,6.25725027659001e-10)
(-8.28736360122112e-12,-5.54220034238167e-12,6.25210901435017e-10)
(-1.07433834193751e-11,-1.35269611699122e-11,6.23084674653712e-10)
(-1.00342027627959e-11,-2.90809794356255e-11,6.173214738433e-10)
(-5.79226072998438e-12,-6.14868621902064e-11,6.04311291797337e-10)
(-1.22155224136598e-12,-1.21993344408437e-10,5.76266194970702e-10)
(4.34443884763103e-12,-2.27026466055657e-10,5.20852252541944e-10)
(1.00062704371357e-11,-4.17236155640328e-10,4.21640314956605e-10)
(1.38359955660244e-11,-7.12629402349445e-10,2.53528348431011e-10)
(0,0,0)
(0,0,0)
(0,0,0)
(0,0,0)
(0,0,0)
(0,0,0)
(-4.16754334402266e-12,1.45330689354926e-13,9.69640189078679e-10)
(-7.70275468540396e-12,-4.29184512030845e-13,9.70176518280725e-10)
(-9.78334911320783e-12,-2.75152412705293e-12,9.70115313289066e-10)
(-1.13891831504478e-11,-7.3020361367076e-12,9.67521389348955e-10)
(-1.04102838413815e-11,-1.57152182230401e-11,9.60792136883385e-10)
(-6.84854477311833e-12,-3.36284550508597e-11,9.46000813703392e-10)
(-2.21170624605718e-12,-6.72757946086986e-11,9.12696784899346e-10)
(3.33720856887213e-12,-1.29363429407464e-10,8.44917212601046e-10)
(8.73263865924548e-12,-2.50872895195201e-10,7.14077876308556e-10)
(1.23562059729406e-11,-4.60528746646352e-10,4.61793570482737e-10)
(0,0,0)
(0,0,0)
(0,0,0)
(0,0,0)
(0,0,0)
(0,0,0)
(0,0,0)
(0,0,0)
(0,0,0)
(0,0,0)
(0,0,0)
(0,0,0)
(0,0,0)
(0,0,0)
(0,0,0)
(0,0,0)
(0,0,0)
(0,0,0)
(0,0,0)
(0,0,0)
(0,0,0)
(0,0,0)
(0,0,0)
(0,0,0)
(0,0,0)
(0,0,0)
(0,0,0)
(0,0,0)
(0,0,0)
(0,0,0)
(0,0,0)
(0,0,0)
(0,0,0)
(0,0,0)
(0,0,0)
(0,0,0)
(0,0,0)
(0,0,0)
(0,0,0)
(0,0,0)
(0,0,0)
(0,0,0)
(0,0,0)
(0,0,0)
(0,0,0)
(0,0,0)
(0,0,0)
(0,0,0)
(0,0,0)
(0,0,0)
(0,0,0)
(0,0,0)
(0,0,0)
(0,0,0)
(0,0,0)
(0,0,0)
(0,0,0)
(0,0,0)
(0,0,0)
(0,0,0)
(0,0,0)
(0,0,0)
(0,0,0)
(0,0,0)
(0,0,0)
(0,0,0)
(0,0,0)
(0,0,0)
(0,0,0)
(0,0,0)
(0,0,0)
(0,0,0)
(0,0,0)
(0,0,0)
(0,0,0)
(0,0,0)
(0,0,0)
(0,0,0)
(0,0,0)
(0,0,0)
(0,0,0)
(0,0,0)
(0,0,0)
(0,0,0)
(0,0,0)
(0,0,0)
(0,0,0)
(0,0,0)
(0,0,0)
(0,0,0)
(0,0,0)
(0,0,0)
(0,0,0)
(0,0,0)
(0,0,0)
(0,0,0)
(0,0,0)
(0,0,0)
(0,0,0)
(0,0,0)
(0,0,0)
(0,0,0)
(-3.06647594149758e-13,-1.75466571230341e-11,2.08295561012427e-11)
(-9.6642516185386e-13,-3.81694892093793e-11,2.00020572912394e-11)
(-1.69229546066903e-12,-6.72302578313881e-11,1.79187064123155e-11)
(-9.33557966655318e-13,-1.07982677218992e-10,1.44123743772027e-11)
(-3.21081894076495e-14,-1.683964067591e-10,1.07432846757423e-11)
(7.3794799582775e-13,-2.61050491999418e-10,6.28947248336794e-12)
(1.71245512081919e-12,-4.09868712595656e-10,1.87960463768843e-12)
(2.34037734672246e-12,-6.64512124022156e-10,-6.16927565503095e-13)
(3.65924150875729e-12,-1.15748310773185e-09,-8.35392547424972e-13)
(3.86058050756092e-12,-2.29246119463023e-09,-1.77918196427161e-13)
(0,0,0)
(0,0,0)
(0,0,0)
(0,0,0)
(0,0,0)
(0,0,0)
(-8.99036381606205e-13,-1.62685384517761e-11,4.4953605216575e-11)
(-1.65030094802276e-12,-3.57806430927374e-11,4.33739287945283e-11)
(-2.91288504694435e-12,-6.39830663701834e-11,3.97273952629146e-11)
(-1.78639970409674e-12,-1.04328975810122e-10,3.34267460778777e-11)
(-2.91657130343434e-13,-1.6412662772942e-10,2.5448577092026e-11)
(9.23154410291103e-13,-2.57232186689395e-10,1.5927291869631e-11)
(2.49881965879503e-12,-4.08089157889392e-10,6.8690203378711e-12)
(5.02403326150071e-12,-6.65570796741529e-10,2.15102948185435e-12)
(8.35855254983635e-12,-1.15955072723822e-09,9.55487061163701e-13)
(9.28840303375821e-12,-2.29418038429155e-09,8.12013608877064e-13)
(0,0,0)
(0,0,0)
(0,0,0)
(0,0,0)
(0,0,0)
(0,0,0)
(-1.14318872994703e-12,-1.43918737107155e-11,7.68656448089601e-11)
(-2.66489908717643e-12,-3.18932738003246e-11,7.4759306187598e-11)
(-4.73257951278651e-12,-5.76668387727549e-11,6.95126128667405e-11)
(-3.92973422886563e-12,-9.55836130242886e-11,6.08501647619998e-11)
(-2.85941630672247e-12,-1.53736553617118e-10,4.92593466849284e-11)
(-1.4239852354583e-12,-2.48220310586232e-10,3.43413588034727e-11)
(1.47356654630086e-12,-4.04139534313739e-10,1.9165879375305e-11)
(7.6471508997966e-12,-6.664460761635e-10,1.1633151535656e-11)
(1.35326244145662e-11,-1.16199052696548e-09,8.13104303201299e-12)
(1.60715173963918e-11,-2.29633017420179e-09,4.56499354672543e-12)
(0,0,0)
(0,0,0)
(0,0,0)
(0,0,0)
(0,0,0)
(0,0,0)
(-1.62770842590343e-12,-1.19756471169981e-11,1.19170214070753e-10)
(-4.3227905619156e-12,-2.6592773757006e-11,1.16824011182613e-10)
(-6.67803390400041e-12,-4.8793814972641e-11,1.11456659958919e-10)
(-6.77187415964492e-12,-8.27767436363999e-11,1.02053333156877e-10)
(-6.94916712497269e-12,-1.3715409332191e-10,8.84852325323621e-11)
(-4.42688114234222e-12,-2.314768507831e-10,7.02958230778608e-11)
(2.21819049186391e-12,-3.95488055754706e-10,5.04891178918596e-11)
(1.18124208569172e-11,-6.66299294168473e-10,3.78084732269494e-11)
(1.89667618284516e-11,-1.16270849513566e-09,2.69299874632206e-11)
(2.20472163971349e-11,-2.296029205965e-09,1.42360633589728e-11)
(0,0,0)
(0,0,0)
(0,0,0)
(0,0,0)
(0,0,0)
(0,0,0)
(-2.59654160760005e-12,-9.1249888408605e-12,1.80426718373873e-10)
(-5.85538119488586e-12,-2.07089388228527e-11,1.77849058561188e-10)
(-8.5928463439256e-12,-3.84605762319136e-11,1.72576763270904e-10)
(-9.73355276194685e-12,-6.69785934661869e-11,1.63764428692223e-10)
(-1.09297563671847e-11,-1.15104427307537e-10,1.51911684970448e-10)
(-7.37317616859439e-12,-2.05226258111147e-10,1.37537408286898e-10)
(6.12335244644279e-12,-3.75572447983103e-10,1.24727300702577e-10)
(1.52938508243694e-11,-6.60381653376531e-10,9.71755610841596e-11)
(2.13529952163406e-11,-1.15603662840183e-09,6.7484716229666e-11)
(2.37767418080667e-11,-2.28711922628998e-09,3.48713129072208e-11)
(0,0,0)
(0,0,0)
(0,0,0)
(0,0,0)
(0,0,0)
(0,0,0)
(-2.40206165092349e-12,-6.38797529118225e-12,2.71550394110756e-10)
(-6.1399109149552e-12,-1.48858313524261e-11,2.6907119650279e-10)
(-9.49606789085693e-12,-2.8071594445132e-11,2.6458693389018e-10)
(-1.0870752730518e-11,-5.11965804774854e-11,2.58048941964851e-10)
(-1.09187584515416e-11,-9.3294142059392e-11,2.4947325121509e-10)
(-6.18534341539814e-12,-1.79932071754954e-10,2.37471709764891e-10)
(6.21200188196592e-12,-3.58641065818773e-10,2.21161449722211e-10)
(1.47086360181377e-11,-6.42583700958844e-10,1.83914420817512e-10)
(2.0175182476131e-11,-1.13195821769119e-09,1.31294793754287e-10)
(2.24265726388974e-11,-2.25857330574381e-09,6.86557822963842e-11)
(0,0,0)
(0,0,0)
(0,0,0)
(0,0,0)
(0,0,0)
(0,0,0)
(-2.27821105404785e-12,-3.79156204785611e-12,4.15293873858815e-10)
(-5.36890556595003e-12,-9.63923631145833e-12,4.13721773634083e-10)
(-8.1397950833316e-12,-1.94684120458147e-11,4.11061486165777e-10)
(-9.22701804983647e-12,-3.78362318862692e-11,4.07512430235518e-10)
(-6.94542021079885e-12,-7.31971455984028e-11,4.02787079920354e-10)
(4.66817383625469e-13,-1.51363757579045e-10,3.92739433584426e-10)
(5.3739764253207e-12,-3.28985237313472e-10,3.62539171877117e-10)
(1.22531547989227e-11,-6.00584027206923e-10,3.17013611726058e-10)
(1.76414292926567e-11,-1.0774558562791e-09,2.33434622989062e-10)
(2.04575952794373e-11,-2.19601180165539e-09,1.25395150106745e-10)
(0,0,0)
(0,0,0)
(0,0,0)
(0,0,0)
(0,0,0)
(0,0,0)
(-2.6322447724653e-12,-1.41697059081417e-12,6.64938970624269e-10)
(-5.4042071759191e-12,-5.29285265550399e-12,6.64330401833882e-10)
(-7.81598885652161e-12,-1.3226947033751e-11,6.63229423939445e-10)
(-9.67281033328415e-12,-2.91182936714377e-11,6.61149814752685e-10)
(-8.39311161811347e-12,-6.19526126523082e-11,6.56676519307114e-10)
(-2.54758321593811e-12,-1.34934330507014e-10,6.44544227610316e-10)
(2.59576040819656e-12,-2.8608331044518e-10,6.1115578894968e-10)
(9.3294872465014e-12,-5.22143750711872e-10,5.36596256828993e-10)
(1.50526583106002e-11,-9.74858280632543e-10,4.13446922585495e-10)
(1.81446893844404e-11,-2.07525638864917e-09,2.35043075438509e-10)
(0,0,0)
(0,0,0)
(0,0,0)
(0,0,0)
(0,0,0)
(0,0,0)
(-3.42668325211548e-12,-1.08848081483341e-13,1.15379453601935e-09)
(-6.57227973874597e-12,-2.43167698660864e-12,1.15396558489399e-09)
(-8.95181303524359e-12,-8.52023523469182e-12,1.15338839926174e-09)
(-1.12051076421654e-11,-2.12330258620458e-11,1.15062208785957e-09)
(-1.0389781929409e-11,-4.74271937867452e-11,1.14291275624097e-09)
(-5.60557104271207e-12,-1.0375043630394e-10,1.1235736167237e-09)
(-5.2515961234215e-13,-2.13389395036566e-10,1.07747357286958e-09)
(5.89333978477362e-12,-4.01746001318211e-10,9.79759484939343e-10)
(1.17549765175445e-11,-7.99792986571041e-10,8.05759254260254e-10)
(1.52636882941964e-11,-1.84309283818214e-09,5.03896204535063e-10)
(0,0,0)
(0,0,0)
(0,0,0)
(0,0,0)
(0,0,0)
(0,0,0)
(-4.55854185671389e-12,2.65153349209132e-13,2.2857668102111e-09)
(-8.07073420577602e-12,-7.16485363183408e-13,2.28671756675371e-09)
(-9.94094930015052e-12,-4.14387704083536e-12,2.28661025733664e-09)
(-1.19619668215845e-11,-1.15676810017021e-11,2.28326621789926e-09)
(-1.13341788844319e-11,-2.62378673444665e-11,2.2730169784698e-09)
(-7.17297101993629e-12,-5.71975305694277e-11,2.2485816403375e-09)
(-1.70792855646303e-12,-1.16722305523225e-10,2.19250012622771e-09)
(4.81311545390596e-12,-2.29509519301189e-10,2.07562911993669e-09)
(1.0144049289862e-11,-5.00141488121768e-10,1.84522003110211e-09)
(1.36210298093696e-11,-1.34121400486816e-09,1.34325525342752e-09)
(0,0,0)
(0,0,0)
(0,0,0)
(0,0,0)
(0,0,0)
(0,0,0)
(0,0,0)
(0,0,0)
(0,0,0)
(0,0,0)
(0,0,0)
(0,0,0)
(0,0,0)
(0,0,0)
(0,0,0)
(0,0,0)
(0,0,0)
(0,0,0)
(0,0,0)
(0,0,0)
(0,0,0)
(0,0,0)
(0,0,0)
(0,0,0)
(0,0,0)
(0,0,0)
(0,0,0)
(0,0,0)
(0,0,0)
(0,0,0)
(0,0,0)
(0,0,0)
(0,0,0)
(0,0,0)
(0,0,0)
(0,0,0)
(0,0,0)
(0,0,0)
(0,0,0)
(0,0,0)
(0,0,0)
(0,0,0)
(0,0,0)
(0,0,0)
(0,0,0)
(0,0,0)
(0,0,0)
(0,0,0)
(0,0,0)
(0,0,0)
(0,0,0)
(0,0,0)
(0,0,0)
(0,0,0)
(0,0,0)
(0,0,0)
(0,0,0)
(0,0,0)
(0,0,0)
(0,0,0)
(0,0,0)
(0,0,0)
(0,0,0)
(0,0,0)
(0,0,0)
(0,0,0)
(0,0,0)
(0,0,0)
(0,0,0)
(0,0,0)
(0,0,0)
(0,0,0)
(0,0,0)
(0,0,0)
(0,0,0)
(0,0,0)
(0,0,0)
(0,0,0)
(0,0,0)
(0,0,0)
(0,0,0)
(0,0,0)
(0,0,0)
(0,0,0)
(0,0,0)
(0,0,0)
(0,0,0)
(0,0,0)
(0,0,0)
(0,0,0)
(0,0,0)
(0,0,0)
(0,0,0)
(0,0,0)
(0,0,0)
(0,0,0)
(0,0,0)
(0,0,0)
(0,0,0)
(0,0,0)
(0,0,0)
(0,0,0)
(-7.57267455312546e-13,-2.46908241677881e-11,2.82709916205389e-11)
(-1.27192040006103e-12,-5.23740982688814e-11,2.65240300167044e-11)
(-1.43315488633454e-12,-8.97504545798763e-11,2.39188647403671e-11)
(-9.18169673616391e-13,-1.4103308032748e-10,1.92252942468094e-11)
(1.51924972804706e-13,-2.14962078878122e-10,1.31065613451708e-11)
(1.3295105317593e-12,-3.2363353418886e-10,5.28829021241795e-12)
(2.42943261735225e-12,-4.82594692480548e-10,-2.21991551681847e-12)
(3.61751504795607e-12,-7.15245195160369e-10,-5.19065384165393e-12)
(5.06938666400233e-12,-1.05023685266628e-09,-4.59628466918399e-12)
(5.40185197273425e-12,-1.46220942510838e-09,-2.14732751257351e-12)
(0,0,0)
(0,0,0)
(0,0,0)
(0,0,0)
(0,0,0)
(0,0,0)
(-1.19602470034224e-12,-2.24528931690764e-11,6.01160410579585e-11)
(-1.89113670947943e-12,-4.90904818801034e-11,5.73236750124277e-11)
(-2.9284634596747e-12,-8.47188516792684e-11,5.22045392875967e-11)
(-2.55359350381545e-12,-1.34690472284048e-10,4.28557120034027e-11)
(-1.16044601974103e-12,-2.07622634875153e-10,2.93275525444064e-11)
(9.69549838903784e-13,-3.17037966406432e-10,1.18601523892135e-11)
(3.26718693782386e-12,-4.80901407800263e-10,-4.82368658622225e-12)
(7.09485510583122e-12,-7.18059166603845e-10,-9.16267204294919e-12)
(1.09418257288634e-11,-1.05476698280809e-09,-6.82755737200553e-12)
(1.22502065531492e-11,-1.46607326122418e-09,-3.12825238171734e-12)
(0,0,0)
(0,0,0)
(0,0,0)
(0,0,0)
(0,0,0)
(0,0,0)
(-1.4530767028398e-12,-1.93560939190502e-11,1.02049855969034e-10)
(-2.71870580898186e-12,-4.33559247489357e-11,9.87348618946184e-11)
(-4.94315520794551e-12,-7.51475062901184e-11,9.0971123991125e-11)
(-5.14578553985054e-12,-1.20788312871837e-10,7.7292132112651e-11)
(-4.52388872060429e-12,-1.90250723575054e-10,5.68420922922492e-11)
(-2.99196561084559e-12,-3.01359804307554e-10,2.78323150925509e-11)
(3.54815827911968e-13,-4.78625922249269e-10,-4.29788404050188e-12)
(1.10024774080133e-11,-7.25283112581814e-10,-8.03543118185067e-12)
(1.78166420702637e-11,-1.06306912923661e-09,-2.97014741106735e-12)
(2.03355427059171e-11,-1.47283681926204e-09,-2.26430209313856e-13)
(0,0,0)
(0,0,0)
(0,0,0)
(0,0,0)
(0,0,0)
(0,0,0)
(-2.13216381447984e-12,-1.60377964572025e-11,1.5776238327135e-10)
(-4.83927427171296e-12,-3.55209918801975e-11,1.53987061267617e-10)
(-7.60794584301344e-12,-6.16311734351992e-11,1.45243604061999e-10)
(-9.00192370563127e-12,-9.99310179133441e-11,1.29537920280777e-10)
(-1.08094236843157e-11,-1.60609078361225e-10,1.05227945255685e-10)
(-1.08707686281814e-11,-2.68561844420153e-10,6.81429738786825e-11)
(-5.01677261494337e-12,-4.7134840960507e-10,1.88210511023429e-11)
(1.6773265828209e-11,-7.38732749227535e-10,1.68610529035714e-11)
(2.49888191992695e-11,-1.07378575318567e-09,1.80044320623609e-11)
(2.73733000812212e-11,-1.47886424970324e-09,1.14681101456034e-11)
(0,0,0)
(0,0,0)
(0,0,0)
(0,0,0)
(0,0,0)
(0,0,0)
(-2.7558953441079e-12,-1.22751115010889e-11,2.32886942211798e-10)
(-6.40619337498565e-12,-2.66565601796311e-11,2.29233119399541e-10)
(-1.01694935523512e-11,-4.58130205498122e-11,2.21026244390159e-10)
(-1.36628220292863e-11,-7.42689608256622e-11,2.07028174715548e-10)
(-1.83657649307907e-11,-1.19614016340795e-10,1.87133066634074e-10)
(-1.98572549410124e-11,-2.07417903320237e-10,1.64163958899791e-10)
(1.67437099004637e-11,-4.17911984978631e-10,1.76026659505141e-10)
(2.71867432606754e-11,-7.53150191118582e-10,1.15691687018032e-10)
(2.98879878293417e-11,-1.07937994132929e-09,7.69985022607205e-11)
(3.01021341685121e-11,-1.4754107138707e-09,3.97740183403723e-11)
(0,0,0)
(0,0,0)
(0,0,0)
(0,0,0)
(0,0,0)
(0,0,0)
(-2.51927728624508e-12,-8.47097030807692e-12,3.38087994657631e-10)
(-6.90224334325461e-12,-1.79447165739914e-11,3.34949697225657e-10)
(-1.15612583651443e-11,-3.02170051963937e-11,3.28608801403752e-10)
(-1.5655410571146e-11,-4.94249508265534e-11,3.19290567386502e-10)
(-1.90142134629878e-11,-8.15665020264718e-11,3.07402276810339e-10)
(-1.8443397548487e-11,-1.61305645485209e-10,2.93142451000403e-10)
(1.3803202281564e-11,-4.20437250618458e-10,3.00376781297973e-10)
(2.53285893288235e-11,-7.46264498070268e-10,2.36914870813297e-10)
(2.83118325222325e-11,-1.05799615908058e-09,1.62685083522837e-10)
(2.85208508467319e-11,-1.4448213419987e-09,8.29218486164623e-11)
(0,0,0)
(0,0,0)
(0,0,0)
(0,0,0)
(0,0,0)
(0,0,0)
(-3.08070228597701e-12,-4.9425814871145e-12,4.89093439249892e-10)
(-7.05500175330119e-12,-1.07064817683598e-11,4.87038342456343e-10)
(-1.08322041657517e-11,-1.80458523506342e-11,4.83969565845315e-10)
(-1.32196059490601e-11,-2.9496267179318e-11,4.81510079190701e-10)
(-8.14230682096132e-12,-4.62928117199053e-11,4.83087562240641e-10)
(1.42376520187366e-11,-9.60740583004196e-11,4.90643880589735e-10)
(7.99760970832149e-12,-3.90707840415903e-10,4.3303929887471e-10)
(1.7391867040551e-11,-6.99463167330222e-10,4.13729704295615e-10)
(2.30833265287325e-11,-9.92362342199643e-10,2.85775560191206e-10)
(2.5097332379954e-11,-1.36997888957825e-09,1.46088339323684e-10)
(0,0,0)
(0,0,0)
(0,0,0)
(0,0,0)
(0,0,0)
(0,0,0)
(-3.33179849113186e-12,-2.07832620540404e-12,7.13289175573028e-10)
(-7.16440495066465e-12,-5.84300689660654e-12,7.12713505989627e-10)
(-1.04430914691659e-11,-1.18670097451068e-11,7.12177306029867e-10)
(-1.30847826963694e-11,-2.35947855205718e-11,7.12254683671131e-10)
(-1.07862387873218e-11,-4.90495449295479e-11,7.14702701669774e-10)
(-3.43038758441656e-13,-1.26547254184708e-10,7.19649373340647e-10)
(4.46137712089894e-12,-3.55867990039316e-10,7.04416226792892e-10)
(1.20810720952379e-11,-5.79387463128461e-10,5.99889436590583e-10)
(1.83912113962776e-11,-8.60110610280055e-10,4.37093956530443e-10)
(2.10242143562557e-11,-1.22894886960102e-09,2.35598126410515e-10)
(0,0,0)
(0,0,0)
(0,0,0)
(0,0,0)
(0,0,0)
(0,0,0)
(-3.97173355782896e-12,-3.25662081234633e-13,1.04284579814082e-09)
(-7.71028573006331e-12,-2.73544481619827e-12,1.0431639742389e-09)
(-1.05618598267506e-11,-7.98322852486381e-12,1.04348127836398e-09)
(-1.31611208841123e-11,-1.97803376364874e-11,1.0425398904597e-09)
(-1.22399688537511e-11,-4.59820271071861e-11,1.03812124983492e-09)
(-6.05843292303846e-12,-1.11467370017139e-10,1.02487119509529e-09)
(5.21838804274744e-13,-2.50975489377493e-10,9.81697109378444e-10)
(7.65708844653109e-12,-4.20251871717014e-10,8.63454767350398e-10)
(1.39665277937306e-11,-6.62420701270333e-10,6.69278205153343e-10)
(1.72810595151213e-11,-9.9629049053635e-10,3.84855575028507e-10)
(0,0,0)
(0,0,0)
(0,0,0)
(0,0,0)
(0,0,0)
(0,0,0)
(-5.2441450504277e-12,2.99857091506353e-13,1.45042114843675e-09)
(-8.67991015237737e-12,-8.72168123382595e-13,1.45130616783078e-09)
(-1.07407869031515e-11,-3.84836654537532e-12,1.45168892532486e-09)
(-1.32804083944625e-11,-1.12864888050902e-11,1.44990306982346e-09)
(-1.31367080960938e-11,-2.73751287322519e-11,1.44086241843129e-09)
(-8.2889874799962e-12,-6.35026390741302e-11,1.41648191640819e-09)
(-1.55922778824912e-12,-1.31653242057425e-10,1.35611805341113e-09)
(5.71268498664052e-12,-2.27244413113233e-10,1.22573906519787e-09)
(1.19673388428737e-11,-3.799843965049e-10,9.98307503824082e-10)
(1.56622783690673e-11,-6.13701656576111e-10,6.16439185935947e-10)
(0,0,0)
(0,0,0)
(0,0,0)
(0,0,0)
(0,0,0)
(0,0,0)
(0,0,0)
(0,0,0)
(0,0,0)
(0,0,0)
(0,0,0)
(0,0,0)
(0,0,0)
(0,0,0)
(0,0,0)
(0,0,0)
(0,0,0)
(0,0,0)
(0,0,0)
(0,0,0)
(0,0,0)
(0,0,0)
(0,0,0)
(0,0,0)
(0,0,0)
(0,0,0)
(0,0,0)
(0,0,0)
(0,0,0)
(0,0,0)
(0,0,0)
(0,0,0)
(0,0,0)
(0,0,0)
(0,0,0)
(0,0,0)
(0,0,0)
(0,0,0)
(0,0,0)
(0,0,0)
(0,0,0)
(0,0,0)
(0,0,0)
(0,0,0)
(0,0,0)
(0,0,0)
(0,0,0)
(0,0,0)
(0,0,0)
(0,0,0)
(0,0,0)
(0,0,0)
(0,0,0)
(0,0,0)
(0,0,0)
(0,0,0)
(0,0,0)
(0,0,0)
(0,0,0)
(0,0,0)
(0,0,0)
(0,0,0)
(0,0,0)
(0,0,0)
(0,0,0)
(0,0,0)
(0,0,0)
(0,0,0)
(0,0,0)
(0,0,0)
(0,0,0)
(0,0,0)
(0,0,0)
(0,0,0)
(0,0,0)
(0,0,0)
(0,0,0)
(0,0,0)
(0,0,0)
(0,0,0)
(0,0,0)
(0,0,0)
(0,0,0)
(0,0,0)
(0,0,0)
(0,0,0)
(0,0,0)
(0,0,0)
(0,0,0)
(0,0,0)
(0,0,0)
(0,0,0)
(0,0,0)
(0,0,0)
(0,0,0)
(0,0,0)
(0,0,0)
(0,0,0)
(0,0,0)
(0,0,0)
(0,0,0)
(0,0,0)
(-1.24823685017945e-12,-2.86502486111173e-11,3.40190129280055e-11)
(-1.95037151251991e-12,-6.08697285120879e-11,3.15701950640936e-11)
(-1.77118729338063e-12,-1.02434265317746e-10,2.7870052965245e-11)
(-1.14204481539648e-12,-1.56863587642504e-10,2.14133114362306e-11)
(6.30752102612347e-13,-2.32068965015536e-10,1.24598480253956e-11)
(2.24214847853749e-12,-3.39361114262811e-10,8.02296848046253e-13)
(3.70688626191101e-12,-4.84023655847275e-10,-1.05995660807613e-11)
(5.83711731898187e-12,-6.65327871634159e-10,-1.31628531378249e-11)
(7.15055964911202e-12,-8.70737459077421e-10,-9.78442484411062e-12)
(7.11836057610216e-12,-1.04844711178724e-09,-4.40433875335347e-12)
(0,0,0)
(0,0,0)
(0,0,0)
(0,0,0)
(0,0,0)
(0,0,0)
(-1.50045790483462e-12,-2.65550632677783e-11,7.10402218241032e-11)
(-2.50655811580722e-12,-5.72017825056835e-11,6.71246242269146e-11)
(-3.15098156464591e-12,-9.59259191554459e-11,5.96859202003513e-11)
(-2.92759345700601e-12,-1.48032001826476e-10,4.67330790264104e-11)
(-1.06495716465316e-12,-2.21224619999476e-10,2.69704363787856e-11)
(1.97522671544623e-12,-3.29509241116677e-10,-8.54905111785356e-13)
(5.33068684353616e-12,-4.83920920156554e-10,-3.0990780362851e-11)
(1.19836864129205e-11,-6.71585391913166e-10,-3.16811180815019e-11)
(1.55446671670348e-11,-8.78335143452722e-10,-2.00492503901076e-11)
(1.58855122093475e-11,-1.05444440295291e-09,-8.65094233609377e-12)
(0,0,0)
(0,0,0)
(0,0,0)
(0,0,0)
(0,0,0)
(0,0,0)
(-1.45638009027966e-12,-2.30891270862357e-11,1.16802387397244e-10)
(-2.78990077423963e-12,-4.99269299024425e-11,1.1246347597519e-10)
(-4.78049618437231e-12,-8.31549741107162e-11,1.02198180519644e-10)
(-5.55304067793807e-12,-1.28832102233869e-10,8.36667363668335e-11)
(-5.15575673473534e-12,-1.95461531612206e-10,5.27528945955737e-11)
(-3.65972636523115e-12,-3.04237258700817e-10,6.31835255587611e-13)
(-3.18514967487524e-12,-4.91343196515498e-10,-7.81436279728385e-11)
(1.93868302828942e-11,-6.91846290507908e-10,-6.08081452440735e-11)
(2.57895488175274e-11,-8.95458212357608e-10,-2.91859590756892e-11)
(2.61365429380733e-11,-1.06665727957243e-09,-1.00450403997913e-11)
(0,0,0)
(0,0,0)
(0,0,0)
(0,0,0)
(0,0,0)
(0,0,0)
(-2.11952676683147e-12,-1.90401697169369e-11,1.76901540223068e-10)
(-4.96024876666011e-12,-3.99684092054941e-11,1.71862322565778e-10)
(-7.72041494717655e-12,-6.52837624082521e-11,1.60191980845847e-10)
(-1.03540057682488e-11,-9.92655989350905e-11,1.38606804077662e-10)
(-1.47195143277106e-11,-1.4804078028823e-10,1.00616565793192e-10)
(-2.26927869517924e-11,-2.39925692474496e-10,2.31961810126321e-11)
(-5.64931990425858e-11,-5.3170153548276e-10,-1.92871043250365e-10)
(3.00473285604131e-11,-7.4656524627214e-10,-8.08203900157749e-11)
(3.71193292596762e-11,-9.26304829892958e-10,-1.94306641231357e-11)
(3.53878743941674e-11,-1.08304488110074e-09,-7.36524089741983e-13)
(0,0,0)
(0,0,0)
(0,0,0)
(0,0,0)
(0,0,0)
(0,0,0)
(-2.90621372487151e-12,-1.43715888053645e-11,2.54632996132233e-10)
(-6.91116197121562e-12,-2.87905525705809e-11,2.49605575829467e-10)
(-1.17674392311704e-11,-4.47541589510192e-11,2.38328903290677e-10)
(-1.86117239469234e-11,-6.34705106342906e-11,2.18171406926197e-10)
(-3.34441715107908e-11,-8.0012984746014e-11,1.84298144426544e-10)
(-7.7832213381463e-11,-7.38827625628215e-11,1.21741137704555e-10)
(7.96039480274882e-11,-1.04949812800767e-09,-1.1476360887923e-17)
(5.89942349695525e-11,-8.80632981594017e-10,9.04649032843245e-11)
(4.5728689500987e-11,-9.66322404951071e-10,5.9913309329257e-11)
(3.92867806371216e-11,-1.09279102443034e-09,3.32265832465706e-11)
(0,0,0)
(0,0,0)
(0,0,0)
(0,0,0)
(0,0,0)
(0,0,0)
(-2.90936867521183e-12,-9.55995011553352e-12,3.56416769936957e-10)
(-7.79958232700152e-12,-1.76807126272868e-11,3.52193434207411e-10)
(-1.44141771936144e-11,-2.48298781933266e-11,3.43571543831588e-10)
(-2.36958036422428e-11,-2.9497990927272e-11,3.29684212640277e-10)
(-4.00280779596071e-11,-2.02185178645643e-11,3.0777813569375e-10)
(-9.09093150308817e-11,1.52700677933817e-11,2.55778716728642e-10)
(4.75357025637494e-11,-1.06035906489202e-09,-1.46267868974706e-16)
(5.27570458792784e-11,-9.06815921912685e-10,2.4233758950013e-10)
(4.24412505476451e-11,-9.57690689523697e-10,1.62216624023252e-10)
(3.66002470425576e-11,-1.06749216119017e-09,8.2146772125261e-11)
(0,0,0)
(0,0,0)
(0,0,0)
(0,0,0)
(0,0,0)
(0,0,0)
(-3.88986077413658e-12,-5.09426540565977e-12,4.89002544277173e-10)
(-8.84970001403654e-12,-8.4703220600536e-12,4.86260145317464e-10)
(-1.45515601166524e-11,-9.2274272781043e-12,4.82287243897912e-10)
(-2.06985706577379e-11,-9.10790618652617e-13,4.80611524817492e-10)
(-1.29418919605208e-11,5.1226570059401e-11,4.97449810244989e-10)
(1.02315429618087e-10,2.99050901477999e-10,6.19254028082816e-10)
(-7.53264608905083e-12,-1.25516109734136e-09,1.36859708108941e-09)
(2.52703069431612e-11,-8.90170215284777e-10,6.06623081764956e-10)
(3.05188154766736e-11,-8.93243917597045e-10,3.21350768592296e-10)
(3.01556517264203e-11,-9.91258666403309e-10,1.49190677184397e-10)
(0,0,0)
(0,0,0)
(0,0,0)
(0,0,0)
(0,0,0)
(0,0,0)
(-4.50879303187426e-12,-2.13931971060417e-12,6.592349769995e-10)
(-9.73576707134806e-12,-3.56270305826199e-12,6.58234833380439e-10)
(-1.44042503306301e-11,-3.76475960587612e-12,6.57701940726898e-10)
(-1.93472485791813e-11,-8.663247720167e-13,6.60385157388535e-10)
(-1.88004282805284e-11,9.48157257335996e-12,6.77206696437093e-10)
(-1.89776378416316e-13,-1.28092280073081e-11,7.39261115600953e-10)
(4.0956666615149e-12,-5.00719766837215e-10,8.81627380503498e-10)
(1.57409607439427e-11,-6.20821131414649e-10,6.447264750764e-10)
(2.21971325065637e-11,-7.25923080231948e-10,4.19181228463495e-10)
(2.3963961702e-11,-8.44148161494529e-10,2.10997887628614e-10)
(0,0,0)
(0,0,0)
(0,0,0)
(0,0,0)
(0,0,0)
(0,0,0)
(-4.91542882872808e-12,-6.18589494790394e-13,8.56955151000597e-10)
(-9.89086654792272e-12,-1.58907546912834e-12,8.5699863706959e-10)
(-1.37553339018974e-11,-3.0501902829754e-12,8.5780463155388e-10)
(-1.7236329090771e-11,-7.46990923233405e-12,8.5945043734099e-10)
(-1.75968124890857e-11,-2.12253242009925e-11,8.63557914501452e-10)
(-1.08490781492024e-11,-7.93841928918879e-11,8.7215446445871e-10)
(-5.58066487776246e-13,-2.71804776586322e-10,8.64455321005072e-10)
(8.82619203989368e-12,-3.99946724915349e-10,7.23248995236059e-10)
(1.59528531530518e-11,-5.19288579158605e-10,5.23714114207408e-10)
(1.95478005833348e-11,-6.33698487700075e-10,2.81312565204853e-10)
(0,0,0)
(0,0,0)
(0,0,0)
(0,0,0)
(0,0,0)
(0,0,0)
(-5.82930735294926e-12,5.77717990188449e-14,1.02828130705223e-09)
(-9.93483576984294e-12,-6.22495807215966e-13,1.0287473036817e-09)
(-1.28032979471216e-11,-2.04634703872611e-12,1.02964084092514e-09)
(-1.55262458073749e-11,-6.61251163659248e-12,1.0298787940816e-09)
(-1.61313348052551e-11,-1.90948182091385e-11,1.02592331735464e-09)
(-1.14277635570581e-11,-5.43355373656129e-11,1.01047966000054e-09)
(-2.83348163237429e-12,-1.29732094471979e-10,9.60880712137413e-10)
(5.89983324724702e-12,-2.01521510899535e-10,8.3221604882773e-10)
(1.38512602258802e-11,-2.77601213159134e-10,6.3080725717601e-10)
(1.83998077290653e-11,-3.52983935256152e-10,3.5305486926044e-10)
(0,0,0)
(0,0,0)
(0,0,0)
(0,0,0)
(0,0,0)
(0,0,0)
(0,0,0)
(0,0,0)
(0,0,0)
(0,0,0)
(0,0,0)
(0,0,0)
(0,0,0)
(0,0,0)
(0,0,0)
(0,0,0)
(0,0,0)
(0,0,0)
(0,0,0)
(0,0,0)
(0,0,0)
(0,0,0)
(0,0,0)
(0,0,0)
(0,0,0)
(0,0,0)
(0,0,0)
(0,0,0)
(0,0,0)
(0,0,0)
(0,0,0)
(0,0,0)
(0,0,0)
(0,0,0)
(0,0,0)
(0,0,0)
(0,0,0)
(0,0,0)
(0,0,0)
(0,0,0)
(0,0,0)
(0,0,0)
(0,0,0)
(0,0,0)
(0,0,0)
(0,0,0)
(0,0,0)
(0,0,0)
(0,0,0)
(0,0,0)
(0,0,0)
(0,0,0)
(0,0,0)
(0,0,0)
(0,0,0)
(0,0,0)
(0,0,0)
(0,0,0)
(0,0,0)
(0,0,0)
(0,0,0)
(0,0,0)
(0,0,0)
(0,0,0)
(0,0,0)
(0,0,0)
(0,0,0)
(0,0,0)
(0,0,0)
(0,0,0)
(0,0,0)
(0,0,0)
(0,0,0)
(0,0,0)
(0,0,0)
(0,0,0)
(0,0,0)
(0,0,0)
(0,0,0)
(0,0,0)
(0,0,0)
(0,0,0)
(0,0,0)
(0,0,0)
(0,0,0)
(0,0,0)
(0,0,0)
(0,0,0)
(0,0,0)
(0,0,0)
(0,0,0)
(0,0,0)
(0,0,0)
(0,0,0)
(0,0,0)
(0,0,0)
(0,0,0)
(0,0,0)
(0,0,0)
(0,0,0)
(0,0,0)
(0,0,0)
(-8.94604329604418e-13,-3.2147903518201e-11,3.67654263605232e-11)
(-1.91817542005788e-12,-6.62611932270679e-11,3.42314343564408e-11)
(-1.82279192668035e-12,-1.07547581690132e-10,2.96046015266189e-11)
(-1.02016722057936e-12,-1.60613109846356e-10,2.18069288598261e-11)
(1.44395826387593e-12,-2.30972188802246e-10,1.06876316796426e-11)
(3.79213826124573e-12,-3.27069370331872e-10,-4.02860763031979e-12)
(6.16743762826934e-12,-4.50913335152772e-10,-1.90215395647767e-11)
(8.71620930421746e-12,-5.88938010326179e-10,-2.07708133361368e-11)
(9.36815793368277e-12,-7.20187370853628e-10,-1.44126186509471e-11)
(8.71131298842818e-12,-8.11033920379746e-10,-6.54028884549055e-12)
(0,0,0)
(0,0,0)
(0,0,0)
(0,0,0)
(0,0,0)
(0,0,0)
(-1.05079648917415e-12,-3.01657461698562e-11,7.67944701822903e-11)
(-2.34270669249262e-12,-6.22513418029669e-11,7.24858762209094e-11)
(-2.96908543542148e-12,-1.0044161042198e-10,6.34120695640075e-11)
(-2.36485040201879e-12,-1.50199491336699e-10,4.7954910072382e-11)
(9.97295938660319e-13,-2.16987086063479e-10,2.37920537298504e-11)
(6.83911955067185e-12,-3.13447749377739e-10,-1.27379408992067e-11)
(1.3443300921138e-11,-4.51761420759218e-10,-6.00281618616468e-11)
(2.06127173162317e-11,-5.97374913208025e-10,-5.71306296948874e-11)
(2.12694280179096e-11,-7.29354238236369e-10,-3.40924150772892e-11)
(1.94474464927673e-11,-8.18347854157911e-10,-1.43166515423658e-11)
(0,0,0)
(0,0,0)
(0,0,0)
(0,0,0)
(0,0,0)
(0,0,0)
(-1.16642603754829e-12,-2.5973202704043e-11,1.23710793322151e-10)
(-2.48312601562867e-12,-5.34295733974939e-11,1.18359632072851e-10)
(-4.12026373401955e-12,-8.56097123508834e-11,1.06288709905702e-10)
(-4.20570220548864e-12,-1.2698469901662e-10,8.47080820306739e-11)
(-4.55448718738533e-13,-1.82060697424275e-10,4.75682449660184e-11)
(1.08041706368804e-11,-2.69843746544144e-10,-2.10018338161969e-11)
(1.98377065636867e-11,-4.64188158615923e-10,-1.79857175127341e-10)
(4.24835998787297e-11,-6.26699555724985e-10,-1.37048074858141e-10)
(3.74952476769306e-11,-7.52222823366675e-10,-6.20773114117038e-11)
(3.24791040667115e-11,-8.34072809604743e-10,-2.14727382522189e-11)
(0,0,0)
(0,0,0)
(0,0,0)
(0,0,0)
(0,0,0)
(0,0,0)
(-1.74889002111812e-12,-2.04591186143765e-11,1.82239720675451e-10)
(-4.46776368161939e-12,-4.14820207301407e-11,1.76161233588777e-10)
(-6.66484163623367e-12,-6.49635938914456e-11,1.62843867290492e-10)
(-8.15885578458066e-12,-9.12914777684014e-11,1.38725603509507e-10)
(-5.32692508936642e-12,-1.15917353194194e-10,9.92186092465697e-11)
(2.73315073995066e-11,-1.16425281363041e-10,4.10061271248091e-11)
(3.4925274024776e-10,-5.41676990631813e-10,4.3801235283903e-17)
(1.02725337989659e-10,-7.15499594088837e-10,-3.17202581284827e-10)
(5.84427642843617e-11,-7.9752653901554e-10,-8.17280239501971e-11)
(4.43974936338e-11,-8.56948261260165e-10,-1.82366078080231e-11)
(0,0,0)
(0,0,0)
(0,0,0)
(0,0,0)
(0,0,0)
(0,0,0)
(-2.69043211194589e-12,-1.47776659865796e-11,2.54651825951359e-10)
(-6.74432937569835e-12,-2.8924142057826e-11,2.4866155482361e-10)
(-1.15342236244107e-11,-4.24242966983407e-11,2.35718400685212e-10)
(-1.87109811542731e-11,-5.37790328576508e-11,2.11960802631503e-10)
(-3.06816316702518e-11,-5.8035385585557e-11,1.71612704489215e-10)
(-4.5243894556755e-11,-5.16906976475096e-11,1.0317698205609e-10)
(-2.9848838752855e-17,1.81130280078034e-16,-7.33050608474692e-18)
(1.15728769243313e-10,-9.67246263628755e-10,1.49103608193851e-17)
(6.37837001562664e-11,-8.64775755617991e-10,1.82308374428693e-11)
(4.72145006436123e-11,-8.75831063530132e-10,1.84371181625945e-11)
(0,0,0)
(0,0,0)
(0,0,0)
(0,0,0)
(0,0,0)
(0,0,0)
(-3.1517176555391e-12,-9.18131716799456e-12,3.44914735697396e-10)
(-8.38808251841124e-12,-1.67495587945581e-11,3.39985714452699e-10)
(-1.6129296917513e-11,-2.08745550013164e-11,3.29382919721768e-10)
(-3.03769270043332e-11,-1.80111750770517e-11,3.09933609451648e-10)
(-5.94737469184811e-11,3.38691102565274e-13,2.73459678551349e-10)
(-1.18911285718923e-10,3.1566442326129e-11,1.92382043737462e-10)
(-7.54914635489634e-19,1.37118556316047e-16,-1.34159383433968e-17)
(1.16232304728201e-10,-9.40543908032467e-10,-6.67889355381618e-17)
(5.80643305190626e-11,-8.55230155930247e-10,1.0636768335416e-10)
(4.2513524380931e-11,-8.53980123439197e-10,6.62785510830084e-11)
(0,0,0)
(0,0,0)
(0,0,0)
(0,0,0)
(0,0,0)
(0,0,0)
(-4.10240750948658e-12,-4.52864595441392e-12,4.52808649956825e-10)
(-9.78441759628015e-12,-6.88776906642387e-12,4.49568938843639e-10)
(-1.83385087084444e-11,-3.85965343437772e-12,4.4331077441134e-10)
(-3.75813219318926e-11,1.2234787967591e-11,4.34253085155123e-10)
(-9.30011123123235e-11,6.26935475281168e-11,4.18352462247302e-10)
(-3.35167493903185e-10,1.6784517258155e-10,3.62836060053903e-10)
(2.27313000909586e-17,1.88624230768791e-16,-2.32821662206088e-16)
(4.11935362456176e-11,-1.00208077709691e-09,6.34426240475898e-10)
(3.53580695195138e-11,-8.02744104029976e-10,3.06073175646598e-10)
(3.22358240019443e-11,-7.82507687615847e-10,1.36325780172853e-10)
(0,0,0)
(0,0,0)
(0,0,0)
(0,0,0)
(0,0,0)
(0,0,0)
(-5.02937962870416e-12,-1.481581829209e-12,5.76851261045129e-10)
(-1.11765020068494e-11,-1.24118152901862e-12,5.75164026622071e-10)
(-1.78020363151988e-11,3.45447128004306e-12,5.73282125206169e-10)
(-2.95652031674023e-11,2.18963495011206e-11,5.74448041811324e-10)
(-5.01479506700529e-11,8.63541542672805e-11,5.89950200828031e-10)
(-7.59810763964317e-11,3.16921869149665e-10,6.67906579446274e-10)
(1.20815818378066e-11,-6.34426270250707e-10,1.03167241461317e-09)
(2.04118008575079e-11,-6.28988531084692e-10,6.39304514075744e-10)
(2.3745972268106e-11,-6.2055703676499e-10,3.79596202944198e-10)
(2.45121755361593e-11,-6.40926327176452e-10,1.81586908856173e-10)
(0,0,0)
(0,0,0)
(0,0,0)
(0,0,0)
(0,0,0)
(0,0,0)
(-5.63527619152609e-12,-3.22543436350379e-14,6.99379662295577e-10)
(-1.16634406941429e-11,1.57287307176489e-13,6.9858410215952e-10)
(-1.64049829332095e-11,1.60524270846248e-12,6.98366353478703e-10)
(-2.22012038470127e-11,6.10717884892877e-12,7.00071762229089e-10)
(-2.83238684381996e-11,1.30208626741916e-11,7.0804056002533e-10)
(-2.81985902218765e-11,-7.18982915777403e-12,7.31561750489247e-10)
(-1.42442283305506e-12,-2.70231458731108e-10,7.6811850790755e-10)
(9.93585905271658e-12,-3.65690089182042e-10,6.1089107514399e-10)
(1.66670361561231e-11,-4.18249558144271e-10,4.18138324843416e-10)
(2.01458133443218e-11,-4.56286678277129e-10,2.14096999611238e-10)
(0,0,0)
(0,0,0)
(0,0,0)
(0,0,0)
(0,0,0)
(0,0,0)
(-6.23753218340281e-12,4.89559778646862e-13,7.84019577114376e-10)
(-1.14508688204896e-11,1.75895282960718e-13,7.84057768094853e-10)
(-1.50875981423105e-11,-4.56252186465528e-13,7.84237182370989e-10)
(-1.81832807170072e-11,-1.64267699075526e-12,7.84102986915793e-10)
(-1.97824956602923e-11,-7.5855670806682e-12,7.82973751098791e-10)
(-1.61643530595485e-11,-3.51875529132515e-11,7.76148024145476e-10)
(-3.90091279467088e-12,-1.17530477319268e-10,7.42137030837146e-10)
(5.78711399943262e-12,-1.73109002830973e-10,6.2274451160072e-10)
(1.40024349823215e-11,-2.12651993172127e-10,4.49099174782481e-10)
(1.84707417333311e-11,-2.40175139976279e-10,2.37797750799848e-10)
(0,0,0)
(0,0,0)
(0,0,0)
(0,0,0)
(0,0,0)
(0,0,0)
(0,0,0)
(0,0,0)
(0,0,0)
(0,0,0)
(0,0,0)
(0,0,0)
(0,0,0)
(0,0,0)
(0,0,0)
(0,0,0)
(0,0,0)
(0,0,0)
(0,0,0)
(0,0,0)
(0,0,0)
(0,0,0)
(0,0,0)
(0,0,0)
(0,0,0)
(0,0,0)
(0,0,0)
(0,0,0)
(0,0,0)
(0,0,0)
(0,0,0)
(0,0,0)
(0,0,0)
(0,0,0)
(0,0,0)
(0,0,0)
(0,0,0)
(0,0,0)
(0,0,0)
(0,0,0)
(0,0,0)
(0,0,0)
(0,0,0)
(0,0,0)
(0,0,0)
(0,0,0)
(0,0,0)
(0,0,0)
(0,0,0)
(0,0,0)
(0,0,0)
(0,0,0)
(0,0,0)
(0,0,0)
(0,0,0)
(0,0,0)
(0,0,0)
(0,0,0)
(0,0,0)
(0,0,0)
(0,0,0)
(0,0,0)
(0,0,0)
(0,0,0)
(0,0,0)
(0,0,0)
(0,0,0)
(0,0,0)
(0,0,0)
(0,0,0)
(0,0,0)
(0,0,0)
(0,0,0)
(0,0,0)
(0,0,0)
(0,0,0)
(0,0,0)
(0,0,0)
(0,0,0)
(0,0,0)
(0,0,0)
(0,0,0)
(0,0,0)
(0,0,0)
(0,0,0)
(0,0,0)
(0,0,0)
(0,0,0)
(0,0,0)
(0,0,0)
(0,0,0)
(0,0,0)
(0,0,0)
(0,0,0)
(0,0,0)
(0,0,0)
(0,0,0)
(0,0,0)
(0,0,0)
(0,0,0)
(0,0,0)
(0,0,0)
(-3.42769673855243e-13,-3.39190721354307e-11,3.73785271057658e-11)
(-1.30119401434712e-12,-6.84668122933713e-11,3.47733733013924e-11)
(-1.13109052803105e-12,-1.0858477069169e-10,2.95642295461291e-11)
(-3.14488550077595e-13,-1.58275922182461e-10,2.16115825679759e-11)
(2.17509483508352e-12,-2.22119856626199e-10,1.02830608554062e-11)
(5.16344924155594e-12,-3.06116283862101e-10,-4.57601308619643e-12)
(8.76479700609225e-12,-4.09461005244568e-10,-1.97346121830195e-11)
(1.07949175008639e-11,-5.15106990412274e-10,-2.17146751730383e-11)
(1.06626955110052e-11,-6.05038271413363e-10,-1.51773952005783e-11)
(9.48495792110661e-12,-6.60013225216279e-10,-7.14464131033636e-12)
(0,0,0)
(0,0,0)
(0,0,0)
(0,0,0)
(0,0,0)
(0,0,0)
(-9.34745993595366e-13,-3.18877364207279e-11,7.86550941569527e-11)
(-2.09066844107876e-12,-6.42306169210325e-11,7.385155323182e-11)
(-2.34382401487937e-12,-1.01446900906482e-10,6.39101158660903e-11)
(-1.41678637957122e-12,-1.47421669882405e-10,4.80075212727621e-11)
(2.60090192850894e-12,-2.07039392282926e-10,2.36775622595673e-11)
(1.0525337679492e-11,-2.90586553702201e-10,-1.31067055258295e-11)
(2.29725066110982e-11,-4.07194412857179e-10,-6.10936748806335e-11)
(2.68991452156206e-11,-5.21222059276106e-10,-6.02956345356152e-11)
(2.4362249613253e-11,-6.12635779342674e-10,-3.69123870949083e-11)
(2.08557503972505e-11,-6.66668055598542e-10,-1.57114182770457e-11)
(0,0,0)
(0,0,0)
(0,0,0)
(0,0,0)
(0,0,0)
(0,0,0)
(-1.32934887789196e-12,-2.77279637166626e-11,1.24929030608075e-10)
(-2.35975651584697e-12,-5.52944187530095e-11,1.18604569046115e-10)
(-3.18575431842989e-12,-8.6612227149444e-11,1.05736024330275e-10)
(-2.75908638904245e-12,-1.23809206888662e-10,8.38737092231346e-11)
(1.97128583338808e-12,-1.70129015645703e-10,4.69085082585452e-11)
(1.62410467669161e-11,-2.41857041004305e-10,-2.0168536083364e-11)
(5.45174383103821e-11,-4.07395061016695e-10,-1.73498799558326e-10)
(5.63128747960965e-11,-5.42525580447415e-10,-1.42170943076656e-10)
(4.21943901663212e-11,-6.31178751811597e-10,-6.73507898043854e-11)
(3.3881817469791e-11,-6.79924700460065e-10,-2.38428512081032e-11)
(0,0,0)
(0,0,0)
(0,0,0)
(0,0,0)
(0,0,0)
(0,0,0)
(-1.35185556223696e-12,-2.19455016272921e-11,1.7889827950223e-10)
(-3.70827605566244e-12,-4.30548415594946e-11,1.72291283668373e-10)
(-5.08587504832985e-12,-6.5710473465308e-11,1.58452359490081e-10)
(-6.16430643239291e-12,-8.78861156177369e-11,1.345543941962e-10)
(-4.99641057626039e-12,-1.03413072683798e-10,9.64025945839369e-11)
(3.60300700753581e-12,-8.77317021832387e-11,4.30449503976279e-11)
(1.24778193571731e-10,-4.41948992902022e-10,2.48454773702056e-17)
(1.1899745019495e-10,-6.11758429089558e-10,-3.16873660020634e-10)
(6.22005647446525e-11,-6.68322787197281e-10,-9.0067306136745e-11)
(4.50436880957774e-11,-6.98485628571591e-10,-2.23215864692613e-11)
(0,0,0)
(0,0,0)
(0,0,0)
(0,0,0)
(0,0,0)
(0,0,0)
(-2.29650980278972e-12,-1.57747174105924e-11,2.43999463779834e-10)
(-5.97575850055973e-12,-3.01155257272897e-11,2.37468737396802e-10)
(-9.32636726773572e-12,-4.3322780024506e-11,2.23854979613949e-10)
(-1.41307407925828e-11,-5.22423704258114e-11,1.99764098171526e-10)
(-2.06199859252554e-11,-5.31198811548479e-11,1.59157708992904e-10)
(-2.5324045143805e-11,-4.54588509083393e-11,9.32337698252287e-11)
(-8.0779818949979e-18,9.13633155159488e-17,-6.8715648546066e-18)
(7.07955911145173e-11,-8.27809467009938e-10,1.73081702552015e-17)
(5.40318197488199e-11,-7.24870807971001e-10,7.34253387214499e-12)
(4.38006787152383e-11,-7.12893750305323e-10,1.22035308314022e-11)
(0,0,0)
(0,0,0)
(0,0,0)
(0,0,0)
(0,0,0)
(0,0,0)
(-2.87536762442004e-12,-9.76808526528472e-12,3.21405693964101e-10)
(-7.64707751562297e-12,-1.79319267913424e-11,3.15893059673696e-10)
(-1.36948882143062e-11,-2.21808731348805e-11,3.04102060975508e-10)
(-2.41489591487149e-11,-1.85673633574205e-11,2.8250875501928e-10)
(-4.07509685301105e-11,-1.96079029626659e-12,2.41786078054277e-10)
(-6.28079588209869e-11,2.18002291149458e-11,1.59537982657093e-10)
(1.11240810653142e-18,5.40884393432004e-17,-1.13944970109334e-17)
(7.14014236495453e-11,-7.88545767195765e-10,-4.92604080575481e-17)
(4.56674108899544e-11,-7.10746183808289e-10,8.51787872272694e-11)
(3.73196396405547e-11,-6.90282036040427e-10,5.46230095216372e-11)
(0,0,0)
(0,0,0)
(0,0,0)
(0,0,0)
(0,0,0)
(0,0,0)
(-3.90976052150675e-12,-5.02518192603455e-12,4.06649461007042e-10)
(-9.17284070136756e-12,-8.26919974621063e-12,4.02843240935788e-10)
(-1.65949441666634e-11,-5.33120135620292e-12,3.94873596258474e-10)
(-3.13422605576014e-11,1.0327951026546e-11,3.81302928219302e-10)
(-6.1145316858087e-11,5.26227469805282e-11,3.53686577730013e-10)
(-1.21407897595739e-10,1.26043403759188e-10,2.78384436226846e-10)
(8.30867951923537e-18,8.69752737988394e-17,-1.16739620464854e-16)
(-3.54564493731216e-12,-8.36024065654251e-10,5.32502690021739e-10)
(2.29183977282818e-11,-6.62026692992571e-10,2.57879177595673e-10)
(2.69802437354134e-11,-6.25169963498672e-10,1.14925420652031e-10)
(0,0,0)
(0,0,0)
(0,0,0)
(0,0,0)
(0,0,0)
(0,0,0)
(-4.79147269121378e-12,-1.80771498256561e-12,4.95654526295203e-10)
(-1.06930694271812e-11,-2.37034131141542e-12,4.93645770651056e-10)
(-1.71187243487959e-11,2.98930211640392e-12,4.90218270960533e-10)
(-2.92781915318695e-11,2.40254529746818e-11,4.87968088453609e-10)
(-5.47710376952003e-11,9.18706057035936e-11,4.95081386517731e-10)
(-1.15635213255867e-10,3.17247843678024e-10,5.52976033749548e-10)
(4.02546708555939e-11,-5.32502716016045e-10,8.62504910589047e-10)
(1.68216700863868e-11,-5.29776293159647e-10,5.36293679092595e-10)
(1.94477877354513e-11,-5.05898298966602e-10,3.15557494122298e-10)
(2.14594354929748e-11,-5.02215742404833e-10,1.49127336762755e-10)
(0,0,0)
(0,0,0)
(0,0,0)
(0,0,0)
(0,0,0)
(0,0,0)
(-5.36153017771747e-12,-2.40361634944639e-13,5.76385495065395e-10)
(-1.14642999891055e-11,-6.80862822220476e-13,5.75453344843825e-10)
(-1.60488967887267e-11,1.34464356946205e-12,5.73753773371379e-10)
(-2.24201458035573e-11,8.64591642459332e-12,5.73198844989227e-10)
(-3.12386291472504e-11,2.08461797850932e-11,5.77627269295299e-10)
(-3.67576238847117e-11,1.16707839510272e-11,5.95281339369825e-10)
(3.10202851867576e-12,-2.26545587813282e-10,6.27176165138144e-10)
(1.0107523002218e-11,-3.04538669092303e-10,4.93804858491755e-10)
(1.51107964161511e-11,-3.33850713307331e-10,3.31537705541178e-10)
(1.81312746547576e-11,-3.48304519833589e-10,1.66247554217109e-10)
(0,0,0)
(0,0,0)
(0,0,0)
(0,0,0)
(0,0,0)
(0,0,0)
(-5.78616338523336e-12,2.86040111920977e-13,6.25366073345085e-10)
(-1.14543878136645e-11,-3.17959689557032e-13,6.25303318006613e-10)
(-1.54096548735795e-11,-5.50672470854675e-13,6.24089484509313e-10)
(-1.86967218907598e-11,-3.15724518753485e-13,6.22066337605652e-10)
(-2.05423357876453e-11,-3.47809118413392e-12,6.19274521057137e-10)
(-1.73409126644713e-11,-2.50695622078611e-11,6.11754566609115e-10)
(-2.03887087751354e-12,-9.81365685238174e-11,5.82860409406111e-10)
(6.32344798669898e-12,-1.42007113094227e-10,4.82178038854908e-10)
(1.26518657928334e-11,-1.66054280247254e-10,3.39799241617673e-10)
(1.60933525568795e-11,-1.78353732555653e-10,1.75531436921378e-10)
(0,0,0)
(0,0,0)
(0,0,0)
(0,0,0)
(0,0,0)
(0,0,0)
(0,0,0)
(0,0,0)
(0,0,0)
(0,0,0)
(0,0,0)
(0,0,0)
(0,0,0)
(0,0,0)
(0,0,0)
(0,0,0)
(0,0,0)
(0,0,0)
(0,0,0)
(0,0,0)
(0,0,0)
(0,0,0)
(0,0,0)
(0,0,0)
(0,0,0)
(0,0,0)
(0,0,0)
(0,0,0)
(0,0,0)
(0,0,0)
(0,0,0)
(0,0,0)
(0,0,0)
(0,0,0)
(0,0,0)
(0,0,0)
(0,0,0)
(0,0,0)
(0,0,0)
(0,0,0)
(0,0,0)
(0,0,0)
(0,0,0)
(0,0,0)
(0,0,0)
(0,0,0)
(0,0,0)
(0,0,0)
(0,0,0)
(0,0,0)
(0,0,0)
(0,0,0)
(0,0,0)
(0,0,0)
(0,0,0)
(0,0,0)
(0,0,0)
(0,0,0)
(0,0,0)
(0,0,0)
(0,0,0)
(0,0,0)
(0,0,0)
(0,0,0)
(0,0,0)
(0,0,0)
(0,0,0)
(0,0,0)
(0,0,0)
(0,0,0)
(0,0,0)
(0,0,0)
(0,0,0)
(0,0,0)
(0,0,0)
(0,0,0)
(0,0,0)
(0,0,0)
(0,0,0)
(0,0,0)
(0,0,0)
(0,0,0)
(0,0,0)
(0,0,0)
(0,0,0)
(0,0,0)
(0,0,0)
(0,0,0)
(0,0,0)
(0,0,0)
(0,0,0)
(0,0,0)
(0,0,0)
(0,0,0)
(0,0,0)
(0,0,0)
(0,0,0)
(0,0,0)
(0,0,0)
(0,0,0)
(0,0,0)
(0,0,0)
(2.31048415850043e-13,-3.36744605855304e-11,3.6799936193846e-11)
(-3.282456314374e-13,-6.78385055928489e-11,3.45078080282507e-11)
(-3.16313335093408e-13,-1.06226184707425e-10,2.97183464028272e-11)
(1.59780862451636e-13,-1.52703970178425e-10,2.23534251609718e-11)
(1.95370443339316e-12,-2.10108886844321e-10,1.23347712111633e-11)
(4.79231817848679e-12,-2.8316240854118e-10,-2.25963594461717e-13)
(8.47826760870575e-12,-3.6918085201232e-10,-1.28650472864711e-11)
(1.03727063922633e-11,-4.52972522506548e-10,-1.59315256734138e-11)
(1.02274495500655e-11,-5.19765307375266e-10,-1.14576807783516e-11)
(8.99514699300705e-12,-5.5778468713368e-10,-5.44317309819037e-12)
(0,0,0)
(0,0,0)
(0,0,0)
(0,0,0)
(0,0,0)
(0,0,0)
(-2.90977772557034e-13,-3.16034676733857e-11,7.65376917066053e-11)
(-1.08542924337701e-12,-6.37756577451083e-11,7.20479274997461e-11)
(-1.27590317858239e-12,-9.96526209420289e-11,6.28601414715803e-11)
(-6.9929036011698e-13,-1.429443853281e-10,4.84131786207452e-11)
(2.47479307668357e-12,-1.96966927611629e-10,2.7439968259619e-11)
(9.78279433638957e-12,-2.68944992795933e-10,-2.60454416019047e-12)
(2.23751144255883e-11,-3.62964731770153e-10,-3.94943782141594e-11)
(2.4819418946212e-11,-4.5423451921561e-10,-4.28516976552568e-11)
(2.17042532643032e-11,-5.23520961997619e-10,-2.73568099846398e-11)
(1.84009769816966e-11,-5.61609462940047e-10,-1.19694374679837e-11)
(0,0,0)
(0,0,0)
(0,0,0)
(0,0,0)
(0,0,0)
(0,0,0)
(-7.87349405294109e-13,-2.77165802407052e-11,1.20807088301741e-10)
(-1.73078899353544e-12,-5.5671297363827e-11,1.14806490294113e-10)
(-2.22519289542021e-12,-8.63889592662424e-11,1.02693204205795e-10)
(-1.71697669538516e-12,-1.22278617686536e-10,8.28400183854218e-11)
(2.33238721341492e-12,-1.65381636496718e-10,5.10974508535261e-11)
(1.54459714207848e-11,-2.26475289397316e-10,-1.75482703551465e-12)
(5.77435137140455e-11,-3.45798228930962e-10,-1.06231187442584e-10)
(5.0725570165965e-11,-4.58320608699536e-10,-9.60129314368009e-11)
(3.58304869557951e-11,-5.31309410260113e-10,-4.71687232203257e-11)
(2.85998943731885e-11,-5.6794815975314e-10,-1.70096501558889e-11)
(0,0,0)
(0,0,0)
(0,0,0)
(0,0,0)
(0,0,0)
(0,0,0)
(-9.15643945063864e-13,-2.2406672372908e-11,1.71024292389854e-10)
(-2.80866770957237e-12,-4.44287008544409e-11,1.64638639907545e-10)
(-3.57560319527398e-12,-6.75463797316153e-11,1.51387424760692e-10)
(-3.65625201202011e-12,-9.09685521105457e-11,1.29511717266381e-10)
(-1.93195791893167e-12,-1.10154624777827e-10,9.55286818214431e-11)
(4.37508128477196e-12,-1.08397632959464e-10,4.81635064135298e-11)
(-2.97205827496155e-13,-2.98603972151299e-10,1.11478653197311e-11)
(1.08242134231446e-10,-4.74202024876684e-10,-2.0490495973647e-10)
(5.10028658509112e-11,-5.4570933297413e-10,-5.78197369328883e-11)
(3.71302233602522e-11,-5.75059121730109e-10,-1.37687967065062e-11)
(0,0,0)
(0,0,0)
(0,0,0)
(0,0,0)
(0,0,0)
(0,0,0)
(-1.77241556509263e-12,-1.66297367787968e-11,2.28852080061429e-10)
(-4.54559965362155e-12,-3.24179607092603e-11,2.22569378335998e-10)
(-6.37739271493708e-12,-4.72597732130402e-11,2.09473896162016e-10)
(-7.1993586823554e-12,-5.89809748653926e-11,1.8743381309931e-10)
(-5.85513761616021e-12,-6.39789150331916e-11,1.51655388202688e-10)
(6.50651529705436e-13,-6.01261196944204e-11,9.40510680893322e-11)
(5.01715916794272e-18,9.25873079534848e-17,-2.49774735375257e-17)
(2.41893747363712e-11,-5.26674792788314e-10,2.45042150055635e-11)
(3.50461986268123e-11,-5.6263695400483e-10,1.84441325059955e-11)
(3.33924952817986e-11,-5.75502015686731e-10,1.44776155482579e-11)
(0,0,0)
(0,0,0)
(0,0,0)
(0,0,0)
(0,0,0)
(0,0,0)
(-2.10563667327814e-12,-1.11480964912578e-11,2.94387525999316e-10)
(-5.51880586255684e-12,-2.12207419606672e-11,2.88877321024268e-10)
(-8.95125403676884e-12,-2.81827429113501e-11,2.77097531770259e-10)
(-1.23215965676521e-11,-2.92725963748969e-11,2.56709088825916e-10)
(-1.30864104097419e-11,-2.02592366985064e-11,2.20819976773331e-10)
(-7.51313941363307e-12,-3.27042727126641e-12,1.51354819867158e-10)
(6.09148469750663e-18,6.21568374597223e-17,-3.35188121805077e-17)
(3.37008856203543e-11,-5.0229887977674e-10,6.80234018213921e-11)
(2.75036977799431e-11,-5.42284185618959e-10,8.40367788233286e-11)
(2.68305766204461e-11,-5.49558427314725e-10,4.83503508105644e-11)
(0,0,0)
(0,0,0)
(0,0,0)
(0,0,0)
(0,0,0)
(0,0,0)
(-3.32100739374613e-12,-6.52723303340268e-12,3.63548112874342e-10)
(-7.10205445885543e-12,-1.17942582873063e-11,3.59059457618223e-10)
(-1.13447796001098e-11,-1.24729913290725e-11,3.49763668385013e-10)
(-1.74234120164493e-11,-4.40949938216725e-12,3.34735903782425e-10)
(-2.50910340779612e-11,2.17391102939222e-11,3.07427914742533e-10)
(-3.42277845481176e-11,6.9458424096395e-11,2.4092405930071e-10)
(4.53863918250448e-18,7.76936924259576e-17,-1.06360572643607e-16)
(-3.51699050058599e-11,-4.8178447049375e-10,3.34004849752752e-10)
(9.7437606459255e-12,-4.91841695078143e-10,1.93450586724316e-10)
(1.89514432935851e-11,-4.91298408105e-10,9.1236364903148e-11)
(0,0,0)
(0,0,0)
(0,0,0)
(0,0,0)
(0,0,0)
(0,0,0)
(-4.35007039469553e-12,-3.01135687937846e-12,4.30117792649808e-10)
(-8.95504822585954e-12,-5.30565903023673e-12,4.27102260756282e-10)
(-1.32238832949054e-11,-3.56085812469049e-12,4.21461978652192e-10)
(-2.10119530459304e-11,8.31637928608128e-12,4.14742427595986e-10)
(-4.16412590085149e-11,4.86158166895454e-11,4.09770060521284e-10)
(-1.19587030368384e-10,1.77955592329552e-10,4.19017597186798e-10)
(6.0508774149318e-11,-3.27024313088173e-10,4.87649572586148e-10)
(1.23202309893397e-11,-3.72847070065909e-10,3.76313240771171e-10)
(1.38303594357086e-11,-3.88431680413353e-10,2.41088551256298e-10)
(1.6675549684447e-11,-3.94069005447868e-10,1.17221188722999e-10)
(0,0,0)
(0,0,0)
(0,0,0)
(0,0,0)
(0,0,0)
(0,0,0)
(-4.95578170302291e-12,-6.96269528378479e-13,4.86372342673552e-10)
(-1.01276316493113e-11,-2.24671213903472e-12,4.84848092218707e-10)
(-1.35986523662629e-11,-2.31090484791663e-12,4.81188175135247e-10)
(-1.78869291662974e-11,8.09916796735826e-13,4.76641188588925e-10)
(-2.45684282525403e-11,5.4885371352733e-12,4.72719764133668e-10)
(-3.19121034941434e-11,-7.54965845282691e-12,4.70328652708833e-10)
(8.06431587557267e-12,-1.6743977953807e-10,4.6247790606215e-10)
(9.84311995470632e-12,-2.33046139854164e-10,3.75852499998983e-10)
(1.26045146801327e-11,-2.60804764871124e-10,2.5686434142523e-10)
(1.44280415939509e-11,-2.72012428955138e-10,1.29193979132468e-10)
(0,0,0)
(0,0,0)
(0,0,0)
(0,0,0)
(0,0,0)
(0,0,0)
(-5.43736793484135e-12,7.98778755589393e-14,5.18540211128159e-10)
(-1.05585140059213e-11,-8.78645833458741e-13,5.17424626692085e-10)
(-1.39371804407725e-11,-1.58199368174894e-12,5.1400040174882e-10)
(-1.62206298609983e-11,-2.38538501266623e-12,5.08941793831318e-10)
(-1.65004725237575e-11,-6.63826635768017e-12,5.01640509956678e-10)
(-1.35163176693285e-11,-2.45311800181984e-11,4.87171392314256e-10)
(5.06931149871827e-13,-7.77145265330258e-11,4.53947676966602e-10)
(6.69513212970835e-12,-1.11938070208999e-10,3.74389395115902e-10)
(1.08653902418625e-11,-1.30186797003277e-10,2.62908728871328e-10)
(1.32710569225904e-11,-1.38582187023049e-10,1.34928403638488e-10)
(0,0,0)
(0,0,0)
(0,0,0)
(0,0,0)
(0,0,0)
(0,0,0)
(0,0,0)
(0,0,0)
(0,0,0)
(0,0,0)
(0,0,0)
(0,0,0)
(0,0,0)
(0,0,0)
(0,0,0)
(0,0,0)
(0,0,0)
(0,0,0)
(0,0,0)
(0,0,0)
(0,0,0)
(0,0,0)
(0,0,0)
(0,0,0)
(0,0,0)
(0,0,0)
(0,0,0)
(0,0,0)
(0,0,0)
(0,0,0)
(0,0,0)
(0,0,0)
(0,0,0)
(0,0,0)
(0,0,0)
(0,0,0)
(0,0,0)
(0,0,0)
(0,0,0)
(0,0,0)
(0,0,0)
(0,0,0)
(0,0,0)
(0,0,0)
(0,0,0)
(0,0,0)
(0,0,0)
(0,0,0)
(0,0,0)
(0,0,0)
(0,0,0)
(0,0,0)
(0,0,0)
(0,0,0)
(0,0,0)
(0,0,0)
(0,0,0)
(0,0,0)
(0,0,0)
(0,0,0)
(0,0,0)
(0,0,0)
(0,0,0)
(0,0,0)
(0,0,0)
(0,0,0)
(0,0,0)
(0,0,0)
(0,0,0)
(0,0,0)
(0,0,0)
(0,0,0)
(0,0,0)
(0,0,0)
(0,0,0)
(0,0,0)
(0,0,0)
(0,0,0)
(0,0,0)
(0,0,0)
(0,0,0)
(0,0,0)
(0,0,0)
(0,0,0)
(0,0,0)
(0,0,0)
(0,0,0)
(0,0,0)
(0,0,0)
(0,0,0)
(0,0,0)
(0,0,0)
(0,0,0)
(0,0,0)
(0,0,0)
(0,0,0)
(0,0,0)
(0,0,0)
(0,0,0)
(0,0,0)
(0,0,0)
(0,0,0)
(4.52183669327996e-13,-3.17141822990433e-11,3.38708188265142e-11)
(3.98368146223529e-13,-6.55899903708554e-11,3.20507571304065e-11)
(4.75044141389787e-13,-1.0420171713665e-10,2.79026090993556e-11)
(4.18849961929361e-13,-1.48801650709738e-10,2.15288325272413e-11)
(1.37248000631904e-12,-2.01467324732451e-10,1.33725402435516e-11)
(3.21398612524115e-12,-2.65219134579796e-10,4.10657674946959e-12)
(5.32862575345268e-12,-3.37179063972852e-10,-4.46582720327135e-12)
(7.16085820629278e-12,-4.05207316014067e-10,-7.74673583723858e-12)
(7.96859649224746e-12,-4.58894094092785e-10,-6.22485487851133e-12)
(7.37674970117493e-12,-4.88297485647064e-10,-2.97736346095317e-12)
(0,0,0)
(0,0,0)
(0,0,0)
(0,0,0)
(0,0,0)
(0,0,0)
(3.11899001633451e-13,-2.99219638173647e-11,7.10818957343647e-11)
(-2.00359646912286e-15,-6.18240609040943e-11,6.7288935195877e-11)
(-9.26020035545172e-14,-9.7927104675784e-11,5.95078958516218e-11)
(-3.91847640568627e-13,-1.40295736701296e-10,4.75549894695468e-11)
(9.34014381584217e-13,-1.91202277418333e-10,3.11970893102501e-11)
(4.20292499175031e-12,-2.5489473939398e-10,1.0038997981847e-11)
(8.56593102750708e-12,-3.31598857919045e-10,-1.26126263236928e-11)
(1.34106207595165e-11,-4.03952226272494e-10,-1.85462991421877e-11)
(1.41053290101842e-11,-4.59178604189569e-10,-1.34317838579379e-11)
(1.2770236326862e-11,-4.88736540198679e-10,-6.10057784849142e-12)
(0,0,0)
(0,0,0)
(0,0,0)
(0,0,0)
(0,0,0)
(0,0,0)
(-9.66592654364266e-14,-2.65520269415784e-11,1.13314728058183e-10)
(-8.60099414619338e-13,-5.48179441655013e-11,1.08019145210162e-10)
(-1.21458660965006e-12,-8.6432912688929e-11,9.77102050124245e-11)
(-1.28447473946477e-12,-1.23789701945405e-10,8.13240213357203e-11)
(-4.23466164552216e-14,-1.68836271493254e-10,5.65770378672627e-11)
(1.84467538996893e-12,-2.29445286980535e-10,1.99710746028221e-11)
(3.31000928609657e-13,-3.21044655121729e-10,-3.04973226395393e-11)
(1.77627781266666e-11,-4.02424681516875e-10,-3.35555768307282e-11)
(2.00713366053314e-11,-4.60041528534622e-10,-1.84238376831656e-11)
(1.87012061942506e-11,-4.89156823682246e-10,-6.68052905712563e-12)
(0,0,0)
(0,0,0)
(0,0,0)
(0,0,0)
(0,0,0)
(0,0,0)
(-3.06927056886137e-13,-2.19465549360493e-11,1.60839708498022e-10)
(-1.56819270791016e-12,-4.54486095349897e-11,1.5537707413221e-10)
(-1.98650221952467e-12,-7.08615634342721e-11,1.44401709530717e-10)
(-1.66079381225169e-12,-9.93296629992247e-11,1.26113759807601e-10)
(-7.42492255636265e-13,-1.31379589082784e-10,9.71577370181011e-11)
(-6.88079088647991e-12,-1.76776022671909e-10,4.90768581324871e-11)
(-8.28484455098792e-11,-3.17131609332811e-10,-6.29497749191e-11)
(1.36296793395098e-11,-4.06785113941719e-10,-3.91372327981401e-11)
(2.38795466552472e-11,-4.61793663549918e-10,-1.00248604571267e-11)
(2.38043206103469e-11,-4.87404941801976e-10,1.43080038087294e-13)
(0,0,0)
(0,0,0)
(0,0,0)
(0,0,0)
(0,0,0)
(0,0,0)
(-9.71354127180105e-13,-1.72444956866919e-11,2.12945491576917e-10)
(-2.6473362282461e-12,-3.57053481799859e-11,2.07882702761308e-10)
(-3.41433995392266e-12,-5.37338845117384e-11,1.97156804539124e-10)
(-1.12931227622429e-12,-7.11675291718229e-11,1.79251243529991e-10)
(8.02950416251314e-12,-8.3758990785299e-11,1.52848239823988e-10)
(3.78460521733832e-11,-6.95829309273545e-11,1.20745586428852e-10)
(-2.45042045354075e-11,-4.09346347254003e-10,1.09823611933249e-10)
(5.87354422432751e-12,-4.26757927948651e-10,5.56849669713702e-11)
(1.86599471986373e-11,-4.60074958478405e-10,3.73267554113128e-11)
(2.19265224580802e-11,-4.77496869713292e-10,2.07054982202865e-11)
(0,0,0)
(0,0,0)
(0,0,0)
(0,0,0)
(0,0,0)
(0,0,0)
(-1.21629515610234e-12,-1.28012124590921e-11,2.69737847263737e-10)
(-3.1655002819076e-12,-2.61929573318502e-11,2.65054175844882e-10)
(-4.2725626746745e-12,-3.74832444777926e-11,2.54999051336584e-10)
(-1.29558150782097e-12,-4.60253098352023e-11,2.38956502090019e-10)
(1.43803995040085e-11,-4.80656533946031e-11,2.1677891153196e-10)
(7.11128626046922e-11,-2.97572341081052e-11,1.9375653215436e-10)
(-6.80234447855744e-11,-3.74027123792107e-10,1.95490437360792e-10)
(-2.8269006645678e-12,-4.05997411733181e-10,1.31420910985027e-10)
(1.2747635251939e-11,-4.35050567575937e-10,9.00603218513876e-11)
(1.69209082212508e-11,-4.48174858567116e-10,4.63299620183713e-11)
(0,0,0)
(0,0,0)
(0,0,0)
(0,0,0)
(0,0,0)
(0,0,0)
(-2.3482282916429e-12,-8.52428538168596e-12,3.27380778117302e-10)
(-4.29486448274512e-12,-1.73480087284657e-11,3.23179960611129e-10)
(-5.22914820189516e-12,-2.37930068836238e-11,3.14472335403677e-10)
(-2.84130164482022e-12,-2.6153960662636e-11,3.02259787114819e-10)
(1.45361149682533e-11,-1.88329353198959e-11,2.88742452329213e-10)
(9.81992128800064e-11,2.16762747903609e-11,2.90581849457116e-10)
(-6.98056079280026e-12,-3.69787327338763e-10,4.14365673829109e-10)
(-3.55304240530576e-12,-3.68553426729936e-10,2.51192856749828e-10)
(8.54796780236869e-12,-3.86104002953093e-10,1.5400555390565e-10)
(1.29584055395899e-11,-3.95120777443335e-10,7.480914794916e-11)
(0,0,0)
(0,0,0)
(0,0,0)
(0,0,0)
(0,0,0)
(0,0,0)
(-3.64962585215605e-12,-5.15816598467326e-12,3.80771427776846e-10)
(-6.37371301299458e-12,-1.04028710765045e-11,3.77199387048436e-10)
(-7.7542855154784e-12,-1.46554846389671e-11,3.70478007212486e-10)
(-8.53312348187968e-12,-1.62016583690082e-11,3.61821387534757e-10)
(-7.76151611974996e-12,-1.48890514972151e-11,3.53425724806604e-10)
(-2.7137549853527e-12,-2.79371511894454e-11,3.51649028245765e-10)
(1.22605724142042e-11,-2.18194820805359e-10,3.63150066795999e-10)
(7.74399029246364e-12,-2.78703772541341e-10,2.82746226915993e-10)
(1.00708064267576e-11,-3.052987737962e-10,1.87962690360662e-10)
(1.1840161914703e-11,-3.15764995527296e-10,9.35113715156368e-11)
(0,0,0)
(0,0,0)
(0,0,0)
(0,0,0)
(0,0,0)
(0,0,0)
(-4.20767865208361e-12,-2.67375409635422e-12,4.24160198262172e-10)
(-7.83578087143617e-12,-5.93437041908463e-12,4.21321650677001e-10)
(-9.78057698609701e-12,-9.53168734129899e-12,4.1581432578263e-10)
(-1.0770202901644e-11,-1.33293491673203e-11,4.07956471806733e-10)
(-1.00505133347531e-11,-2.1235181486649e-11,3.98052215777552e-10)
(-7.07983528211731e-12,-4.78891848180813e-11,3.84552858966657e-10)
(4.96446893372549e-12,-1.32538378328702e-10,3.60153780051869e-10)
(7.72320888330049e-12,-1.8230443569489e-10,2.92658735315559e-10)
(9.65690910504645e-12,-2.07549725287017e-10,2.02244114046521e-10)
(1.01917787943383e-11,-2.17860555454159e-10,1.02637194377495e-10)
(0,0,0)
(0,0,0)
(0,0,0)
(0,0,0)
(0,0,0)
(0,0,0)
(-4.24190562320818e-12,-1.09578736851035e-12,4.48546683207277e-10)
(-8.01293489611491e-12,-2.82716445192039e-12,4.45600219535979e-10)
(-1.04605662050191e-11,-4.94629033763658e-12,4.39896889346951e-10)
(-1.13047309990249e-11,-8.01972971052292e-12,4.3134884483517e-10)
(-8.66962123901572e-12,-1.47528237116105e-11,4.18970818080522e-10)
(-4.82378233987179e-12,-3.12326711308362e-11,3.98806796172261e-10)
(2.35068646754228e-12,-6.45808011002133e-11,3.626432607431e-10)
(6.23772816528123e-12,-8.98363530944153e-11,2.9722059184624e-10)
(8.65891847142239e-12,-1.04462214479347e-10,2.08768533657155e-10)
(9.61727353802991e-12,-1.11009638625552e-10,1.07148132258578e-10)
(0,0,0)
(0,0,0)
(0,0,0)
(0,0,0)
(0,0,0)
(0,0,0)
(0,0,0)
(0,0,0)
(0,0,0)
(0,0,0)
(0,0,0)
(0,0,0)
(0,0,0)
(0,0,0)
(0,0,0)
(0,0,0)
(0,0,0)
(0,0,0)
(0,0,0)
(0,0,0)
(0,0,0)
(0,0,0)
(0,0,0)
(0,0,0)
(0,0,0)
(0,0,0)
(0,0,0)
(0,0,0)
(0,0,0)
(0,0,0)
(0,0,0)
(0,0,0)
(0,0,0)
(0,0,0)
(0,0,0)
(0,0,0)
(0,0,0)
(0,0,0)
(0,0,0)
(0,0,0)
(0,0,0)
(0,0,0)
(0,0,0)
(0,0,0)
(0,0,0)
(0,0,0)
(0,0,0)
(0,0,0)
(0,0,0)
(0,0,0)
(0,0,0)
(0,0,0)
(0,0,0)
(0,0,0)
(0,0,0)
(0,0,0)
(0,0,0)
(0,0,0)
(0,0,0)
(0,0,0)
(0,0,0)
(0,0,0)
(0,0,0)
(0,0,0)
(0,0,0)
(0,0,0)
(0,0,0)
(0,0,0)
(0,0,0)
(0,0,0)
(0,0,0)
(0,0,0)
(0,0,0)
(0,0,0)
(0,0,0)
(0,0,0)
(0,0,0)
(0,0,0)
(0,0,0)
(0,0,0)
(0,0,0)
(0,0,0)
(0,0,0)
(0,0,0)
(0,0,0)
(0,0,0)
(0,0,0)
(0,0,0)
(0,0,0)
(0,0,0)
(0,0,0)
(0,0,0)
(0,0,0)
(0,0,0)
(0,0,0)
(0,0,0)
(0,0,0)
(0,0,0)
(0,0,0)
(0,0,0)
(0,0,0)
(0,0,0)
(4.80026883782118e-13,-3.06208600681903e-11,3.04962185225144e-11)
(7.80586710502401e-13,-6.38072127622207e-11,2.90766944023282e-11)
(5.74208252639658e-13,-1.02462473550137e-10,2.59728293008217e-11)
(6.92282371763562e-14,-1.4529798865497e-10,2.09631047106669e-11)
(3.73396186270739e-13,-1.95268045402083e-10,1.47363168043412e-11)
(1.4619948921906e-12,-2.5309505704916e-10,8.12259540647995e-12)
(3.02932833362242e-12,-3.15130455914545e-10,2.12817324378729e-12)
(4.38388750595406e-12,-3.72056409097246e-10,-9.39659984792808e-13)
(5.00561517147193e-12,-4.17907474551485e-10,-1.14139328220587e-12)
(4.83844079185595e-12,-4.43655128454147e-10,-3.32059462823319e-13)
(0,0,0)
(0,0,0)
(0,0,0)
(0,0,0)
(0,0,0)
(0,0,0)
(7.34922664342131e-13,-2.88950598209916e-11,6.47037706502397e-11)
(7.72919009166455e-13,-6.05335672069366e-11,6.20220118511667e-11)
(3.6611239166123e-13,-9.74475420025741e-11,5.61453226771339e-11)
(-5.39982237141849e-13,-1.39226257772939e-10,4.67288864897099e-11)
(-2.73900215107971e-13,-1.88382433555443e-10,3.43355637820672e-11)
(1.40509688385098e-12,-2.46231146353088e-10,1.98860351166685e-11)
(3.9454010487057e-12,-3.10547625624872e-10,5.72604983364492e-12)
(6.76856071962e-12,-3.69668037370516e-10,-9.58293427056153e-13)
(7.63704734580731e-12,-4.15982936214596e-10,-1.68674627055728e-12)
(7.08994196193446e-12,-4.41344964602516e-10,-3.30052990617569e-13)
(0,0,0)
(0,0,0)
(0,0,0)
(0,0,0)
(0,0,0)
(0,0,0)
(5.93451577068466e-13,-2.61076843899913e-11,1.05712581473608e-10)
(7.95061526066292e-14,-5.4739807026457e-11,1.01834967053883e-10)
(-3.99752187608155e-13,-8.81636597574751e-11,9.39117627632853e-11)
(-9.97530217183306e-13,-1.27055767385642e-10,8.08573389930359e-11)
(-8.93065762470515e-13,-1.7355075457336e-10,6.22405192592409e-11)
(-3.56191676264866e-13,-2.30929017926663e-10,3.83825778562613e-11)
(-5.23790669212747e-13,-3.0165252377975e-10,1.28121641896969e-11)
(6.99147140398285e-12,-3.65081591932845e-10,2.89514313641266e-12)
(1.00801629945927e-11,-4.12850250114636e-10,1.93582710445843e-12)
(1.0268795256855e-11,-4.37425450347781e-10,1.78167691335119e-12)
(0,0,0)
(0,0,0)
(0,0,0)
(0,0,0)
(0,0,0)
(0,0,0)
(4.53648059565282e-13,-2.22225070305322e-11,1.51161954963794e-10)
(-3.36089461414194e-13,-4.70398532150544e-11,1.47054729952886e-10)
(-8.26231418924788e-13,-7.54894769259294e-11,1.38661562423869e-10)
(-8.66904850161935e-13,-1.08908357321433e-10,1.23899189647222e-10)
(-2.82211667527372e-13,-1.49816897676059e-10,1.01495833505082e-10)
(-2.04724957944466e-12,-2.0555441380455e-10,7.12191142636078e-11)
(-1.44462497096413e-11,-2.9275331271597e-10,3.31349715260057e-11)
(4.49012100539856e-12,-3.59860893602069e-10,2.05475836580413e-11)
(1.19929010884801e-11,-4.06538229939584e-10,1.62411650997777e-11)
(1.40393285597453e-11,-4.29459919316504e-10,9.4575801190976e-12)
(0,0,0)
(0,0,0)
(0,0,0)
(0,0,0)
(0,0,0)
(0,0,0)
(-3.51848539168756e-13,-1.81107308037208e-11,1.99831581410053e-10)
(-1.43382885420052e-12,-3.88367887215649e-11,1.96057515914899e-10)
(-1.7594189787288e-12,-6.11728346145947e-11,1.87466627904626e-10)
(1.31472093147478e-13,-8.70972399889589e-11,1.72548849646755e-10)
(4.43882016696045e-12,-1.19834254631856e-10,1.51325805510567e-10)
(8.94232984974602e-12,-1.69436221129382e-10,1.26240297790467e-10)
(-5.68478303540336e-12,-2.92815440061665e-10,1.01656026176692e-10)
(3.47123956891818e-12,-3.53360491598658e-10,7.13373021804617e-11)
(1.02568134872304e-11,-3.92890234040236e-10,4.7875784025053e-11)
(1.33100095321732e-11,-4.12347704337376e-10,2.4577288267191e-11)
(0,0,0)
(0,0,0)
(0,0,0)
(0,0,0)
(0,0,0)
(0,0,0)
(-8.09550814629314e-13,-1.44735812758538e-11,2.52096544865849e-10)
(-1.95532437698853e-12,-3.06508391705406e-11,2.47946469265955e-10)
(-1.92025102229332e-12,-4.69416016065743e-11,2.39108477362007e-10)
(1.01065987767912e-12,-6.59198731652346e-11,2.25268276581863e-10)
(8.17006080690812e-12,-9.2027806785585e-11,2.07381637842532e-10)
(1.7945448499838e-11,-1.38322498788256e-10,1.88340466585603e-10)
(-8.19371486307765e-12,-2.67924914330602e-10,1.6991078428284e-10)
(1.08970346580811e-12,-3.28606809629012e-10,1.28136029657254e-10)
(7.53143046212696e-12,-3.63832710953037e-10,8.63646092624249e-11)
(1.01967891158536e-11,-3.80443093652807e-10,4.3734117477038e-11)
(0,0,0)
(0,0,0)
(0,0,0)
(0,0,0)
(0,0,0)
(0,0,0)
(-1.5135301825053e-12,-1.06385525054891e-11,3.02629315471887e-10)
(-2.53237692723774e-12,-2.24555655214864e-11,2.98485755201751e-10)
(-2.15412215769629e-12,-3.40046874917895e-11,2.89941825787286e-10)
(7.23730847144293e-13,-4.78453671284472e-11,2.78073845490081e-10)
(8.75283401769674e-12,-6.79782455339989e-11,2.64719948750301e-10)
(2.40288144878148e-11,-1.06948860155812e-10,2.5427664474293e-10)
(4.59974975311028e-12,-2.35020771453851e-10,2.52773982128602e-10)
(3.78460625023688e-12,-2.87960873174866e-10,1.91317305545205e-10)
(6.93914460193117e-12,-3.1752481836515e-10,1.27072935130074e-10)
(8.41177157272981e-12,-3.31297307293878e-10,6.37136386353193e-11)
(0,0,0)
(0,0,0)
(0,0,0)
(0,0,0)
(0,0,0)
(0,0,0)
(-2.56199701205928e-12,-7.37230011258211e-12,3.48063845420793e-10)
(-4.12083383448062e-12,-1.51846713315118e-11,3.44136278529438e-10)
(-4.22146313540789e-12,-2.35681147874221e-11,3.36410331238042e-10)
(-3.00976995540624e-12,-3.50120138438085e-11,3.25616812155846e-10)
(3.61310430532118e-13,-5.27010715034475e-11,3.12857448961525e-10)
(5.73724009309555e-12,-8.82764515076668e-11,2.9885572317455e-10)
(7.00796981749501e-12,-1.72781101786493e-10,2.79501501455394e-10)
(6.12819000134914e-12,-2.23504111167944e-10,2.23996000986155e-10)
(6.77307676261879e-12,-2.51257700214544e-10,1.53447313417449e-10)
(7.44709335719798e-12,-2.63508223382433e-10,7.76915846439723e-11)
(0,0,0)
(0,0,0)
(0,0,0)
(0,0,0)
(0,0,0)
(0,0,0)
(-2.94709779476437e-12,-4.90255544186639e-12,3.83412191233286e-10)
(-5.43566194421895e-12,-9.60225725094819e-12,3.79479348572535e-10)
(-6.50812001384769e-12,-1.5258672627061e-11,3.72072633262616e-10)
(-6.17556632926519e-12,-2.46498954023375e-11,3.61210562788639e-10)
(-3.03351429891843e-12,-3.94468043410401e-11,3.46349059798764e-10)
(6.62729945401162e-13,-6.62769849274857e-11,3.2618044274428e-10)
(4.50193644158548e-12,-1.14125022395198e-10,2.95108196283126e-10)
(5.66974755185469e-12,-1.50531063524306e-10,2.39736190993443e-10)
(6.17631796641017e-12,-1.72184705871986e-10,1.67192322881188e-10)
(5.97805634322028e-12,-1.81929754437584e-10,8.55332005772351e-11)
(0,0,0)
(0,0,0)
(0,0,0)
(0,0,0)
(0,0,0)
(0,0,0)
(-2.39122932042073e-12,-2.60157135454934e-12,4.02805749186941e-10)
(-5.13676915900728e-12,-4.8808949788854e-12,3.9875211396687e-10)
(-6.85881203087472e-12,-7.68921603283473e-12,3.91216406873065e-10)
(-6.94643395489922e-12,-1.31088144717499e-11,3.80114592597996e-10)
(-3.25842304236421e-12,-2.14405272616344e-11,3.63542084027301e-10)
(1.07081958452711e-13,-3.56586506382529e-11,3.39922324992161e-10)
(3.19255426417943e-12,-5.7005847637772e-11,3.03523093027859e-10)
(4.85343325995179e-12,-7.56515548350351e-11,2.47628316289867e-10)
(5.81710539064633e-12,-8.74496584453882e-11,1.7402734121679e-10)
(5.75576717104724e-12,-9.30972722190431e-11,8.96148806405262e-11)
(0,0,0)
(0,0,0)
(0,0,0)
(0,0,0)
(0,0,0)
(0,0,0)
(0,0,0)
(0,0,0)
(0,0,0)
(0,0,0)
(0,0,0)
(0,0,0)
(0,0,0)
(0,0,0)
(0,0,0)
(0,0,0)
(0,0,0)
(0,0,0)
(0,0,0)
(0,0,0)
(0,0,0)
(0,0,0)
(0,0,0)
(0,0,0)
(0,0,0)
(0,0,0)
(0,0,0)
(0,0,0)
(0,0,0)
(0,0,0)
(0,0,0)
(0,0,0)
(0,0,0)
(0,0,0)
(0,0,0)
(0,0,0)
(0,0,0)
(0,0,0)
(0,0,0)
(0,0,0)
(0,0,0)
(0,0,0)
(0,0,0)
(0,0,0)
(0,0,0)
(0,0,0)
(0,0,0)
(0,0,0)
(0,0,0)
(0,0,0)
(0,0,0)
(0,0,0)
(0,0,0)
(0,0,0)
(0,0,0)
(0,0,0)
(0,0,0)
(0,0,0)
(0,0,0)
(0,0,0)
(0,0,0)
(0,0,0)
(0,0,0)
(0,0,0)
(0,0,0)
(0,0,0)
(0,0,0)
(0,0,0)
(0,0,0)
(0,0,0)
(0,0,0)
(0,0,0)
(0,0,0)
(0,0,0)
(0,0,0)
(0,0,0)
(0,0,0)
(0,0,0)
(0,0,0)
(0,0,0)
(0,0,0)
(0,0,0)
(0,0,0)
(0,0,0)
(0,0,0)
(0,0,0)
(0,0,0)
(0,0,0)
(0,0,0)
(0,0,0)
(0,0,0)
(0,0,0)
(0,0,0)
(0,0,0)
(0,0,0)
(0,0,0)
(0,0,0)
(0,0,0)
(0,0,0)
(0,0,0)
(0,0,0)
(0,0,0)
(1.73750756800623e-13,-3.02710933813004e-11,2.84119693074534e-11)
(6.10806256696693e-13,-6.32977707720776e-11,2.70076871585106e-11)
(5.69001295228044e-13,-1.01100901718957e-10,2.4565527450069e-11)
(2.24285261480434e-13,-1.42496718494714e-10,2.06349427226889e-11)
(1.01505737478795e-13,-1.91807628609861e-10,1.5696093126288e-11)
(5.92506358833022e-13,-2.46675745750414e-10,1.01392417175831e-11)
(1.51433127251987e-12,-3.03204279450781e-10,5.18131839197569e-12)
(2.19724907664305e-12,-3.55357105338298e-10,2.5305546808101e-12)
(2.27174301520221e-12,-3.97811192536341e-10,1.93311594750939e-12)
(2.19621747739122e-12,-4.21417254714388e-10,1.29014185483752e-12)
(0,0,0)
(0,0,0)
(0,0,0)
(0,0,0)
(0,0,0)
(0,0,0)
(6.29306032419891e-13,-2.86930604755687e-11,5.98468128332995e-11)
(8.55848002725969e-13,-6.02448048069333e-11,5.80651431300576e-11)
(4.98666334004717e-13,-9.66013156963668e-11,5.38821181435678e-11)
(-3.17149916812941e-13,-1.37333583636817e-10,4.65236714095244e-11)
(-6.56050531796927e-13,-1.86149271463689e-10,3.66648792074749e-11)
(2.62953740451636e-13,-2.4112531606595e-10,2.50755395571054e-11)
(1.73464246428535e-12,-2.99039184467109e-10,1.42786326586705e-11)
(2.91056812545984e-12,-3.52562417528343e-10,7.98028658634685e-12)
(3.14766796591418e-12,-3.94896475428468e-10,5.1288087003006e-12)
(2.84037471658904e-12,-4.17930895382158e-10,3.19384568106323e-12)
(0,0,0)
(0,0,0)
(0,0,0)
(0,0,0)
(0,0,0)
(0,0,0)
(5.85888637360177e-13,-2.62820847398963e-11,9.95729547222002e-11)
(3.02756631797827e-13,-5.52059318177246e-11,9.68897081242035e-11)
(-1.95112489149144e-14,-8.87442026283024e-11,9.0675032199388e-11)
(-5.28120547604025e-13,-1.27791941351589e-10,7.9953085104705e-11)
(-7.68981256781144e-13,-1.75215982345104e-10,6.50219510329536e-11)
(-1.60382131823861e-13,-2.3006545542708e-10,4.66513008581488e-11)
(4.94019320317583e-13,-2.91006195930503e-10,2.92244163661678e-11)
(2.73008910514033e-12,-3.46800371516832e-10,1.864887288206e-11)
(3.92229301062293e-12,-3.89813844443315e-10,1.21691154359892e-11)
(4.08494113893607e-12,-4.11896674984508e-10,6.35905007029404e-12)
(0,0,0)
(0,0,0)
(0,0,0)
(0,0,0)
(0,0,0)
(0,0,0)
(4.49096843684764e-13,-2.30129495045442e-11,1.45373602914175e-10)
(-1.45986425905441e-13,-4.86884992611092e-11,1.41745088469154e-10)
(-3.80500953595257e-13,-7.80417667825372e-11,1.34047706150755e-10)
(-2.74666040493072e-13,-1.13388927827443e-10,1.21248519497654e-10)
(1.18645297327935e-14,-1.57614313427085e-10,1.02998290932153e-10)
(-8.12995170005603e-14,-2.12798953066899e-10,8.04910182378176e-11)
(-1.79673449596352e-12,-2.799366331261e-10,5.69609192082839e-11)
(2.29613756022103e-12,-3.37590524965611e-10,4.01042434359574e-11)
(5.12849016983731e-12,-3.80081486066998e-10,2.71602947165482e-11)
(6.38469369970843e-12,-4.01452683775281e-10,1.38254509789696e-11)
(0,0,0)
(0,0,0)
(0,0,0)
(0,0,0)
(0,0,0)
(0,0,0)
(-2.14932571872981e-13,-1.8935338215825e-11,1.94175602238515e-10)
(-1.0288903949431e-12,-4.11371033686051e-11,1.90611972395767e-10)
(-1.07287372889356e-12,-6.56230810830454e-11,1.81961804932196e-10)
(1.77149405630486e-13,-9.54133653024322e-11,1.68021740253494e-10)
(1.71788004079613e-12,-1.35095176203035e-10,1.49518587067965e-10)
(2.41287912238782e-12,-1.89350153554346e-10,1.27475806314954e-10)
(-2.56584770259815e-13,-2.64876691849753e-10,1.03446991527117e-10)
(2.17907575463891e-12,-3.22350438685961e-10,7.75119286881679e-11)
(4.49778615790963e-12,-3.61618152159582e-10,5.28143282647233e-11)
(5.98268711480593e-12,-3.8124253909661e-10,2.68000779740819e-11)
(0,0,0)
(0,0,0)
(0,0,0)
(0,0,0)
(0,0,0)
(0,0,0)
(-4.94503985098694e-13,-1.55866409449634e-11,2.43895548596953e-10)
(-1.31260612208443e-12,-3.35158262999747e-11,2.39955884327631e-10)
(-1.01696435692825e-12,-5.27558901332511e-11,2.30985048378634e-10)
(8.22792580218753e-13,-7.6733062711253e-11,2.17383835516503e-10)
(3.16167081224191e-12,-1.11334515409234e-10,2.00740011312543e-10)
(5.00149217015935e-12,-1.62908459644095e-10,1.80831728684941e-10)
(6.768968857513e-13,-2.39198213781059e-10,1.56248591619488e-10)
(2.21518740650676e-12,-2.95473762507905e-10,1.21718736421095e-10)
(3.85402965960727e-12,-3.31106115711018e-10,8.36818152388597e-11)
(4.78512023397144e-12,-3.48459774007723e-10,4.26106124566564e-11)
(0,0,0)
(0,0,0)
(0,0,0)
(0,0,0)
(0,0,0)
(0,0,0)
(-6.36222305258989e-13,-1.21414806607513e-11,2.90057706746672e-10)
(-1.25934170275875e-12,-2.58575964730603e-11,2.85932682508746e-10)
(-7.22714564822589e-13,-4.01716416280413e-11,2.77202713212831e-10)
(1.24427430225787e-12,-5.92664459270814e-11,2.65013125590478e-10)
(3.91896399452836e-12,-8.82645619693763e-11,2.50823872176286e-10)
(6.85906845398032e-12,-1.33323830408476e-10,2.33437515652021e-10)
(3.81675666911349e-12,-2.03991461696924e-10,2.09776041834199e-10)
(3.57221465842599e-12,-2.55221653919179e-10,1.66439260107927e-10)
(4.03132294610656e-12,-2.86180883269198e-10,1.14633809314131e-10)
(4.33632629658184e-12,-3.01064041317096e-10,5.84042176114588e-11)
(0,0,0)
(0,0,0)
(0,0,0)
(0,0,0)
(0,0,0)
(0,0,0)
(-1.10417479141249e-12,-8.65267872809458e-12,3.30967563400312e-10)
(-1.97730062366172e-12,-1.83869688798824e-11,3.2708182111588e-10)
(-1.73738621355286e-12,-2.87047685705217e-11,3.18672915224257e-10)
(-6.12525202569353e-13,-4.38329182106034e-11,3.06875260321984e-10)
(1.10876905509656e-12,-6.69592414505875e-11,2.92223684324397e-10)
(3.09199523207318e-12,-1.02803288136693e-10,2.72624669828078e-10)
(3.85739089544775e-12,-1.5683792330155e-10,2.44043313762579e-10)
(3.70382992639976e-12,-1.99843988466933e-10,1.9708040513387e-10)
(3.45581119353714e-12,-2.25919968620425e-10,1.372310359152e-10)
(3.56020905632177e-12,-2.38323497409057e-10,7.01080022845482e-11)
(0,0,0)
(0,0,0)
(0,0,0)
(0,0,0)
(0,0,0)
(0,0,0)
(-1.31523922132637e-12,-5.87111123507667e-12,3.63366968604361e-10)
(-2.75030890635411e-12,-1.19553636119192e-11,3.59356000787953e-10)
(-3.21550613410143e-12,-1.86444998817982e-11,3.50730179496354e-10)
(-2.85514426998165e-12,-2.97938674155812e-11,3.38139832204912e-10)
(-8.71174323844645e-13,-4.6251457899185e-11,3.20944840377987e-10)
(1.1166421173225e-12,-7.11299368391143e-11,2.97811701586948e-10)
(2.75476697385754e-12,-1.06017623777408e-10,2.64694443334509e-10)
(3.33410697483167e-12,-1.36290789321848e-10,2.14960565123275e-10)
(3.10039284376322e-12,-1.55341123796239e-10,1.510511211483e-10)
(2.67877470191848e-12,-1.64655286068187e-10,7.7772394969967e-11)
(0,0,0)
(0,0,0)
(0,0,0)
(0,0,0)
(0,0,0)
(0,0,0)
(-9.39165454898613e-13,-3.17538263998268e-12,3.81250764637404e-10)
(-2.48195704408919e-12,-6.07985122668306e-12,3.77136216542523e-10)
(-3.4462137886393e-12,-9.26965872445164e-12,3.6857440827175e-10)
(-3.48273985595417e-12,-1.54540198586415e-11,3.55858535758659e-10)
(-1.07919126885451e-12,-2.39894934319987e-11,3.36921776044064e-10)
(8.47663284492988e-13,-3.68960364693524e-11,3.11853091343211e-10)
(2.08148336440418e-12,-5.3528978592315e-11,2.75804718158351e-10)
(2.80285349799545e-12,-6.90472383720392e-11,2.24357222930441e-10)
(2.77990752152261e-12,-7.89620047741458e-11,1.58112838056397e-10)
(2.27337559252795e-12,-8.42041163963015e-11,8.19307408037735e-11)
(0,0,0)
(0,0,0)
(0,0,0)
(0,0,0)
(0,0,0)
(0,0,0)
(0,0,0)
(0,0,0)
(0,0,0)
(0,0,0)
(0,0,0)
(0,0,0)
(0,0,0)
(0,0,0)
(0,0,0)
(0,0,0)
(0,0,0)
(0,0,0)
(0,0,0)
(0,0,0)
(0,0,0)
(0,0,0)
(0,0,0)
(0,0,0)
(0,0,0)
(0,0,0)
(0,0,0)
(0,0,0)
(0,0,0)
(0,0,0)
(0,0,0)
(0,0,0)
(0,0,0)
(0,0,0)
(0,0,0)
(0,0,0)
(0,0,0)
(0,0,0)
(0,0,0)
(0,0,0)
(0,0,0)
(0,0,0)
(0,0,0)
(0,0,0)
(0,0,0)
(0,0,0)
(0,0,0)
(0,0,0)
(0,0,0)
(0,0,0)
(0,0,0)
(0,0,0)
(0,0,0)
(0,0,0)
(0,0,0)
(0,0,0)
(0,0,0)
(0,0,0)
(0,0,0)
(0,0,0)
(0,0,0)
(0,0,0)
(0,0,0)
(0,0,0)
(0,0,0)
(0,0,0)
(0,0,0)
(0,0,0)
(0,0,0)
(0,0,0)
(0,0,0)
(0,0,0)
(0,0,0)
(0,0,0)
(0,0,0)
(0,0,0)
(0,0,0)
(0,0,0)
(0,0,0)
(0,0,0)
(0,0,0)
(0,0,0)
(0,0,0)
(0,0,0)
(0,0,0)
(0,0,0)
(0,0,0)
(0,0,0)
(0,0,0)
(0,0,0)
(0,0,0)
(0,0,0)
(0,0,0)
(0,0,0)
(0,0,0)
(0,0,0)
(0,0,0)
(0,0,0)
(0,0,0)
(0,0,0)
(0,0,0)
(0,0,0)
(0,0,0)
(0,0,0)
(0,0,0)
(0,0,0)
(0,0,0)
(0,0,0)
(0,0,0)
(0,0,0)
(0,0,0)
(0,0,0)
(0,0,0)
(0,0,0)
(0,0,0)
(0,0,0)
(0,0,0)
(0,0,0)
(0,0,0)
(0,0,0)
(0,0,0)
(0,0,0)
(0,0,0)
(0,0,0)
(0,0,0)
(0,0,0)
(0,0,0)
(0,0,0)
(0,0,0)
(0,0,0)
(0,0,0)
(0,0,0)
(0,0,0)
(0,0,0)
(0,0,0)
(0,0,0)
(0,0,0)
(0,0,0)
(0,0,0)
(0,0,0)
(0,0,0)
(0,0,0)
(0,0,0)
(0,0,0)
(0,0,0)
(0,0,0)
(0,0,0)
(0,0,0)
(0,0,0)
(0,0,0)
(0,0,0)
(0,0,0)
(0,0,0)
(0,0,0)
(0,0,0)
(0,0,0)
(0,0,0)
(0,0,0)
(0,0,0)
(0,0,0)
(0,0,0)
(0,0,0)
(0,0,0)
(0,0,0)
(0,0,0)
(0,0,0)
(0,0,0)
(0,0,0)
(0,0,0)
(0,0,0)
(0,0,0)
(0,0,0)
(0,0,0)
(0,0,0)
(0,0,0)
(0,0,0)
(0,0,0)
(0,0,0)
(0,0,0)
(0,0,0)
(0,0,0)
(0,0,0)
(0,0,0)
(0,0,0)
(0,0,0)
(0,0,0)
(0,0,0)
(0,0,0)
(0,0,0)
(0,0,0)
(0,0,0)
(0,0,0)
(0,0,0)
(0,0,0)
(0,0,0)
(0,0,0)
(0,0,0)
(0,0,0)
(0,0,0)
(0,0,0)
(0,0,0)
(0,0,0)
(0,0,0)
(0,0,0)
(0,0,0)
(0,0,0)
(0,0,0)
(0,0,0)
(0,0,0)
(0,0,0)
(0,0,0)
(0,0,0)
(0,0,0)
(0,0,0)
(0,0,0)
(0,0,0)
(0,0,0)
(0,0,0)
(0,0,0)
(0,0,0)
(0,0,0)
(0,0,0)
(0,0,0)
(0,0,0)
(0,0,0)
(0,0,0)
(0,0,0)
(0,0,0)
(0,0,0)
(0,0,0)
(0,0,0)
(0,0,0)
(0,0,0)
(0,0,0)
(0,0,0)
(0,0,0)
(0,0,0)
(0,0,0)
(0,0,0)
(0,0,0)
(0,0,0)
(0,0,0)
(0,0,0)
(0,0,0)
(0,0,0)
(0,0,0)
(0,0,0)
(0,0,0)
(0,0,0)
(0,0,0)
(0,0,0)
(0,0,0)
(0,0,0)
(0,0,0)
(0,0,0)
(0,0,0)
(0,0,0)
(0,0,0)
(0,0,0)
(0,0,0)
(0,0,0)
(0,0,0)
(0,0,0)
(0,0,0)
(0,0,0)
(0,0,0)
(0,0,0)
(0,0,0)
(0,0,0)
(0,0,0)
(0,0,0)
(0,0,0)
(0,0,0)
(0,0,0)
(0,0,0)
(0,0,0)
(0,0,0)
(0,0,0)
(0,0,0)
(0,0,0)
(0,0,0)
(0,0,0)
(0,0,0)
(0,0,0)
(0,0,0)
(0,0,0)
(0,0,0)
(0,0,0)
(0,0,0)
(0,0,0)
(0,0,0)
(0,0,0)
(0,0,0)
(0,0,0)
(0,0,0)
(0,0,0)
(0,0,0)
(0,0,0)
(0,0,0)
(0,0,0)
(0,0,0)
(0,0,0)
(0,0,0)
(0,0,0)
(0,0,0)
(0,0,0)
(0,0,0)
(0,0,0)
(0,0,0)
(0,0,0)
(0,0,0)
(0,0,0)
(0,0,0)
(0,0,0)
(0,0,0)
(0,0,0)
(0,0,0)
(0,0,0)
(0,0,0)
(0,0,0)
(0,0,0)
(0,0,0)
(0,0,0)
(0,0,0)
(0,0,0)
(0,0,0)
(0,0,0)
(0,0,0)
(0,0,0)
(0,0,0)
(0,0,0)
(0,0,0)
(0,0,0)
(0,0,0)
(0,0,0)
(0,0,0)
(0,0,0)
(0,0,0)
(0,0,0)
(0,0,0)
(0,0,0)
(0,0,0)
(0,0,0)
(0,0,0)
(0,0,0)
(0,0,0)
(0,0,0)
(0,0,0)
(0,0,0)
(0,0,0)
(0,0,0)
(0,0,0)
(0,0,0)
(0,0,0)
(0,0,0)
(0,0,0)
(0,0,0)
(0,0,0)
(0,0,0)
(0,0,0)
(0,0,0)
(0,0,0)
(0,0,0)
(0,0,0)
(0,0,0)
(0,0,0)
(0,0,0)
(0,0,0)
(0,0,0)
(0,0,0)
(0,0,0)
(0,0,0)
(0,0,0)
(0,0,0)
(0,0,0)
(0,0,0)
(0,0,0)
(0,0,0)
(0,0,0)
(0,0,0)
(0,0,0)
(0,0,0)
(0,0,0)
(0,0,0)
(0,0,0)
(0,0,0)
(0,0,0)
(0,0,0)
(0,0,0)
(0,0,0)
(0,0,0)
(0,0,0)
(0,0,0)
(0,0,0)
(0,0,0)
(0,0,0)
(0,0,0)
(0,0,0)
(0,0,0)
(0,0,0)
(0,0,0)
(0,0,0)
(0,0,0)
(0,0,0)
(0,0,0)
(0,0,0)
(0,0,0)
(0,0,0)
(0,0,0)
(0,0,0)
(0,0,0)
(0,0,0)
(0,0,0)
(0,0,0)
(0,0,0)
(0,0,0)
(0,0,0)
(0,0,0)
(0,0,0)
(0,0,0)
(0,0,0)
(0,0,0)
(0,0,0)
(0,0,0)
(0,0,0)
(0,0,0)
(0,0,0)
(0,0,0)
(0,0,0)
(0,0,0)
(0,0,0)
(0,0,0)
(0,0,0)
(0,0,0)
(0,0,0)
(0,0,0)
(0,0,0)
(0,0,0)
(0,0,0)
(0,0,0)
(0,0,0)
(0,0,0)
(0,0,0)
(0,0,0)
(0,0,0)
(0,0,0)
(0,0,0)
(0,0,0)
(0,0,0)
(0,0,0)
(0,0,0)
(0,0,0)
(0,0,0)
(0,0,0)
(0,0,0)
(0,0,0)
(0,0,0)
(0,0,0)
(0,0,0)
(0,0,0)
(0,0,0)
(0,0,0)
(0,0,0)
(0,0,0)
(0,0,0)
(0,0,0)
(0,0,0)
(0,0,0)
(0,0,0)
(0,0,0)
(0,0,0)
(0,0,0)
(0,0,0)
(0,0,0)
(0,0,0)
(0,0,0)
(0,0,0)
(0,0,0)
(0,0,0)
(0,0,0)
(0,0,0)
(0,0,0)
(0,0,0)
(0,0,0)
(0,0,0)
(0,0,0)
(0,0,0)
(0,0,0)
(0,0,0)
(0,0,0)
(0,0,0)
(0,0,0)
(0,0,0)
(0,0,0)
(0,0,0)
(0,0,0)
(0,0,0)
(0,0,0)
(0,0,0)
(0,0,0)
(0,0,0)
(0,0,0)
(0,0,0)
(0,0,0)
(0,0,0)
(0,0,0)
(0,0,0)
(0,0,0)
(0,0,0)
(0,0,0)
(0,0,0)
(0,0,0)
(0,0,0)
(0,0,0)
(0,0,0)
(0,0,0)
(0,0,0)
(0,0,0)
(0,0,0)
(0,0,0)
(0,0,0)
(0,0,0)
(0,0,0)
(0,0,0)
(0,0,0)
(0,0,0)
(0,0,0)
(0,0,0)
(0,0,0)
(0,0,0)
(0,0,0)
(0,0,0)
(0,0,0)
(0,0,0)
(0,0,0)
(0,0,0)
(0,0,0)
(0,0,0)
(0,0,0)
(0,0,0)
(0,0,0)
(0,0,0)
(0,0,0)
(0,0,0)
(0,0,0)
(0,0,0)
(0,0,0)
(0,0,0)
(0,0,0)
(0,0,0)
(0,0,0)
(0,0,0)
(0,0,0)
(0,0,0)
(0,0,0)
(0,0,0)
(0,0,0)
(0,0,0)
(0,0,0)
(0,0,0)
(0,0,0)
(0,0,0)
(0,0,0)
(0,0,0)
(0,0,0)
(0,0,0)
(0,0,0)
(0,0,0)
(0,0,0)
(0,0,0)
(0,0,0)
(0,0,0)
(0,0,0)
(0,0,0)
(0,0,0)
(0,0,0)
(0,0,0)
(0,0,0)
(0,0,0)
(0,0,0)
(0,0,0)
(0,0,0)
(0,0,0)
(0,0,0)
(0,0,0)
(0,0,0)
(0,0,0)
(0,0,0)
(0,0,0)
(0,0,0)
(0,0,0)
(0,0,0)
(0,0,0)
(0,0,0)
(0,0,0)
(0,0,0)
(0,0,0)
(0,0,0)
(0,0,0)
(0,0,0)
(0,0,0)
(0,0,0)
(0,0,0)
(0,0,0)
(0,0,0)
(0,0,0)
(0,0,0)
(0,0,0)
(0,0,0)
(0,0,0)
(0,0,0)
(0,0,0)
(0,0,0)
(0,0,0)
(0,0,0)
(0,0,0)
(0,0,0)
(0,0,0)
(0,0,0)
(0,0,0)
(0,0,0)
(0,0,0)
(0,0,0)
(0,0,0)
(0,0,0)
(0,0,0)
(0,0,0)
(0,0,0)
(0,0,0)
(0,0,0)
(0,0,0)
(0,0,0)
(0,0,0)
(0,0,0)
(0,0,0)
(0,0,0)
(0,0,0)
(0,0,0)
(0,0,0)
(0,0,0)
(0,0,0)
(0,0,0)
(0,0,0)
(0,0,0)
(0,0,0)
(0,0,0)
(0,0,0)
(0,0,0)
(0,0,0)
(0,0,0)
(0,0,0)
(0,0,0)
(0,0,0)
(0,0,0)
(0,0,0)
(0,0,0)
(0,0,0)
(0,0,0)
(0,0,0)
(0,0,0)
(0,0,0)
(0,0,0)
(0,0,0)
(0,0,0)
(0,0,0)
(0,0,0)
(0,0,0)
(0,0,0)
(0,0,0)
(0,0,0)
(0,0,0)
(0,0,0)
(0,0,0)
(0,0,0)
(0,0,0)
(0,0,0)
(0,0,0)
(0,0,0)
(0,0,0)
(0,0,0)
(0,0,0)
(0,0,0)
(0,0,0)
(0,0,0)
(0,0,0)
(0,0,0)
(0,0,0)
(0,0,0)
(0,0,0)
(0,0,0)
(0,0,0)
(0,0,0)
(0,0,0)
(0,0,0)
(0,0,0)
(0,0,0)
(0,0,0)
(0,0,0)
(0,0,0)
(0,0,0)
(0,0,0)
(0,0,0)
(0,0,0)
(0,0,0)
(0,0,0)
(0,0,0)
(0,0,0)
(0,0,0)
(0,0,0)
(0,0,0)
(0,0,0)
(0,0,0)
(0,0,0)
(0,0,0)
(0,0,0)
(0,0,0)
(0,0,0)
(0,0,0)
(0,0,0)
(0,0,0)
(0,0,0)
(0,0,0)
(0,0,0)
(0,0,0)
(0,0,0)
(0,0,0)
(0,0,0)
(0,0,0)
(0,0,0)
(0,0,0)
(0,0,0)
(0,0,0)
(0,0,0)
(0,0,0)
(0,0,0)
(0,0,0)
(0,0,0)
(0,0,0)
(0,0,0)
(0,0,0)
(0,0,0)
(0,0,0)
(0,0,0)
(0,0,0)
(0,0,0)
(0,0,0)
(0,0,0)
(0,0,0)
(0,0,0)
(0,0,0)
(0,0,0)
(0,0,0)
(0,0,0)
(0,0,0)
(0,0,0)
(0,0,0)
(0,0,0)
(0,0,0)
(0,0,0)
(0,0,0)
(0,0,0)
(0,0,0)
(0,0,0)
(0,0,0)
(0,0,0)
(0,0,0)
(0,0,0)
(0,0,0)
(0,0,0)
(0,0,0)
(0,0,0)
(0,0,0)
(0,0,0)
(0,0,0)
(0,0,0)
(0,0,0)
(0,0,0)
(0,0,0)
(0,0,0)
(0,0,0)
(0,0,0)
(0,0,0)
(0,0,0)
(0,0,0)
(0,0,0)
(0,0,0)
(0,0,0)
(0,0,0)
(0,0,0)
(0,0,0)
(0,0,0)
(0,0,0)
(0,0,0)
(0,0,0)
(0,0,0)
(0,0,0)
(0,0,0)
(0,0,0)
(0,0,0)
(0,0,0)
(0,0,0)
(0,0,0)
(0,0,0)
(0,0,0)
(0,0,0)
(0,0,0)
(0,0,0)
(0,0,0)
(0,0,0)
(0,0,0)
(0,0,0)
(0,0,0)
(0,0,0)
(0,0,0)
(0,0,0)
(0,0,0)
(0,0,0)
(0,0,0)
(0,0,0)
)
;

boundaryField
{
    fuel
    {
        type            fixedValue;
        value           uniform (0.1 0 0);
    }
    air
    {
        type            fixedValue;
        value           uniform (-0.1 0 0);
    }
    outlet
    {
        type            zeroGradient;
    }
    frontAndBack
    {
        type            empty;
    }
}


// ************************************************************************* //
 