/*--------------------------------*- C++ -*----------------------------------*\
| =========                 |                                                 |
| \\      /  F ield         | foam-extend: Open Source CFD                    |
|  \\    /   O peration     | Version:     4.0                                |
|   \\  /    A nd           | Web:         http://www.foam-extend.org         |
|    \\/     M anipulation  |                                                 |
\*---------------------------------------------------------------------------*/
FoamFile
{
    version 2.0;
    format ascii;
    class volVectorField;
    location "2917";
    object      H;
}
// * * * * * * * * * * * * * * * * * * * * * * * * * * * * * * * * * * * * * //

dimensions      [0 1 -1 0 0 0 0];

internalField   nonuniform List<vector>
4096
(
(0,0,0)
(0,0,0)
(0,0,0)
(0,0,0)
(0,0,0)
(0,0,0)
(0,0,0)
(0,0,0)
(0,0,0)
(0,0,0)
(0,0,0)
(0,0,0)
(0,0,0)
(0,0,0)
(0,0,0)
(0,0,0)
(0,0,0)
(0,0,0)
(0,0,0)
(0,0,0)
(0,0,0)
(0,0,0)
(0,0,0)
(0,0,0)
(0,0,0)
(0,0,0)
(0,0,0)
(0,0,0)
(0,0,0)
(0,0,0)
(0,0,0)
(0,0,0)
(0,0,0)
(0,0,0)
(0,0,0)
(0,0,0)
(0,0,0)
(0,0,0)
(0,0,0)
(0,0,0)
(0,0,0)
(0,0,0)
(0,0,0)
(0,0,0)
(0,0,0)
(0,0,0)
(0,0,0)
(0,0,0)
(0,0,0)
(0,0,0)
(0,0,0)
(0,0,0)
(0,0,0)
(0,0,0)
(0,0,0)
(0,0,0)
(0,0,0)
(0,0,0)
(0,0,0)
(0,0,0)
(0,0,0)
(0,0,0)
(0,0,0)
(0,0,0)
(0,0,0)
(0,0,0)
(0,0,0)
(0,0,0)
(0,0,0)
(0,0,0)
(0,0,0)
(0,0,0)
(0,0,0)
(0,0,0)
(0,0,0)
(0,0,0)
(0,0,0)
(0,0,0)
(0,0,0)
(0,0,0)
(0,0,0)
(0,0,0)
(0,0,0)
(0,0,0)
(0,0,0)
(0,0,0)
(0,0,0)
(0,0,0)
(0,0,0)
(0,0,0)
(0,0,0)
(0,0,0)
(0,0,0)
(0,0,0)
(0,0,0)
(0,0,0)
(0,0,0)
(0,0,0)
(0,0,0)
(0,0,0)
(0,0,0)
(0,0,0)
(0,0,0)
(0,0,0)
(0,0,0)
(0,0,0)
(0,0,0)
(0,0,0)
(0,0,0)
(0,0,0)
(0,0,0)
(0,0,0)
(0,0,0)
(0,0,0)
(0,0,0)
(0,0,0)
(0,0,0)
(0,0,0)
(0,0,0)
(0,0,0)
(0,0,0)
(0,0,0)
(0,0,0)
(0,0,0)
(0,0,0)
(0,0,0)
(0,0,0)
(0,0,0)
(0,0,0)
(0,0,0)
(0,0,0)
(0,0,0)
(0,0,0)
(0,0,0)
(0,0,0)
(0,0,0)
(0,0,0)
(0,0,0)
(0,0,0)
(0,0,0)
(0,0,0)
(0,0,0)
(0,0,0)
(0,0,0)
(0,0,0)
(0,0,0)
(0,0,0)
(0,0,0)
(0,0,0)
(0,0,0)
(0,0,0)
(0,0,0)
(0,0,0)
(0,0,0)
(0,0,0)
(0,0,0)
(0,0,0)
(0,0,0)
(0,0,0)
(0,0,0)
(0,0,0)
(0,0,0)
(0,0,0)
(0,0,0)
(0,0,0)
(0,0,0)
(0,0,0)
(0,0,0)
(0,0,0)
(0,0,0)
(0,0,0)
(0,0,0)
(0,0,0)
(0,0,0)
(0,0,0)
(0,0,0)
(0,0,0)
(0,0,0)
(0,0,0)
(0,0,0)
(0,0,0)
(0,0,0)
(0,0,0)
(0,0,0)
(0,0,0)
(0,0,0)
(0,0,0)
(0,0,0)
(0,0,0)
(0,0,0)
(0,0,0)
(0,0,0)
(0,0,0)
(0,0,0)
(0,0,0)
(0,0,0)
(0,0,0)
(0,0,0)
(0,0,0)
(0,0,0)
(0,0,0)
(0,0,0)
(0,0,0)
(0,0,0)
(0,0,0)
(0,0,0)
(0,0,0)
(0,0,0)
(0,0,0)
(0,0,0)
(0,0,0)
(0,0,0)
(0,0,0)
(0,0,0)
(0,0,0)
(0,0,0)
(0,0,0)
(0,0,0)
(0,0,0)
(0,0,0)
(0,0,0)
(0,0,0)
(0,0,0)
(0,0,0)
(0,0,0)
(0,0,0)
(0,0,0)
(0,0,0)
(0,0,0)
(0,0,0)
(0,0,0)
(0,0,0)
(0,0,0)
(0,0,0)
(0,0,0)
(0,0,0)
(0,0,0)
(0,0,0)
(0,0,0)
(0,0,0)
(0,0,0)
(0,0,0)
(0,0,0)
(0,0,0)
(0,0,0)
(0,0,0)
(0,0,0)
(0,0,0)
(0,0,0)
(0,0,0)
(0,0,0)
(0,0,0)
(0,0,0)
(0,0,0)
(0,0,0)
(0,0,0)
(0,0,0)
(0,0,0)
(0,0,0)
(0,0,0)
(0,0,0)
(0,0,0)
(0,0,0)
(0,0,0)
(0,0,0)
(0,0,0)
(0,0,0)
(0,0,0)
(0,0,0)
(0,0,0)
(0,0,0)
(0,0,0)
(0,0,0)
(0,0,0)
(0,0,0)
(0,0,0)
(0,0,0)
(0,0,0)
(0,0,0)
(0,0,0)
(0,0,0)
(0,0,0)
(0,0,0)
(0,0,0)
(0,0,0)
(0,0,0)
(0,0,0)
(0,0,0)
(0,0,0)
(0,0,0)
(0,0,0)
(0,0,0)
(0,0,0)
(0,0,0)
(0,0,0)
(0,0,0)
(0,0,0)
(0,0,0)
(0,0,0)
(0,0,0)
(0,0,0)
(0,0,0)
(0,0,0)
(0,0,0)
(0,0,0)
(0,0,0)
(0,0,0)
(0,0,0)
(0,0,0)
(0,0,0)
(0,0,0)
(0,0,0)
(0,0,0)
(0,0,0)
(0,0,0)
(0,0,0)
(0,0,0)
(0,0,0)
(0,0,0)
(0,0,0)
(0,0,0)
(0,0,0)
(0,0,0)
(0,0,0)
(0,0,0)
(0,0,0)
(0,0,0)
(0,0,0)
(0,0,0)
(0,0,0)
(0,0,0)
(0,0,0)
(0,0,0)
(0,0,0)
(0,0,0)
(0,0,0)
(0,0,0)
(0,0,0)
(0,0,0)
(0,0,0)
(0,0,0)
(0,0,0)
(0,0,0)
(0,0,0)
(0,0,0)
(0,0,0)
(0,0,0)
(0,0,0)
(0,0,0)
(0,0,0)
(0,0,0)
(0,0,0)
(0,0,0)
(0,0,0)
(0,0,0)
(0,0,0)
(0,0,0)
(0,0,0)
(0,0,0)
(0,0,0)
(0,0,0)
(0,0,0)
(0,0,0)
(0,0,0)
(0,0,0)
(0,0,0)
(0,0,0)
(0,0,0)
(0,0,0)
(0,0,0)
(0,0,0)
(0,0,0)
(0,0,0)
(0,0,0)
(0,0,0)
(0,0,0)
(0,0,0)
(0,0,0)
(0,0,0)
(0,0,0)
(0,0,0)
(0,0,0)
(0,0,0)
(0,0,0)
(0,0,0)
(0,0,0)
(0,0,0)
(0,0,0)
(0,0,0)
(0,0,0)
(0,0,0)
(0,0,0)
(0,0,0)
(0,0,0)
(0,0,0)
(0,0,0)
(0,0,0)
(0,0,0)
(0,0,0)
(0,0,0)
(0,0,0)
(0,0,0)
(0,0,0)
(0,0,0)
(0,0,0)
(0,0,0)
(0,0,0)
(0,0,0)
(0,0,0)
(0,0,0)
(0,0,0)
(0,0,0)
(0,0,0)
(0,0,0)
(0,0,0)
(0,0,0)
(0,0,0)
(0,0,0)
(0,0,0)
(0,0,0)
(0,0,0)
(0,0,0)
(0,0,0)
(0,0,0)
(0,0,0)
(0,0,0)
(0,0,0)
(0,0,0)
(0,0,0)
(0,0,0)
(0,0,0)
(0,0,0)
(0,0,0)
(0,0,0)
(0,0,0)
(0,0,0)
(0,0,0)
(0,0,0)
(0,0,0)
(0,0,0)
(0,0,0)
(0,0,0)
(0,0,0)
(0,0,0)
(0,0,0)
(0,0,0)
(0,0,0)
(0,0,0)
(0,0,0)
(0,0,0)
(0,0,0)
(0,0,0)
(0,0,0)
(0,0,0)
(0,0,0)
(0,0,0)
(0,0,0)
(0,0,0)
(0,0,0)
(0,0,0)
(0,0,0)
(0,0,0)
(0,0,0)
(0,0,0)
(0,0,0)
(0,0,0)
(0,0,0)
(0,0,0)
(0,0,0)
(0,0,0)
(0,0,0)
(0,0,0)
(0,0,0)
(0,0,0)
(0,0,0)
(0,0,0)
(0,0,0)
(0,0,0)
(0,0,0)
(0,0,0)
(0,0,0)
(0,0,0)
(0,0,0)
(0,0,0)
(0,0,0)
(0,0,0)
(0,0,0)
(0,0,0)
(0,0,0)
(0,0,0)
(0,0,0)
(0,0,0)
(0,0,0)
(0,0,0)
(0,0,0)
(0,0,0)
(0,0,0)
(0,0,0)
(0,0,0)
(0,0,0)
(0,0,0)
(0,0,0)
(0,0,0)
(0,0,0)
(0,0,0)
(0,0,0)
(0,0,0)
(0,0,0)
(0,0,0)
(0,0,0)
(0,0,0)
(0,0,0)
(0,0,0)
(0,0,0)
(0,0,0)
(0,0,0)
(0,0,0)
(0,0,0)
(0,0,0)
(0,0,0)
(0,0,0)
(0,0,0)
(0,0,0)
(0,0,0)
(0,0,0)
(0,0,0)
(0,0,0)
(0,0,0)
(0,0,0)
(0,0,0)
(0,0,0)
(0,0,0)
(0,0,0)
(0,0,0)
(0,0,0)
(0,0,0)
(0,0,0)
(0,0,0)
(0,0,0)
(0,0,0)
(0,0,0)
(0,0,0)
(0,0,0)
(0,0,0)
(0,0,0)
(0,0,0)
(0,0,0)
(0,0,0)
(0,0,0)
(0,0,0)
(0,0,0)
(0,0,0)
(0,0,0)
(0,0,0)
(0,0,0)
(0,0,0)
(0,0,0)
(0,0,0)
(0,0,0)
(0,0,0)
(0,0,0)
(0,0,0)
(0,0,0)
(0,0,0)
(0,0,0)
(0,0,0)
(0,0,0)
(0,0,0)
(0,0,0)
(0,0,0)
(0,0,0)
(0,0,0)
(0,0,0)
(0,0,0)
(0,0,0)
(0,0,0)
(0,0,0)
(0,0,0)
(0,0,0)
(0,0,0)
(0,0,0)
(0,0,0)
(0,0,0)
(0,0,0)
(0,0,0)
(0,0,0)
(0,0,0)
(0,0,0)
(0,0,0)
(0,0,0)
(0,0,0)
(0,0,0)
(0,0,0)
(0,0,0)
(0,0,0)
(0,0,0)
(0,0,0)
(0,0,0)
(0,0,0)
(0,0,0)
(0,0,0)
(0,0,0)
(0,0,0)
(0,0,0)
(0,0,0)
(0,0,0)
(0,0,0)
(0,0,0)
(0,0,0)
(0,0,0)
(0,0,0)
(0,0,0)
(0,0,0)
(0,0,0)
(0,0,0)
(0,0,0)
(0,0,0)
(0,0,0)
(0,0,0)
(0,0,0)
(0,0,0)
(0,0,0)
(0,0,0)
(0,0,0)
(0,0,0)
(0,0,0)
(0,0,0)
(0,0,0)
(0,0,0)
(0,0,0)
(0,0,0)
(0,0,0)
(0,0,0)
(0,0,0)
(0,0,0)
(0,0,0)
(0,0,0)
(0,0,0)
(0,0,0)
(0,0,0)
(0,0,0)
(0,0,0)
(0,0,0)
(0,0,0)
(0,0,0)
(0,0,0)
(0,0,0)
(0,0,0)
(0,0,0)
(0,0,0)
(0,0,0)
(0,0,0)
(0,0,0)
(0,0,0)
(0,0,0)
(0,0,0)
(0,0,0)
(0,0,0)
(0,0,0)
(0,0,0)
(0,0,0)
(0,0,0)
(0,0,0)
(0,0,0)
(0,0,0)
(0,0,0)
(0,0,0)
(0,0,0)
(0,0,0)
(0,0,0)
(0,0,0)
(0,0,0)
(0,0,0)
(0,0,0)
(0,0,0)
(0,0,0)
(0,0,0)
(0,0,0)
(0,0,0)
(0,0,0)
(0,0,0)
(0,0,0)
(0,0,0)
(0,0,0)
(0,0,0)
(0,0,0)
(0,0,0)
(0,0,0)
(0,0,0)
(0,0,0)
(0,0,0)
(0,0,0)
(0,0,0)
(0,0,0)
(0,0,0)
(0,0,0)
(0,0,0)
(0,0,0)
(0,0,0)
(0,0,0)
(0,0,0)
(0,0,0)
(0,0,0)
(0,0,0)
(0,0,0)
(0,0,0)
(0,0,0)
(0,0,0)
(0,0,0)
(0,0,0)
(0,0,0)
(0,0,0)
(0,0,0)
(0,0,0)
(0,0,0)
(0,0,0)
(0,0,0)
(0,0,0)
(0,0,0)
(0,0,0)
(0,0,0)
(0,0,0)
(0,0,0)
(0,0,0)
(0,0,0)
(0,0,0)
(0,0,0)
(0,0,0)
(0,0,0)
(0,0,0)
(0,0,0)
(0,0,0)
(0,0,0)
(0,0,0)
(0,0,0)
(0,0,0)
(0,0,0)
(0,0,0)
(0,0,0)
(0,0,0)
(0,0,0)
(0,0,0)
(0,0,0)
(0,0,0)
(0,0,0)
(0,0,0)
(0,0,0)
(0,0,0)
(0,0,0)
(0,0,0)
(0,0,0)
(0,0,0)
(0,0,0)
(0,0,0)
(0,0,0)
(0,0,0)
(0,0,0)
(0,0,0)
(0,0,0)
(0,0,0)
(0,0,0)
(0,0,0)
(0,0,0)
(0,0,0)
(0,0,0)
(0,0,0)
(0,0,0)
(0,0,0)
(0,0,0)
(0,0,0)
(0,0,0)
(0,0,0)
(0,0,0)
(0,0,0)
(0,0,0)
(0,0,0)
(0,0,0)
(0,0,0)
(0,0,0)
(0,0,0)
(0,0,0)
(0,0,0)
(0,0,0)
(0,0,0)
(0,0,0)
(0,0,0)
(0,0,0)
(0,0,0)
(0,0,0)
(0,0,0)
(0,0,0)
(0,0,0)
(0,0,0)
(0,0,0)
(0,0,0)
(0,0,0)
(0,0,0)
(0,0,0)
(0,0,0)
(0,0,0)
(0,0,0)
(0,0,0)
(0,0,0)
(0,0,0)
(0,0,0)
(0,0,0)
(0,0,0)
(0,0,0)
(0,0,0)
(0,0,0)
(0,0,0)
(0,0,0)
(0,0,0)
(0,0,0)
(0,0,0)
(0,0,0)
(0,0,0)
(0,0,0)
(0,0,0)
(6.33133446702254e-13,-1.12923535071851e-11,1.39120853533366e-11)
(3.89220529334526e-13,-2.55142810261302e-11,1.3452572588361e-11)
(2.82260597774043e-13,-4.47865746490619e-11,1.26680407437555e-11)
(-5.26322990464568e-13,-7.20036726201387e-11,1.10433010233148e-11)
(-1.93784959818985e-12,-1.13785982210925e-10,8.24396695291864e-12)
(-2.63036905592979e-12,-1.78950211262204e-10,5.67584273536452e-12)
(-4.30591497562685e-12,-2.82628669441865e-10,3.3982066770565e-12)
(-5.78926445514326e-12,-4.55014110801241e-10,2.45362683917083e-12)
(-6.39126383722692e-12,-7.4181184568935e-10,1.68799444323175e-12)
(-5.66834234141728e-12,-1.14136508050444e-09,6.64902419052732e-13)
(0,0,0)
(0,0,0)
(0,0,0)
(0,0,0)
(0,0,0)
(0,0,0)
(1.3833228469598e-13,-1.06373848531918e-11,2.94920116217905e-11)
(-1.91278240284425e-13,-2.43628475961247e-11,2.90403578875368e-11)
(-5.0249098532507e-13,-4.29011847213015e-11,2.75016295572546e-11)
(-1.46238485330429e-12,-6.92188174779973e-11,2.43343856547689e-11)
(-3.63735774505897e-12,-1.10820578266983e-10,1.94595487955222e-11)
(-6.17493040714338e-12,-1.76199025497874e-10,1.44453617773645e-11)
(-9.20947436197282e-12,-2.8131020474891e-10,9.5336621305324e-12)
(-1.01758421566984e-11,-4.5476527952923e-10,6.26985734945084e-12)
(-9.71008031656302e-12,-7.42115712016391e-10,3.84217014353487e-12)
(-8.34842331095922e-12,-1.14184650406681e-09,1.63215753678268e-12)
(0,0,0)
(0,0,0)
(0,0,0)
(0,0,0)
(0,0,0)
(0,0,0)
(8.70698697038957e-13,-1.00230723326358e-11,4.9787671851136e-11)
(1.96454578305625e-13,-2.24328383140276e-11,4.89941057328967e-11)
(-4.26252363249884e-13,-3.94444641292471e-11,4.61406591267985e-11)
(-2.11593407212518e-12,-6.41928950103467e-11,4.13133009859012e-11)
(-4.92707083575096e-12,-1.05120979948104e-10,3.50081904816565e-11)
(-8.10784725693976e-12,-1.70988434968962e-10,2.74353619667103e-11)
(-1.16525084317159e-11,-2.78419408271932e-10,1.98200700622965e-11)
(-1.26206617167416e-11,-4.54036983359842e-10,1.40661109143154e-11)
(-1.20061727611507e-11,-7.42148095226047e-10,9.16879285246925e-12)
(-1.1545826499596e-11,-1.14205206490055e-09,4.46623214072032e-12)
(0,0,0)
(0,0,0)
(0,0,0)
(0,0,0)
(0,0,0)
(0,0,0)
(9.70752634456623e-13,-8.56053609531021e-12,7.67349241875318e-11)
(-7.08750899673179e-13,-1.91491819094369e-11,7.57715137322845e-11)
(-2.27797015265515e-12,-3.44325516998436e-11,7.25859907434384e-11)
(-4.65433350538585e-12,-5.74230859194714e-11,6.73114619386072e-11)
(-7.92394729106168e-12,-9.64224625962828e-11,5.9952798932154e-11)
(-1.04909914916346e-11,-1.62231485086952e-10,5.05314025824436e-11)
(-1.2319277442478e-11,-2.72594682646071e-10,4.06173917769002e-11)
(-1.25136916872488e-11,-4.51333865289994e-10,3.11528470474798e-11)
(-1.16129711806807e-11,-7.39934707206711e-10,2.17670425228371e-11)
(-1.14754150497398e-11,-1.13988054132613e-09,1.14503072264873e-11)
(0,0,0)
(0,0,0)
(0,0,0)
(0,0,0)
(0,0,0)
(0,0,0)
(-4.53348701600136e-13,-6.81325504596863e-12,1.16189582848505e-10)
(-2.8767231875406e-12,-1.55142202153089e-11,1.15123478528342e-10)
(-4.61348419825654e-12,-2.85524509952608e-11,1.12376182393929e-10)
(-6.91756155261223e-12,-4.90907327206267e-11,1.07763461628759e-10)
(-1.00518546390948e-11,-8.52703833634185e-11,1.00726533053364e-10)
(-1.14611193202926e-11,-1.49732868693304e-10,9.15917658165841e-11)
(-1.08335223770444e-11,-2.62139459996513e-10,8.08414830615083e-11)
(-1.08685789670878e-11,-4.44679369830368e-10,6.46847378888307e-11)
(-1.044594576253e-11,-7.32843253804047e-10,4.54521144392987e-11)
(-1.03056142507266e-11,-1.13144313693584e-09,2.35836790741167e-11)
(0,0,0)
(0,0,0)
(0,0,0)
(0,0,0)
(0,0,0)
(0,0,0)
(-1.22201357485417e-12,-5.26944153646308e-12,1.77644963504184e-10)
(-2.98880897451325e-12,-1.22948149530975e-11,1.76703762647403e-10)
(-5.32169532678067e-12,-2.27474264327902e-11,1.74761830579574e-10)
(-8.45995630549195e-12,-4.01863318328715e-11,1.71537876814968e-10)
(-1.13653973805577e-11,-7.32425482359332e-11,1.65714093697474e-10)
(-1.2194228253233e-11,-1.35446999739199e-10,1.5610195694682e-10)
(-1.13248329710672e-11,-2.48545679376591e-10,1.41652123949669e-10)
(-1.13649430652098e-11,-4.29914033757337e-10,1.18075895747978e-10)
(-1.0831157078941e-11,-7.14747806115201e-10,8.50585313503278e-11)
(-1.0430193826482e-11,-1.11035364624795e-09,4.47363227956579e-11)
(0,0,0)
(0,0,0)
(0,0,0)
(0,0,0)
(0,0,0)
(0,0,0)
(-8.22188066683745e-13,-3.84670469166491e-12,2.7648990564781e-10)
(-2.30951216964762e-12,-9.31270071953336e-12,2.76077166858897e-10)
(-5.84989129728264e-12,-1.79723022603943e-11,2.75062377796054e-10)
(-1.00883384451349e-11,-3.23921468890376e-11,2.72724088150389e-10)
(-1.30579142054632e-11,-6.10903782253321e-11,2.67478758097124e-10)
(-1.38008907199847e-11,-1.18286532737209e-10,2.56939199455225e-10)
(-1.40580419867325e-11,-2.26441502462291e-10,2.3687270520079e-10)
(-1.36630334429688e-11,-4.00011818542421e-10,2.03947839571129e-10)
(-1.2701044588939e-11,-6.7679147344549e-10,1.51453128538821e-10)
(-1.19658228102038e-11,-1.0667011077164e-09,8.18962279729922e-11)
(0,0,0)
(0,0,0)
(0,0,0)
(0,0,0)
(0,0,0)
(0,0,0)
(-1.10512968101303e-12,-2.91836590766445e-12,4.4531766756857e-10)
(-3.2608418050987e-12,-6.78415993114784e-12,4.44938195893164e-10)
(-8.24149912900842e-12,-1.36149734147474e-11,4.44173600236857e-10)
(-1.3918357899766e-11,-2.55773450069636e-11,4.41552973321826e-10)
(-1.77037802327095e-11,-5.03568070957976e-11,4.35465818044797e-10)
(-1.84735984771444e-11,-1.00775959352965e-10,4.22803777483396e-10)
(-1.7952201254233e-11,-1.94157306738149e-10,3.9696125048265e-10)
(-1.68833562561851e-11,-3.48500402874102e-10,3.48537063768039e-10)
(-1.50430664986164e-11,-6.07679157955308e-10,2.68682174088323e-10)
(-1.45243881288072e-11,-9.84371856220975e-10,1.52000938324829e-10)
(0,0,0)
(0,0,0)
(0,0,0)
(0,0,0)
(0,0,0)
(0,0,0)
(-1.95532069276579e-12,-2.30710593701927e-12,7.31014306984278e-10)
(-4.89518021443928e-12,-5.03399861931544e-12,7.3023748517078e-10)
(-1.10337562391917e-11,-9.55338074524913e-12,7.28540942306202e-10)
(-1.72992546910965e-11,-1.86333880549334e-11,7.24679026735331e-10)
(-2.16633058868842e-11,-3.76278690610875e-11,7.16514574507464e-10)
(-2.24851858583597e-11,-7.5622070473876e-11,6.99537795313186e-10)
(-2.12440551344608e-11,-1.4563976631158e-10,6.65636621170458e-10)
(-1.92589740071668e-11,-2.68264959161519e-10,6.00747538373513e-10)
(-1.65875616257895e-11,-4.89698656213401e-10,4.8565804135437e-10)
(-1.53716833909319e-11,-8.30789709030868e-10,2.92178449378676e-10)
(0,0,0)
(0,0,0)
(0,0,0)
(0,0,0)
(0,0,0)
(0,0,0)
(-2.64435880719358e-12,-1.48200675255365e-12,1.1301940446144e-09)
(-6.40607016746832e-12,-2.85456000817351e-12,1.12910996986535e-09)
(-1.37441541463742e-11,-4.80943617733741e-12,1.12663856667052e-09)
(-1.97812944475021e-11,-9.98894113829145e-12,1.12202025304107e-09)
(-2.42569793013285e-11,-2.04956371261076e-11,1.11219741449955e-09)
(-2.4875277225754e-11,-4.09332484044668e-11,1.09168990932875e-09)
(-2.30810258607048e-11,-7.95728716522874e-11,1.05180852904105e-09)
(-1.93361353621707e-11,-1.5166795373313e-10,9.73902563509828e-10)
(-1.68867767107463e-11,-2.93710819587569e-10,8.24413996967499e-10)
(-1.63930064223411e-11,-5.36332008147762e-10,5.33670701527908e-10)
(0,0,0)
(0,0,0)
(0,0,0)
(0,0,0)
(0,0,0)
(0,0,0)
(0,0,0)
(0,0,0)
(0,0,0)
(0,0,0)
(0,0,0)
(0,0,0)
(0,0,0)
(0,0,0)
(0,0,0)
(0,0,0)
(0,0,0)
(0,0,0)
(0,0,0)
(0,0,0)
(0,0,0)
(0,0,0)
(0,0,0)
(0,0,0)
(0,0,0)
(0,0,0)
(0,0,0)
(0,0,0)
(0,0,0)
(0,0,0)
(0,0,0)
(0,0,0)
(0,0,0)
(0,0,0)
(0,0,0)
(0,0,0)
(0,0,0)
(0,0,0)
(0,0,0)
(0,0,0)
(0,0,0)
(0,0,0)
(0,0,0)
(0,0,0)
(0,0,0)
(0,0,0)
(0,0,0)
(0,0,0)
(0,0,0)
(0,0,0)
(0,0,0)
(0,0,0)
(0,0,0)
(0,0,0)
(0,0,0)
(0,0,0)
(0,0,0)
(0,0,0)
(0,0,0)
(0,0,0)
(0,0,0)
(0,0,0)
(0,0,0)
(0,0,0)
(0,0,0)
(0,0,0)
(0,0,0)
(0,0,0)
(0,0,0)
(0,0,0)
(0,0,0)
(0,0,0)
(0,0,0)
(0,0,0)
(0,0,0)
(0,0,0)
(0,0,0)
(0,0,0)
(0,0,0)
(0,0,0)
(0,0,0)
(0,0,0)
(0,0,0)
(0,0,0)
(0,0,0)
(0,0,0)
(0,0,0)
(0,0,0)
(0,0,0)
(0,0,0)
(0,0,0)
(0,0,0)
(0,0,0)
(0,0,0)
(0,0,0)
(0,0,0)
(0,0,0)
(0,0,0)
(0,0,0)
(0,0,0)
(0,0,0)
(0,0,0)
(4.37677557684187e-13,-2.18950679091311e-11,2.80575840475513e-11)
(2.23189439290691e-14,-4.90761237286202e-11,2.70869509663154e-11)
(2.16103904554466e-14,-8.49014300098987e-11,2.44929127368673e-11)
(-5.11844062225463e-13,-1.33824386996891e-10,2.03846366985112e-11)
(-2.33512932461752e-12,-2.07211243734309e-10,1.5159704004324e-11)
(-3.10391876190398e-12,-3.19807020308436e-10,9.47396802964085e-12)
(-4.67979983058589e-12,-4.96721819468675e-10,4.15102449226906e-12)
(-5.27246333142086e-12,-7.96252239292156e-10,1.74627755903748e-12)
(-5.06430548641987e-12,-1.36991152167061e-09,9.79111523020508e-13)
(-4.52201636049611e-12,-2.68137161701702e-09,2.21525960824349e-13)
(0,0,0)
(0,0,0)
(0,0,0)
(0,0,0)
(0,0,0)
(0,0,0)
(-2.43265016065481e-14,-2.08533729238577e-11,5.75908879493522e-11)
(-5.825591920864e-13,-4.66050244668664e-11,5.61061583671633e-11)
(-7.91967674912374e-13,-8.08031296006639e-11,5.15520987908366e-11)
(-1.61347046171236e-12,-1.28751216274083e-10,4.39207623762732e-11)
(-4.32276904576999e-12,-2.02072229381863e-10,3.40421154380347e-11)
(-6.47382128924511e-12,-3.15313513732447e-10,2.26570402486303e-11)
(-8.83646605802193e-12,-4.95733272791762e-10,1.14429492183691e-11)
(-8.47645111979692e-12,-7.97732987131235e-10,5.52142931340543e-12)
(-7.46768449968835e-12,-1.37161059199015e-09,3.26433483231032e-12)
(-6.51070494036402e-12,-2.68326823654826e-09,1.57725471647339e-12)
(0,0,0)
(0,0,0)
(0,0,0)
(0,0,0)
(0,0,0)
(0,0,0)
(2.01728577953794e-13,-1.92484803512215e-11,9.4612679303776e-11)
(-2.33755220182708e-13,-4.23073270510862e-11,9.21923149803861e-11)
(-6.10806651732394e-13,-7.33004098287976e-11,8.57998817356349e-11)
(-2.5806326587587e-12,-1.18614424313194e-10,7.55095808538286e-11)
(-6.05275967268057e-12,-1.90523544376765e-10,6.15746750444922e-11)
(-9.24950523452894e-12,-3.04953958413475e-10,4.38737273210846e-11)
(-1.17232749095895e-11,-4.91884718278803e-10,2.56518224521784e-11)
(-1.04264617249267e-11,-7.9940452709799e-10,1.60059563489394e-11)
(-9.51700006883815e-12,-1.3741036799483e-09,1.08683997482899e-11)
(-9.25111793334192e-12,-2.68561033469404e-09,5.97382692067986e-12)
(0,0,0)
(0,0,0)
(0,0,0)
(0,0,0)
(0,0,0)
(0,0,0)
(1.86882040361998e-13,-1.61701951132222e-11,1.42602044129244e-10)
(-1.158189604957e-12,-3.56635529035458e-11,1.40240345883472e-10)
(-2.88354205241419e-12,-6.25551612251541e-11,1.33984431739818e-10)
(-5.62802369777199e-12,-1.03571933849674e-10,1.23124823869383e-10)
(-9.65463017422363e-12,-1.71062315412879e-10,1.06647450393032e-10)
(-1.30755970797099e-11,-2.85322998731702e-10,8.46777701594774e-11)
(-1.33099553626181e-11,-4.81504264162738e-10,6.03989567751084e-11)
(-9.78238262218072e-12,-7.98896025882239e-10,4.48820315704058e-11)
(-8.38768928641868e-12,-1.37439876937151e-09,3.23366472774992e-11)
(-8.46251221273454e-12,-2.68468262410342e-09,1.77164694452609e-11)
(0,0,0)
(0,0,0)
(0,0,0)
(0,0,0)
(0,0,0)
(0,0,0)
(-9.31057890943484e-13,-1.29901803511384e-11,2.12773575939481e-10)
(-3.34883231533992e-12,-2.88458211461628e-11,2.10677506818772e-10)
(-5.80578799556054e-12,-5.05036546388771e-11,2.05379075772079e-10)
(-8.78503386498339e-12,-8.49302660859642e-11,1.95708232787698e-10)
(-1.29449225297755e-11,-1.44713435166111e-10,1.80881471927367e-10)
(-1.49967055193749e-11,-2.5367505638912e-10,1.62662698951741e-10)
(-8.2705578242394e-12,-4.56056464341901e-10,1.45303033684901e-10)
(-6.40129159044742e-12,-7.90959453880347e-10,1.11632982204453e-10)
(-6.67295808640376e-12,-1.36582504746934e-09,7.78343875794415e-11)
(-7.81142586498158e-12,-2.67257552477533e-09,4.08107799758686e-11)
(0,0,0)
(0,0,0)
(0,0,0)
(0,0,0)
(0,0,0)
(0,0,0)
(-1.70354956287018e-12,-1.01832571282037e-11,3.19850311178728e-10)
(-4.0289911402523e-12,-2.27610973759042e-11,3.17998478757405e-10)
(-6.87286573457498e-12,-3.88790761068383e-11,3.13666155154066e-10)
(-1.04303581318214e-11,-6.61612982638053e-11,3.06630029796165e-10)
(-1.39054306404947e-11,-1.18363088387145e-10,2.95547892948156e-10)
(-1.49048622581157e-11,-2.23170989254655e-10,2.79031846760244e-10)
(-9.85278168364529e-12,-4.35841051540217e-10,2.55820832893505e-10)
(-8.24979388257695e-12,-7.68281542948443e-10,2.11168715202323e-10)
(-8.46528119405301e-12,-1.33569872762832e-09,1.51161391543306e-10)
(-9.34640956176657e-12,-2.63657950275466e-09,7.95862776733879e-11)
(0,0,0)
(0,0,0)
(0,0,0)
(0,0,0)
(0,0,0)
(0,0,0)
(-1.33778806177166e-12,-7.48750563127582e-12,4.88556028850206e-10)
(-3.82326389518844e-12,-1.69808773795362e-11,4.8729836602114e-10)
(-7.86893049726025e-12,-2.91073500164195e-11,4.8451624617601e-10)
(-1.16578102739515e-11,-5.03227828968097e-11,4.80280970549899e-10)
(-1.32519266930679e-11,-9.3728549886032e-11,4.73280193703364e-10)
(-1.12449698497764e-11,-1.87955924996792e-10,4.58585380192692e-10)
(-1.34173720812209e-11,-3.98132671800736e-10,4.19390414983688e-10)
(-1.26797380791083e-11,-7.15733525605331e-10,3.660070628942e-10)
(-1.22564595132962e-11,-1.26797698433157e-09,2.6949963634987e-10)
(-1.23988463323087e-11,-2.55900177049261e-09,1.44925244834701e-10)
(0,0,0)
(0,0,0)
(0,0,0)
(0,0,0)
(0,0,0)
(0,0,0)
(-1.33691797625176e-12,-5.46567007373054e-12,7.80327902318917e-10)
(-4.24640746062245e-12,-1.23921535418881e-11,7.79550801689141e-10)
(-9.6824648834726e-12,-2.18920447374212e-11,7.77590105187848e-10)
(-1.4775159574774e-11,-3.99353078831016e-11,7.73744178350296e-10)
(-1.77706777060437e-11,-7.95321389502619e-11,7.66458352061123e-10)
(-1.77849603554577e-11,-1.67007444381625e-10,7.4955917488764e-10)
(-1.80455549661506e-11,-3.4456969783657e-10,7.0745815792468e-10)
(-1.72639102891905e-11,-6.19752401087793e-10,6.20345353997834e-10)
(-1.63423324768815e-11,-1.14313883285769e-09,4.76843775211259e-10)
(-1.6105596994455e-11,-2.4130997907271e-09,2.71004258874788e-10)
(0,0,0)
(0,0,0)
(0,0,0)
(0,0,0)
(0,0,0)
(0,0,0)
(-2.00359806373332e-12,-3.99039794939628e-12,1.35023701257903e-09)
(-5.37807596100201e-12,-8.86488516307078e-12,1.34880921888603e-09)
(-1.19157852362298e-11,-1.54592812215042e-11,1.34561087635661e-09)
(-1.77792493798621e-11,-2.97127483302047e-11,1.3396797326817e-09)
(-2.18187586275749e-11,-6.13984453771787e-11,1.32820939407533e-09)
(-2.32728337850562e-11,-1.28137478731164e-10,1.30256221378412e-09)
(-2.2421866996794e-11,-2.55652851679042e-10,1.24568235548496e-09)
(-2.0766482416425e-11,-4.74270740599319e-10,1.13120790347481e-09)
(-1.90958062759247e-11,-9.3485521548891e-10,9.294253453896e-10)
(-1.76509348955861e-11,-2.13976085941082e-09,5.81459893789361e-10)
(0,0,0)
(0,0,0)
(0,0,0)
(0,0,0)
(0,0,0)
(0,0,0)
(-3.04229081070432e-12,-2.27460308501658e-12,2.66023461999232e-09)
(-6.78922698081315e-12,-4.80695511676378e-12,2.65803109035356e-09)
(-1.39352766942632e-11,-7.94365441028417e-12,2.65353141973244e-09)
(-1.99473970442762e-11,-1.60798947415396e-11,2.6461275154073e-09)
(-2.42451112566404e-11,-3.39788834729619e-11,2.6315621086956e-09)
(-2.59271453425338e-11,-7.00451063138011e-11,2.59923847847111e-09)
(-2.47479319817976e-11,-1.38691529520837e-10,2.53094887003175e-09)
(-2.15155225529335e-11,-2.69197942550753e-10,2.39465935770826e-09)
(-1.98543008587282e-11,-5.83009345570488e-10,2.12939919636383e-09)
(-1.90543130420866e-11,-1.55474767257752e-09,1.55084478998555e-09)
(0,0,0)
(0,0,0)
(0,0,0)
(0,0,0)
(0,0,0)
(0,0,0)
(0,0,0)
(0,0,0)
(0,0,0)
(0,0,0)
(0,0,0)
(0,0,0)
(0,0,0)
(0,0,0)
(0,0,0)
(0,0,0)
(0,0,0)
(0,0,0)
(0,0,0)
(0,0,0)
(0,0,0)
(0,0,0)
(0,0,0)
(0,0,0)
(0,0,0)
(0,0,0)
(0,0,0)
(0,0,0)
(0,0,0)
(0,0,0)
(0,0,0)
(0,0,0)
(0,0,0)
(0,0,0)
(0,0,0)
(0,0,0)
(0,0,0)
(0,0,0)
(0,0,0)
(0,0,0)
(0,0,0)
(0,0,0)
(0,0,0)
(0,0,0)
(0,0,0)
(0,0,0)
(0,0,0)
(0,0,0)
(0,0,0)
(0,0,0)
(0,0,0)
(0,0,0)
(0,0,0)
(0,0,0)
(0,0,0)
(0,0,0)
(0,0,0)
(0,0,0)
(0,0,0)
(0,0,0)
(0,0,0)
(0,0,0)
(0,0,0)
(0,0,0)
(0,0,0)
(0,0,0)
(0,0,0)
(0,0,0)
(0,0,0)
(0,0,0)
(0,0,0)
(0,0,0)
(0,0,0)
(0,0,0)
(0,0,0)
(0,0,0)
(0,0,0)
(0,0,0)
(0,0,0)
(0,0,0)
(0,0,0)
(0,0,0)
(0,0,0)
(0,0,0)
(0,0,0)
(0,0,0)
(0,0,0)
(0,0,0)
(0,0,0)
(0,0,0)
(0,0,0)
(0,0,0)
(0,0,0)
(0,0,0)
(0,0,0)
(0,0,0)
(0,0,0)
(0,0,0)
(0,0,0)
(0,0,0)
(0,0,0)
(0,0,0)
(3.66615653320135e-13,-3.06965016052781e-11,3.83566548488617e-11)
(1.45257911301843e-13,-6.74906561732374e-11,3.6880761250267e-11)
(3.15860205083883e-14,-1.14488491180647e-10,3.29085121047802e-11)
(-3.60082091196531e-13,-1.77269456361721e-10,2.66112909561216e-11)
(-1.78840770221135e-12,-2.68118723026062e-10,1.86206024752146e-11)
(-2.27448180036571e-12,-4.0016846249007e-10,8.77851269583781e-12)
(-3.2635995749098e-12,-5.90485832517196e-10,-4.21780797091555e-13)
(-3.02454945649629e-12,-8.65349211142181e-10,-3.48770381890155e-12)
(-2.60764960431478e-12,-1.25796254608312e-09,-2.45623472818858e-12)
(-2.40387086924071e-12,-1.73426620652544e-09,-1.2028283335734e-12)
(0,0,0)
(0,0,0)
(0,0,0)
(0,0,0)
(0,0,0)
(0,0,0)
(-1.44489492260225e-13,-2.91916579804819e-11,7.88033580136571e-11)
(-3.26197031715424e-13,-6.34916951079393e-11,7.62758385868505e-11)
(-6.63351033821439e-13,-1.0789418160764e-10,6.92514412123312e-11)
(-1.8716154838332e-12,-1.68944575730852e-10,5.71971210852305e-11)
(-4.48637886100102e-12,-2.59176113418129e-10,4.05276366837026e-11)
(-5.61928557817886e-12,-3.92653317363994e-10,1.89134980367092e-11)
(-6.76350066640562e-12,-5.89776769921483e-10,-1.86288841944187e-12)
(-4.54781667131139e-12,-8.69345142596488e-10,-7.45987133545027e-12)
(-3.28751642531555e-12,-1.2623607016432e-09,-4.67428261102826e-12)
(-2.59135207780552e-12,-1.73850783213014e-09,-1.83344803322328e-12)
(0,0,0)
(0,0,0)
(0,0,0)
(0,0,0)
(0,0,0)
(0,0,0)
(-4.56192338371922e-13,-2.66834281760369e-11,1.28090504492206e-10)
(-4.85096122007065e-13,-5.68134945681763e-11,1.24037925149013e-10)
(-1.06575437318201e-12,-9.62118909438235e-11,1.14546808350184e-10)
(-3.68821731341405e-12,-1.52703700672681e-10,9.83685650214072e-11)
(-7.81304091351992e-12,-2.39373097076624e-10,7.35440096081173e-11)
(-1.06585600471824e-11,-3.75094914852844e-10,3.76699371238551e-11)
(-1.24578629224501e-11,-5.88391634077117e-10,-1.99633726897037e-12)
(-5.79740634015499e-12,-8.78436136745973e-10,-7.14858405184486e-12)
(-4.32733781695613e-12,-1.27133017637438e-09,-1.19950389368686e-12)
(-4.20500160402611e-12,-1.74602991109962e-09,1.33015090337029e-12)
(0,0,0)
(0,0,0)
(0,0,0)
(0,0,0)
(0,0,0)
(0,0,0)
(-6.31434476388682e-13,-2.24759244068794e-11,1.91152653215213e-10)
(-1.72000721780873e-12,-4.74674001804877e-11,1.8675095762492e-10)
(-4.07544076906717e-12,-8.02062187988958e-11,1.76659407298245e-10)
(-7.79231798612838e-12,-1.28436757060351e-10,1.58716764842857e-10)
(-1.40338301872284e-11,-2.05055151842694e-10,1.28948383165713e-10)
(-2.0444726037e-11,-3.37678784960005e-10,8.23857882903793e-11)
(-2.32408299785076e-11,-5.81189043047947e-10,1.91081608316475e-11)
(-5.17357033148212e-12,-8.94573372621385e-10,1.76919554293371e-11)
(-2.34123335547856e-12,-1.28353810202092e-09,2.1589683273114e-11)
(-2.8531420968657e-12,-1.75256637653948e-09,1.46199477129767e-11)
(0,0,0)
(0,0,0)
(0,0,0)
(0,0,0)
(0,0,0)
(0,0,0)
(-1.64191199384861e-12,-1.78523293382722e-11,2.77893071135126e-10)
(-4.13512503805375e-12,-3.70103209926863e-11,2.73968006454266e-10)
(-7.75952354462285e-12,-6.15856377843278e-11,2.64936602013567e-10)
(-1.27272408266542e-11,-9.78498798026967e-11,2.48833247693536e-10)
(-2.10764963316214e-11,-1.55868884927855e-10,2.23775837313332e-10)
(-2.81411073880267e-11,-2.62905031946029e-10,1.93429053481905e-10)
(5.18408085349247e-12,-5.10423705060045e-10,1.99924000557086e-10)
(4.71939210242465e-12,-9.10786543712192e-10,1.27302603059279e-10)
(2.2432967785226e-13,-1.28866306323816e-09,8.71253446970352e-11)
(-2.99666791018885e-12,-1.74599031407244e-09,4.61983204139322e-11)
(0,0,0)
(0,0,0)
(0,0,0)
(0,0,0)
(0,0,0)
(0,0,0)
(-2.54746863825914e-12,-1.3531230703736e-11,4.02045572100074e-10)
(-5.47688753358426e-12,-2.70871819955749e-11,3.98893767839913e-10)
(-9.60846646686033e-12,-4.32633891101477e-11,3.92248873847423e-10)
(-1.51867366496292e-11,-6.78368278330539e-11,3.8131829763355e-10)
(-2.20239229544699e-11,-1.10161896871275e-10,3.64742824143807e-10)
(-2.6908912649531e-11,-2.08389011869861e-10,3.42617107410741e-10)
(-2.90904373093381e-12,-5.19695418627033e-10,3.37339055196492e-10)
(-7.90487567574341e-13,-9.000268024218e-10,2.6481466042132e-10)
(-4.61191062033074e-12,-1.25984966568088e-09,1.85184938646645e-10)
(-7.33786415091804e-12,-1.70605980918768e-09,9.61152574120246e-11)
(0,0,0)
(0,0,0)
(0,0,0)
(0,0,0)
(0,0,0)
(0,0,0)
(-2.10196078855864e-12,-9.73281932315708e-12,5.79897485929313e-10)
(-5.62986788966394e-12,-1.87992994066521e-11,5.77857272522389e-10)
(-1.08489601497561e-11,-2.85685994459422e-11,5.74481907045561e-10)
(-1.50445084411247e-11,-4.30579095461773e-11,5.70817370817583e-10)
(-1.27535241181696e-11,-6.62778918727469e-11,5.69572779749392e-10)
(7.0015147446474e-12,-1.28057480868623e-10,5.72546512064041e-10)
(-1.35969939561999e-11,-4.77681464276341e-10,4.91394146731092e-10)
(-1.21534360532139e-11,-8.38936603637579e-10,4.71676420048975e-10)
(-1.25202194713482e-11,-1.17715831826393e-09,3.28651168983347e-10)
(-1.33755812633641e-11,-1.61248516128697e-09,1.69558419502515e-10)
(0,0,0)
(0,0,0)
(0,0,0)
(0,0,0)
(0,0,0)
(0,0,0)
(-2.03508946992259e-12,-6.72632277887763e-12,8.42897142555094e-10)
(-5.81297933791802e-12,-1.31650997882222e-11,8.41857084213211e-10)
(-1.22693015627116e-11,-2.047843398528e-11,8.40014650956999e-10)
(-1.77118928376116e-11,-3.4249969396276e-11,8.3829343118936e-10)
(-1.90051941063268e-11,-6.6464388747779e-11,8.38512629167014e-10)
(-1.45539090427599e-11,-1.60513049322641e-10,8.40025210188273e-10)
(-1.98495971972478e-11,-4.32522201526837e-10,8.1499893373332e-10)
(-1.92439919916385e-11,-6.91928077009688e-10,6.93163550456882e-10)
(-1.87864335092922e-11,-1.01600499020772e-09,5.05353349810182e-10)
(-1.84402694352064e-11,-1.44133302216409e-09,2.72795122083214e-10)
(0,0,0)
(0,0,0)
(0,0,0)
(0,0,0)
(0,0,0)
(0,0,0)
(-2.29159923571989e-12,-4.53363913771111e-12,1.22908563288778e-09)
(-6.23766347831193e-12,-9.19127399745264e-12,1.22769374221285e-09)
(-1.35002683712941e-11,-1.50588638086501e-11,1.22460692042674e-09)
(-1.99417643626475e-11,-2.81077048078886e-11,1.21996291856454e-09)
(-2.35911402400647e-11,-6.02977472986611e-11,1.21241649116124e-09)
(-2.44853479033054e-11,-1.38825370928173e-10,1.19374881563075e-09)
(-2.49087371444922e-11,-3.02331963434533e-10,1.13868435250653e-09)
(-2.40567223812795e-11,-4.98647475626396e-10,9.98900165720473e-10)
(-2.29762245928929e-11,-7.79232081106471e-10,7.73302258127862e-10)
(-2.12042279399036e-11,-1.16545509503523e-09,4.44548001424938e-10)
(0,0,0)
(0,0,0)
(0,0,0)
(0,0,0)
(0,0,0)
(0,0,0)
(-3.11336425817746e-12,-2.38572421742769e-12,1.70381114888747e-09)
(-7.0965114762938e-12,-4.92489160752436e-12,1.70178799884508e-09)
(-1.44750267793144e-11,-8.27816762507145e-12,1.697465293674e-09)
(-2.14618850738754e-11,-1.63880352869199e-11,1.69030921541294e-09)
(-2.59003645049305e-11,-3.60061979282551e-11,1.67653898423806e-09)
(-2.76826432179323e-11,-7.86542668290337e-11,1.64429402604914e-09)
(-2.71499491784401e-11,-1.57411278981558e-10,1.56983560621494e-09)
(-2.54533037606825e-11,-2.68091430284018e-10,1.41618312192153e-09)
(-2.43092400507292e-11,-4.45728156082274e-10,1.15281016690534e-09)
(-2.29571956330672e-11,-7.16618023819757e-10,7.12000746046513e-10)
(0,0,0)
(0,0,0)
(0,0,0)
(0,0,0)
(0,0,0)
(0,0,0)
(0,0,0)
(0,0,0)
(0,0,0)
(0,0,0)
(0,0,0)
(0,0,0)
(0,0,0)
(0,0,0)
(0,0,0)
(0,0,0)
(0,0,0)
(0,0,0)
(0,0,0)
(0,0,0)
(0,0,0)
(0,0,0)
(0,0,0)
(0,0,0)
(0,0,0)
(0,0,0)
(0,0,0)
(0,0,0)
(0,0,0)
(0,0,0)
(0,0,0)
(0,0,0)
(0,0,0)
(0,0,0)
(0,0,0)
(0,0,0)
(0,0,0)
(0,0,0)
(0,0,0)
(0,0,0)
(0,0,0)
(0,0,0)
(0,0,0)
(0,0,0)
(0,0,0)
(0,0,0)
(0,0,0)
(0,0,0)
(0,0,0)
(0,0,0)
(0,0,0)
(0,0,0)
(0,0,0)
(0,0,0)
(0,0,0)
(0,0,0)
(0,0,0)
(0,0,0)
(0,0,0)
(0,0,0)
(0,0,0)
(0,0,0)
(0,0,0)
(0,0,0)
(0,0,0)
(0,0,0)
(0,0,0)
(0,0,0)
(0,0,0)
(0,0,0)
(0,0,0)
(0,0,0)
(0,0,0)
(0,0,0)
(0,0,0)
(0,0,0)
(0,0,0)
(0,0,0)
(0,0,0)
(0,0,0)
(0,0,0)
(0,0,0)
(0,0,0)
(0,0,0)
(0,0,0)
(0,0,0)
(0,0,0)
(0,0,0)
(0,0,0)
(0,0,0)
(0,0,0)
(0,0,0)
(0,0,0)
(0,0,0)
(0,0,0)
(0,0,0)
(0,0,0)
(0,0,0)
(0,0,0)
(0,0,0)
(0,0,0)
(0,0,0)
(3.37665627136744e-13,-3.68349466563106e-11,4.54679827664567e-11)
(1.18545991470968e-13,-8.00002698158255e-11,4.34945390579576e-11)
(-2.65502403830189e-13,-1.33477508633907e-10,3.88205706303733e-11)
(-6.94274241174251e-13,-2.02550433994283e-10,3.08420996020789e-11)
(-8.88927530723783e-13,-2.9750277913779e-10,1.95131908803487e-11)
(-5.89333433520823e-13,-4.2756553989929e-10,4.9188816210056e-12)
(-9.06739148849324e-13,-6.00210750316553e-10,-9.1610089953596e-12)
(-6.00870928925212e-14,-8.14284605216261e-10,-1.25568268351897e-11)
(5.370995611515e-13,-1.05544229753851e-09,-8.71802189793846e-12)
(6.34926401772818e-13,-1.25934954319436e-09,-3.8898856253552e-12)
(0,0,0)
(0,0,0)
(0,0,0)
(0,0,0)
(0,0,0)
(0,0,0)
(-1.25199869894119e-13,-3.50686036027553e-11,9.41957968555542e-11)
(1.99998030760587e-14,-7.54261174460337e-11,9.03513928627307e-11)
(-2.91321570555889e-13,-1.25680724224307e-10,8.14018287125062e-11)
(-1.44300614044895e-12,-1.91725205047406e-10,6.5788191549618e-11)
(-2.67525655550267e-12,-2.84669775080796e-10,4.18238070298488e-11)
(-2.40130163316743e-12,-4.16640519154509e-10,7.37223600419506e-12)
(-2.55165359480862e-12,-6.01287499404385e-10,-2.98541431690793e-11)
(1.75758875388752e-12,-8.22203884703705e-10,-3.23248224913681e-11)
(2.8411237281416e-12,-1.06356755689717e-09,-1.9566977844733e-11)
(3.09727885840229e-12,-1.26635799073806e-09,-8.13985290788346e-12)
(0,0,0)
(0,0,0)
(0,0,0)
(0,0,0)
(0,0,0)
(0,0,0)
(-6.11116764342752e-13,-3.17523487206976e-11,1.50928230378504e-10)
(-3.40073710874601e-13,-6.69549742825518e-11,1.45336960178258e-10)
(-8.93183189346135e-13,-1.10733806003955e-10,1.33107677458786e-10)
(-3.13060551242061e-12,-1.6946656982871e-10,1.11448862998947e-10)
(-6.25691366318341e-12,-2.54613835332654e-10,7.42299481073271e-11)
(-8.40841554729139e-12,-3.8794207956229e-10,1.01189349489454e-11)
(-1.45082071686917e-11,-6.12105029206336e-10,-8.6133425516617e-11)
(4.3907493769862e-12,-8.4611038132405e-10,-6.71202067707782e-11)
(5.35093303237988e-12,-1.0824861248359e-09,-3.02625592727216e-11)
(3.6616147397205e-12,-1.28047140170501e-09,-9.58842865972539e-12)
(0,0,0)
(0,0,0)
(0,0,0)
(0,0,0)
(0,0,0)
(0,0,0)
(-8.53333954647981e-13,-2.66076802110623e-11,2.21520055462791e-10)
(-2.08553607892642e-12,-5.5185595562681e-11,2.15564402121744e-10)
(-4.75337932825165e-12,-8.97421310482133e-11,2.01808016803924e-10)
(-8.61081356665339e-12,-1.34993430410418e-10,1.76325300806085e-10)
(-1.66575022267369e-11,-1.9910003430158e-10,1.29203317168165e-10)
(-3.19408515922587e-11,-3.14524549224363e-10,3.10621732971566e-11)
(-9.25899625640048e-11,-6.71459641726791e-10,-2.44329781945244e-10)
(7.14187291535176e-12,-9.12075208574188e-10,-1.00703834956043e-10)
(9.75346342209087e-12,-1.11704335308642e-09,-2.20387631364905e-11)
(5.19074314873204e-12,-1.29810802889456e-09,6.25275554316538e-13)
(0,0,0)
(0,0,0)
(0,0,0)
(0,0,0)
(0,0,0)
(0,0,0)
(-2.03794594752139e-12,-2.05638242479408e-11,3.1293770232606e-10)
(-5.02685959446809e-12,-4.14798058849389e-11,3.07486116908608e-10)
(-9.97841789877872e-12,-6.48364103942939e-11,2.94468827729316e-10)
(-1.76828824160672e-11,-9.11931058876976e-11,2.70682799911882e-10)
(-3.64367005567641e-11,-1.15818050183145e-10,2.28038209167116e-10)
(-8.91520745393402e-11,-1.09351826378842e-10,1.48850331325561e-10)
(8.7077191918194e-11,-1.27598666210001e-09,-1.79846993472837e-17)
(3.41369091742189e-11,-1.07669022396609e-09,8.39430823364127e-11)
(1.23379564036808e-11,-1.16239069608702e-09,6.55319756922836e-11)
(3.27114761942465e-12,-1.30609633823262e-09,3.84697610510209e-11)
(0,0,0)
(0,0,0)
(0,0,0)
(0,0,0)
(0,0,0)
(0,0,0)
(-3.19407575866063e-12,-1.4677853465598e-11,4.33991068285351e-10)
(-7.11987613003495e-12,-2.81461256742431e-11,4.29628418571994e-10)
(-1.33726799171694e-11,-4.05097975051491e-11,4.19926817158492e-10)
(-2.33901814468128e-11,-4.89470257243517e-11,4.03377406934232e-10)
(-4.37822112199092e-11,-4.30545717683629e-11,3.74206041528698e-10)
(-1.019623914365e-10,-3.41277508529955e-12,3.06636828597417e-10)
(2.76013966934232e-11,-1.27285252405646e-09,-2.27543921870531e-16)
(1.77490354229821e-11,-1.0967858995104e-09,2.55506376378505e-10)
(1.76642319741444e-12,-1.146882221002e-09,1.83022015401237e-10)
(-4.79725464004274e-12,-1.27194532726974e-09,9.51615144895051e-11)
(0,0,0)
(0,0,0)
(0,0,0)
(0,0,0)
(0,0,0)
(0,0,0)
(-3.06824392584217e-12,-9.68594787079016e-12,5.9033041303011e-10)
(-7.88870203131929e-12,-1.74219990686366e-11,5.87747345766828e-10)
(-1.52745893824125e-11,-2.11048024781901e-11,5.83232187653047e-10)
(-2.26078575228153e-11,-1.27364623492739e-11,5.8022556942081e-10)
(-1.55407595579371e-11,4.43819491778127e-11,5.96316949805295e-10)
(1.20609448531682e-10,3.34174265559691e-10,7.32870870133341e-10)
(-3.90385300232863e-11,-1.50075773016544e-09,1.60936699302845e-09)
(-1.61367116156889e-11,-1.06727871221425e-09,6.85910404166592e-10)
(-1.45807980468148e-11,-1.06497312293689e-09,3.70576661632283e-10)
(-1.49693008832574e-11,-1.1768008896904e-09,1.74056573265309e-10)
(0,0,0)
(0,0,0)
(0,0,0)
(0,0,0)
(0,0,0)
(0,0,0)
(-3.18771476917941e-12,-5.98066176503846e-12,7.88788232084215e-10)
(-7.94437187247358e-12,-1.09018154147759e-11,7.87670651186239e-10)
(-1.59676519717066e-11,-1.26246156940709e-11,7.86017271611836e-10)
(-2.40733554038669e-11,-9.28138598378145e-12,7.87476767761832e-10)
(-2.66844165765137e-11,-4.11305779817002e-13,8.04326901420436e-10)
(-1.1215310982367e-11,-3.02000627085905e-11,8.70437900299449e-10)
(-2.82044520129957e-11,-6.16339706938542e-10,1.01953635726108e-09)
(-2.47143927284062e-11,-7.44289904308232e-10,7.47995443167931e-10)
(-2.30011148832116e-11,-8.63072419910256e-10,4.88681566713987e-10)
(-2.15230744812487e-11,-9.98667789594536e-10,2.46500787732137e-10)
(0,0,0)
(0,0,0)
(0,0,0)
(0,0,0)
(0,0,0)
(0,0,0)
(-3.04762348135038e-12,-3.65116601582077e-12,1.0222575889867e-09)
(-7.41722408207641e-12,-7.28356563109157e-12,1.02103645186781e-09)
(-1.56369626925369e-11,-9.97020992950578e-12,1.01862413456929e-09)
(-2.41150064803677e-11,-1.4581904303072e-11,1.01698096804469e-09)
(-2.92150140800801e-11,-3.25888249303095e-11,1.01900953151974e-09)
(-2.9591988878207e-11,-1.02317960658988e-10,1.02503742794677e-09)
(-3.00452348115065e-11,-3.29545306041043e-10,1.01029669710715e-09)
(-2.90148601309242e-11,-4.76977823726308e-10,8.43978333397754e-10)
(-2.77258929142639e-11,-6.15371067953935e-10,6.11082583025065e-10)
(-2.54932977303419e-11,-7.4768247128252e-10,3.27856149203853e-10)
(0,0,0)
(0,0,0)
(0,0,0)
(0,0,0)
(0,0,0)
(0,0,0)
(-3.4759384332172e-12,-1.56769965128675e-12,1.22478282269647e-09)
(-7.69869791274431e-12,-3.53040958479134e-12,1.22329072707837e-09)
(-1.55971161433156e-11,-5.90725475195025e-12,1.22012342252759e-09)
(-2.40796891859355e-11,-1.10689277363503e-11,1.21518416240171e-09)
(-2.96616042442394e-11,-2.67366349840268e-11,1.20629230656543e-09)
(-3.18784902127333e-11,-6.80568280867986e-11,1.18416042883675e-09)
(-3.09087438667154e-11,-1.55653732434589e-10,1.12313413926839e-09)
(-3.01717790283684e-11,-2.39026281705136e-10,9.71731316185404e-10)
(-2.92279752743457e-11,-3.2816021381607e-10,7.36506768585307e-10)
(-2.75744734061388e-11,-4.1575569897001e-10,4.11905493966118e-10)
(0,0,0)
(0,0,0)
(0,0,0)
(0,0,0)
(0,0,0)
(0,0,0)
(0,0,0)
(0,0,0)
(0,0,0)
(0,0,0)
(0,0,0)
(0,0,0)
(0,0,0)
(0,0,0)
(0,0,0)
(0,0,0)
(0,0,0)
(0,0,0)
(0,0,0)
(0,0,0)
(0,0,0)
(0,0,0)
(0,0,0)
(0,0,0)
(0,0,0)
(0,0,0)
(0,0,0)
(0,0,0)
(0,0,0)
(0,0,0)
(0,0,0)
(0,0,0)
(0,0,0)
(0,0,0)
(0,0,0)
(0,0,0)
(0,0,0)
(0,0,0)
(0,0,0)
(0,0,0)
(0,0,0)
(0,0,0)
(0,0,0)
(0,0,0)
(0,0,0)
(0,0,0)
(0,0,0)
(0,0,0)
(0,0,0)
(0,0,0)
(0,0,0)
(0,0,0)
(0,0,0)
(0,0,0)
(0,0,0)
(0,0,0)
(0,0,0)
(0,0,0)
(0,0,0)
(0,0,0)
(0,0,0)
(0,0,0)
(0,0,0)
(0,0,0)
(0,0,0)
(0,0,0)
(0,0,0)
(0,0,0)
(0,0,0)
(0,0,0)
(0,0,0)
(0,0,0)
(0,0,0)
(0,0,0)
(0,0,0)
(0,0,0)
(0,0,0)
(0,0,0)
(0,0,0)
(0,0,0)
(0,0,0)
(0,0,0)
(0,0,0)
(0,0,0)
(0,0,0)
(0,0,0)
(0,0,0)
(0,0,0)
(0,0,0)
(0,0,0)
(0,0,0)
(0,0,0)
(0,0,0)
(0,0,0)
(0,0,0)
(0,0,0)
(0,0,0)
(0,0,0)
(0,0,0)
(0,0,0)
(0,0,0)
(0,0,0)
(5.4476628210654e-13,-4.10614528188493e-11,5.08090253754116e-11)
(2.18362049270645e-13,-8.70909729330293e-11,4.83588650175966e-11)
(-8.38157851202684e-14,-1.42593097949351e-10,4.32168384104012e-11)
(-1.90594466318949e-13,-2.11638755637512e-10,3.42154783072873e-11)
(8.72377671613672e-13,-3.01943930264827e-10,2.07447908348695e-11)
(2.56553643808103e-12,-4.20115638034992e-10,2.73429014717274e-12)
(3.56582777880748e-12,-5.66829708891659e-10,-1.60689720046548e-11)
(4.02038745729922e-12,-7.27165426056035e-10,-2.0248549602831e-11)
(3.83422264726437e-12,-8.78944854076997e-10,-1.42584697046204e-11)
(3.75348832045847e-12,-9.82469898215989e-10,-6.58179781602162e-12)
(0,0,0)
(0,0,0)
(0,0,0)
(0,0,0)
(0,0,0)
(0,0,0)
(4.02949240912963e-13,-3.87345441145363e-11,1.04071545316458e-10)
(4.98420789782233e-13,-8.19522942863445e-11,9.97751382529389e-11)
(3.75397372015084e-13,-1.33768357887557e-10,8.98129352518903e-11)
(2.62743160596723e-13,-1.98803099785533e-10,7.21918334645063e-11)
(1.72037472203956e-12,-2.85273237179605e-10,4.37165562001163e-11)
(6.12663794791488e-12,-4.03591400219811e-10,-2.21505882248013e-13)
(1.0736555529447e-11,-5.66335851298324e-10,-5.66583915412963e-11)
(1.29062407275049e-11,-7.36348355290485e-10,-5.78411506978813e-11)
(1.03325667300696e-11,-8.88905638305766e-10,-3.39742297823845e-11)
(9.07083691738908e-12,-9.90977728258233e-10,-1.40311143492447e-11)
(0,0,0)
(0,0,0)
(0,0,0)
(0,0,0)
(0,0,0)
(0,0,0)
(-1.64515073761825e-13,-3.46772020156067e-11,1.63817507253336e-10)
(1.19830288756726e-13,-7.21203555431238e-11,1.58094827819555e-10)
(-2.26043685239717e-13,-1.16638523982541e-10,1.44431714850023e-10)
(-3.84830039136127e-13,-1.71871346866585e-10,1.1956733745663e-10)
(2.34029846408492e-12,-2.44289205874905e-10,7.58817146429488e-11)
(1.44264145804247e-11,-3.52016457116907e-10,-5.03334567188757e-12)
(2.58331866059607e-11,-5.75207276283349e-10,-1.85460589668073e-10)
(3.34979291290483e-11,-7.66856980982595e-10,-1.4837323450643e-10)
(1.9234030669883e-11,-9.13094097941289e-10,-6.45860280717346e-11)
(1.17098132696583e-11,-1.00821665586339e-09,-2.12273470903138e-11)
(0,0,0)
(0,0,0)
(0,0,0)
(0,0,0)
(0,0,0)
(0,0,0)
(-9.41536576749753e-13,-2.88350071768194e-11,2.36203828324925e-10)
(-2.03494043881642e-12,-5.85339059615658e-11,2.29948278102699e-10)
(-4.17638398432738e-12,-9.27152367202805e-11,2.14560068245e-10)
(-5.28915445143919e-12,-1.3077247459273e-10,1.85636533040399e-10)
(-1.79834247420757e-12,-1.6789482961217e-10,1.36387728382886e-10)
(3.82783808045637e-11,-1.78706883475358e-10,6.16649763645965e-11)
(3.68311110820021e-10,-6.46159666002835e-10,6.80689672011589e-17)
(9.30918164877641e-11,-8.64207586508927e-10,-3.71952544770745e-10)
(3.24367677318142e-11,-9.62087482748185e-10,-9.09398354679822e-11)
(1.38043280410048e-11,-1.03252718512269e-09,-1.79435244709326e-11)
(0,0,0)
(0,0,0)
(0,0,0)
(0,0,0)
(0,0,0)
(0,0,0)
(-2.47233131241935e-12,-2.21260700321762e-11,3.25446331097823e-10)
(-5.34325062587416e-12,-4.31619860833432e-11,3.19083454537545e-10)
(-1.05190029704734e-11,-6.49466552976771e-11,3.03581954382853e-10)
(-1.72843718346799e-11,-8.46174156899284e-11,2.74230635240633e-10)
(-3.00123011299759e-11,-9.67670057757025e-11,2.22153213826502e-10)
(-4.62407765225543e-11,-9.41210791968457e-11,1.3354833921881e-10)
(-4.6446469319587e-17,2.81596497022733e-16,-1.14148677914419e-17)
(7.26436913626287e-11,-1.16141209547699e-09,2.31709453711567e-17)
(2.38916959599289e-11,-1.03788655569107e-09,2.32964112676096e-11)
(7.58989770763422e-12,-1.05079297250383e-09,2.35578616749418e-11)
(0,0,0)
(0,0,0)
(0,0,0)
(0,0,0)
(0,0,0)
(0,0,0)
(-3.82333164011496e-12,-1.53177599625692e-11,4.34674970590177e-10)
(-8.14240132213476e-12,-2.82186784275803e-11,4.28875873799705e-10)
(-1.62282647198807e-11,-3.7753047035828e-11,4.15543979362292e-10)
(-3.04293794163383e-11,-3.86398715979263e-11,3.90963484735925e-10)
(-6.36495192348453e-11,-2.3239825261554e-11,3.43002816477989e-10)
(-1.32912375940047e-10,1.02499036038357e-11,2.38728475461523e-10)
(-1.12002186877991e-18,2.1313087899933e-16,-2.08862885421934e-17)
(6.07262091039965e-11,-1.12469098261896e-09,-1.03907022220036e-16)
(7.71782604410854e-12,-1.02223645343082e-09,1.26241670045372e-10)
(-4.78017773006447e-12,-1.02082423487443e-09,7.94259685798067e-11)
(0,0,0)
(0,0,0)
(0,0,0)
(0,0,0)
(0,0,0)
(0,0,0)
(-4.19046276830145e-12,-9.09268426986979e-12,5.63084990112071e-10)
(-9.89372757140337e-12,-1.56312844823381e-11,5.59141646363807e-10)
(-2.07481579342797e-11,-1.54254987735932e-11,5.50744053688626e-10)
(-4.21543142728087e-11,1.54615500151235e-12,5.37479667662421e-10)
(-1.07301424928408e-10,5.64282541293115e-11,5.13614028795964e-10)
(-3.91512346095234e-10,1.78818177576422e-10,4.39422096699614e-10)
(3.56117068101633e-17,2.93277640033835e-16,-3.62245919467375e-16)
(-2.37917769873621e-11,-1.18891778703674e-09,7.526639079824e-10)
(-1.99614127064196e-11,-9.55600351889746e-10,3.62953836401819e-10)
(-1.90458277138271e-11,-9.32429347064949e-10,1.62371568020221e-10)
(0,0,0)
(0,0,0)
(0,0,0)
(0,0,0)
(0,0,0)
(0,0,0)
(-4.39962962047598e-12,-4.74014549137306e-12,7.05743335604487e-10)
(-9.90924208170077e-12,-7.83681063371134e-12,7.03743655771219e-10)
(-2.00815538862782e-11,-4.16201189812292e-12,7.00353092873924e-10)
(-3.56229707431462e-11,1.75454565094182e-11,6.9916873183768e-10)
(-6.06178963050792e-11,9.12419491452108e-11,7.1362691908865e-10)
(-8.8195869993528e-11,3.63663126829469e-10,7.99467830420795e-10)
(-4.34579388172654e-11,-7.52663954391598e-10,1.22155195645451e-09)
(-3.27125968565014e-11,-7.48127422932162e-10,7.57853736811322e-10)
(-2.85216878577513e-11,-7.37823066940664e-10,4.50994297488896e-10)
(-2.60076050610854e-11,-7.61922734551663e-10,2.1587642423205e-10)
(0,0,0)
(0,0,0)
(0,0,0)
(0,0,0)
(0,0,0)
(0,0,0)
(-3.90995272692897e-12,-2.45133517030028e-12,8.48018017457143e-10)
(-8.7580628299616e-12,-4.50645701408442e-12,8.46575224603574e-10)
(-1.80567513453935e-11,-3.61796649821277e-12,8.44413862488074e-10)
(-2.96565465222073e-11,2.2205739855273e-12,8.43547196215708e-10)
(-4.10951004533601e-11,9.25552215435132e-12,8.494554995462e-10)
(-4.91123906107714e-11,-1.42265714240641e-11,8.72942953733938e-10)
(-3.76184447085834e-11,-3.2351400218368e-10,9.12056468636428e-10)
(-3.40706517793563e-11,-4.35411367284991e-10,7.25050788026942e-10)
(-3.17103132309229e-11,-4.96384348106402e-10,4.96671673609189e-10)
(-2.95639208389678e-11,-5.41193639633233e-10,2.54320812616426e-10)
(0,0,0)
(0,0,0)
(0,0,0)
(0,0,0)
(0,0,0)
(0,0,0)
(-3.55154246639956e-12,-8.00524236421577e-13,9.47735155895788e-10)
(-8.06180294675521e-12,-1.95224749776615e-12,9.46662064209099e-10)
(-1.65651107693881e-11,-2.91793232034758e-12,9.45039915354031e-10)
(-2.62567610860081e-11,-4.04676527729191e-12,9.41881939645194e-10)
(-3.42663614995822e-11,-1.19793870392051e-11,9.36730355695927e-10)
(-3.89090287311802e-11,-4.42895679025611e-11,9.24283840907391e-10)
(-3.51596532183125e-11,-1.40701955031874e-10,8.81384159013974e-10)
(-3.39735131334048e-11,-2.06070156609156e-10,7.39998584211604e-10)
(-3.2786914471221e-11,-2.52074840160024e-10,5.34519170922108e-10)
(-3.14246784100495e-11,-2.84449083812684e-10,2.83369950270183e-10)
(0,0,0)
(0,0,0)
(0,0,0)
(0,0,0)
(0,0,0)
(0,0,0)
(0,0,0)
(0,0,0)
(0,0,0)
(0,0,0)
(0,0,0)
(0,0,0)
(0,0,0)
(0,0,0)
(0,0,0)
(0,0,0)
(0,0,0)
(0,0,0)
(0,0,0)
(0,0,0)
(0,0,0)
(0,0,0)
(0,0,0)
(0,0,0)
(0,0,0)
(0,0,0)
(0,0,0)
(0,0,0)
(0,0,0)
(0,0,0)
(0,0,0)
(0,0,0)
(0,0,0)
(0,0,0)
(0,0,0)
(0,0,0)
(0,0,0)
(0,0,0)
(0,0,0)
(0,0,0)
(0,0,0)
(0,0,0)
(0,0,0)
(0,0,0)
(0,0,0)
(0,0,0)
(0,0,0)
(0,0,0)
(0,0,0)
(0,0,0)
(0,0,0)
(0,0,0)
(0,0,0)
(0,0,0)
(0,0,0)
(0,0,0)
(0,0,0)
(0,0,0)
(0,0,0)
(0,0,0)
(0,0,0)
(0,0,0)
(0,0,0)
(0,0,0)
(0,0,0)
(0,0,0)
(0,0,0)
(0,0,0)
(0,0,0)
(0,0,0)
(0,0,0)
(0,0,0)
(0,0,0)
(0,0,0)
(0,0,0)
(0,0,0)
(0,0,0)
(0,0,0)
(0,0,0)
(0,0,0)
(0,0,0)
(0,0,0)
(0,0,0)
(0,0,0)
(0,0,0)
(0,0,0)
(0,0,0)
(0,0,0)
(0,0,0)
(0,0,0)
(0,0,0)
(0,0,0)
(0,0,0)
(0,0,0)
(0,0,0)
(0,0,0)
(0,0,0)
(0,0,0)
(0,0,0)
(0,0,0)
(0,0,0)
(0,0,0)
(6.68017935609105e-13,-4.33892649004543e-11,5.42176660725489e-11)
(2.21710009787309e-13,-9.029418782478e-11,5.17716166924919e-11)
(9.2804256181241e-14,-1.45070067820394e-10,4.67054961422816e-11)
(4.44437154133657e-13,-2.11734766738611e-10,3.75897161782799e-11)
(2.21218527408746e-12,-2.93856525062416e-10,2.36330866728565e-11)
(4.84456077470792e-12,-3.95462919374109e-10,5.13466381808227e-12)
(7.25154778371501e-12,-5.15322102071358e-10,-1.44681487486276e-11)
(7.21323679345222e-12,-6.36518986251982e-10,-1.99456104349983e-11)
(6.11833498745404e-12,-7.38937081113031e-10,-1.45457241663128e-11)
(5.67952054662852e-12,-8.01136786823744e-10,-7.03269071613807e-12)
(0,0,0)
(0,0,0)
(0,0,0)
(0,0,0)
(0,0,0)
(0,0,0)
(6.42014205515568e-13,-4.06824458664675e-11,1.09492133193589e-10)
(6.28685047597725e-13,-8.51454652455498e-11,1.05156750406582e-10)
(8.66665254390914e-13,-1.36177985269155e-10,9.5276517634172e-11)
(1.80626750603039e-12,-1.9827445803133e-10,7.73713769904069e-11)
(4.67440549969517e-12,-2.75521662772157e-10,4.83634492681118e-11)
(1.0988580504064e-11,-3.75856921402858e-10,4.31338344681062e-12)
(2.07907396710071e-11,-5.09916664705444e-10,-5.29230514088461e-11)
(1.95479455041724e-11,-6.41635805978891e-10,-5.77806456569108e-11)
(1.45779109323768e-11,-7.45963623902226e-10,-3.50093573564974e-11)
(1.22786501732718e-11,-8.07554043623714e-10,-1.4758669742923e-11)
(0,0,0)
(0,0,0)
(0,0,0)
(0,0,0)
(0,0,0)
(0,0,0)
(-2.84030478761094e-13,-3.5869439664577e-11,1.69690254975489e-10)
(1.96493676746436e-13,-7.48173606984115e-11,1.64211735024102e-10)
(7.15046445882987e-13,-1.18305317301214e-10,1.50735717656755e-10)
(2.20192050068557e-12,-1.69715635060952e-10,1.25683852954389e-10)
(6.86098251616445e-12,-2.3150626197289e-10,8.20809418022359e-11)
(2.15440849350424e-11,-3.17665301060952e-10,3.47536745748323e-12)
(5.96982211638078e-11,-5.0291262045577e-10,-1.69111283696124e-10)
(4.70613282206208e-11,-6.61410122123146e-10,-1.4714267306049e-10)
(2.48687344953012e-11,-7.64256455416015e-10,-6.67595143369336e-11)
(1.47929954384086e-11,-8.20852224817996e-10,-2.24566864933114e-11)
(0,0,0)
(0,0,0)
(0,0,0)
(0,0,0)
(0,0,0)
(0,0,0)
(-1.39492349913057e-12,-2.98386768930739e-11,2.40547902071097e-10)
(-2.01865045934662e-12,-6.08117747077837e-11,2.34144572835071e-10)
(-3.02143020229603e-12,-9.373314122796e-11,2.18835124938385e-10)
(-2.19540869673855e-12,-1.27636518294378e-10,1.9010745989539e-10)
(1.79658570765306e-12,-1.54330945189218e-10,1.42467569442246e-10)
(1.53574848216637e-11,-1.44892156119393e-10,7.36059474889497e-11)
(9.41037760604029e-11,-5.2038243458724e-10,3.86935225331333e-17)
(1.0928361615306e-10,-7.31841338103998e-10,-3.56885645222603e-10)
(3.52395296776879e-11,-8.02598677096552e-10,-9.36730769862161e-11)
(1.41265909512726e-11,-8.39951741100391e-10,-1.99858133296131e-11)
(0,0,0)
(0,0,0)
(0,0,0)
(0,0,0)
(0,0,0)
(0,0,0)
(-2.91776482177095e-12,-2.32994477373902e-11,3.24023248265859e-10)
(-4.7850581269254e-12,-4.56645656543404e-11,3.16847565602617e-10)
(-8.36129209010662e-12,-6.68078195513825e-11,3.00579218021051e-10)
(-1.11844945125328e-11,-8.43171415183769e-11,2.69781451666864e-10)
(-1.49346070364871e-11,-9.36248404707457e-11,2.16603483387201e-10)
(-1.70634086895496e-11,-9.08836658614127e-11,1.29205201555881e-10)
(-1.2566664458782e-17,1.42093065127467e-16,-1.06979205861976e-17)
(1.26261904079389e-11,-9.72645256879478e-10,2.68986516453086e-17)
(7.9801432923545e-12,-8.63256479019646e-10,1.71421989576348e-11)
(1.17902175317288e-12,-8.52968023744955e-10,1.93998465470229e-11)
(0,0,0)
(0,0,0)
(0,0,0)
(0,0,0)
(0,0,0)
(0,0,0)
(-4.24931054233667e-12,-1.61712782802462e-11,4.19452323041933e-10)
(-7.39790082998696e-12,-3.02340417601176e-11,4.12270928093058e-10)
(-1.39753183557068e-11,-3.98127713126197e-11,3.96828088457959e-10)
(-2.26547377579179e-11,-4.0576324115265e-11,3.68226293843161e-10)
(-3.90432576092342e-11,-2.73711602690272e-11,3.14487543372589e-10)
(-6.27521535648153e-11,-1.97891142296544e-12,2.06861768684322e-10)
(1.75395077455783e-18,8.40912336533106e-17,-1.77417285200225e-17)
(-1.28876043061911e-12,-9.32831882363747e-10,-7.66880767765902e-17)
(-1.21025740314104e-11,-8.44993271473646e-10,1.08595738885748e-10)
(-1.37490969597355e-11,-8.23861170540936e-10,6.92700162756753e-11)
(0,0,0)
(0,0,0)
(0,0,0)
(0,0,0)
(0,0,0)
(0,0,0)
(-4.59965779857944e-12,-9.3046636983171e-12,5.2246690767936e-10)
(-9.29060874479523e-12,-1.65649377401788e-11,5.16861405219187e-10)
(-1.87472587835384e-11,-1.66868003028702e-11,5.0531207743146e-10)
(-3.42879769142655e-11,-9.23972437897051e-13,4.85526606855087e-10)
(-6.79231878479509e-11,4.50719126798793e-11,4.4731268047323e-10)
(-1.36934836402793e-10,1.31741967914722e-10,3.48123231982629e-10)
(1.30526250795694e-17,1.35304243567829e-16,-1.81786373117542e-16)
(-7.4872069511386e-11,-9.91518719069422e-10,6.39654130487628e-10)
(-3.7156429273844e-11,-7.86890606618457e-10,3.14747508106559e-10)
(-2.71808722068418e-11,-7.45837712837707e-10,1.41267047690258e-10)
(0,0,0)
(0,0,0)
(0,0,0)
(0,0,0)
(0,0,0)
(0,0,0)
(-4.68876010826321e-12,-4.37858745955478e-12,6.25900213866779e-10)
(-9.84903280405101e-12,-7.63682744770299e-12,6.22589420784902e-10)
(-1.94412382499858e-11,-3.54227320925302e-12,6.16379191493132e-10)
(-3.47562754701879e-11,2.05855451540512e-11,6.10153560191649e-10)
(-6.44723806463871e-11,9.99631250867334e-11,6.14277237523794e-10)
(-1.32390297773601e-10,3.71560252315092e-10,6.7741570727994e-10)
(-8.9096713820177e-12,-6.39654171073975e-10,1.03961319023082e-09)
(-3.85692131812893e-11,-6.30662231963931e-10,6.4979594166026e-10)
(-3.48425334351038e-11,-6.01650577942718e-10,3.84176957369142e-10)
(-3.08602757475448e-11,-5.99062374839183e-10,1.82054824569891e-10)
(0,0,0)
(0,0,0)
(0,0,0)
(0,0,0)
(0,0,0)
(0,0,0)
(-4.11797080721534e-12,-1.83991684754602e-12,7.17508388489424e-10)
(-9.15091023074285e-12,-3.6474322034252e-12,7.15247693738787e-10)
(-1.789011925098e-11,-2.21636784599655e-12,7.11255761378868e-10)
(-2.92975105898734e-11,6.35636023544342e-12,7.07674183714582e-10)
(-4.33476454475418e-11,2.05491717251752e-11,7.09070725154895e-10)
(-5.81629090348066e-11,1.07797201545675e-11,7.26426916207185e-10)
(-3.34248112508733e-11,-2.71389797586744e-10,7.61238589685833e-10)
(-3.50327480374289e-11,-3.62951510214247e-10,5.99642821586187e-10)
(-3.3668960184561e-11,-3.96796587640972e-10,4.03269746155076e-10)
(-3.19876640430073e-11,-4.15006387085684e-10,2.02788387596531e-10)
(0,0,0)
(0,0,0)
(0,0,0)
(0,0,0)
(0,0,0)
(0,0,0)
(-3.27897501613173e-12,-4.53259719608789e-13,7.731326733413e-10)
(-8.39190158945369e-12,-1.34242051081725e-12,7.71403417791147e-10)
(-1.63250673808979e-11,-1.88708216349279e-12,7.68571413227718e-10)
(-2.51519424140334e-11,-1.50993264405654e-12,7.64348071747448e-10)
(-3.37992337502512e-11,-5.88807592630227e-12,7.58053543692638e-10)
(-4.02989147403258e-11,-3.14791968177761e-11,7.45584092470024e-10)
(-3.44760334478168e-11,-1.17356669420117e-10,7.08022626087844e-10)
(-3.45642564530641e-11,-1.69423124164718e-10,5.86154938065048e-10)
(-3.37125339793165e-11,-1.97362545525014e-10,4.13578733552014e-10)
(-3.25038119525771e-11,-2.12394291168372e-10,2.13866313439767e-10)
(0,0,0)
(0,0,0)
(0,0,0)
(0,0,0)
(0,0,0)
(0,0,0)
(0,0,0)
(0,0,0)
(0,0,0)
(0,0,0)
(0,0,0)
(0,0,0)
(0,0,0)
(0,0,0)
(0,0,0)
(0,0,0)
(0,0,0)
(0,0,0)
(0,0,0)
(0,0,0)
(0,0,0)
(0,0,0)
(0,0,0)
(0,0,0)
(0,0,0)
(0,0,0)
(0,0,0)
(0,0,0)
(0,0,0)
(0,0,0)
(0,0,0)
(0,0,0)
(0,0,0)
(0,0,0)
(0,0,0)
(0,0,0)
(0,0,0)
(0,0,0)
(0,0,0)
(0,0,0)
(0,0,0)
(0,0,0)
(0,0,0)
(0,0,0)
(0,0,0)
(0,0,0)
(0,0,0)
(0,0,0)
(0,0,0)
(0,0,0)
(0,0,0)
(0,0,0)
(0,0,0)
(0,0,0)
(0,0,0)
(0,0,0)
(0,0,0)
(0,0,0)
(0,0,0)
(0,0,0)
(0,0,0)
(0,0,0)
(0,0,0)
(0,0,0)
(0,0,0)
(0,0,0)
(0,0,0)
(0,0,0)
(0,0,0)
(0,0,0)
(0,0,0)
(0,0,0)
(0,0,0)
(0,0,0)
(0,0,0)
(0,0,0)
(0,0,0)
(0,0,0)
(0,0,0)
(0,0,0)
(0,0,0)
(0,0,0)
(0,0,0)
(0,0,0)
(0,0,0)
(0,0,0)
(0,0,0)
(0,0,0)
(0,0,0)
(0,0,0)
(0,0,0)
(0,0,0)
(0,0,0)
(0,0,0)
(0,0,0)
(0,0,0)
(0,0,0)
(0,0,0)
(0,0,0)
(0,0,0)
(0,0,0)
(0,0,0)
(4.07248281759537e-13,-4.42000548660893e-11,5.75541555129684e-11)
(1.39107980738261e-13,-9.1474682307662e-11,5.51264825024213e-11)
(3.16501668946482e-13,-1.45203071394111e-10,4.99564285247776e-11)
(9.40757952262322e-13,-2.08264737125218e-10,4.128492632652e-11)
(2.37574583859198e-12,-2.81359773192853e-10,2.83037738280419e-11)
(4.84137537017263e-12,-3.67705814074449e-10,1.16151997546594e-11)
(7.32357210416139e-12,-4.64551711199149e-10,-5.60770492171125e-12)
(6.93017025166188e-12,-5.57952237213284e-10,-1.16106247547998e-11)
(5.6318443265076e-12,-6.31984568492126e-10,-9.03120977007207e-12)
(5.06408663050068e-12,-6.74222169609945e-10,-4.52062365949316e-12)
(0,0,0)
(0,0,0)
(0,0,0)
(0,0,0)
(0,0,0)
(0,0,0)
(1.64390790651668e-13,-4.13477573884107e-11,1.14957847992272e-10)
(1.80813272826975e-13,-8.59671329924541e-11,1.10574311136269e-10)
(8.99137930253129e-13,-1.36331804778172e-10,1.008942775708e-10)
(2.25537225794205e-12,-1.95213638537343e-10,8.39895542813589e-11)
(4.70907052170671e-12,-2.63508486244314e-10,5.77339401610848e-11)
(1.00333950177833e-11,-3.47736854392459e-10,2.02028703991309e-11)
(1.86442896694024e-11,-4.54186592796033e-10,-2.62590218808068e-11)
(1.6550973348006e-11,-5.56700913157763e-10,-3.49236298306028e-11)
(1.26200548326683e-11,-6.34039239952236e-10,-2.23642432239588e-11)
(1.08181616244947e-11,-6.77220213626474e-10,-9.53807807271577e-12)
(0,0,0)
(0,0,0)
(0,0,0)
(0,0,0)
(0,0,0)
(0,0,0)
(-8.36273298870486e-13,-3.6272099032092e-11,1.75149519209516e-10)
(-3.33074946545089e-13,-7.55464668910435e-11,1.69500724278149e-10)
(1.1947350750041e-12,-1.18824290683707e-10,1.56420745580713e-10)
(3.72571488623292e-12,-1.68097515787791e-10,1.33147722481944e-10)
(8.29124007730204e-12,-2.23072114094262e-10,9.53087745968064e-11)
(2.13575911470503e-11,-2.93421893933589e-10,3.27233251982239e-11)
(5.51994246596354e-11,-4.29047312160609e-10,-9.35426720730351e-11)
(3.71093854779418e-11,-5.57386946988366e-10,-8.78337166592734e-11)
(1.89081283322688e-11,-6.40144792834083e-10,-4.01647674127704e-11)
(1.14358252274575e-11,-6.82390695709814e-10,-1.28710878050591e-11)
(0,0,0)
(0,0,0)
(0,0,0)
(0,0,0)
(0,0,0)
(0,0,0)
(-1.53082341879046e-12,-3.01229751199601e-11,2.42130141640999e-10)
(-1.85641161607947e-12,-6.18407826584554e-11,2.35454243486093e-10)
(-1.21908683593936e-12,-9.51644243014741e-11,2.20367131494118e-10)
(2.12510498045642e-12,-1.29084496781423e-10,1.93972767855631e-10)
(9.95210294245378e-12,-1.55489082794675e-10,1.53851689749109e-10)
(3.49549033591017e-11,-1.46539904925659e-10,1.04402600682793e-10)
(-6.93931167037781e-11,-3.65947360673557e-10,1.07882340440519e-10)
(8.68749666921399e-11,-5.69093398346108e-10,-2.0149001792884e-10)
(2.2210067944231e-11,-6.52646041359346e-10,-4.73035442303524e-11)
(7.15706026620452e-12,-6.87813460984089e-10,-6.7020503147854e-12)
(0,0,0)
(0,0,0)
(0,0,0)
(0,0,0)
(0,0,0)
(0,0,0)
(-2.87025161570977e-12,-2.33796129688219e-11,3.17450465177875e-10)
(-3.9472344395561e-12,-4.70281048784626e-11,3.10077172554967e-10)
(-4.5585739746689e-12,-6.98294061028501e-11,2.94069714681838e-10)
(-1.74734363598813e-12,-8.97379264816826e-11,2.65600675322347e-10)
(6.20999459312413e-12,-1.03138242205753e-10,2.19871510676282e-10)
(2.32370491258335e-11,-1.1432312968276e-10,1.44831872390905e-10)
(7.83859478386804e-18,1.44162325959415e-16,-3.89679212550991e-17)
(-4.43293561667709e-11,-6.20193226520284e-10,7.85582999708837e-11)
(-1.25407118430404e-11,-6.67614994506322e-10,4.5361922728257e-11)
(-8.52798490366792e-12,-6.84765073258045e-10,2.69566999289344e-11)
(0,0,0)
(0,0,0)
(0,0,0)
(0,0,0)
(0,0,0)
(0,0,0)
(-3.93453017537984e-12,-1.65239982427376e-11,3.98650129150461e-10)
(-5.62416521483324e-12,-3.2346542184727e-11,3.91161794216444e-10)
(-8.49949475069211e-12,-4.48026300467451e-11,3.76121593184708e-10)
(-8.56833896467467e-12,-5.08803509620685e-11,3.49262946947379e-10)
(-3.86055586988188e-12,-4.57052284097592e-11,3.01953866714676e-10)
(1.03887535235201e-11,-2.86832914988669e-11,2.09681715645393e-10)
(9.48728911660608e-18,9.67572520308233e-17,-5.22123690412573e-17)
(-5.11977392987683e-11,-5.91669617297598e-10,1.33857274001786e-10)
(-3.08795162765113e-11,-6.42193566325866e-10,1.24115338054839e-10)
(-2.25025383873802e-11,-6.52787281911968e-10,6.74453247786978e-11)
(0,0,0)
(0,0,0)
(0,0,0)
(0,0,0)
(0,0,0)
(0,0,0)
(-3.92023157717084e-12,-1.0222928811909e-11,4.81595480701303e-10)
(-6.66939124955287e-12,-1.95529838137602e-11,4.75435670890042e-10)
(-1.21063153007726e-11,-2.35658347511422e-11,4.63410794231145e-10)
(-1.75835681243872e-11,-1.66228292885603e-11,4.42712393099784e-10)
(-2.36249517641906e-11,1.15812345782798e-11,4.05264413942612e-10)
(-2.86297070341514e-11,6.86424823831546e-11,3.16014962522987e-10)
(7.15683801470564e-18,1.20953397277416e-16,-1.65769668775889e-16)
(-1.10821934235823e-10,-5.75831767386889e-10,4.42315191165702e-10)
(-4.89159975333154e-11,-5.84221033053997e-10,2.53084282947365e-10)
(-3.26891625151863e-11,-5.84546707157866e-10,1.18858396089722e-10)
(0,0,0)
(0,0,0)
(0,0,0)
(0,0,0)
(0,0,0)
(0,0,0)
(-3.91663763840904e-12,-5.35551096774092e-12,5.58784984364695e-10)
(-7.62819875657668e-12,-1.03755938565705e-11,5.54747841302773e-10)
(-1.45415123117322e-11,-9.92379719114078e-12,5.46849222001531e-10)
(-2.46507678837416e-11,3.55278166053603e-12,5.36001731068893e-10)
(-4.81968970409714e-11,5.22288254559533e-11,5.26546826909891e-10)
(-1.33807248563957e-10,2.16540810021429e-10,5.35708219377229e-10)
(1.26432037013431e-11,-3.85196067307666e-10,6.34503936942388e-10)
(-4.06609506398582e-11,-4.42624206287735e-10,4.80148543866079e-10)
(-3.75743909376269e-11,-4.61075075380531e-10,3.06438359146136e-10)
(-3.28614389312336e-11,-4.69004693404786e-10,1.49226717411411e-10)
(0,0,0)
(0,0,0)
(0,0,0)
(0,0,0)
(0,0,0)
(0,0,0)
(-3.24393318452572e-12,-2.50011887496734e-12,6.21162970721103e-10)
(-7.46398956346649e-12,-5.27285867026095e-12,6.18179162929644e-10)
(-1.46378272691731e-11,-5.6867744561986e-12,6.12238808989081e-10)
(-2.28277591507028e-11,-1.9805223763248e-12,6.04259598308525e-10)
(-3.42665888483359e-11,4.47806119446495e-12,5.96163601273982e-10)
(-5.07156655411214e-11,-8.4660919040745e-12,5.91568938096047e-10)
(-2.58621713179255e-11,-1.97529319685562e-10,5.82639806790524e-10)
(-3.21880586558509e-11,-2.76376491274312e-10,4.72578810920961e-10)
(-3.26216437419976e-11,-3.09423627750443e-10,3.2298364711871e-10)
(-3.18113723637276e-11,-3.23324504356119e-10,1.63152531881445e-10)
(0,0,0)
(0,0,0)
(0,0,0)
(0,0,0)
(0,0,0)
(0,0,0)
(-2.00297918558828e-12,-7.95035631632136e-13,6.55490453576027e-10)
(-6.90231753684141e-12,-2.01238854203701e-12,6.53305900392035e-10)
(-1.39888080641202e-11,-2.99812334028609e-12,6.48482430922747e-10)
(-2.03673470032802e-11,-3.87312088621374e-12,6.40936845659704e-10)
(-2.72178584539398e-11,-8.72981082196237e-12,6.29619849756698e-10)
(-3.42166451759212e-11,-2.94289055184695e-11,6.1014764202126e-10)
(-2.99650148451381e-11,-9.16990769048144e-11,5.6766645143599e-10)
(-3.14111761047467e-11,-1.32775043699935e-10,4.68420449950601e-10)
(-3.13626593921015e-11,-1.54494506332884e-10,3.2882019095595e-10)
(-3.10317896811822e-11,-1.64308618032815e-10,1.68731364830495e-10)
(0,0,0)
(0,0,0)
(0,0,0)
(0,0,0)
(0,0,0)
(0,0,0)
(0,0,0)
(0,0,0)
(0,0,0)
(0,0,0)
(0,0,0)
(0,0,0)
(0,0,0)
(0,0,0)
(0,0,0)
(0,0,0)
(0,0,0)
(0,0,0)
(0,0,0)
(0,0,0)
(0,0,0)
(0,0,0)
(0,0,0)
(0,0,0)
(0,0,0)
(0,0,0)
(0,0,0)
(0,0,0)
(0,0,0)
(0,0,0)
(0,0,0)
(0,0,0)
(0,0,0)
(0,0,0)
(0,0,0)
(0,0,0)
(0,0,0)
(0,0,0)
(0,0,0)
(0,0,0)
(0,0,0)
(0,0,0)
(0,0,0)
(0,0,0)
(0,0,0)
(0,0,0)
(0,0,0)
(0,0,0)
(0,0,0)
(0,0,0)
(0,0,0)
(0,0,0)
(0,0,0)
(0,0,0)
(0,0,0)
(0,0,0)
(0,0,0)
(0,0,0)
(0,0,0)
(0,0,0)
(0,0,0)
(0,0,0)
(0,0,0)
(0,0,0)
(0,0,0)
(0,0,0)
(0,0,0)
(0,0,0)
(0,0,0)
(0,0,0)
(0,0,0)
(0,0,0)
(0,0,0)
(0,0,0)
(0,0,0)
(0,0,0)
(0,0,0)
(0,0,0)
(0,0,0)
(0,0,0)
(0,0,0)
(0,0,0)
(0,0,0)
(0,0,0)
(0,0,0)
(0,0,0)
(0,0,0)
(0,0,0)
(0,0,0)
(0,0,0)
(0,0,0)
(0,0,0)
(0,0,0)
(0,0,0)
(0,0,0)
(0,0,0)
(0,0,0)
(0,0,0)
(0,0,0)
(0,0,0)
(0,0,0)
(0,0,0)
(-1.73761852983848e-14,-4.46668600142379e-11,5.96911800483091e-11)
(-1.98387356866114e-13,-9.22705037318101e-11,5.73279383018491e-11)
(1.16737251292637e-13,-1.43583008504892e-10,5.20659080041783e-11)
(8.70811862851525e-13,-2.01987531801383e-10,4.41765565953575e-11)
(1.21303296342459e-12,-2.68442733204495e-10,3.30388696904243e-11)
(2.09532036456313e-12,-3.43648166772114e-10,1.91206323906666e-11)
(2.96137353410734e-12,-4.24084906370448e-10,5.43876207429661e-12)
(3.0994312114745e-12,-4.97470564936026e-10,-1.15216199757851e-12)
(3.17592967598267e-12,-5.53339695969325e-10,-2.00194417287138e-12)
(3.5415069875489e-12,-5.84611170163347e-10,-1.08271823076314e-12)
(0,0,0)
(0,0,0)
(0,0,0)
(0,0,0)
(0,0,0)
(0,0,0)
(-5.27730709653963e-13,-4.23563226321014e-11,1.1923008236631e-10)
(-5.59819263136945e-13,-8.71235519797124e-11,1.14853197199796e-10)
(2.96347125238329e-13,-1.35564564880436e-10,1.05387548825087e-10)
(1.39486362866989e-12,-1.90398946306795e-10,9.02585064410135e-11)
(1.80376813361183e-12,-2.53282366298903e-10,6.84100430959562e-11)
(2.18032683883585e-12,-3.27880529876166e-10,3.93275952063373e-11)
(2.16961698376634e-12,-4.14608424101089e-10,7.70001453289655e-12)
(4.67762057200181e-12,-4.9362449684991e-10,-4.77707946957622e-12)
(5.89944256334396e-12,-5.52106428369785e-10,-4.38838307321546e-12)
(6.4505656351018e-12,-5.84307034163769e-10,-1.49237504906125e-12)
(0,0,0)
(0,0,0)
(0,0,0)
(0,0,0)
(0,0,0)
(0,0,0)
(-1.33660227964244e-12,-3.79177432583472e-11,1.79929389777667e-10)
(-9.5878048168215e-13,-7.75734194667709e-11,1.74032068938357e-10)
(8.07891791547849e-13,-1.19973905740336e-10,1.6134658776649e-10)
(2.55164376504033e-12,-1.67586855995747e-10,1.40704238980347e-10)
(3.29365817626454e-12,-2.22341688167548e-10,1.09846734620457e-10)
(7.41599410354002e-13,-2.93039781160535e-10,6.4290384118286e-11)
(-1.36094822411621e-11,-3.98035934156842e-10,4.15733995297081e-13)
(1.14688758916317e-12,-4.88844692324906e-10,-1.17449461795092e-11)
(4.11569724976761e-12,-5.51012393341095e-10,-3.89766382504835e-12)
(3.98750269662899e-12,-5.83121675676543e-10,1.03655935053558e-12)
(0,0,0)
(0,0,0)
(0,0,0)
(0,0,0)
(0,0,0)
(0,0,0)
(-1.59828741503779e-12,-3.19005802573185e-11,2.43990334343855e-10)
(-1.58197740410845e-12,-6.47923726467015e-11,2.36894978820663e-10)
(-1.59741396062667e-13,-9.90636980540651e-11,2.22127882878874e-10)
(2.89961278719887e-12,-1.35555632962655e-10,1.98608252282737e-10)
(7.05035141987888e-12,-1.74111043636222e-10,1.63911007164492e-10)
(-7.41611641528721e-13,-2.25165812024453e-10,1.09653836470688e-10)
(-1.2596826317022e-10,-3.88801856511131e-10,-1.96300528131594e-11)
(-1.62116788321862e-11,-4.89887726790274e-10,-6.27593508484738e-12)
(-3.42247282443124e-12,-5.50145305645048e-10,1.18769478594177e-11)
(-2.59337777462727e-12,-5.78622254192878e-10,1.13126039183836e-11)
(0,0,0)
(0,0,0)
(0,0,0)
(0,0,0)
(0,0,0)
(0,0,0)
(-2.35257371889014e-12,-2.51829869671403e-11,3.11238445369135e-10)
(-2.62133926017264e-12,-5.06824690673269e-11,3.03983074919464e-10)
(-1.11631067128049e-12,-7.60419151954249e-11,2.8895168331588e-10)
(5.12424549045146e-12,-9.98328651007249e-11,2.6529703328805e-10)
(2.38166190825199e-11,-1.1585196538371e-10,2.33790551575256e-10)
(8.24291223007767e-11,-9.32093543069818e-11,2.02517781428541e-10)
(-7.85582836951364e-11,-4.95939884911752e-10,2.2623788687899e-10)
(-3.96565881468718e-11,-5.08821539561009e-10,1.18913372441347e-10)
(-1.9556917224229e-11,-5.44921800370203e-10,7.27110868069872e-11)
(-1.35490763207892e-11,-5.64441124102919e-10,3.6912361492644e-11)
(0,0,0)
(0,0,0)
(0,0,0)
(0,0,0)
(0,0,0)
(0,0,0)
(-2.74726467224183e-12,-1.88576077736505e-11,3.79647884057063e-10)
(-3.37752255403079e-12,-3.69945282642725e-11,3.72565662020781e-10)
(-2.87764380896622e-12,-5.33980033463897e-11,3.58958415492817e-10)
(4.48321959451865e-12,-6.66955201421989e-11,3.38023963884938e-10)
(3.11251322113784e-11,-7.11354018889665e-11,3.10669563854776e-10)
(1.22744747499281e-10,-4.95976255965224e-11,2.88031258061075e-10)
(-1.33857340923011e-10,-4.40622864896382e-10,3.23771833838491e-10)
(-5.72936532625526e-11,-4.798833112611e-10,2.10307634603757e-10)
(-3.21820362721668e-11,-5.13287226078081e-10,1.36582007929878e-10)
(-2.32977883627774e-11,-5.28956321663445e-10,6.77711117297474e-11)
(0,0,0)
(0,0,0)
(0,0,0)
(0,0,0)
(0,0,0)
(0,0,0)
(-2.62783961004942e-12,-1.28881626180448e-11,4.47794545861199e-10)
(-3.8219045479326e-12,-2.49831099335064e-11,4.41591694858227e-10)
(-5.04995172933732e-12,-3.43961272361685e-11,4.30229502641415e-10)
(-3.11199916349147e-13,-3.91562483619979e-11,4.13632784322108e-10)
(2.49769087777908e-11,-3.19684262268628e-11,3.95192685657947e-10)
(1.39487093620208e-10,1.22166676585507e-11,3.97236113385289e-10)
(-5.71191615174113e-11,-4.28464105219356e-10,5.56299540030837e-10)
(-5.47985871166745e-11,-4.34289045185061e-10,3.45047787498156e-10)
(-3.78360683491906e-11,-4.55061679351275e-10,2.11022914615629e-10)
(-2.93727801785955e-11,-4.66849647714606e-10,1.01769305434855e-10)
(0,0,0)
(0,0,0)
(0,0,0)
(0,0,0)
(0,0,0)
(0,0,0)
(-2.73488666923098e-12,-7.54910492437264e-12,5.075262406574e-10)
(-4.83231464173125e-12,-1.53061685004489e-11,5.02953409629775e-10)
(-7.93104411397758e-12,-2.07897293225665e-11,4.9405143179051e-10)
(-9.66255968789694e-12,-2.31584464630026e-11,4.81612645521242e-10)
(-9.60752524682185e-12,-2.11494715055767e-11,4.69074614174432e-10)
(-7.59606420366103e-12,-3.45364156223535e-11,4.65573105510232e-10)
(-2.06681508444196e-11,-2.55393118154634e-10,4.80744685575162e-10)
(-3.31984809333277e-11,-3.27887002583393e-10,3.73946208682763e-10)
(-3.20141968329549e-11,-3.59617197255959e-10,2.48499336222586e-10)
(-2.93149105684557e-11,-3.73434810316482e-10,1.23750512757733e-10)
(0,0,0)
(0,0,0)
(0,0,0)
(0,0,0)
(0,0,0)
(0,0,0)
(-1.96520863635035e-12,-3.90082088952037e-12,5.51943075456297e-10)
(-4.78410575115221e-12,-8.54300456320623e-12,5.48286679243644e-10)
(-9.34726770451611e-12,-1.27007971169658e-11,5.40907132096971e-10)
(-1.28391636062731e-11,-1.72780755288019e-11,5.29719719225929e-10)
(-1.64640536539874e-11,-2.56469924798056e-11,5.15568290776134e-10)
(-2.08237206211889e-11,-5.59933744606367e-11,4.98437470564583e-10)
(-2.16314182290711e-11,-1.55025957785308e-10,4.67989889019597e-10)
(-2.61943424279759e-11,-2.1443250509376e-10,3.81009036668511e-10)
(-2.77196499222961e-11,-2.44834787210844e-10,2.63827867299079e-10)
(-2.76747268055764e-11,-2.57746178879331e-10,1.34300292561322e-10)
(0,0,0)
(0,0,0)
(0,0,0)
(0,0,0)
(0,0,0)
(0,0,0)
(-6.13461633228404e-13,-1.51285900405478e-12,5.74348029095469e-10)
(-4.09123660959066e-12,-3.69456396254781e-12,5.71843244503974e-10)
(-9.44134614136371e-12,-6.34802649846056e-12,5.65905636556809e-10)
(-1.29234719864865e-11,-1.00536876519075e-11,5.55175270720619e-10)
(-1.64754615404654e-11,-1.75044191349577e-11,5.39270960408684e-10)
(-2.11643601091262e-11,-3.63701363959021e-11,5.13998505168265e-10)
(-2.24180902645638e-11,-7.55230150133795e-11,4.68033326290436e-10)
(-2.45859608100339e-11,-1.05797827689622e-10,3.8414096014634e-10)
(-2.57683395995424e-11,-1.23631562737017e-10,2.69965967222161e-10)
(-2.66090428835187e-11,-1.31416232764711e-10,1.3856796408118e-10)
(0,0,0)
(0,0,0)
(0,0,0)
(0,0,0)
(0,0,0)
(0,0,0)
(0,0,0)
(0,0,0)
(0,0,0)
(0,0,0)
(0,0,0)
(0,0,0)
(0,0,0)
(0,0,0)
(0,0,0)
(0,0,0)
(0,0,0)
(0,0,0)
(0,0,0)
(0,0,0)
(0,0,0)
(0,0,0)
(0,0,0)
(0,0,0)
(0,0,0)
(0,0,0)
(0,0,0)
(0,0,0)
(0,0,0)
(0,0,0)
(0,0,0)
(0,0,0)
(0,0,0)
(0,0,0)
(0,0,0)
(0,0,0)
(0,0,0)
(0,0,0)
(0,0,0)
(0,0,0)
(0,0,0)
(0,0,0)
(0,0,0)
(0,0,0)
(0,0,0)
(0,0,0)
(0,0,0)
(0,0,0)
(0,0,0)
(0,0,0)
(0,0,0)
(0,0,0)
(0,0,0)
(0,0,0)
(0,0,0)
(0,0,0)
(0,0,0)
(0,0,0)
(0,0,0)
(0,0,0)
(0,0,0)
(0,0,0)
(0,0,0)
(0,0,0)
(0,0,0)
(0,0,0)
(0,0,0)
(0,0,0)
(0,0,0)
(0,0,0)
(0,0,0)
(0,0,0)
(0,0,0)
(0,0,0)
(0,0,0)
(0,0,0)
(0,0,0)
(0,0,0)
(0,0,0)
(0,0,0)
(0,0,0)
(0,0,0)
(0,0,0)
(0,0,0)
(0,0,0)
(0,0,0)
(0,0,0)
(0,0,0)
(0,0,0)
(0,0,0)
(0,0,0)
(0,0,0)
(0,0,0)
(0,0,0)
(0,0,0)
(0,0,0)
(0,0,0)
(0,0,0)
(0,0,0)
(0,0,0)
(0,0,0)
(0,0,0)
(3.53281790341948e-14,-4.64876456685829e-11,6.04839227006286e-11)
(-8.33088112875726e-14,-9.37926348758344e-11,5.82432365774622e-11)
(-1.23549643591657e-14,-1.42328733713928e-10,5.31110858013289e-11)
(4.19913273227689e-13,-1.95979394744205e-10,4.59383607394009e-11)
(-2.90966424412842e-14,-2.57654684266061e-10,3.68318566166747e-11)
(9.55378504433246e-15,-3.25319479440763e-10,2.54344977042096e-11)
(7.5815336577312e-14,-3.9464871650034e-10,1.44526882159456e-11)
(1.03145300607443e-13,-4.56327351448373e-10,7.18141818323824e-12)
(1.02343613432176e-12,-5.02314480890996e-10,3.1834592408291e-12)
(2.15465275724202e-12,-5.27676190473572e-10,1.05433147268833e-12)
(0,0,0)
(0,0,0)
(0,0,0)
(0,0,0)
(0,0,0)
(0,0,0)
(-5.89424916899664e-13,-4.41533088095557e-11,1.199756451824e-10)
(-6.44303401383632e-13,-8.87127007387789e-11,1.15597701406332e-10)
(-1.65269630760932e-13,-1.35205195157856e-10,1.0661700414519e-10)
(4.31236662680903e-13,-1.86537079108816e-10,9.32948993678261e-11)
(-5.44621081274257e-14,-2.45822609914506e-10,7.5859547842122e-11)
(-1.03284120337879e-12,-3.13804856948102e-10,5.37660965996233e-11)
(-1.92577895794466e-12,-3.86826898284709e-10,3.09159090372432e-11)
(-4.90880349374463e-13,-4.51788288413028e-10,1.60284305639832e-11)
(1.90939951049742e-12,-4.99423737527479e-10,8.33093483763835e-12)
(3.7728320988656e-12,-5.25568305180514e-10,3.9241448022379e-12)
(0,0,0)
(0,0,0)
(0,0,0)
(0,0,0)
(0,0,0)
(0,0,0)
(-1.45644444137054e-12,-3.99677712894042e-11,1.80312065726334e-10)
(-1.05434612988778e-12,-8.00006437592928e-11,1.74300739591953e-10)
(5.40032891426761e-13,-1.21861417009014e-10,1.62668634748366e-10)
(1.37792509182898e-12,-1.68534290505273e-10,1.44980224673961e-10)
(6.19364147115308e-13,-2.23136753823072e-10,1.20736523329256e-10)
(-3.25771960269219e-12,-2.9082585442731e-10,8.90158095000669e-11)
(-1.06828797121469e-11,-3.72451478705495e-10,5.25882923332455e-11)
(-5.65736029990144e-12,-4.43587888542062e-10,3.12014317168254e-11)
(-1.68561362189024e-12,-4.93617610973022e-10,1.97269395523847e-11)
(5.24640563479968e-13,-5.19818186514139e-10,1.03597725563147e-11)
(0,0,0)
(0,0,0)
(0,0,0)
(0,0,0)
(0,0,0)
(0,0,0)
(-1.22052518205359e-12,-3.44665501568094e-11,2.42208011929192e-10)
(-9.24785041681458e-13,-6.87215002825101e-11,2.35130812293955e-10)
(3.38106341468859e-13,-1.03917441878604e-10,2.21682560417654e-10)
(1.87409004351378e-12,-1.43331065357575e-10,2.01490277764433e-10)
(3.04844386115552e-12,-1.90490418846846e-10,1.73999035620853e-10)
(-3.41418007516843e-12,-2.5547855071952e-10,1.37846952184247e-10)
(-3.21843524979387e-11,-3.57280827221858e-10,8.96143435050115e-11)
(-1.54307490057204e-11,-4.34066737657354e-10,6.25128579735547e-11)
(-8.08163415829332e-12,-4.84194430948975e-10,4.33293734563672e-11)
(-5.46190394616972e-12,-5.08875257541241e-10,2.27231685028002e-11)
(0,0,0)
(0,0,0)
(0,0,0)
(0,0,0)
(0,0,0)
(0,0,0)
(-1.42258246274595e-12,-2.80244604316698e-11,3.04070771715188e-10)
(-1.277888459634e-12,-5.57561834184123e-11,2.97322779291451e-10)
(-1.05572492471967e-13,-8.37568035398949e-11,2.83963285296669e-10)
(3.49338224468819e-12,-1.14724135603578e-10,2.6393881710799e-10)
(1.03728257345226e-11,-1.51979602237893e-10,2.38503547898167e-10)
(1.5097288139892e-11,-2.0843344319596e-10,2.10387176007318e-10)
(-2.65507892729076e-11,-3.53270081749588e-10,1.84146831641657e-10)
(-2.23925308123957e-11,-4.23149273562331e-10,1.31491862969584e-10)
(-1.53927662018623e-11,-4.66751702854002e-10,8.61795546030126e-11)
(-1.21215172676443e-11,-4.88012459333961e-10,4.3187404381323e-11)
(0,0,0)
(0,0,0)
(0,0,0)
(0,0,0)
(0,0,0)
(0,0,0)
(-1.63448779154282e-12,-2.20706749611456e-11,3.64787742679643e-10)
(-1.78169435682627e-12,-4.2994553556413e-11,3.58335717853869e-10)
(-9.45068311317976e-13,-6.38108548996453e-11,3.46093069551049e-10)
(4.29834784448343e-12,-8.71383634938557e-11,3.28213542650921e-10)
(1.45964623429867e-11,-1.16422262434668e-10,3.06588277371994e-10)
(2.51898784668222e-11,-1.68915613578842e-10,2.84874705932907e-10)
(-3.25519013653499e-11,-3.18426651783729e-10,2.66162577233928e-10)
(-2.91622926648297e-11,-3.9061199571238e-10,2.01276483421316e-10)
(-2.1596686798829e-11,-4.31253210338662e-10,1.33699874805318e-10)
(-1.76333505818398e-11,-4.50246450705357e-10,6.66271408803263e-11)
(0,0,0)
(0,0,0)
(0,0,0)
(0,0,0)
(0,0,0)
(0,0,0)
(-1.76404630077158e-12,-1.62426712124887e-11,4.23952525730783e-10)
(-2.13665376417615e-12,-3.13463118814285e-11,4.17629010598137e-10)
(-2.05963132365686e-12,-4.63322643005867e-11,4.06688812728648e-10)
(2.13109684882017e-12,-6.32393965651011e-11,3.91250166632294e-10)
(1.21145263291855e-11,-8.49512679665635e-11,3.73859672818221e-10)
(2.71767502555989e-11,-1.29554250360925e-10,3.60693841587249e-10)
(-1.89383960493645e-11,-2.76421393074456e-10,3.58394515633074e-10)
(-2.71757568357097e-11,-3.40027609910246e-10,2.73139096040387e-10)
(-2.40269412637158e-11,-3.75256542679495e-10,1.80567081073928e-10)
(-2.10183121418812e-11,-3.92033920647197e-10,8.97494049829112e-11)
(0,0,0)
(0,0,0)
(0,0,0)
(0,0,0)
(0,0,0)
(0,0,0)
(-1.8103396764442e-12,-1.05480560195159e-11,4.7416834825792e-10)
(-2.69350073973169e-12,-2.14038947968102e-11,4.68719201829989e-10)
(-3.58119005027381e-12,-3.21034221432882e-11,4.59015761404011e-10)
(-3.00489927529956e-12,-4.49042709008278e-11,4.45267972566171e-10)
(-1.60849560840713e-12,-6.37018209484946e-11,4.28581068398156e-10)
(-1.31068543021521e-12,-1.04749335975555e-10,4.09915998964022e-10)
(-1.42368343214249e-11,-2.02629153255296e-10,3.83093525050887e-10)
(-2.12061059627794e-11,-2.62861103638907e-10,3.06973086538346e-10)
(-2.20477834132273e-11,-2.96943491430351e-10,2.10280028695787e-10)
(-2.12530292478702e-11,-3.12656504128419e-10,1.06591372758287e-10)
(0,0,0)
(0,0,0)
(0,0,0)
(0,0,0)
(0,0,0)
(0,0,0)
(-6.96774309170534e-13,-5.99687286116809e-12,5.08758568839803e-10)
(-2.25299920511663e-12,-1.33263917240878e-11,5.04681931133934e-10)
(-4.51262545198161e-12,-2.07772769081425e-11,4.96132436826362e-10)
(-5.91212303337102e-12,-3.05282120486518e-11,4.82801736664856e-10)
(-7.47580678730479e-12,-4.63718440734831e-11,4.64347017298881e-10)
(-9.99937714094888e-12,-7.78202263426888e-11,4.38378482720638e-10)
(-1.41535086498714e-11,-1.33792805601551e-10,3.96702168855766e-10)
(-1.76478504626941e-11,-1.7737921627661e-10,3.22658654249415e-10)
(-1.9395299658345e-11,-2.04390172159109e-10,2.25552397356524e-10)
(-1.97043803588757e-11,-2.16503816402191e-10,1.15636565890996e-10)
(0,0,0)
(0,0,0)
(0,0,0)
(0,0,0)
(0,0,0)
(0,0,0)
(3.78463954211941e-13,-2.51798577674253e-12,5.25234319246917e-10)
(-1.84819262497332e-12,-6.24531627554504e-12,5.2276183690866e-10)
(-5.05900680363424e-12,-1.03903923619565e-11,5.15580667623714e-10)
(-7.07284932645733e-12,-1.59479695561058e-11,5.02386719497981e-10)
(-8.70742543500531e-12,-2.51736941492886e-11,4.82590365282866e-10)
(-1.15693176271986e-11,-4.19271578360156e-11,4.52429237199527e-10)
(-1.40487391338561e-11,-6.71942004860572e-11,4.03993449870724e-10)
(-1.62087955754726e-11,-8.9386467640298e-11,3.29507093610548e-10)
(-1.80018991955894e-11,-1.04144967779172e-10,2.32097429324928e-10)
(-1.94573115670631e-11,-1.10521671426441e-10,1.19440705240001e-10)
(0,0,0)
(0,0,0)
(0,0,0)
(0,0,0)
(0,0,0)
(0,0,0)
(0,0,0)
(0,0,0)
(0,0,0)
(0,0,0)
(0,0,0)
(0,0,0)
(0,0,0)
(0,0,0)
(0,0,0)
(0,0,0)
(0,0,0)
(0,0,0)
(0,0,0)
(0,0,0)
(0,0,0)
(0,0,0)
(0,0,0)
(0,0,0)
(0,0,0)
(0,0,0)
(0,0,0)
(0,0,0)
(0,0,0)
(0,0,0)
(0,0,0)
(0,0,0)
(0,0,0)
(0,0,0)
(0,0,0)
(0,0,0)
(0,0,0)
(0,0,0)
(0,0,0)
(0,0,0)
(0,0,0)
(0,0,0)
(0,0,0)
(0,0,0)
(0,0,0)
(0,0,0)
(0,0,0)
(0,0,0)
(0,0,0)
(0,0,0)
(0,0,0)
(0,0,0)
(0,0,0)
(0,0,0)
(0,0,0)
(0,0,0)
(0,0,0)
(0,0,0)
(0,0,0)
(0,0,0)
(0,0,0)
(0,0,0)
(0,0,0)
(0,0,0)
(0,0,0)
(0,0,0)
(0,0,0)
(0,0,0)
(0,0,0)
(0,0,0)
(0,0,0)
(0,0,0)
(0,0,0)
(0,0,0)
(0,0,0)
(0,0,0)
(0,0,0)
(0,0,0)
(0,0,0)
(0,0,0)
(0,0,0)
(0,0,0)
(0,0,0)
(0,0,0)
(0,0,0)
(0,0,0)
(0,0,0)
(0,0,0)
(0,0,0)
(0,0,0)
(0,0,0)
(0,0,0)
(0,0,0)
(0,0,0)
(0,0,0)
(0,0,0)
(0,0,0)
(0,0,0)
(0,0,0)
(0,0,0)
(0,0,0)
(0,0,0)
(-5.83225568140545e-14,-4.75461584056001e-11,5.98705334203342e-11)
(-3.10921722137207e-14,-9.47136139762073e-11,5.76367237569039e-11)
(3.68315414935218e-14,-1.41645009051475e-10,5.30612913171387e-11)
(8.41017605880167e-14,-1.92623890443429e-10,4.67634697337289e-11)
(-4.63812081553505e-13,-2.51452815058102e-10,3.87838595193247e-11)
(-5.23259219347683e-13,-3.15187167345428e-10,2.82472022532887e-11)
(-4.74732846343954e-13,-3.78782947722021e-10,1.83069404190786e-11)
(-4.37958792315326e-13,-4.36286875935626e-10,1.09858877677135e-11)
(2.6182053894073e-13,-4.78781875368441e-10,5.65266360151523e-12)
(1.10109893687017e-12,-5.02091428352416e-10,1.97507215235271e-12)
(0,0,0)
(0,0,0)
(0,0,0)
(0,0,0)
(0,0,0)
(0,0,0)
(-3.97018660986874e-13,-4.53706712989761e-11,1.19907302985128e-10)
(-3.75663119706528e-13,-9.01692737086807e-11,1.15442147219978e-10)
(-1.86943002206449e-13,-1.35310355926587e-10,1.06881882298241e-10)
(-1.36200415203783e-13,-1.84560178468423e-10,9.47709782262008e-11)
(-6.46866957036736e-13,-2.41379969873607e-10,7.94020907067697e-11)
(-1.16165616183231e-12,-3.05770164730535e-10,6.022939719375e-11)
(-1.4137200639098e-12,-3.71936627917029e-10,4.06935541171548e-11)
(-9.93784494000105e-13,-4.31391610561726e-10,2.55151298332746e-11)
(5.10062991432735e-13,-4.74842463380343e-10,1.43942245483475e-11)
(1.94685823474064e-12,-4.99015257263197e-10,6.51596603519849e-12)
(0,0,0)
(0,0,0)
(0,0,0)
(0,0,0)
(0,0,0)
(0,0,0)
(-9.46339439565255e-13,-4.1302534194811e-11,1.79916131389636e-10)
(-7.01384763071971e-13,-8.19846719066458e-11,1.74052449546841e-10)
(2.84467835393222e-13,-1.2338639485674e-10,1.63005401377724e-10)
(4.18401288816276e-13,-1.69327491364213e-10,1.47063407780304e-10)
(-3.06256999917603e-13,-2.22854143317607e-10,1.25726913519724e-10)
(-2.17750614366175e-12,-2.87395977815788e-10,9.9499968795256e-11)
(-4.46667057934247e-12,-3.58171923697065e-10,7.12030246103431e-11)
(-3.70401902019676e-12,-4.21264489770789e-10,4.83930721638008e-11)
(-1.74162664989016e-12,-4.6645414187576e-10,3.0058074906677e-11)
(-5.85158530904329e-14,-4.90552432993261e-10,1.46887929895494e-11)
(0,0,0)
(0,0,0)
(0,0,0)
(0,0,0)
(0,0,0)
(0,0,0)
(-5.85415271945852e-13,-3.63851917915928e-11,2.40412899363937e-10)
(-4.41850029509618e-13,-7.16390085005563e-11,2.33795924371876e-10)
(3.69750656017238e-13,-1.07159933423961e-10,2.20994226299633e-10)
(7.58402433099015e-13,-1.475725958148e-10,2.02543687159169e-10)
(6.89710688801058e-13,-1.96933455593071e-10,1.78538413657699e-10)
(-2.22667891946152e-12,-2.61276539774553e-10,1.49257161361878e-10)
(-9.09361243868852e-12,-3.39828641829844e-10,1.15213331293778e-10)
(-7.1647285835824e-12,-4.06633511533868e-10,8.41889591005948e-11)
(-4.91815729966058e-12,-4.5282648660852e-10,5.59296027202829e-11)
(-3.60153365064029e-12,-4.75922155856806e-10,2.81104453663464e-11)
(0,0,0)
(0,0,0)
(0,0,0)
(0,0,0)
(0,0,0)
(0,0,0)
(-6.28375509506444e-13,-3.03536320714867e-11,3.00457061924655e-10)
(-6.80024326832158e-13,-5.9279160457822e-11,2.93920463525581e-10)
(-2.70529440735179e-14,-8.83396436275038e-11,2.80821357465985e-10)
(1.34287934478737e-12,-1.22808919880191e-10,2.62299953870663e-10)
(2.9318578221731e-12,-1.66962492608447e-10,2.39340883086891e-10)
(1.81980288840356e-12,-2.29459388625934e-10,2.11706139658198e-10)
(-8.73925056664884e-12,-3.17897882075362e-10,1.7903532950668e-10)
(-9.61750029583496e-12,-3.85538883737101e-10,1.3622165847954e-10)
(-7.8991084955062e-12,-4.29925486554261e-10,9.14769235529919e-11)
(-6.7001215149347e-12,-4.51413244141106e-10,4.58939958218312e-11)
(0,0,0)
(0,0,0)
(0,0,0)
(0,0,0)
(0,0,0)
(0,0,0)
(-1.01046671443259e-12,-2.44454091819393e-11,3.58442674363691e-10)
(-1.1872877289687e-12,-4.68600787250565e-11,3.51738759855847e-10)
(-5.44132010262999e-13,-6.98452929762706e-11,3.39223513849281e-10)
(2.02464619465019e-12,-9.85069697515873e-11,3.21906322381737e-10)
(4.83903931391887e-12,-1.36395891357611e-10,3.01112805289149e-10)
(4.54064394789347e-12,-1.94968775586007e-10,2.76107979982937e-10)
(-9.67106626197044e-12,-2.83823461614853e-10,2.4400499015684e-10)
(-1.21700698509349e-11,-3.50411649106417e-10,1.91420755998735e-10)
(-1.0520620533025e-11,-3.9224166731858e-10,1.29734812057722e-10)
(-9.21873975972379e-12,-4.12219369834211e-10,6.52140505589934e-11)
(0,0,0)
(0,0,0)
(0,0,0)
(0,0,0)
(0,0,0)
(0,0,0)
(-1.13514636111613e-12,-1.87519613885141e-11,4.12624405557134e-10)
(-1.13887297929068e-12,-3.55321204474578e-11,4.05527200298467e-10)
(-8.498273845503e-13,-5.30722335190005e-11,3.94256977097431e-10)
(1.18646499857744e-12,-7.56888064643628e-11,3.78653976365361e-10)
(4.0309105420789e-12,-1.06552026737429e-10,3.59677340516484e-10)
(4.67116182442211e-12,-1.58325141812047e-10,3.37613888360393e-10)
(-7.47521627590691e-12,-2.40910293718718e-10,3.06493615113489e-10)
(-1.17702481405916e-11,-3.00895775016352e-10,2.43337442662982e-10)
(-1.15223164218217e-11,-3.38241526352869e-10,1.65512545991452e-10)
(-1.06463236777415e-11,-3.56224059034934e-10,8.32594639839588e-11)
(0,0,0)
(0,0,0)
(0,0,0)
(0,0,0)
(0,0,0)
(0,0,0)
(-9.12376406827936e-13,-1.27899024909588e-11,4.57412336225875e-10)
(-1.06756338649835e-12,-2.54007702257026e-11,4.51032042818823e-10)
(-1.15954644758992e-12,-3.83190601714677e-11,4.4077787903984e-10)
(-6.94053959447214e-13,-5.55257056169223e-11,4.2638764215495e-10)
(-2.73403049262049e-13,-8.04576640392489e-11,4.07139279926187e-10)
(-1.41732114999595e-12,-1.22533706740786e-10,3.8177371837915e-10)
(-6.95274346260825e-12,-1.85229337544075e-10,3.4312122758762e-10)
(-9.99493548251687e-12,-2.34841126485414e-10,2.764651031343e-10)
(-1.09124467469598e-11,-2.67510760767178e-10,1.91789701502563e-10)
(-1.08143442158382e-11,-2.83610918728717e-10,9.7892476166019e-11)
(0,0,0)
(0,0,0)
(0,0,0)
(0,0,0)
(0,0,0)
(0,0,0)
(-9.90236877190997e-14,-7.32198549071877e-12,4.8761383757239e-10)
(-7.84580346086773e-13,-1.62141698332573e-11,4.83272741453775e-10)
(-1.56880983666196e-12,-2.50883697341493e-11,4.73867081629163e-10)
(-2.03764615994829e-12,-3.69713973475863e-11,4.59487467428007e-10)
(-2.70542213324162e-12,-5.53655055414851e-11,4.38946479287828e-10)
(-4.21613178274448e-12,-8.52985370992452e-11,4.09388706481869e-10)
(-6.70859915902847e-12,-1.25525956553385e-10,3.63964863042038e-10)
(-8.53434220611721e-12,-1.6016066033619e-10,2.94988462058388e-10)
(-9.72467257274335e-12,-1.845259821776e-10,2.07162271944475e-10)
(-1.00499594436247e-11,-1.96532786778532e-10,1.06701970111585e-10)
(0,0,0)
(0,0,0)
(0,0,0)
(0,0,0)
(0,0,0)
(0,0,0)
(3.3296051572442e-13,-3.07991305981543e-12,5.01631278023427e-10)
(-9.12339615575168e-13,-7.59309035473242e-12,4.98884325479337e-10)
(-2.25545103985365e-12,-1.22775653696562e-11,4.90378895509029e-10)
(-3.22446466744941e-12,-1.84680553673517e-11,4.75845879099519e-10)
(-3.71999150094479e-12,-2.85131548687852e-11,4.54153359064718e-10)
(-5.06068813442251e-12,-4.40908254421357e-11,4.21920212694988e-10)
(-6.75658335973237e-12,-6.3258154728777e-11,3.7276869911843e-10)
(-8.18559893015228e-12,-8.08688124283977e-11,3.0275396102992e-10)
(-9.49014288983754e-12,-9.37903529174519e-11,2.1369954967137e-10)
(-1.05382777535074e-11,-9.98807761105736e-11,1.10419053864081e-10)
(0,0,0)
(0,0,0)
(0,0,0)
(0,0,0)
(0,0,0)
(0,0,0)
(0,0,0)
(0,0,0)
(0,0,0)
(0,0,0)
(0,0,0)
(0,0,0)
(0,0,0)
(0,0,0)
(0,0,0)
(0,0,0)
(0,0,0)
(0,0,0)
(0,0,0)
(0,0,0)
(0,0,0)
(0,0,0)
(0,0,0)
(0,0,0)
(0,0,0)
(0,0,0)
(0,0,0)
(0,0,0)
(0,0,0)
(0,0,0)
(0,0,0)
(0,0,0)
(0,0,0)
(0,0,0)
(0,0,0)
(0,0,0)
(0,0,0)
(0,0,0)
(0,0,0)
(0,0,0)
(0,0,0)
(0,0,0)
(0,0,0)
(0,0,0)
(0,0,0)
(0,0,0)
(0,0,0)
(0,0,0)
(0,0,0)
(0,0,0)
(0,0,0)
(0,0,0)
(0,0,0)
(0,0,0)
(0,0,0)
(0,0,0)
(0,0,0)
(0,0,0)
(0,0,0)
(0,0,0)
(0,0,0)
(0,0,0)
(0,0,0)
(0,0,0)
(0,0,0)
(0,0,0)
(0,0,0)
(0,0,0)
(0,0,0)
(0,0,0)
(0,0,0)
(0,0,0)
(0,0,0)
(0,0,0)
(0,0,0)
(0,0,0)
(0,0,0)
(0,0,0)
(0,0,0)
(0,0,0)
(0,0,0)
(0,0,0)
(0,0,0)
(0,0,0)
(0,0,0)
(0,0,0)
(0,0,0)
(0,0,0)
(0,0,0)
(0,0,0)
(0,0,0)
(0,0,0)
(0,0,0)
(0,0,0)
(0,0,0)
(0,0,0)
(0,0,0)
(0,0,0)
(0,0,0)
(0,0,0)
(0,0,0)
(0,0,0)
(0,0,0)
(0,0,0)
(0,0,0)
(0,0,0)
(0,0,0)
(0,0,0)
(0,0,0)
(0,0,0)
(0,0,0)
(0,0,0)
(0,0,0)
(0,0,0)
(0,0,0)
(0,0,0)
(0,0,0)
(0,0,0)
(0,0,0)
(0,0,0)
(0,0,0)
(0,0,0)
(0,0,0)
(0,0,0)
(0,0,0)
(0,0,0)
(0,0,0)
(0,0,0)
(0,0,0)
(0,0,0)
(0,0,0)
(0,0,0)
(0,0,0)
(0,0,0)
(0,0,0)
(0,0,0)
(0,0,0)
(0,0,0)
(0,0,0)
(0,0,0)
(0,0,0)
(0,0,0)
(0,0,0)
(0,0,0)
(0,0,0)
(0,0,0)
(0,0,0)
(0,0,0)
(0,0,0)
(0,0,0)
(0,0,0)
(0,0,0)
(0,0,0)
(0,0,0)
(0,0,0)
(0,0,0)
(0,0,0)
(0,0,0)
(0,0,0)
(0,0,0)
(0,0,0)
(0,0,0)
(0,0,0)
(0,0,0)
(0,0,0)
(0,0,0)
(0,0,0)
(0,0,0)
(0,0,0)
(0,0,0)
(0,0,0)
(0,0,0)
(0,0,0)
(0,0,0)
(0,0,0)
(0,0,0)
(0,0,0)
(0,0,0)
(0,0,0)
(0,0,0)
(0,0,0)
(0,0,0)
(0,0,0)
(0,0,0)
(0,0,0)
(0,0,0)
(0,0,0)
(0,0,0)
(0,0,0)
(0,0,0)
(0,0,0)
(0,0,0)
(0,0,0)
(0,0,0)
(0,0,0)
(0,0,0)
(0,0,0)
(0,0,0)
(0,0,0)
(0,0,0)
(0,0,0)
(0,0,0)
(0,0,0)
(0,0,0)
(0,0,0)
(0,0,0)
(0,0,0)
(0,0,0)
(0,0,0)
(0,0,0)
(0,0,0)
(0,0,0)
(0,0,0)
(0,0,0)
(0,0,0)
(0,0,0)
(0,0,0)
(0,0,0)
(0,0,0)
(0,0,0)
(0,0,0)
(0,0,0)
(0,0,0)
(0,0,0)
(0,0,0)
(0,0,0)
(0,0,0)
(0,0,0)
(0,0,0)
(0,0,0)
(0,0,0)
(0,0,0)
(0,0,0)
(0,0,0)
(0,0,0)
(0,0,0)
(0,0,0)
(0,0,0)
(0,0,0)
(0,0,0)
(0,0,0)
(0,0,0)
(0,0,0)
(0,0,0)
(0,0,0)
(0,0,0)
(0,0,0)
(0,0,0)
(0,0,0)
(0,0,0)
(0,0,0)
(0,0,0)
(0,0,0)
(0,0,0)
(0,0,0)
(0,0,0)
(0,0,0)
(0,0,0)
(0,0,0)
(0,0,0)
(0,0,0)
(0,0,0)
(0,0,0)
(0,0,0)
(0,0,0)
(0,0,0)
(0,0,0)
(0,0,0)
(0,0,0)
(0,0,0)
(0,0,0)
(0,0,0)
(0,0,0)
(0,0,0)
(0,0,0)
(0,0,0)
(0,0,0)
(0,0,0)
(0,0,0)
(0,0,0)
(0,0,0)
(0,0,0)
(0,0,0)
(0,0,0)
(0,0,0)
(0,0,0)
(0,0,0)
(0,0,0)
(0,0,0)
(0,0,0)
(0,0,0)
(0,0,0)
(0,0,0)
(0,0,0)
(0,0,0)
(0,0,0)
(0,0,0)
(0,0,0)
(0,0,0)
(0,0,0)
(0,0,0)
(0,0,0)
(0,0,0)
(0,0,0)
(0,0,0)
(0,0,0)
(0,0,0)
(0,0,0)
(0,0,0)
(0,0,0)
(0,0,0)
(0,0,0)
(0,0,0)
(0,0,0)
(0,0,0)
(0,0,0)
(0,0,0)
(0,0,0)
(0,0,0)
(0,0,0)
(0,0,0)
(0,0,0)
(0,0,0)
(0,0,0)
(0,0,0)
(0,0,0)
(0,0,0)
(0,0,0)
(0,0,0)
(0,0,0)
(0,0,0)
(0,0,0)
(0,0,0)
(0,0,0)
(0,0,0)
(0,0,0)
(0,0,0)
(0,0,0)
(0,0,0)
(0,0,0)
(0,0,0)
(0,0,0)
(0,0,0)
(0,0,0)
(0,0,0)
(0,0,0)
(0,0,0)
(0,0,0)
(0,0,0)
(0,0,0)
(0,0,0)
(0,0,0)
(0,0,0)
(0,0,0)
(0,0,0)
(0,0,0)
(0,0,0)
(0,0,0)
(0,0,0)
(0,0,0)
(0,0,0)
(0,0,0)
(0,0,0)
(0,0,0)
(0,0,0)
(0,0,0)
(0,0,0)
(0,0,0)
(0,0,0)
(0,0,0)
(0,0,0)
(0,0,0)
(0,0,0)
(0,0,0)
(0,0,0)
(0,0,0)
(0,0,0)
(0,0,0)
(0,0,0)
(0,0,0)
(0,0,0)
(0,0,0)
(0,0,0)
(0,0,0)
(0,0,0)
(0,0,0)
(0,0,0)
(0,0,0)
(0,0,0)
(0,0,0)
(0,0,0)
(0,0,0)
(0,0,0)
(0,0,0)
(0,0,0)
(0,0,0)
(0,0,0)
(0,0,0)
(0,0,0)
(0,0,0)
(0,0,0)
(0,0,0)
(0,0,0)
(0,0,0)
(0,0,0)
(0,0,0)
(0,0,0)
(0,0,0)
(0,0,0)
(0,0,0)
(0,0,0)
(0,0,0)
(0,0,0)
(0,0,0)
(0,0,0)
(0,0,0)
(0,0,0)
(0,0,0)
(0,0,0)
(0,0,0)
(0,0,0)
(0,0,0)
(0,0,0)
(0,0,0)
(0,0,0)
(0,0,0)
(0,0,0)
(0,0,0)
(0,0,0)
(0,0,0)
(0,0,0)
(0,0,0)
(0,0,0)
(0,0,0)
(0,0,0)
(0,0,0)
(0,0,0)
(0,0,0)
(0,0,0)
(0,0,0)
(0,0,0)
(0,0,0)
(0,0,0)
(0,0,0)
(0,0,0)
(0,0,0)
(0,0,0)
(0,0,0)
(0,0,0)
(0,0,0)
(0,0,0)
(0,0,0)
(0,0,0)
(0,0,0)
(0,0,0)
(0,0,0)
(0,0,0)
(0,0,0)
(0,0,0)
(0,0,0)
(0,0,0)
(0,0,0)
(0,0,0)
(0,0,0)
(0,0,0)
(0,0,0)
(0,0,0)
(0,0,0)
(0,0,0)
(0,0,0)
(0,0,0)
(0,0,0)
(0,0,0)
(0,0,0)
(0,0,0)
(0,0,0)
(0,0,0)
(0,0,0)
(0,0,0)
(0,0,0)
(0,0,0)
(0,0,0)
(0,0,0)
(0,0,0)
(0,0,0)
(0,0,0)
(0,0,0)
(0,0,0)
(0,0,0)
(0,0,0)
(0,0,0)
(0,0,0)
(0,0,0)
(0,0,0)
(0,0,0)
(0,0,0)
(0,0,0)
(0,0,0)
(0,0,0)
(0,0,0)
(0,0,0)
(0,0,0)
(0,0,0)
(0,0,0)
(0,0,0)
(0,0,0)
(0,0,0)
(0,0,0)
(0,0,0)
(0,0,0)
(0,0,0)
(0,0,0)
(0,0,0)
(0,0,0)
(0,0,0)
(0,0,0)
(0,0,0)
(0,0,0)
(0,0,0)
(0,0,0)
(0,0,0)
(0,0,0)
(0,0,0)
(0,0,0)
(0,0,0)
(0,0,0)
(0,0,0)
(0,0,0)
(0,0,0)
(0,0,0)
(0,0,0)
(0,0,0)
(0,0,0)
(0,0,0)
(0,0,0)
(0,0,0)
(0,0,0)
(0,0,0)
(0,0,0)
(0,0,0)
(0,0,0)
(0,0,0)
(0,0,0)
(0,0,0)
(0,0,0)
(0,0,0)
(0,0,0)
(0,0,0)
(0,0,0)
(0,0,0)
(0,0,0)
(0,0,0)
(0,0,0)
(0,0,0)
(0,0,0)
(0,0,0)
(0,0,0)
(0,0,0)
(0,0,0)
(0,0,0)
(0,0,0)
(0,0,0)
(0,0,0)
(0,0,0)
(0,0,0)
(0,0,0)
(0,0,0)
(0,0,0)
(0,0,0)
(0,0,0)
(0,0,0)
(0,0,0)
(0,0,0)
(0,0,0)
(0,0,0)
(0,0,0)
(0,0,0)
(0,0,0)
(0,0,0)
(0,0,0)
(0,0,0)
(0,0,0)
(0,0,0)
(0,0,0)
(0,0,0)
(0,0,0)
(0,0,0)
(0,0,0)
(0,0,0)
(0,0,0)
(0,0,0)
(0,0,0)
(0,0,0)
(0,0,0)
(0,0,0)
(0,0,0)
(0,0,0)
(0,0,0)
(0,0,0)
(0,0,0)
(0,0,0)
(0,0,0)
(0,0,0)
(0,0,0)
(0,0,0)
(0,0,0)
(0,0,0)
(0,0,0)
(0,0,0)
(0,0,0)
(0,0,0)
(0,0,0)
(0,0,0)
(0,0,0)
(0,0,0)
(0,0,0)
(0,0,0)
(0,0,0)
(0,0,0)
(0,0,0)
(0,0,0)
(0,0,0)
(0,0,0)
(0,0,0)
(0,0,0)
(0,0,0)
(0,0,0)
(0,0,0)
(0,0,0)
(0,0,0)
(0,0,0)
(0,0,0)
(0,0,0)
(0,0,0)
(0,0,0)
(0,0,0)
(0,0,0)
(0,0,0)
(0,0,0)
(0,0,0)
(0,0,0)
(0,0,0)
(0,0,0)
(0,0,0)
(0,0,0)
(0,0,0)
(0,0,0)
(0,0,0)
(0,0,0)
(0,0,0)
(0,0,0)
(0,0,0)
(0,0,0)
(0,0,0)
(0,0,0)
(0,0,0)
(0,0,0)
(0,0,0)
(0,0,0)
(0,0,0)
(0,0,0)
(0,0,0)
(0,0,0)
(0,0,0)
(0,0,0)
(0,0,0)
(0,0,0)
(0,0,0)
(0,0,0)
(0,0,0)
(0,0,0)
(0,0,0)
(0,0,0)
(0,0,0)
(0,0,0)
(0,0,0)
(0,0,0)
(0,0,0)
(0,0,0)
(0,0,0)
(0,0,0)
(0,0,0)
(0,0,0)
(0,0,0)
(0,0,0)
(0,0,0)
(0,0,0)
(0,0,0)
(0,0,0)
(0,0,0)
(0,0,0)
(0,0,0)
(0,0,0)
(0,0,0)
(0,0,0)
(0,0,0)
(0,0,0)
(0,0,0)
(0,0,0)
(0,0,0)
(0,0,0)
(0,0,0)
(0,0,0)
(0,0,0)
(0,0,0)
(0,0,0)
(0,0,0)
(0,0,0)
(0,0,0)
(0,0,0)
(0,0,0)
(0,0,0)
(0,0,0)
(0,0,0)
(0,0,0)
(0,0,0)
(0,0,0)
(0,0,0)
(0,0,0)
(0,0,0)
(0,0,0)
(0,0,0)
(0,0,0)
(0,0,0)
(0,0,0)
(0,0,0)
(0,0,0)
(0,0,0)
(0,0,0)
(0,0,0)
(0,0,0)
(0,0,0)
(0,0,0)
(0,0,0)
(0,0,0)
(0,0,0)
(0,0,0)
(0,0,0)
(0,0,0)
(0,0,0)
(0,0,0)
(0,0,0)
(0,0,0)
(0,0,0)
(0,0,0)
(0,0,0)
(0,0,0)
(0,0,0)
(0,0,0)
(0,0,0)
(0,0,0)
(0,0,0)
(0,0,0)
(0,0,0)
(0,0,0)
(0,0,0)
(0,0,0)
(0,0,0)
(0,0,0)
(0,0,0)
(0,0,0)
(0,0,0)
(0,0,0)
(0,0,0)
(0,0,0)
(0,0,0)
(0,0,0)
(0,0,0)
(0,0,0)
(0,0,0)
(0,0,0)
(0,0,0)
(0,0,0)
(0,0,0)
(0,0,0)
(0,0,0)
(0,0,0)
(0,0,0)
(0,0,0)
(0,0,0)
(0,0,0)
(0,0,0)
(0,0,0)
(0,0,0)
(0,0,0)
(0,0,0)
(0,0,0)
(0,0,0)
(0,0,0)
(0,0,0)
(0,0,0)
(0,0,0)
(0,0,0)
(0,0,0)
(0,0,0)
(0,0,0)
(0,0,0)
(0,0,0)
(0,0,0)
(0,0,0)
(0,0,0)
(0,0,0)
(0,0,0)
(0,0,0)
(0,0,0)
(0,0,0)
(0,0,0)
(0,0,0)
(0,0,0)
(0,0,0)
(0,0,0)
(0,0,0)
(0,0,0)
(0,0,0)
(0,0,0)
(0,0,0)
(0,0,0)
(0,0,0)
(0,0,0)
)
;

boundaryField
{
    fuel
    {
        type            fixedValue;
        value           uniform (0.1 0 0);
    }
    air
    {
        type            fixedValue;
        value           uniform (-0.1 0 0);
    }
    outlet
    {
        type            zeroGradient;
    }
    frontAndBack
    {
        type            empty;
    }
}


// ************************************************************************* //
 